p_date,ad_id,delivery_country,queue_market,punish_num,latest_punish_begin_date,ad_revenue,avg_ad_revenue,start_time,baseline_st,product_line,task_type_en
20230807,1747578422390810 ,US,USCA,1,24/7/23,5132.17,4795.25,24/10/22 14:36,1.78,Auction Ads,auction_relation
20230807,1758543228094480 ,SA,MENA,1,14/6/23,1976.25,1063.767,22/2/23 15:50,1.67,RIE,Ad Group Recall (Merged)
20230807,1738303151826990 ,AU,AU,2,24/7/23,1.7355,5.365,14/7/22 5:00,1.84,Auction Ads,auction_relation
20230807,1738303920938010 ,NZ,NZ,2,24/7/23,,5.365,14/7/22 5:16,1.58,Auction Ads,auction_relation
20230807,1738304016410620 ,NZ,NZ,2,24/7/23,1.525,5.365,14/7/22 5:17,1.58,Auction Ads,auction_relation
20230807,1738304421208090 ,NZ,NZ,2,24/7/23,0.7889,5.365,14/7/22 5:24,1.58,Auction Ads,auction_relation
20230807,1738304605976620 ,NZ,NZ,2,24/7/23,0.8151,5.365,14/7/22 5:26,1.58,Auction Ads,auction_relation
20230807,1724385503656970 ,FI,Other,1,27/6/23,363.3607,491.045,10/2/22 14:07,1.62,RIE,Ad Group Recall (Merged)
20230807,1764813273437210 ,US,USCA,1,5/7/23,495.17,688.138,2/5/23 20:51,1.78,Auction Ads,auction_relation
20230807,1763583923607580 ,NZ,NZ,2,24/7/23,1.6763,5.365,19/4/23 6:05,1.58,Auction Ads,auction_relation
20230807,1764585402541070 ,JP,JP,16,4/7/23,517.54,23.7129,30/4/23 8:29,3.21,RIE,Ad Group Recall (Merged)
20230807,1765089254920220 ,JP,JP,16,4/7/23,530.71,23.7129,5/5/23 21:36,3.21,RIE,Ad Group Recall (Merged)
20230807,1765121170665500 ,JP,JP,16,4/7/23,0,23.7129,6/5/23 6:24,3.21,RIE,Ad Group Recall (Merged)
20230807,1763582835715070 ,MY,MY,4,24/5/23,59.08,24.8528,19/4/23 6:53,2.3,RIE,Ad Group Recall (Merged)
20230807,1763766858169370 ,MY,MY,4,24/5/23,71.45,24.8528,21/4/23 7:38,2.3,RIE,Ad Group Recall (Merged)
20230807,1767664297198600 ,JP,JP,16,4/7/23,547.4,23.7129,3/6/23 8:10,3.21,RIE,Ad Group Recall (Merged)
20230807,1767664297196540 ,JP,JP,16,4/7/23,528.14,23.7129,3/6/23 8:10,3.21,RIE,Ad Group Recall (Merged)
20230807,1767540892154930 ,US,US&CA,2,30/6/23,20.47,3.9069,2/6/23 7:01,1.81,RIE,Ad Group Recall (Merged)
20230807,1767027023555630 ,TH,TH,4,24/5/23,31.78,24.8528,27/5/23 7:20,1.87,RIE,Ad Group Recall (Merged)
20230807,1767187528079370 ,ID,ID,4,24/5/23,35.27,24.8528,29/5/23 2:01,2.05,RIE,Ad Group Recall (Merged)
20230807,1767187070801970 ,ID,ID,4,24/5/23,36.48,24.8528,29/5/23 2:01,2.05,RIE,Ad Group Recall (Merged)
20230807,1767187070787580 ,ID,ID,4,24/5/23,31.67,24.8528,29/5/23 2:01,2.05,RIE,Ad Group Recall (Merged)
20230807,1767187070795790 ,ID,ID,4,24/5/23,61.17,24.8528,29/5/23 2:01,2.05,RIE,Ad Group Recall (Merged)
20230807,1767392366439450 ,TH,TH,4,24/5/23,217.8,24.8528,31/5/23 8:04,1.87,RIE,Ad Group Recall (Merged)
20230807,1760747822381050 ,TR,TR,1,3/8/23,30.0939,59.163,18/3/23 22:44,1.63,RIE,Ad Group Recall (Merged)
20230807,1760794835125260 ,TR,TR,1,3/8/23,44.839,59.163,19/3/23 10:53,1.63,RIE,Ad Group Recall (Merged)
20230807,1767567705104400 ,VN,VN,4,24/5/23,87.85,24.8528,2/6/23 6:31,2.13,RIE,Ad Group Recall (Merged)
20230807,1760966428402700 ,ID,ID,1,3/8/23,369.29,51.9172,21/3/23 8:45,2.05,RIE,Ad Group Recall (Merged)
20230807,1768110086084620 ,MY,MY,4,24/5/23,54.56,24.8528,8/6/23 6:12,2.3,RIE,Ad Group Recall (Merged)
20230807,1768110086089740 ,MY,MY,4,24/5/23,77.86,24.8528,8/6/23 6:12,2.3,RIE,Ad Group Recall (Merged)
20230807,1763922466157560 ,SA,MENA,1,7/8/23,5.2515,6.6441,22/4/23 23:52,1.78,Auction Ads,auction_relation
20230807,1763922466156570 ,SA,MENA,1,7/8/23,4.7585,6.6441,22/4/23 23:52,1.67,RIE,Ad Group Recall (Merged)
20230807,1769057503455260 ,BR,BR,2,3/7/23,16.2075,18.7293,18/6/23 16:07,1.7,RIE,Ad Group Recall (Merged)
20230807,1752697263961130 ,HU,Others,1,26/6/23,6.37,1.2941,20/12/22 2:10,1.56,Auction Ads,auction_all
20230807,1752556244326410 ,US,US&CA,1,5/6/23,132.67,57.3465,18/12/22 12:50,1.81,RIE,Ad Group Recall (Merged)
20230807,1768634999674930 ,MY,MY,4,24/5/23,131.1,24.8528,14/6/23 1:15,2.3,RIE,Ad Group Recall (Merged)
20230807,1761058310589450 ,KW,Other,1,3/7/23,50.44,4.4465,22/3/23 9:07,1.62,RIE,Ad Group Recall (Merged)
20230807,1762431676056620 ,ZA,Other,1,4/7/23,24.9546,19.4757,6/4/23 12:55,1.62,RIE,Ad Group Recall (Merged)
20230807,1769863071097850 ,DE,DE,1,27/6/23,236.8208,491.045,27/6/23 14:34,1.6,RIE,Ad Group Recall (Merged)
20230807,1762418479993900 ,SA,MENA,1,3/7/23,23.84,4.4465,6/4/23 9:26,1.67,RIE,Ad Group Recall (Merged)
20230807,1759566736804890 ,US,US&CA,1,5/6/23,114.42,57.3465,6/3/23 10:00,1.81,RIE,Ad Group Recall (Merged)
20230807,1758504515470370 ,MY,MY,1,12/5/23,86.709,55.9894,22/2/23 4:19,2.31,Auction Ads,auction_relation
20230807,1762072797178930 ,CA,US&CA,1,26/6/23,1.98,0.9749,2/4/23 14:52,1.81,RIE,Ad Group Recall (Merged)
20230807,1762072797178930 ,US,US&CA,1,26/6/23,1.98,0.9749,2/4/23 14:52,1.81,RIE,Ad Group Recall (Merged)
20230807,1762072797178930 ,GB,GB,1,26/6/23,1.98,0.9749,2/4/23 14:52,1.72,RIE,Ad Group Recall (Merged)
20230807,1765490213706780 ,MA,MA,1,13/7/23,28.85,18.0746,10/5/23 6:59,1.51,Auction Ads,auction_relation
20230807,1767591066245170 ,TR,TR,1,3/8/23,35.8178,59.163,2/6/23 10:12,1.63,RIE,Ad Group Recall (Merged)
20230807,1769433242777640 ,AR,AR,2,5/6/23,17.3111,9.5609,22/6/23 20:35,2.23,Auction Ads,auction_all
20230807,1769433242777640 ,BY,BY,2,5/6/23,17.3111,9.5609,22/6/23 20:35,2.14,Auction Ads,auction_relation
20230807,1769433242777640 ,ID,ID,2,5/6/23,17.3111,9.5609,22/6/23 20:35,1.8,Auction Ads,auction_relation
20230807,1769433242777640 ,CL,CL,2,5/6/23,17.3111,9.5609,22/6/23 20:35,1.85,Auction Ads,auction_all
20230807,1769433242777640 ,NL,NL,2,5/6/23,17.3111,9.5609,22/6/23 20:35,1.19,Auction Ads,auction_relation
20230807,1769433242777640 ,EC,Others,2,5/6/23,17.3111,9.5609,22/6/23 20:35,1.56,Auction Ads,auction_all
20230807,1769433242777640 ,GR,GR,2,5/6/23,17.3111,9.5609,22/6/23 20:35,2.11,Auction Ads,auction_relation
20230807,1769433242777640 ,UY,Others,2,5/6/23,17.3111,9.5609,22/6/23 20:35,1.56,Auction Ads,auction_all
20230807,1769433242777640 ,MY,MY,2,5/6/23,17.3111,9.5609,22/6/23 20:35,2.31,Auction Ads,auction_relation
20230807,1769433242777640 ,HU,Others,2,5/6/23,17.3111,9.5609,22/6/23 20:35,1.56,Auction Ads,auction_all
20230807,1769433242777640 ,PL,PL,2,5/6/23,17.3111,9.5609,22/6/23 20:35,1.64,Auction Ads,auction_relation
20230807,1769433242777640 ,DK,DK,2,5/6/23,17.3111,9.5609,22/6/23 20:35,1.31,Auction Ads,auction_relation
20230807,1769433242777640 ,CH,CH,2,5/6/23,17.3111,9.5609,22/6/23 20:35,0.93,Auction Ads,auction_relation
20230807,1769433242777640 ,AT,AT,2,5/6/23,17.3111,9.5609,22/6/23 20:35,0.89,Auction Ads,auction_relation
20230807,1769433242777640 ,IL,IL,2,5/6/23,17.3111,9.5609,22/6/23 20:35,1.52,Auction Ads,auction_relation
20230807,1769433242777640 ,NZ,NZ,2,5/6/23,17.3111,9.5609,22/6/23 20:35,1.58,Auction Ads,auction_relation
20230807,1769433242777640 ,PE,PE,2,5/6/23,17.3111,9.5609,22/6/23 20:35,1.68,Auction Ads,auction_all
20230807,1769433242777640 ,FI,Others,2,5/6/23,17.3111,9.5609,22/6/23 20:35,1.56,Auction Ads,auction_all
20230807,1769433242777640 ,CO,CO,2,5/6/23,17.3111,9.5609,22/6/23 20:35,1.93,Auction Ads,auction_all
20230807,1769433242777640 ,RO,RO,2,5/6/23,17.3111,9.5609,22/6/23 20:35,1.94,Auction Ads,auction_relation
20230807,1769433242777640 ,ZA,ZA,2,5/6/23,17.3111,9.5609,22/6/23 20:35,1.4,Auction Ads,auction_relation
20230807,1769433242777640 ,MX,MX,2,5/6/23,17.3111,9.5609,22/6/23 20:35,1.99,Auction Ads,auction_all
20230807,1769433242777640 ,IE,IE,2,5/6/23,17.3111,9.5609,22/6/23 20:35,1.52,Auction Ads,auction_relation
20230807,1769433242777640 ,PT,PT,2,5/6/23,17.3111,9.5609,22/6/23 20:35,1.98,Auction Ads,auction_relation
20230807,1769433242777640 ,CZ,CZ,2,5/6/23,17.3111,9.5609,22/6/23 20:35,1.9,Auction Ads,auction_relation
20230807,1769433242777640 ,AU,AU,2,5/6/23,17.3111,9.5609,22/6/23 20:35,1.84,Auction Ads,auction_relation
20230807,1769433242777640 ,JP,JP,2,5/6/23,17.3111,9.5609,22/6/23 20:35,2.16,Auction Ads,auction_all
20230807,1769433242777640 ,BR,BR,2,5/6/23,17.3111,9.5609,22/6/23 20:35,1.99,Auction Ads,auction_all
20230807,1769433242777640 ,BE,BE,2,5/6/23,17.3111,9.5609,22/6/23 20:35,1.15,Auction Ads,auction_relation
20230807,1769433242777640 ,TH,TH,2,5/6/23,17.3111,9.5609,22/6/23 20:35,1.64,Auction Ads,auction_relation
20230807,1769433242777640 ,DE,DE,2,5/6/23,17.3111,9.5609,22/6/23 20:35,1.01,Auction Ads,auction_relation
20230807,1769433242777640 ,SE,SE,2,5/6/23,17.3111,9.5609,22/6/23 20:35,1.4,Auction Ads,auction_relation
20230807,1769433242777640 ,GB,GB,2,5/6/23,17.3111,9.5609,22/6/23 20:35,1.76,Auction Ads,auction_relation
20230807,1767310770010140 ,US,USCA,1,7/7/23,514.5387,81.6381,30/5/23 10:24,1.78,Auction Ads,auction_relation
20230807,1768381026016250 ,JP,JP,1,7/8/23,5.83,7.9693,11/6/23 4:59,3.21,RIE,Ad Group Recall (Merged)
20230807,1769806555515900 ,GB,GB,1,13/7/23,404.76,279.5204,27/6/23 16:00,1.76,Auction Ads,auction_relation
20230807,1766046145567770 ,GB,GB,1,14/6/23,25.5612,49.0194,16/5/23 11:27,1.76,Auction Ads,auction_relation
20230807,1766040677581840 ,GB,GB,1,26/6/23,52,4.1173,16/5/23 6:17,1.72,RIE,Ad Group Recall (Merged)
20230807,1768490515148810 ,MY,MY,1,7/8/23,9.93,4.8034,12/6/23 9:59,2.31,Auction Ads,auction_relation
20230807,1768268537146410 ,CA,US&CA,1,3/8/23,34.9572,15.5896,10/6/23 0:10,1.81,RIE,Ad Group Recall (Merged)
20230807,1765513281695790 ,RO,Other,1,21/5/23,97.57,34.9448,10/5/23 14:17,1.62,RIE,Ad Group Recall (Merged)
20230807,1767846771557410 ,CZ,CZ,1,30/5/23,324.0249,168.7034,5/6/23 8:21,1.9,Auction Ads,auction_relation
20230807,1768683803633710 ,TR,TR,1,3/8/23,92.5203,59.163,14/6/23 12:28,1.63,RIE,Ad Group Recall (Merged)
20230807,1767929633199130 ,CO,CO,1,13/7/23,19.01,14.9087,6/6/23 5:19,1.93,Auction Ads,auction_all
20230807,1767929633199130 ,KW,Others,1,13/7/23,19.01,14.9087,6/6/23 5:19,1.56,Auction Ads,auction_all
20230807,1768757338523690 ,TR,TR,1,3/8/23,120.6881,59.163,15/6/23 7:52,1.63,RIE,Ad Group Recall (Merged)
20230807,1765734253112320 ,SG,Other,1,23/5/23,2.84,1.0978,12/5/23 23:49,1.62,RIE,Ad Group Recall (Merged)
20230807,1765734253112320 ,PH,Other,1,23/5/23,2.84,1.0978,12/5/23 23:49,1.62,RIE,Ad Group Recall (Merged)
20230807,1765734253112320 ,MY,MY,1,23/5/23,2.84,1.0978,12/5/23 23:49,2.3,RIE,Ad Group Recall (Merged)
20230807,1768609334612000 ,SA,MENA,1,3/8/23,20.23,15.5434,13/6/23 17:27,1.67,RIE,Ad Group Recall (Merged)
20230807,1768609350813740 ,SA,MENA,1,3/8/23,23.86,15.5434,13/6/23 17:27,1.67,RIE,Ad Group Recall (Merged)
20230807,1765745209394210 ,SG,Other,1,23/5/23,2.28,1.0978,13/5/23 2:44,1.62,RIE,Ad Group Recall (Merged)
20230807,1765745209394210 ,PH,Other,1,23/5/23,2.28,1.0978,13/5/23 2:44,1.62,RIE,Ad Group Recall (Merged)
20230807,1765745209394210 ,MY,MY,1,23/5/23,2.28,1.0978,13/5/23 2:44,2.3,RIE,Ad Group Recall (Merged)
20230807,1768709743069210 ,CA,US&CA,1,3/8/23,27.6326,15.5896,14/6/23 21:07,1.81,RIE,Ad Group Recall (Merged)
20230807,1768709743049760 ,CA,US&CA,1,3/8/23,6.796,15.5896,14/6/23 21:07,1.81,RIE,Ad Group Recall (Merged)
20230807,1768730973191180 ,SA,MENA,1,3/8/23,22.77,15.5434,15/6/23 1:41,1.67,RIE,Ad Group Recall (Merged)
20230807,1768512067480590 ,US,USCA,1,18/5/23,194.72,223.6033,12/6/23 16:33,1.78,Auction Ads,auction_relation
20230807,1771745713852450 ,AU,AU,2,7/8/23,0.03,6.0239,18/7/23 8:19,1.84,RIE,Ad Group Recall (Merged)
20230807,1768785234541580 ,CA,US&CA,1,3/8/23,68.7679,15.5896,15/6/23 17:03,1.81,RIE,Ad Group Recall (Merged)
20230807,1771349897478160 ,US,US&CA,1,10/7/23,100.63,459.7409,14/7/23 0:13,1.81,RIE,Ad Group Recall (Merged)
20230807,1769152194142240 ,US,USCA,1,24/7/23,1236.1,60.0674,19/6/23 17:42,1.78,Auction Ads,auction_relation
20230807,1766766741748780 ,TH,TH,1,11/5/23,27.8276,13.3403,24/5/23 8:58,1.64,Auction Ads,auction_relation
20230807,1769697873196060 ,TR,TR,1,3/8/23,151.1108,59.163,25/6/23 17:33,1.63,RIE,Ad Group Recall (Merged)
20230807,1766982916600860 ,HU,Other,1,11/5/23,79.89,29.3904,26/5/23 19:35,1.62,RIE,Ad Group Recall (Merged)
20230807,1767036397794300 ,JP,JP,1,13/5/23,126.275,18.0365,27/5/23 8:45,3.21,RIE,Ad Group Recall (Merged)
20230807,1769414692328490 ,SA,MENA,1,3/8/23,10.83,15.5434,22/6/23 14:48,1.67,RIE,Ad Group Recall (Merged)
20230807,1768231345710090 ,RO,Other,1,30/5/23,46.0579,79.5937,9/6/23 14:11,1.62,RIE,Ad Group Recall (Merged)
20230807,1769403466410030 ,SA,MENA,1,23/6/23,100.51,149.3789,22/6/23 11:36,1.78,Auction Ads,auction_relation
20230807,1768161167809570 ,UY,Other,1,14/6/23,1180.02,39.0852,8/6/23 18:44,1.62,RIE,Ad Group Recall (Merged)
20230807,1770001135619120 ,AE,MENA,1,7/8/23,3.86,7.4989,29/6/23 4:00,1.67,RIE,Ad Group Recall (Merged)
20230807,1767389794976760 ,ID,ID,1,10/5/23,7.7968,10.8649,31/5/23 6:12,1.8,Auction Ads,auction_relation
20230807,1767389794976760 ,ID,ID,1,10/5/23,7.7968,10.8649,31/5/23 6:12,1.8,Auction Ads,auction_relation
20230807,1769173727700010 ,US,USCA,1,19/5/23,0,183.2936,19/6/23 23:57,1.78,Auction Ads,auction_relation
20230807,1771048102945790 ,BR,BR,1,29/6/23,162.5449,272.6306,10/7/23 15:17,1.99,Auction Ads,auction_all
20230807,1771049136816140 ,BR,BR,1,29/6/23,162.7324,272.6306,10/7/23 15:41,1.99,Auction Ads,auction_all
20230807,1770014546613260 ,KR,KR,1,26/7/23,109.2733,21.7403,29/6/23 5:40,2.18,RIE,Ad Group Recall (Merged)
20230807,1769802647342090 ,FI,Others,1,29/6/23,0,51.0029,26/6/23 22:35,1.56,Auction Ads,auction_all
20230807,1770229431976990 ,SA,MENA,1,3/8/23,23.36,15.5434,1/7/23 14:39,1.67,RIE,Ad Group Recall (Merged)
20230807,1770291097272330 ,US,US&CA,1,3/8/23,97.72,16.2729,2/7/23 8:00,1.81,RIE,Ad Group Recall (Merged)
20230807,1770530310087680 ,SA,MENA,1,3/8/23,222.4805,36.7482,4/7/23 22:11,1.67,RIE,Ad Group Recall (Merged)
20230807,1772305673447440 ,CA,US&CA,2,5/8/23,130.19,44.2432,24/7/23 12:40,1.81,RIE,Ad Group Recall (Merged)
20230807,1770137213733900 ,GB,GB,1,30/6/23,33.9511,37.4693,30/6/23 14:28,1.72,RIE,Ad Group Recall (Merged)
20230807,1769919201437720 ,VN,VN,1,30/6/23,28.4,1.1233,28/6/23 4:28,2.13,RIE,Ad Group Recall (Merged)
20230807,1769945885108220 ,MA,Other,1,3/7/23,80.62,4.4465,28/6/23 11:30,1.62,RIE,Ad Group Recall (Merged)
20230807,1769239917258780 ,IT,IT,1,6/6/23,0,20.6348,20/6/23 17:29,1.79,RIE,Ad Group Recall (Merged)
20230807,1769240090317870 ,IT,IT,1,6/6/23,0,20.6348,20/6/23 17:33,1.79,RIE,Ad Group Recall (Merged)
20230807,1770109620602920 ,EG,MENA,1,3/7/23,50.5,4.4465,30/6/23 6:54,1.67,RIE,Ad Group Recall (Merged)
20230807,1768663964190730 ,TH,TH,1,11/5/23,33.3472,13.3403,14/6/23 7:52,1.64,Auction Ads,auction_relation
20230807,1770526992146430 ,MA,Other,1,19/5/23,97.05,183.2936,4/7/23 22:26,1.62,RIE,Ad Group Recall (Merged)
20230807,1770526992146430 ,PL,PL,1,19/5/23,97.05,183.2936,4/7/23 22:26,1.84,RIE,Ad Group Recall (Merged)
20230807,1770783597742080 ,US,US&CA,1,7/7/23,93.74,73.3632,7/7/23 18:19,1.81,RIE,Ad Group Recall (Merged)
20230807,1770783597742080 ,US,USCA,1,7/7/23,93.74,73.3632,7/7/23 18:19,1.78,Auction Ads,auction_relation
20230807,1770618315063340 ,CA,USCA,1,29/6/23,55.34,51.0029,5/7/23 22:41,1.78,Auction Ads,auction_relation
20230807,1770618315063340 ,CA,USCA,1,29/6/23,55.34,51.0029,5/7/23 22:41,1.78,Auction Ads,auction_relation
20230807,1770618315063340 ,US,USCA,1,29/6/23,55.34,51.0029,5/7/23 22:41,1.78,Auction Ads,auction_relation
20230807,1770510050770960 ,MX,MX,1,4/7/23,4.5301,3.9622,4/7/23 15:29,1.99,Auction Ads,auction_all
20230807,1771026424929280 ,KH,KH,1,14/7/23,89.52,53.9181,10/7/23 9:45,1.5,Auction Ads,auction_relation
20230807,1770774645761070 ,CA,USCA,1,29/6/23,0.38,51.0029,7/7/23 16:04,1.78,Auction Ads,auction_relation
20230807,1770774645761070 ,US,USCA,1,29/6/23,0.38,51.0029,7/7/23 16:04,1.78,Auction Ads,auction_relation
20230807,1770774645761070 ,US,USCA,1,29/6/23,0.38,51.0029,7/7/23 16:04,1.78,Auction Ads,auction_relation
20230807,1769750040597520 ,ID,ID,1,16/5/23,13.276,8.2306,26/6/23 7:35,1.8,Auction Ads,auction_relation
20230807,1769643422768160 ,TH,TH,1,11/5/23,24.6946,13.3403,25/6/23 2:53,1.64,Auction Ads,auction_relation
20230807,1771054132721680 ,NZ,Other,1,29/6/23,109.96,51.0029,10/7/23 18:00,1.62,RIE,Ad Group Recall (Merged)
20230807,1771496742750200 ,CA,US&CA,1,7/8/23,49.09,46.883,15/7/23 15:21,1.81,RIE,Ad Group Recall (Merged)
20230807,1771393422269490 ,ID,ID,1,21/7/23,410.33,97.3635,14/7/23 17:00,2.05,RIE,Ad Group Recall (Merged)
20230807,1771473761239070 ,ZA,Other,1,7/8/23,1.91,19.4858,15/7/23 9:17,1.62,RIE,Ad Group Recall (Merged)
20230807,1771438703302690 ,BR,BR,1,7/8/23,0.8783,0.4089,14/7/23 23:00,1.7,RIE,Ad Group Recall (Merged)
20230807,1769826449034250 ,CA,US&CA,,1/1/00 0:00,27100.62,17144.4986,27/7/23 15:00,1.81,RIE,Ad Group Recall (Merged)
20230807,1771363718537210 ,MY,MY,1,3/8/23,0.0616,18.4393,14/7/23 3:05,2.31,Auction Ads,auction_relation
20230807,1771529841160190 ,CO,CO,1,7/8/23,1.6861,2.5196,15/7/23 22:43,1.93,Auction Ads,auction_all
20230807,1771545697096720 ,MY,MY,1,7/8/23,2.2856,2.4476,16/7/23 3:15,2.3,RIE,Ad Group Recall (Merged)
20230807,1771522842758170 ,US,US&CA,1,3/8/23,66.1784,45.3408,15/7/23 22:11,1.81,RIE,Ad Group Recall (Merged)
20230807,1770478520777760 ,BR,BR,1,17/5/23,11.53,7.4769,4/7/23 8:41,1.7,RIE,Ad Group Recall (Merged)
20230807,1772318057252860 ,BR,BR,2,13/5/23,24.818,78.6434,24/7/23 15:53,1.7,RIE,Ad Group Recall (Merged)
20230807,1771042475868210 ,AU,AU,1,14/6/23,2257.14,39.0852,10/7/23 13:58,1.84,RIE,Ad Group Recall (Merged)
20230807,1772325058734120 ,BR,BR,2,13/5/23,10.513,78.6434,24/7/23 17:14,1.7,RIE,Ad Group Recall (Merged)
20230807,1771300159769650 ,CA,US&CA,1,14/6/23,265.93,126.1507,13/7/23 11:13,1.81,RIE,Ad Group Recall (Merged)
20230807,1771300159769650 ,ES,ES,1,14/6/23,265.93,126.1507,13/7/23 11:13,1.79,RIE,Ad Group Recall (Merged)
20230807,1771928355293200 ,CA,US&CA,1,7/8/23,74.8,88.9578,20/7/23 9:41,1.81,RIE,Ad Group Recall (Merged)
20230807,1771301336771600 ,ES,ES,1,14/6/23,138.37,126.1507,13/7/23 11:33,1.79,RIE,Ad Group Recall (Merged)
20230807,1771651292498940 ,MX,MX,1,7/7/23,102.5748,81.6381,17/7/23 8:21,1.99,Auction Ads,auction_all
20230807,1771727856635900 ,SA,MENA,1,3/8/23,2.68,15.5434,18/7/23 3:34,1.67,RIE,Ad Group Recall (Merged)
20230807,1771728308589610 ,SA,MENA,1,3/8/23,18.87,15.5434,18/7/23 3:46,1.67,RIE,Ad Group Recall (Merged)
20230807,1771865617242160 ,US,US&CA,1,28/7/23,101.22,97.0489,19/7/23 16:05,1.81,RIE,Ad Group Recall (Merged)
20230807,1771242320018450 ,GB,GB,1,26/6/23,9.5374,12.6726,13/7/23 0:00,1.72,RIE,Ad Group Recall (Merged)
20230807,1770837186637870 ,ID,ID,1,16/5/23,12.8547,8.2306,8/7/23 7:35,1.8,Auction Ads,auction_relation
20230807,1770837186637870 ,ID,ID,1,16/5/23,12.8547,8.2306,8/7/23 7:35,1.8,Auction Ads,auction_relation
20230807,1772669418796060 ,NZ,NZ,2,31/7/23,44.2902,23.9294,28/7/23 12:32,1.58,Auction Ads,auction_relation
20230807,1772669418796060 ,AU,AU,2,31/7/23,44.2902,23.9294,28/7/23 12:32,1.84,Auction Ads,auction_relation
20230807,1771829420441650 ,MY,MY,1,3/8/23,25.1724,18.4393,19/7/23 6:29,2.31,Auction Ads,auction_relation
20230807,1771829420441650 ,MY,MY,1,3/8/23,25.1724,18.4393,19/7/23 6:29,2.31,Auction Ads,auction_relation
20230807,1771931148061710 ,TR,TR,1,3/8/23,293.462,59.163,20/7/23 9:24,1.63,RIE,Ad Group Recall (Merged)
20230807,1771937246144560 ,TR,TR,1,3/8/23,522.3654,59.163,20/7/23 11:00,1.63,RIE,Ad Group Recall (Merged)
20230807,1772743630468090 ,VN,VN,3,2/8/23,0.0034,2.9423,29/7/23 8:39,2.13,RIE,Ad Group Recall (Merged)
20230807,1772744499351580 ,VN,VN,3,2/8/23,0.0017,2.9423,29/7/23 8:54,2.13,RIE,Ad Group Recall (Merged)
20230807,1772852345794560 ,CA,US&CA,2,5/8/23,129.95,44.2432,30/7/23 13:29,1.81,RIE,Ad Group Recall (Merged)
20230807,1772774366423080 ,VN,VN,3,2/8/23,0.0129,2.9423,29/7/23 16:49,2.13,RIE,Ad Group Recall (Merged)
20230807,1771185756195850 ,SA,MENA,1,22/5/23,27.85,17.738,12/7/23 3:57,1.78,Auction Ads,auction_relation
20230807,1771185756195850 ,SA,MENA,1,22/5/23,27.85,17.738,12/7/23 3:57,1.78,Auction Ads,auction_relation
20230807,1771913417240610 ,US,US&CA,1,3/8/23,6.4,9.1355,20/7/23 5:44,1.81,RIE,Ad Group Recall (Merged)
20230807,1771801444960300 ,FI,Others,1,29/6/23,0,51.0029,19/7/23 0:07,1.56,Auction Ads,auction_all
20230807,1771185708064780 ,TH,TH,1,17/5/23,11.8141,2.482,12/7/23 3:56,1.64,Auction Ads,auction_relation
20230807,1772047094262780 ,GR,GR,1,7/8/23,19.91,23.1051,21/7/23 16:03,2.11,Auction Ads,auction_relation
20230807,1772047094262780 ,CZ,CZ,1,7/8/23,19.91,23.1051,21/7/23 16:03,1.9,Auction Ads,auction_relation
20230807,1772047094262780 ,HU,Others,1,7/8/23,19.91,23.1051,21/7/23 16:03,1.56,Auction Ads,auction_all
20230807,1772047094262780 ,BH,Others,1,7/8/23,19.91,23.1051,21/7/23 16:03,1.56,Auction Ads,auction_all
20230807,1772047094262780 ,HU,Others,1,7/8/23,19.91,23.1051,21/7/23 16:03,1.56,Auction Ads,auction_all
20230807,1772047094262780 ,ID,ID,1,7/8/23,19.91,23.1051,21/7/23 16:03,1.8,Auction Ads,auction_relation
20230807,1772047094262780 ,DK,DK,1,7/8/23,19.91,23.1051,21/7/23 16:03,1.31,Auction Ads,auction_relation
20230807,1772047094262780 ,PL,PL,1,7/8/23,19.91,23.1051,21/7/23 16:03,1.64,Auction Ads,auction_relation
20230807,1772047094262780 ,TW,TW,1,7/8/23,19.91,23.1051,21/7/23 16:03,0.95,Auction Ads,auction_relation
20230807,1772047094262780 ,PT,PT,1,7/8/23,19.91,23.1051,21/7/23 16:03,1.98,Auction Ads,auction_relation
20230807,1772047094262780 ,FI,Others,1,7/8/23,19.91,23.1051,21/7/23 16:03,1.56,Auction Ads,auction_all
20230807,1772047094262780 ,PT,PT,1,7/8/23,19.91,23.1051,21/7/23 16:03,1.98,Auction Ads,auction_relation
20230807,1772047094262780 ,IL,IL,1,7/8/23,19.91,23.1051,21/7/23 16:03,1.52,Auction Ads,auction_relation
20230807,1772047094262780 ,NO,Others,1,7/8/23,19.91,23.1051,21/7/23 16:03,1.56,Auction Ads,auction_all
20230807,1772047094262780 ,FI,Others,1,7/8/23,19.91,23.1051,21/7/23 16:03,1.56,Auction Ads,auction_all
20230807,1772047094262780 ,BE,BE,1,7/8/23,19.91,23.1051,21/7/23 16:03,1.15,Auction Ads,auction_relation
20230807,1772047094262780 ,IE,IE,1,7/8/23,19.91,23.1051,21/7/23 16:03,1.52,Auction Ads,auction_relation
20230807,1772047094262780 ,PK,PK,1,7/8/23,19.91,23.1051,21/7/23 16:03,1.36,Auction Ads,auction_relation
20230807,1772047094262780 ,US,USCA,1,7/8/23,19.91,23.1051,21/7/23 16:03,1.78,Auction Ads,auction_relation
20230807,1772047094262780 ,CA,USCA,1,7/8/23,19.91,23.1051,21/7/23 16:03,1.78,Auction Ads,auction_relation
20230807,1772047094262780 ,BR,BR,1,7/8/23,19.91,23.1051,21/7/23 16:03,1.99,Auction Ads,auction_all
20230807,1772047094262780 ,ID,ID,1,7/8/23,19.91,23.1051,21/7/23 16:03,1.8,Auction Ads,auction_relation
20230807,1772047094262780 ,TW,TW,1,7/8/23,19.91,23.1051,21/7/23 16:03,0.95,Auction Ads,auction_relation
20230807,1771613244955680 ,RO,Other,1,30/5/23,139.2392,79.5937,16/7/23 21:43,1.62,RIE,Ad Group Recall (Merged)
20230807,1771801578430490 ,BR,BR,1,7/7/23,10.5354,7.1213,18/7/23 22:25,1.7,RIE,Ad Group Recall (Merged)
20230807,1771205328056320 ,IT,IT,1,15/5/23,0.55,3.2711,12/7/23 10:10,1.79,RIE,Ad Group Recall (Merged)
20230807,1771873289239600 ,BE,Other,1,19/5/23,1011.92,183.2936,19/7/23 19:04,1.62,RIE,Ad Group Recall (Merged)
20230807,1771873289239600 ,DK,Other,1,19/5/23,1011.92,183.2936,19/7/23 19:04,1.62,RIE,Ad Group Recall (Merged)
20230807,1771873289239600 ,CA,US&CA,1,19/5/23,1011.92,183.2936,19/7/23 19:04,1.81,RIE,Ad Group Recall (Merged)
20230807,1771297552885760 ,PL,PL,1,17/5/23,30.34,7.4769,13/7/23 6:36,1.84,RIE,Ad Group Recall (Merged)
20230807,1772211609189390 ,NO,Others,1,7/8/23,30.53,23.1051,23/7/23 11:42,1.56,Auction Ads,auction_all
20230807,1772211865033740 ,NO,Others,1,7/8/23,16.27,23.1051,23/7/23 11:46,1.56,Auction Ads,auction_all
20230807,1772212171921440 ,NO,Others,1,7/8/23,13.48,23.1051,23/7/23 11:50,1.56,Auction Ads,auction_all
20230807,1771918735167520 ,US,USCA,1,7/7/23,81.22,23.9488,20/7/23 6:09,1.78,Auction Ads,auction_relation
20230807,1771918735167520 ,US,USCA,1,7/7/23,81.22,23.9488,20/7/23 6:09,1.78,Auction Ads,auction_relation
20230807,1772481162313740 ,CO,CO,1,4/8/23,1.36,202.7676,26/7/23 16:00,1.93,Auction Ads,auction_all
20230807,1771701277824010 ,IT,IT,1,22/6/23,0,5.4057,17/7/23 23:02,1.79,RIE,Ad Group Recall (Merged)
20230807,1772300010995740 ,FR,FR,1,7/8/23,89.78,29.6427,24/7/23 12:08,1.76,RIE,Ad Group Recall (Merged)
20230807,1771582535609360 ,SA,MENA,1,25/5/23,13.09,7.1257,16/7/23 14:06,1.67,RIE,Ad Group Recall (Merged)
20230807,1771582535590930 ,SA,MENA,1,25/5/23,12.76,7.1257,16/7/23 14:06,1.67,RIE,Ad Group Recall (Merged)
20230807,1771843202912280 ,AU,AU,1,25/6/23,148.96,33.0449,19/7/23 11:01,1.84,RIE,Ad Group Recall (Merged)
20230807,1772299036812320 ,RO,Other,1,7/8/23,1.2002,4.4736,24/7/23 10:47,1.62,RIE,Ad Group Recall (Merged)
20230807,1772928814018610 ,VN,VN,3,2/8/23,0.0168,2.9423,31/7/23 9:44,2.13,RIE,Ad Group Recall (Merged)
20230807,1771566785046570 ,AE,MENA,1,22/5/23,3.23,1.4044,16/7/23 8:55,1.67,RIE,Ad Group Recall (Merged)
20230807,1771821740358650 ,IT,IT,1,9/6/23,21.9233,34.4275,19/7/23 5:28,1.79,RIE,Ad Group Recall (Merged)
20230807,1772050451084370 ,US,US&CA,1,6/7/23,169.1719,29.1538,21/7/23 17:59,1.81,RIE,Ad Group Recall (Merged)
20230807,1772495933222940 ,MX,Other,1,28/7/23,804.55,163.8814,26/7/23 15:04,1.62,RIE,Ad Group Recall (Merged)
20230807,1772397052956700 ,TR,TR,1,3/8/23,114.9142,59.163,25/7/23 12:35,1.63,RIE,Ad Group Recall (Merged)
20230807,1772652497968140 ,IT,IT,1,16/7/23,111.1355,280.8588,28/7/23 9:33,1.79,RIE,Ad Group Recall (Merged)
20230807,1771923224519730 ,JP,JP,1,15/6/23,112.9482,67.6864,21/7/23 10:23,3.21,RIE,Ad Group Recall (Merged)
20230807,1772344098262030 ,IT,IT,1,27/7/23,25.5865,14.1795,24/7/23 22:40,1.79,RIE,Ad Group Recall (Merged)
20230807,1772103064900620 ,KR,KR,1,27/6/23,28.06,6.4579,22/7/23 6:51,2.18,RIE,Ad Group Recall (Merged)
20230807,1772033749426170 ,AE,MENA,1,22/6/23,26.5345,11.9838,21/7/23 12:24,1.67,RIE,Ad Group Recall (Merged)
20230807,1772453259549690 ,TH,TH,1,1/8/23,82.4719,22.2582,26/7/23 3:33,1.87,RIE,Ad Group Recall (Merged)
20230807,1772479614618650 ,LB,Others,1,5/8/23,29.97,11.4411,26/7/23 10:40,1.56,Auction Ads,auction_all
20230807,1772479614618650 ,SA,MENA,1,5/8/23,29.97,11.4411,26/7/23 10:40,1.78,Auction Ads,auction_relation
20230807,1772479614618650 ,EG,MENA,1,5/8/23,29.97,11.4411,26/7/23 10:40,1.78,Auction Ads,auction_relation
20230807,1772479614618650 ,FI,Others,1,5/8/23,29.97,11.4411,26/7/23 10:40,1.56,Auction Ads,auction_all
20230807,1772479614618650 ,QA,Others,1,5/8/23,29.97,11.4411,26/7/23 10:40,1.56,Auction Ads,auction_all
20230807,1772479614618650 ,DK,DK,1,5/8/23,29.97,11.4411,26/7/23 10:40,1.31,Auction Ads,auction_relation
20230807,1772479614618650 ,IE,IE,1,5/8/23,29.97,11.4411,26/7/23 10:40,1.52,Auction Ads,auction_relation
20230807,1772479614618650 ,OM,Others,1,5/8/23,29.97,11.4411,26/7/23 10:40,1.56,Auction Ads,auction_all
20230807,1772479614618650 ,NO,Others,1,5/8/23,29.97,11.4411,26/7/23 10:40,1.56,Auction Ads,auction_all
20230807,1772479614618650 ,AE,MENA,1,5/8/23,29.97,11.4411,26/7/23 10:40,1.78,Auction Ads,auction_relation
20230807,1772479614618650 ,MA,MA,1,5/8/23,29.97,11.4411,26/7/23 10:40,1.51,Auction Ads,auction_relation
20230807,1771777377688610 ,GB,GB,1,5/7/23,2481.5374,588.9142,1/8/23 0:01,1.72,RIE,Ad Group Recall (Merged)
20230807,1772473315170350 ,DE,DE,1,3/8/23,66.3446,26.4371,26/7/23 9:58,1.6,RIE,Ad Group Recall (Merged)
20230807,1771950835811360 ,CA,US&CA,1,17/5/23,30.61,7.4769,20/7/23 11:39,1.81,RIE,Ad Group Recall (Merged)
20230807,1772541894774800 ,BR,BR,1,7/8/23,3.6258,0.9293,27/7/23 3:14,1.7,RIE,Ad Group Recall (Merged)
20230807,1772569215332400 ,AE,MENA,1,7/8/23,0,3.8767,27/7/23 10:28,1.67,RIE,Ad Group Recall (Merged)
20230807,1772572364759040 ,US,US&CA,1,7/8/23,2.2,4.1761,27/7/23 11:19,1.81,RIE,Ad Group Recall (Merged)
20230807,1772572364759040 ,CA,US&CA,1,7/8/23,2.2,4.1761,27/7/23 11:19,1.81,RIE,Ad Group Recall (Merged)
20230807,1772998101648410 ,VN,VN,3,2/8/23,,2.9423,1/8/23 3:56,2.13,RIE,Ad Group Recall (Merged)
20230807,1772042341555230 ,VN,VN,1,15/5/23,17.0678,7.9852,21/7/23 14:52,2.14,Auction Ads,auction_relation
20230807,1772546264036380 ,US,US&CA,1,3/8/23,6.34,9.1355,27/7/23 5:20,1.81,RIE,Ad Group Recall (Merged)
20230807,1772562893428780 ,VN,VN,3,24/7/23,0,4.9202,1/8/23 3:00,2.14,Auction Ads,auction_relation
20230807,1772028573700090 ,ZA,ZA,1,15/5/23,29.5359,30.4787,24/7/23 3:00,1.4,Auction Ads,auction_relation
20230807,1772654123130880 ,BR,BR,1,7/8/23,21.66,16.3824,28/7/23 8:56,1.7,RIE,Ad Group Recall (Merged)
20230807,1772183308941310 ,TH,TH,1,11/5/23,36.4066,13.3403,23/7/23 4:12,1.64,Auction Ads,auction_relation
20230807,1772694967510010 ,US,US&CA,1,4/8/23,20.54,19.2794,28/7/23 16:46,1.81,RIE,Ad Group Recall (Merged)
20230807,1772658142132240 ,IT,IT,1,2/8/23,0,8.2251,28/7/23 9:49,1.79,RIE,Ad Group Recall (Merged)
20230807,1772700540682240 ,US,US&CA,1,4/8/23,12.2,19.2794,28/7/23 22:17,1.81,RIE,Ad Group Recall (Merged)
20230807,1772484481983520 ,AE,MENA,1,26/6/23,8.3072,5.4858,26/7/23 11:44,1.67,RIE,Ad Group Recall (Merged)
20230807,1772541310500910 ,KR,KR,1,26/6/23,62.1352,36.5834,27/7/23 2:55,2.18,RIE,Ad Group Recall (Merged)
20230807,1772498782586910 ,SA,MENA,1,19/6/23,17.0948,3.0115,26/7/23 20:00,1.67,RIE,Ad Group Recall (Merged)
20230807,1772743997401130 ,NO,Other,1,30/7/23,66.0229,9.9131,29/7/23 9:45,1.62,RIE,Ad Group Recall (Merged)
20230807,1772890301521960 ,BE,Other,1,3/8/23,0,29.8315,31/7/23 0:22,1.62,RIE,Ad Group Recall (Merged)
20230807,1772679716828200 ,US,US&CA,1,3/7/23,41.2725,13.4636,28/7/23 15:44,1.81,RIE,Ad Group Recall (Merged)
20230807,1772492360714270 ,AE,MENA,1,22/5/23,1.83,1.4044,26/7/23 14:07,1.67,RIE,Ad Group Recall (Merged)
20230807,1772681186487340 ,PE,Other,1,3/7/23,4.1125,13.4636,28/7/23 16:08,1.62,RIE,Ad Group Recall (Merged)
20230807,1772934990074890 ,US,US&CA,1,7/8/23,19.97,53.411,31/7/23 11:19,1.81,RIE,Ad Group Recall (Merged)
20230807,1771940809330800 ,GB,GB,1,5/7/23,935.865,434.41,1/8/23 11:30,1.72,RIE,Ad Group Recall (Merged)
20230807,1772546940183560 ,JP,JP,1,18/5/23,32.58,3.9581,27/7/23 4:35,3.21,RIE,Ad Group Recall (Merged)
20230807,1772698828757000 ,CL,Other,1,12/6/23,5.99,41.5913,28/7/23 21:49,1.62,RIE,Ad Group Recall (Merged)
20230807,1773016717830140 ,EG,MENA,2,26/5/23,24.7498,1.5183,1/8/23 9:56,1.78,Auction Ads,auction_relation
20230807,1773016717830140 ,EG,MENA,2,26/5/23,24.7498,1.5183,1/8/23 9:56,1.78,Auction Ads,auction_relation
20230807,1772951249118200 ,BR,BR,1,7/8/23,0.0369,7.1907,31/7/23 15:34,1.99,Auction Ads,auction_all
20230807,1772771033070610 ,NL,Other,1,26/6/23,8.08,5.2745,29/7/23 15:56,1.62,RIE,Ad Group Recall (Merged)
20230807,1773112965960700 ,US,USCA,2,7/8/23,,9.9047,2/8/23 10:28,1.78,Auction Ads,auction_relation
20230807,1772935039483900 ,PL,PL,1,2/8/23,30.77,8.2251,31/7/23 10:49,1.84,RIE,Ad Group Recall (Merged)
20230807,1773113020367920 ,US,USCA,2,7/8/23,2.82,9.9047,2/8/23 10:32,1.78,Auction Ads,auction_relation
20230807,1773119087299600 ,CA,US&CA,2,5/8/23,88.23,44.2432,2/8/23 12:08,1.81,RIE,Ad Group Recall (Merged)
20230807,1773119371607090 ,CA,US&CA,2,5/8/23,12.08,44.2432,2/8/23 12:13,1.81,RIE,Ad Group Recall (Merged)
20230807,1772635376512010 ,TR,TR,1,11/5/23,0.09,0.6296,28/7/23 3:59,1.63,RIE,Ad Group Recall (Merged)
20230807,1772707542468610 ,SA,MENA,1,25/5/23,14.87,7.1257,29/7/23 0:07,1.67,RIE,Ad Group Recall (Merged)
20230807,1772945766653950 ,SA,MENA,1,26/7/23,21.8846,9.6494,31/7/23 14:45,1.67,RIE,Ad Group Recall (Merged)
20230807,1772763620198400 ,AE,MENA,1,23/5/23,0.18,1.4863,29/7/23 16:00,1.67,RIE,Ad Group Recall (Merged)
20230807,1772988059729930 ,IL,IL,1,13/7/23,62.26,28.9462,1/8/23 1:24,1.52,Auction Ads,auction_relation
20230807,1772988059729930 ,EG,MENA,1,13/7/23,62.26,28.9462,1/8/23 1:24,1.78,Auction Ads,auction_relation
20230807,1772988059729930 ,KW,Others,1,13/7/23,62.26,28.9462,1/8/23 1:24,1.56,Auction Ads,auction_all
20230807,1772988059729930 ,JO,Others,1,13/7/23,62.26,28.9462,1/8/23 1:24,1.56,Auction Ads,auction_all
20230807,1772988059729930 ,QA,Others,1,13/7/23,62.26,28.9462,1/8/23 1:24,1.56,Auction Ads,auction_all
20230807,1772988059729930 ,SA,MENA,1,13/7/23,62.26,28.9462,1/8/23 1:24,1.78,Auction Ads,auction_relation
20230807,1772988059729930 ,AE,MENA,1,13/7/23,62.26,28.9462,1/8/23 1:24,1.78,Auction Ads,auction_relation
20230807,1772988059729930 ,IQ,Others,1,13/7/23,62.26,28.9462,1/8/23 1:24,1.56,Auction Ads,auction_all
20230807,1772977229258760 ,TH,TH,1,19/5/23,1047.29,183.2936,31/7/23 23:30,1.64,Auction Ads,auction_relation
20230807,1772977229258760 ,JP,JP,1,19/5/23,1047.29,183.2936,31/7/23 23:30,2.16,Auction Ads,auction_all
20230807,1772977229258760 ,FI,Others,1,19/5/23,1047.29,183.2936,31/7/23 23:30,1.56,Auction Ads,auction_all
20230807,1772977229258760 ,GB,GB,1,19/5/23,1047.29,183.2936,31/7/23 23:30,1.72,RIE,Ad Group Recall (Merged)
20230807,1772977229258760 ,PL,PL,1,19/5/23,1047.29,183.2936,31/7/23 23:30,1.64,Auction Ads,auction_relation
20230807,1772977229258760 ,FR,FR,1,19/5/23,1047.29,183.2936,31/7/23 23:30,1.97,Auction Ads,auction_relation
20230807,1772977229258760 ,BE,Other,1,19/5/23,1047.29,183.2936,31/7/23 23:30,1.62,RIE,Ad Group Recall (Merged)
20230807,1772977229258760 ,IE,IE,1,19/5/23,1047.29,183.2936,31/7/23 23:30,1.52,Auction Ads,auction_relation
20230807,1772977229258760 ,HU,Others,1,19/5/23,1047.29,183.2936,31/7/23 23:30,1.56,Auction Ads,auction_all
20230807,1772977229258760 ,IL,IL,1,19/5/23,1047.29,183.2936,31/7/23 23:30,1.52,Auction Ads,auction_relation
20230807,1772977229258760 ,BR,BR,1,19/5/23,1047.29,183.2936,31/7/23 23:30,1.99,Auction Ads,auction_all
20230807,1772977229258760 ,JP,JP,1,19/5/23,1047.29,183.2936,31/7/23 23:30,2.16,Auction Ads,auction_all
20230807,1772977229258760 ,CA,USCA,1,19/5/23,1047.29,183.2936,31/7/23 23:30,1.78,Auction Ads,auction_relation
20230807,1772977229258760 ,CH,CH,1,19/5/23,1047.29,183.2936,31/7/23 23:30,0.93,Auction Ads,auction_relation
20230807,1772977229258760 ,PL,PL,1,19/5/23,1047.29,183.2936,31/7/23 23:30,1.64,Auction Ads,auction_relation
20230807,1772999635920940 ,US,US&CA,1,3/8/23,9.2,9.1355,1/8/23 5:29,1.81,RIE,Ad Group Recall (Merged)
20230807,1773016920079410 ,ES,ES,1,5/8/23,264.32,6.0125,1/8/23 8:56,1.79,RIE,Ad Group Recall (Merged)
20230807,1772993446242300 ,PT,,1,14/7/23,2.1015,2.3399,1/8/23 2:52,0.54,Non-Auction Ads,Promote
20230807,1773171106415650 ,VN,VN,2,4/8/23,8.7524,3.1482,3/8/23 1:52,2.13,RIE,Ad Group Recall (Merged)
20230807,1772983316127740 ,US,US&CA,1,27/7/23,195.14,75.9558,1/8/23 12:00,1.81,RIE,Ad Group Recall (Merged)
20230807,1773011982034940 ,RO,,1,26/7/23,0.7434,0.6874,1/8/23 7:49,0.54,Non-Auction Ads,Promote
20230807,1772989250400290 ,GB,GB,1,26/6/23,5.34,6.9809,1/8/23 1:46,1.72,RIE,Ad Group Recall (Merged)
20230807,1773037092497440 ,IT,IT,1,1/8/23,22.1996,22.1627,1/8/23 15:22,1.79,RIE,Ad Group Recall (Merged)
20230807,1773053416248370 ,BR,BR,1,1/6/23,2439.595,249.7083,1/8/23 18:36,1.7,RIE,Ad Group Recall (Merged)
20230807,1773053416248370 ,BR,BR,1,1/6/23,2439.595,249.7083,1/8/23 18:36,1.7,RIE,Ad Group Recall (Merged)
20230807,1773062486695980 ,EC,Others,1,26/7/23,41.09,35.2836,1/8/23 21:00,1.56,Auction Ads,auction_all
20230807,1773076182238240 ,BR,BR,1,3/8/23,51.4144,12.9423,2/8/23 3:01,1.7,RIE,Ad Group Recall (Merged)
20230807,1773033738805280 ,US,US&CA,1,14/6/23,83.1333,93.0174,1/8/23 14:31,1.81,RIE,Ad Group Recall (Merged)
20230807,1773011082215450 ,CL,Other,1,7/6/23,0,3.9723,1/8/23 7:31,1.62,RIE,Ad Group Recall (Merged)
20230807,1773211794935820 ,CA,US&CA,2,5/8/23,87.29,44.2432,3/8/23 12:42,1.81,RIE,Ad Group Recall (Merged)
20230807,1773158418017280 ,AR,Other,2,17/5/23,165.35,90.9931,3/8/23 3:00,1.62,RIE,Ad Group Recall (Merged)
20230807,1773100616952860 ,JP,JP,1,7/8/23,3.24,5.4492,2/8/23 7:15,3.21,RIE,Ad Group Recall (Merged)
20230807,1773016117514250 ,AT,AT,1,17/5/23,55.9757,30.0762,1/8/23 8:06,0.89,Auction Ads,auction_relation
20230807,1773016117514250 ,AT,AT,1,17/5/23,55.9757,30.0762,1/8/23 8:06,0.89,Auction Ads,auction_relation
20230807,1773027652395000 ,SA,MENA,1,17/5/23,100.56,50.7378,1/8/23 11:46,1.67,RIE,Ad Group Recall (Merged)
20230807,1773102151430190 ,ID,ID,1,10/7/23,11.0187,19.7581,2/8/23 7:38,2.05,RIE,Ad Group Recall (Merged)
20230807,1773025854953470 ,PE,Other,1,13/5/23,30.7785,1.5149,1/8/23 11:20,1.62,RIE,Ad Group Recall (Merged)
20230807,1773026387237920 ,MX,Other,1,13/5/23,31.379,1.5149,1/8/23 12:28,1.62,RIE,Ad Group Recall (Merged)
20230807,1773027080949770 ,MX,Other,1,13/5/23,31.5596,1.5149,1/8/23 12:42,1.62,RIE,Ad Group Recall (Merged)
20230807,1773033563342890 ,BR,BR,1,15/5/23,1.89,3.2711,1/8/23 14:26,1.7,RIE,Ad Group Recall (Merged)
20230807,1772984166520830 ,CA,US&CA,1,10/5/23,0.17,8.3497,1/8/23 14:00,1.81,RIE,Ad Group Recall (Merged)
20230807,1773144012654640 ,US,US&CA,1,7/8/23,1.58,35.9524,2/8/23 19:33,1.81,RIE,Ad Group Recall (Merged)
20230807,1773101825365010 ,IE,Other,1,25/6/23,120.41,42.8781,2/8/23 7:31,1.62,RIE,Ad Group Recall (Merged)
20230807,1773119055339530 ,SA,MENA,1,7/7/23,0,2.3008,2/8/23 12:07,1.67,RIE,Ad Group Recall (Merged)
20230807,1773166337329260 ,MY,MY,1,7/8/23,27.726,12.1507,3/8/23 0:28,2.3,RIE,Ad Group Recall (Merged)
20230807,1773166337329260 ,MY,MY,1,7/8/23,27.726,12.1507,3/8/23 0:28,2.3,RIE,Ad Group Recall (Merged)
20230807,1773097205615660 ,TW,TW,1,29/5/23,4.28,2.3029,2/8/23 6:18,2.59,RIE,Ad Group Recall (Merged)
20230807,1773263292438530 ,US,US&CA,3,4/8/23,0,12.5146,4/8/23 3:20,1.81,RIE,Ad Group Recall (Merged)
20230807,1773102604812280 ,SG,,1,24/5/23,8.1522,3.7608,2/8/23 7:48,1.53,RIE,Promote Report Recall
20230807,1773138578592780 ,BR,BR,1,29/6/23,24.2068,14.884,2/8/23 17:15,1.7,RIE,Ad Group Recall (Merged)
20230807,1773140828054560 ,BR,BR,1,29/6/23,30.3215,14.884,2/8/23 17:44,1.7,RIE,Ad Group Recall (Merged)
20230807,1773227171948540 ,BR,BR,2,23/6/23,0,1.5386,3/8/23 16:45,1.7,RIE,Ad Group Recall (Merged)
20230807,1773176830199820 ,US,US&CA,1,3/8/23,0,6.1151,3/8/23 3:50,1.81,RIE,Ad Group Recall (Merged)
20230807,1773112443809790 ,NZ,NZ,1,13/5/23,102.5228,18.0365,2/8/23 10:21,1.58,Auction Ads,auction_relation
20230807,1773112443809790 ,SG,SG,1,13/5/23,102.5228,18.0365,2/8/23 10:21,1.94,Auction Ads,auction_relation
20230807,1773112443809790 ,GB,GB,1,13/5/23,102.5228,18.0365,2/8/23 10:21,1.76,Auction Ads,auction_relation
20230807,1773112443809790 ,AU,AU,1,13/5/23,102.5228,18.0365,2/8/23 10:21,1.84,Auction Ads,auction_relation
20230807,1773103976550400 ,IT,IT,1,26/6/23,0,3.566,2/8/23 16:00,1.79,RIE,Ad Group Recall (Merged)
20230807,1773112643698690 ,JO,Others,1,13/5/23,102.6992,18.0365,2/8/23 11:25,1.56,Auction Ads,auction_all
20230807,1773112643698690 ,SG,SG,1,13/5/23,102.6992,18.0365,2/8/23 11:25,1.94,Auction Ads,auction_relation
20230807,1773112643698690 ,US,USCA,1,13/5/23,102.6992,18.0365,2/8/23 11:25,1.78,Auction Ads,auction_relation
20230807,1773112732175400 ,US,USCA,1,13/5/23,102.3627,18.0365,2/8/23 11:27,1.78,Auction Ads,auction_relation
20230807,1773112732175400 ,GR,GR,1,13/5/23,102.3627,18.0365,2/8/23 11:27,2.11,Auction Ads,auction_relation
20230807,1773112732175400 ,SG,SG,1,13/5/23,102.3627,18.0365,2/8/23 11:27,1.94,Auction Ads,auction_relation
20230807,1773112732175400 ,CA,USCA,1,13/5/23,102.3627,18.0365,2/8/23 11:27,1.78,Auction Ads,auction_relation
20230807,1773112732175400 ,JO,Others,1,13/5/23,102.3627,18.0365,2/8/23 11:27,1.56,Auction Ads,auction_all
20230807,1773112732175400 ,TR,TR,1,13/5/23,102.3627,18.0365,2/8/23 11:27,0.83,Auction Ads,auction_relation
20230807,1773112837179390 ,NZ,NZ,1,13/5/23,102.8135,18.0365,2/8/23 11:28,1.58,Auction Ads,auction_relation
20230807,1773112837179390 ,AU,AU,1,13/5/23,102.8135,18.0365,2/8/23 11:28,1.84,Auction Ads,auction_relation
20230807,1773112837179390 ,GB,GB,1,13/5/23,102.8135,18.0365,2/8/23 11:28,1.76,Auction Ads,auction_relation
20230807,1773124514154510 ,SA,MENA,1,19/6/23,4.0671,3.0115,2/8/23 20:00,1.67,RIE,Ad Group Recall (Merged)
20230807,1773122867744810 ,SA,MENA,1,19/6/23,4.5085,3.0115,2/8/23 20:00,1.67,RIE,Ad Group Recall (Merged)
20230807,1773197871579150 ,TW,TW,1,24/7/23,114.9818,71.621,3/8/23 8:35,2.59,RIE,Ad Group Recall (Merged)
20230807,1773198926504960 ,TW,TW,1,24/7/23,113.5756,71.621,3/8/23 9:14,2.59,RIE,Ad Group Recall (Merged)
20230807,1773138302135340 ,SA,MENA,1,10/5/23,12.97,42.9787,2/8/23 17:05,1.78,Auction Ads,auction_relation
20230807,1773171876882430 ,MY,,1,25/6/23,5.1131,3.4041,3/8/23 2:08,0.54,Non-Auction Ads,Promote
20230807,1773171876882430 ,MY,,1,25/6/23,5.1131,3.4041,3/8/23 2:08,0.54,Non-Auction Ads,Promote
20230807,1773194571416570 ,SA,,1,20/7/23,0,1.1415,3/8/23 8:09,0.54,Non-Auction Ads,Promote
20230807,1773168608704540 ,BR,BR,1,19/5/23,0,31.3908,3/8/23 1:14,1.7,RIE,Ad Group Recall (Merged)
20230807,1773168949179440 ,SA,MENA,1,11/5/23,50.18,4.2149,3/8/23 1:23,1.67,RIE,Ad Group Recall (Merged)
20230807,1773300533379100 ,CA,US&CA,2,5/8/23,48.24,44.2432,4/8/23 12:13,1.81,RIE,Ad Group Recall (Merged)
20230807,1773230054793240 ,US,US&CA,1,7/8/23,252.49,52.1865,3/8/23 18:29,1.81,RIE,Ad Group Recall (Merged)
20230807,1773301726281760 ,CA,US&CA,2,5/8/23,159.69,44.2432,4/8/23 12:31,1.81,RIE,Ad Group Recall (Merged)
20230807,1773301818891280 ,CA,US&CA,2,5/8/23,47.67,44.2432,4/8/23 12:33,1.81,RIE,Ad Group Recall (Merged)
20230807,1773301843822590 ,CA,US&CA,2,5/8/23,38.79,44.2432,4/8/23 12:33,1.81,RIE,Ad Group Recall (Merged)
20230807,1773203834014730 ,CA,US&CA,1,26/6/23,4.53,5.3754,3/8/23 10:10,1.81,RIE,Ad Group Recall (Merged)
20230807,1773288242835470 ,ZA,Other,2,25/6/23,19.94,7.2081,4/8/23 8:57,1.62,RIE,Ad Group Recall (Merged)
20230807,1773223274386430 ,DE,DE,1,3/8/23,0,32.8333,3/8/23 17:00,1.01,Auction Ads,auction_relation
20230807,1773221082941450 ,US,US&CA,1,3/8/23,11.5,14.5055,3/8/23 16:09,1.81,RIE,Ad Group Recall (Merged)
20230807,1773214597464110 ,BR,BR,1,29/6/23,15.6459,14.884,3/8/23 13:17,1.7,RIE,Ad Group Recall (Merged)
20230807,1773197442378800 ,GB,GB,1,8/6/23,12.75,11.9519,3/8/23 9:50,1.72,RIE,Ad Group Recall (Merged)
20230807,1773214648297500 ,GB,GB,1,26/6/23,89.0979,79.506,3/8/23 14:26,1.72,RIE,Ad Group Recall (Merged)
20230807,1773230609342510 ,SA,MENA,1,27/7/23,1.2,10.627,3/8/23 18:38,1.78,Auction Ads,auction_relation
20230807,1773252882292780 ,US,US&CA,1,7/8/23,16.69,22.6633,4/8/23 0:31,1.81,RIE,Ad Group Recall (Merged)
20230807,1773218564260860 ,DE,DE,1,28/6/23,32.8203,16.7825,3/8/23 15:27,1.6,RIE,Ad Group Recall (Merged)
20230807,1773238417607710 ,CA,US&CA,1,15/7/23,81.87,19.9277,3/8/23 18:44,1.81,RIE,Ad Group Recall (Merged)
20230807,1773216633659390 ,FR,FR,1,26/6/23,6.64,3.1319,3/8/23 16:00,1.76,RIE,Ad Group Recall (Merged)
20230807,1773201153557550 ,AU,AU,1,26/6/23,0,3.4946,3/8/23 16:00,1.84,RIE,Ad Group Recall (Merged)
20230807,1773252550119420 ,KH,,1,9/7/23,0.9785,0.3297,3/8/23 23:31,0.54,Non-Auction Ads,Promote
20230807,1773276294858750 ,ID,,1,7/8/23,0,1.0017,4/8/23 5:50,1.53,RIE,Promote Report Recall
20230807,1773305343119370 ,HU,Other,1,7/8/23,42.0989,18.2641,4/8/23 9:20,1.62,RIE,Ad Group Recall (Merged)
20230807,1773268720487420 ,CA,US&CA,1,26/6/23,0,2.1739,4/8/23 3:46,1.81,RIE,Ad Group Recall (Merged)
20230807,1773268720487420 ,US,US&CA,1,26/6/23,0,2.1739,4/8/23 3:46,1.81,RIE,Ad Group Recall (Merged)
20230807,1773287268662320 ,DE,DE,1,3/8/23,17.6761,48.523,4/8/23 9:40,1.01,Auction Ads,auction_relation
20230807,1773238671262750 ,US,US&CA,1,26/6/23,0,3.2186,4/8/23 5:00,1.81,RIE,Ad Group Recall (Merged)
20230807,1773231358001160 ,BR,BR,1,7/8/23,0,0.4337,4/8/23 10:00,1.7,RIE,Ad Group Recall (Merged)
20230807,1773231382949920 ,BR,BR,1,7/8/23,,0.4337,4/8/23 10:00,1.7,RIE,Ad Group Recall (Merged)
20230807,1773357402214430 ,VN,VN,2,4/8/23,8.1858,3.1482,5/8/23 3:09,2.13,RIE,Ad Group Recall (Merged)
20230807,1773357402214430 ,VN,VN,2,4/8/23,8.1858,3.1482,5/8/23 3:09,2.14,Auction Ads,auction_relation
20230807,1773292232552480 ,ZA,Other,1,5/8/23,84.0963,1.225,4/8/23 9:58,1.62,RIE,Ad Group Recall (Merged)
20230807,1773280897013810 ,BR,BR,1,22/5/23,1.41,10.9983,4/8/23 6:57,1.7,RIE,Ad Group Recall (Merged)
20230807,1773281178080280 ,BR,BR,1,22/5/23,1.7,10.9983,4/8/23 7:02,1.7,RIE,Ad Group Recall (Merged)
20230807,1773304549588010 ,US,US&CA,1,3/8/23,155.4,39.9476,4/8/23 13:14,1.81,RIE,Ad Group Recall (Merged)
20230807,1773315106003960 ,US,US&CA,1,3/8/23,425.01,154.9691,4/8/23 16:57,1.81,RIE,Ad Group Recall (Merged)
20230807,1773295644406780 ,PT,,1,21/7/23,1.8046,1.2291,4/8/23 10:56,0.54,Non-Auction Ads,Promote
20230807,1773297351897080 ,KW,Others,1,27/7/23,66.55,10.627,4/8/23 12:19,1.56,Auction Ads,auction_all
20230807,1773306215913500 ,US,US&CA,1,7/8/23,65.81,14.2433,4/8/23 14:42,1.81,RIE,Ad Group Recall (Merged)
20230807,1773308200133650 ,BR,BR,1,7/8/23,1.46,1.3635,4/8/23 14:14,1.7,RIE,Ad Group Recall (Merged)
20230807,1773381263590450 ,AU,AU,2,7/8/23,15.54,6.0239,5/8/23 9:34,1.84,RIE,Ad Group Recall (Merged)
20230807,1773294118553630 ,AE,MENA,1,20/6/23,5.29,2.8739,4/8/23 10:29,1.78,Auction Ads,auction_relation
20230807,1773311153849340 ,ZA,Other,1,5/7/23,38.1923,25.511,4/8/23 14:55,1.62,RIE,Ad Group Recall (Merged)
20230807,1773312757473310 ,FR,FR,1,27/7/23,,2.7379,4/8/23 16:23,1.97,Auction Ads,auction_relation
20230807,1773313870047280 ,FR,FR,1,27/7/23,,2.7379,4/8/23 16:28,1.97,Auction Ads,auction_relation
20230807,1773329017293870 ,US,US&CA,1,24/7/23,51.58,15.6083,4/8/23 16:36,1.81,RIE,Ad Group Recall (Merged)
20230807,1773319291040760 ,SA,,1,15/7/23,0,1.0476,4/8/23 17:12,0.54,Non-Auction Ads,Promote
20230807,1773302427000830 ,AE,MENA,1,18/5/23,51.84,15.1704,4/8/23 12:42,1.78,Auction Ads,auction_relation
20230807,1773304913093640 ,PL,PL,1,7/6/23,15.02,5.7705,4/8/23 14:13,1.84,RIE,Ad Group Recall (Merged)
20230807,1773304913093640 ,RO,Other,1,7/6/23,15.02,5.7705,4/8/23 14:13,1.62,RIE,Ad Group Recall (Merged)
20230807,1773305400749090 ,CZ,Other,1,7/6/23,14.75,5.7705,4/8/23 14:23,1.62,RIE,Ad Group Recall (Merged)
20230807,1773331654002680 ,AE,,1,23/7/23,14.6477,4.5648,4/8/23 20:28,0.54,Non-Auction Ads,Promote
20230807,1773307275504640 ,SA,MENA,1,22/5/23,0,1.4044,4/8/23 14:00,1.67,RIE,Ad Group Recall (Merged)
20230807,1773308896078850 ,RO,,1,18/5/23,5.7891,1.6982,4/8/23 14:27,0.54,Non-Auction Ads,Promote
20230807,1773305516479500 ,JP,JP,1,28/6/23,370.7844,17.7008,4/8/23 20:31,3.21,RIE,Ad Group Recall (Merged)
20230807,1773349508162570 ,US,US&CA,1,3/8/23,138.01,39.9476,5/8/23 2:10,1.81,RIE,Ad Group Recall (Merged)
20230807,1773194899121160 ,TW,TW,1,16/5/23,97.9,12.8408,4/8/23 16:00,2.59,RIE,Ad Group Recall (Merged)
20230807,1773187196128280 ,MY,MY,1,16/5/23,99.33,12.8408,4/8/23 16:00,2.3,RIE,Ad Group Recall (Merged)
20230807,1773319298148400 ,CA,USCA,1,7/6/23,84.7,26.106,4/8/23 18:06,1.78,Auction Ads,auction_relation
20230807,1773320281625630 ,CA,USCA,1,7/6/23,114.62,26.106,4/8/23 18:21,1.78,Auction Ads,auction_relation
20230807,1773321210815500 ,US,USCA,1,7/6/23,157.16,26.106,4/8/23 18:37,1.78,Auction Ads,auction_relation
20230807,1773321997947920 ,US,USCA,1,7/6/23,140.37,26.106,4/8/23 18:49,1.78,Auction Ads,auction_relation
20230807,1773385095025690 ,LB,Other,2,18/6/23,77.66,11.1471,5/8/23 11:30,1.62,RIE,Ad Group Recall (Merged)
20230807,1773355423346680 ,VN,,1,22/7/23,0.0284,0.2556,5/8/23 2:46,1.53,RIE,Promote Report Recall
20230807,1773328962915330 ,AE,MENA,1,28/5/23,2.8638,3.7584,4/8/23 19:44,1.67,RIE,Ad Group Recall (Merged)
20230807,1773356949365770 ,VN,VN,1,13/7/23,21.89,6.2779,5/8/23 3:08,2.13,RIE,Ad Group Recall (Merged)
20230807,1773310810326010 ,CA,US&CA,1,10/5/23,0,8.3497,4/8/23 21:00,1.81,RIE,Ad Group Recall (Merged)
20230807,1773376832738370 ,VN,,1,6/8/23,0,2.914,5/8/23 8:25,0.54,Non-Auction Ads,Promote
20230807,1773374927258670 ,SG,Other,1,3/8/23,31.0327,6.3182,5/8/23 7:51,1.62,RIE,Ad Group Recall (Merged)
20230807,1773372530852890 ,FR,FR,1,3/8/23,0,7.7716,5/8/23 8:17,1.76,RIE,Ad Group Recall (Merged)
20230807,1773377062512650 ,VN,VN,1,30/7/23,,3.0911,5/8/23 8:24,2.14,Auction Ads,auction_relation
20230807,1773372089269240 ,KH,,1,3/7/23,0,2.8696,5/8/23 7:11,1.53,RIE,Promote Report Recall
20230807,1773372837442560 ,KH,,1,3/7/23,56.0866,2.8696,5/8/23 7:23,1.53,RIE,Promote Report Recall
20230807,1773374887304190 ,VN,,1,7/7/23,0,3.9934,5/8/23 7:55,0.54,Non-Auction Ads,Promote
20230807,1773373021944830 ,KH,,1,3/7/23,19.0696,2.8696,5/8/23 7:26,1.53,RIE,Promote Report Recall
20230807,1773370777908240 ,US,US&CA,1,26/6/23,28.8,27.631,5/8/23 6:46,1.81,RIE,Ad Group Recall (Merged)
20230807,1773375847459840 ,US,US&CA,1,27/6/23,298.93,54.7145,5/8/23 9:09,1.81,RIE,Ad Group Recall (Merged)
20230807,1773348825272330 ,US,US&CA,1,7/8/23,,3.3817,5/8/23 11:00,1.81,RIE,Ad Group Recall (Merged)
20230807,1773346237032480 ,BR,BR,1,7/8/23,,0.4337,5/8/23 11:00,1.7,RIE,Ad Group Recall (Merged)
20230807,1773346342302760 ,BR,BR,1,7/8/23,,0.4337,5/8/23 11:00,1.7,RIE,Ad Group Recall (Merged)
20230807,1773346336051230 ,BR,BR,1,7/8/23,,0.4337,5/8/23 11:00,1.7,RIE,Ad Group Recall (Merged)
20230807,1773346339594250 ,BR,BR,1,7/8/23,0,0.4337,5/8/23 11:00,1.7,RIE,Ad Group Recall (Merged)
20230807,1773346345099280 ,BR,BR,1,7/8/23,,0.4337,5/8/23 11:00,1.7,RIE,Ad Group Recall (Merged)
20230807,1773346333768700 ,BR,BR,1,7/8/23,,0.4337,5/8/23 11:00,1.7,RIE,Ad Group Recall (Merged)
20230807,1773346311054330 ,BR,BR,1,7/8/23,0,0.4337,5/8/23 11:00,1.7,RIE,Ad Group Recall (Merged)
20230807,1773346327842830 ,BR,BR,1,7/8/23,,0.4337,5/8/23 11:00,1.7,RIE,Ad Group Recall (Merged)
20230807,1773367858024480 ,TH,TH,1,17/5/23,36.3266,2.482,5/8/23 5:44,1.64,Auction Ads,auction_relation
20230807,1773371694695420 ,ID,,1,5/6/23,1.7567,1.9215,5/8/23 7:05,0.54,Non-Auction Ads,Promote
20230807,1773383029918720 ,FR,,1,3/7/23,2.7417,5.7226,5/8/23 10:04,0.54,Non-Auction Ads,Promote
20230807,1773393639184430 ,CA,US&CA,1,7/8/23,52.4,4.6544,5/8/23 12:53,1.81,RIE,Ad Group Recall (Merged)
20230807,1773380902068240 ,VN,VN,1,24/6/23,18.2939,6.0064,5/8/23 9:25,2.14,Auction Ads,auction_relation
20230807,1773380902068240 ,VN,VN,1,24/6/23,18.2939,6.0064,5/8/23 9:25,2.14,Auction Ads,auction_relation
20230807,1773380902068240 ,VN,VN,1,24/6/23,18.2939,6.0064,5/8/23 9:25,2.14,Auction Ads,auction_relation
20230807,1773396407077880 ,US,US&CA,1,7/8/23,0.01,0.8732,5/8/23 13:18,1.81,RIE,Ad Group Recall (Merged)
20230807,1773401635594270 ,US,US&CA,1,7/8/23,0.07,0.8732,5/8/23 13:18,1.81,RIE,Ad Group Recall (Merged)
20230807,1773398485640190 ,US,US&CA,1,7/8/23,0.07,0.8732,5/8/23 13:18,1.81,RIE,Ad Group Recall (Merged)
20230807,1773401684114430 ,US,US&CA,1,7/8/23,0.09,0.8732,5/8/23 13:18,1.81,RIE,Ad Group Recall (Merged)
20230807,1773381910968350 ,BR,BR,1,18/6/23,4.0192,1.4127,5/8/23 9:33,1.7,RIE,Ad Group Recall (Merged)
20230807,1773381598208010 ,US,US&CA,1,26/6/23,23.07,4.5538,5/8/23 10:00,1.81,RIE,Ad Group Recall (Merged)
20230807,1773397608445950 ,VN,,1,7/8/23,0,2.5927,5/8/23 13:57,0.54,Non-Auction Ads,Promote
20230807,1773398697773070 ,KZ,Other,1,7/8/23,0.1,0.2981,5/8/23 14:07,1.62,RIE,Ad Group Recall (Merged)
20230807,1773392765187150 ,TH,TH,1,11/7/23,12.965,4.1567,5/8/23 12:37,1.64,Auction Ads,auction_relation
20230807,1773385207743480 ,ID,,1,5/6/23,4.0388,1.9215,5/8/23 10:40,0.54,Non-Auction Ads,Promote
20230807,1773385945533440 ,VN,,1,30/5/23,68.0172,7.999,5/8/23 10:50,0.54,Non-Auction Ads,Promote
20230807,1773389156725760 ,VN,,1,19/6/23,4.8904,2.2251,5/8/23 11:44,0.54,Non-Auction Ads,Promote
20230807,1773386284741630 ,VN,,1,30/5/23,1.6626,7.999,5/8/23 10:56,0.54,Non-Auction Ads,Promote
20230807,1773403784563720 ,VN,VN,1,7/8/23,0,0.4125,5/8/23 15:31,2.14,Auction Ads,auction_relation
20230807,1773399079513100 ,NO,Others,1,7/8/23,0,4.022,5/8/23 16:00,1.56,Auction Ads,auction_all
20230807,1773399354475560 ,NO,Others,1,7/8/23,15.56,4.022,5/8/23 16:00,1.56,Auction Ads,auction_all
20230807,1773406769369090 ,SA,,1,6/8/23,0,5.2357,5/8/23 16:22,0.54,Non-Auction Ads,Promote
20230807,1773397439563770 ,JP,JP,1,15/6/23,787.7965,67.6864,5/8/23 13:51,3.21,RIE,Ad Group Recall (Merged)
20230807,1773345599535150 ,US,US&CA,1,10/5/23,18.19,8.3497,5/8/23 12:00,1.81,RIE,Ad Group Recall (Merged)
20230807,1773446184227840 ,US,US&CA,3,4/8/23,62.03,12.5146,6/8/23 3:47,1.81,RIE,Ad Group Recall (Merged)
20230807,1773431921266720 ,BR,BR,2,6/8/23,42.9407,0,6/8/23 3:01,1.7,RIE,Ad Group Recall (Merged)
20230807,1773410177208330 ,NO,Others,1,7/8/23,0,1.538,5/8/23 17:15,1.56,Auction Ads,auction_all
20230807,1773410177208330 ,DK,DK,1,7/8/23,0,1.538,5/8/23 17:15,1.31,Auction Ads,auction_relation
20230807,1773392301869100 ,FR,FR,2,22/6/23,21.9344,7.2599,5/8/23 23:00,1.76,RIE,Ad Group Recall (Merged)
20230807,1773399312182270 ,VN,,1,16/6/23,0,2.5961,5/8/23 14:24,0.54,Non-Auction Ads,Promote
20230807,1773406291141660 ,GB,GB,1,17/7/23,49.2275,17.6014,5/8/23 17:00,1.72,RIE,Ad Group Recall (Merged)
20230807,1773406291141660 ,GB,GB,1,17/7/23,49.2275,17.6014,5/8/23 17:00,1.72,RIE,Ad Group Recall (Merged)
20230807,1773409261839360 ,VN,,1,7/7/23,0,3.9934,5/8/23 17:01,0.54,Non-Auction Ads,Promote
20230807,1773409261839360 ,VN,,1,7/7/23,0,3.9934,5/8/23 17:01,0.54,Non-Auction Ads,Promote
20230807,1773405352465440 ,NO,Other,1,26/6/23,6.38,4.6515,5/8/23 16:00,1.62,RIE,Ad Group Recall (Merged)
20230807,1773408156525570 ,VN,,1,26/6/23,0,2.6629,5/8/23 16:43,0.54,Non-Auction Ads,Promote
20230807,1773414954855420 ,FR,,1,3/7/23,10.8308,5.7226,5/8/23 18:31,0.54,Non-Auction Ads,Promote
20230807,1773460649272350 ,VN,VN,12,2/8/23,,2.427,6/8/23 6:35,2.14,Auction Ads,auction_relation
20230807,1773428401288190 ,VN,,1,7/8/23,0,1.0244,5/8/23 22:05,0.54,Non-Auction Ads,Promote
20230807,1773428471490560 ,VN,,1,7/8/23,0,1.0244,5/8/23 22:06,0.54,Non-Auction Ads,Promote
20230807,1773428783819770 ,VN,,1,7/8/23,0,0.8148,5/8/23 22:11,0.54,Non-Auction Ads,Promote
20230807,1773429007750140 ,VN,,1,7/8/23,0,1.0473,5/8/23 22:15,0.54,Non-Auction Ads,Promote
20230807,1773429058322430 ,VN,,1,7/8/23,0,1.0473,5/8/23 22:15,0.54,Non-Auction Ads,Promote
20230807,1773429428414460 ,VN,,1,7/8/23,0,0.9167,5/8/23 22:21,0.54,Non-Auction Ads,Promote
20230807,1773429522808830 ,VN,,1,7/8/23,0,0.9167,5/8/23 22:23,0.54,Non-Auction Ads,Promote
20230807,1773459727963180 ,VN,VN,2,29/7/23,9.1288,6.3485,6/8/23 6:21,2.14,Auction Ads,auction_relation
20230807,1773430121029630 ,VN,,1,7/8/23,0,1.1387,5/8/23 22:32,0.54,Non-Auction Ads,Promote
20230807,1773430361188350 ,VN,,1,7/8/23,0,1.1151,5/8/23 22:36,0.54,Non-Auction Ads,Promote
20230807,1773430426032130 ,VN,,1,7/8/23,0,1.1151,5/8/23 22:37,0.54,Non-Auction Ads,Promote
20230807,1773460363374590 ,VN,VN,2,29/7/23,9.9413,6.3485,6/8/23 6:30,2.14,Auction Ads,auction_relation
20230807,1773460517858330 ,VN,VN,2,29/7/23,9.8298,6.3485,6/8/23 6:34,2.14,Auction Ads,auction_relation
20230807,1773420543426560 ,FR,,1,3/7/23,13.2407,5.7226,5/8/23 20:00,0.54,Non-Auction Ads,Promote
20230807,1773439466910720 ,IQ,Other,1,27/7/23,12.09,7.343,6/8/23 0:58,1.62,RIE,Ad Group Recall (Merged)
20230807,1773466885942270 ,VN,VN,2,18/7/23,,3.0516,6/8/23 8:15,2.14,Auction Ads,auction_relation
20230807,1773423468685360 ,AU,AU,1,10/5/23,25.5236,28.5358,5/8/23 20:59,1.84,Auction Ads,auction_relation
20230807,1773447056881680 ,BR,BR,1,7/8/23,0,5.8938,6/8/23 3:00,1.7,RIE,Ad Group Recall (Merged)
20230807,1773425053572120 ,US,USCA,1,16/5/23,1.14,51.0364,5/8/23 22:01,1.78,Auction Ads,auction_relation
20230807,1773446793053180 ,VN,,1,7/8/23,0,1.3598,6/8/23 2:57,0.54,Non-Auction Ads,Promote
20230807,1773448334486540 ,BR,BR,1,7/8/23,39.3942,13.7716,6/8/23 3:21,1.7,RIE,Ad Group Recall (Merged)
20230807,1773448439321600 ,SA,,1,7/8/23,0.957,0.7177,6/8/23 3:24,1.53,RIE,Promote Report Recall
20230807,1773472942358540 ,VN,VN,12,2/8/23,1.1753,2.427,6/8/23 9:52,2.14,Auction Ads,auction_relation
20230807,1773447243059230 ,CA,US&CA,1,7/8/23,1.97,4.2556,6/8/23 4:02,1.81,RIE,Ad Group Recall (Merged)
20230807,1773431988812800 ,BR,,1,8/6/23,2.2059,1.4843,5/8/23 23:03,0.54,Non-Auction Ads,Promote
20230807,1773449458065420 ,VN,VN,1,13/7/23,2.59,2.6567,6/8/23 3:38,2.13,RIE,Ad Group Recall (Merged)
20230807,1773456647873530 ,SA,,1,7/8/23,0.9382,2.1353,6/8/23 5:35,1.53,RIE,Promote Report Recall
20230807,1773458711001120 ,TR,TR,1,3/8/23,111.7134,59.163,6/8/23 6:05,1.63,RIE,Ad Group Recall (Merged)
20230807,1773462260348970 ,VN,VN,1,7/8/23,,0.8912,6/8/23 6:51,2.14,Auction Ads,auction_relation
20230807,1773444723590140 ,VN,,1,17/5/23,0.3876,1.0116,6/8/23 2:24,0.54,Non-Auction Ads,Promote
20230807,1773472237628430 ,VN,VN,2,25/5/23,6.4691,3.078,6/8/23 9:40,2.14,Auction Ads,auction_relation
20230807,1773472242539630 ,VN,VN,2,25/5/23,8.7381,3.078,6/8/23 9:40,2.14,Auction Ads,auction_relation
20230807,1773462457716730 ,VN,VN,1,7/8/23,,0.8912,6/8/23 7:04,2.14,Auction Ads,auction_relation
20230807,1773465136243710 ,TR,,1,7/8/23,0.0708,0.3953,6/8/23 7:50,1.53,RIE,Promote Report Recall
20230807,1773465579850760 ,US,US&CA,1,7/8/23,8.09,50.8091,6/8/23 8:55,1.81,RIE,Ad Group Recall (Merged)
20230807,1773465107291130 ,CA,US&CA,1,7/8/23,42.9,11.094,6/8/23 8:38,1.81,RIE,Ad Group Recall (Merged)
20230807,1773468298853390 ,KH,Other,1,6/8/23,1.3724,8.373,6/8/23 8:38,1.62,RIE,Ad Group Recall (Merged)
20230807,1773454682184730 ,CA,US&CA,1,7/8/23,3.48,21.6371,6/8/23 9:02,1.81,RIE,Ad Group Recall (Merged)
20230807,1773482278426620 ,VN,VN,2,25/5/23,6.2168,3.078,6/8/23 11:02,2.14,Auction Ads,auction_relation
20230807,1773482278426620 ,VN,VN,2,25/5/23,6.2168,3.078,6/8/23 11:02,2.14,Auction Ads,auction_relation
20230807,1773458619292670 ,MY,,1,16/6/23,0.9264,0.4479,6/8/23 6:06,1.53,RIE,Promote Report Recall
20230807,1773473862368270 ,GB,GB,1,7/8/23,45.27,61,6/8/23 9:58,1.72,RIE,Ad Group Recall (Merged)
20230807,1773471240645630 ,VN,VN,1,7/8/23,4.5284,1.2901,6/8/23 9:23,2.14,Auction Ads,auction_relation
20230807,1773471404148760 ,VN,VN,1,7/8/23,4.3878,1.2901,6/8/23 9:28,2.14,Auction Ads,auction_relation
20230807,1773471457885280 ,VN,VN,1,7/8/23,4.2524,1.2901,6/8/23 9:30,2.14,Auction Ads,auction_relation
20230807,1773471550450680 ,VN,VN,1,7/8/23,4.1565,1.2901,6/8/23 9:31,2.14,Auction Ads,auction_relation
20230807,1773461746866180 ,PL,,1,10/6/23,0.033,1.3696,6/8/23 6:55,0.54,Non-Auction Ads,Promote
20230807,1773473104978030 ,VN,VN,1,7/8/23,,0.8912,6/8/23 9:54,2.14,Auction Ads,auction_relation
20230807,1773473767795730 ,VN,VN,1,6/8/23,,20.19,6/8/23 10:03,2.14,Auction Ads,auction_relation
20230807,1773461697617920 ,VN,,1,30/5/23,0,7.999,6/8/23 6:55,0.54,Non-Auction Ads,Promote
20230807,1773411246686250 ,BR,BR,1,7/8/23,0.1171,0.4337,6/8/23 10:00,1.7,RIE,Ad Group Recall (Merged)
20230807,1773433950600190 ,FR,FR,1,26/6/23,14.12,5.2745,6/8/23 8:00,1.76,RIE,Ad Group Recall (Merged)
20230807,1773475432677370 ,VN,VN,1,7/8/23,1.6153,3.5651,6/8/23 10:30,2.14,Auction Ads,auction_relation
20230807,1773464530161660 ,MY,,1,23/5/23,3.561,3.3003,6/8/23 7:40,1.53,RIE,Promote Report Recall
20230807,1773477316686850 ,VN,VN,1,6/8/23,,33.62,6/8/23 11:01,2.14,Auction Ads,auction_relation
20230807,1773477350284290 ,VN,VN,1,6/8/23,,33.62,6/8/23 11:03,2.14,Auction Ads,auction_relation
20230807,1773487659961360 ,CA,US&CA,2,5/8/23,194.87,44.2432,6/8/23 13:47,1.81,RIE,Ad Group Recall (Merged)
20230807,1773412054634510 ,BR,BR,1,7/8/23,0,0.4337,6/8/23 11:00,1.7,RIE,Ad Group Recall (Merged)
20230807,1773412051758090 ,BR,BR,1,7/8/23,0,0.4337,6/8/23 11:00,1.7,RIE,Ad Group Recall (Merged)
20230807,1773412047352850 ,BR,BR,1,7/8/23,0,0.4337,6/8/23 11:00,1.7,RIE,Ad Group Recall (Merged)
20230807,1773411955249180 ,BR,BR,1,7/8/23,0,0.4337,6/8/23 11:00,1.7,RIE,Ad Group Recall (Merged)
20230807,1773473992625150 ,SA,,1,17/7/23,13.5091,1.2422,6/8/23 10:10,0.54,Non-Auction Ads,Promote
20230807,1773473442439160 ,VN,,1,7/7/23,25.8953,3.9934,6/8/23 10:01,1.53,RIE,Promote Report Recall
20230807,1773478369197090 ,KR,KR,1,7/8/23,,14.8117,6/8/23 11:15,2.37,Auction Ads,auction_relation
20230807,1773478375116800 ,KR,KR,1,7/8/23,,14.8117,6/8/23 11:15,2.37,Auction Ads,auction_relation
20230807,1773478297419820 ,GB,GB,1,7/8/23,9.04,12.5,6/8/23 11:14,1.72,RIE,Ad Group Recall (Merged)
20230807,1773470380137470 ,SA,MENA,1,23/6/23,46.84,1.8271,6/8/23 9:09,1.67,RIE,Ad Group Recall (Merged)
20230807,1773474171413500 ,VN,,1,7/7/23,16.7251,3.9934,6/8/23 10:12,0.54,Non-Auction Ads,Promote
20230807,1773478779416590 ,VN,VN,1,6/8/23,,18.48,6/8/23 11:25,2.14,Auction Ads,auction_relation
20230807,1773471080614940 ,SA,MENA,1,23/6/23,37.34,1.8271,6/8/23 9:23,1.67,RIE,Ad Group Recall (Merged)
20230807,1773471448975400 ,SA,MENA,1,23/6/23,36.96,1.8271,6/8/23 9:28,1.67,RIE,Ad Group Recall (Merged)
20230807,1773474617287690 ,VN,VN,1,3/7/23,,3.6932,6/8/23 10:16,2.14,Auction Ads,auction_relation
20230807,1773476528594950 ,BR,,1,18/7/23,3.0799,1.2179,6/8/23 10:52,0.54,Non-Auction Ads,Promote
20230807,1773480392792090 ,KR,KR,1,7/8/23,,9.9078,6/8/23 11:37,2.37,Auction Ads,auction_relation
20230807,1773480285014050 ,KR,KR,1,7/8/23,,9.9078,6/8/23 11:37,2.37,Auction Ads,auction_relation
20230807,1773480328966140 ,KR,KR,1,7/8/23,,9.9078,6/8/23 11:37,2.37,Auction Ads,auction_relation
20230807,1773480159958030 ,KR,KR,1,7/8/23,,9.9078,6/8/23 11:37,2.37,Auction Ads,auction_relation
20230807,1773480092673020 ,KR,KR,1,7/8/23,,9.9078,6/8/23 11:37,2.37,Auction Ads,auction_relation
20230807,1773480303060010 ,KR,KR,1,7/8/23,,9.9078,6/8/23 11:37,2.37,Auction Ads,auction_relation
20230807,1773480138585100 ,KR,KR,1,7/8/23,,9.9078,6/8/23 11:37,2.37,Auction Ads,auction_relation
20230807,1773480118582270 ,KR,KR,1,7/8/23,,9.9078,6/8/23 11:37,2.37,Auction Ads,auction_relation
20230807,1773480138426380 ,KR,KR,1,7/8/23,,9.9078,6/8/23 11:37,2.37,Auction Ads,auction_relation
20230807,1773480316522490 ,KR,KR,1,7/8/23,,9.9078,6/8/23 11:37,2.37,Auction Ads,auction_relation
20230807,1773480131837970 ,KR,KR,1,7/8/23,,9.9078,6/8/23 11:37,2.37,Auction Ads,auction_relation
20230807,1773480296610840 ,KR,KR,1,7/8/23,,9.9078,6/8/23 11:37,2.37,Auction Ads,auction_relation
20230807,1773480128406520 ,KR,KR,1,7/8/23,,9.9078,6/8/23 11:37,2.37,Auction Ads,auction_relation
20230807,1773480258074650 ,KR,KR,1,7/8/23,,9.9078,6/8/23 11:37,2.37,Auction Ads,auction_relation
20230807,1773480320418840 ,KR,KR,1,7/8/23,,9.9078,6/8/23 11:37,2.37,Auction Ads,auction_relation
20230807,1773480362307610 ,KR,KR,1,7/8/23,,9.9078,6/8/23 11:37,2.37,Auction Ads,auction_relation
20230807,1773480283351070 ,KR,KR,1,7/8/23,,9.9078,6/8/23 11:37,2.37,Auction Ads,auction_relation
20230807,1773480115949560 ,KR,KR,1,7/8/23,,9.9078,6/8/23 11:37,2.37,Auction Ads,auction_relation
20230807,1773480099046440 ,KR,KR,1,7/8/23,,9.9078,6/8/23 11:37,2.37,Auction Ads,auction_relation
20230807,1773480226503680 ,KR,KR,1,7/8/23,,9.9078,6/8/23 11:37,2.37,Auction Ads,auction_relation
20230807,1773480309760010 ,KR,KR,1,7/8/23,,9.9078,6/8/23 11:37,2.37,Auction Ads,auction_relation
20230807,1773480190060590 ,KR,KR,1,7/8/23,,9.9078,6/8/23 11:37,2.37,Auction Ads,auction_relation
20230807,1773480223254530 ,KR,KR,1,7/8/23,,9.9078,6/8/23 11:37,2.37,Auction Ads,auction_relation
20230807,1773480266944510 ,KR,KR,1,7/8/23,,9.9078,6/8/23 11:37,2.37,Auction Ads,auction_relation
20230807,1773480255464450 ,KR,KR,1,7/8/23,,9.9078,6/8/23 11:37,2.37,Auction Ads,auction_relation
20230807,1773480335642620 ,KR,KR,1,7/8/23,,9.9078,6/8/23 11:37,2.37,Auction Ads,auction_relation
20230807,1773480181559340 ,KR,KR,1,7/8/23,,9.9078,6/8/23 11:37,2.37,Auction Ads,auction_relation
20230807,1773480351216680 ,KR,KR,1,7/8/23,,9.9078,6/8/23 11:37,2.37,Auction Ads,auction_relation
20230807,1773480144990210 ,KR,KR,1,7/8/23,,9.9078,6/8/23 11:37,2.37,Auction Ads,auction_relation
20230807,1773480266717230 ,KR,KR,1,7/8/23,,9.9078,6/8/23 11:37,2.37,Auction Ads,auction_relation
20230807,1773480192195580 ,KR,KR,1,7/8/23,,9.9078,6/8/23 11:37,2.37,Auction Ads,auction_relation
20230807,1773480218002480 ,KR,KR,1,7/8/23,,9.9078,6/8/23 11:37,2.37,Auction Ads,auction_relation
20230807,1773480207687690 ,KR,KR,1,7/8/23,,9.9078,6/8/23 11:37,2.37,Auction Ads,auction_relation
20230807,1773480148480040 ,KR,KR,1,7/8/23,,9.9078,6/8/23 11:37,2.37,Auction Ads,auction_relation
20230807,1773480213883930 ,KR,KR,1,7/8/23,,9.9078,6/8/23 11:37,2.37,Auction Ads,auction_relation
20230807,1773480363013130 ,KR,KR,1,7/8/23,,9.9078,6/8/23 11:37,2.37,Auction Ads,auction_relation
20230807,1773480255633450 ,KR,KR,1,7/8/23,,9.9078,6/8/23 11:37,2.37,Auction Ads,auction_relation
20230807,1773480204567550 ,KR,KR,1,7/8/23,,9.9078,6/8/23 11:37,2.37,Auction Ads,auction_relation
20230807,1773480145781810 ,KR,KR,1,7/8/23,,9.9078,6/8/23 11:37,2.37,Auction Ads,auction_relation
20230807,1773480243498000 ,KR,KR,1,7/8/23,,9.9078,6/8/23 11:37,2.37,Auction Ads,auction_relation
20230807,1773480095727650 ,KR,KR,1,7/8/23,,9.9078,6/8/23 11:37,2.37,Auction Ads,auction_relation
20230807,1773480113928240 ,KR,KR,1,7/8/23,,9.9078,6/8/23 11:37,2.37,Auction Ads,auction_relation
20230807,1773480113001500 ,KR,KR,1,7/8/23,,9.9078,6/8/23 11:37,2.37,Auction Ads,auction_relation
20230807,1773480292552750 ,KR,KR,1,7/8/23,,9.9078,6/8/23 11:37,2.37,Auction Ads,auction_relation
20230807,1773480201471010 ,KR,KR,1,7/8/23,,9.9078,6/8/23 11:37,2.37,Auction Ads,auction_relation
20230807,1773480293220400 ,KR,KR,1,7/8/23,,9.9078,6/8/23 11:37,2.37,Auction Ads,auction_relation
20230807,1773480286545930 ,KR,KR,1,7/8/23,,9.9078,6/8/23 11:37,2.37,Auction Ads,auction_relation
20230807,1773480320315400 ,KR,KR,1,7/8/23,,9.9078,6/8/23 11:37,2.37,Auction Ads,auction_relation
20230807,1773480379372540 ,KR,KR,1,7/8/23,,9.9078,6/8/23 11:37,2.37,Auction Ads,auction_relation
20230807,1773480245073960 ,KR,KR,1,7/8/23,,9.9078,6/8/23 11:37,2.37,Auction Ads,auction_relation
20230807,1773480411696160 ,KR,KR,1,7/8/23,,9.9078,6/8/23 11:37,2.37,Auction Ads,auction_relation
20230807,1773480391396350 ,KR,KR,1,7/8/23,,9.9078,6/8/23 11:37,2.37,Auction Ads,auction_relation
20230807,1773480190451710 ,KR,KR,1,7/8/23,,9.9078,6/8/23 11:37,2.37,Auction Ads,auction_relation
20230807,1773480171041890 ,KR,KR,1,7/8/23,,9.9078,6/8/23 11:37,2.37,Auction Ads,auction_relation
20230807,1773480378487850 ,KR,KR,1,7/8/23,,9.9078,6/8/23 11:37,2.37,Auction Ads,auction_relation
20230807,1773480318488610 ,KR,KR,1,7/8/23,,9.9078,6/8/23 11:37,2.37,Auction Ads,auction_relation
20230807,1773480183613470 ,KR,KR,1,7/8/23,,9.9078,6/8/23 11:37,2.37,Auction Ads,auction_relation
20230807,1773480281278460 ,KR,KR,1,7/8/23,,9.9078,6/8/23 11:37,2.37,Auction Ads,auction_relation
20230807,1773480108978200 ,KR,KR,1,7/8/23,,9.9078,6/8/23 11:37,2.37,Auction Ads,auction_relation
20230807,1773480268603440 ,KR,KR,1,7/8/23,,9.9078,6/8/23 11:37,2.37,Auction Ads,auction_relation
20230807,1773480143765530 ,KR,KR,1,7/8/23,,9.9078,6/8/23 11:37,2.37,Auction Ads,auction_relation
20230807,1773480277095420 ,KR,KR,1,7/8/23,,9.9078,6/8/23 11:37,2.37,Auction Ads,auction_relation
20230807,1773480204601370 ,KR,KR,1,7/8/23,,9.9078,6/8/23 11:37,2.37,Auction Ads,auction_relation
20230807,1773480383564800 ,KR,KR,1,7/8/23,,9.9078,6/8/23 11:37,2.37,Auction Ads,auction_relation
20230807,1773478583326770 ,DE,DE,1,3/8/23,20.4256,6.4176,6/8/23 11:30,1.01,Auction Ads,auction_relation
20230807,1773476666438660 ,SA,,1,6/7/23,27.6342,2.7944,6/8/23 10:53,0.54,Non-Auction Ads,Promote
20230807,1773480147957760 ,KR,KR,1,7/8/23,,16.302,6/8/23 11:37,2.37,Auction Ads,auction_relation
20230807,1773480217139280 ,KR,KR,1,7/8/23,,16.302,6/8/23 11:37,2.37,Auction Ads,auction_relation
20230807,1773480264709150 ,KR,KR,1,7/8/23,,16.302,6/8/23 11:37,2.37,Auction Ads,auction_relation
20230807,1773480183055410 ,KR,KR,1,7/8/23,,16.302,6/8/23 11:37,2.37,Auction Ads,auction_relation
20230807,1773480204988440 ,KR,KR,1,7/8/23,,16.302,6/8/23 11:37,2.37,Auction Ads,auction_relation
20230807,1773480144401400 ,KR,KR,1,7/8/23,,16.302,6/8/23 11:37,2.37,Auction Ads,auction_relation
20230807,1773480232930350 ,KR,KR,1,7/8/23,,16.302,6/8/23 11:37,2.37,Auction Ads,auction_relation
20230807,1773480353173580 ,KR,KR,1,7/8/23,,16.302,6/8/23 11:37,2.37,Auction Ads,auction_relation
20230807,1773480356607020 ,KR,KR,1,7/8/23,,16.302,6/8/23 11:37,2.37,Auction Ads,auction_relation
20230807,1773480219272240 ,KR,KR,1,7/8/23,,16.302,6/8/23 11:37,2.37,Auction Ads,auction_relation
20230807,1773480386059310 ,KR,KR,1,7/8/23,,16.302,6/8/23 11:37,2.37,Auction Ads,auction_relation
20230807,1773480142469120 ,KR,KR,1,7/8/23,,16.302,6/8/23 11:37,2.37,Auction Ads,auction_relation
20230807,1773480248335370 ,KR,KR,1,7/8/23,,16.302,6/8/23 11:37,2.37,Auction Ads,auction_relation
20230807,1773480206017560 ,KR,KR,1,7/8/23,,16.302,6/8/23 11:37,2.37,Auction Ads,auction_relation
20230807,1773480348769320 ,KR,KR,1,7/8/23,,16.302,6/8/23 11:37,2.37,Auction Ads,auction_relation
20230807,1773480339227650 ,KR,KR,1,7/8/23,,16.302,6/8/23 11:37,2.37,Auction Ads,auction_relation
20230807,1773480185746480 ,KR,KR,1,7/8/23,,16.302,6/8/23 11:37,2.37,Auction Ads,auction_relation
20230807,1773480280227870 ,KR,KR,1,7/8/23,,16.302,6/8/23 11:37,2.37,Auction Ads,auction_relation
20230807,1773480363990010 ,KR,KR,1,7/8/23,,16.302,6/8/23 11:37,2.37,Auction Ads,auction_relation
20230807,1773480289847310 ,KR,KR,1,7/8/23,,16.302,6/8/23 11:37,2.37,Auction Ads,auction_relation
20230807,1773480393786400 ,KR,KR,1,7/8/23,,16.302,6/8/23 11:37,2.37,Auction Ads,auction_relation
20230807,1773480296517680 ,KR,KR,1,7/8/23,,16.302,6/8/23 11:37,2.37,Auction Ads,auction_relation
20230807,1773480133940270 ,KR,KR,1,7/8/23,,16.302,6/8/23 11:37,2.37,Auction Ads,auction_relation
20230807,1773480213883950 ,KR,KR,1,7/8/23,,16.302,6/8/23 11:37,2.37,Auction Ads,auction_relation
20230807,1773480185080850 ,KR,KR,1,7/8/23,,16.302,6/8/23 11:37,2.37,Auction Ads,auction_relation
20230807,1773480322499630 ,KR,KR,1,7/8/23,,16.302,6/8/23 11:37,2.37,Auction Ads,auction_relation
20230807,1773480309850120 ,KR,KR,1,7/8/23,,16.302,6/8/23 11:37,2.37,Auction Ads,auction_relation
20230807,1773480225704960 ,KR,KR,1,7/8/23,,16.302,6/8/23 11:37,2.37,Auction Ads,auction_relation
20230807,1773480289218560 ,KR,KR,1,7/8/23,,16.302,6/8/23 11:37,2.37,Auction Ads,auction_relation
20230807,1773480239780860 ,KR,KR,1,7/8/23,,16.302,6/8/23 11:37,2.37,Auction Ads,auction_relation
20230807,1773480316128280 ,KR,KR,1,7/8/23,,16.302,6/8/23 11:37,2.37,Auction Ads,auction_relation
20230807,1773480345296890 ,KR,KR,1,7/8/23,,16.302,6/8/23 11:37,2.37,Auction Ads,auction_relation
20230807,1773480260230170 ,KR,KR,1,7/8/23,,16.302,6/8/23 11:37,2.37,Auction Ads,auction_relation
20230807,1773480209308680 ,KR,KR,1,7/8/23,,16.302,6/8/23 11:37,2.37,Auction Ads,auction_relation
20230807,1773480335172620 ,KR,KR,1,7/8/23,,16.302,6/8/23 11:37,2.37,Auction Ads,auction_relation
20230807,1773480311574540 ,KR,KR,1,7/8/23,,16.302,6/8/23 11:37,2.37,Auction Ads,auction_relation
20230807,1773480246451200 ,KR,KR,1,7/8/23,,16.302,6/8/23 11:37,2.37,Auction Ads,auction_relation
20230807,1773480251952130 ,KR,KR,1,7/8/23,,16.302,6/8/23 11:37,2.37,Auction Ads,auction_relation
20230807,1773480271826970 ,KR,KR,1,7/8/23,,16.302,6/8/23 11:37,2.37,Auction Ads,auction_relation
20230807,1773480393061400 ,KR,KR,1,7/8/23,,16.302,6/8/23 11:37,2.37,Auction Ads,auction_relation
20230807,1773480206730240 ,KR,KR,1,7/8/23,,16.302,6/8/23 11:37,2.37,Auction Ads,auction_relation
20230807,1773480125175800 ,KR,KR,1,7/8/23,,16.302,6/8/23 11:37,2.37,Auction Ads,auction_relation
20230807,1773480325653500 ,KR,KR,1,7/8/23,,16.302,6/8/23 11:37,2.37,Auction Ads,auction_relation
20230807,1773480417284110 ,KR,KR,1,7/8/23,,16.302,6/8/23 11:37,2.37,Auction Ads,auction_relation
20230807,1773480131569660 ,KR,KR,1,7/8/23,,16.302,6/8/23 11:37,2.37,Auction Ads,auction_relation
20230807,1773480370154540 ,KR,KR,1,7/8/23,,16.302,6/8/23 11:37,2.37,Auction Ads,auction_relation
20230807,1773480316884000 ,KR,KR,1,7/8/23,,16.302,6/8/23 11:37,2.37,Auction Ads,auction_relation
20230807,1773480190693390 ,KR,KR,1,7/8/23,,16.302,6/8/23 11:37,2.37,Auction Ads,auction_relation
20230807,1773480173826090 ,KR,KR,1,7/8/23,,16.302,6/8/23 11:37,2.37,Auction Ads,auction_relation
20230807,1773480271682670 ,KR,KR,1,7/8/23,,16.302,6/8/23 11:37,2.37,Auction Ads,auction_relation
20230807,1773480306925610 ,KR,KR,1,7/8/23,,16.302,6/8/23 11:37,2.37,Auction Ads,auction_relation
20230807,1773474254568450 ,GR,,1,25/6/23,3.116,3.0806,6/8/23 10:15,0.54,Non-Auction Ads,Promote
20230807,1773472449158170 ,SA,MENA,1,21/5/23,,8.2155,6/8/23 9:43,1.78,Auction Ads,auction_relation
20230807,1773483459430430 ,VN,VN,2,25/5/23,6.2645,3.078,6/8/23 12:34,2.14,Auction Ads,auction_relation
20230807,1773479598365690 ,KW,Other,1,5/7/23,18.65,33.6659,6/8/23 11:35,1.62,RIE,Ad Group Recall (Merged)
20230807,1773480744773640 ,RO,Other,1,7/8/23,80.1,35.35,6/8/23 11:42,1.62,RIE,Ad Group Recall (Merged)
20230807,1773473581525020 ,SA,MENA,1,21/5/23,,8.2155,6/8/23 10:02,1.78,Auction Ads,auction_relation
20230807,1773490798632970 ,SA,MENA,4,17/6/23,474.346,107.5685,6/8/23 14:31,1.67,RIE,Ad Group Recall (Merged)
20230807,1773480342566940 ,KR,KR,1,7/8/23,,6.295,6/8/23 11:37,2.37,Auction Ads,auction_relation
20230807,1773480215531530 ,KR,KR,1,7/8/23,,6.295,6/8/23 11:37,2.37,Auction Ads,auction_relation
20230807,1773480341567490 ,KR,KR,1,7/8/23,,6.295,6/8/23 11:37,2.37,Auction Ads,auction_relation
20230807,1773480147304490 ,KR,KR,1,7/8/23,,6.295,6/8/23 11:37,2.37,Auction Ads,auction_relation
20230807,1773480108058640 ,KR,KR,1,7/8/23,,6.295,6/8/23 11:37,2.37,Auction Ads,auction_relation
20230807,1773480316543000 ,KR,KR,1,7/8/23,,6.295,6/8/23 11:37,2.37,Auction Ads,auction_relation
20230807,1773480221343770 ,KR,KR,1,7/8/23,,6.295,6/8/23 11:37,2.37,Auction Ads,auction_relation
20230807,1773480182598670 ,KR,KR,1,7/8/23,,6.295,6/8/23 11:37,2.37,Auction Ads,auction_relation
20230807,1773480303241210 ,KR,KR,1,7/8/23,,6.295,6/8/23 11:37,2.37,Auction Ads,auction_relation
20230807,1773480105889840 ,KR,KR,1,7/8/23,,6.295,6/8/23 11:37,2.37,Auction Ads,auction_relation
20230807,1773480395317250 ,KR,KR,1,7/8/23,,6.295,6/8/23 11:37,2.37,Auction Ads,auction_relation
20230807,1773480136456220 ,KR,KR,1,7/8/23,,6.295,6/8/23 11:37,2.37,Auction Ads,auction_relation
20230807,1773480242663470 ,KR,KR,1,7/8/23,,6.295,6/8/23 11:37,2.37,Auction Ads,auction_relation
20230807,1773480248677390 ,KR,KR,1,7/8/23,,6.295,6/8/23 11:37,2.37,Auction Ads,auction_relation
20230807,1773480139299850 ,KR,KR,1,7/8/23,,6.295,6/8/23 11:37,2.37,Auction Ads,auction_relation
20230807,1773480232206370 ,KR,KR,1,7/8/23,,6.295,6/8/23 11:37,2.37,Auction Ads,auction_relation
20230807,1773480331183180 ,KR,KR,1,7/8/23,,6.295,6/8/23 11:37,2.37,Auction Ads,auction_relation
20230807,1773480121912320 ,KR,KR,1,7/8/23,,6.295,6/8/23 11:37,2.37,Auction Ads,auction_relation
20230807,1773480170958850 ,KR,KR,1,7/8/23,,6.295,6/8/23 11:37,2.37,Auction Ads,auction_relation
20230807,1773480125175820 ,KR,KR,1,7/8/23,,6.295,6/8/23 11:37,2.37,Auction Ads,auction_relation
20230807,1773480393100330 ,KR,KR,1,7/8/23,,6.295,6/8/23 11:37,2.37,Auction Ads,auction_relation
20230807,1773480252596240 ,KR,KR,1,7/8/23,,6.295,6/8/23 11:37,2.37,Auction Ads,auction_relation
20230807,1773480210866170 ,KR,KR,1,7/8/23,,6.295,6/8/23 11:37,2.37,Auction Ads,auction_relation
20230807,1773480118581330 ,KR,KR,1,7/8/23,,6.295,6/8/23 11:37,2.37,Auction Ads,auction_relation
20230807,1773480117221370 ,KR,KR,1,7/8/23,,6.295,6/8/23 11:37,2.37,Auction Ads,auction_relation
20230807,1773480383851530 ,KR,KR,1,7/8/23,,6.295,6/8/23 11:37,2.37,Auction Ads,auction_relation
20230807,1773479894922290 ,KR,KR,1,7/8/23,,6.295,6/8/23 11:37,2.37,Auction Ads,auction_relation
20230807,1773480262292480 ,KR,KR,1,7/8/23,,6.295,6/8/23 11:37,2.37,Auction Ads,auction_relation
20230807,1773480099358750 ,KR,KR,1,7/8/23,,6.295,6/8/23 11:37,2.37,Auction Ads,auction_relation
20230807,1773480131733530 ,KR,KR,1,7/8/23,,6.295,6/8/23 11:37,2.37,Auction Ads,auction_relation
20230807,1773480380726320 ,KR,KR,1,7/8/23,,6.295,6/8/23 11:37,2.37,Auction Ads,auction_relation
20230807,1773480245440520 ,KR,KR,1,7/8/23,,6.295,6/8/23 11:37,2.37,Auction Ads,auction_relation
20230807,1773480138037260 ,KR,KR,1,7/8/23,,6.295,6/8/23 11:37,2.37,Auction Ads,auction_relation
20230807,1773480382999570 ,KR,KR,1,7/8/23,,6.295,6/8/23 11:37,2.37,Auction Ads,auction_relation
20230807,1773480277982210 ,KR,KR,1,7/8/23,,6.295,6/8/23 11:37,2.37,Auction Ads,auction_relation
20230807,1773480268735490 ,KR,KR,1,7/8/23,,6.295,6/8/23 11:37,2.37,Auction Ads,auction_relation
20230807,1773480404336670 ,KR,KR,1,7/8/23,,6.295,6/8/23 11:37,2.37,Auction Ads,auction_relation
20230807,1773480366951420 ,KR,KR,1,7/8/23,,6.295,6/8/23 11:37,2.37,Auction Ads,auction_relation
20230807,1773480335562780 ,KR,KR,1,7/8/23,,6.295,6/8/23 11:37,2.37,Auction Ads,auction_relation
20230807,1773480258934780 ,KR,KR,1,7/8/23,,6.295,6/8/23 11:37,2.37,Auction Ads,auction_relation
20230807,1773480225651710 ,KR,KR,1,7/8/23,,6.295,6/8/23 11:37,2.37,Auction Ads,auction_relation
20230807,1773480262121500 ,KR,KR,1,7/8/23,,6.295,6/8/23 11:37,2.37,Auction Ads,auction_relation
20230807,1773480095454280 ,KR,KR,1,7/8/23,,6.295,6/8/23 11:37,2.37,Auction Ads,auction_relation
20230807,1773480374370300 ,KR,KR,1,7/8/23,,6.295,6/8/23 11:37,2.37,Auction Ads,auction_relation
20230807,1773480353156110 ,KR,KR,1,7/8/23,,6.295,6/8/23 11:37,2.37,Auction Ads,auction_relation
20230807,1773480214589440 ,KR,KR,1,7/8/23,,6.295,6/8/23 11:37,2.37,Auction Ads,auction_relation
20230807,1773480319771640 ,KR,KR,1,7/8/23,,6.295,6/8/23 11:37,2.37,Auction Ads,auction_relation
20230807,1773480360929280 ,KR,KR,1,7/8/23,,6.295,6/8/23 11:37,2.37,Auction Ads,auction_relation
20230807,1773481286027310 ,KR,KR,1,7/8/23,,14.8117,6/8/23 11:42,2.37,Auction Ads,auction_relation
20230807,1773481368299520 ,KR,KR,1,7/8/23,,14.8117,6/8/23 11:42,2.37,Auction Ads,auction_relation
20230807,1773481383482400 ,KR,KR,1,7/8/23,,14.8117,6/8/23 11:42,2.37,Auction Ads,auction_relation
20230807,1773481382040570 ,KR,KR,1,7/8/23,,14.8117,6/8/23 11:42,2.37,Auction Ads,auction_relation
20230807,1773481254136830 ,KR,KR,1,7/8/23,,14.8117,6/8/23 11:42,2.37,Auction Ads,auction_relation
20230807,1773481354215470 ,KR,KR,1,7/8/23,,14.8117,6/8/23 11:42,2.37,Auction Ads,auction_relation
20230807,1773481269605390 ,KR,KR,1,7/8/23,,14.8117,6/8/23 11:42,2.37,Auction Ads,auction_relation
20230807,1773481215200290 ,KR,KR,1,7/8/23,,14.8117,6/8/23 11:42,2.37,Auction Ads,auction_relation
20230807,1773481346099250 ,KR,KR,1,7/8/23,,14.8117,6/8/23 11:42,2.37,Auction Ads,auction_relation
20230807,1773481209226290 ,KR,KR,1,7/8/23,,14.8117,6/8/23 11:42,2.37,Auction Ads,auction_relation
20230807,1773481221870610 ,KR,KR,1,7/8/23,,14.8117,6/8/23 11:42,2.37,Auction Ads,auction_relation
20230807,1773481270351880 ,KR,KR,1,7/8/23,,14.8117,6/8/23 11:42,2.37,Auction Ads,auction_relation
20230807,1773481327572990 ,KR,KR,1,7/8/23,,14.8117,6/8/23 11:42,2.37,Auction Ads,auction_relation
20230807,1773481285030940 ,KR,KR,1,7/8/23,,14.8117,6/8/23 11:42,2.37,Auction Ads,auction_relation
20230807,1773481252388860 ,KR,KR,1,7/8/23,,14.8117,6/8/23 11:42,2.37,Auction Ads,auction_relation
20230807,1773481244559410 ,KR,KR,1,7/8/23,,14.8117,6/8/23 11:42,2.37,Auction Ads,auction_relation
20230807,1773481357836320 ,KR,KR,1,7/8/23,,14.8117,6/8/23 11:42,2.37,Auction Ads,auction_relation
20230807,1773481381075980 ,KR,KR,1,7/8/23,,14.8117,6/8/23 11:42,2.37,Auction Ads,auction_relation
20230807,1773481362266110 ,KR,KR,1,7/8/23,,14.8117,6/8/23 11:42,2.37,Auction Ads,auction_relation
20230807,1773481282116620 ,KR,KR,1,7/8/23,,14.8117,6/8/23 11:42,2.37,Auction Ads,auction_relation
20230807,1773481235202040 ,KR,KR,1,7/8/23,,14.8117,6/8/23 11:42,2.37,Auction Ads,auction_relation
20230807,1773481311511580 ,KR,KR,1,7/8/23,,14.8117,6/8/23 11:42,2.37,Auction Ads,auction_relation
20230807,1773481272522750 ,KR,KR,1,7/8/23,,14.8117,6/8/23 11:42,2.37,Auction Ads,auction_relation
20230807,1773481220869150 ,KR,KR,1,7/8/23,,14.8117,6/8/23 11:42,2.37,Auction Ads,auction_relation
20230807,1773481191261180 ,KR,KR,1,7/8/23,,14.8117,6/8/23 11:42,2.37,Auction Ads,auction_relation
20230807,1773481232986120 ,KR,KR,1,7/8/23,,14.8117,6/8/23 11:42,2.37,Auction Ads,auction_relation
20230807,1773481256881160 ,KR,KR,1,7/8/23,,14.8117,6/8/23 11:42,2.37,Auction Ads,auction_relation
20230807,1773481328913410 ,KR,KR,1,7/8/23,,14.8117,6/8/23 11:42,2.37,Auction Ads,auction_relation
20230807,1773481315721260 ,KR,KR,1,7/8/23,,14.8117,6/8/23 11:42,2.37,Auction Ads,auction_relation
20230807,1773481381568510 ,KR,KR,1,7/8/23,,14.8117,6/8/23 11:42,2.37,Auction Ads,auction_relation
20230807,1773482259598380 ,KR,KR,1,7/8/23,,3.337,6/8/23 12:09,2.37,Auction Ads,auction_relation
20230807,1773482306646010 ,KR,KR,1,7/8/23,,3.337,6/8/23 12:09,2.37,Auction Ads,auction_relation
20230807,1773482224448510 ,KR,KR,1,7/8/23,,3.337,6/8/23 12:09,2.37,Auction Ads,auction_relation
20230807,1773482213990430 ,KR,KR,1,7/8/23,,3.337,6/8/23 12:09,2.37,Auction Ads,auction_relation
20230807,1773482113484850 ,KR,KR,1,7/8/23,,3.337,6/8/23 12:09,2.37,Auction Ads,auction_relation
20230807,1773482185007100 ,KR,KR,1,7/8/23,,3.337,6/8/23 12:09,2.37,Auction Ads,auction_relation
20230807,1773482174499850 ,KR,KR,1,7/8/23,,3.337,6/8/23 12:09,2.37,Auction Ads,auction_relation
20230807,1773482203336750 ,KR,KR,1,7/8/23,,3.337,6/8/23 12:09,2.37,Auction Ads,auction_relation
20230807,1773482317665290 ,KR,KR,1,7/8/23,,3.337,6/8/23 12:09,2.37,Auction Ads,auction_relation
20230807,1773482236349450 ,KR,KR,1,7/8/23,,3.337,6/8/23 12:09,2.37,Auction Ads,auction_relation
20230807,1773482213359640 ,KR,KR,1,7/8/23,,3.337,6/8/23 12:09,2.37,Auction Ads,auction_relation
20230807,1773482132802560 ,KR,KR,1,7/8/23,,3.337,6/8/23 12:09,2.37,Auction Ads,auction_relation
20230807,1773482167841840 ,KR,KR,1,7/8/23,,3.337,6/8/23 12:09,2.37,Auction Ads,auction_relation
20230807,1773482090670080 ,KR,KR,1,7/8/23,,3.337,6/8/23 12:09,2.37,Auction Ads,auction_relation
20230807,1773482105908220 ,KR,KR,1,7/8/23,,3.337,6/8/23 12:09,2.37,Auction Ads,auction_relation
20230807,1773482071564300 ,KR,KR,1,7/8/23,,3.337,6/8/23 12:09,2.37,Auction Ads,auction_relation
20230807,1773482070025230 ,KR,KR,1,7/8/23,,3.337,6/8/23 12:09,2.37,Auction Ads,auction_relation
20230807,1773482239139840 ,KR,KR,1,7/8/23,,3.337,6/8/23 12:09,2.37,Auction Ads,auction_relation
20230807,1773482070876170 ,KR,KR,1,7/8/23,,3.337,6/8/23 12:09,2.37,Auction Ads,auction_relation
20230807,1773482055108650 ,KR,KR,1,7/8/23,,3.337,6/8/23 12:09,2.37,Auction Ads,auction_relation
20230807,1773482250872860 ,KR,KR,1,7/8/23,,3.337,6/8/23 12:09,2.37,Auction Ads,auction_relation
20230807,1773482157921290 ,KR,KR,1,7/8/23,,3.337,6/8/23 12:09,2.37,Auction Ads,auction_relation
20230807,1773482391846940 ,KR,KR,1,7/8/23,,3.337,6/8/23 12:09,2.37,Auction Ads,auction_relation
20230807,1773482192008200 ,KR,KR,1,7/8/23,,3.337,6/8/23 12:09,2.37,Auction Ads,auction_relation
20230807,1773482154521600 ,KR,KR,1,7/8/23,,3.337,6/8/23 12:09,2.37,Auction Ads,auction_relation
20230807,1773482319635490 ,KR,KR,1,7/8/23,,3.337,6/8/23 12:09,2.37,Auction Ads,auction_relation
20230807,1773482120758290 ,KR,KR,1,7/8/23,,3.337,6/8/23 12:09,2.37,Auction Ads,auction_relation
20230807,1773482351927310 ,KR,KR,1,7/8/23,,3.337,6/8/23 12:09,2.37,Auction Ads,auction_relation
20230807,1773482336128050 ,KR,KR,1,7/8/23,,3.337,6/8/23 12:09,2.37,Auction Ads,auction_relation
20230807,1773482195446830 ,KR,KR,1,7/8/23,,3.337,6/8/23 12:09,2.37,Auction Ads,auction_relation
20230807,1773482257877040 ,KR,KR,1,7/8/23,,3.337,6/8/23 12:09,2.37,Auction Ads,auction_relation
20230807,1773482242589720 ,KR,KR,1,7/8/23,,3.337,6/8/23 12:09,2.37,Auction Ads,auction_relation
20230807,1773482171284530 ,KR,KR,1,7/8/23,,3.337,6/8/23 12:09,2.37,Auction Ads,auction_relation
20230807,1773482250655760 ,KR,KR,1,7/8/23,,3.337,6/8/23 12:09,2.37,Auction Ads,auction_relation
20230807,1773482124312610 ,KR,KR,1,7/8/23,,3.337,6/8/23 12:09,2.37,Auction Ads,auction_relation
20230807,1773508219699200 ,TR,TR,1,7/8/23,13.7855,1.1859,6/8/23 12:15,1.63,RIE,Ad Group Recall (Merged)
20230807,1773482187490300 ,KR,KR,1,7/8/23,,9.9078,6/8/23 12:19,2.37,Auction Ads,auction_relation
20230807,1773482205578250 ,KR,KR,1,7/8/23,,9.9078,6/8/23 12:19,2.37,Auction Ads,auction_relation
20230807,1773482288066560 ,KR,KR,1,7/8/23,,9.9078,6/8/23 12:19,2.37,Auction Ads,auction_relation
20230807,1773482240169980 ,KR,KR,1,7/8/23,,9.9078,6/8/23 12:19,2.37,Auction Ads,auction_relation
20230807,1773482170023930 ,KR,KR,1,7/8/23,,9.9078,6/8/23 12:19,2.37,Auction Ads,auction_relation
20230807,1773482300678140 ,KR,KR,1,7/8/23,,9.9078,6/8/23 12:19,2.37,Auction Ads,auction_relation
20230807,1773482281849870 ,KR,KR,1,7/8/23,,9.9078,6/8/23 12:19,2.37,Auction Ads,auction_relation
20230807,1773482193852430 ,KR,KR,1,7/8/23,,9.9078,6/8/23 12:19,2.37,Auction Ads,auction_relation
20230807,1773482183720970 ,KR,KR,1,7/8/23,,9.9078,6/8/23 12:19,2.37,Auction Ads,auction_relation
20230807,1773482238578720 ,KR,KR,1,7/8/23,,9.9078,6/8/23 12:19,2.37,Auction Ads,auction_relation
20230807,1773482198991900 ,KR,KR,1,7/8/23,,9.9078,6/8/23 12:19,2.37,Auction Ads,auction_relation
20230807,1773482261978110 ,KR,KR,1,7/8/23,,9.9078,6/8/23 12:19,2.37,Auction Ads,auction_relation
20230807,1773482167822380 ,KR,KR,1,7/8/23,,9.9078,6/8/23 12:19,2.37,Auction Ads,auction_relation
20230807,1773482216004650 ,KR,KR,1,7/8/23,,9.9078,6/8/23 12:19,2.37,Auction Ads,auction_relation
20230807,1773482291327010 ,KR,KR,1,7/8/23,,9.9078,6/8/23 12:19,2.37,Auction Ads,auction_relation
20230807,1773482166733820 ,KR,KR,1,7/8/23,,9.9078,6/8/23 12:19,2.37,Auction Ads,auction_relation
20230807,1773482261606430 ,KR,KR,1,7/8/23,,9.9078,6/8/23 12:19,2.37,Auction Ads,auction_relation
20230807,1773482287657000 ,KR,KR,1,7/8/23,,9.9078,6/8/23 12:19,2.37,Auction Ads,auction_relation
20230807,1773482201576460 ,KR,KR,1,7/8/23,,9.9078,6/8/23 12:19,2.37,Auction Ads,auction_relation
20230807,1773482171271200 ,KR,KR,1,7/8/23,,9.9078,6/8/23 12:19,2.37,Auction Ads,auction_relation
20230807,1773482094680090 ,KR,KR,1,7/8/23,,9.9078,6/8/23 12:19,2.37,Auction Ads,auction_relation
20230807,1773482562700280 ,KR,KR,1,7/8/23,,14.8117,6/8/23 12:24,2.37,Auction Ads,auction_relation
20230807,1773482653416460 ,KR,KR,1,7/8/23,,14.8117,6/8/23 12:24,2.37,Auction Ads,auction_relation
20230807,1773482528933900 ,KR,KR,1,7/8/23,,14.8117,6/8/23 12:24,2.37,Auction Ads,auction_relation
20230807,1773482530711600 ,KR,KR,1,7/8/23,,14.8117,6/8/23 12:24,2.37,Auction Ads,auction_relation
20230807,1773482654677020 ,KR,KR,1,7/8/23,,14.8117,6/8/23 12:24,2.37,Auction Ads,auction_relation
20230807,1773482528022570 ,KR,KR,1,7/8/23,,14.8117,6/8/23 12:24,2.37,Auction Ads,auction_relation
20230807,1773482557992970 ,KR,KR,1,7/8/23,,14.8117,6/8/23 12:24,2.37,Auction Ads,auction_relation
20230807,1773482537375790 ,KR,KR,1,7/8/23,,14.8117,6/8/23 12:24,2.37,Auction Ads,auction_relation
20230807,1773482585336860 ,KR,KR,1,7/8/23,,14.8117,6/8/23 12:24,2.37,Auction Ads,auction_relation
20230807,1773481279995900 ,VN,,1,22/7/23,0.5087,0.2556,6/8/23 12:06,1.53,RIE,Promote Report Recall
20230807,1773483175899130 ,KR,KR,1,7/8/23,,6.295,6/8/23 12:35,2.37,Auction Ads,auction_relation
20230807,1773483209990190 ,KR,KR,1,7/8/23,,6.295,6/8/23 12:35,2.37,Auction Ads,auction_relation
20230807,1773483273091090 ,KR,KR,1,7/8/23,,6.295,6/8/23 12:35,2.37,Auction Ads,auction_relation
20230807,1773483166969850 ,KR,KR,1,7/8/23,,6.295,6/8/23 12:35,2.37,Auction Ads,auction_relation
20230807,1773498445687850 ,VN,VN,2,7/8/23,,0.5595,6/8/23 16:37,2.14,Auction Ads,auction_relation
20230807,1773498488515580 ,VN,VN,2,7/8/23,,0.5595,6/8/23 16:39,2.14,Auction Ads,auction_relation
20230807,1773486198828040 ,SA,MENA,1,7/8/23,0.7677,28.9667,6/8/23 13:18,1.67,RIE,Ad Group Recall (Merged)
20230807,1773500806973470 ,VN,VN,2,7/8/23,0.5957,0.1994,6/8/23 17:15,2.14,Auction Ads,auction_relation
20230807,1773500739564540 ,VN,VN,2,7/8/23,0.6802,0.1994,6/8/23 17:15,2.14,Auction Ads,auction_relation
20230807,1773486673117230 ,US,US&CA,1,7/8/23,40.63,8.7071,6/8/23 13:26,1.81,RIE,Ad Group Recall (Merged)
20230807,1773497556372490 ,US,USCA,2,25/7/23,1.75,30.4675,6/8/23 17:20,1.78,Auction Ads,auction_relation
20230807,1773484752087090 ,US,US&CA,1,7/8/23,0,3.6741,6/8/23 14:00,1.81,RIE,Ad Group Recall (Merged)
20230807,1773484905211920 ,US,US&CA,1,7/8/23,0,3.6741,6/8/23 14:03,1.81,RIE,Ad Group Recall (Merged)
20230807,1773485039180810 ,US,US&CA,1,7/8/23,0,3.6741,6/8/23 14:04,1.81,RIE,Ad Group Recall (Merged)
20230807,1773485049948160 ,US,US&CA,1,7/8/23,0,3.6741,6/8/23 14:06,1.81,RIE,Ad Group Recall (Merged)
20230807,1773485117485050 ,US,US&CA,1,7/8/23,0,3.6741,6/8/23 14:06,1.81,RIE,Ad Group Recall (Merged)
20230807,1773407537792030 ,US,US&CA,1,10/5/23,2.8,8.3497,6/8/23 12:00,1.81,RIE,Ad Group Recall (Merged)
20230807,1773486103889920 ,KH,,1,19/7/23,4.3534,0.3272,6/8/23 13:24,0.54,Non-Auction Ads,Promote
20230807,1773512215504930 ,NZ,NZ,1,7/8/23,115.7,3.0981,6/8/23 14:20,1.58,Auction Ads,auction_relation
20230807,1773486362201100 ,SA,MENA,1,7/8/23,45.98,6.0559,6/8/23 14:24,1.67,RIE,Ad Group Recall (Merged)
20230807,1773486374442030 ,SA,MENA,1,7/8/23,35.5,6.0559,6/8/23 14:29,1.67,RIE,Ad Group Recall (Merged)
20230807,1773490660098040 ,US,,1,7/8/23,0.6616,1.3373,6/8/23 14:36,1.53,RIE,Promote Report Recall
20230807,1773487986223100 ,CA,US&CA,1,7/8/23,4.46,7.95,6/8/23 14:47,1.81,RIE,Ad Group Recall (Merged)
20230807,1773492055330860 ,BR,BR,1,7/8/23,0,2.7864,6/8/23 14:55,1.7,RIE,Ad Group Recall (Merged)
20230807,1773492839369770 ,KH,Other,1,7/8/23,6.2957,1.57,6/8/23 15:01,1.62,RIE,Ad Group Recall (Merged)
20230807,1773486012089360 ,NO,Others,1,26/6/23,0.29,4.149,6/8/23 13:20,1.56,Auction Ads,auction_all
20230807,1773486012089360 ,IE,IE,1,26/6/23,0.29,4.149,6/8/23 13:20,1.52,Auction Ads,auction_relation
20230807,1773533930427400 ,CA,US&CA,2,7/8/23,13.81,2.0349,6/8/23 19:08,1.81,RIE,Ad Group Recall (Merged)
20230807,1773493236426750 ,BR,BR,1,7/8/23,,0.4337,6/8/23 15:14,1.7,RIE,Ad Group Recall (Merged)
20230807,1773490951187450 ,SA,,1,4/7/23,9.9239,5.868,6/8/23 14:39,0.54,Non-Auction Ads,Promote
20230807,1773495259235330 ,VN,,1,7/8/23,0.5057,0.1947,6/8/23 15:48,1.53,RIE,Promote Report Recall
20230807,1773492990015480 ,VN,VN,1,28/7/23,,1.7076,6/8/23 15:10,2.14,Auction Ads,auction_relation
20230807,1773533861091370 ,CA,US&CA,2,7/8/23,2.71,2.0349,6/8/23 19:55,1.81,RIE,Ad Group Recall (Merged)
20230807,1773511594613800 ,VN,VN,2,7/8/23,0.3724,1.9781,6/8/23 20:04,2.13,RIE,Ad Group Recall (Merged)
20230807,1773511545335850 ,VN,VN,2,7/8/23,0.3056,2.067,6/8/23 20:08,2.13,RIE,Ad Group Recall (Merged)
20230807,1773511655781390 ,VN,VN,2,7/8/23,0.6537,1.9781,6/8/23 20:08,2.13,RIE,Ad Group Recall (Merged)
20230807,1773511655709720 ,VN,VN,2,7/8/23,0.4221,2.149,6/8/23 20:08,2.13,RIE,Ad Group Recall (Merged)
20230807,1773493614622720 ,KH,,1,15/7/23,3.5884,0.4889,6/8/23 15:23,0.54,Non-Auction Ads,Promote
20230807,1773496333091840 ,RO,,1,7/8/23,0.4075,1.7747,6/8/23 16:06,1.53,RIE,Promote Report Recall
20230807,1773513307521040 ,VN,VN,2,7/8/23,0.2834,0.0015,6/8/23 20:33,2.14,Auction Ads,auction_relation
20230807,1773513343236140 ,VN,VN,2,7/8/23,,0.3264,6/8/23 20:36,2.14,Auction Ads,auction_relation
20230807,1773513870150690 ,VN,VN,2,7/8/23,0.1998,0.0015,6/8/23 20:44,2.14,Auction Ads,auction_relation
20230807,1773408177572860 ,CA,US&CA,1,10/5/23,2.34,8.3497,6/8/23 14:00,1.81,RIE,Ad Group Recall (Merged)
20230807,1773514814853150 ,VN,VN,2,7/8/23,,0.0182,6/8/23 20:59,2.14,Auction Ads,auction_relation
20230807,1773514811603970 ,VN,VN,2,7/8/23,,0.0182,6/8/23 20:59,2.14,Auction Ads,auction_relation
20230807,1773514814866480 ,VN,VN,2,7/8/23,,0.0182,6/8/23 20:59,2.14,Auction Ads,auction_relation
20230807,1773501605949450 ,US,US&CA,1,3/8/23,13.45,14.5055,6/8/23 16:25,1.81,RIE,Ad Group Recall (Merged)
20230807,1773491026266110 ,ID,,1,4/6/23,2.9511,0.9061,6/8/23 14:41,1.53,RIE,Promote Report Recall
20230807,1773495216124920 ,VN,,1,2/7/23,29.9564,2.5358,6/8/23 15:48,0.54,Non-Auction Ads,Promote
20230807,1773495904585740 ,CA,US&CA,1,7/8/23,28.59,15.5549,6/8/23 16:57,1.81,RIE,Ad Group Recall (Merged)
20230807,1773499198279710 ,VN,VN,1,6/8/23,,0.1467,6/8/23 16:50,2.14,Auction Ads,auction_relation
20230807,1773499198289920 ,VN,VN,1,6/8/23,,0.1467,6/8/23 16:50,2.14,Auction Ads,auction_relation
20230807,1773516027848700 ,VN,VN,2,7/8/23,1.0302,1.4384,6/8/23 21:17,2.13,RIE,Ad Group Recall (Merged)
20230807,1773490967330810 ,SA,,1,17/5/23,53.4501,7.6882,6/8/23 14:40,0.54,Non-Auction Ads,Promote
20230807,1773516372016170 ,VN,VN,2,7/8/23,0.8515,1.4372,6/8/23 21:23,2.13,RIE,Ad Group Recall (Merged)
20230807,1773516387613730 ,VN,VN,2,7/8/23,0.7727,1.4372,6/8/23 21:23,2.13,RIE,Ad Group Recall (Merged)
20230807,1773516387623950 ,VN,VN,2,7/8/23,0.7786,1.4372,6/8/23 21:23,2.13,RIE,Ad Group Recall (Merged)
20230807,1773515443364890 ,VN,VN,2,3/8/23,6.4069,1.5268,6/8/23 21:03,2.14,Auction Ads,auction_relation
20230807,1773496100708350 ,KH,,1,3/7/23,33.4233,2.8696,6/8/23 16:02,0.54,Non-Auction Ads,Promote
20230807,1773499508430840 ,SG,Other,1,3/8/23,38.4686,6.3182,6/8/23 16:54,1.62,RIE,Ad Group Recall (Merged)
20230807,1773493453242380 ,SA,MENA,1,9/6/23,36.5318,3.958,6/8/23 15:17,1.78,Auction Ads,auction_relation
20230807,1773517843577900 ,VN,VN,2,7/8/23,1.6206,0.9737,6/8/23 21:46,2.13,RIE,Ad Group Recall (Merged)
20230807,1773517867161630 ,VN,VN,2,7/8/23,1.8844,0.9737,6/8/23 21:46,2.13,RIE,Ad Group Recall (Merged)
20230807,1773517843597310 ,VN,VN,2,7/8/23,1.4243,0.9737,6/8/23 21:46,2.13,RIE,Ad Group Recall (Merged)
20230807,1773498239115260 ,TR,,1,16/7/23,6.4829,1.7064,6/8/23 16:38,0.54,Non-Auction Ads,Promote
20230807,1773486316090370 ,NO,Others,1,26/6/23,14.52,4.6621,6/8/23 16:00,1.56,Auction Ads,auction_all
20230807,1773486072417280 ,NO,Others,1,26/6/23,7.67,4.6621,6/8/23 16:00,1.56,Auction Ads,auction_all
20230807,1773485691879440 ,NO,Others,1,26/6/23,12.6,4.631,6/8/23 16:00,1.56,Auction Ads,auction_all
20230807,1773485983771680 ,NO,Others,1,26/6/23,7.71,4.631,6/8/23 16:00,1.56,Auction Ads,auction_all
20230807,1773487081480240 ,IE,IE,1,26/6/23,0.01,3.3701,6/8/23 16:00,1.52,Auction Ads,auction_relation
20230807,1773487081480240 ,DK,DK,1,26/6/23,0.01,3.3701,6/8/23 16:00,1.31,Auction Ads,auction_relation
20230807,1773497159499770 ,KH,,1,3/7/23,8.2645,2.8696,6/8/23 16:24,1.53,RIE,Promote Report Recall
20230807,1773534089671680 ,CA,US&CA,2,7/8/23,31.4,2.0349,6/8/23 22:04,1.81,RIE,Ad Group Recall (Merged)
20230807,1773534371010570 ,CA,US&CA,2,7/8/23,27.71,2.0349,6/8/23 22:08,1.81,RIE,Ad Group Recall (Merged)
20230807,1773534367827980 ,CA,US&CA,2,7/8/23,6.72,2.0349,6/8/23 22:08,1.81,RIE,Ad Group Recall (Merged)
20230807,1773534068931600 ,CA,US&CA,2,7/8/23,14.21,2.0349,6/8/23 22:08,1.81,RIE,Ad Group Recall (Merged)
20230807,1773534068920350 ,CA,US&CA,2,7/8/23,21.6,2.0349,6/8/23 22:08,1.81,RIE,Ad Group Recall (Merged)
20230807,1773534068941840 ,CA,US&CA,2,7/8/23,40.86,2.0349,6/8/23 22:08,1.81,RIE,Ad Group Recall (Merged)
20230807,1773534363065390 ,CA,US&CA,2,7/8/23,39.08,2.0349,6/8/23 22:08,1.81,RIE,Ad Group Recall (Merged)
20230807,1773533930438670 ,CA,US&CA,2,7/8/23,24.62,2.0349,6/8/23 22:08,1.81,RIE,Ad Group Recall (Merged)
20230807,1773534371019820 ,CA,US&CA,2,7/8/23,2.1,2.0349,6/8/23 22:08,1.81,RIE,Ad Group Recall (Merged)
20230807,1773534371296270 ,CA,US&CA,2,7/8/23,17.75,2.0349,6/8/23 22:08,1.81,RIE,Ad Group Recall (Merged)
20230807,1773519232363550 ,VN,VN,2,7/8/23,1.4063,0.8388,6/8/23 22:09,2.13,RIE,Ad Group Recall (Merged)
20230807,1773519232347160 ,VN,VN,2,7/8/23,1.7204,0.8388,6/8/23 22:09,2.13,RIE,Ad Group Recall (Merged)
20230807,1773519592085550 ,VN,VN,2,7/8/23,0.3729,1.1964,6/8/23 22:14,2.13,RIE,Ad Group Recall (Merged)
20230807,1773495811563550 ,SA,MENA,1,21/5/23,,8.2155,6/8/23 15:46,1.78,Auction Ads,auction_relation
20230807,1773495808736250 ,AE,MENA,1,28/5/23,2.4857,3.7584,6/8/23 15:56,1.78,Auction Ads,auction_relation
20230807,1773497791496200 ,US,US&CA,1,3/8/23,12.79,14.5055,6/8/23 17:27,1.81,RIE,Ad Group Recall (Merged)
20230807,1773409177355310 ,US,US&CA,1,10/5/23,117.14,8.3497,6/8/23 16:00,1.81,RIE,Ad Group Recall (Merged)
20230807,1773409339889680 ,CA,US&CA,1,10/5/23,236.87,8.3497,6/8/23 16:00,1.81,RIE,Ad Group Recall (Merged)
20230807,1773499149425660 ,BR,,1,17/6/23,0.7899,1.2231,6/8/23 16:53,1.53,RIE,Promote Report Recall
20230807,1773506032157690 ,SA,,1,7/8/23,2.1084,2.2177,6/8/23 18:40,1.53,RIE,Promote Report Recall
20230807,1773498535896060 ,DE,,1,3/6/23,32.5166,3.9173,6/8/23 16:41,0.54,Non-Auction Ads,Promote
20230807,1773473887622170 ,VN,VN,1,10/6/23,,3.9888,6/8/23 17:00,2.14,Auction Ads,auction_relation
20230807,1773471610809390 ,VN,VN,1,10/6/23,,3.9888,6/8/23 17:00,2.14,Auction Ads,auction_relation
20230807,1773504640618540 ,IE,IE,1,7/8/23,23.71,1.53,6/8/23 19:13,1.52,Auction Ads,auction_relation
20230807,1773504640618540 ,FI,Others,1,7/8/23,23.71,1.53,6/8/23 19:13,1.56,Auction Ads,auction_all
20230807,1773500535841840 ,EG,MENA,1,4/7/23,29.64,2.4694,6/8/23 18:10,1.78,Auction Ads,auction_relation
20230807,1773501876609020 ,KH,,1,19/6/23,29.8152,5.4117,6/8/23 17:33,0.54,Non-Auction Ads,Promote
20230807,1773507259995150 ,AE,MENA,1,22/7/23,,26.7677,6/8/23 18:54,1.78,Auction Ads,auction_relation
20230807,1773505760204840 ,DE,DE,1,7/8/23,18.18,1.76,6/8/23 19:29,1.01,Auction Ads,auction_relation
20230807,1773509416867840 ,US,USCA,1,7/8/23,15.49,0.26,6/8/23 19:33,1.78,Auction Ads,auction_relation
20230807,1773506624846880 ,SE,Other,1,7/8/23,20.43,1.3,6/8/23 19:45,1.62,RIE,Ad Group Recall (Merged)
20230807,1773506624846880 ,NO,Other,1,7/8/23,20.43,1.3,6/8/23 19:45,1.62,RIE,Ad Group Recall (Merged)
20230807,1773502049996820 ,TH,,1,4/6/23,0,4.3605,6/8/23 17:44,1.53,RIE,Promote Report Recall
20230807,1773508116902910 ,DE,DE,1,7/8/23,9.26,1.36,6/8/23 20:08,1.01,Auction Ads,auction_relation
20230807,1773509872796680 ,IQ,Other,1,30/7/23,19.83,5.2483,6/8/23 19:38,1.62,RIE,Ad Group Recall (Merged)
20230807,1773513595176970 ,BR,BR,1,7/8/23,0.3,2.4105,6/8/23 20:37,1.7,RIE,Ad Group Recall (Merged)
20230807,1773513688072220 ,VN,VN,1,6/8/23,,0.3713,6/8/23 20:40,2.14,Auction Ads,auction_relation
20230807,1773513770393600 ,VN,VN,1,6/8/23,,0.1825,6/8/23 20:42,2.14,Auction Ads,auction_relation
20230807,1773503674079230 ,SA,,1,17/5/23,18.539,7.6882,6/8/23 18:01,0.54,Non-Auction Ads,Promote
20230807,1773513883625500 ,VN,VN,1,6/8/23,,0.3713,6/8/23 20:44,2.14,Auction Ads,auction_relation
20230807,1773513849826330 ,VN,VN,1,6/8/23,,0.3713,6/8/23 20:44,2.14,Auction Ads,auction_relation
20230807,1773514354675710 ,BR,,1,7/8/23,18.0546,9.4792,6/8/23 20:52,0.54,Non-Auction Ads,Promote
20230807,1773514166010910 ,BR,BR,1,7/8/23,0.39,2.4105,6/8/23 20:49,1.7,RIE,Ad Group Recall (Merged)
20230807,1773514439519230 ,BR,,1,7/8/23,19.2899,9.4792,6/8/23 20:54,0.54,Non-Auction Ads,Promote
20230807,1773514363287550 ,BR,BR,1,7/8/23,0.33,2.4105,6/8/23 20:51,1.7,RIE,Ad Group Recall (Merged)
20230807,1773511047732250 ,CZ,Other,1,7/8/23,32.85,4.16,6/8/23 20:52,1.62,RIE,Ad Group Recall (Merged)
20230807,1773506762556490 ,NO,Others,1,26/6/23,11.7,4.6515,6/8/23 18:58,1.56,Auction Ads,auction_all
20230807,1773506762546220 ,NO,Others,1,26/6/23,21.83,4.6515,6/8/23 18:58,1.56,Auction Ads,auction_all
20230807,1773515749136380 ,BR,BR,1,7/8/23,3.9541,0.0041,6/8/23 20:59,1.7,RIE,Ad Group Recall (Merged)
20230807,1773507233675260 ,MY,,1,25/6/23,3.9167,2.694,6/8/23 18:58,1.53,RIE,Promote Report Recall
20230807,1773507285475320 ,MY,,1,25/6/23,1.225,2.694,6/8/23 18:59,1.53,RIE,Promote Report Recall
20230807,1773514985906220 ,VN,VN,1,6/8/23,,0.0802,6/8/23 21:01,2.14,Auction Ads,auction_relation
20230807,1773515343860740 ,BR,,1,7/8/23,3.7693,1.923,6/8/23 21:08,1.53,RIE,Promote Report Recall
20230807,1773506768880640 ,GB,,1,16/6/23,7.5989,4.6301,6/8/23 18:52,1.53,RIE,Promote Report Recall
20230807,1773515539660800 ,SA,,1,7/8/23,2.25,1.6992,6/8/23 21:14,1.53,RIE,Promote Report Recall
20230807,1773512730714110 ,DE,DE,1,7/8/23,12.72,15.39,6/8/23 21:20,1.01,Auction Ads,auction_relation
20230807,1773528409131010 ,VN,VN,2,7/8/23,1.738,0.0029,7/8/23 0:31,2.13,RIE,Ad Group Recall (Merged)
20230807,1773515962685480 ,GB,GB,1,7/8/23,0.8,0.01,6/8/23 21:14,1.76,Auction Ads,auction_relation
20230807,1773515962685480 ,IT,IT,1,7/8/23,0.8,0.01,6/8/23 21:14,1.36,Auction Ads,auction_relation
20230807,1773515962685480 ,DE,DE,1,7/8/23,0.8,0.01,6/8/23 21:14,1.01,Auction Ads,auction_relation
20230807,1773516234549290 ,SA,MENA,1,7/8/23,8.6587,6.6441,6/8/23 21:19,1.78,Auction Ads,auction_relation
20230807,1773516248412160 ,SA,MENA,1,7/8/23,2.4398,6.6441,6/8/23 21:19,1.67,RIE,Ad Group Recall (Merged)
20230807,1773516500661260 ,SA,MENA,1,7/8/23,,6.6441,6/8/23 21:25,1.78,Auction Ads,auction_relation
20230807,1773516532837420 ,SA,MENA,1,7/8/23,3.1302,6.6441,6/8/23 21:25,1.67,RIE,Ad Group Recall (Merged)
20230807,1773522728664160 ,CO,CO,1,7/8/23,12.3062,0.0806,6/8/23 21:37,1.93,Auction Ads,auction_all
20230807,1773522728664160 ,CO,CO,1,7/8/23,12.3062,0.0806,6/8/23 21:37,1.93,Auction Ads,auction_all
20230807,1773505182784510 ,SA,MENA,1,15/6/23,8.64,3.8167,6/8/23 19:23,1.78,Auction Ads,auction_relation
20230807,1773505185212450 ,SA,MENA,1,15/6/23,8.38,3.8167,6/8/23 19:23,1.78,Auction Ads,auction_relation
20230807,1773505992749100 ,MX,Other,1,10/5/23,9.7593,2.1488,6/8/23 18:38,1.62,RIE,Ad Group Recall (Merged)
20230807,1773506001413130 ,MX,Other,1,10/5/23,9.4955,2.1488,6/8/23 18:38,1.62,RIE,Ad Group Recall (Merged)
20230807,1773506324506670 ,SA,MENA,1,15/6/23,,2.4034,6/8/23 19:40,1.78,Auction Ads,auction_relation
20230807,1773516411669530 ,SA,MENA,1,7/8/23,4.43,2.6498,6/8/23 22:15,1.67,RIE,Ad Group Recall (Merged)
20230807,1773518244337690 ,IQ,Others,1,30/7/23,49.05,5.2483,6/8/23 21:50,1.56,Auction Ads,auction_all
20230807,1773518244337690 ,IQ,Other,1,30/7/23,49.05,5.2483,6/8/23 21:50,1.62,RIE,Ad Group Recall (Merged)
20230807,1773518244337690 ,IQ,Others,1,30/7/23,49.05,5.2483,6/8/23 21:50,1.56,Auction Ads,auction_all
20230807,1773516894864410 ,US,US&CA,1,7/8/23,4.2,2.25,6/8/23 22:28,1.81,RIE,Ad Group Recall (Merged)
20230807,1773519286079480 ,IQ,Others,1,27/7/23,,7.343,6/8/23 22:05,1.56,Auction Ads,auction_all
20230807,1773521373072390 ,BR,,1,7/8/23,7.3499,5.2557,6/8/23 22:44,1.53,RIE,Promote Report Recall
20230807,1773521366378500 ,SA,,1,7/8/23,2.2573,0.2973,6/8/23 22:45,1.53,RIE,Promote Report Recall
20230807,1773522302440440 ,CO,CO,1,7/8/23,0.0027,0.0445,6/8/23 22:51,1.93,Auction Ads,auction_all
20230807,1773521974319100 ,BR,BR,1,7/8/23,0.4353,0.7143,6/8/23 22:52,1.99,Auction Ads,auction_all
20230807,1773521974319100 ,BR,BR,1,7/8/23,0.4353,0.7143,6/8/23 22:52,1.7,RIE,Ad Group Recall (Merged)
20230807,1773522021896220 ,BR,BR,1,7/8/23,0.6836,0.7143,6/8/23 22:52,1.7,RIE,Ad Group Recall (Merged)
20230807,1773521939580930 ,VN,,1,7/8/23,3.1566,1.0244,6/8/23 22:52,1.53,RIE,Promote Report Recall
20230807,1773522091161600 ,VN,,1,7/8/23,1.5588,0.9167,6/8/23 22:54,1.53,RIE,Promote Report Recall
20230807,1773522124856320 ,VN,,1,7/8/23,1.4549,0.9167,6/8/23 22:55,1.53,RIE,Promote Report Recall
20230807,1773522330869790 ,FR,FR,1,7/8/23,28.8267,4.145,6/8/23 22:57,1.76,RIE,Ad Group Recall (Merged)
20230807,1773498548465660 ,SG,Other,1,3/8/23,25.7841,6.3182,6/8/23 22:38,1.62,RIE,Ad Group Recall (Merged)
20230807,1773498685111290 ,SG,Other,1,3/8/23,24.8587,6.3182,6/8/23 22:38,1.62,RIE,Ad Group Recall (Merged)
20230807,1773498936007710 ,SG,SG,1,3/8/23,13.5715,6.3182,6/8/23 22:43,1.94,Auction Ads,auction_relation
20230807,1773498901077020 ,SG,SG,1,3/8/23,14.1464,6.3182,6/8/23 22:43,1.94,Auction Ads,auction_relation
20230807,1773522455514110 ,VN,,1,7/8/23,2.1828,0.8148,6/8/23 23:00,1.53,RIE,Promote Report Recall
20230807,1773531518222360 ,TW,TW,2,7/8/23,5.14,1.741,7/8/23 1:24,2.59,RIE,Ad Group Recall (Merged)
20230807,1773518596551680 ,GB,GB,1,7/8/23,6.4381,1.4779,6/8/23 23:01,1.72,RIE,Ad Group Recall (Merged)
20230807,1773518596551680 ,GB,GB,1,7/8/23,6.4381,1.4779,6/8/23 23:01,1.72,RIE,Ad Group Recall (Merged)
20230807,1773499334671360 ,SG,SG,1,3/8/23,25.0301,6.3182,6/8/23 22:50,1.94,Auction Ads,auction_relation
20230807,1773499379906590 ,SG,SG,1,3/8/23,26.1646,6.3182,6/8/23 22:50,1.94,Auction Ads,auction_relation
20230807,1773522740947960 ,VN,,1,7/8/23,5.6814,1.0473,6/8/23 23:04,1.53,RIE,Promote Report Recall
20230807,1773522622062590 ,SA,,1,7/8/23,1.6552,0.0227,6/8/23 23:04,1.53,RIE,Promote Report Recall
20230807,1773523343147010 ,VN,,1,7/8/23,2.8178,1.1387,6/8/23 23:14,1.53,RIE,Promote Report Recall
20230807,1773523379325950 ,VN,,1,7/8/23,0.1489,1.1387,6/8/23 23:15,1.53,RIE,Promote Report Recall
20230807,1773523603237880 ,VN,,1,7/8/23,7.0467,0.8724,6/8/23 23:18,1.53,RIE,Promote Report Recall
20230807,1773523664177150 ,VN,,1,7/8/23,1.54,0.8724,6/8/23 23:19,1.53,RIE,Promote Report Recall
20230807,1773523726376960 ,BR,,1,7/8/23,4.6804,0.7933,6/8/23 23:22,1.53,RIE,Promote Report Recall
20230807,1773523930273790 ,VN,,1,7/8/23,0.7712,1.1151,6/8/23 23:23,1.53,RIE,Promote Report Recall
20230807,1773524016727040 ,VN,,1,7/8/23,5.779,1.1151,6/8/23 23:25,1.53,RIE,Promote Report Recall
20230807,1773523980237820 ,SA,,1,7/8/23,3.7437,0.2973,6/8/23 23:25,1.53,RIE,Promote Report Recall
20230807,1773532292972560 ,VN,VN,2,4/8/23,1.6378,3.1482,7/8/23 1:34,2.14,Auction Ads,auction_relation
20230807,1773524339031040 ,VN,,1,7/8/23,1.801,0.7836,6/8/23 23:30,1.53,RIE,Promote Report Recall
20230807,1773523826198640 ,EG,MENA,1,7/8/23,7.75,0.17,6/8/23 23:30,1.67,RIE,Ad Group Recall (Merged)
20230807,1773524277704750 ,BR,,1,7/8/23,15.3727,1.4234,6/8/23 23:31,1.53,RIE,Promote Report Recall
20230807,1773524494337030 ,BR,,1,7/8/23,3.4944,0.7933,6/8/23 23:33,1.53,RIE,Promote Report Recall
20230807,1773524428164100 ,BR,,1,7/8/23,22.1788,0.7933,6/8/23 23:33,0.54,Non-Auction Ads,Promote
20230807,1773524715933700 ,BR,,1,7/8/23,0.8721,0.7933,6/8/23 23:37,1.53,RIE,Promote Report Recall
20230807,1773524856940550 ,BR,,1,7/8/23,2.3474,1.4234,6/8/23 23:39,1.53,RIE,Promote Report Recall
20230807,1773525028723710 ,BR,,1,7/8/23,10.6083,3.106,6/8/23 23:41,1.53,RIE,Promote Report Recall
20230807,1773524990436370 ,BR,,1,7/8/23,1.6292,1.4234,6/8/23 23:41,1.53,RIE,Promote Report Recall
20230807,1773525107177470 ,VN,,1,7/8/23,1.2915,1.0506,6/8/23 23:42,1.53,RIE,Promote Report Recall
20230807,1773525387468800 ,VN,,1,7/8/23,13.4291,1.0506,6/8/23 23:47,0.54,Non-Auction Ads,Promote
20230807,1773525563179010 ,PE,PE,1,7/8/23,1.5468,0.4014,6/8/23 23:48,1.68,Auction Ads,auction_all
20230807,1773525563179010 ,PE,PE,1,7/8/23,1.5468,0.4014,6/8/23 23:48,1.68,Auction Ads,auction_all
20230807,1773531512952860 ,VN,VN,2,28/7/23,0.8986,1.307,7/8/23 1:33,2.14,Auction Ads,auction_relation
20230807,1773521758714880 ,KH,,1,27/6/23,4.3958,1.2352,6/8/23 22:49,1.53,RIE,Promote Report Recall
20230807,1773523994107930 ,IQ,Others,1,27/7/23,12.46,7.343,6/8/23 23:23,1.56,Auction Ads,auction_all
20230807,1773525563236360 ,VN,,1,5/8/23,1.2732,0.5677,6/8/23 23:49,1.53,RIE,Promote Report Recall
20230807,1773522020828160 ,KH,,1,27/6/23,5.0234,1.2352,6/8/23 22:53,0.54,Non-Auction Ads,Promote
20230807,1773522128324600 ,KH,,1,27/6/23,5.4508,1.2352,6/8/23 22:55,0.54,Non-Auction Ads,Promote
20230807,1773524931938320 ,JP,JP,1,31/7/23,0.7336,1.0088,6/8/23 23:39,2.16,Auction Ads,auction_all
20230807,1773526210487300 ,TH,,1,7/8/23,11.47,1.9753,7/8/23 0:06,1.53,RIE,Promote Report Recall
20230807,1773526684016640 ,BR,,1,7/8/23,1.9759,3.5249,7/8/23 0:08,1.53,RIE,Promote Report Recall
20230807,1773516647561250 ,SA,MENA,1,25/5/23,12.26,7.1257,6/8/23 22:27,1.67,RIE,Ad Group Recall (Merged)
20230807,1773521937993730 ,US,,1,7/8/23,4.2,3.1111,7/8/23 0:11,1.53,RIE,Promote Report Recall
20230807,1773521937993730 ,US,,1,7/8/23,4.2,3.1111,7/8/23 0:11,0.54,Non-Auction Ads,Promote
20230807,1773516720319480 ,SA,MENA,1,25/5/23,15.78,7.1257,6/8/23 22:28,1.67,RIE,Ad Group Recall (Merged)
20230807,1773516818490380 ,SA,MENA,1,25/5/23,14.98,7.1257,6/8/23 22:30,1.67,RIE,Ad Group Recall (Merged)
20230807,1773516851609610 ,SA,MENA,1,25/5/23,17.1,7.1257,6/8/23 22:30,1.67,RIE,Ad Group Recall (Merged)
20230807,1773516913239090 ,SA,MENA,1,25/5/23,12.06,7.1257,6/8/23 22:31,1.67,RIE,Ad Group Recall (Merged)
20230807,1773522543323170 ,GB,GB,1,26/6/23,7.53,2.9524,6/8/23 23:01,1.76,Auction Ads,auction_relation
20230807,1773527409553410 ,BR,,1,7/8/23,18.4157,8.2911,7/8/23 0:20,0.54,Non-Auction Ads,Promote
20230807,1773526948622350 ,BR,BR,1,31/7/23,,0,7/8/23 0:11,1.99,Auction Ads,auction_all
20230807,1773528136747020 ,BR,BR,1,7/8/23,1.52,11.7542,7/8/23 0:27,1.99,Auction Ads,auction_all
20230807,1773524005873710 ,SA,MENA,1,7/8/23,2.02,4.0467,7/8/23 0:25,1.78,Auction Ads,auction_relation
20230807,1773526962309170 ,BR,BR,1,31/7/23,,0,7/8/23 0:13,1.99,Auction Ads,auction_all
20230807,1773527067794480 ,BR,BR,1,31/7/23,,0,7/8/23 0:13,1.99,Auction Ads,auction_all
20230807,1773527086234670 ,BR,BR,1,31/7/23,,0,7/8/23 0:13,1.99,Auction Ads,auction_all
20230807,1773526962296880 ,BR,BR,1,31/7/23,,0,7/8/23 0:13,1.99,Auction Ads,auction_all
20230807,1773527067805740 ,BR,BR,1,31/7/23,,0,7/8/23 0:13,1.99,Auction Ads,auction_all
20230807,1773530331250700 ,PE,PE,1,7/8/23,0.9194,8.8393,7/8/23 0:30,1.68,Auction Ads,auction_all
20230807,1773534393640970 ,VN,VN,2,17/7/23,10.15,11.3333,7/8/23 1:56,2.14,Auction Ads,auction_relation
20230807,1773533414939640 ,ID,ID,2,26/6/23,24.1489,10.9748,7/8/23 1:41,1.8,Auction Ads,auction_relation
20230807,1773524369999870 ,TH,,1,24/6/23,1.68,5.5242,6/8/23 23:32,1.53,RIE,Promote Report Recall
20230807,1773525038438400 ,IT,IT,1,26/6/23,12.69,4.6515,6/8/23 23:40,1.36,Auction Ads,auction_relation
20230807,1773525038428170 ,IT,IT,1,26/6/23,20.57,4.6515,6/8/23 23:40,1.36,Auction Ads,auction_relation
20230807,1773535055902750 ,VN,VN,2,4/8/23,2.8431,3.1482,7/8/23 2:15,2.14,Auction Ads,auction_relation
20230807,1773528785614850 ,BR,,1,7/8/23,13.0582,3.106,7/8/23 0:40,0.54,Non-Auction Ads,Promote
20230807,1773528531749890 ,BR,,1,7/8/23,16.0171,0.7933,7/8/23 0:42,1.53,RIE,Promote Report Recall
20230807,1773525923473410 ,US,,1,11/7/23,7.22,3.2584,7/8/23 0:18,0.54,Non-Auction Ads,Promote
20230807,1773527268890620 ,US,,1,4/7/23,10.48,1.275,7/8/23 0:17,1.53,RIE,Promote Report Recall
20230807,1773529526572030 ,TR,,1,7/8/23,5.0294,0.6539,7/8/23 0:52,1.53,RIE,Promote Report Recall
20230807,1773525406245880 ,SA,,1,17/5/23,33.8557,7.6882,6/8/23 23:48,0.54,Non-Auction Ads,Promote
20230807,1773527747714050 ,TH,,1,28/6/23,7.35,1.4713,7/8/23 0:26,1.53,RIE,Promote Report Recall
20230807,1773530510757930 ,BR,BR,1,7/8/23,,0.7674,7/8/23 1:04,1.99,Auction Ads,auction_all
20230807,1773533716154380 ,MY,MY,2,21/6/23,,0,7/8/23 2:00,2.31,Auction Ads,auction_relation
20230807,1773529500886030 ,BR,BR,1,31/7/23,,0,7/8/23 0:51,1.99,Auction Ads,auction_all
20230807,1773529421708330 ,BR,BR,1,31/7/23,,0,7/8/23 0:51,1.99,Auction Ads,auction_all
20230807,1773529510102060 ,BR,BR,1,31/7/23,,0,7/8/23 0:51,1.99,Auction Ads,auction_all
20230807,1773529503820830 ,BR,BR,1,31/7/23,,0,7/8/23 0:51,1.99,Auction Ads,auction_all
20230807,1773528492302340 ,BR,,1,5/7/23,4.6068,1.8027,7/8/23 0:37,1.53,RIE,Promote Report Recall
20230807,1773526188793860 ,TH,,1,22/5/23,9.51,0.01,7/8/23 0:01,1.53,RIE,Promote Report Recall
20230807,1773528938344450 ,TH,,1,5/7/23,11.95,0.9852,7/8/23 0:46,1.53,RIE,Promote Report Recall
20230807,1773530430761000 ,VN,VN,1,13/7/23,1.35,6.2779,7/8/23 1:05,2.13,RIE,Ad Group Recall (Merged)
20230807,1773532033689600 ,BR,BR,1,7/8/23,,0.485,7/8/23 1:31,1.99,Auction Ads,auction_all
20230807,1773532030627840 ,BR,BR,1,7/8/23,,0.485,7/8/23 1:31,1.99,Auction Ads,auction_all
20230807,1773532033698840 ,BR,BR,1,7/8/23,,0.485,7/8/23 1:31,1.99,Auction Ads,auction_all
20230807,1773531599293470 ,VN,VN,1,13/7/23,3.14,6.2779,7/8/23 1:11,2.13,RIE,Ad Group Recall (Merged)
20230807,1773531599293470 ,VN,VN,1,13/7/23,3.14,6.2779,7/8/23 1:11,2.14,Auction Ads,auction_relation
20230807,1773532395933740 ,BR,BR,1,7/8/23,0,0.4089,7/8/23 1:36,1.7,RIE,Ad Group Recall (Merged)
20230807,1773532316886020 ,BR,,1,7/8/23,16.2879,3.106,7/8/23 1:37,1.53,RIE,Promote Report Recall
20230807,1773532587304960 ,VN,VN,1,4/8/23,0.8627,6.8374,7/8/23 1:40,2.14,Auction Ads,auction_relation
20230807,1773529138363420 ,TH,TH,1,11/5/23,1.2152,0.74,7/8/23 0:35,1.64,Auction Ads,auction_relation
20230807,1773531714390050 ,VN,VN,1,13/7/23,2.92,2.6567,7/8/23 1:26,2.13,RIE,Ad Group Recall (Merged)
20230807,1773531714390050 ,VN,VN,1,13/7/23,2.92,2.6567,7/8/23 1:26,2.13,RIE,Ad Group Recall (Merged)
20230807,1773525991581710 ,DE,DE,1,26/6/23,5.51,2.7106,7/8/23 1:07,1.01,Auction Ads,auction_relation
20230807,1773525991585790 ,DE,DE,1,26/6/23,5.08,2.7106,7/8/23 1:07,1.01,Auction Ads,auction_relation
20230807,1773530442578940 ,VN,VN,1,24/6/23,23.5466,6.0064,7/8/23 1:06,2.14,Auction Ads,auction_relation
20230807,1773532313468930 ,SA,,1,31/7/23,67.2468,7.1438,7/8/23 1:43,0.54,Non-Auction Ads,Promote
20230807,1773533779169320 ,MY,MY,1,7/8/23,,1.1702,7/8/23 1:53,2.31,Auction Ads,auction_relation
20230807,1773529691136000 ,TH,TH,1,11/5/23,1.4319,0.74,7/8/23 0:47,1.64,Auction Ads,auction_relation
20230807,1773531120277550 ,AU,AU,1,26/6/23,0.62,2.3164,7/8/23 1:15,1.84,Auction Ads,auction_relation
20230807,1773531456501790 ,CA,USCA,1,26/6/23,,2.3164,7/8/23 1:20,1.78,Auction Ads,auction_relation
20230807,1773531456501790 ,GB,GB,1,26/6/23,,2.3164,7/8/23 1:20,1.76,Auction Ads,auction_relation
20230807,1773531456501790 ,US,USCA,1,26/6/23,,2.3164,7/8/23 1:20,1.78,Auction Ads,auction_relation
20230807,1773531456501790 ,AU,AU,1,26/6/23,,2.3164,7/8/23 1:20,1.84,Auction Ads,auction_relation
20230807,1773531463364640 ,AU,AU,1,26/6/23,,1.3571,7/8/23 1:20,1.84,Auction Ads,auction_relation
20230807,1773531463364640 ,GB,GB,1,26/6/23,,1.3571,7/8/23 1:20,1.76,Auction Ads,auction_relation
20230807,1773531463364640 ,CA,USCA,1,26/6/23,,1.3571,7/8/23 1:20,1.78,Auction Ads,auction_relation
20230807,1773531463364640 ,US,USCA,1,26/6/23,,1.3571,7/8/23 1:20,1.78,Auction Ads,auction_relation
20230807,1773530222029850 ,TH,TH,1,11/5/23,1.4167,0.74,7/8/23 0:57,1.64,Auction Ads,auction_relation
20230807,1773535781986330 ,ID,ID,1,15/7/23,,0.6361,7/8/23 1:49,1.8,Auction Ads,auction_relation
20230807,1773537038723090 ,ID,ID,1,7/8/23,,2.0361,7/8/23 2:07,1.8,Auction Ads,auction_relation
20230807,1773534749202430 ,VN,VN,1,7/8/23,19.24,24.7883,7/8/23 2:14,2.14,Auction Ads,auction_relation
20230807,1773534749202430 ,PE,PE,1,7/8/23,19.24,24.7883,7/8/23 2:14,1.68,Auction Ads,auction_all
20230807,1773534749202430 ,IT,IT,1,7/8/23,19.24,24.7883,7/8/23 2:14,1.36,Auction Ads,auction_relation
20230807,1773534749202430 ,BR,BR,1,7/8/23,19.24,24.7883,7/8/23 2:14,1.99,Auction Ads,auction_all
20230807,1773534749202430 ,PL,PL,1,7/8/23,19.24,24.7883,7/8/23 2:14,1.64,Auction Ads,auction_relation
20230807,1773534749202430 ,KZ,KZ,1,7/8/23,19.24,24.7883,7/8/23 2:14,2,Auction Ads,auction_relation
20230807,1773534749202430 ,IE,IE,1,7/8/23,19.24,24.7883,7/8/23 2:14,1.52,Auction Ads,auction_relation
20230807,1773534749202430 ,SG,SG,1,7/8/23,19.24,24.7883,7/8/23 2:14,1.94,Auction Ads,auction_relation
20230807,1773534749202430 ,GB,GB,1,7/8/23,19.24,24.7883,7/8/23 2:14,1.76,Auction Ads,auction_relation
20230807,1773534749202430 ,PT,PT,1,7/8/23,19.24,24.7883,7/8/23 2:14,1.98,Auction Ads,auction_relation
20230807,1773534749202430 ,AU,AU,1,7/8/23,19.24,24.7883,7/8/23 2:14,1.84,Auction Ads,auction_relation
20230807,1773534749202430 ,NZ,NZ,1,7/8/23,19.24,24.7883,7/8/23 2:14,1.58,Auction Ads,auction_relation
20230807,1773534749202430 ,CZ,CZ,1,7/8/23,19.24,24.7883,7/8/23 2:14,1.9,Auction Ads,auction_relation
20230807,1773534749202430 ,FR,FR,1,7/8/23,19.24,24.7883,7/8/23 2:14,1.97,Auction Ads,auction_relation
20230807,1773534749202430 ,TH,TH,1,7/8/23,19.24,24.7883,7/8/23 2:14,1.64,Auction Ads,auction_relation
20230807,1773534749202430 ,HU,Others,1,7/8/23,19.24,24.7883,7/8/23 2:14,1.56,Auction Ads,auction_all
20230807,1773534749202430 ,KH,KH,1,7/8/23,19.24,24.7883,7/8/23 2:14,1.5,Auction Ads,auction_relation
20230807,1773534749202430 ,CL,CL,1,7/8/23,19.24,24.7883,7/8/23 2:14,1.85,Auction Ads,auction_all
20230807,1773534705224730 ,BR,BR,1,7/8/23,37.62,40.5188,7/8/23 2:17,1.99,Auction Ads,auction_all
20230807,1773530920911900 ,TH,TH,1,11/5/23,2.0954,0.74,7/8/23 1:07,1.64,Auction Ads,auction_relation
20230807,1773531222713340 ,JP,JP,1,11/5/23,9.5611,15.9373,7/8/23 1:19,2.16,Auction Ads,auction_all
20230807,1773531270793240 ,JP,JP,1,11/5/23,25.6908,15.9373,7/8/23 1:19,2.16,Auction Ads,auction_all
20230807,1773537693757450 ,PH,Other,1,7/8/23,27.06,2.435,7/8/23 2:19,1.62,RIE,Ad Group Recall (Merged)
20230807,1773537693757450 ,PH,PH,1,7/8/23,27.06,2.435,7/8/23 2:19,2.46,Auction Ads,auction_relation
20230807,1773535549466640 ,BR,BR,1,7/8/23,6.19,27.7967,7/8/23 2:25,1.7,RIE,Ad Group Recall (Merged)
20230807,1773535777495090 ,BR,BR,1,7/8/23,0,48.2705,7/8/23 2:31,1.99,Auction Ads,auction_all
20230807,1773531354098680 ,ID,,1,11/5/23,13.8558,2.43,7/8/23 1:22,0.54,Non-Auction Ads,Promote
20230807,1773535210519580 ,VN,VN,1,4/8/23,9.0544,6.8374,7/8/23 2:20,2.14,Auction Ads,auction_relation
20230807,1773534048726040 ,GB,GB,1,26/6/23,31.18,27.631,7/8/23 1:53,1.72,RIE,Ad Group Recall (Merged)
20230807,1773535507693570 ,VN,,1,7/8/23,0.8337,0.7836,7/8/23 2:27,1.53,RIE,Promote Report Recall
20230807,1773536054459420 ,BR,BR,1,7/8/23,7.87,28.7722,7/8/23 2:34,1.7,RIE,Ad Group Recall (Merged)
20230807,1773533338458150 ,TH,,1,24/6/23,11.07,5.5242,7/8/23 1:54,1.53,RIE,Promote Report Recall
20230807,1773534943722540 ,VN,VN,1,17/7/23,,9.6826,7/8/23 2:18,2.14,Auction Ads,auction_relation
20230807,1773534110487580 ,ID,ID,1,21/6/23,65.8942,8.8467,7/8/23 2:01,1.8,Auction Ads,auction_relation
20230807,1773537529214000 ,FR,FR,1,8/7/23,1445.47,35.0015,7/8/23 2:26,1.76,RIE,Ad Group Recall (Merged)
20230807,1773536563987450 ,VN,,1,7/8/23,1.4049,0.8724,7/8/23 2:44,1.53,RIE,Promote Report Recall
20230807,1773564638820400 ,TH,TH,2,16/5/23,1.0403,2.2606,7/8/23 3:09,1.64,Auction Ads,auction_relation
20230807,1773564783872030 ,TH,TH,2,16/5/23,1.9519,2.2606,7/8/23 3:12,1.64,Auction Ads,auction_relation
20230807,1773533642817540 ,TH,,1,14/6/23,12.59,1.7313,7/8/23 2:03,1.53,RIE,Promote Report Recall
20230807,1773536450568190 ,MY,MY,1,28/7/23,,1.7489,7/8/23 2:35,2.31,Auction Ads,auction_relation
20230807,1773536445154330 ,MY,MY,1,28/7/23,,1.7489,7/8/23 2:35,2.31,Auction Ads,auction_relation
20230807,1773536436428810 ,MY,MY,1,28/7/23,,1.7489,7/8/23 2:35,2.31,Auction Ads,auction_relation
20230807,1773536780132350 ,VN,VN,1,4/8/23,4.4065,6.8374,7/8/23 2:45,2.14,Auction Ads,auction_relation
20230807,1773537319028730 ,BR,BR,1,7/8/23,3.82,32.5667,7/8/23 2:53,1.7,RIE,Ad Group Recall (Merged)
20230807,1773536745911300 ,BR,,1,7/8/23,0.2442,2.2448,7/8/23 2:49,1.53,RIE,Promote Report Recall
20230807,1773536866304010 ,VN,VN,1,4/8/23,11.2381,6.8374,7/8/23 2:46,2.14,Auction Ads,auction_relation
20230807,1773536222343170 ,VN,VN,1,21/7/23,4.7696,3.3364,7/8/23 2:37,2.14,Auction Ads,auction_relation
20230807,1773537091219450 ,VN,VN,1,4/8/23,0.3497,6.8374,7/8/23 2:49,2.14,Auction Ads,auction_relation
20230807,1773537091219450 ,VN,VN,1,4/8/23,0.3497,6.8374,7/8/23 2:49,2.14,Auction Ads,auction_relation
20230807,1773537534788600 ,BR,BR,1,7/8/23,20.43,32.5667,7/8/23 2:57,1.7,RIE,Ad Group Recall (Merged)
20230807,1773535974782970 ,MY,,1,11/7/23,18.1802,5.6207,7/8/23 2:36,0.54,Non-Auction Ads,Promote
20230807,1773537121188880 ,VN,VN,1,4/8/23,4.0438,6.8374,7/8/23 2:50,2.14,Auction Ads,auction_relation
20230807,1773530131665950 ,KW,Others,1,11/5/23,11.9705,3.1218,7/8/23 1:59,1.56,Auction Ads,auction_all
20230807,1773535647910960 ,GB,GB,1,26/6/23,28.84,27.631,7/8/23 2:28,1.76,Auction Ads,auction_relation
20230807,1773534074142730 ,BR,BR,1,7/8/23,0.3018,0.4103,7/8/23 2:59,1.7,RIE,Ad Group Recall (Merged)
20230807,1773330502000670 ,BR,BR,1,7/8/23,17.7479,11.959,7/8/23 3:00,1.7,RIE,Ad Group Recall (Merged)
20230807,1773539894370320 ,ID,ID,2,25/5/23,11.5684,9.8546,7/8/23 3:31,1.8,Auction Ads,auction_relation
20230807,1773539894370320 ,ID,ID,2,25/5/23,11.5684,9.8546,7/8/23 3:31,1.8,Auction Ads,auction_relation
20230807,1773535272798240 ,PL,PL,1,23/5/23,19.71,4.4028,7/8/23 2:21,1.64,Auction Ads,auction_relation
20230807,1773535272798240 ,GR,GR,1,23/5/23,19.71,4.4028,7/8/23 2:21,2.11,Auction Ads,auction_relation
20230807,1773535272798240 ,CZ,CZ,1,23/5/23,19.71,4.4028,7/8/23 2:21,1.9,Auction Ads,auction_relation
20230807,1773537860299820 ,VN,VN,1,4/8/23,1.9801,6.8374,7/8/23 3:02,2.14,Auction Ads,auction_relation
20230807,1773537890659370 ,VN,VN,1,4/8/23,2.0993,6.8374,7/8/23 3:03,2.14,Auction Ads,auction_relation
20230807,1773537913169930 ,PH,PH,1,7/8/23,0.02,2.1911,7/8/23 3:06,2.46,Auction Ads,auction_relation
20230807,1773537936250920 ,PH,PH,1,7/8/23,0,2.1911,7/8/23 3:06,2.46,Auction Ads,auction_relation
20230807,1773537983040520 ,PH,PH,1,7/8/23,0.02,2.1911,7/8/23 3:06,2.46,Auction Ads,auction_relation
20230807,1773537965365260 ,PH,PH,1,7/8/23,0,2.1911,7/8/23 3:06,2.46,Auction Ads,auction_relation
20230807,1773149171269660 ,BR,BR,1,3/8/23,4.566,12.9423,7/8/23 3:01,1.7,RIE,Ad Group Recall (Merged)
20230807,1773149165573130 ,BR,BR,1,3/8/23,5.1429,12.9423,7/8/23 3:01,1.7,RIE,Ad Group Recall (Merged)
20230807,1773149171283980 ,BR,BR,1,3/8/23,4.848,12.9423,7/8/23 3:01,1.7,RIE,Ad Group Recall (Merged)
20230807,1773149154112560 ,BR,BR,1,3/8/23,3.9292,12.9423,7/8/23 3:01,1.7,RIE,Ad Group Recall (Merged)
20230807,1773149154126840 ,BR,BR,1,3/8/23,5.4254,12.9423,7/8/23 3:01,1.7,RIE,Ad Group Recall (Merged)
20230807,1773148410762280 ,BR,BR,1,3/8/23,5.242,12.9423,7/8/23 3:01,1.7,RIE,Ad Group Recall (Merged)
20230807,1773147878841390 ,BR,BR,1,3/8/23,5.3436,12.9423,7/8/23 3:01,1.7,RIE,Ad Group Recall (Merged)
20230807,1773147808147500 ,BR,BR,1,3/8/23,5.2654,12.9423,7/8/23 3:01,1.7,RIE,Ad Group Recall (Merged)
20230807,1773538513572880 ,GB,GB,1,7/8/23,0,1.206,7/8/23 3:07,1.72,RIE,Ad Group Recall (Merged)
20230807,1773149165562920 ,BR,BR,1,3/8/23,5.4193,12.9423,7/8/23 3:01,1.7,RIE,Ad Group Recall (Merged)
20230807,1773149154103310 ,BR,BR,1,3/8/23,5.0094,12.9423,7/8/23 3:01,1.7,RIE,Ad Group Recall (Merged)
20230807,1773149139733530 ,BR,BR,1,3/8/23,5.351,12.9423,7/8/23 3:01,1.7,RIE,Ad Group Recall (Merged)
20230807,1773149139744810 ,BR,BR,1,3/8/23,4.3612,12.9423,7/8/23 3:01,1.7,RIE,Ad Group Recall (Merged)
20230807,1773474806348820 ,TH,,1,24/6/23,2.11,1.2338,7/8/23 2:39,1.53,RIE,Promote Report Recall
20230807,1773538581306370 ,KZ,KZ,1,7/8/23,,1.99,7/8/23 3:08,2,Auction Ads,auction_relation
20230807,1773538581306370 ,KZ,KZ,1,7/8/23,,1.99,7/8/23 3:08,2,Auction Ads,auction_relation
20230807,1773538581306370 ,KZ,KZ,1,7/8/23,,1.99,7/8/23 3:08,2,Auction Ads,auction_relation
20230807,1773538581306370 ,KZ,KZ,1,7/8/23,,1.99,7/8/23 3:08,2,Auction Ads,auction_relation
20230807,1773538581306370 ,KZ,KZ,1,7/8/23,,1.99,7/8/23 3:08,2,Auction Ads,auction_relation
20230807,1773538581306370 ,KZ,KZ,1,7/8/23,,1.99,7/8/23 3:08,2,Auction Ads,auction_relation
20230807,1773538652356620 ,PH,PH,1,7/8/23,,1.333,7/8/23 3:08,2.46,Auction Ads,auction_relation
20230807,1773535536130050 ,TH,,1,27/6/23,12.95,2.4122,7/8/23 2:53,1.53,RIE,Promote Report Recall
20230807,1773538479328300 ,ID,ID,1,7/8/23,,2.1911,7/8/23 3:15,1.8,Auction Ads,auction_relation
20230807,1773538533053470 ,ID,ID,1,7/8/23,21.22,2.1911,7/8/23 3:15,1.8,Auction Ads,auction_relation
20230807,1773538541975570 ,ID,ID,1,7/8/23,,2.1911,7/8/23 3:15,1.8,Auction Ads,auction_relation
20230807,1773538524861470 ,ID,ID,1,7/8/23,4.15,2.1911,7/8/23 3:15,1.8,Auction Ads,auction_relation
20230807,1773538501256220 ,ID,ID,1,7/8/23,18.06,2.1911,7/8/23 3:15,1.8,Auction Ads,auction_relation
20230807,1773538511491100 ,ID,ID,1,7/8/23,20.72,2.1911,7/8/23 3:15,1.8,Auction Ads,auction_relation
20230807,1773537679207470 ,TW,TW,1,13/7/23,13.71,2.359,7/8/23 3:01,2.59,RIE,Ad Group Recall (Merged)
20230807,1773538714238970 ,ID,,1,7/8/23,3.3763,1.8955,7/8/23 3:21,1.53,RIE,Promote Report Recall
20230807,1773541176593400 ,CZ,Other,1,7/8/23,2.87,2.1173,7/8/23 3:24,1.62,RIE,Ad Group Recall (Merged)
20230807,1773541176593400 ,NZ,NZ,1,7/8/23,2.87,2.1173,7/8/23 3:24,1.58,Auction Ads,auction_relation
20230807,1773541176593400 ,PL,PL,1,7/8/23,2.87,2.1173,7/8/23 3:24,1.64,Auction Ads,auction_relation
20230807,1773541176593400 ,HU,Other,1,7/8/23,2.87,2.1173,7/8/23 3:24,1.62,RIE,Ad Group Recall (Merged)
20230807,1773541176593400 ,GB,GB,1,7/8/23,2.87,2.1173,7/8/23 3:24,1.76,Auction Ads,auction_relation
20230807,1773539077538840 ,PH,PH,1,7/8/23,0.14,1.333,7/8/23 3:24,2.46,Auction Ads,auction_relation
20230807,1773539081607160 ,PH,PH,1,7/8/23,0.15,1.333,7/8/23 3:24,2.46,Auction Ads,auction_relation
20230807,1773539275648000 ,VN,VN,1,7/8/23,7.9017,0.7135,7/8/23 3:25,2.13,RIE,Ad Group Recall (Merged)
20230807,1773544167869480 ,MY,MY,2,5/8/23,,8.4191,7/8/23 4:41,2.31,Auction Ads,auction_relation
20230807,1773537980786690 ,TH,,1,7/7/23,4.6,2.8575,7/8/23 3:11,1.53,RIE,Promote Report Recall
20230807,1773538209187840 ,TH,,1,5/7/23,13.52,0.9852,7/8/23 3:11,1.53,RIE,Promote Report Recall
20230807,1773538077766720 ,TH,,1,27/6/23,13.78,4.88,7/8/23 3:09,1.53,RIE,Promote Report Recall
20230807,1773538811230240 ,TW,TW,1,13/7/23,,1.897,7/8/23 3:16,0.95,Auction Ads,auction_relation
20230807,1773538238114820 ,TH,,1,28/6/23,14.87,7.05,7/8/23 3:12,1.53,RIE,Promote Report Recall
20230807,1773516377178130 ,BR,BR,1,16/6/23,,0.8558,7/8/23 3:01,1.99,Auction Ads,auction_all
20230807,1773541088059410 ,ID,ID,1,7/8/23,5.81,1.3188,7/8/23 3:36,1.8,Auction Ads,auction_relation
20230807,1773540173160460 ,BR,BR,1,7/8/23,1.1839,0.111,7/8/23 3:39,1.7,RIE,Ad Group Recall (Merged)
20230807,1773539610196990 ,TH,,1,23/7/23,4.5835,0.0853,7/8/23 3:39,0.54,Non-Auction Ads,Promote
20230807,1773541048155130 ,BR,BR,1,7/8/23,7.54,6.4333,7/8/23 3:54,1.99,Auction Ads,auction_all
20230807,1773539322540030 ,AT,AT,1,25/6/23,3.5,8.9361,7/8/23 3:26,0.89,Auction Ads,auction_relation
20230807,1773539479996440 ,CH,CH,1,26/6/23,,8.7894,7/8/23 3:27,0.93,Auction Ads,auction_relation
20230807,1773539479996440 ,GB,GB,1,26/6/23,,8.7894,7/8/23 3:27,1.76,Auction Ads,auction_relation
20230807,1773539479996440 ,US,USCA,1,26/6/23,,8.7894,7/8/23 3:27,1.78,Auction Ads,auction_relation
20230807,1773539479996440 ,NZ,NZ,1,26/6/23,,8.7894,7/8/23 3:27,1.58,Auction Ads,auction_relation
20230807,1773539479996440 ,SE,SE,1,26/6/23,,8.7894,7/8/23 3:27,1.4,Auction Ads,auction_relation
20230807,1773539479996440 ,AT,AT,1,26/6/23,,8.7894,7/8/23 3:27,0.89,Auction Ads,auction_relation
20230807,1773539479996440 ,BE,BE,1,26/6/23,,8.7894,7/8/23 3:27,1.15,Auction Ads,auction_relation
20230807,1773539479996440 ,FR,FR,1,26/6/23,,8.7894,7/8/23 3:27,1.97,Auction Ads,auction_relation
20230807,1773539479996440 ,AU,AU,1,26/6/23,,8.7894,7/8/23 3:27,1.84,Auction Ads,auction_relation
20230807,1773539479996440 ,IT,IT,1,26/6/23,,8.7894,7/8/23 3:27,1.36,Auction Ads,auction_relation
20230807,1773539479996440 ,NL,NL,1,26/6/23,,8.7894,7/8/23 3:27,1.19,Auction Ads,auction_relation
20230807,1773539479996440 ,IL,IL,1,26/6/23,,8.7894,7/8/23 3:27,1.52,Auction Ads,auction_relation
20230807,1773539479996440 ,CA,USCA,1,26/6/23,,8.7894,7/8/23 3:27,1.78,Auction Ads,auction_relation
20230807,1773539479996440 ,ES,ES,1,26/6/23,,8.7894,7/8/23 3:27,1.37,Auction Ads,auction_relation
20230807,1773539479996440 ,DE,DE,1,26/6/23,,8.7894,7/8/23 3:27,1.01,Auction Ads,auction_relation
20230807,1773539479996440 ,FI,Others,1,26/6/23,,8.7894,7/8/23 3:27,1.56,Auction Ads,auction_all
20230807,1773321075191850 ,US,US,1,6/7/23,23.7,501.4436,7/8/23 5:00,1.54,Non-Auction Ads,R&F
20230807,1773541351661580 ,CZ,CZ,1,7/8/23,3.56,2.1173,7/8/23 3:58,1.9,Auction Ads,auction_relation
20230807,1773541358953500 ,PL,PL,1,7/8/23,3.51,2.1173,7/8/23 3:58,1.64,Auction Ads,auction_relation
20230807,1773541358953500 ,HU,Other,1,7/8/23,3.51,2.1173,7/8/23 3:58,1.62,RIE,Ad Group Recall (Merged)
20230807,1773541381540910 ,CZ,Other,1,7/8/23,3.49,2.1173,7/8/23 3:58,1.62,RIE,Ad Group Recall (Merged)
20230807,1773541358953500 ,NZ,NZ,1,7/8/23,3.51,2.1173,7/8/23 3:58,1.58,Auction Ads,auction_relation
20230807,1773541371220990 ,HU,Other,1,7/8/23,3.39,2.1173,7/8/23 3:58,1.62,RIE,Ad Group Recall (Merged)
20230807,1773541351661580 ,CZ,Other,1,7/8/23,3.56,2.1173,7/8/23 3:58,1.62,RIE,Ad Group Recall (Merged)
20230807,1773541351652400 ,HU,Other,1,7/8/23,0.46,2.1173,7/8/23 3:58,1.62,RIE,Ad Group Recall (Merged)
20230807,1773541358978050 ,NZ,NZ,1,7/8/23,3.43,2.1173,7/8/23 3:58,1.58,Auction Ads,auction_relation
20230807,1773541358953500 ,CZ,Other,1,7/8/23,3.51,2.1173,7/8/23 3:58,1.62,RIE,Ad Group Recall (Merged)
20230807,1773541358953500 ,AT,AT,1,7/8/23,3.51,2.1173,7/8/23 3:58,0.89,Auction Ads,auction_relation
20230807,1773541358978050 ,HU,Other,1,7/8/23,3.43,2.1173,7/8/23 3:58,1.62,RIE,Ad Group Recall (Merged)
20230807,1773541371220990 ,NZ,NZ,1,7/8/23,3.39,2.1173,7/8/23 3:58,1.58,Auction Ads,auction_relation
20230807,1773541351661580 ,ES,ES,1,7/8/23,3.56,2.1173,7/8/23 3:58,1.37,Auction Ads,auction_relation
20230807,1773541351661580 ,GB,GB,1,7/8/23,3.56,2.1173,7/8/23 3:58,1.76,Auction Ads,auction_relation
20230807,1773541371220990 ,CZ,Other,1,7/8/23,3.39,2.1173,7/8/23 3:58,1.62,RIE,Ad Group Recall (Merged)
20230807,1773541351661580 ,NZ,NZ,1,7/8/23,3.56,2.1173,7/8/23 3:58,1.58,Auction Ads,auction_relation
20230807,1773541381540910 ,HU,Other,1,7/8/23,3.49,2.1173,7/8/23 3:58,1.62,RIE,Ad Group Recall (Merged)
20230807,1773541390461980 ,NZ,NZ,1,7/8/23,3.46,2.1173,7/8/23 3:58,1.58,Auction Ads,auction_relation
20230807,1773538524872720 ,JP,JP,1,12/5/23,11.89,5.4112,7/8/23 3:14,3.21,RIE,Ad Group Recall (Merged)
20230807,1773538516607070 ,JP,JP,1,12/5/23,44.97,5.4112,7/8/23 3:14,3.21,RIE,Ad Group Recall (Merged)
20230807,1773538522702890 ,JP,JP,1,12/5/23,29.26,5.4112,7/8/23 3:14,3.21,RIE,Ad Group Recall (Merged)
20230807,1773538528214050 ,JP,JP,1,12/5/23,12.98,5.4112,7/8/23 3:14,3.21,RIE,Ad Group Recall (Merged)
20230807,1773538516597790 ,JP,JP,1,12/5/23,13.07,5.4112,7/8/23 3:14,3.21,RIE,Ad Group Recall (Merged)
20230807,1773538520456220 ,JP,JP,1,12/5/23,101.49,5.4112,7/8/23 3:14,3.21,RIE,Ad Group Recall (Merged)
20230807,1773541550196750 ,PL,PL,1,7/8/23,2.53,2.1173,7/8/23 4:02,1.84,RIE,Ad Group Recall (Merged)
20230807,1773541546206320 ,ES,ES,1,7/8/23,3.73,2.1173,7/8/23 4:02,1.37,Auction Ads,auction_relation
20230807,1773541557882890 ,NZ,NZ,1,7/8/23,3.29,2.1173,7/8/23 4:02,1.58,Auction Ads,auction_relation
20230807,1773541557872680 ,NZ,NZ,1,7/8/23,3.44,2.1173,7/8/23 4:02,1.58,Auction Ads,auction_relation
20230807,1773541546206320 ,NZ,NZ,1,7/8/23,3.73,2.1173,7/8/23 4:02,1.58,Auction Ads,auction_relation
20230807,1773541546187820 ,NZ,NZ,1,7/8/23,3.59,2.1173,7/8/23 4:02,1.58,Auction Ads,auction_relation
20230807,1773541550204970 ,NZ,NZ,1,7/8/23,3.34,2.1173,7/8/23 4:02,1.58,Auction Ads,auction_relation
20230807,1773541546206320 ,AT,AT,1,7/8/23,3.73,2.1173,7/8/23 4:02,0.89,Auction Ads,auction_relation
20230807,1773541546187820 ,AT,AT,1,7/8/23,3.59,2.1173,7/8/23 4:02,0.89,Auction Ads,auction_relation
20230807,1773541550204970 ,GR,GR,1,7/8/23,3.34,2.1173,7/8/23 4:02,2.11,Auction Ads,auction_relation
20230807,1773538310998040 ,US,US&CA,1,7/8/23,89.71,4.1533,7/8/23 4:08,1.81,RIE,Ad Group Recall (Merged)
20230807,1773539282355200 ,TH,,1,15/6/23,4.65,3.3996,7/8/23 3:37,1.53,RIE,Promote Report Recall
20230807,1773542350187550 ,CA,USCA,1,3/8/23,18.55,36.6277,7/8/23 4:12,1.78,Auction Ads,auction_relation
20230807,1773540572996610 ,SG,SG,1,18/6/23,,8.6698,7/8/23 3:45,1.94,Auction Ads,auction_relation
20230807,1773540587456540 ,SG,SG,1,18/6/23,,8.6698,7/8/23 3:45,1.94,Auction Ads,auction_relation
20230807,1773540547162110 ,SG,SG,1,18/6/23,,8.6698,7/8/23 3:45,1.94,Auction Ads,auction_relation
20230807,1773540565538810 ,SG,SG,1,18/6/23,,8.6698,7/8/23 3:45,1.94,Auction Ads,auction_relation
20230807,1773540601196540 ,SG,SG,1,18/6/23,,8.6698,7/8/23 3:45,1.94,Auction Ads,auction_relation
20230807,1773543146119160 ,US,USCA,1,3/8/23,33.63,6.1151,7/8/23 4:10,1.78,Auction Ads,auction_relation
20230807,1773543183195150 ,US,USCA,1,3/8/23,10.69,6.1151,7/8/23 4:10,1.78,Auction Ads,auction_relation
20230807,1773543112565850 ,US,USCA,1,3/8/23,28.39,6.1151,7/8/23 4:10,1.78,Auction Ads,auction_relation
20230807,1773543174786050 ,US,USCA,1,3/8/23,1.8,6.1151,7/8/23 4:10,1.78,Auction Ads,auction_relation
20230807,1773542429494320 ,US,USCA,1,3/8/23,19.66,36.6277,7/8/23 4:16,1.78,Auction Ads,auction_relation
20230807,1773542431580170 ,CA,USCA,1,3/8/23,18.93,36.6277,7/8/23 4:16,1.78,Auction Ads,auction_relation
20230807,1773542107175970 ,VN,VN,1,8/7/23,814.52,35.0015,7/8/23 4:05,2.13,RIE,Ad Group Recall (Merged)
20230807,1773537197883390 ,AU,AU,1,26/6/23,6.31,9.1501,7/8/23 3:51,1.84,Auction Ads,auction_relation
20230807,1773537867174930 ,IL,IL,1,7/7/23,17.76,5.9317,7/8/23 4:02,1.52,Auction Ads,auction_relation
20230807,1773535980411930 ,GB,GB,1,12/5/23,0.044,1.3716,7/8/23 3:34,1.76,Auction Ads,auction_relation
20230807,1773537239828490 ,AU,AU,1,26/6/23,20.59,9.1501,7/8/23 3:55,1.84,Auction Ads,auction_relation
20230807,1773536539938860 ,GB,GB,1,12/5/23,2.1362,1.3716,7/8/23 3:44,1.76,Auction Ads,auction_relation
20230807,1773536289174530 ,ID,,1,16/6/23,0.7885,0.2336,7/8/23 3:57,0.54,Non-Auction Ads,Promote
20230807,1773544022617130 ,VN,VN,1,28/7/23,2.8313,13.4569,7/8/23 4:31,2.14,Auction Ads,auction_relation
20230807,1773536928675840 ,GB,GB,1,12/5/23,1.9378,1.3716,7/8/23 3:49,1.76,Auction Ads,auction_relation
20230807,1773540345864190 ,SA,MENA,1,7/8/23,147.91,2.5909,7/8/23 4:42,1.67,RIE,Ad Group Recall (Merged)
20230807,1773542347950080 ,TH,,1,28/6/23,6.54,1.4713,7/8/23 4:21,1.53,RIE,Promote Report Recall
20230807,1773542141545520 ,TH,TH,1,9/6/23,0.5975,2.5387,7/8/23 4:10,1.64,Auction Ads,auction_relation
20230807,1773544385286140 ,ID,ID,1,15/7/23,6.5918,0.6361,7/8/23 4:43,1.8,Auction Ads,auction_relation
20230807,1773534335820850 ,GB,GB,1,5/8/23,17.22,17.5514,7/8/23 5:00,1.76,Auction Ads,auction_relation
20230807,1773534956668970 ,US,US&CA,1,5/8/23,18.5,17.5514,7/8/23 5:00,1.81,RIE,Ad Group Recall (Merged)
20230807,1773534956668970 ,GB,GB,1,5/8/23,18.5,17.5514,7/8/23 5:00,1.72,RIE,Ad Group Recall (Merged)
20230807,1773534956668970 ,GB,GB,1,5/8/23,18.5,17.5514,7/8/23 5:00,1.76,Auction Ads,auction_relation
20230807,1773534531102720 ,GB,GB,1,5/8/23,16.02,17.5514,7/8/23 5:00,1.76,Auction Ads,auction_relation
20230807,1773534335836170 ,GB,GB,1,5/8/23,16.59,17.5514,7/8/23 5:00,1.76,Auction Ads,auction_relation
20230807,1773534451431450 ,GB,GB,1,5/8/23,17.01,17.5514,7/8/23 5:00,1.76,Auction Ads,auction_relation
20230807,1773535031940190 ,GB,GB,1,5/8/23,17.67,17.5514,7/8/23 5:00,1.76,Auction Ads,auction_relation
20230807,1773534451431450 ,US,USCA,1,5/8/23,17.01,17.5514,7/8/23 5:00,1.78,Auction Ads,auction_relation
20230807,1773534956668970 ,GB,GB,1,5/8/23,18.5,17.5514,7/8/23 5:00,1.72,RIE,Ad Group Recall (Merged)
20230807,1773533918073900 ,GB,GB,1,5/8/23,16.16,17.5514,7/8/23 5:00,1.76,Auction Ads,auction_relation
20230807,1773535031959600 ,GB,GB,1,5/8/23,17.63,17.5514,7/8/23 5:00,1.76,Auction Ads,auction_relation
20230807,1773534531115000 ,GB,GB,1,5/8/23,17.02,17.5514,7/8/23 5:00,1.76,Auction Ads,auction_relation
20230807,1773534531115000 ,US,USCA,1,5/8/23,17.02,17.5514,7/8/23 5:00,1.78,Auction Ads,auction_relation
20230807,1773542913397760 ,TH,TH,1,9/6/23,,2.5387,7/8/23 4:22,1.64,Auction Ads,auction_relation
20230807,1773543487912970 ,SG,SG,1,18/6/23,,8.6698,7/8/23 4:31,1.94,Auction Ads,auction_relation
20230807,1773543499225080 ,SG,SG,1,18/6/23,,8.6698,7/8/23 4:31,1.94,Auction Ads,auction_relation
20230807,1773543513782270 ,SG,SG,1,18/6/23,,8.6698,7/8/23 4:31,1.94,Auction Ads,auction_relation
20230807,1773544712349700 ,TH,,1,8/7/23,10.98,1.1012,7/8/23 4:56,1.53,RIE,Promote Report Recall
20230807,1773543807888410 ,SG,SG,1,18/6/23,3.35,8.6698,7/8/23 4:37,1.94,Auction Ads,auction_relation
20230807,1773543832803360 ,SG,Other,1,18/6/23,,8.6698,7/8/23 4:37,1.62,RIE,Ad Group Recall (Merged)
20230807,1773543807889400 ,SG,SG,1,18/6/23,135.79,8.6698,7/8/23 4:37,1.94,Auction Ads,auction_relation
20230807,1773543822330890 ,SG,SG,1,18/6/23,1.74,8.6698,7/8/23 4:37,1.94,Auction Ads,auction_relation
20230807,1773543846730780 ,SG,Other,1,18/6/23,0.14,8.6698,7/8/23 4:37,1.62,RIE,Ad Group Recall (Merged)
20230807,1773543846730780 ,SG,SG,1,18/6/23,0.14,8.6698,7/8/23 4:37,1.94,Auction Ads,auction_relation
20230807,1773543832803360 ,SG,SG,1,18/6/23,,8.6698,7/8/23 4:37,1.94,Auction Ads,auction_relation
20230807,1773543858400290 ,SG,Other,1,18/6/23,0.05,8.6698,7/8/23 4:37,1.62,RIE,Ad Group Recall (Merged)
20230807,1773543858400290 ,SG,SG,1,18/6/23,0.05,8.6698,7/8/23 4:37,1.94,Auction Ads,auction_relation
20230807,1773543848530970 ,SG,SG,1,18/6/23,3.58,8.6698,7/8/23 4:37,1.94,Auction Ads,auction_relation
20230807,1773545476220970 ,BR,BR,1,7/8/23,0.0657,0.4103,7/8/23 5:13,1.99,Auction Ads,auction_all
20230807,1773545476231180 ,BR,BR,1,7/8/23,0.0679,0.4103,7/8/23 5:13,1.99,Auction Ads,auction_all
20230807,1773545476231180 ,BR,BR,1,7/8/23,0.0679,0.4103,7/8/23 5:13,1.99,Auction Ads,auction_all
20230807,1773545251861520 ,BR,BR,1,7/8/23,0.0637,0.4103,7/8/23 5:13,1.99,Auction Ads,auction_all
20230807,1773547402860560 ,ID,ID,1,7/8/23,36.15,40.5188,7/8/23 5:24,1.8,Auction Ads,auction_relation
20230807,1773544460990460 ,ID,,1,16/6/23,1.6502,0.9717,7/8/23 4:51,1.53,RIE,Promote Report Recall
20230807,1773528469987330 ,TR,TR,1,7/8/23,,1.5967,7/8/23 5:31,0.83,Auction Ads,auction_relation
20230807,1773547245245440 ,SA,,1,7/8/23,0.7783,3.6073,7/8/23 5:34,1.53,RIE,Promote Report Recall
20230807,1773552155744300 ,TH,TH,5,5/8/23,8.5126,9.3148,7/8/23 6:47,1.64,Auction Ads,auction_relation
20230807,1773518210859050 ,GB,GB,1,3/8/23,16.4052,6.4176,7/8/23 5:30,1.76,Auction Ads,auction_relation
20230807,1773518234539040 ,GB,GB,1,3/8/23,33.5704,6.4176,7/8/23 5:30,1.76,Auction Ads,auction_relation
20230807,1773544940427260 ,TH,,1,24/6/23,2.94,1.2338,7/8/23 5:00,1.53,RIE,Promote Report Recall
20230807,1773544070937640 ,GB,GB,1,5/8/23,99.8,17.5514,7/8/23 5:40,1.76,Auction Ads,auction_relation
20230807,1773546326178820 ,TH,,1,8/7/23,2.51,0.8387,7/8/23 5:20,1.53,RIE,Promote Report Recall
20230807,1773545801651200 ,TH,,1,27/6/23,10.23,4.88,7/8/23 5:12,1.53,RIE,Promote Report Recall
20230807,1773552389861390 ,TH,TH,5,5/8/23,7.3434,9.3148,7/8/23 6:55,1.64,Auction Ads,auction_relation
20230807,1773542079799310 ,FR,FR,1,26/6/23,5.7037,11.7618,7/8/23 5:11,1.97,Auction Ads,auction_relation
20230807,1773542079799310 ,FR,FR,1,26/6/23,5.7037,11.7618,7/8/23 5:11,1.76,RIE,Ad Group Recall (Merged)
20230807,1773549033255930 ,PK,PK,1,7/8/23,,0.3571,7/8/23 5:51,1.36,Auction Ads,auction_relation
20230807,1773552802635820 ,TH,TH,2,7/8/23,6.8214,0.5694,7/8/23 6:56,1.64,Auction Ads,auction_relation
20230807,1773546962957310 ,TH,,1,28/6/23,10.67,1.4713,7/8/23 5:33,1.53,RIE,Promote Report Recall
20230807,1773549324203050 ,AR,Other,1,7/8/23,95.16,1.8825,7/8/23 5:59,1.62,RIE,Ad Group Recall (Merged)
20230807,1773546914235390 ,GB,GB,1,26/6/23,1.97,9.6744,7/8/23 5:26,1.76,Auction Ads,auction_relation
20230807,1773546990551040 ,GB,GB,1,26/6/23,2.35,9.6744,7/8/23 5:29,1.76,Auction Ads,auction_relation
20230807,1773546990554130 ,GB,GB,1,26/6/23,1.86,9.6744,7/8/23 5:29,1.76,Auction Ads,auction_relation
20230807,1773545825883160 ,TH,TH,1,11/5/23,1.293,0.74,7/8/23 5:06,1.64,Auction Ads,auction_relation
20230807,1773553321391150 ,US,USCA,1,11/5/23,,7.3511,7/8/23 5:10,1.78,Auction Ads,auction_relation
20230807,1773545676491770 ,CA,US&CA,1,7/8/23,28.7117,14.6022,7/8/23 6:07,1.81,RIE,Ad Group Recall (Merged)
20230807,1773547929944060 ,TH,,1,27/6/23,12.42,2.4122,7/8/23 5:51,1.53,RIE,Promote Report Recall
20230807,1773546596142090 ,TH,TH,1,11/5/23,1.2272,0.74,7/8/23 5:21,1.64,Auction Ads,auction_relation
20230807,1773547261404170 ,TH,TH,1,11/5/23,1.413,0.74,7/8/23 5:26,1.64,Auction Ads,auction_relation
20230807,1773547069787130 ,JP,JP,1,11/5/23,8.3004,15.9373,7/8/23 5:30,2.16,Auction Ads,auction_all
20230807,1773548311950350 ,TH,,1,4/7/23,8.37,4.6329,7/8/23 6:01,1.53,RIE,Promote Report Recall
20230807,1773548175988730 ,ID,,1,16/6/23,1.4854,0.6076,7/8/23 5:51,1.53,RIE,Promote Report Recall
20230807,1773549205941250 ,TH,,1,4/7/23,9.43,2.6075,7/8/23 6:08,1.53,RIE,Promote Report Recall
20230807,1773550494558210 ,ID,ID,1,7/8/23,,1.17,7/8/23 6:25,1.8,Auction Ads,auction_relation
20230807,1773547440710670 ,GR,Other,1,7/8/23,0.52,0.19,7/8/23 6:32,1.62,RIE,Ad Group Recall (Merged)
20230807,1773547440710670 ,SE,Other,1,7/8/23,0.52,0.19,7/8/23 6:32,1.62,RIE,Ad Group Recall (Merged)
20230807,1773547440710670 ,NO,Other,1,7/8/23,0.52,0.19,7/8/23 6:32,1.62,RIE,Ad Group Recall (Merged)
20230807,1773547440710670 ,GR,Other,1,7/8/23,0.52,0.19,7/8/23 6:32,1.62,RIE,Ad Group Recall (Merged)
20230807,1773547440710670 ,CZ,Other,1,7/8/23,0.52,0.19,7/8/23 6:32,1.62,RIE,Ad Group Recall (Merged)
20230807,1773547440710670 ,HU,Others,1,7/8/23,0.52,0.19,7/8/23 6:32,1.56,Auction Ads,auction_all
20230807,1773553650153500 ,TH,TH,2,20/6/23,1.6851,0.5965,7/8/23 7:13,1.64,Auction Ads,auction_relation
20230807,1773551183266830 ,RO,RO,1,7/8/23,,0,7/8/23 6:33,1.94,Auction Ads,auction_relation
20230807,1773551183266830 ,RO,RO,1,7/8/23,,0,7/8/23 6:33,1.94,Auction Ads,auction_relation
20230807,1773551411975210 ,KZ,KZ,1,7/8/23,1.39,1.1532,7/8/23 6:35,2,Auction Ads,auction_relation
20230807,1773551396308990 ,RO,RO,1,7/8/23,,0,7/8/23 6:38,1.94,Auction Ads,auction_relation
20230807,1773551388720130 ,RO,RO,1,7/8/23,,0,7/8/23 6:38,1.94,Auction Ads,auction_relation
20230807,1773551390014510 ,RO,RO,1,7/8/23,,0,7/8/23 6:38,1.94,Auction Ads,auction_relation
20230807,1773551400408060 ,RO,RO,1,7/8/23,,0,7/8/23 6:38,1.94,Auction Ads,auction_relation
20230807,1773551385155660 ,RO,RO,1,7/8/23,,0,7/8/23 6:38,1.94,Auction Ads,auction_relation
20230807,1773551381371930 ,RO,RO,1,7/8/23,,0,7/8/23 6:38,1.94,Auction Ads,auction_relation
20230807,1773551406951440 ,RO,RO,1,7/8/23,,0,7/8/23 6:38,1.94,Auction Ads,auction_relation
20230807,1773551381371930 ,RO,RO,1,7/8/23,,0,7/8/23 6:38,1.94,Auction Ads,auction_relation
20230807,1773551369109520 ,RO,RO,1,7/8/23,,0,7/8/23 6:38,1.94,Auction Ads,auction_relation
20230807,1773551402601520 ,RO,RO,1,7/8/23,,0,7/8/23 6:38,1.94,Auction Ads,auction_relation
20230807,1773551374652430 ,RO,RO,1,7/8/23,,0,7/8/23 6:38,1.94,Auction Ads,auction_relation
20230807,1773551402601520 ,RO,RO,1,7/8/23,,0,7/8/23 6:38,1.94,Auction Ads,auction_relation
20230807,1773549234006060 ,TH,TH,1,18/5/23,,4.9867,7/8/23 6:01,1.64,Auction Ads,auction_relation
20230807,1773559285429290 ,US,USCA,1,7/8/23,,0.6431,7/8/23 6:40,1.78,Auction Ads,auction_relation
20230807,1773551505413130 ,GR,GR,1,26/6/23,20.51,1.0914,7/8/23 6:15,2.11,Auction Ads,auction_relation
20230807,1773552617352220 ,KZ,KZ,1,7/8/23,1.17,1.1532,7/8/23 6:43,2,Auction Ads,auction_relation
20230807,1773552635262000 ,KZ,KZ,1,7/8/23,1.25,1.1532,7/8/23 6:43,2,Auction Ads,auction_relation
20230807,1773551379277870 ,SA,MENA,1,3/8/23,,15.5434,7/8/23 6:40,1.67,RIE,Ad Group Recall (Merged)
20230807,1773552110938140 ,SA,MENA,1,7/8/23,15.07,0.3266,7/8/23 6:45,1.67,RIE,Ad Group Recall (Merged)
20230807,1773550920167470 ,AU,AU,3,13/6/23,9.1,24.0419,7/8/23 7:30,1.84,Auction Ads,auction_relation
20230807,1773550904186920 ,GB,GB,3,13/6/23,13.32,24.0419,7/8/23 7:30,1.76,Auction Ads,auction_relation
20230807,1773551949952000 ,US,US&CA,1,7/8/23,9.95,6.67,7/8/23 6:47,1.81,RIE,Ad Group Recall (Merged)
20230807,1773550171567130 ,TW,TW,1,29/5/23,,2.3029,7/8/23 6:17,0.95,Auction Ads,auction_relation
20230807,1773550176426000 ,TH,TH,1,9/6/23,6.162,2.5387,7/8/23 6:20,1.64,Auction Ads,auction_relation
20230807,1773550231821360 ,TH,TH,1,9/6/23,8.0604,2.5387,7/8/23 6:21,1.64,Auction Ads,auction_relation
20230807,1773550388088880 ,TH,TH,1,9/6/23,8.5899,2.5387,7/8/23 6:23,1.64,Auction Ads,auction_relation
20230807,1773521115426860 ,PT,PT,1,7/8/23,,0.5505,7/8/23 7:00,1.98,Auction Ads,auction_relation
20230807,1773547216020480 ,TH,,1,16/6/23,,0.4266,7/8/23 6:30,0.54,Non-Auction Ads,Promote
20230807,1773547216020480 ,TH,,1,16/6/23,,0.4266,7/8/23 6:30,0.54,Non-Auction Ads,Promote
20230807,1773550779742240 ,DE,DE,1,18/5/23,,3.2948,7/8/23 6:23,1.01,Auction Ads,auction_relation
20230807,1773550779497490 ,DE,DE,1,18/5/23,,3.2948,7/8/23 6:23,1.01,Auction Ads,auction_relation
20230807,1773550776953850 ,DE,DE,1,22/5/23,6.83,10.9983,7/8/23 6:29,1.01,Auction Ads,auction_relation
20230807,1773550745472010 ,DE,DE,1,22/5/23,88.55,10.9983,7/8/23 6:29,1.01,Auction Ads,auction_relation
20230807,1773553814900730 ,KZ,KZ,1,7/8/23,0.56,1.1532,7/8/23 7:06,2,Auction Ads,auction_relation
20230807,1773549232930860 ,HU,Other,1,24/7/23,16.9722,3.9552,7/8/23 7:04,1.62,RIE,Ad Group Recall (Merged)
20230807,1773560393569280 ,IT,IT,1,2/8/23,1791.57,501.1727,7/8/23 8:22,1.36,Auction Ads,auction_relation
20230807,1773560393569280 ,IT,IT,1,2/8/23,1791.57,501.1727,7/8/23 8:22,1.79,RIE,Ad Group Recall (Merged)
20230807,1773553127493630 ,TH,,1,8/7/23,3.92,0.8387,7/8/23 7:08,1.53,RIE,Promote Report Recall
20230807,1773550890728490 ,US,US&CA,1,7/8/23,,4.8088,7/8/23 7:25,1.81,RIE,Ad Group Recall (Merged)
20230807,1773550890728490 ,US,US&CA,1,7/8/23,,4.8088,7/8/23 7:25,1.81,RIE,Ad Group Recall (Merged)
20230807,1773554307419140 ,BR,,1,7/8/23,21.7644,8.2911,7/8/23 7:27,0.54,Non-Auction Ads,Promote
20230807,1773553805753360 ,ID,ID,1,12/7/23,3.4421,7.3175,7/8/23 7:13,1.8,Auction Ads,auction_relation
20230807,1773550864483370 ,IT,IT,1,7/8/23,0,1.53,7/8/23 7:31,1.36,Auction Ads,auction_relation
20230807,1773550864481310 ,IT,IT,1,7/8/23,0.04,1.53,7/8/23 7:31,1.36,Auction Ads,auction_relation
20230807,1773550864470010 ,IT,IT,1,7/8/23,0.74,1.53,7/8/23 7:31,1.36,Auction Ads,auction_relation
20230807,1773550864470010 ,CZ,Other,1,7/8/23,0.74,1.53,7/8/23 7:31,1.62,RIE,Ad Group Recall (Merged)
20230807,1773550864481310 ,CZ,Other,1,7/8/23,0.04,1.53,7/8/23 7:31,1.62,RIE,Ad Group Recall (Merged)
20230807,1773550864483370 ,CZ,Other,1,7/8/23,0,1.53,7/8/23 7:31,1.62,RIE,Ad Group Recall (Merged)
20230807,1773550864470010 ,HU,Others,1,7/8/23,0.74,1.53,7/8/23 7:31,1.56,Auction Ads,auction_all
20230807,1773555261406240 ,VN,VN,1,7/8/23,1.3847,0.8964,7/8/23 7:35,2.13,RIE,Ad Group Recall (Merged)
20230807,1773555423116330 ,NZ,NZ,1,7/8/23,3.69,1.32,7/8/23 7:36,1.58,Auction Ads,auction_relation
20230807,1773555423116330 ,GB,GB,1,7/8/23,3.69,1.32,7/8/23 7:36,1.76,Auction Ads,auction_relation
20230807,1773553365177340 ,TH,TH,1,24/6/23,2.3454,3.3832,7/8/23 7:09,1.64,Auction Ads,auction_relation
20230807,1773555088622620 ,VN,VN,1,25/7/23,,45.5682,7/8/23 7:38,2.14,Auction Ads,auction_relation
20230807,1773554093206530 ,TH,,1,4/7/23,5.04,4.6329,7/8/23 7:26,1.53,RIE,Promote Report Recall
20230807,1773555602282510 ,PL,PL,1,7/8/23,,1.32,7/8/23 7:45,1.64,Auction Ads,auction_relation
20230807,1773555602282510 ,NO,Others,1,7/8/23,,1.32,7/8/23 7:45,1.56,Auction Ads,auction_all
20230807,1773555602282510 ,DK,DK,1,7/8/23,,1.32,7/8/23 7:45,1.31,Auction Ads,auction_relation
20230807,1773555602282510 ,SE,SE,1,7/8/23,,1.32,7/8/23 7:45,1.4,Auction Ads,auction_relation
20230807,1773555602282510 ,IE,IE,1,7/8/23,,1.32,7/8/23 7:45,1.52,Auction Ads,auction_relation
20230807,1773555602282510 ,NL,NL,1,7/8/23,,1.32,7/8/23 7:45,1.19,Auction Ads,auction_relation
20230807,1773555602282510 ,FI,Others,1,7/8/23,,1.32,7/8/23 7:45,1.56,Auction Ads,auction_all
20230807,1773555602282510 ,CO,CO,1,7/8/23,,1.32,7/8/23 7:45,1.93,Auction Ads,auction_all
20230807,1773555602282510 ,ES,ES,1,7/8/23,,1.32,7/8/23 7:45,1.37,Auction Ads,auction_relation
20230807,1773555724387320 ,NZ,NZ,1,7/8/23,4.14,1.32,7/8/23 7:48,1.58,Auction Ads,auction_relation
20230807,1773555724387320 ,TH,TH,1,7/8/23,4.14,1.32,7/8/23 7:48,1.64,Auction Ads,auction_relation
20230807,1773552383242290 ,US,US&CA,1,7/8/23,17.77,5.762,7/8/23 7:50,1.81,RIE,Ad Group Recall (Merged)
20230807,1773553991613450 ,TH,TH,1,2/6/23,5.279,0.5347,7/8/23 7:16,1.64,Auction Ads,auction_relation
20230807,1773554623778810 ,KH,,1,3/7/23,38.4377,2.8696,7/8/23 7:35,0.54,Non-Auction Ads,Promote
20230807,1773554623778810 ,KH,,1,3/7/23,38.4377,2.8696,7/8/23 7:35,1.53,RIE,Promote Report Recall
20230807,1773552124250110 ,PH,,1,16/6/23,0.3527,0.1243,7/8/23 7:23,0.54,Non-Auction Ads,Promote
20230807,1773554770998270 ,KH,,1,3/7/23,21.1875,2.8696,7/8/23 7:39,0.54,Non-Auction Ads,Promote
20230807,1773552597559290 ,US,USCA,1,7/8/23,,5.402,7/8/23 7:56,1.78,Auction Ads,auction_relation
20230807,1773552567931950 ,US,US&CA,1,7/8/23,5.75,5.402,7/8/23 7:56,1.81,RIE,Ad Group Recall (Merged)
20230807,1773552560535600 ,US,US&CA,1,7/8/23,9.05,5.402,7/8/23 7:56,1.81,RIE,Ad Group Recall (Merged)
20230807,1773552550077480 ,US,US&CA,1,7/8/23,20.07,5.762,7/8/23 7:56,1.81,RIE,Ad Group Recall (Merged)
20230807,1773552563717120 ,US,US&CA,1,7/8/23,21.38,5.762,7/8/23 7:56,1.81,RIE,Ad Group Recall (Merged)
20230807,1773554998199300 ,TH,,1,27/6/23,5.53,4.88,7/8/23 7:38,1.53,RIE,Promote Report Recall
20230807,1773554990082040 ,KH,,1,3/7/23,7.9797,2.8696,7/8/23 7:41,0.54,Non-Auction Ads,Promote
20230807,1773552821268510 ,AU,AU,1,7/8/23,18.91,7.2114,7/8/23 8:00,1.84,Auction Ads,auction_relation
20230807,1773555092851710 ,TH,,1,7/7/23,7.22,2.8575,7/8/23 7:46,1.53,RIE,Promote Report Recall
20230807,1773541825525790 ,BR,BR,1,7/8/23,0.5219,0.4089,7/8/23 8:00,1.7,RIE,Ad Group Recall (Merged)
20230807,1773541560102930 ,BR,BR,1,7/8/23,0.503,0.4089,7/8/23 8:00,1.7,RIE,Ad Group Recall (Merged)
20230807,1773557569025070 ,TW,TW,1,13/7/23,,1.3118,7/8/23 7:49,0.95,Auction Ads,auction_relation
20230807,1773554171782140 ,TH,,1,25/5/23,8.39,1.5246,7/8/23 7:30,1.53,RIE,Promote Report Recall
20230807,1773554751187980 ,DE,DE,1,18/5/23,,3.2948,7/8/23 7:27,1.01,Auction Ads,auction_relation
20230807,1773554759357450 ,DE,DE,1,18/5/23,,3.2948,7/8/23 7:27,1.01,Auction Ads,auction_relation
20230807,1773554738145290 ,DE,DE,1,18/5/23,,3.2948,7/8/23 7:27,1.01,Auction Ads,auction_relation
20230807,1773561032037420 ,MY,MY,2,5/8/23,,8.4191,7/8/23 9:11,2.31,Auction Ads,auction_relation
20230807,1771831645106200 ,FI,Others,1,31/7/23,30.9655,18.8227,7/8/23 8:01,1.56,Auction Ads,auction_all
20230807,1773552279599100 ,MY,,1,5/7/23,1.3544,1.2833,7/8/23 7:52,0.54,Non-Auction Ads,Promote
20230807,1773555737919480 ,KH,,1,3/7/23,18.3973,2.8696,7/8/23 7:53,1.53,RIE,Promote Report Recall
20230807,1773555737919480 ,KH,,1,3/7/23,18.3973,2.8696,7/8/23 7:53,0.54,Non-Auction Ads,Promote
20230807,1773555774222330 ,KH,,1,3/7/23,20.8131,2.8696,7/8/23 7:55,0.54,Non-Auction Ads,Promote
20230807,1773556785001470 ,SA,MENA,1,23/6/23,26.14,141.3111,7/8/23 8:05,1.67,RIE,Ad Group Recall (Merged)
20230807,1773556665906180 ,TH,,1,8/7/23,8.49,0.8387,7/8/23 8:04,1.53,RIE,Promote Report Recall
20230807,1773558841676800 ,TW,TW,1,13/7/23,10.07,1.437,7/8/23 8:11,0.95,Auction Ads,auction_relation
20230807,1773556807966750 ,TH,,1,9/7/23,7.78,1.4638,7/8/23 8:12,1.53,RIE,Promote Report Recall
20230807,1773550726912040 ,GB,GB,1,26/6/23,3.24,5.6941,7/8/23 8:00,1.76,Auction Ads,auction_relation
20230807,1773550726912040 ,AU,AU,1,26/6/23,3.24,5.6941,7/8/23 8:00,1.84,Auction Ads,auction_relation
20230807,1773550726912040 ,NZ,NZ,1,26/6/23,3.24,5.6941,7/8/23 8:00,1.58,Auction Ads,auction_relation
20230807,1773550807441440 ,GB,GB,1,26/6/23,5.37,3.0747,7/8/23 8:00,1.76,Auction Ads,auction_relation
20230807,1773556329241650 ,IT,IT,1,26/6/23,9.61,2.0985,7/8/23 8:00,1.36,Auction Ads,auction_relation
20230807,1773556212295710 ,GB,GB,1,26/6/23,6.66,2.0985,7/8/23 8:00,1.76,Auction Ads,auction_relation
20230807,1773556346206220 ,GB,GB,1,26/6/23,1.81,2.0985,7/8/23 8:00,1.76,Auction Ads,auction_relation
20230807,1773556329241650 ,GB,GB,1,26/6/23,9.61,2.0985,7/8/23 8:00,1.76,Auction Ads,auction_relation
20230807,1773556229970990 ,GB,GB,1,26/6/23,10.91,1.2731,7/8/23 8:00,1.76,Auction Ads,auction_relation
20230807,1773556092779530 ,GB,GB,1,26/6/23,8.03,1.2731,7/8/23 8:00,1.76,Auction Ads,auction_relation
20230807,1773556092779530 ,AU,AU,1,26/6/23,8.03,1.2731,7/8/23 8:00,1.84,Auction Ads,auction_relation
20230807,1773556092779530 ,NZ,NZ,1,26/6/23,8.03,1.2731,7/8/23 8:00,1.58,Auction Ads,auction_relation
20230807,1773556229970990 ,NZ,NZ,1,26/6/23,10.91,1.2731,7/8/23 8:00,1.58,Auction Ads,auction_relation
20230807,1773556229970990 ,AU,AU,1,26/6/23,10.91,1.2731,7/8/23 8:00,1.84,Auction Ads,auction_relation
20230807,1773555100865580 ,GB,GB,1,26/6/23,6.58,0.935,7/8/23 8:00,1.72,RIE,Ad Group Recall (Merged)
20230807,1773555100865580 ,IE,Other,1,26/6/23,6.58,0.935,7/8/23 8:00,1.62,RIE,Ad Group Recall (Merged)
20230807,1773555100865580 ,NZ,Other,1,26/6/23,6.58,0.935,7/8/23 8:00,1.62,RIE,Ad Group Recall (Merged)
20230807,1773555100865580 ,CA,US&CA,1,26/6/23,6.58,0.935,7/8/23 8:00,1.81,RIE,Ad Group Recall (Merged)
20230807,1773555100865580 ,US,US&CA,1,26/6/23,6.58,0.935,7/8/23 8:00,1.81,RIE,Ad Group Recall (Merged)
20230807,1773555100865580 ,AU,AU,1,26/6/23,6.58,0.935,7/8/23 8:00,1.84,RIE,Ad Group Recall (Merged)
20230807,1773555100865580 ,CA,US&CA,1,26/6/23,6.58,0.935,7/8/23 8:00,1.81,RIE,Ad Group Recall (Merged)
20230807,1773553309971480 ,US,USCA,1,26/6/23,8.5,3.0337,7/8/23 8:00,1.78,Auction Ads,auction_relation
20230807,1773553309971480 ,CA,USCA,1,26/6/23,8.5,3.0337,7/8/23 8:00,1.78,Auction Ads,auction_relation
20230807,1773558947231790 ,QA,Other,1,7/8/23,14.12,1.7299,7/8/23 8:32,1.62,RIE,Ad Group Recall (Merged)
20230807,1773558947231790 ,QA,Other,1,7/8/23,14.12,1.7299,7/8/23 8:32,1.62,RIE,Ad Group Recall (Merged)
20230807,1773558915572780 ,TH,TH,1,30/7/23,16.6379,19.9898,7/8/23 8:26,1.64,Auction Ads,auction_relation
20230807,1773555071544320 ,US,USCA,1,7/8/23,2.11,36.7519,7/8/23 8:38,1.78,Auction Ads,auction_relation
20230807,1773555078649870 ,US,USCA,1,7/8/23,,36.7519,7/8/23 8:38,1.78,Auction Ads,auction_relation
20230807,1773555078636570 ,US,USCA,1,7/8/23,3.5,36.7519,7/8/23 8:38,1.78,Auction Ads,auction_relation
20230807,1773557087389740 ,GB,GB,1,26/6/23,8.43,2.3711,7/8/23 8:07,1.76,Auction Ads,auction_relation
20230807,1773566422070300 ,PK,PK,1,7/8/23,6.11,0.6055,7/8/23 8:37,1.36,Auction Ads,auction_relation
20230807,1773566422070300 ,PK,Other,1,7/8/23,6.11,0.6055,7/8/23 8:37,1.62,RIE,Ad Group Recall (Merged)
20230807,1773558091210800 ,MY,MY,1,27/6/23,12.71,6.4579,7/8/23 8:18,2.31,Auction Ads,auction_relation
20230807,1773558091210800 ,PH,Other,1,27/6/23,12.71,6.4579,7/8/23 8:18,1.62,RIE,Ad Group Recall (Merged)
20230807,1773555754212350 ,US,US&CA,1,7/8/23,61.81,64.82,7/8/23 8:49,1.81,RIE,Ad Group Recall (Merged)
20230807,1773558083297280 ,VN,VN,1,3/7/23,,3.4871,7/8/23 8:22,2.14,Auction Ads,auction_relation
20230807,1773557642290170 ,HU,Other,1,10/5/23,44.4342,16.2516,7/8/23 8:00,1.62,RIE,Ad Group Recall (Merged)
20230807,1773558438738990 ,PH,Other,1,27/6/23,12.85,6.4579,7/8/23 8:27,1.62,RIE,Ad Group Recall (Merged)
20230807,1773558168321020 ,KH,,1,3/7/23,16.1486,2.8696,7/8/23 8:31,0.54,Non-Auction Ads,Promote
20230807,1773558168321020 ,KH,,1,3/7/23,16.1486,2.8696,7/8/23 8:31,1.53,RIE,Promote Report Recall
20230807,1773555273856030 ,HU,Others,1,3/8/23,2.8736,0.3485,7/8/23 8:42,1.56,Auction Ads,auction_all
20230807,1773555303437360 ,PL,PL,1,3/8/23,2.6644,0.3485,7/8/23 8:42,1.64,Auction Ads,auction_relation
20230807,1773555253395450 ,RO,RO,1,3/8/23,2.5635,0.3485,7/8/23 8:42,1.94,Auction Ads,auction_relation
20230807,1773555337470970 ,DE,DE,1,3/8/23,2.7176,0.3485,7/8/23 8:43,1.01,Auction Ads,auction_relation
20230807,1773555353537530 ,GR,GR,1,3/8/23,2.8737,0.3485,7/8/23 8:43,2.11,Auction Ads,auction_relation
20230807,1773555395857580 ,CZ,CZ,1,3/8/23,2.3231,0.3485,7/8/23 8:43,1.9,Auction Ads,auction_relation
20230807,1773557810314240 ,MY,,1,21/7/23,11.5027,2.5223,7/8/23 8:38,0.54,Non-Auction Ads,Promote
20230807,1773556265050160 ,FR,FR,1,26/6/23,7.58,3.3882,7/8/23 8:27,1.97,Auction Ads,auction_relation
20230807,1773556265050160 ,CH,CH,1,26/6/23,7.58,3.3882,7/8/23 8:27,0.93,Auction Ads,auction_relation
20230807,1773556265050160 ,IE,IE,1,26/6/23,7.58,3.3882,7/8/23 8:27,1.52,Auction Ads,auction_relation
20230807,1773556265050160 ,DK,DK,1,26/6/23,7.58,3.3882,7/8/23 8:27,1.31,Auction Ads,auction_relation
20230807,1773556265050160 ,GB,GB,1,26/6/23,7.58,3.3882,7/8/23 8:27,1.76,Auction Ads,auction_relation
20230807,1773556265050160 ,IT,IT,1,26/6/23,7.58,3.3882,7/8/23 8:27,1.36,Auction Ads,auction_relation
20230807,1773555797787660 ,HU,Others,1,3/8/23,2.7967,0.3645,7/8/23 8:50,1.56,Auction Ads,auction_all
20230807,1773555815883790 ,PL,PL,1,3/8/23,2.7416,0.3645,7/8/23 8:50,1.64,Auction Ads,auction_relation
20230807,1773555767708720 ,RO,RO,1,3/8/23,2.8167,0.3645,7/8/23 8:50,1.94,Auction Ads,auction_relation
20230807,1773555824382000 ,DE,DE,1,3/8/23,2.4756,0.3645,7/8/23 8:51,1.01,Auction Ads,auction_relation
20230807,1773555873223690 ,GR,GR,1,3/8/23,2.7965,0.3645,7/8/23 8:51,2.11,Auction Ads,auction_relation
20230807,1773555903377420 ,CZ,CZ,1,3/8/23,18.4316,0.3645,7/8/23 8:52,1.9,Auction Ads,auction_relation
20230807,1773559343125520 ,TW,TW,1,13/7/23,,1.7254,7/8/23 8:44,0.95,Auction Ads,auction_relation
20230807,1773559264252970 ,VN,VN,1,3/7/23,0.52,3.4871,7/8/23 8:42,2.14,Auction Ads,auction_relation
20230807,1773558551454730 ,TH,TH,1,11/5/23,7.4562,13.3403,7/8/23 8:20,1.64,Auction Ads,auction_relation
20230807,1773558988277760 ,TH,,1,27/6/23,12.66,4.88,7/8/23 8:41,1.53,RIE,Promote Report Recall
20230807,1773560465453100 ,US,USCA,1,7/8/23,,0.26,7/8/23 9:02,1.78,Auction Ads,auction_relation
20230807,1773561952114700 ,ES,ES,1,2/8/23,2877.5052,680.8341,7/8/23 10:27,1.79,RIE,Ad Group Recall (Merged)
20230807,1773508782811160 ,DK,DK,1,3/8/23,17.9523,5.9837,7/8/23 9:00,1.31,Auction Ads,auction_relation
20230807,1773560673951790 ,TH,TH,1,30/7/23,10.9736,19.9898,7/8/23 9:03,1.64,Auction Ads,auction_relation
20230807,1773560343384090 ,TW,TW,1,13/7/23,8.54,1.437,7/8/23 8:57,0.95,Auction Ads,auction_relation
20230807,1773558524715040 ,TH,TH,1,15/5/23,4.6439,11.7366,7/8/23 8:32,1.64,Auction Ads,auction_relation
20230807,1773486673459200 ,VN,,1,16/6/23,0.2683,0.3785,7/8/23 8:37,0.54,Non-Auction Ads,Promote
20230807,1773557835966510 ,AU,AU,1,7/8/23,34.93,50.8091,7/8/23 9:22,1.84,RIE,Ad Group Recall (Merged)
20230807,1773558792040460 ,TH,TH,1,15/5/23,2.6934,11.7366,7/8/23 8:36,1.64,Auction Ads,auction_relation
20230807,1773557176500270 ,US,US&CA,1,3/8/23,6.76,7.7716,7/8/23 9:11,1.81,RIE,Ad Group Recall (Merged)
20230807,1773559132454910 ,TH,,1,15/6/23,8.03,3.3996,7/8/23 8:46,1.53,RIE,Promote Report Recall
20230807,1773556340772860 ,DK,DK,1,26/6/23,3.53,3.7103,7/8/23 8:55,1.31,Auction Ads,auction_relation
20230807,1773556340772860 ,GB,GB,1,26/6/23,3.53,3.7103,7/8/23 8:55,1.76,Auction Ads,auction_relation
20230807,1773556340772860 ,AT,AT,1,26/6/23,3.53,3.7103,7/8/23 8:55,0.89,Auction Ads,auction_relation
20230807,1773556340772860 ,IE,IE,1,26/6/23,3.53,3.7103,7/8/23 8:55,1.52,Auction Ads,auction_relation
20230807,1773559402860560 ,TH,TH,1,11/5/23,,13.3403,7/8/23 8:40,1.64,Auction Ads,auction_relation
20230807,1773556524817410 ,AU,AU,1,26/6/23,14.52,4.6917,7/8/23 8:58,1.84,Auction Ads,auction_relation
20230807,1773558022883360 ,AU,AU,1,7/8/23,4.58,11.7944,7/8/23 9:24,1.84,Auction Ads,auction_relation
20230807,1773558020563960 ,AU,AU,1,7/8/23,11.07,11.7944,7/8/23 9:24,1.84,Auction Ads,auction_relation
20230807,1773558022875150 ,AU,AU,1,7/8/23,3.71,11.7944,7/8/23 9:24,1.84,Auction Ads,auction_relation
20230807,1773558022883360 ,NZ,NZ,1,7/8/23,4.58,11.7944,7/8/23 9:24,1.58,Auction Ads,auction_relation
20230807,1773555921508350 ,TH,,1,16/6/23,3.3983,0.7268,7/8/23 8:55,0.54,Non-Auction Ads,Promote
20230807,1773555953434620 ,TH,,1,16/6/23,12.4926,0.7268,7/8/23 8:56,0.54,Non-Auction Ads,Promote
20230807,1773562118722590 ,MY,MY,1,28/7/23,11.64,1.7489,7/8/23 9:19,2.31,Auction Ads,auction_relation
20230807,1773556268864510 ,TH,,1,16/6/23,2.969,0.7268,7/8/23 8:57,0.54,Non-Auction Ads,Promote
20230807,1773560952593410 ,RO,,1,15/7/23,15.8898,0.6043,7/8/23 9:14,0.54,Non-Auction Ads,Promote
20230807,1773556580407320 ,DK,DK,1,26/6/23,2.74,3.7103,7/8/23 9:02,1.31,Auction Ads,auction_relation
20230807,1773556580407320 ,IE,IE,1,26/6/23,2.74,3.7103,7/8/23 9:02,1.52,Auction Ads,auction_relation
20230807,1773558500284410 ,HU,Others,1,7/8/23,,30.6517,7/8/23 9:32,1.56,Auction Ads,auction_all
20230807,1773558500284410 ,PT,PT,1,7/8/23,,30.6517,7/8/23 9:32,1.98,Auction Ads,auction_relation
20230807,1773558500284410 ,FR,FR,1,7/8/23,,30.6517,7/8/23 9:32,1.97,Auction Ads,auction_relation
20230807,1773558500284410 ,CZ,Other,1,7/8/23,,30.6517,7/8/23 9:32,1.62,RIE,Ad Group Recall (Merged)
20230807,1773558500284410 ,FI,Others,1,7/8/23,,30.6517,7/8/23 9:32,1.56,Auction Ads,auction_all
20230807,1773560113840170 ,TH,TH,1,11/5/23,,13.3403,7/8/23 8:53,1.64,Auction Ads,auction_relation
20230807,1773561087235070 ,TH,,1,8/7/23,8.96,1.5359,7/8/23 9:18,1.53,RIE,Promote Report Recall
20230807,1773563661826090 ,NZ,NZ,1,7/8/23,9.65,11.7944,7/8/23 9:35,1.58,Auction Ads,auction_relation
20230807,1773563661826090 ,AU,AU,1,7/8/23,9.65,11.7944,7/8/23 9:35,1.84,Auction Ads,auction_relation
20230807,1773562277211140 ,BR,,1,7/8/23,8.8252,1.4234,7/8/23 9:34,1.53,RIE,Promote Report Recall
20230807,1773563052370990 ,BR,BR,1,7/8/23,13.85,31.1,7/8/23 9:40,1.99,Auction Ads,auction_all
20230807,1773562348898310 ,BR,,1,7/8/23,3.2317,0.7933,7/8/23 9:35,1.53,RIE,Promote Report Recall
20230807,1773562810387470 ,PL,PL,1,7/8/23,,4.5404,7/8/23 9:38,1.64,Auction Ads,auction_relation
20230807,1773561046171650 ,IL,,1,25/6/23,22.8764,5.6412,7/8/23 9:14,1.53,RIE,Promote Report Recall
20230807,1773559428162590 ,HU,Other,1,7/8/23,21.13,4.16,7/8/23 9:41,1.62,RIE,Ad Group Recall (Merged)
20230807,1773559428162590 ,CZ,Other,1,7/8/23,21.13,4.16,7/8/23 9:41,1.62,RIE,Ad Group Recall (Merged)
20230807,1773562053530720 ,TW,TW,1,13/7/23,9,1.3684,7/8/23 9:27,0.95,Auction Ads,auction_relation
20230807,1773563022911520 ,PL,PL,1,7/8/23,,4.5404,7/8/23 9:43,1.64,Auction Ads,auction_relation
20230807,1773562855547900 ,BR,,1,7/8/23,3.9929,1.4234,7/8/23 9:43,1.53,RIE,Promote Report Recall
20230807,1773560625518610 ,TH,TH,1,11/5/23,,13.3403,7/8/23 9:03,1.64,Auction Ads,auction_relation
20230807,1773561666234370 ,TH,,1,27/6/23,11.98,4.88,7/8/23 9:24,1.53,RIE,Promote Report Recall
20230807,1773557996992560 ,CH,CH,1,26/6/23,13.6212,1.3197,7/8/23 9:19,0.93,Auction Ads,auction_relation
20230807,1773557996992560 ,DE,DE,1,26/6/23,13.6212,1.3197,7/8/23 9:19,1.01,Auction Ads,auction_relation
20230807,1773562443306010 ,HU,Other,1,6/7/23,3.96,0.0322,7/8/23 9:29,1.62,RIE,Ad Group Recall (Merged)
20230807,1773566976324650 ,US,USCA,3,13/7/23,77.56,19.6152,7/8/23 10:45,1.78,Auction Ads,auction_relation
20230807,1773490625708030 ,VN,,1,16/6/23,0.4298,0.2285,7/8/23 9:16,0.54,Non-Auction Ads,Promote
20230807,1773563605821470 ,GB,GB,1,2/8/23,23.64,8.2251,7/8/23 9:43,1.76,Auction Ads,auction_relation
20230807,1773550513793040 ,BR,BR,1,27/6/23,,1.4793,7/8/23 9:30,1.99,Auction Ads,auction_all
20230807,1773549002863630 ,BR,BR,1,27/6/23,0.111,1.4793,7/8/23 9:30,1.99,Auction Ads,auction_all
20230807,1773555559096320 ,BR,BR,1,27/6/23,5.1117,1.4793,7/8/23 9:30,1.99,Auction Ads,auction_all
20230807,1773558146059260 ,DE,DE,1,26/6/23,12.3339,1.3197,7/8/23 9:25,1.01,Auction Ads,auction_relation
20230807,1773558146059260 ,CH,CH,1,26/6/23,12.3339,1.3197,7/8/23 9:25,0.93,Auction Ads,auction_relation
20230807,1773558140010520 ,CH,CH,1,26/6/23,12.2241,1.3197,7/8/23 9:25,0.93,Auction Ads,auction_relation
20230807,1773558140010520 ,DE,DE,1,26/6/23,12.2241,1.3197,7/8/23 9:25,1.01,Auction Ads,auction_relation
20230807,1773557432104960 ,VN,VN,1,23/5/23,0,0.1725,7/8/23 9:16,2.14,Auction Ads,auction_relation
20230807,1773557432104960 ,BR,BR,1,23/5/23,0,0.1725,7/8/23 9:16,1.99,Auction Ads,auction_all
20230807,1773557432104960 ,HU,Other,1,23/5/23,0,0.1725,7/8/23 9:16,1.62,RIE,Ad Group Recall (Merged)
20230807,1773562706830340 ,BR,,1,7/8/23,0.2606,0.0696,7/8/23 9:55,0.54,Non-Auction Ads,Promote
20230807,1773563585167360 ,TH,TH,1,1/8/23,,0.3868,7/8/23 9:53,1.64,Auction Ads,auction_relation
20230807,1773563854264320 ,BR,,1,7/8/23,2.5669,14.0494,7/8/23 10:00,1.53,RIE,Promote Report Recall
20230807,1773563928215600 ,MX,MX,1,7/8/23,,2.1911,7/8/23 10:00,1.99,Auction Ads,auction_all
20230807,1773563962305530 ,MX,MX,1,7/8/23,0.61,2.1911,7/8/23 10:00,1.99,Auction Ads,auction_all
20230807,1773563998073900 ,MX,MX,1,7/8/23,0.31,2.1911,7/8/23 10:00,1.99,Auction Ads,auction_all
20230807,1773564006274060 ,MX,MX,1,7/8/23,3.54,2.1911,7/8/23 10:00,1.99,Auction Ads,auction_all
20230807,1773563986128940 ,MX,MX,1,7/8/23,0.27,2.1911,7/8/23 10:00,1.99,Auction Ads,auction_all
20230807,1773566333323310 ,MY,MY,2,10/6/23,,0.735,7/8/23 10:34,2.31,Auction Ads,auction_relation
20230807,1773566335437850 ,MY,MY,2,10/6/23,,0.735,7/8/23 10:34,2.31,Auction Ads,auction_relation
20230807,1773566334517240 ,MY,MY,2,10/6/23,,0.735,7/8/23 10:34,2.31,Auction Ads,auction_relation
20230807,1773564205288440 ,PK,PK,1,7/8/23,12.08,1.0682,7/8/23 10:01,1.36,Auction Ads,auction_relation
20230807,1773555490715690 ,GB,GB,1,18/5/23,8.66,3.095,7/8/23 9:30,1.76,Auction Ads,auction_relation
20230807,1773560181014540 ,ES,ES,1,13/7/23,17.4952,16.6763,7/8/23 9:55,1.37,Auction Ads,auction_relation
20230807,1773564373866530 ,BR,,1,7/8/23,0.6936,7.2803,7/8/23 10:07,1.53,RIE,Promote Report Recall
20230807,1773562385604650 ,RO,RO,1,17/5/23,12.36,7.4769,7/8/23 9:34,1.94,Auction Ads,auction_relation
20230807,1773559843836940 ,BE,BE,1,26/6/23,12.68,1.2112,7/8/23 9:51,1.15,Auction Ads,auction_relation
20230807,1773559843836940 ,DK,DK,1,26/6/23,12.68,1.2112,7/8/23 9:51,1.31,Auction Ads,auction_relation
20230807,1773559843836940 ,NL,NL,1,26/6/23,12.68,1.2112,7/8/23 9:51,1.19,Auction Ads,auction_relation
20230807,1773559843836940 ,FR,FR,1,26/6/23,12.68,1.2112,7/8/23 9:51,1.97,Auction Ads,auction_relation
20230807,1773559843836940 ,DE,DE,1,26/6/23,12.68,1.2112,7/8/23 9:51,1.01,Auction Ads,auction_relation
20230807,1773559843836940 ,IE,IE,1,26/6/23,12.68,1.2112,7/8/23 9:51,1.52,Auction Ads,auction_relation
20230807,1773559843836940 ,PL,PL,1,26/6/23,12.68,1.2112,7/8/23 9:51,1.64,Auction Ads,auction_relation
20230807,1773559843836940 ,SE,SE,1,26/6/23,12.68,1.2112,7/8/23 9:51,1.4,Auction Ads,auction_relation
20230807,1773559843836940 ,NO,Others,1,26/6/23,12.68,1.2112,7/8/23 9:51,1.56,Auction Ads,auction_all
20230807,1773564831560720 ,PK,PK,1,7/8/23,0.19,0.3086,7/8/23 10:12,1.36,Auction Ads,auction_relation
20230807,1773562711400440 ,TR,,1,14/5/23,10.592,1.4112,7/8/23 9:41,0.54,Non-Auction Ads,Promote
20230807,1773565175473200 ,PH,PH,1,7/8/23,0.03,2.1911,7/8/23 10:19,2.46,Auction Ads,auction_relation
20230807,1773565163776030 ,PH,PH,1,7/8/23,0,2.1911,7/8/23 10:19,2.46,Auction Ads,auction_relation
20230807,1773565187642400 ,ID,ID,1,7/8/23,4,2.1911,7/8/23 10:19,1.8,Auction Ads,auction_relation
20230807,1773565222572050 ,ID,ID,1,7/8/23,10.76,2.1911,7/8/23 10:19,1.8,Auction Ads,auction_relation
20230807,1773565213107200 ,ID,ID,1,7/8/23,3.4,2.1911,7/8/23 10:19,1.8,Auction Ads,auction_relation
20230807,1773565199740960 ,ID,ID,1,7/8/23,1.88,2.1911,7/8/23 10:19,1.8,Auction Ads,auction_relation
20230807,1773556369046520 ,TH,,1,16/6/23,3.2297,0.7268,7/8/23 9:52,0.54,Non-Auction Ads,Promote
20230807,1773562786124800 ,GB,GB,1,26/6/23,2.78,3.0055,7/8/23 10:00,1.76,Auction Ads,auction_relation
20230807,1773565604828160 ,BR,,1,7/8/23,0.4412,5.2557,7/8/23 10:27,1.53,RIE,Promote Report Recall
20230807,1773562136872970 ,SA,MENA,1,7/8/23,1.11,4.0138,7/8/23 10:30,1.67,RIE,Ad Group Recall (Merged)
20230807,1773565988465710 ,BR,BR,1,7/8/23,,2.1911,7/8/23 10:31,1.99,Auction Ads,auction_all
20230807,1773565999398920 ,BR,BR,1,7/8/23,0,2.1911,7/8/23 10:31,1.99,Auction Ads,auction_all
20230807,1773565974192170 ,BR,BR,1,7/8/23,,2.1911,7/8/23 10:31,1.99,Auction Ads,auction_all
20230807,1773565929528330 ,BR,BR,1,7/8/23,0,2.1911,7/8/23 10:31,1.99,Auction Ads,auction_all
20230807,1773565930529840 ,BR,BR,1,7/8/23,0,2.1911,7/8/23 10:31,1.99,Auction Ads,auction_all
20230807,1773565913052190 ,BR,BR,1,7/8/23,0.03,2.1911,7/8/23 10:31,1.99,Auction Ads,auction_all
20230807,1773564433432590 ,US,USCA,2,17/5/23,20.65,14.5246,7/8/23 11:02,1.78,Auction Ads,auction_relation
20230807,1773565944335360 ,BR,,1,7/8/23,2.8871,5.2557,7/8/23 10:32,1.53,RIE,Promote Report Recall
20230807,1773566020294660 ,BR,,1,7/8/23,2.0374,0.0696,7/8/23 10:33,1.53,RIE,Promote Report Recall
20230807,1773563752011770 ,MY,,1,23/5/23,0.3293,3.3003,7/8/23 9:57,1.53,RIE,Promote Report Recall
20230807,1773566183555070 ,BR,,1,7/8/23,1.8692,2.0593,7/8/23 10:36,1.53,RIE,Promote Report Recall
20230807,1773565430342680 ,PL,PL,1,7/7/23,,0,7/8/23 10:20,1.64,Auction Ads,auction_relation
20230807,1773564646326320 ,US,USCA,2,17/5/23,19.41,14.5246,7/8/23 11:09,1.78,Auction Ads,auction_relation
20230807,1773563942656000 ,MY,,1,23/5/23,2.7158,3.3003,7/8/23 10:00,1.53,RIE,Promote Report Recall
20230807,1773566238271500 ,AE,MENA,1,30/7/23,30.83,9.1487,7/8/23 10:33,1.67,RIE,Ad Group Recall (Merged)
20230807,1773566642422780 ,SA,,1,7/8/23,0.0773,3.0423,7/8/23 10:44,1.53,RIE,Promote Report Recall
20230807,1773568914496530 ,GB,GB,1,29/6/23,486.07,532.037,7/8/23 11:45,1.76,Auction Ads,auction_relation
20230807,1773566910388230 ,BR,,1,7/8/23,16.7783,8.9154,7/8/23 10:50,0.54,Non-Auction Ads,Promote
20230807,1773567115286530 ,PH,Other,1,7/8/23,1.36,2.9139,7/8/23 10:49,1.62,RIE,Ad Group Recall (Merged)
20230807,1773565247794220 ,GB,GB,1,26/6/23,4.78,6.9809,7/8/23 10:20,1.76,Auction Ads,auction_relation
20230807,1773566758827000 ,FR,FR,1,30/7/23,24.76,9.1487,7/8/23 10:43,1.97,Auction Ads,auction_relation
20230807,1773567264281600 ,SA,,1,7/8/23,2.7454,3.6073,7/8/23 10:52,1.53,RIE,Promote Report Recall
20230807,1773563561557000 ,US,US&CA,1,7/8/23,,0.6431,7/8/23 10:53,1.81,RIE,Ad Group Recall (Merged)
20230807,1773567367062530 ,BR,,1,7/8/23,0.5211,2.938,7/8/23 10:56,1.53,RIE,Promote Report Recall
20230807,1773564125014010 ,GB,GB,1,26/6/23,110.4306,79.506,7/8/23 10:43,1.76,Auction Ads,auction_relation
20230807,1773565964617720 ,GB,GB,1,26/6/23,20.92,2.1739,7/8/23 10:32,1.76,Auction Ads,auction_relation
20230807,1773565964617720 ,GB,GB,1,26/6/23,20.92,2.1739,7/8/23 10:32,1.76,Auction Ads,auction_relation
20230807,1773567017164800 ,TW,TW,1,13/7/23,4.75,1.6641,7/8/23 10:48,2.59,RIE,Ad Group Recall (Merged)
20230807,1773567017164800 ,TW,TW,1,13/7/23,4.75,1.6641,7/8/23 10:48,0.95,Auction Ads,auction_relation
20230807,1773567071338510 ,SA,MENA,1,7/7/23,1.16,3.1604,7/8/23 10:47,1.78,Auction Ads,auction_relation
20230807,1773566902775850 ,TW,TW,1,13/7/23,1.8,1.6641,7/8/23 10:49,2.59,RIE,Ad Group Recall (Merged)
20230807,1773566902775850 ,TW,TW,1,13/7/23,1.8,1.6641,7/8/23 10:49,0.95,Auction Ads,auction_relation
20230807,1773567071349760 ,SA,MENA,1,7/7/23,1.37,3.1604,7/8/23 10:47,1.78,Auction Ads,auction_relation
20230807,1773567072356400 ,SA,MENA,1,7/7/23,1.68,3.1604,7/8/23 10:48,1.78,Auction Ads,auction_relation
20230807,1773568147497000 ,NO,Others,1,7/8/23,,0.8732,7/8/23 11:04,1.56,Auction Ads,auction_all
20230807,1773568213214240 ,NO,Others,1,7/8/23,,0.8732,7/8/23 11:04,1.56,Auction Ads,auction_all
20230807,1773568079443960 ,NO,Others,1,7/8/23,,0.8732,7/8/23 11:04,1.56,Auction Ads,auction_all
20230807,1773567985459200 ,IT,IT,1,7/8/23,,0.8732,7/8/23 11:04,1.36,Auction Ads,auction_relation
20230807,1773568208886780 ,NO,Others,1,7/8/23,,0.8732,7/8/23 11:04,1.56,Auction Ads,auction_all
20230807,1773567985459200 ,FR,FR,1,7/8/23,,0.8732,7/8/23 11:04,1.97,Auction Ads,auction_relation
20230807,1773568062397450 ,NO,Others,1,7/8/23,,0.8732,7/8/23 11:04,1.56,Auction Ads,auction_all
20230807,1773568247972910 ,DK,DK,1,7/8/23,,0.8732,7/8/23 11:04,1.31,Auction Ads,auction_relation
20230807,1773568079443960 ,DK,DK,1,7/8/23,,0.8732,7/8/23 11:04,1.31,Auction Ads,auction_relation
20230807,1773568210516010 ,DK,DK,1,7/8/23,,0.8732,7/8/23 11:04,1.31,Auction Ads,auction_relation
20230807,1773568262755360 ,NO,Others,1,7/8/23,,0.8732,7/8/23 11:04,1.56,Auction Ads,auction_all
20230807,1773568239006770 ,NO,Others,1,7/8/23,,0.8732,7/8/23 11:04,1.56,Auction Ads,auction_all
20230807,1773568215859230 ,NO,Others,1,7/8/23,,0.8732,7/8/23 11:04,1.56,Auction Ads,auction_all
20230807,1773568093678590 ,NO,Others,1,7/8/23,,0.8732,7/8/23 11:04,1.56,Auction Ads,auction_all
20230807,1773567985459200 ,IE,IE,1,7/8/23,,0.8732,7/8/23 11:04,1.52,Auction Ads,auction_relation
20230807,1773568219039790 ,CA,USCA,1,7/8/23,,0.8732,7/8/23 11:04,1.78,Auction Ads,auction_relation
20230807,1773568037229600 ,NO,Others,1,7/8/23,,0.8732,7/8/23 11:04,1.56,Auction Ads,auction_all
20230807,1773568085233660 ,NO,Others,1,7/8/23,,0.8732,7/8/23 11:04,1.56,Auction Ads,auction_all
20230807,1773568179073040 ,NO,Others,1,7/8/23,,0.8732,7/8/23 11:04,1.56,Auction Ads,auction_all
20230807,1773567195491330 ,TW,TW,1,13/7/23,,1.6641,7/8/23 10:51,0.95,Auction Ads,auction_relation
20230807,1773573608853500 ,CA,US&CA,2,5/8/23,103.24,44.2432,7/8/23 12:33,1.81,RIE,Ad Group Recall (Merged)
20230807,1773564585272370 ,CZ,Other,1,7/8/23,0.63,0.19,7/8/23 11:09,1.62,RIE,Ad Group Recall (Merged)
20230807,1773564585272370 ,GR,GR,1,7/8/23,0.63,0.19,7/8/23 11:09,2.11,Auction Ads,auction_relation
20230807,1773564588469290 ,GB,GB,1,7/8/23,1.65,0.19,7/8/23 11:09,1.76,Auction Ads,auction_relation
20230807,1773564588469290 ,CZ,Other,1,7/8/23,1.65,0.19,7/8/23 11:09,1.62,RIE,Ad Group Recall (Merged)
20230807,1773564585272370 ,GB,GB,1,7/8/23,0.63,0.19,7/8/23 11:09,1.76,Auction Ads,auction_relation
20230807,1773564585272370 ,IT,IT,1,7/8/23,0.63,0.19,7/8/23 11:09,1.36,Auction Ads,auction_relation
20230807,1773564586885120 ,IT,IT,1,7/8/23,0.13,0.19,7/8/23 11:09,1.36,Auction Ads,auction_relation
20230807,1773564588469290 ,GR,GR,1,7/8/23,1.65,0.19,7/8/23 11:09,2.11,Auction Ads,auction_relation
20230807,1773564586885120 ,GR,GR,1,7/8/23,0.13,0.19,7/8/23 11:09,2.11,Auction Ads,auction_relation
20230807,1773564586885120 ,GB,GB,1,7/8/23,0.13,0.19,7/8/23 11:09,1.76,Auction Ads,auction_relation
20230807,1773564586885120 ,CZ,Other,1,7/8/23,0.13,0.19,7/8/23 11:09,1.62,RIE,Ad Group Recall (Merged)
20230807,1773564588469290 ,IT,IT,1,7/8/23,1.65,0.19,7/8/23 11:09,1.36,Auction Ads,auction_relation
20230807,1773569583478800 ,PK,Other,1,7/8/23,7.7,0.1921,7/8/23 11:10,1.62,RIE,Ad Group Recall (Merged)
20230807,1773565870290950 ,TH,,1,14/6/23,0.32,1.7313,7/8/23 10:35,1.53,RIE,Promote Report Recall
20230807,1773567985473550 ,SG,SG,1,5/8/23,8.74,0.05,7/8/23 11:10,1.94,Auction Ads,auction_relation
20230807,1773567765211130 ,SA,,1,23/7/23,2.2445,18.8035,7/8/23 11:03,1.53,RIE,Promote Report Recall
20230807,1773568208430120 ,BR,BR,1,28/7/23,1.2296,1.2463,7/8/23 11:05,1.99,Auction Ads,auction_all
20230807,1773568208430120 ,BR,BR,1,28/7/23,1.2296,1.2463,7/8/23 11:05,1.99,Auction Ads,auction_all
20230807,1773570510198830 ,CA,USCA,1,7/8/23,,0.8732,7/8/23 11:12,1.78,Auction Ads,auction_relation
20230807,1773570198759470 ,SE,SE,1,7/8/23,,0.8732,7/8/23 11:12,1.4,Auction Ads,auction_relation
20230807,1773569160077360 ,IT,IT,1,7/8/23,,0.8732,7/8/23 11:12,1.36,Auction Ads,auction_relation
20230807,1773569235944460 ,SE,SE,1,7/8/23,,0.8732,7/8/23 11:12,1.4,Auction Ads,auction_relation
20230807,1773568594862090 ,CA,USCA,1,7/8/23,,0.8732,7/8/23 11:12,1.78,Auction Ads,auction_relation
20230807,1773570142973950 ,SE,SE,1,7/8/23,,0.8732,7/8/23 11:12,1.4,Auction Ads,auction_relation
20230807,1773568910381080 ,SE,SE,1,7/8/23,,0.8732,7/8/23 11:12,1.4,Auction Ads,auction_relation
20230807,1773568669220890 ,SE,SE,1,7/8/23,,0.8732,7/8/23 11:12,1.4,Auction Ads,auction_relation
20230807,1773570419177480 ,IE,IE,1,7/8/23,,0.8732,7/8/23 11:12,1.52,Auction Ads,auction_relation
20230807,1773569894713370 ,FR,FR,1,7/8/23,,0.8732,7/8/23 11:12,1.97,Auction Ads,auction_relation
20230807,1773570644844570 ,SE,SE,1,7/8/23,,0.8732,7/8/23 11:12,1.4,Auction Ads,auction_relation
20230807,1773569073433610 ,IE,IE,1,7/8/23,,0.8732,7/8/23 11:12,1.52,Auction Ads,auction_relation
20230807,1773570801493000 ,IE,IE,1,7/8/23,,0.8732,7/8/23 11:12,1.52,Auction Ads,auction_relation
20230807,1773569160077360 ,SE,SE,1,7/8/23,,0.8732,7/8/23 11:12,1.4,Auction Ads,auction_relation
20230807,1773569677315090 ,CA,USCA,1,7/8/23,,0.8732,7/8/23 11:12,1.78,Auction Ads,auction_relation
20230807,1773568896078890 ,FR,FR,1,7/8/23,,0.8732,7/8/23 11:12,1.97,Auction Ads,auction_relation
20230807,1773569974117370 ,CA,USCA,1,7/8/23,,0.8732,7/8/23 11:12,1.78,Auction Ads,auction_relation
20230807,1773568833433600 ,PL,PL,1,7/8/23,,0.8732,7/8/23 11:12,1.64,Auction Ads,auction_relation
20230807,1773569845821490 ,IE,IE,1,7/8/23,,0.8732,7/8/23 11:12,1.52,Auction Ads,auction_relation
20230807,1773570167756810 ,CA,USCA,1,7/8/23,,0.8732,7/8/23 11:12,1.78,Auction Ads,auction_relation
20230807,1773568677164110 ,IE,IE,1,7/8/23,,0.8732,7/8/23 11:12,1.52,Auction Ads,auction_relation
20230807,1773570198759470 ,IE,IE,1,7/8/23,,0.8732,7/8/23 11:12,1.52,Auction Ads,auction_relation
20230807,1773570399300620 ,CA,USCA,1,7/8/23,,0.8732,7/8/23 11:12,1.78,Auction Ads,auction_relation
20230807,1773568844850190 ,IE,IE,1,7/8/23,,0.8732,7/8/23 11:12,1.52,Auction Ads,auction_relation
20230807,1773569178377210 ,FR,FR,1,7/8/23,,0.8732,7/8/23 11:12,1.97,Auction Ads,auction_relation
20230807,1773568886851630 ,FR,FR,1,7/8/23,,0.8732,7/8/23 11:12,1.97,Auction Ads,auction_relation
20230807,1773568539637760 ,CA,USCA,1,7/8/23,,0.8732,7/8/23 11:12,1.78,Auction Ads,auction_relation
20230807,1773568669220890 ,FR,FR,1,7/8/23,,0.8732,7/8/23 11:12,1.97,Auction Ads,auction_relation
20230807,1773568715619340 ,PL,PL,1,7/8/23,,0.8732,7/8/23 11:12,1.64,Auction Ads,auction_relation
20230807,1773570142973950 ,FR,FR,1,7/8/23,,0.8732,7/8/23 11:12,1.97,Auction Ads,auction_relation
20230807,1773569874239530 ,FR,FR,1,7/8/23,,0.8732,7/8/23 11:12,1.97,Auction Ads,auction_relation
20230807,1773568758876200 ,CA,USCA,1,7/8/23,,0.8732,7/8/23 11:12,1.78,Auction Ads,auction_relation
20230807,1773569752559630 ,SE,SE,1,7/8/23,,0.8732,7/8/23 11:12,1.4,Auction Ads,auction_relation
20230807,1773570434487320 ,CA,USCA,1,7/8/23,,0.8732,7/8/23 11:12,1.78,Auction Ads,auction_relation
20230807,1773569399766010 ,IE,IE,1,7/8/23,,0.8732,7/8/23 11:12,1.52,Auction Ads,auction_relation
20230807,1773568594862090 ,PL,PL,1,7/8/23,,0.8732,7/8/23 11:12,1.64,Auction Ads,auction_relation
20230807,1773569027775530 ,FI,Others,1,7/8/23,,0.8732,7/8/23 11:12,1.56,Auction Ads,auction_all
20230807,1773568518312970 ,SE,SE,1,7/8/23,,0.8732,7/8/23 11:12,1.4,Auction Ads,auction_relation
20230807,1773569461384190 ,DK,DK,1,7/8/23,,0.8732,7/8/23 11:12,1.31,Auction Ads,auction_relation
20230807,1773569864918040 ,CA,USCA,1,7/8/23,,0.8732,7/8/23 11:12,1.78,Auction Ads,auction_relation
20230807,1773569245333530 ,FR,FR,1,7/8/23,,0.8732,7/8/23 11:12,1.97,Auction Ads,auction_relation
20230807,1773568976354300 ,NO,Others,1,7/8/23,,0.8732,7/8/23 11:12,1.56,Auction Ads,auction_all
20230807,1773569515546640 ,IT,IT,1,7/8/23,,0.8732,7/8/23 11:12,1.36,Auction Ads,auction_relation
20230807,1773568869828610 ,CA,USCA,1,7/8/23,,0.8732,7/8/23 11:12,1.78,Auction Ads,auction_relation
20230807,1773569436042240 ,CA,USCA,1,7/8/23,,0.8732,7/8/23 11:12,1.78,Auction Ads,auction_relation
20230807,1773568622778380 ,CA,USCA,1,7/8/23,,0.8732,7/8/23 11:12,1.78,Auction Ads,auction_relation
20230807,1773569997040690 ,SE,SE,1,7/8/23,,0.8732,7/8/23 11:12,1.4,Auction Ads,auction_relation
20230807,1773569461384190 ,FR,FR,1,7/8/23,,0.8732,7/8/23 11:12,1.97,Auction Ads,auction_relation
20230807,1773568518312970 ,IE,IE,1,7/8/23,,0.8732,7/8/23 11:12,1.52,Auction Ads,auction_relation
20230807,1773569138275330 ,CA,USCA,1,7/8/23,,0.8732,7/8/23 11:12,1.78,Auction Ads,auction_relation
20230807,1773569522907180 ,CA,USCA,1,7/8/23,,0.8732,7/8/23 11:12,1.78,Auction Ads,auction_relation
20230807,1773568718832650 ,PL,PL,1,7/8/23,,0.8732,7/8/23 11:12,1.64,Auction Ads,auction_relation
20230807,1773568844850190 ,IE,IE,1,7/8/23,,0.8732,7/8/23 11:12,1.52,Auction Ads,auction_relation
20230807,1773568910381080 ,PL,PL,1,7/8/23,,0.8732,7/8/23 11:12,1.64,Auction Ads,auction_relation
20230807,1773568814442490 ,FR,FR,1,7/8/23,,0.8732,7/8/23 11:12,1.97,Auction Ads,auction_relation
20230807,1773569451425810 ,IE,IE,1,7/8/23,,0.8732,7/8/23 11:12,1.52,Auction Ads,auction_relation
20230807,1773568563882030 ,CA,USCA,1,7/8/23,,0.8732,7/8/23 11:12,1.78,Auction Ads,auction_relation
20230807,1773569300903930 ,IE,IE,1,7/8/23,,0.8732,7/8/23 11:12,1.52,Auction Ads,auction_relation
20230807,1773568594862090 ,FR,FR,1,7/8/23,,0.8732,7/8/23 11:12,1.97,Auction Ads,auction_relation
20230807,1773568749790220 ,IT,IT,1,7/8/23,,0.8732,7/8/23 11:12,1.36,Auction Ads,auction_relation
20230807,1773568679068700 ,BR,BR,1,7/8/23,0.1356,0.4089,7/8/23 11:13,1.7,RIE,Ad Group Recall (Merged)
20230807,1773501414193150 ,VN,,1,26/6/23,7.8655,2.6629,7/8/23 10:52,0.54,Non-Auction Ads,Promote
20230807,1773568129296380 ,VN,,1,18/7/23,0.5313,0.3599,7/8/23 11:06,1.53,RIE,Promote Report Recall
20230807,1773568222900220 ,VN,,1,18/7/23,0.6375,0.3599,7/8/23 11:07,1.53,RIE,Promote Report Recall
20230807,1773566767688700 ,MA,Other,1,22/5/23,23.11,2.9248,7/8/23 10:42,1.62,RIE,Ad Group Recall (Merged)
20230807,1773565411352570 ,IE,IE,1,2/8/23,4.32,8.2251,7/8/23 11:13,1.52,Auction Ads,auction_relation
20230807,1773558100926460 ,IE,Other,1,26/6/23,20.91,4.5538,7/8/23 11:00,1.62,RIE,Ad Group Recall (Merged)
20230807,1773558100926460 ,GB,GB,1,26/6/23,20.91,4.5538,7/8/23 11:00,1.72,RIE,Ad Group Recall (Merged)
20230807,1773558100926460 ,US,US&CA,1,26/6/23,20.91,4.5538,7/8/23 11:00,1.81,RIE,Ad Group Recall (Merged)
20230807,1773560521885740 ,GB,GB,1,25/6/23,13.33,0,7/8/23 11:00,1.72,RIE,Ad Group Recall (Merged)
20230807,1773567005957150 ,TH,TH,1,11/5/23,7.1063,8.3038,7/8/23 10:47,1.64,Auction Ads,auction_relation
20230807,1773569004869630 ,SA,,1,23/7/23,60.6576,18.8035,7/8/23 11:21,0.54,Non-Auction Ads,Promote
20230807,1773564842018830 ,GB,GB,1,26/6/23,,79.506,7/8/23 11:13,1.76,Auction Ads,auction_relation
20230807,1773565022402570 ,GB,GB,1,26/6/23,109.8192,79.506,7/8/23 11:15,1.76,Auction Ads,auction_relation
20230807,1773507624043530 ,US,US&CA,1,3/8/23,10,16.9605,7/8/23 11:30,1.81,RIE,Ad Group Recall (Merged)
20230807,1773567086620670 ,US,US&CA,1,7/8/23,38.31,4.8088,7/8/23 11:37,1.81,RIE,Ad Group Recall (Merged)
20230807,1773568640930820 ,TH,,1,7/7/23,2.71,2.8575,7/8/23 11:17,1.53,RIE,Promote Report Recall
20230807,1773565086606380 ,GB,GB,1,26/6/23,118.8074,79.506,7/8/23 11:17,1.76,Auction Ads,auction_relation
20230807,1773576059152430 ,MY,MY,2,5/8/23,,8.4191,7/8/23 13:10,2.31,Auction Ads,auction_relation
20230807,1773572461124640 ,GB,GB,1,29/6/23,468.87,532.037,7/8/23 12:59,1.76,Auction Ads,auction_relation
20230807,1773569174862840 ,KH,,1,3/7/23,2.5538,2.8696,7/8/23 11:27,0.54,Non-Auction Ads,Promote
20230807,1773568368604160 ,DE,,1,3/6/23,80.7179,3.9173,7/8/23 11:11,1.53,RIE,Promote Report Recall
20230807,1773571532411930 ,HU,Other,1,7/8/23,10.3758,4.4736,7/8/23 11:54,1.62,RIE,Ad Group Recall (Merged)
20230807,1773568613875730 ,PL,,1,10/6/23,1.4634,1.3696,7/8/23 11:14,1.53,RIE,Promote Report Recall
20230807,1773533728421930 ,US,USCA,1,7/8/23,9.52,9.2685,7/8/23 12:00,1.78,Auction Ads,auction_relation
20230807,1773533728419850 ,US,USCA,1,7/8/23,10.51,9.2685,7/8/23 12:00,1.78,Auction Ads,auction_relation
20230807,1773570653420540 ,GR,Other,1,7/7/23,8.46,0,7/8/23 11:38,1.62,RIE,Ad Group Recall (Merged)
20230807,1773555766533150 ,CA,US&CA,1,7/8/23,3.72,9.8466,7/8/23 12:00,1.81,RIE,Ad Group Recall (Merged)
20230807,1773573328943100 ,GB,GB,1,29/6/23,386.47,532.037,7/8/23 13:16,1.76,Auction Ads,auction_relation
20230807,1773568695245840 ,BR,,1,23/6/23,1.1348,1.4341,7/8/23 11:29,0.54,Non-Auction Ads,Promote
20230807,1773571982982150 ,SA,,1,7/8/23,0.011,0.2973,7/8/23 12:08,1.53,RIE,Promote Report Recall
20230807,1773569562441720 ,TH,TH,1,14/6/23,3.964,18.8591,7/8/23 11:27,1.64,Auction Ads,auction_relation
20230807,1773570384885760 ,TH,,1,5/7/23,15.48,0.9852,7/8/23 11:45,1.53,RIE,Promote Report Recall
20230807,1773570215075840 ,TH,TH,1,23/6/23,,39.1276,7/8/23 11:36,1.64,Auction Ads,auction_relation
20230807,1773569490821160 ,SA,MENA,1,9/6/23,,3.958,7/8/23 11:24,1.78,Auction Ads,auction_relation
20230807,1773569494824960 ,TH,,1,15/6/23,10.8,3.3996,7/8/23 11:28,1.53,RIE,Promote Report Recall
20230807,1773570569578530 ,NL,NL,1,2/8/23,350.7864,218.4913,7/8/23 12:41,1.19,Auction Ads,auction_relation
20230807,1773569200354300 ,PH,,1,16/6/23,0.9499,0.3415,7/8/23 11:29,0.54,Non-Auction Ads,Promote
20230807,1773571511004160 ,NZ,NZ,1,25/7/23,4.46,6.3467,7/8/23 11:58,1.58,Auction Ads,auction_relation
20230807,1773569877570560 ,TH,,1,20/6/23,5.76,3.8,7/8/23 11:35,1.53,RIE,Promote Report Recall
20230807,1773572812722220 ,IT,IT,1,2/8/23,0.55,8.2251,7/8/23 12:07,1.36,Auction Ads,auction_relation
20230807,1773570712667210 ,NL,NL,1,2/8/23,440.0642,218.4913,7/8/23 12:45,1.19,Auction Ads,auction_relation
20230807,1773571734893610 ,NZ,NZ,1,25/7/23,3.66,6.3467,7/8/23 12:02,1.58,Auction Ads,auction_relation
20230807,1773571734893610 ,AU,AU,1,25/7/23,3.66,6.3467,7/8/23 12:02,1.84,Auction Ads,auction_relation
20230807,1773572968315950 ,BR,BR,1,7/8/23,0.2587,0.4337,7/8/23 12:17,1.99,Auction Ads,auction_all
20230807,1773569448396800 ,JP,JP,1,12/5/23,,5.4112,7/8/23 11:26,2.16,Auction Ads,auction_all
20230807,1773569432813560 ,JP,JP,1,12/5/23,,5.4112,7/8/23 11:26,2.16,Auction Ads,auction_all
20230807,1773573049821230 ,BR,BR,1,7/8/23,0.2135,0.4337,7/8/23 12:23,1.99,Auction Ads,auction_all
20230807,1773573072744480 ,BR,BR,1,7/8/23,0.2422,0.4337,7/8/23 12:23,1.99,Auction Ads,auction_all
20230807,1773569998310420 ,BR,,1,5/7/23,3.5643,1.8027,7/8/23 12:00,0.54,Non-Auction Ads,Promote
20230807,1773569998310420 ,BR,,1,5/7/23,3.5643,1.8027,7/8/23 12:00,1.53,RIE,Promote Report Recall
20230807,1773563869514750 ,TH,,1,8/7/23,0.2525,0.125,7/8/23 12:02,0.54,Non-Auction Ads,Promote
20230807,1773573515570200 ,BR,BR,1,7/8/23,,0.4337,7/8/23 12:25,1.99,Auction Ads,auction_all
20230807,1773572194078750 ,IQ,Others,1,25/7/23,5.47,6.3467,7/8/23 12:09,1.56,Auction Ads,auction_all
20230807,1773572194078750 ,ZA,ZA,1,25/7/23,5.47,6.3467,7/8/23 12:09,1.4,Auction Ads,auction_relation
20230807,1773572194078750 ,PL,PL,1,25/7/23,5.47,6.3467,7/8/23 12:09,1.64,Auction Ads,auction_relation
20230807,1773572194078750 ,IL,IL,1,25/7/23,5.47,6.3467,7/8/23 12:09,1.52,Auction Ads,auction_relation
20230807,1773572194078750 ,BE,BE,1,25/7/23,5.47,6.3467,7/8/23 12:09,1.15,Auction Ads,auction_relation
20230807,1773572194078750 ,AT,AT,1,25/7/23,5.47,6.3467,7/8/23 12:09,0.89,Auction Ads,auction_relation
20230807,1773572194078750 ,CL,CL,1,25/7/23,5.47,6.3467,7/8/23 12:09,1.85,Auction Ads,auction_all
20230807,1773572194078750 ,IT,IT,1,25/7/23,5.47,6.3467,7/8/23 12:09,1.36,Auction Ads,auction_relation
20230807,1773572194078750 ,PH,PH,1,25/7/23,5.47,6.3467,7/8/23 12:09,2.46,Auction Ads,auction_relation
20230807,1773572194078750 ,MY,MY,1,25/7/23,5.47,6.3467,7/8/23 12:09,2.31,Auction Ads,auction_relation
20230807,1773572194078750 ,AR,AR,1,25/7/23,5.47,6.3467,7/8/23 12:09,2.23,Auction Ads,auction_all
20230807,1773572194078750 ,SE,SE,1,25/7/23,5.47,6.3467,7/8/23 12:09,1.4,Auction Ads,auction_relation
20230807,1773572194078750 ,PT,PT,1,25/7/23,5.47,6.3467,7/8/23 12:09,1.98,Auction Ads,auction_relation
20230807,1773572194078750 ,NO,Others,1,25/7/23,5.47,6.3467,7/8/23 12:09,1.56,Auction Ads,auction_all
20230807,1773572194078750 ,BR,BR,1,25/7/23,5.47,6.3467,7/8/23 12:09,1.99,Auction Ads,auction_all
20230807,1773572194078750 ,TH,TH,1,25/7/23,5.47,6.3467,7/8/23 12:09,1.64,Auction Ads,auction_relation
20230807,1773572194078750 ,EC,Others,1,25/7/23,5.47,6.3467,7/8/23 12:09,1.56,Auction Ads,auction_all
20230807,1773572194078750 ,UY,Others,1,25/7/23,5.47,6.3467,7/8/23 12:09,1.56,Auction Ads,auction_all
20230807,1773572194078750 ,KH,KH,1,25/7/23,5.47,6.3467,7/8/23 12:09,1.5,Auction Ads,auction_relation
20230807,1773572194078750 ,IE,IE,1,25/7/23,5.47,6.3467,7/8/23 12:09,1.52,Auction Ads,auction_relation
20230807,1773572194078750 ,CA,USCA,1,25/7/23,5.47,6.3467,7/8/23 12:09,1.78,Auction Ads,auction_relation
20230807,1773572194078750 ,NL,NL,1,25/7/23,5.47,6.3467,7/8/23 12:09,1.19,Auction Ads,auction_relation
20230807,1773572194078750 ,HU,Others,1,25/7/23,5.47,6.3467,7/8/23 12:09,1.56,Auction Ads,auction_all
20230807,1773572194078750 ,DK,DK,1,25/7/23,5.47,6.3467,7/8/23 12:09,1.31,Auction Ads,auction_relation
20230807,1773572194078750 ,DE,DE,1,25/7/23,5.47,6.3467,7/8/23 12:09,1.01,Auction Ads,auction_relation
20230807,1773572194078750 ,CZ,CZ,1,25/7/23,5.47,6.3467,7/8/23 12:09,1.9,Auction Ads,auction_relation
20230807,1773572194078750 ,CO,CO,1,25/7/23,5.47,6.3467,7/8/23 12:09,1.93,Auction Ads,auction_all
20230807,1773572194078750 ,AU,AU,1,25/7/23,5.47,6.3467,7/8/23 12:09,1.84,Auction Ads,auction_relation
20230807,1773572194078750 ,PK,PK,1,25/7/23,5.47,6.3467,7/8/23 12:09,1.36,Auction Ads,auction_relation
20230807,1773572194078750 ,GR,GR,1,25/7/23,5.47,6.3467,7/8/23 12:09,2.11,Auction Ads,auction_relation
20230807,1773572194078750 ,ID,ID,1,25/7/23,5.47,6.3467,7/8/23 12:09,1.8,Auction Ads,auction_relation
20230807,1773572194078750 ,GB,GB,1,25/7/23,5.47,6.3467,7/8/23 12:09,1.76,Auction Ads,auction_relation
20230807,1773572194078750 ,TR,TR,1,25/7/23,5.47,6.3467,7/8/23 12:09,0.83,Auction Ads,auction_relation
20230807,1773572194078750 ,US,USCA,1,25/7/23,5.47,6.3467,7/8/23 12:09,1.78,Auction Ads,auction_relation
20230807,1773572194078750 ,ES,ES,1,25/7/23,5.47,6.3467,7/8/23 12:09,1.37,Auction Ads,auction_relation
20230807,1773572194078750 ,RO,RO,1,25/7/23,5.47,6.3467,7/8/23 12:09,1.94,Auction Ads,auction_relation
20230807,1773572194078750 ,TW,TW,1,25/7/23,5.47,6.3467,7/8/23 12:09,0.95,Auction Ads,auction_relation
20230807,1773572194078750 ,CH,CH,1,25/7/23,5.47,6.3467,7/8/23 12:09,0.93,Auction Ads,auction_relation
20230807,1773572194078750 ,FI,Others,1,25/7/23,5.47,6.3467,7/8/23 12:09,1.56,Auction Ads,auction_all
20230807,1773572194078750 ,FR,FR,1,25/7/23,5.47,6.3467,7/8/23 12:09,1.97,Auction Ads,auction_relation
20230807,1773572194078750 ,NZ,NZ,1,25/7/23,5.47,6.3467,7/8/23 12:09,1.58,Auction Ads,auction_relation
20230807,1773569561001980 ,TR,,1,14/5/23,9.6723,1.4112,7/8/23 11:30,0.54,Non-Auction Ads,Promote
20230807,1773563968237570 ,TH,,1,8/7/23,0.2606,0.125,7/8/23 12:09,0.54,Non-Auction Ads,Promote
20230807,1773573420145710 ,FR,FR,1,2/8/23,7.98,8.2251,7/8/23 12:23,1.97,Auction Ads,auction_relation
20230807,1773568036373530 ,US,US&CA,1,26/6/23,21.73,4.8053,7/8/23 12:00,1.81,RIE,Ad Group Recall (Merged)
20230807,1773568036373530 ,GB,GB,1,26/6/23,21.73,4.8053,7/8/23 12:00,1.72,RIE,Ad Group Recall (Merged)
20230807,1773573355971630 ,GR,GR,1,7/7/23,13.63,0,7/8/23 12:15,2.11,Auction Ads,auction_relation
20230807,1773573355971630 ,GR,Other,1,7/7/23,13.63,0,7/8/23 12:15,1.62,RIE,Ad Group Recall (Merged)
20230807,1773574225529900 ,BR,BR,1,7/8/23,1.2044,2.2212,7/8/23 12:39,1.99,Auction Ads,auction_all
20230807,1773574176474130 ,PL,PL,1,2/8/23,2.6,8.2251,7/8/23 12:33,1.64,Auction Ads,auction_relation
20230807,1773568377105440 ,GB,GB,1,25/6/23,3.02,0,7/8/23 12:07,1.76,Auction Ads,auction_relation
20230807,1773574217927690 ,PK,Other,1,7/8/23,0.4,0.1799,7/8/23 12:40,1.62,RIE,Ad Group Recall (Merged)
20230807,1773570194516990 ,BR,,1,16/6/23,6.5662,0.4584,7/8/23 12:02,0.54,Non-Auction Ads,Promote
20230807,1773568461820940 ,GB,GB,1,26/6/23,11.32,5.6941,7/8/23 12:10,1.76,Auction Ads,auction_relation
20230807,1773573385550850 ,VN,,1,22/7/23,0.4113,0.2556,7/8/23 12:30,1.53,RIE,Promote Report Recall
20230807,1773572527818750 ,TH,,1,27/6/23,7,2.0226,7/8/23 12:28,1.53,RIE,Promote Report Recall
20230807,1773574579341360 ,TW,TW,1,13/7/23,,1.897,7/8/23 12:47,0.95,Auction Ads,auction_relation
20230807,1773574635409450 ,TW,TW,1,13/7/23,,1.897,7/8/23 12:49,0.95,Auction Ads,auction_relation
20230807,1773574690990110 ,TW,TW,1,13/7/23,,1.897,7/8/23 12:50,0.95,Auction Ads,auction_relation
20230807,1773572890588200 ,TH,TH,1,22/5/23,,0.7746,7/8/23 12:19,1.64,Auction Ads,auction_relation
20230807,1773565217573900 ,TH,,1,9/7/23,7.12,1.4638,7/8/23 12:56,1.53,RIE,Promote Report Recall
20230807,1773574513627130 ,KH,,1,27/6/23,0.2462,1.2352,7/8/23 12:47,1.53,RIE,Promote Report Recall
20230807,1773574520775690 ,US,USCA,1,7/8/23,,2.0304,7/8/23 13:19,1.78,Auction Ads,auction_relation
20230807,1773573872288770 ,TH,,1,24/6/23,8.28,5.5242,7/8/23 12:39,1.53,RIE,Promote Report Recall
20230807,1773575304968240 ,HU,Other,1,6/7/23,7.01,0.0322,7/8/23 12:59,1.62,RIE,Ad Group Recall (Merged)
20230807,1773592537969690 ,MX,MX,1,7/8/23,,1.3859,7/8/23 13:32,1.99,Auction Ads,auction_all
20230807,1773577237140490 ,UY,Others,2,5/6/23,10.2134,9.5609,7/8/23 14:31,1.56,Auction Ads,auction_all
20230807,1773577237140490 ,EC,Others,2,5/6/23,10.2134,9.5609,7/8/23 14:31,1.56,Auction Ads,auction_all
20230807,1773579782802430 ,IL,IL,2,4/7/23,9.41,0,7/8/23 14:59,1.52,Auction Ads,auction_relation
20230807,1773575948599300 ,TH,,1,27/6/23,9.39,2.0226,7/8/23 13:11,1.53,RIE,Promote Report Recall
20230807,1773577844631550 ,BR,,1,7/8/23,10.1692,0.7933,7/8/23 13:42,1.53,RIE,Promote Report Recall
20230807,1773578141968390 ,BR,,1,7/8/23,14.5315,8.4319,7/8/23 13:47,1.53,RIE,Promote Report Recall
20230807,1773575206401020 ,KH,,1,8/6/23,4.7539,1.303,7/8/23 12:58,1.53,RIE,Promote Report Recall
20230807,1773575234927610 ,KH,,1,8/6/23,2.5559,1.303,7/8/23 12:59,1.53,RIE,Promote Report Recall
20230807,1773575266171900 ,KH,,1,8/6/23,2.4912,1.303,7/8/23 12:59,1.53,RIE,Promote Report Recall
20230807,1773534917324830 ,US,USCA,1,23/5/23,56.62,93.7445,7/8/23 13:11,1.78,Auction Ads,auction_relation
20230807,1773574597650440 ,US,USCA,1,7/8/23,,2.0304,7/8/23 13:48,1.78,Auction Ads,auction_relation
20230807,1770790523232290 ,US,US&CA,,1/1/00 0:00,25693.94,6904.5046,2/8/23 12:00,1.81,RIE,Ad Group Recall (Merged)
20230807,1773575289376760 ,KH,,1,8/6/23,4.9776,1.303,7/8/23 13:00,1.53,RIE,Promote Report Recall
20230807,1773578591190020 ,BR,,1,7/8/23,3.2892,1.4234,7/8/23 13:55,1.53,RIE,Promote Report Recall
20230807,1773573925916670 ,MY,,1,16/6/23,0.4785,0.9036,7/8/23 13:09,0.54,Non-Auction Ads,Promote
20230807,1773535293009950 ,US,USCA,1,23/5/23,53.09,93.7445,7/8/23 13:19,1.78,Auction Ads,auction_relation
20230807,1773573442480170 ,US,USCA,1,28/6/23,12.762,10.732,7/8/23 13:30,1.78,Auction Ads,auction_relation
20230807,1773573442480170 ,CA,USCA,1,28/6/23,12.762,10.732,7/8/23 13:30,1.78,Auction Ads,auction_relation
20230807,1773575795047470 ,US,US&CA,1,7/8/23,3.81,6.2052,7/8/23 14:02,1.81,RIE,Ad Group Recall (Merged)
20230807,1773575062024210 ,CA,US&CA,1,3/8/23,7.7892,9.4549,7/8/23 13:55,1.81,RIE,Ad Group Recall (Merged)
20230807,1773581082277890 ,BR,BR,1,7/8/23,0.7964,1.8045,7/8/23 14:02,1.99,Auction Ads,auction_all
20230807,1773570542434300 ,TR,,1,11/7/23,0.96,0.4582,7/8/23 13:40,0.54,Non-Auction Ads,Promote
20230807,1773577442636900 ,BR,,1,2/8/23,2.4728,0.4592,7/8/23 13:52,0.54,Non-Auction Ads,Promote
20230807,1773579311264770 ,SA,,1,7/8/23,0.6382,0.2973,7/8/23 14:05,1.53,RIE,Promote Report Recall
20230807,1773535585305640 ,US,USCA,1,23/5/23,55.51,93.7445,7/8/23 13:25,1.78,Auction Ads,auction_relation
20230807,1773575894999070 ,US,US&CA,1,7/8/23,2.75,6.2052,7/8/23 14:08,1.81,RIE,Ad Group Recall (Merged)
20230807,1773575879142400 ,US,US&CA,1,7/8/23,2.79,6.2052,7/8/23 14:08,1.81,RIE,Ad Group Recall (Merged)
20230807,1773575881000990 ,US,US&CA,1,7/8/23,1.14,6.2052,7/8/23 14:08,1.81,RIE,Ad Group Recall (Merged)
20230807,1773579709401100 ,BR,BR,1,7/8/23,0.2587,0.485,7/8/23 14:10,1.99,Auction Ads,auction_all
20230807,1773579999418380 ,BR,BR,1,7/8/23,2.3825,0.485,7/8/23 14:14,1.99,Auction Ads,auction_all
20230807,1773580009073660 ,BR,BR,1,7/8/23,2.7414,0.485,7/8/23 14:14,1.99,Auction Ads,auction_all
20230807,1773579984440320 ,BR,BR,1,7/8/23,,0.485,7/8/23 14:14,1.99,Auction Ads,auction_all
20230807,1773580004117500 ,BR,BR,1,7/8/23,2.4521,0.485,7/8/23 14:14,1.99,Auction Ads,auction_all
20230807,1773578208266240 ,BR,,1,9/7/23,0.0287,0.4829,7/8/23 13:48,1.53,RIE,Promote Report Recall
20230807,1773586188778490 ,PK,PK,2,2/8/23,,16.3884,7/8/23 15:49,1.36,Auction Ads,auction_relation
20230807,1773586188778490 ,PK,PK,2,2/8/23,,16.3884,7/8/23 15:49,1.36,Auction Ads,auction_relation
20230807,1773586188778490 ,PK,PK,2,2/8/23,,16.3884,7/8/23 15:49,1.36,Auction Ads,auction_relation
20230807,1773578562364420 ,TH,,1,7/7/23,4.88,2.8575,7/8/23 13:53,1.53,RIE,Promote Report Recall
20230807,1773574737118220 ,EG,MENA,1,4/7/23,,2.4694,7/8/23 13:51,1.78,Auction Ads,auction_relation
20230807,1773574737118220 ,EG,MENA,1,4/7/23,,2.4694,7/8/23 13:51,1.78,Auction Ads,auction_relation
20230807,1773582415049770 ,GB,GB,1,29/6/23,,532.037,7/8/23 15:48,1.76,Auction Ads,auction_relation
20230807,1773577140659200 ,ID,,1,24/7/23,0.1721,0.171,7/8/23 14:05,0.54,Non-Auction Ads,Promote
20230807,1773581383478320 ,US,US&CA,1,7/8/23,86.02,25.239,7/8/23 14:35,1.81,RIE,Ad Group Recall (Merged)
20230807,1773582738137100 ,GB,GB,1,29/6/23,,532.037,7/8/23 15:57,1.76,Auction Ads,auction_relation
20230807,1773579702880270 ,CZ,Other,1,7/7/23,0.61,0,7/8/23 14:08,1.62,RIE,Ad Group Recall (Merged)
20230807,1773581231362050 ,BR,,1,7/8/23,2.6572,14.0494,7/8/23 14:39,1.53,RIE,Promote Report Recall
20230807,1773575952413690 ,ID,,1,16/6/23,0.371,0.8732,7/8/23 13:54,0.54,Non-Auction Ads,Promote
20230807,1773580624155690 ,TH,TH,1,6/7/23,0.01,4.3608,7/8/23 14:21,1.64,Auction Ads,auction_relation
20230807,1773581937351730 ,GB,GB,1,2/8/23,1.21,8.2251,7/8/23 14:40,1.76,Auction Ads,auction_relation
20230807,1773582916178970 ,GB,GB,1,29/6/23,,532.037,7/8/23 16:00,1.76,Auction Ads,auction_relation
20230807,1773583192916000 ,GB,GB,1,29/6/23,,532.037,7/8/23 16:01,1.76,Auction Ads,auction_relation
20230807,1773587794727960 ,PK,PK,2,2/8/23,,16.3884,7/8/23 16:14,1.36,Auction Ads,auction_relation
20230807,1773587794727960 ,IQ,Others,2,2/8/23,,16.3884,7/8/23 16:14,1.56,Auction Ads,auction_all
20230807,1773576816948250 ,US,US&CA,1,7/8/23,1.08,4.8757,7/8/23 15:00,1.81,RIE,Ad Group Recall (Merged)
20230807,1773576813549600 ,US,US&CA,1,7/8/23,0.94,4.8757,7/8/23 15:00,1.81,RIE,Ad Group Recall (Merged)
20230807,1773577377726460 ,ID,,1,16/6/23,0.1836,0.4951,7/8/23 14:10,0.54,Non-Auction Ads,Promote
20230807,1773580755079160 ,IL,,1,25/6/23,45.0615,5.6412,7/8/23 14:28,1.53,RIE,Promote Report Recall
20230807,1773575940360240 ,JP,JP,1,3/8/23,,5.0206,7/8/23 15:00,2.16,Auction Ads,auction_all
20230807,1773575551354910 ,JP,JP,1,3/8/23,,5.0206,7/8/23 15:00,2.16,Auction Ads,auction_all
20230807,1773554576424960 ,NZ,NZ,1,2/8/23,8.69,2.7187,7/8/23 15:00,1.58,Auction Ads,auction_relation
20230807,1773554576424960 ,FI,Others,1,2/8/23,8.69,2.7187,7/8/23 15:00,1.56,Auction Ads,auction_all
20230807,1773554671489070 ,FI,Others,1,2/8/23,8.8,2.7187,7/8/23 15:00,1.56,Auction Ads,auction_all
20230807,1773580801189950 ,BR,,1,17/6/23,0.2031,1.2231,7/8/23 14:29,1.53,RIE,Promote Report Recall
20230807,1773583681222690 ,GR,GR,1,7/8/23,12.88,2.6694,7/8/23 15:12,2.11,Auction Ads,auction_relation
20230807,1773583682133040 ,GR,GR,1,7/8/23,13.87,2.6694,7/8/23 15:12,2.11,Auction Ads,auction_relation
20230807,1773583655792690 ,GR,GR,1,7/8/23,13.55,2.6694,7/8/23 15:12,2.11,Auction Ads,auction_relation
20230807,1773583682143250 ,GR,GR,1,7/8/23,13.09,2.6694,7/8/23 15:12,2.11,Auction Ads,auction_relation
20230807,1773583682426880 ,GR,GR,1,7/8/23,13.69,2.6694,7/8/23 15:12,2.11,Auction Ads,auction_relation
20230807,1773589026642970 ,BR,BR,2,7/8/23,,0.5457,7/8/23 16:37,1.99,Auction Ads,auction_all
20230807,1773583901721650 ,US,US&CA,1,7/8/23,1.32,0.6431,7/8/23 15:16,1.81,RIE,Ad Group Recall (Merged)
20230807,1773582534750210 ,TH,,1,27/6/23,8.89,2.0226,7/8/23 14:57,1.53,RIE,Promote Report Recall
20230807,1773584548184060 ,BR,,1,7/8/23,0.3365,2.0593,7/8/23 15:28,1.53,RIE,Promote Report Recall
20230807,1773584661173250 ,BR,,1,7/8/23,13.3188,5.2557,7/8/23 15:30,0.54,Non-Auction Ads,Promote
20230807,1773584661173250 ,BR,,1,7/8/23,13.3188,5.2557,7/8/23 15:30,0.54,Non-Auction Ads,Promote
20230807,1773581634506790 ,TH,,1,15/6/23,3.76,3.3996,7/8/23 14:41,1.53,RIE,Promote Report Recall
20230807,1773584711744510 ,BR,,1,7/8/23,1.6333,2.0593,7/8/23 15:30,1.53,RIE,Promote Report Recall
20230807,1773584184474650 ,US,USCA,1,15/6/23,,152.7527,7/8/23 15:25,1.78,Auction Ads,auction_relation
20230807,1773581856608260 ,FR,,1,16/6/23,0.7591,0.9286,7/8/23 14:56,0.54,Non-Auction Ads,Promote
20230807,1773584845811760 ,US,USCA,1,15/6/23,,152.7527,7/8/23 15:35,1.78,Auction Ads,auction_relation
20230807,1773587939734560 ,FR,FR,2,12/7/23,,25.5998,7/8/23 17:02,1.97,Auction Ads,auction_relation
20230807,1773586313817130 ,JP,JP,4,24/5/23,8.99,24.8528,7/8/23 16:41,2.16,Auction Ads,auction_all
20230807,1773584064148520 ,GB,GB,1,26/6/23,9.84,1.7885,7/8/23 15:19,1.76,Auction Ads,auction_relation
20230807,1773583955913730 ,TH,,1,20/6/23,4.45,3.8,7/8/23 15:19,1.53,RIE,Promote Report Recall
20230807,1773551837482000 ,GB,GB,1,7/8/23,,6.8475,7/8/23 16:00,1.76,Auction Ads,auction_relation
20230807,1773539235559470 ,PL,PL,1,7/8/23,,6.8475,7/8/23 16:00,1.64,Auction Ads,auction_relation
20230807,1773539235559470 ,AU,AU,1,7/8/23,,6.8475,7/8/23 16:00,1.84,Auction Ads,auction_relation
20230807,1773539237317680 ,US,USCA,1,7/8/23,,6.8475,7/8/23 16:00,1.78,Auction Ads,auction_relation
20230807,1773539259887610 ,BR,BR,1,7/8/23,,6.8475,7/8/23 16:00,1.99,Auction Ads,auction_all
20230807,1773539259887610 ,US,USCA,1,7/8/23,,6.8475,7/8/23 16:00,1.78,Auction Ads,auction_relation
20230807,1773539237317680 ,AU,AU,1,7/8/23,,6.8475,7/8/23 16:00,1.84,Auction Ads,auction_relation
20230807,1773539270085640 ,AU,AU,1,7/8/23,,6.8475,7/8/23 16:00,1.84,Auction Ads,auction_relation
20230807,1773539235573770 ,GB,GB,1,7/8/23,,6.8475,7/8/23 16:00,1.76,Auction Ads,auction_relation
20230807,1773539237317680 ,PL,PL,1,7/8/23,,6.8475,7/8/23 16:00,1.64,Auction Ads,auction_relation
20230807,1773551729558560 ,GB,GB,1,7/8/23,,6.8475,7/8/23 16:00,1.76,Auction Ads,auction_relation
20230807,1773538878240810 ,GB,GB,1,7/8/23,,4.5975,7/8/23 16:00,1.76,Auction Ads,auction_relation
20230807,1773564099182640 ,GB,GB,1,7/8/23,0.05,4.022,7/8/23 16:00,1.76,Auction Ads,auction_relation
20230807,1773588509327400 ,IL,IL,2,1/8/23,3.53,22.3051,7/8/23 17:32,1.52,Auction Ads,auction_relation
20230807,1773575535252510 ,US,,1,2/6/23,5.02,5.6189,7/8/23 15:38,0.54,Non-Auction Ads,Promote
20230807,1773581764287490 ,ID,,1,16/6/23,0.1188,0.1419,7/8/23 15:48,0.54,Non-Auction Ads,Promote
20230807,1773582044285950 ,ID,,1,16/6/23,0.1194,0.1419,7/8/23 15:53,0.54,Non-Auction Ads,Promote
20230807,1773581585756210 ,TH,TH,1,13/5/23,18.8546,12.5157,7/8/23 15:38,1.64,Auction Ads,auction_relation
20230807,1773581585756210 ,BR,BR,1,13/5/23,18.8546,12.5157,7/8/23 15:38,1.99,Auction Ads,auction_all
20230807,1773581585756210 ,BR,BR,1,13/5/23,18.8546,12.5157,7/8/23 15:38,1.99,Auction Ads,auction_all
20230807,1773581585756210 ,GB,GB,1,13/5/23,18.8546,12.5157,7/8/23 15:38,1.76,Auction Ads,auction_relation
20230807,1773581585756210 ,NZ,NZ,1,13/5/23,18.8546,12.5157,7/8/23 15:38,1.58,Auction Ads,auction_relation
20230807,1773581585756210 ,HU,Others,1,13/5/23,18.8546,12.5157,7/8/23 15:38,1.56,Auction Ads,auction_all
20230807,1773581585756210 ,AU,AU,1,13/5/23,18.8546,12.5157,7/8/23 15:38,1.84,Auction Ads,auction_relation
20230807,1773582164243450 ,ID,,1,16/6/23,0.1149,0.1419,7/8/23 15:55,0.54,Non-Auction Ads,Promote
20230807,1773588303517700 ,TH,,1,6/8/23,10.74,1.9496,7/8/23 16:27,1.53,RIE,Promote Report Recall
20230807,1773584611770370 ,TH,,1,9/7/23,10,1.4638,7/8/23 16:03,1.53,RIE,Promote Report Recall
20230807,1773585991834620 ,TH,,1,21/5/23,2.08,0.928,7/8/23 15:51,1.53,RIE,Promote Report Recall
20230807,1773585991834620 ,TH,,1,21/5/23,2.08,0.928,7/8/23 15:51,1.53,RIE,Promote Report Recall
20230807,1773584265276460 ,IL,IL,1,7/7/23,9.73,5.9317,7/8/23 16:17,1.52,Auction Ads,auction_relation
20230807,1773584265276460 ,IL,IL,1,7/7/23,9.73,5.9317,7/8/23 16:17,1.52,Auction Ads,auction_relation
20230807,1773561476328490 ,GB,GB,1,26/6/23,8.4,4.6621,7/8/23 16:00,1.76,Auction Ads,auction_relation
20230807,1773577324823580 ,DK,DK,1,26/6/23,7.34,4.6515,7/8/23 16:00,1.31,Auction Ads,auction_relation
20230807,1773577329210360 ,DK,DK,1,26/6/23,8.9,4.6515,7/8/23 16:00,1.31,Auction Ads,auction_relation
20230807,1773577324823580 ,DK,DK,1,26/6/23,7.34,4.6515,7/8/23 16:00,1.31,Auction Ads,auction_relation
20230807,1773577329197070 ,DK,DK,1,26/6/23,8.34,4.6515,7/8/23 16:00,1.31,Auction Ads,auction_relation
20230807,1773561204262910 ,IE,IE,1,26/6/23,7.28,4.6515,7/8/23 16:00,1.52,Auction Ads,auction_relation
20230807,1773577318263810 ,DK,DK,1,26/6/23,8.84,4.6515,7/8/23 16:00,1.31,Auction Ads,auction_relation
20230807,1773577324810280 ,DK,DK,1,26/6/23,10.07,4.6515,7/8/23 16:00,1.31,Auction Ads,auction_relation
20230807,1773585592950890 ,CA,US&CA,1,7/8/23,9.19,11.094,7/8/23 16:43,1.81,RIE,Ad Group Recall (Merged)
20230807,1773585598335010 ,CA,US&CA,1,7/8/23,14.48,11.094,7/8/23 16:43,1.81,RIE,Ad Group Recall (Merged)
20230807,1773561620619280 ,GR,GR,1,26/6/23,10.88,4.631,7/8/23 16:00,2.11,Auction Ads,auction_relation
20230807,1773564701405210 ,CA,US&CA,1,26/6/23,8.29,4.631,7/8/23 16:00,1.81,RIE,Ad Group Recall (Merged)
20230807,1773564701405210 ,GB,GB,1,26/6/23,8.29,4.631,7/8/23 16:00,1.72,RIE,Ad Group Recall (Merged)
20230807,1773564701405210 ,IE,Other,1,26/6/23,8.29,4.631,7/8/23 16:00,1.62,RIE,Ad Group Recall (Merged)
20230807,1773564701405210 ,FR,FR,1,26/6/23,8.29,4.631,7/8/23 16:00,1.97,Auction Ads,auction_relation
20230807,1773561620619280 ,GB,GB,1,26/6/23,10.88,4.631,7/8/23 16:00,1.76,Auction Ads,auction_relation
20230807,1773561620619280 ,GR,GR,1,26/6/23,10.88,4.631,7/8/23 16:00,2.11,Auction Ads,auction_relation
20230807,1773564701405210 ,US,US&CA,1,26/6/23,8.29,4.631,7/8/23 16:00,1.81,RIE,Ad Group Recall (Merged)
20230807,1773553391760400 ,NZ,NZ,1,26/6/23,6.98,2.8568,7/8/23 16:00,1.58,Auction Ads,auction_relation
20230807,1773553391760400 ,GB,GB,1,26/6/23,6.98,2.8568,7/8/23 16:00,1.76,Auction Ads,auction_relation
20230807,1773553391760400 ,AU,AU,1,26/6/23,6.98,2.8568,7/8/23 16:00,1.84,Auction Ads,auction_relation
20230807,1773557071922190 ,AU,AU,1,26/6/23,8,2.5026,7/8/23 16:00,1.84,Auction Ads,auction_relation
20230807,1773557071922190 ,GB,GB,1,26/6/23,8,2.5026,7/8/23 16:00,1.76,Auction Ads,auction_relation
20230807,1773550942285900 ,NZ,NZ,1,26/6/23,23.98,2.466,7/8/23 16:00,1.58,Auction Ads,auction_relation
20230807,1773550942285900 ,AU,AU,1,26/6/23,23.98,2.466,7/8/23 16:00,1.84,Auction Ads,auction_relation
20230807,1773550942285900 ,GB,GB,1,26/6/23,23.98,2.466,7/8/23 16:00,1.76,Auction Ads,auction_relation
20230807,1773537086025740 ,GB,GB,1,26/6/23,6.23,2.2756,7/8/23 16:00,1.76,Auction Ads,auction_relation
20230807,1773557494023210 ,GB,GB,1,26/6/23,6.96,2.1292,7/8/23 16:00,1.76,Auction Ads,auction_relation
20230807,1773557342891040 ,GB,GB,1,26/6/23,8.78,3.8613,7/8/23 16:00,1.76,Auction Ads,auction_relation
20230807,1773549634026540 ,GB,GB,1,26/6/23,7.26,3.5028,7/8/23 16:00,1.76,Auction Ads,auction_relation
20230807,1773549634026540 ,AU,AU,1,26/6/23,7.26,3.5028,7/8/23 16:00,1.84,Auction Ads,auction_relation
20230807,1773554331200620 ,GB,GB,1,26/6/23,9.89,3.1135,7/8/23 16:00,1.76,Auction Ads,auction_relation
20230807,1773562111667250 ,NL,NL,1,26/6/23,8.09,4.7525,7/8/23 16:00,1.19,Auction Ads,auction_relation
20230807,1773556280085520 ,GB,GB,1,26/6/23,9.49,2.9524,7/8/23 16:00,1.76,Auction Ads,auction_relation
20230807,1773588180416510 ,SA,,1,20/7/23,104.2422,4.3581,7/8/23 16:25,0.54,Non-Auction Ads,Promote
20230807,1773564240062490 ,GB,GB,1,26/6/23,6.87,3.6762,7/8/23 16:00,1.76,Auction Ads,auction_relation
20230807,1773553644459040 ,AU,AU,1,26/6/23,8.47,2.7671,7/8/23 16:00,1.84,Auction Ads,auction_relation
20230807,1773553644459040 ,GB,GB,1,26/6/23,8.47,2.7671,7/8/23 16:00,1.76,Auction Ads,auction_relation
20230807,1773553644459040 ,NZ,NZ,1,26/6/23,8.47,2.7671,7/8/23 16:00,1.58,Auction Ads,auction_relation
20230807,1773555622395920 ,NO,Others,1,26/6/23,8.91,2.6096,7/8/23 16:00,1.56,Auction Ads,auction_all
20230807,1773557012184110 ,NO,Others,1,26/6/23,7.96,3.566,7/8/23 16:00,1.56,Auction Ads,auction_all
20230807,1773557012184110 ,IE,IE,1,26/6/23,7.96,3.566,7/8/23 16:00,1.52,Auction Ads,auction_relation
20230807,1773583562002450 ,NZ,NZ,1,25/6/23,3.04,0,7/8/23 16:05,1.58,Auction Ads,auction_relation
20230807,1773583562002450 ,GB,GB,1,25/6/23,3.04,0,7/8/23 16:05,1.76,Auction Ads,auction_relation
20230807,1773583731518480 ,GB,GB,1,25/6/23,4.41,0,7/8/23 16:12,1.76,Auction Ads,auction_relation
20230807,1773583731518480 ,AU,AU,1,25/6/23,4.41,0,7/8/23 16:12,1.84,Auction Ads,auction_relation
20230807,1773594747740160 ,MY,MY,2,10/6/23,,0.735,7/8/23 18:07,2.31,Auction Ads,auction_relation
20230807,1773586718750730 ,ID,ID,1,30/7/23,,1.1833,7/8/23 17:00,1.8,Auction Ads,auction_relation
20230807,1773587762059290 ,TH,TH,1,11/5/23,0.858,0.74,7/8/23 16:11,1.64,Auction Ads,auction_relation
20230807,1773595566330880 ,MY,MY,2,10/6/23,,0.735,7/8/23 18:21,2.31,Auction Ads,auction_relation
20230807,1773595569325070 ,MY,MY,2,10/6/23,,0.735,7/8/23 18:21,2.31,Auction Ads,auction_relation
20230807,1773595569319930 ,MY,MY,2,10/6/23,,0.735,7/8/23 18:21,2.31,Auction Ads,auction_relation
20230807,1773595585697790 ,MY,MY,2,10/6/23,,0.735,7/8/23 18:21,2.31,Auction Ads,auction_relation
20230807,1773595577255980 ,MY,MY,2,10/6/23,,0.735,7/8/23 18:21,2.31,Auction Ads,auction_relation
20230807,1773584131248170 ,DK,DK,1,11/5/23,11.3686,7.1886,7/8/23 16:19,1.31,Auction Ads,auction_relation
20230807,1773585129974780 ,US,USCA,1,16/5/23,,51.0364,7/8/23 16:34,1.78,Auction Ads,auction_relation
20230807,1773591012829180 ,SA,,1,23/7/23,28.4176,18.8035,7/8/23 17:11,0.54,Non-Auction Ads,Promote
20230807,1773591642451970 ,TH,,1,6/8/23,7.27,1.9496,7/8/23 17:20,1.53,RIE,Promote Report Recall
20230807,1773589230529570 ,TH,TH,1,11/5/23,3.6063,13.3403,7/8/23 16:39,1.64,Auction Ads,auction_relation
20230807,1773592060468270 ,BR,BR,1,31/7/23,0.8107,0,7/8/23 17:24,1.99,Auction Ads,auction_all
20230807,1773592060468270 ,BR,BR,1,31/7/23,0.8107,0,7/8/23 17:24,1.7,RIE,Ad Group Recall (Merged)
20230807,1773589384380450 ,TH,TH,1,11/5/23,1.4121,13.3403,7/8/23 16:42,1.64,Auction Ads,auction_relation
20230807,1770164604637180 ,US,US&CA,,1/1/00 0:00,5015.93,4161.8969,1/7/23 15:00,1.81,RIE,Ad Group Recall (Merged)
20230807,1773592190410750 ,BR,BR,1,31/7/23,0.6464,0,7/8/23 17:28,1.7,RIE,Ad Group Recall (Merged)
20230807,1773592199104560 ,BR,BR,1,31/7/23,0.5234,0,7/8/23 17:28,1.99,Auction Ads,auction_all
20230807,1773592195448880 ,BR,BR,1,31/7/23,0.667,0,7/8/23 17:28,1.7,RIE,Ad Group Recall (Merged)
20230807,1773592195418130 ,BR,BR,1,31/7/23,1.9002,0,7/8/23 17:28,1.7,RIE,Ad Group Recall (Merged)
20230807,1773592195418130 ,BR,BR,1,31/7/23,1.9002,0,7/8/23 17:28,1.99,Auction Ads,auction_all
20230807,1773590013200380 ,TH,,1,21/5/23,4.12,0.928,7/8/23 16:55,1.53,RIE,Promote Report Recall
20230807,1773592850568200 ,BR,BR,1,29/7/23,3.4842,26.63,7/8/23 17:37,1.99,Auction Ads,auction_all
20230807,1773591430344740 ,TH,,1,7/7/23,8.65,0,7/8/23 17:20,1.53,RIE,Promote Report Recall
20230807,1773591456218110 ,TH,,1,27/6/23,13.68,2.0226,7/8/23 17:18,1.53,RIE,Promote Report Recall
20230807,1773602206488570 ,BR,BR,2,3/7/23,1.6521,18.7293,7/8/23 20:04,1.99,Auction Ads,auction_all
20230807,1773602287584300 ,PT,PT,2,3/7/23,0.5255,18.7293,7/8/23 20:08,1.98,Auction Ads,auction_relation
20230807,1773573295821840 ,TH,TH,1,13/5/23,2.2964,1.1606,7/8/23 17:00,1.64,Auction Ads,auction_relation
20230807,1773595243408420 ,TH,,1,6/8/23,11.98,1.9496,7/8/23 18:19,1.53,RIE,Promote Report Recall
20230807,1773590808507420 ,TH,TH,1,11/5/23,1.6671,13.3403,7/8/23 17:04,1.64,Auction Ads,auction_relation
20230807,1768629614968860 ,US,USCA,,1/1/00 0:00,10651.42,3861.027,14/6/23 5:13,1.78,Auction Ads,auction_relation
20230807,1773581383141370 ,TH,,1,16/6/23,0.1743,0.7268,7/8/23 17:22,0.54,Non-Auction Ads,Promote
20230807,1762180839792640 ,GB,GB,,1/1/00 0:00,6532.92,3461.7922,4/4/23 15:00,1.76,Auction Ads,auction_relation
20230807,1773592139175960 ,TH,TH,1,12/6/23,7.4087,7.2331,7/8/23 17:29,1.64,Auction Ads,auction_relation
20230807,1773587765129220 ,US,,1,9/7/23,1.39,1.5974,7/8/23 18:08,0.54,Non-Auction Ads,Promote
20230807,1773587765129220 ,US,,1,9/7/23,1.39,1.5974,7/8/23 18:08,0.54,Non-Auction Ads,Promote
20230807,1773590086125570 ,BR,,1,17/6/23,1.3994,1.2231,7/8/23 17:39,0.54,Non-Auction Ads,Promote
20230807,1773597694991360 ,BR,,1,7/8/23,21.7869,5.2557,7/8/23 18:57,0.54,Non-Auction Ads,Promote
20230807,1773598744529920 ,BR,BR,1,7/8/23,,3.212,7/8/23 19:01,1.99,Auction Ads,auction_all
20230807,1770501606335480 ,DE,DE,,1/1/00 0:00,2694.9014,4065.8322,10/7/23 14:00,1.6,RIE,Ad Group Recall (Merged)
20230807,1773594989120510 ,TH,,1,27/6/23,12.45,2.0226,7/8/23 18:14,1.53,RIE,Promote Report Recall
20230807,1773590895782910 ,CA,USCA,1,26/6/23,5.2,1.2112,7/8/23 18:04,1.78,Auction Ads,auction_relation
20230807,1773590895782910 ,US,USCA,1,26/6/23,5.2,1.2112,7/8/23 18:04,1.78,Auction Ads,auction_relation
20230807,1773590895782910 ,IL,IL,1,26/6/23,5.2,1.2112,7/8/23 18:04,1.52,Auction Ads,auction_relation
20230807,1773596475664390 ,TH,,1,7/7/23,0.89,2.8575,7/8/23 18:39,1.53,RIE,Promote Report Recall
20230807,1773590975358970 ,US,USCA,1,26/6/23,4.64,1.2112,7/8/23 18:09,1.78,Auction Ads,auction_relation
20230807,1773590975348770 ,US,USCA,1,26/6/23,5.66,1.2112,7/8/23 18:09,1.78,Auction Ads,auction_relation
20230807,1773590975358970 ,CA,USCA,1,26/6/23,4.64,1.2112,7/8/23 18:09,1.78,Auction Ads,auction_relation
20230807,1773590975358970 ,IL,IL,1,26/6/23,4.64,1.2112,7/8/23 18:09,1.52,Auction Ads,auction_relation
20230807,1773590975348770 ,CA,USCA,1,26/6/23,5.66,1.2112,7/8/23 18:09,1.78,Auction Ads,auction_relation
20230807,1773590975348770 ,IL,IL,1,26/6/23,5.66,1.2112,7/8/23 18:09,1.52,Auction Ads,auction_relation
20230807,1773591153784880 ,IL,IL,1,26/6/23,34.64,1.2112,7/8/23 18:10,1.52,Auction Ads,auction_relation
20230807,1773596619029500 ,TH,,1,4/7/23,4.69,2.6075,7/8/23 18:42,1.53,RIE,Promote Report Recall
20230807,1773598459615280 ,BR,BR,1,18/7/23,0,0.5428,7/8/23 18:58,1.99,Auction Ads,auction_all
20230807,1773593945982990 ,US,USCA,1,30/7/23,1.79,4,7/8/23 19:10,1.78,Auction Ads,auction_relation
20230807,1773594552358910 ,TH,,1,15/6/23,0.64,3.3996,7/8/23 18:07,1.53,RIE,Promote Report Recall
20230807,1773599846254590 ,VN,,1,7/8/23,0.0623,0.4751,7/8/23 19:30,1.53,RIE,Promote Report Recall
20230807,1773592905870380 ,US,USCA,1,2/6/23,17.73,56.3233,7/8/23 18:29,1.78,Auction Ads,auction_relation
20230807,1773598696860680 ,BR,BR,1,18/7/23,0,0.5428,7/8/23 19:11,1.99,Auction Ads,auction_all
20230807,1773598700900400 ,BR,BR,1,18/7/23,0,0.5428,7/8/23 19:11,1.99,Auction Ads,auction_all
20230807,1773598710728730 ,BR,BR,1,18/7/23,0.0185,0.5428,7/8/23 19:11,1.99,Auction Ads,auction_all
20230807,1773598693989420 ,BR,BR,1,18/7/23,0,0.5428,7/8/23 19:11,1.99,Auction Ads,auction_all
20230807,1773598710739980 ,BR,BR,1,18/7/23,0,0.5428,7/8/23 19:11,1.99,Auction Ads,auction_all
20230807,1773598700909580 ,BR,BR,1,18/7/23,0,0.5428,7/8/23 19:11,1.99,Auction Ads,auction_all
20230807,1773598700919800 ,BR,BR,1,18/7/23,0.0021,0.5428,7/8/23 19:11,1.99,Auction Ads,auction_all
20230807,1773598696879120 ,BR,BR,1,18/7/23,0,0.5428,7/8/23 19:11,1.99,Auction Ads,auction_all
20230807,1773598696868910 ,BR,BR,1,18/7/23,0.0206,0.5428,7/8/23 19:11,1.99,Auction Ads,auction_all
20230807,1773599154156540 ,BR,BR,1,18/7/23,0,0.5428,7/8/23 19:14,1.99,Auction Ads,auction_all
20230807,1773599117455360 ,BR,BR,1,18/7/23,0,0.5428,7/8/23 19:14,1.99,Auction Ads,auction_all
20230807,1773599135864860 ,BR,BR,1,18/7/23,0.0041,0.5428,7/8/23 19:14,1.99,Auction Ads,auction_all
20230807,1773599154174970 ,BR,BR,1,18/7/23,0.0021,0.5428,7/8/23 19:14,1.99,Auction Ads,auction_all
20230807,1773599135883290 ,BR,BR,1,18/7/23,0.0103,0.5428,7/8/23 19:14,1.99,Auction Ads,auction_all
20230807,1773599135875070 ,BR,BR,1,18/7/23,0,0.5428,7/8/23 19:14,1.99,Auction Ads,auction_all
20230807,1773599154165790 ,BR,BR,1,18/7/23,0,0.5428,7/8/23 19:14,1.99,Auction Ads,auction_all
20230807,1773597841283070 ,TH,,1,20/6/23,3.99,3.8,7/8/23 18:59,1.53,RIE,Promote Report Recall
20230807,1773602212210720 ,IQ,Others,1,4/8/23,3.02,2.585,7/8/23 20:03,1.56,Auction Ads,auction_all
20230807,1773602546327580 ,IQ,Others,1,4/8/23,3.08,2.585,7/8/23 20:08,1.56,Auction Ads,auction_all
20230807,1773598034711560 ,NL,NL,1,3/8/23,2.2445,6.4176,7/8/23 20:00,1.19,Auction Ads,auction_relation
20230807,1773598429768700 ,TH,,1,24/6/23,12.38,5.5242,7/8/23 19:23,1.53,RIE,Promote Report Recall
20230807,1773600783840290 ,TH,,1,4/7/23,5.57,2.6075,7/8/23 19:48,1.53,RIE,Promote Report Recall
20230807,1773326907578410 ,US,US,1,6/7/23,,713.3279,11/8/23 5:00,1.54,Non-Auction Ads,R&F
20230807,1773324104901660 ,US,US,1,6/7/23,,713.3279,11/8/23 5:00,1.54,Non-Auction Ads,R&F
20230807,1773587440499820 ,CA,US&CA,1,10/5/23,16.75,8.3497,7/8/23 19:00,1.81,RIE,Ad Group Recall (Merged)
20230807,1773601020818430 ,TH,,1,27/6/23,11.7,2.0226,7/8/23 19:49,1.53,RIE,Promote Report Recall
20230807,1773602497231900 ,BR,BR,1,4/7/23,2.1953,9.6077,7/8/23 20:00,1.99,Auction Ads,auction_all
20230807,1773540410836010 ,ID,ID,1,7/8/23,,5.3458,7/8/23 21:00,1.8,Auction Ads,auction_relation
20230807,1773540408769650 ,ID,ID,1,7/8/23,,5.3458,7/8/23 21:00,1.8,Auction Ads,auction_relation
20230807,1773540408769650 ,ID,ID,1,7/8/23,,5.3458,7/8/23 21:00,1.8,Auction Ads,auction_relation
20230807,1773540419597310 ,ID,ID,1,7/8/23,,5.3458,7/8/23 21:00,1.8,Auction Ads,auction_relation
20230807,1773540414694400 ,ID,ID,1,7/8/23,,5.3458,7/8/23 21:00,1.8,Auction Ads,auction_relation
20230807,1773602193645600 ,US,USCA,1,7/8/23,,11.4133,7/8/23 21:06,1.78,Auction Ads,auction_relation
20230807,1773600638998530 ,KH,,1,16/6/23,0.0954,0.1192,7/8/23 19:47,0.54,Non-Auction Ads,Promote
20230807,1773573408153610 ,US,USCA,3,13/7/23,,19.6152,8/8/23 10:00,1.78,Auction Ads,auction_relation
20230807,1773606969861150 ,BR,BR,1,29/7/23,0.0703,26.63,7/8/23 21:21,1.99,Auction Ads,auction_all
20230807,1773606282701870 ,BR,BR,1,28/7/23,0.0657,1.2463,7/8/23 21:07,1.99,Auction Ads,auction_all
20230807,1773606202283050 ,BR,BR,1,28/7/23,0.1663,1.2463,7/8/23 21:07,1.99,Auction Ads,auction_all
20230807,1773606277019660 ,BR,BR,1,28/7/23,0.1375,1.2463,7/8/23 21:07,1.99,Auction Ads,auction_all
20230807,1773606253663260 ,BR,BR,1,28/7/23,0.1334,1.2463,7/8/23 21:07,1.99,Auction Ads,auction_all
20230807,1773606282711070 ,BR,BR,1,28/7/23,0.1151,1.2463,7/8/23 21:07,1.99,Auction Ads,auction_all
20230807,1773573422050320 ,US,USCA,3,13/7/23,,19.6152,9/8/23 10:00,1.78,Auction Ads,auction_relation
20230807,1773559877200890 ,ID,ID,1,7/8/23,,2.0361,7/8/23 22:24,1.8,Auction Ads,auction_relation
20230807,1773598727040000 ,TH,,1,16/6/23,0.0692,0.7268,7/8/23 20:27,0.54,Non-Auction Ads,Promote
20230807,1773600661684250 ,BR,BR,1,19/6/23,21.7618,8.793,7/8/23 20:39,1.99,Auction Ads,auction_all
20230807,1773599040300030 ,TH,,1,16/6/23,0.0528,0.7268,7/8/23 20:28,0.54,Non-Auction Ads,Promote
20230807,1773599062486010 ,TH,,1,16/6/23,0.0428,0.7268,7/8/23 20:28,0.54,Non-Auction Ads,Promote
20230807,1773599119255550 ,TH,,1,16/6/23,0.1162,0.7268,7/8/23 20:28,0.54,Non-Auction Ads,Promote
20230807,1773599141408770 ,TH,,1,16/6/23,0.0563,0.7268,7/8/23 20:29,0.54,Non-Auction Ads,Promote
20230807,1773599384475640 ,TH,,1,16/6/23,0.107,0.7268,7/8/23 20:29,0.54,Non-Auction Ads,Promote
20230807,1773599283787770 ,TH,,1,16/6/23,0.0629,0.7268,7/8/23 20:29,0.54,Non-Auction Ads,Promote
20230807,1773599469375480 ,TH,,1,16/6/23,0.0676,0.7268,7/8/23 20:30,0.54,Non-Auction Ads,Promote
20230807,1773599170866170 ,TH,,1,16/6/23,0.0306,0.7268,7/8/23 20:30,0.54,Non-Auction Ads,Promote
20230807,1773599328033790 ,TH,,1,16/6/23,0.09,0.7268,7/8/23 20:30,0.54,Non-Auction Ads,Promote
20230807,1773599560311800 ,TH,,1,16/6/23,0.0782,0.7268,7/8/23 20:31,0.54,Non-Auction Ads,Promote
20230807,1773599229063170 ,TH,,1,16/6/23,0.0466,0.7268,7/8/23 20:32,0.54,Non-Auction Ads,Promote
20230807,1773599711207420 ,TH,,1,16/6/23,0.0544,0.7268,7/8/23 20:32,0.54,Non-Auction Ads,Promote
20230807,1773599492027390 ,TH,,1,16/6/23,0.0618,0.7268,7/8/23 20:32,0.54,Non-Auction Ads,Promote
20230807,1773599536758780 ,TH,,1,16/6/23,0.1532,0.7268,7/8/23 20:32,0.54,Non-Auction Ads,Promote
20230807,1773599588616190 ,TH,,1,16/6/23,0.0655,0.7268,7/8/23 20:33,0.54,Non-Auction Ads,Promote
20230807,1773599690436610 ,TH,,1,16/6/23,0.0574,0.7268,7/8/23 20:34,0.54,Non-Auction Ads,Promote
20230807,1773592808036370 ,US,USCA,2,17/5/23,,14.5246,8/8/23 5:00,1.78,Auction Ads,auction_relation
20230807,1773605398378500 ,TH,,1,24/6/23,3.21,1.3459,7/8/23 21:01,1.53,RIE,Promote Report Recall
20230807,1773592667000860 ,US,USCA,2,17/5/23,,14.5246,8/8/23 5:00,1.78,Auction Ads,auction_relation
20230807,1773592431484960 ,US,USCA,2,17/5/23,,9.1766,8/8/23 5:00,1.78,Auction Ads,auction_relation
20230807,1773571419983880 ,TR,TR,1,1/6/23,6.74,4.426,7/8/23 21:00,1.43,Non-Auction Ads,R&F
20230807,1773608518850570 ,ID,ID,2,9/6/23,,24.4242,8/8/23 17:00,1.8,Auction Ads,auction_relation
20230807,1773584079921180 ,CH,CH,1,3/8/23,,6.4367,7/8/23 23:00,0.93,Auction Ads,auction_relation
20230807,1773584079921180 ,DE,DE,1,3/8/23,,6.4367,7/8/23 23:00,1.01,Auction Ads,auction_relation
20230807,1773584079918110 ,DE,DE,1,3/8/23,0,6.4367,7/8/23 23:00,1.01,Auction Ads,auction_relation
20230807,1773584079918110 ,CH,CH,1,3/8/23,0,6.4367,7/8/23 23:00,0.93,Auction Ads,auction_relation
20230807,1773610467447840 ,NO,Others,1,26/6/23,0.37,4.5148,7/8/23 22:20,1.56,Auction Ads,auction_all
20230807,1773607150451760 ,US,USCA,1,16/5/23,,51.0364,7/8/23 22:35,1.78,Auction Ads,auction_relation
20230807,1773560585140270 ,KH,KH,1,16/5/23,0.1452,0.4317,7/8/23 22:00,1.5,Auction Ads,auction_relation
20230807,1773559790111770 ,KH,KH,1,16/5/23,0.1352,0.4317,7/8/23 22:00,1.5,Auction Ads,auction_relation
20230807,1773613500509180 ,ID,,1,27/6/23,0.0009,0.3655,7/8/23 23:37,0.54,Non-Auction Ads,Promote
20230807,1773595125935120 ,BR,BR,1,17/7/23,0,26.7034,8/8/23 3:00,1.43,Non-Auction Ads,R&F
20230807,1773574220965890 ,HU,Others,1,14/5/23,5.5455,56.1366,7/8/23 23:00,1.53,Non-Auction Ads,R&F
20230807,1773550532675610 ,PT,PT,1,7/8/23,,2.6694,8/8/23 6:21,1.98,Auction Ads,auction_relation
20230807,1773550532675610 ,AR,AR,1,7/8/23,,2.6694,8/8/23 6:21,2.23,Auction Ads,auction_all
20230807,1773550532675610 ,CL,CL,1,7/8/23,,2.6694,8/8/23 6:21,1.85,Auction Ads,auction_all
20230807,1773550532675610 ,ES,ES,1,7/8/23,,2.6694,8/8/23 6:21,1.37,Auction Ads,auction_relation
20230807,1773550532675610 ,GB,GB,1,7/8/23,,2.6694,8/8/23 6:21,1.76,Auction Ads,auction_relation
20230807,1773550532675610 ,GR,GR,1,7/8/23,,2.6694,8/8/23 6:21,2.11,Auction Ads,auction_relation
20230807,1773550532675610 ,AT,AT,1,7/8/23,,2.6694,8/8/23 6:21,0.89,Auction Ads,auction_relation
20230807,1773550532675610 ,PL,PL,1,7/8/23,,2.6694,8/8/23 6:21,1.64,Auction Ads,auction_relation
20230807,1773550552577050 ,AR,AR,1,7/8/23,,2.6694,8/8/23 6:21,2.23,Auction Ads,auction_all
20230807,1773550532675610 ,GR,GR,1,7/8/23,,2.6694,8/8/23 6:21,2.11,Auction Ads,auction_relation
20230807,1773550552577050 ,PL,PL,1,7/8/23,,2.6694,8/8/23 6:21,1.64,Auction Ads,auction_relation
20230807,1773550552577050 ,PT,PT,1,7/8/23,,2.6694,8/8/23 6:21,1.98,Auction Ads,auction_relation
20230807,1773550552577050 ,ES,ES,1,7/8/23,,2.6694,8/8/23 6:21,1.37,Auction Ads,auction_relation
20230807,1773550552577050 ,GB,GB,1,7/8/23,,2.6694,8/8/23 6:21,1.76,Auction Ads,auction_relation
20230807,1773592220630060 ,US,USCA,1,4/7/23,,65.2744,8/8/23 5:00,1.78,Auction Ads,auction_relation
20230807,1773597933612040 ,NL,NL,1,3/8/23,,6.4176,8/8/23 5:30,1.19,Auction Ads,auction_relation
20230807,1773596847496190 ,NL,NL,1,3/8/23,,6.4176,8/8/23 5:30,1.19,Auction Ads,auction_relation
20230807,1773598504256510 ,DE,DE,1,3/8/23,,6.4176,8/8/23 5:30,1.01,Auction Ads,auction_relation
20230807,1773596847499260 ,NL,NL,1,3/8/23,,6.4176,8/8/23 5:30,1.19,Auction Ads,auction_relation
20230807,1773598033356850 ,NL,NL,1,3/8/23,,6.4176,8/8/23 5:30,1.19,Auction Ads,auction_relation
20230807,1773596833846300 ,NL,NL,1,3/8/23,,6.4176,8/8/23 5:30,1.19,Auction Ads,auction_relation
20230807,1773598504252410 ,DE,DE,1,3/8/23,,6.4176,8/8/23 5:30,1.01,Auction Ads,auction_relation
20230807,1773598424971310 ,DE,DE,1,3/8/23,,6.4176,8/8/23 5:30,1.01,Auction Ads,auction_relation
20230807,1773591462075420 ,US,USCA,1,4/7/23,,65.2744,8/8/23 5:00,1.78,Auction Ads,auction_relation
20230807,1773598583766060 ,NL,NL,1,3/8/23,,5.9837,8/8/23 9:00,1.19,Auction Ads,auction_relation
20230807,1773599685270560 ,DK,DK,1,3/8/23,,5.9837,8/8/23 9:00,1.31,Auction Ads,auction_relation
20230807,1773598586568730 ,DK,DK,1,3/8/23,,5.9837,8/8/23 9:00,1.31,Auction Ads,auction_relation
20230807,1773599691646000 ,NL,NL,1,3/8/23,,5.9837,8/8/23 9:00,1.19,Auction Ads,auction_relation
20230807,1773599574558770 ,DK,DK,1,3/8/23,,5.9837,8/8/23 9:00,1.31,Auction Ads,auction_relation
20230807,1773598583766060 ,DK,DK,1,3/8/23,,5.9837,8/8/23 9:00,1.31,Auction Ads,auction_relation
20230807,1773598586568730 ,NL,NL,1,3/8/23,,5.9837,8/8/23 9:00,1.19,Auction Ads,auction_relation
20230807,1773599691670570 ,NL,NL,1,3/8/23,,5.9837,8/8/23 9:00,1.19,Auction Ads,auction_relation
20230807,1773599574558770 ,IE,IE,1,3/8/23,,5.9837,8/8/23 9:00,1.52,Auction Ads,auction_relation
20230807,1773599691646000 ,DK,DK,1,3/8/23,,5.9837,8/8/23 9:00,1.31,Auction Ads,auction_relation
20230807,1773598586573820 ,DK,DK,1,3/8/23,,5.9837,8/8/23 9:00,1.31,Auction Ads,auction_relation
20230807,1773599685267450 ,NL,NL,1,3/8/23,,5.9837,8/8/23 9:00,1.19,Auction Ads,auction_relation
20230807,1773598425031710 ,DK,DK,1,3/8/23,,5.9837,8/8/23 9:00,1.31,Auction Ads,auction_relation
20230807,1773598586573820 ,IE,IE,1,3/8/23,,5.9837,8/8/23 9:00,1.52,Auction Ads,auction_relation
20230807,1773599685267450 ,IE,IE,1,3/8/23,,5.9837,8/8/23 9:00,1.52,Auction Ads,auction_relation
20230807,1773598586568730 ,IE,IE,1,3/8/23,,5.9837,8/8/23 9:00,1.52,Auction Ads,auction_relation
20230807,1773599691670570 ,DK,DK,1,3/8/23,,5.9837,8/8/23 9:00,1.31,Auction Ads,auction_relation
20230807,1773598583766060 ,IE,IE,1,3/8/23,,5.9837,8/8/23 9:00,1.52,Auction Ads,auction_relation
20230807,1773599685267450 ,DK,DK,1,3/8/23,,5.9837,8/8/23 9:00,1.31,Auction Ads,auction_relation
20230807,1773562135586860 ,GB,GB,1,25/5/23,,54.1188,8/8/23 0:00,1.76,Auction Ads,auction_relation
20230807,1773333892886570 ,US,US,1,30/6/23,,0,8/8/23 5:00,1.54,Non-Auction Ads,R&F
20230807,1773333892886570 ,US,US,1,30/6/23,,0,8/8/23 5:00,1.54,Non-Auction Ads,R&F
20230807,1773567291917360 ,IL,IL,1,26/6/23,,1.7554,8/8/23 1:00,1.52,Auction Ads,auction_relation
20230807,1773556472369200 ,AU,AU,1,26/6/23,,0.7943,8/8/23 1:00,1.84,Auction Ads,auction_relation
20230807,1773613494045710 ,US,USCA,1,29/7/23,,7.5338,8/8/23 13:00,1.78,Auction Ads,auction_relation
20230807,1773613591109640 ,US,USCA,1,29/7/23,,7.5338,8/8/23 13:00,1.78,Auction Ads,auction_relation
20230807,1773613591099440 ,US,USCA,1,29/7/23,,7.5338,8/8/23 13:00,1.78,Auction Ads,auction_relation
20230807,1773607908727800 ,US,USCA,1,3/8/23,,1.43,10/8/23 4:20,1.78,Auction Ads,auction_relation
20230807,1772501230876700 ,US,US&CA,,1/1/00 0:00,23790.2,4230.0771,1/8/23 5:00,1.81,RIE,Ad Group Recall (Merged)
20230807,1773563171611730 ,IT,IT,1,1/6/23,,2.9314,8/8/23 5:00,1.36,Auction Ads,auction_relation
20230807,1773574512873470 ,IT,IT,1,1/6/23,,2.9314,8/8/23 5:00,1.36,Auction Ads,auction_relation
20230807,1773562444469360 ,IT,IT,1,19/5/23,,2.0396,25/8/23 5:00,1.36,Auction Ads,auction_relation
20230807,1773561180923900 ,IT,IT,1,19/5/23,,2.0396,25/8/23 5:00,1.36,Auction Ads,auction_relation
20230807,1773565863040030 ,IT,IT,1,19/5/23,,2.0396,26/8/23 5:00,1.36,Auction Ads,auction_relation
20230807,1773564919343130 ,IT,IT,1,19/5/23,,2.0396,26/8/23 5:00,1.36,Auction Ads,auction_relation
20230807,1769869625886720 ,US,US&CA,,1/1/00 0:00,6994.15,2765.7503,10/7/23 16:19,1.81,RIE,Ad Group Recall (Merged)
20230807,1769868003671040 ,FR,FR,,1/1/00 0:00,5530.16,3004.3479,19/7/23 23:00,1.95,Non-Auction Ads,R&F
20230807,1770044555896880 ,GB,GB,,1/1/00 0:00,8583.57,3004.3479,20/7/23 0:00,1.82,Non-Auction Ads,R&F
20230807,1770034198365200 ,ES,ES,,1/1/00 0:00,2674.3,3004.3479,23/7/23 23:00,1.88,Non-Auction Ads,R&F
20230807,1769866611968000 ,DK,Other,,1/1/00 0:00,504.19,2241.8323,27/6/23 15:30,1.62,RIE,Ad Group Recall (Merged)
20230807,1767884797904920 ,US,USCA,,1/1/00 0:00,5778.26,1967.3526,5/6/23 16:39,1.78,Auction Ads,auction_relation
20230807,1772331510445100 ,US,US&CA,,1/1/00 0:00,3500,2742.2916,24/7/23 19:30,1.81,RIE,Ad Group Recall (Merged)
20230807,1769733020810290 ,JP,,,1/1/00 0:00,3509.3289,4126.0781,3/8/23 15:00,7.59,Non-Auction Ads,Branding Ads
20230807,1769523944538140 ,US,US&CA,,1/1/00 0:00,2279.07,1843.836,27/6/23 5:00,1.81,RIE,Ad Group Recall (Merged)
20230807,1772417713017850 ,CA,US&CA,,1/1/00 0:00,3664.07,2554.4598,26/7/23 8:18,1.81,RIE,Ad Group Recall (Merged)
20230807,1768235931176960 ,US,USCA,,1/1/00 0:00,314.18,1606.6989,9/6/23 15:12,1.78,Auction Ads,auction_relation
20230807,1768247606647850 ,US,USCA,,1/1/00 0:00,1121.4,1553.5605,14/6/23 5:00,1.78,Auction Ads,auction_relation
20230807,1765107022556160 ,AU,ID,,1/1/00 0:00,3527.1393,1245.3725,6/5/23 1:04,2.05,RIE,Ad Group Recall (Merged)
20230807,1765107022556160 ,AU,AU,,1/1/00 0:00,3527.1393,1245.3725,6/5/23 1:04,1.84,Auction Ads,auction_relation
20230807,1765107022556160 ,AU,AU,,1/1/00 0:00,3527.1393,1245.3725,6/5/23 1:04,1.84,Auction Ads,auction_relation
20230807,1758445350450200 ,JP,JP,,1/1/00 0:00,1500,946.7443,21/2/23 12:57,3.21,RIE,Ad Group Recall (Merged)
20230807,1772673605085210 ,GB,GB,,1/1/00 0:00,2407.7043,2383.0004,28/7/23 15:05,1.76,Auction Ads,auction_relation
20230807,1762510571489280 ,US,US&CA,,1/1/00 0:00,2467.52,1028.3136,7/4/23 16:01,1.81,RIE,Ad Group Recall (Merged)
20230807,1773142259968010 ,BR,BR,,1/1/00 0:00,4732.3687,3123.0274,3/8/23 3:00,1.43,Non-Auction Ads,R&F
20230807,1771977492942860 ,US,US&CA,,1/1/00 0:00,601.01,2984.5135,2/8/23 16:00,1.81,RIE,Ad Group Recall (Merged)
20230807,1763454226275360 ,US,USCA,,1/1/00 0:00,2532.88,796.1369,17/4/23 20:49,1.78,Auction Ads,auction_relation
20230807,1769382110792730 ,JP,JP,,1/1/00 0:00,622.91,1169.9681,22/6/23 6:09,3.21,RIE,Ad Group Recall (Merged)
20230807,1769383631067180 ,JP,JP,,1/1/00 0:00,1175.32,1169.9681,22/6/23 6:35,3.21,RIE,Ad Group Recall (Merged)
20230807,1761281118737420 ,US,USCA,,1/1/00 0:00,519.76,699.7773,24/3/23 20:48,1.78,Auction Ads,auction_relation
20230807,1773074882047020 ,US,US&CA,,1/1/00 0:00,81.51,2675.8208,2/8/23 2:00,1.81,RIE,Ad Group Recall (Merged)
20230807,1773074251043850 ,US,US&CA,,1/1/00 0:00,123.35,2675.8208,2/8/23 2:00,1.81,RIE,Ad Group Recall (Merged)
20230807,1769530785035310 ,US,US,,1/1/00 0:00,1413.59,1350.4882,10/7/23 5:00,1.54,Non-Auction Ads,R&F
20230807,1757409994911790 ,JP,JP,,1/1/00 0:00,741.152,572.8124,10/2/23 2:39,3.21,RIE,Ad Group Recall (Merged)
20230807,1747622616763390 ,IT,IT,,1/1/00 0:00,1352.1917,491.9031,25/10/22 2:53,1.36,Auction Ads,auction_relation
20230807,1747622616763390 ,AU,AU,,1/1/00 0:00,1352.1917,491.9031,25/10/22 2:53,1.84,Auction Ads,auction_relation
20230807,1747622616763390 ,GB,GB,,1/1/00 0:00,1352.1917,491.9031,25/10/22 2:53,1.76,Auction Ads,auction_relation
20230807,1747622616763390 ,IE,IE,,1/1/00 0:00,1352.1917,491.9031,25/10/22 2:53,1.52,Auction Ads,auction_relation
20230807,1747622616763390 ,DE,DE,,1/1/00 0:00,1352.1917,491.9031,25/10/22 2:53,1.01,Auction Ads,auction_relation
20230807,1747622616763390 ,US,USCA,,1/1/00 0:00,1352.1917,491.9031,25/10/22 2:53,1.78,Auction Ads,auction_relation
20230807,1758721274729490 ,US,USCA,,1/1/00 0:00,535.31,573.675,24/2/23 13:59,1.78,Auction Ads,auction_relation
20230807,1771871833741360 ,US,USCA,,1/1/00 0:00,3204.84,2157.71,31/7/23 8:00,1.78,Auction Ads,auction_relation
20230807,1747711278240780 ,FR,FR,,1/1/00 0:00,2165.7221,491.9031,26/10/22 2:17,1.97,Auction Ads,auction_relation
20230807,1747711278240780 ,IE,IE,,1/1/00 0:00,2165.7221,491.9031,26/10/22 2:17,1.52,Auction Ads,auction_relation
20230807,1747711278240780 ,IT,IT,,1/1/00 0:00,2165.7221,491.9031,26/10/22 2:17,1.36,Auction Ads,auction_relation
20230807,1747711278240780 ,CA,USCA,,1/1/00 0:00,2165.7221,491.9031,26/10/22 2:17,1.78,Auction Ads,auction_relation
20230807,1747711278240780 ,DK,DK,,1/1/00 0:00,2165.7221,491.9031,26/10/22 2:17,1.31,Auction Ads,auction_relation
20230807,1747711278240780 ,NL,NL,,1/1/00 0:00,2165.7221,491.9031,26/10/22 2:17,1.19,Auction Ads,auction_relation
20230807,1747711278240780 ,ES,ES,,1/1/00 0:00,2165.7221,491.9031,26/10/22 2:17,1.37,Auction Ads,auction_relation
20230807,1747711278240780 ,GB,GB,,1/1/00 0:00,2165.7221,491.9031,26/10/22 2:17,1.76,Auction Ads,auction_relation
20230807,1747711278240780 ,IT,IT,,1/1/00 0:00,2165.7221,491.9031,26/10/22 2:17,1.36,Auction Ads,auction_relation
20230807,1747711278240780 ,ES,ES,,1/1/00 0:00,2165.7221,491.9031,26/10/22 2:17,1.79,RIE,Ad Group Recall (Merged)
20230807,1747711278240780 ,PT,PT,,1/1/00 0:00,2165.7221,491.9031,26/10/22 2:17,1.98,Auction Ads,auction_relation
20230807,1747711278240780 ,AU,AU,,1/1/00 0:00,2165.7221,491.9031,26/10/22 2:17,1.84,Auction Ads,auction_relation
20230807,1747711278240780 ,PT,Other,,1/1/00 0:00,2165.7221,491.9031,26/10/22 2:17,1.62,RIE,Ad Group Recall (Merged)
20230807,1747711278240780 ,US,USCA,,1/1/00 0:00,2165.7221,491.9031,26/10/22 2:17,1.78,Auction Ads,auction_relation
20230807,1753586205415450 ,CA,USCA,,1/1/00 0:00,4948.8399,491.9031,29/12/22 22:41,1.78,Auction Ads,auction_relation
20230807,1750210064820270 ,RO,Other,,1/1/00 0:00,6083.47,461.6157,22/11/22 11:40,1.62,RIE,Ad Group Recall (Merged)
20230807,1750210064820270 ,EG,MENA,,1/1/00 0:00,6083.47,461.6157,22/11/22 11:40,1.67,RIE,Ad Group Recall (Merged)
20230807,1750210064820270 ,FI,Other,,1/1/00 0:00,6083.47,461.6157,22/11/22 11:40,1.62,RIE,Ad Group Recall (Merged)
20230807,1772422251351050 ,US,US,,1/1/00 0:00,4738.58,2080.21,31/7/23 5:00,1.54,Non-Auction Ads,R&F
20230807,1752272524655630 ,NO,Others,,1/1/00 0:00,2042.98,460.658,15/12/22 8:52,1.56,Auction Ads,auction_all
20230807,1752272524655630 ,NO,Others,,1/1/00 0:00,2042.98,460.658,15/12/22 8:52,1.56,Auction Ads,auction_all
20230807,1752272524655630 ,FI,Others,,1/1/00 0:00,2042.98,460.658,15/12/22 8:52,1.56,Auction Ads,auction_all
20230807,1750856653920270 ,US,US&CA,,1/1/00 0:00,168.51,448.5825,29/11/22 18:27,1.81,RIE,Ad Group Recall (Merged)
20230807,1753833844831280 ,EG,MENA,,1/1/00 0:00,6517.99,461.6157,1/1/23 15:15,1.67,RIE,Ad Group Recall (Merged)
20230807,1753833844831280 ,CZ,Other,,1/1/00 0:00,6517.99,461.6157,1/1/23 15:15,1.62,RIE,Ad Group Recall (Merged)
20230807,1753833844831280 ,CZ,CZ,,1/1/00 0:00,6517.99,461.6157,1/1/23 15:15,1.9,Auction Ads,auction_relation
20230807,1753833844831280 ,GR,GR,,1/1/00 0:00,6517.99,461.6157,1/1/23 15:15,2.11,Auction Ads,auction_relation
20230807,1753833844831280 ,RO,RO,,1/1/00 0:00,6517.99,461.6157,1/1/23 15:15,1.94,Auction Ads,auction_relation
20230807,1753833844831280 ,FI,Other,,1/1/00 0:00,6517.99,461.6157,1/1/23 15:15,1.62,RIE,Ad Group Recall (Merged)
20230807,1757932356742140 ,IT,IT,,1/1/00 0:00,513.7667,491.9031,15/2/23 22:02,1.36,Auction Ads,auction_relation
20230807,1757932356742140 ,FR,FR,,1/1/00 0:00,513.7667,491.9031,15/2/23 22:02,1.97,Auction Ads,auction_relation
20230807,1757932356742140 ,AU,AU,,1/1/00 0:00,513.7667,491.9031,15/2/23 22:02,1.84,Auction Ads,auction_relation
20230807,1757932356742140 ,IE,IE,,1/1/00 0:00,513.7667,491.9031,15/2/23 22:02,1.52,Auction Ads,auction_relation
20230807,1749121094717550 ,US,USCA,,1/1/00 0:00,1752.2,419.9973,10/11/22 14:50,1.78,Auction Ads,auction_relation
20230807,1742842546611200 ,TR,TR,,1/1/00 0:00,1000,385.5232,2/9/22 8:35,1.63,RIE,Ad Group Recall (Merged)
20230807,1758841989024770 ,ES,ES,,1/1/00 0:00,840.134,491.9031,25/2/23 23:00,1.37,Auction Ads,auction_relation
20230807,1758841989024770 ,IE,IE,,1/1/00 0:00,840.134,491.9031,25/2/23 23:00,1.52,Auction Ads,auction_relation
20230807,1758841989024770 ,GB,GB,,1/1/00 0:00,840.134,491.9031,25/2/23 23:00,1.76,Auction Ads,auction_relation
20230807,1758841989024770 ,AU,AU,,1/1/00 0:00,840.134,491.9031,25/2/23 23:00,1.84,Auction Ads,auction_relation
20230807,1758841989024770 ,CA,USCA,,1/1/00 0:00,840.134,491.9031,25/2/23 23:00,1.78,Auction Ads,auction_relation
20230807,1758841989024770 ,FR,FR,,1/1/00 0:00,840.134,491.9031,25/2/23 23:00,1.97,Auction Ads,auction_relation
20230807,1758841989024770 ,DK,DK,,1/1/00 0:00,840.134,491.9031,25/2/23 23:00,1.31,Auction Ads,auction_relation
20230807,1758841989024770 ,BE,BE,,1/1/00 0:00,840.134,491.9031,25/2/23 23:00,1.15,Auction Ads,auction_relation
20230807,1758841989024770 ,US,USCA,,1/1/00 0:00,840.134,491.9031,25/2/23 23:00,1.78,Auction Ads,auction_relation
20230807,1758841989024770 ,PT,PT,,1/1/00 0:00,840.134,491.9031,25/2/23 23:00,1.98,Auction Ads,auction_relation
20230807,1758841989024770 ,NL,NL,,1/1/00 0:00,840.134,491.9031,25/2/23 23:00,1.19,Auction Ads,auction_relation
20230807,1758841989024770 ,IT,IT,,1/1/00 0:00,840.134,491.9031,25/2/23 23:00,1.36,Auction Ads,auction_relation
20230807,1759042115479580 ,AU,AU,,1/1/00 0:00,3021.0241,491.9031,28/2/23 4:00,1.84,Auction Ads,auction_relation
20230807,1759042115479580 ,GB,GB,,1/1/00 0:00,3021.0241,491.9031,28/2/23 4:00,1.76,Auction Ads,auction_relation
20230807,1759042115479580 ,US,USCA,,1/1/00 0:00,3021.0241,491.9031,28/2/23 4:00,1.78,Auction Ads,auction_relation
20230807,1759052112309280 ,NZ,NZ,,1/1/00 0:00,327.0125,491.9031,28/2/23 6:39,1.58,Auction Ads,auction_relation
20230807,1759116962271280 ,CA,USCA,,1/1/00 0:00,1018.348,491.9031,28/2/23 23:48,1.78,Auction Ads,auction_relation
20230807,1759116962271280 ,DE,DE,,1/1/00 0:00,1018.348,491.9031,28/2/23 23:48,1.01,Auction Ads,auction_relation
20230807,1759116962271280 ,NZ,NZ,,1/1/00 0:00,1018.348,491.9031,28/2/23 23:48,1.58,Auction Ads,auction_relation
20230807,1759116962271280 ,AU,AU,,1/1/00 0:00,1018.348,491.9031,28/2/23 23:48,1.84,Auction Ads,auction_relation
20230807,1759116962271280 ,FR,FR,,1/1/00 0:00,1018.348,491.9031,28/2/23 23:48,1.97,Auction Ads,auction_relation
20230807,1759116962271280 ,GB,GB,,1/1/00 0:00,1018.348,491.9031,28/2/23 23:48,1.76,Auction Ads,auction_relation
20230807,1759116962271280 ,IT,IT,,1/1/00 0:00,1018.348,491.9031,28/2/23 23:48,1.36,Auction Ads,auction_relation
20230807,1759116962271280 ,US,USCA,,1/1/00 0:00,1018.348,491.9031,28/2/23 23:48,1.78,Auction Ads,auction_relation
20230807,1759116962271280 ,IE,IE,,1/1/00 0:00,1018.348,491.9031,28/2/23 23:48,1.52,Auction Ads,auction_relation
20230807,1759116962271280 ,NL,NL,,1/1/00 0:00,1018.348,491.9031,28/2/23 23:48,1.19,Auction Ads,auction_relation
20230807,1772679242567690 ,IT,IT,,1/1/00 0:00,2324.2046,1917.3812,28/7/23 17:00,1.79,RIE,Ad Group Recall (Merged)
20230807,1760293313112080 ,GB,GB,,1/1/00 0:00,2964.4508,491.9031,13/3/23 23:28,1.76,Auction Ads,auction_relation
20230807,1760293313112080 ,AU,AU,,1/1/00 0:00,2964.4508,491.9031,13/3/23 23:28,1.84,Auction Ads,auction_relation
20230807,1760293602256930 ,US,USCA,,1/1/00 0:00,622.226,491.9031,13/3/23 23:33,1.78,Auction Ads,auction_relation
20230807,1760294805203980 ,IE,IE,,1/1/00 0:00,,491.9031,13/3/23 23:49,1.52,Auction Ads,auction_relation
20230807,1760294805203980 ,GB,GB,,1/1/00 0:00,,491.9031,13/3/23 23:49,1.76,Auction Ads,auction_relation
20230807,1760484982084600 ,AU,AU,,1/1/00 0:00,233.3293,491.9031,16/3/23 2:14,1.84,Auction Ads,auction_relation
20230807,1760495824804860 ,CA,US&CA,,1/1/00 0:00,6325.4787,491.9031,16/3/23 5:07,1.81,RIE,Ad Group Recall (Merged)
20230807,1741535615726620 ,US,USCA,,1/1/00 0:00,14.46,348.975,18/8/22 22:22,1.78,Auction Ads,auction_relation
20230807,1769996998069260 ,US,US&CA,,1/1/00 0:00,1186.6,1017.9128,29/6/23 2:01,1.81,RIE,Ad Group Recall (Merged)
20230807,1760840984381490 ,IE,IE,,1/1/00 0:00,325.4152,491.9031,20/3/23 0:27,1.52,Auction Ads,auction_relation
20230807,1760840984381490 ,NZ,NZ,,1/1/00 0:00,325.4152,491.9031,20/3/23 0:27,1.58,Auction Ads,auction_relation
20230807,1760840984381490 ,AU,AU,,1/1/00 0:00,325.4152,491.9031,20/3/23 0:27,1.84,Auction Ads,auction_relation
20230807,1760856548748300 ,US,US&CA,,1/1/00 0:00,5983.9367,491.9031,20/3/23 4:36,1.81,RIE,Ad Group Recall (Merged)
20230807,1759018756527150 ,PT,PT,,1/1/00 0:00,925.04,447.3783,27/2/23 20:39,1.98,Auction Ads,auction_relation
20230807,1752705823515640 ,TR,TR,,1/1/00 0:00,1464.43,385.5232,20/12/22 4:26,1.63,RIE,Ad Group Recall (Merged)
20230807,1762147719313440 ,GB,GB,,1/1/00 0:00,322.3229,491.9031,3/4/23 9:39,1.76,Auction Ads,auction_relation
20230807,1762305968288810 ,IE,IE,,1/1/00 0:00,668.734,491.9031,5/4/23 3:36,1.52,Auction Ads,auction_relation
20230807,1762305968288810 ,IE,IE,,1/1/00 0:00,668.734,491.9031,5/4/23 3:36,1.52,Auction Ads,auction_relation
20230807,1762305968288810 ,NZ,NZ,,1/1/00 0:00,668.734,491.9031,5/4/23 3:36,1.58,Auction Ads,auction_relation
20230807,1762305968288810 ,GB,GB,,1/1/00 0:00,668.734,491.9031,5/4/23 3:36,1.76,Auction Ads,auction_relation
20230807,1762305968288810 ,GB,GB,,1/1/00 0:00,668.734,491.9031,5/4/23 3:36,1.76,Auction Ads,auction_relation
20230807,1762305968288810 ,NZ,NZ,,1/1/00 0:00,668.734,491.9031,5/4/23 3:36,1.58,Auction Ads,auction_relation
20230807,1762305968288810 ,AU,AU,,1/1/00 0:00,668.734,491.9031,5/4/23 3:36,1.84,Auction Ads,auction_relation
20230807,1762305968288810 ,AU,AU,,1/1/00 0:00,668.734,491.9031,5/4/23 3:36,1.84,Auction Ads,auction_relation
20230807,1751998777581610 ,JP,JP,,1/1/00 0:00,0.07,341.3515,12/12/22 8:48,2.16,Auction Ads,auction_all
20230807,1756980506712080 ,KR,KR,,1/1/00 0:00,3957.89,367.8695,5/2/23 8:52,2.18,RIE,Ad Group Recall (Merged)
20230807,1763503099514920 ,US,USCA,,1/1/00 0:00,1319.1108,491.9031,18/4/23 8:38,1.78,Auction Ads,auction_relation
20230807,1764396652311600 ,CA,USCA,,1/1/00 0:00,1027.4423,491.9031,28/4/23 5:02,1.78,Auction Ads,auction_relation
20230807,1764396652311600 ,AU,AU,,1/1/00 0:00,1027.4423,491.9031,28/4/23 5:02,1.84,Auction Ads,auction_relation
20230807,1764396652311600 ,NZ,NZ,,1/1/00 0:00,1027.4423,491.9031,28/4/23 5:02,1.58,Auction Ads,auction_relation
20230807,1764396652311600 ,US,USCA,,1/1/00 0:00,1027.4423,491.9031,28/4/23 5:02,1.78,Auction Ads,auction_relation
20230807,1764396652311600 ,GB,GB,,1/1/00 0:00,1027.4423,491.9031,28/4/23 5:02,1.76,Auction Ads,auction_relation
20230807,1764396652311600 ,IE,IE,,1/1/00 0:00,1027.4423,491.9031,28/4/23 5:02,1.52,Auction Ads,auction_relation
20230807,1764773984971820 ,GB,GB,,1/1/00 0:00,1109.0187,491.9031,2/5/23 9:26,1.76,Auction Ads,auction_relation
20230807,1773022355738670 ,SE,Other,,1/1/00 0:00,301.43,2241.8323,1/8/23 11:30,1.62,RIE,Ad Group Recall (Merged)
20230807,1743775307926560 ,GB,GB,,1/1/00 0:00,1019.1801,233.3941,12/9/22 15:33,1.76,Auction Ads,auction_relation
20230807,1771418855592960 ,US,US&CA,,1/1/00 0:00,1376.69,1363.2864,20/7/23 14:00,1.81,RIE,Ad Group Recall (Merged)
20230807,1757939901383690 ,US,US&CA,,1/1/00 0:00,434.74,321.6439,16/2/23 16:01,1.81,RIE,Ad Group Recall (Merged)
20230807,1751029506218060 ,GB,GB,,1/1/00 0:00,567.1415,265.7619,2/12/22 11:00,1.76,Auction Ads,auction_relation
20230807,1752814842165250 ,GB,GB,,1/1/00 0:00,40.84,268.1763,21/12/22 9:18,1.76,Auction Ads,auction_relation
20230807,1754265971438600 ,NZ,Other,,1/1/00 0:00,1378,272.1258,6/1/23 9:38,1.62,RIE,Ad Group Recall (Merged)
20230807,1771371087969280 ,JP,JP,,1/1/00 0:00,698.04,1169.9681,14/7/23 15:00,3.21,RIE,Ad Group Recall (Merged)
20230807,1761068974614570 ,GB,GB,,1/1/00 0:00,483.6855,359.2102,22/3/23 11:50,1.72,RIE,Ad Group Recall (Merged)
20230807,1758127666701340 ,US,USCA,,1/1/00 0:00,305.23,295.6005,18/2/23 0:38,1.78,Auction Ads,auction_relation
20230807,1767197853017090 ,US,USCA,,1/1/00 0:00,1194.67,534.8736,29/5/23 3:23,1.78,Auction Ads,auction_relation
20230807,1754760413151230 ,US,US&CA,,1/1/00 0:00,0,237.1238,11/1/23 20:43,1.81,RIE,Ad Group Recall (Merged)
20230807,1766667297892350 ,AU,AU,,1/1/00 0:00,874.0534,491.9031,23/5/23 6:58,1.84,Auction Ads,auction_relation
20230807,1766667297892350 ,GB,GB,,1/1/00 0:00,874.0534,491.9031,23/5/23 6:58,1.76,Auction Ads,auction_relation
20230807,1766842628443130 ,IE,IE,,1/1/00 0:00,1235.497,491.9031,25/5/23 5:24,1.52,Auction Ads,auction_relation
20230807,1766842628443130 ,DE,DE,,1/1/00 0:00,1235.497,491.9031,25/5/23 5:24,1.01,Auction Ads,auction_relation
20230807,1766842628443130 ,NZ,NZ,,1/1/00 0:00,1235.497,491.9031,25/5/23 5:24,1.58,Auction Ads,auction_relation
20230807,1771897810561020 ,AU,AU,,1/1/00 0:00,395.131,1245.3725,20/7/23 0:26,1.84,Auction Ads,auction_relation
20230807,1761614031267870 ,US,USCA,,1/1/00 0:00,240.81,295.6005,28/3/23 13:18,1.78,Auction Ads,auction_relation
20230807,1761614115591180 ,US,USCA,,1/1/00 0:00,226.59,295.6005,28/3/23 13:21,1.78,Auction Ads,auction_relation
20230807,1757984920654880 ,JP,JP,,1/1/00 0:00,3937.26,230.5827,16/2/23 10:25,3.21,RIE,Ad Group Recall (Merged)
20230807,1731526320526400 ,TW,TW,,1/1/00 0:00,758.6,122.5774,30/4/22 16:00,2.59,RIE,Ad Group Recall (Merged)
20230807,1757931130541070 ,IE,Other,,1/1/00 0:00,199.46,222.449,15/2/23 20:42,1.62,RIE,Ad Group Recall (Merged)
20230807,1749648376390670 ,PL,PL,,1/1/00 0:00,173.0686,153.1449,19/11/22 10:27,1.84,RIE,Ad Group Recall (Merged)
20230807,1756557900984370 ,PT,PT,,1/1/00 0:00,45.4089,192.0947,31/1/23 16:47,1.98,Auction Ads,auction_relation
20230807,1749755230579710 ,US,USCA,,1/1/00 0:00,1327.9541,142.6482,17/11/22 14:45,1.78,Auction Ads,auction_relation
20230807,1767234953622530 ,UY,Other,,1/1/00 0:00,3599.2,461.6157,29/5/23 14:02,1.62,RIE,Ad Group Recall (Merged)
20230807,1767234953622530 ,AR,Other,,1/1/00 0:00,3599.2,461.6157,29/5/23 14:02,1.62,RIE,Ad Group Recall (Merged)
20230807,1767564604401680 ,US,USCA,,1/1/00 0:00,388.8952,491.9031,2/6/23 4:41,1.78,Auction Ads,auction_relation
20230807,1767564604401680 ,NZ,NZ,,1/1/00 0:00,388.8952,491.9031,2/6/23 4:41,1.58,Auction Ads,auction_relation
20230807,1767564604401680 ,GB,GB,,1/1/00 0:00,388.8952,491.9031,2/6/23 4:41,1.76,Auction Ads,auction_relation
20230807,1767564604401680 ,GB,GB,,1/1/00 0:00,388.8952,491.9031,2/6/23 4:41,1.76,Auction Ads,auction_relation
20230807,1767564604401680 ,US,USCA,,1/1/00 0:00,388.8952,491.9031,2/6/23 4:41,1.78,Auction Ads,auction_relation
20230807,1767564604401680 ,AU,AU,,1/1/00 0:00,388.8952,491.9031,2/6/23 4:41,1.84,Auction Ads,auction_relation
20230807,1770112959507490 ,JP,JP,,1/1/00 0:00,3410.88,779.08,30/6/23 7:48,3.21,RIE,Ad Group Recall (Merged)
20230807,1770113296570410 ,JP,JP,,1/1/00 0:00,1852.71,779.08,30/6/23 7:54,3.21,RIE,Ad Group Recall (Merged)
20230807,1743937131841550 ,PH,Other,,1/1/00 0:00,148.61,90.5328,14/9/22 9:04,1.62,RIE,Ad Group Recall (Merged)
20230807,1744479574482970 ,ID,ID,,1/1/00 0:00,283.72,90.5328,20/9/22 8:48,2.05,RIE,Ad Group Recall (Merged)
20230807,1769980683770880 ,MX,Other,,1/1/00 0:00,641.6295,768.6264,30/6/23 0:00,1.62,RIE,Ad Group Recall (Merged)
20230807,1760276318957580 ,US,USCA,,1/1/00 0:00,286.89,211.1661,13/3/23 18:53,1.78,Auction Ads,auction_relation
20230807,1742892349209610 ,KZ,Other,,1/1/00 0:00,295.5,70.1195,2/9/22 20:40,1.62,RIE,Ad Group Recall (Merged)
20230807,1735687722601480 ,ID,ID,,1/1/00 0:00,610.78,59.1464,15/6/22 8:08,2.05,RIE,Ad Group Recall (Merged)
20230807,1767671253944330 ,GB,GB,,1/1/00 0:00,,491.9031,3/6/23 8:55,1.76,Auction Ads,auction_relation
20230807,1767836160872460 ,AU,AU,,1/1/00 0:00,256.2123,491.9031,5/6/23 4:37,1.84,Auction Ads,auction_relation
20230807,1767839430224910 ,AU,AU,,1/1/00 0:00,,491.9031,5/6/23 5:27,1.84,Auction Ads,auction_relation
20230807,1767839430224910 ,GB,GB,,1/1/00 0:00,,491.9031,5/6/23 5:27,1.76,Auction Ads,auction_relation
20230807,1731175825575970 ,AT,AT,,1/1/00 0:00,98.8743,50.249,26/4/22 13:52,0.89,Auction Ads,auction_relation
20230807,1767839553995820 ,GB,GB,,1/1/00 0:00,2010.6721,491.9031,5/6/23 5:31,1.76,Auction Ads,auction_relation
20230807,1767839553995820 ,US,USCA,,1/1/00 0:00,2010.6721,491.9031,5/6/23 5:31,1.78,Auction Ads,auction_relation
20230807,1770391150656530 ,JP,JP,,1/1/00 0:00,416.51,779.08,3/7/23 9:30,3.21,RIE,Ad Group Recall (Merged)
20230807,1748832866234410 ,MY,MY,,1/1/00 0:00,215.05,90.5328,7/11/22 10:28,2.3,RIE,Ad Group Recall (Merged)
20230807,1751562831996920 ,US,USCA,,1/1/00 0:00,2299.9,100.6607,7/12/22 13:40,1.78,Auction Ads,auction_relation
20230807,1741325483580410 ,IL,IL,,1/1/00 0:00,77.09,54.43,16/8/22 14:42,1.52,Auction Ads,auction_relation
20230807,1747674685709340 ,JP,JP,,1/1/00 0:00,362.9,75.4708,25/10/22 15:39,3.21,RIE,Ad Group Recall (Merged)
20230807,1744551186157600 ,MX,Other,,1/1/00 0:00,50.09,60.6,21/9/22 5:12,1.62,RIE,Ad Group Recall (Merged)
20230807,1742775843663870 ,BR,BR,,1/1/00 0:00,52.3825,54.078,1/9/22 13:06,1.7,RIE,Ad Group Recall (Merged)
20230807,1752395303744560 ,NL,Other,,1/1/00 0:00,200.1927,104.4312,16/12/22 18:06,1.62,RIE,Ad Group Recall (Merged)
20230807,1752395303744560 ,UY,Other,,1/1/00 0:00,200.1927,104.4312,16/12/22 18:06,1.62,RIE,Ad Group Recall (Merged)
20230807,1752395303744560 ,EC,Other,,1/1/00 0:00,200.1927,104.4312,16/12/22 18:06,1.62,RIE,Ad Group Recall (Merged)
20230807,1752395303744560 ,AR,Other,,1/1/00 0:00,200.1927,104.4312,16/12/22 18:06,1.62,RIE,Ad Group Recall (Merged)
20230807,1752395303744560 ,CL,Other,,1/1/00 0:00,200.1927,104.4312,16/12/22 18:06,1.62,RIE,Ad Group Recall (Merged)
20230807,1746193492448270 ,ID,ID,,1/1/00 0:00,155.35,59.1464,9/10/22 7:17,2.05,RIE,Ad Group Recall (Merged)
20230807,1766146774015020 ,ID,ID,,1/1/00 0:00,1265.75,350.8854,17/5/23 13:00,2.05,RIE,Ad Group Recall (Merged)
20230807,1766146774015020 ,EC,Other,,1/1/00 0:00,1265.75,350.8854,17/5/23 13:00,1.62,RIE,Ad Group Recall (Merged)
20230807,1748451591952400 ,KZ,Other,,1/1/00 0:00,185.55,73.605,3/11/22 18:00,1.62,RIE,Ad Group Recall (Merged)
20230807,1745034358825000 ,SE,SE,,1/1/00 0:00,98.1491,50.249,26/9/22 13:06,1.4,Auction Ads,auction_relation
20230807,1748380230661120 ,KZ,Other,,1/1/00 0:00,104.01,73.605,3/11/22 18:00,1.62,RIE,Ad Group Recall (Merged)
20230807,1766762583198750 ,TW,TW,,1/1/00 0:00,390.38,372.1337,24/5/23 7:59,2.59,RIE,Ad Group Recall (Merged)
20230807,1751731776391160 ,DE,DE,,1/1/00 0:00,48.8196,83.9634,9/12/22 10:25,1.6,RIE,Ad Group Recall (Merged)
20230807,1745285335599100 ,SA,MENA,,1/1/00 0:00,378.16,45.8564,29/9/22 6:40,1.67,RIE,Ad Group Recall (Merged)
20230807,1749740121487370 ,KZ,Other,,1/1/00 0:00,290.04,73.605,17/11/22 10:42,1.62,RIE,Ad Group Recall (Merged)
20230807,1768092028277760 ,NZ,NZ,,1/1/00 0:00,642.2221,491.9031,8/6/23 0:14,1.58,Auction Ads,auction_relation
20230807,1768092028277760 ,DE,DE,,1/1/00 0:00,642.2221,491.9031,8/6/23 0:14,1.01,Auction Ads,auction_relation
20230807,1768092028277760 ,IE,IE,,1/1/00 0:00,642.2221,491.9031,8/6/23 0:14,1.52,Auction Ads,auction_relation
20230807,1753643103078440 ,KZ,Other,,1/1/00 0:00,275.1049,93.2792,30/12/22 12:46,1.62,RIE,Ad Group Recall (Merged)
20230807,1753643083089920 ,KZ,Other,,1/1/00 0:00,478.4571,93.2792,30/12/22 12:46,1.62,RIE,Ad Group Recall (Merged)
20230807,1745012960013310 ,BR,BR,,1/1/00 0:00,0,40.3804,26/9/22 13:30,1.7,RIE,Ad Group Recall (Merged)
20230807,1746422607379450 ,US,USCA,,1/1/00 0:00,0,45.9873,12/10/22 17:00,1.78,Auction Ads,auction_relation
20230807,1754695124292650 ,BR,BR,,1/1/00 0:00,70.3415,96.3143,11/1/23 3:10,1.7,RIE,Ad Group Recall (Merged)
20230807,1738752763259930 ,JP,JP,,1/1/00 0:00,2074.93,26.4105,19/7/22 4:11,3.21,RIE,Ad Group Recall (Merged)
20230807,1738753717751840 ,JP,JP,,1/1/00 0:00,1000,26.4105,19/7/22 4:26,3.21,RIE,Ad Group Recall (Merged)
20230807,1740940176813050 ,JP,JP,,1/1/00 0:00,3500,26.4105,12/8/22 7:38,3.21,RIE,Ad Group Recall (Merged)
20230807,1740941696579580 ,JP,JP,,1/1/00 0:00,6500,26.4105,12/8/22 8:03,3.21,RIE,Ad Group Recall (Merged)
20230807,1741207409056810 ,AU,AU,,1/1/00 0:00,38.1442,26.1167,15/8/22 5:41,1.84,Auction Ads,auction_relation
20230807,1734540074828800 ,ES,ES,,1/1/00 0:00,57.0615,17.8082,2/6/22 17:06,1.37,Auction Ads,auction_relation
20230807,1746589984944170 ,US,US&CA,,1/1/00 0:00,25.73,41.7864,13/10/22 17:05,1.81,RIE,Ad Group Recall (Merged)
20230807,1726297365386290 ,DE,DE,,1/1/00 0:00,21.1588,14.3719,6/3/22 16:33,1.01,Auction Ads,auction_relation
20230807,1746907327584300 ,ID,ID,,1/1/00 0:00,1036.54,41.4226,17/10/22 4:10,2.05,RIE,Ad Group Recall (Merged)
20230807,1745761761558560 ,DE,DE,,1/1/00 0:00,28.6537,37.19,4/10/22 13:51,1.01,Auction Ads,auction_relation
20230807,1745761761558560 ,SE,SE,,1/1/00 0:00,28.6537,37.19,4/10/22 13:51,1.4,Auction Ads,auction_relation
20230807,1745761761558560 ,NO,Others,,1/1/00 0:00,28.6537,37.19,4/10/22 13:51,1.56,Auction Ads,auction_all
20230807,1745761761558560 ,US,USCA,,1/1/00 0:00,28.6537,37.19,4/10/22 13:51,1.78,Auction Ads,auction_relation
20230807,1748321118781470 ,US,USCA,,1/1/00 0:00,97.97,54.4333,1/11/22 19:32,1.78,Auction Ads,auction_relation
20230807,1750111117945900 ,GR,Other,,1/1/00 0:00,66.9042,63.2937,21/11/22 13:02,1.62,RIE,Ad Group Recall (Merged)
20230807,1742654618720300 ,AU,AU,,1/1/00 0:00,46.004,26.3496,31/8/22 1:17,1.84,Auction Ads,auction_relation
20230807,1697827688798300 ,US,USCA,,1/1/00 0:00,0,8.4672,23/4/21 10:39,1.78,Auction Ads,auction_relation
20230807,1734559443498090 ,FR,FR,,1/1/00 0:00,13.8786,14.2482,2/6/22 22:19,1.97,Auction Ads,auction_relation
20230807,1734559443498090 ,FR,FR,,1/1/00 0:00,13.8786,14.2482,2/6/22 22:19,1.97,Auction Ads,auction_relation
20230807,1711596399836170 ,JP,JP,,1/1/00 0:00,0,8.4672,22/9/21 10:12,2.16,Auction Ads,auction_all
20230807,1711596396810240 ,GB,GB,,1/1/00 0:00,0,8.4672,22/9/21 10:12,1.76,Auction Ads,auction_relation
20230807,1711596396358670 ,TW,TW,,1/1/00 0:00,,8.4672,22/9/21 10:12,0.95,Auction Ads,auction_relation
20230807,1714640830094370 ,VN,VN,,1/1/00 0:00,8.3856,8.4394,26/10/21 0:37,2.13,RIE,Ad Group Recall (Merged)
20230807,1758387459887100 ,US,USCA,,1/1/00 0:00,122.41,119.3287,20/2/23 21:35,1.78,Auction Ads,auction_relation
20230807,1756716601372700 ,NL,Other,,1/1/00 0:00,716.66,100.6607,2/2/23 10:47,1.62,RIE,Ad Group Recall (Merged)
20230807,1738851630617600 ,VN,VN,,1/1/00 0:00,20.25,17.0811,20/7/22 6:12,2.13,RIE,Ad Group Recall (Merged)
20230807,1756721487228940 ,DE,DE,,1/1/00 0:00,456.3179,100.4725,2/2/23 12:00,1.6,RIE,Ad Group Recall (Merged)
20230807,1753491656383530 ,US,US&CA,,1/1/00 0:00,75.2,79.493,1/1/23 6:00,1.81,RIE,Ad Group Recall (Merged)
20230807,1743706312157230 ,BH,Others,,1/1/00 0:00,49.51,21.2778,11/9/22 20:15,1.56,Auction Ads,auction_all
20230807,1743706312157230 ,KW,Others,,1/1/00 0:00,49.51,21.2778,11/9/22 20:15,1.56,Auction Ads,auction_all
20230807,1759845805055020 ,US,USCA,,1/1/00 0:00,796.85,146.2086,8/3/23 23:52,1.78,Auction Ads,auction_relation
20230807,1700465777924140 ,US,US&CA,,1/1/00 0:00,0,0.0013,22/5/21 14:10,1.81,RIE,Ad Group Recall (Merged)
20230807,1769894051321890 ,US,US&CA,,1/1/00 0:00,769.85,672.6048,28/6/23 6:00,1.81,RIE,Ad Group Recall (Merged)
20230807,1750285454738430 ,IT,IT,,1/1/00 0:00,54.1946,54.7065,30/11/22 11:09,1.79,RIE,Ad Group Recall (Merged)
20230807,1743929265968120 ,VN,VN,,1/1/00 0:00,62.47,16.9982,14/9/22 7:22,2.13,RIE,Ad Group Recall (Merged)
20230807,1746374175325230 ,PH,Other,,1/1/00 0:00,200,26.2295,11/10/22 7:06,1.62,RIE,Ad Group Recall (Merged)
20230807,1743931917036540 ,VN,VN,,1/1/00 0:00,61.15,16.9982,14/9/22 8:02,2.13,RIE,Ad Group Recall (Merged)
20230807,1741949537913850 ,TR,TR,,1/1/00 0:00,27.9043,12.5139,23/8/22 11:00,1.63,RIE,Ad Group Recall (Merged)
20230807,1730682441306140 ,EG,MENA,,1/1/00 0:00,,1.1131,21/4/22 2:12,1.78,Auction Ads,auction_relation
20230807,1730682441306140 ,ZA,ZA,,1/1/00 0:00,,1.1131,21/4/22 2:12,1.4,Auction Ads,auction_relation
20230807,1730682441306140 ,KW,Others,,1/1/00 0:00,,1.1131,21/4/22 2:12,1.56,Auction Ads,auction_all
20230807,1730682441306140 ,TR,TR,,1/1/00 0:00,,1.1131,21/4/22 2:12,0.83,Auction Ads,auction_relation
20230807,1730682441306140 ,KH,KH,,1/1/00 0:00,,1.1131,21/4/22 2:12,1.5,Auction Ads,auction_relation
20230807,1747192297944080 ,NL,Other,,1/1/00 0:00,54.9202,27.5936,20/10/22 8:43,1.62,RIE,Ad Group Recall (Merged)
20230807,1738152322446330 ,SA,MENA,,1/1/00 0:00,15.49,4.3885,12/7/22 13:51,1.67,RIE,Ad Group Recall (Merged)
20230807,1760999367826480 ,US,USCA,,1/1/00 0:00,354.87,160.3781,21/3/23 16:59,1.78,Auction Ads,auction_relation
20230807,1757284631803900 ,KZ,Other,,1/1/00 0:00,278.9487,93.2792,8/2/23 17:25,1.62,RIE,Ad Group Recall (Merged)
20230807,1741907050549240 ,AU,AU,,1/1/00 0:00,1.4186,11.0697,23/8/22 0:10,1.84,Auction Ads,auction_relation
20230807,1740654497157120 ,MY,MY,,1/1/00 0:00,2.73,6.0989,9/8/22 3:55,2.3,RIE,Ad Group Recall (Merged)
20230807,1755463765826560 ,US,USCA,,1/1/00 0:00,244.03,78.4598,19/1/23 15:01,1.78,Auction Ads,auction_relation
20230807,1736022440976400 ,ID,ID,,1/1/00 0:00,11.9267,1.1131,19/6/22 0:46,1.8,Auction Ads,auction_relation
20230807,1736022440976400 ,ID,ID,,1/1/00 0:00,11.9267,1.1131,19/6/22 0:46,1.8,Auction Ads,auction_relation
20230807,1753230825739310 ,SA,MENA,,1/1/00 0:00,134.5726,63.5257,25/12/22 23:27,1.67,RIE,Ad Group Recall (Merged)
20230807,1746283332921360 ,TH,TH,,1/1/00 0:00,8.0387,19.8357,10/10/22 7:05,1.87,RIE,Ad Group Recall (Merged)
20230807,1740216655110190 ,VN,VN,,1/1/00 0:00,45.1834,3.7051,4/8/22 7:56,2.13,RIE,Ad Group Recall (Merged)
20230807,1753584437628970 ,BR,BR,,1/1/00 0:00,40.6885,61.3266,29/12/22 21:03,1.99,Auction Ads,auction_all
20230807,1761150968758280 ,PH,Other,,1/1/00 0:00,436.52,154.7922,23/3/23 9:26,1.62,RIE,Ad Group Recall (Merged)
20230807,1741324547664910 ,HU,Other,,1/1/00 0:00,0,0,16/8/22 14:26,1.62,RIE,Ad Group Recall (Merged)
20230807,1755970433993760 ,KZ,Other,,1/1/00 0:00,73.49,73.605,25/1/23 5:12,1.62,RIE,Ad Group Recall (Merged)
20230807,1757781453518860 ,KR,KR,,1/1/00 0:00,1932.61,90.3848,14/2/23 3:52,2.18,RIE,Ad Group Recall (Merged)
20230807,1749646923949090 ,IQ,Other,,1/1/00 0:00,180.78,35.0105,16/11/22 10:07,1.62,RIE,Ad Group Recall (Merged)
20230807,1748471992819710 ,GR,GR,,1/1/00 0:00,64.6376,25.6255,3/11/22 10:38,2.11,Auction Ads,auction_relation
20230807,1745791880014860 ,BR,BR,,1/1/00 0:00,18.5822,7.163,4/10/22 20:47,1.99,Auction Ads,auction_all
20230807,1745792181026840 ,BR,BR,,1/1/00 0:00,10.7079,7.163,4/10/22 20:56,1.99,Auction Ads,auction_all
20230807,1749467526901800 ,CA,US&CA,,1/1/00 0:00,69.68,28.0307,14/11/22 10:13,1.81,RIE,Ad Group Recall (Merged)
20230807,1747215448801280 ,ID,ID,,1/1/00 0:00,411.33,10.1723,20/10/22 14:02,2.05,RIE,Ad Group Recall (Merged)
20230807,1749854258405390 ,CO,Other,,1/1/00 0:00,17.33,29.8187,18/11/22 16:39,1.62,RIE,Ad Group Recall (Merged)
20230807,1747082679390220 ,PH,Other,,1/1/00 0:00,17.8825,9.1154,19/10/22 2:38,1.62,RIE,Ad Group Recall (Merged)
20230807,1745649667901470 ,VN,VN,,1/1/00 0:00,5.5,2.2101,3/10/22 7:05,2.13,RIE,Ad Group Recall (Merged)
20230807,1745649685675050 ,VN,VN,,1/1/00 0:00,7.92,2.2101,3/10/22 7:05,2.13,RIE,Ad Group Recall (Merged)
20230807,1745649670819840 ,VN,VN,,1/1/00 0:00,4.45,2.2101,3/10/22 7:05,2.13,RIE,Ad Group Recall (Merged)
20230807,1745649668323370 ,VN,VN,,1/1/00 0:00,8.47,2.2101,3/10/22 7:05,2.13,RIE,Ad Group Recall (Merged)
20230807,1745649673377820 ,VN,VN,,1/1/00 0:00,9.51,2.2101,3/10/22 7:05,2.13,RIE,Ad Group Recall (Merged)
20230807,1751430987040770 ,IQ,Other,,1/1/00 0:00,75.22,35.0105,6/12/22 2:30,1.62,RIE,Ad Group Recall (Merged)
20230807,1753694134372400 ,US,USCA,,1/1/00 0:00,50.85,49.7286,31/12/22 2:15,1.78,Auction Ads,auction_relation
20230807,1753694134372400 ,US,USCA,,1/1/00 0:00,50.85,49.7286,31/12/22 2:15,1.78,Auction Ads,auction_relation
20230807,1745836804327420 ,RO,Other,,1/1/00 0:00,5.5113,2.6592,5/10/22 9:31,1.62,RIE,Ad Group Recall (Merged)
20230807,1752090548688940 ,VN,VN,,1/1/00 0:00,111.44,37.0592,13/12/22 9:28,2.13,RIE,Ad Group Recall (Merged)
20230807,1765610056862720 ,US,US&CA,,1/1/00 0:00,2717.47,272.5212,11/5/23 15:51,1.81,RIE,Ad Group Recall (Merged)
20230807,1756084185186350 ,BR,BR,,1/1/00 0:00,7.8291,61.3266,26/1/23 11:18,1.99,Auction Ads,auction_all
20230807,1756084185186350 ,BR,BR,,1/1/00 0:00,7.8291,61.3266,26/1/23 11:18,1.99,Auction Ads,auction_all
20230807,1747442092138490 ,CA,US&CA,,1/1/00 0:00,83.73,4.6466,23/10/22 3:03,1.81,RIE,Ad Group Recall (Merged)
20230807,1746438905994280 ,RO,Other,,1/1/00 0:00,1.0612,1.1225,12/10/22 1:19,1.62,RIE,Ad Group Recall (Merged)
20230807,1749129855689740 ,VN,VN,,1/1/00 0:00,21.0646,20.549,10/11/22 17:08,2.14,Auction Ads,auction_relation
20230807,1749129855689740 ,VN,VN,,1/1/00 0:00,21.0646,20.549,10/11/22 17:08,2.14,Auction Ads,auction_relation
20230807,1752097687092270 ,ID,ID,,1/1/00 0:00,32.4217,32.7277,13/12/22 8:41,1.8,Auction Ads,auction_relation
20230807,1756084987904050 ,BR,BR,,1/1/00 0:00,0.2716,61.3266,26/1/23 11:38,1.99,Auction Ads,auction_all
20230807,1756084987904050 ,BR,BR,,1/1/00 0:00,0.2716,61.3266,26/1/23 11:38,1.99,Auction Ads,auction_all
20230807,1756084987904050 ,BR,BR,,1/1/00 0:00,0.2716,61.3266,26/1/23 11:38,1.99,Auction Ads,auction_all
20230807,1747026552741920 ,IQ,Other,,1/1/00 0:00,6.47,1.7797,18/10/22 12:55,1.62,RIE,Ad Group Recall (Merged)
20230807,1764358872701950 ,CL,Other,,1/1/00 0:00,675.41,227.1897,27/4/23 20:14,1.62,RIE,Ad Group Recall (Merged)
20230807,1749726237740060 ,ID,ID,,1/1/00 0:00,216.52,21.3666,17/11/22 6:54,2.05,RIE,Ad Group Recall (Merged)
20230807,1750799687780400 ,BR,BR,,1/1/00 0:00,22.46,25.8731,29/11/22 3:26,1.7,RIE,Ad Group Recall (Merged)
20230807,1756638893576220 ,FI,Other,,1/1/00 0:00,69.87,62.3429,1/2/23 14:16,1.62,RIE,Ad Group Recall (Merged)
20230807,1748941076740110 ,BR,BR,,1/1/00 0:00,18.0196,16.753,8/11/22 15:08,1.99,Auction Ads,auction_all
20230807,1756709199241230 ,FI,Other,,1/1/00 0:00,49.46,62.3429,2/2/23 8:59,1.62,RIE,Ad Group Recall (Merged)
20230807,1748850395143180 ,FR,FR,,1/1/00 0:00,0,14.065,7/11/22 15:08,1.97,Auction Ads,auction_relation
20230807,1748850393472030 ,AU,AU,,1/1/00 0:00,25.4,14.065,7/11/22 15:08,1.84,Auction Ads,auction_relation
20230807,1756692675973120 ,US,USCA,,1/1/00 0:00,39.85,59.9489,2/2/23 4:35,1.78,Auction Ads,auction_relation
20230807,1748504382575640 ,BR,BR,,1/1/00 0:00,5.0175,11.8184,3/11/22 19:17,1.7,RIE,Ad Group Recall (Merged)
20230807,1748470152945690 ,PH,Other,,1/1/00 0:00,101.1,9.9139,3/11/22 10:20,1.62,RIE,Ad Group Recall (Merged)
20230807,1748504956642330 ,BR,BR,,1/1/00 0:00,9.3962,11.8184,3/11/22 19:30,1.7,RIE,Ad Group Recall (Merged)
20230807,1747924530167820 ,GB,GB,,1/1/00 0:00,6.3745,8.1978,28/10/22 10:50,1.72,RIE,Ad Group Recall (Merged)
20230807,1756445187683320 ,SG,Other,,1/1/00 0:00,57.6896,56.2146,30/1/23 11:01,1.62,RIE,Ad Group Recall (Merged)
20230807,1760976594035740 ,TW,TW,,1/1/00 0:00,146.16,127.1832,21/3/23 11:27,0.95,Auction Ads,auction_relation
20230807,1752919567486970 ,BY,Other,,1/1/00 0:00,245.5215,33.6157,22/12/22 13:05,1.62,RIE,Ad Group Recall (Merged)
20230807,1760632000182270 ,US,US&CA,,1/1/00 0:00,489.56,119.8248,17/3/23 20:25,1.81,RIE,Ad Group Recall (Merged)
20230807,1757375215196160 ,BR,BR,,1/1/00 0:00,80.6897,61.3266,9/2/23 17:22,1.99,Auction Ads,auction_all
20230807,1757375215196160 ,BR,BR,,1/1/00 0:00,80.6897,61.3266,9/2/23 17:22,1.99,Auction Ads,auction_all
20230807,1757375262394410 ,BR,BR,,1/1/00 0:00,33.5747,61.3266,9/2/23 17:27,1.99,Auction Ads,auction_all
20230807,1757375262394410 ,BR,BR,,1/1/00 0:00,33.5747,61.3266,9/2/23 17:27,1.99,Auction Ads,auction_all
20230807,1757375304404010 ,BR,BR,,1/1/00 0:00,139.0969,61.3266,9/2/23 17:28,1.99,Auction Ads,auction_all
20230807,1750082890862640 ,ID,ID,,1/1/00 0:00,13.2711,13.0584,21/11/22 5:18,1.8,Auction Ads,auction_relation
20230807,1752612444950540 ,GB,GB,,1/1/00 0:00,47.215,27.9809,19/12/22 3:31,1.76,Auction Ads,auction_relation
20230807,1750728641507370 ,ES,ES,,1/1/00 0:00,21.7585,14.7644,28/11/22 8:40,1.79,RIE,Ad Group Recall (Merged)
20230807,1747917364345890 ,KR,KR,,1/1/00 0:00,111.97,0.9989,28/10/22 7:59,2.18,RIE,Ad Group Recall (Merged)
20230807,1747917556892690 ,KR,KR,,1/1/00 0:00,106.76,0.9989,28/10/22 8:02,2.18,RIE,Ad Group Recall (Merged)
20230807,1771377321483290 ,CA,US&CA,,1/1/00 0:00,2028.33,923.7005,14/7/23 6:40,1.81,RIE,Ad Group Recall (Merged)
20230807,1770569646753790 ,ID,ID,,1/1/00 0:00,617.87,877.0792,12/7/23 16:00,2.05,RIE,Ad Group Recall (Merged)
20230807,1749580532019200 ,DE,DE,,1/1/00 0:00,647.3531,5.6168,15/11/22 16:23,1.6,RIE,Ad Group Recall (Merged)
20230807,1759174062569470 ,TH,TH,,1/1/00 0:00,494.7942,91.9579,2/3/23 17:15,1.64,Auction Ads,auction_relation
20230807,1759716892227600 ,GB,GB,,1/1/00 0:00,480.09,97.4994,7/3/23 13:38,1.72,RIE,Ad Group Recall (Merged)
20230807,1755150904151080 ,VN,VN,,1/1/00 0:00,20.32,37.0592,16/1/23 4:11,2.13,RIE,Ad Group Recall (Merged)
20230807,1752204606395410 ,FR,FR,,1/1/00 0:00,177.52,14.065,14/12/22 15:40,1.97,Auction Ads,auction_relation
20230807,1758427519966250 ,GB,GB,,1/1/00 0:00,35.2271,64.9643,21/2/23 8:10,1.72,RIE,Ad Group Recall (Merged)
20230807,1772619567589420 ,SA,MENA,,1/1/00 0:00,1513.17,1447.4545,28/7/23 0:42,1.67,RIE,Ad Group Recall (Merged)
20230807,1752290021498880 ,CA,USCA,,1/1/00 0:00,50.85,14.065,15/12/22 14:14,1.78,Auction Ads,auction_relation
20230807,1752291697528840 ,KR,KR,,1/1/00 0:00,66.71,14.065,15/12/22 14:42,2.37,Auction Ads,auction_relation
20230807,1752292739659790 ,JP,JP,,1/1/00 0:00,232.26,14.065,15/12/22 14:56,3.21,RIE,Ad Group Recall (Merged)
20230807,1752293078025260 ,AU,AU,,1/1/00 0:00,0,14.065,15/12/22 15:04,1.84,Auction Ads,auction_relation
20230807,1757279104938030 ,US,USCA,,1/1/00 0:00,0,45.9873,9/2/23 14:00,1.78,Auction Ads,auction_relation
20230807,1758428353822760 ,NL,Other,,1/1/00 0:00,49.31,62.3429,21/2/23 8:25,1.62,RIE,Ad Group Recall (Merged)
20230807,1750662847735840 ,SA,MENA,,1/1/00 0:00,2.23,2.6671,27/11/22 13:15,1.67,RIE,Ad Group Recall (Merged)
20230807,1750662847735840 ,ZA,Other,,1/1/00 0:00,2.23,2.6671,27/11/22 13:15,1.62,RIE,Ad Group Recall (Merged)
20230807,1751460326182910 ,KH,Other,,1/1/00 0:00,34.88,5.1224,6/12/22 10:29,1.62,RIE,Ad Group Recall (Merged)
20230807,1769125183672360 ,US,US&CA,,1/1/00 0:00,200.84,534.8736,19/6/23 9:49,1.81,RIE,Ad Group Recall (Merged)
20230807,1756651173862440 ,US,US&CA,,1/1/00 0:00,73.22,39.8457,1/2/23 17:24,1.81,RIE,Ad Group Recall (Merged)
20230807,1751628609130510 ,PL,PL,,1/1/00 0:00,6.3628,5.115,8/12/22 7:02,1.64,Auction Ads,auction_relation
20230807,1757381206057000 ,BR,BR,,1/1/00 0:00,186.6741,46.1766,9/2/23 18:59,1.7,RIE,Ad Group Recall (Merged)
20230807,1757467625601040 ,US,USCA,,1/1/00 0:00,54.1,47.3598,10/2/23 17:54,1.78,Auction Ads,auction_relation
20230807,1771445683115020 ,US,US&CA,,1/1/00 0:00,1156.06,1017.6897,18/7/23 15:00,1.81,RIE,Ad Group Recall (Merged)
20230807,1754408188894220 ,SA,MENA,,1/1/00 0:00,52.3,22.4124,7/1/23 23:20,1.67,RIE,Ad Group Recall (Merged)
20230807,1753077996950570 ,TH,TH,,1/1/00 0:00,22.6151,14.3576,24/12/22 7:02,1.87,RIE,Ad Group Recall (Merged)
20230807,1754655260434480 ,US,US&CA,,1/1/00 0:00,18.83,22.7266,10/1/23 16:53,1.81,RIE,Ad Group Recall (Merged)
20230807,1753335021082640 ,CA,US&CA,,1/1/00 0:00,9.4667,15.0622,27/12/22 3:04,1.81,RIE,Ad Group Recall (Merged)
20230807,1757366554571790 ,FI,Other,,1/1/00 0:00,33.7344,41.696,9/2/23 15:00,1.62,RIE,Ad Group Recall (Merged)
20230807,1754655288517660 ,US,US&CA,,1/1/00 0:00,20.39,22.7266,10/1/23 16:54,1.81,RIE,Ad Group Recall (Merged)
20230807,1752291915437050 ,PH,Other,,1/1/00 0:00,27.3328,7.6549,15/12/22 14:43,1.62,RIE,Ad Group Recall (Merged)
20230807,1751838093374480 ,TR,TR,,1/1/00 0:00,2.471,2.6817,10/12/22 14:33,0.83,Auction Ads,auction_relation
20230807,1760421681415210 ,JP,JP,,1/1/00 0:00,490.39,93.8033,15/3/23 8:28,3.21,RIE,Ad Group Recall (Merged)
20230807,1751564466196510 ,TH,TH,,1/1/00 0:00,0.8906,0.6414,7/12/22 14:05,1.64,Auction Ads,auction_relation
20230807,1754314944225330 ,ES,ES,,1/1/00 0:00,32.4554,19.9794,6/1/23 22:43,1.79,RIE,Ad Group Recall (Merged)
20230807,1760423359780880 ,JP,JP,,1/1/00 0:00,981.72,93.8033,15/3/23 8:55,3.21,RIE,Ad Group Recall (Merged)
20230807,1752067469125640 ,BR,BR,,1/1/00 0:00,10.3272,1.0858,13/12/22 3:10,1.7,RIE,Ad Group Recall (Merged)
20230807,1759385789931520 ,BR,BR,,1/1/00 0:00,133.8754,77.5279,3/3/23 21:45,1.99,Auction Ads,auction_all
20230807,1759385789931520 ,BR,BR,,1/1/00 0:00,133.8754,77.5279,3/3/23 21:45,1.99,Auction Ads,auction_all
20230807,1756187207259180 ,MA,Other,,1/1/00 0:00,29.05,29.2513,27/1/23 14:18,1.62,RIE,Ad Group Recall (Merged)
20230807,1758872436434970 ,ID,ID,,1/1/00 0:00,249.57,59.1464,26/2/23 6:03,2.05,RIE,Ad Group Recall (Merged)
20230807,1759150484825080 ,TR,TR,,1/1/00 0:00,19.46,67.5172,1/3/23 7:42,1.63,RIE,Ad Group Recall (Merged)
20230807,1757905358670880 ,GB,GB,,1/1/00 0:00,4.4511,40.4278,15/2/23 13:44,1.72,RIE,Ad Group Recall (Merged)
20230807,1756646282028080 ,PT,Other,,1/1/00 0:00,37.5592,24.1736,1/2/23 11:42,1.62,RIE,Ad Group Recall (Merged)
20230807,1761032285339660 ,BR,BR,,1/1/00 0:00,105.5835,96.3143,22/3/23 3:07,1.7,RIE,Ad Group Recall (Merged)
20230807,1761349791131680 ,DE,DE,,1/1/00 0:00,163.9078,102.645,25/3/23 14:03,1.01,Auction Ads,auction_relation
20230807,1761349791131680 ,DE,DE,,1/1/00 0:00,163.9078,102.645,25/3/23 14:03,1.01,Auction Ads,auction_relation
20230807,1754109869709330 ,BR,BR,,1/1/00 0:00,5.0876,7.2111,4/1/23 20:00,1.7,RIE,Ad Group Recall (Merged)
20230807,1771300491324460 ,BR,BR,,1/1/00 0:00,65.28,1145.4041,22/7/23 3:00,1.43,Non-Auction Ads,R&F
20230807,1755268633280540 ,MY,MY,,1/1/00 0:00,161.68,11.971,17/1/23 11:20,2.3,RIE,Ad Group Recall (Merged)
20230807,1762955994924080 ,SE,Other,,1/1/00 0:00,296.2188,138.5412,12/4/23 8:49,1.62,RIE,Ad Group Recall (Merged)
20230807,1755184457795610 ,DE,DE,,1/1/00 0:00,14.3691,10.3156,16/1/23 11:54,1.6,RIE,Ad Group Recall (Merged)
20230807,1763501882892300 ,ID,ID,,1/1/00 0:00,89.87,150.8887,18/4/23 8:25,2.05,RIE,Ad Group Recall (Merged)
20230807,1756714501022730 ,TH,TH,,1/1/00 0:00,24.3268,20.0529,2/2/23 10:19,1.64,Auction Ads,auction_relation
20230807,1768839155166210 ,AU,AU,,1/1/00 0:00,907.4307,491.9031,16/6/23 6:18,1.84,Auction Ads,auction_relation
20230807,1754707654111250 ,PK,PK,,1/1/00 0:00,12.9872,5.5423,11/1/23 6:43,1.36,Auction Ads,auction_relation
20230807,1754707654111250 ,PK,PK,,1/1/00 0:00,12.9872,5.5423,11/1/23 6:43,1.36,Auction Ads,auction_relation
20230807,1755783400698920 ,AU,AU,,1/1/00 0:00,,10.6874,23/1/23 4:43,1.84,Auction Ads,auction_relation
20230807,1755783492044850 ,AU,AU,,1/1/00 0:00,,10.6874,23/1/23 4:46,1.84,Auction Ads,auction_relation
20230807,1760994279224360 ,US,USCA,,1/1/00 0:00,112.05,108.3464,3/4/23 14:00,1.78,Auction Ads,auction_relation
20230807,1760991196939310 ,US,USCA,,1/1/00 0:00,142.81,108.3464,3/4/23 14:00,1.78,Auction Ads,auction_relation
20230807,1758615751622680 ,ID,ID,,1/1/00 0:00,89.02,41.4226,23/2/23 17:00,2.05,RIE,Ad Group Recall (Merged)
20230807,1760994106822680 ,US,USCA,,1/1/00 0:00,91.67,108.3464,3/4/23 14:00,1.78,Auction Ads,auction_relation
20230807,1757813436066860 ,US,US&CA,,1/1/00 0:00,50.16,29.6084,14/2/23 13:32,1.81,RIE,Ad Group Recall (Merged)
20230807,1760921937079290 ,US,USCA,,1/1/00 0:00,182.32,108.3464,3/4/23 14:00,1.78,Auction Ads,auction_relation
20230807,1764682998318110 ,SA,MENA,,1/1/00 0:00,76.29,186.7024,1/5/23 9:09,1.78,Auction Ads,auction_relation
20230807,1760922155540530 ,US,USCA,,1/1/00 0:00,184.39,108.3464,3/4/23 14:00,1.78,Auction Ads,auction_relation
20230807,1764683434675230 ,SA,MENA,,1/1/00 0:00,78.57,186.7024,1/5/23 9:27,1.78,Auction Ads,auction_relation
20230807,1755383545159690 ,BR,BR,,1/1/00 0:00,13.7743,5.6342,18/1/23 21:00,1.99,Auction Ads,auction_all
20230807,1763751570093090 ,PH,Other,,1/1/00 0:00,402.38,151.4392,21/4/23 2:35,1.62,RIE,Ad Group Recall (Merged)
20230807,1760991303012360 ,US,USCA,,1/1/00 0:00,194.07,108.3464,3/4/23 14:00,1.78,Auction Ads,auction_relation
20230807,1760991303012360 ,US,USCA,,1/1/00 0:00,194.07,108.3464,3/4/23 14:00,1.78,Auction Ads,auction_relation
20230807,1760992860320780 ,US,USCA,,1/1/00 0:00,197.33,108.3464,3/4/23 14:00,1.78,Auction Ads,auction_relation
20230807,1755307624728610 ,BR,BR,,1/1/00 0:00,0.8475,3.037,17/1/23 21:41,1.99,Auction Ads,auction_all
20230807,1764780754444320 ,SA,MENA,,1/1/00 0:00,184.46,186.7024,2/5/23 11:12,1.78,Auction Ads,auction_relation
20230807,1755308185512970 ,BR,BR,,1/1/00 0:00,4.0053,3.037,17/1/23 21:49,1.99,Auction Ads,auction_all
20230807,1760992820980780 ,US,USCA,,1/1/00 0:00,7.24,108.3464,3/4/23 14:00,1.78,Auction Ads,auction_relation
20230807,1760992820980780 ,US,USCA,,1/1/00 0:00,7.24,108.3464,3/4/23 14:00,1.78,Auction Ads,auction_relation
20230807,1754781549341690 ,BR,BR,,1/1/00 0:00,0,0.0511,12/1/23 2:20,1.7,RIE,Ad Group Recall (Merged)
20230807,1760366691144720 ,AE,MENA,,1/1/00 0:00,63.4313,69.3943,14/3/23 18:51,1.67,RIE,Ad Group Recall (Merged)
20230807,1760366691144720 ,ZA,Other,,1/1/00 0:00,63.4313,69.3943,14/3/23 18:51,1.62,RIE,Ad Group Recall (Merged)
20230807,1757414259811360 ,KR,KR,,1/1/00 0:00,7.21,19.3627,10/2/23 15:00,2.18,RIE,Ad Group Recall (Merged)
20230807,1756201633394720 ,BR,BR,,1/1/00 0:00,7.8596,7.8423,27/1/23 18:25,1.99,Auction Ads,auction_all
20230807,1760830886456350 ,NZ,NZ,,1/1/00 0:00,65.91,76.619,19/3/23 21:40,1.58,Auction Ads,auction_relation
20230807,1760830886456350 ,AU,AU,,1/1/00 0:00,65.91,76.619,19/3/23 21:40,1.84,Auction Ads,auction_relation
20230807,1760830886456350 ,GB,GB,,1/1/00 0:00,65.91,76.619,19/3/23 21:40,1.76,Auction Ads,auction_relation
20230807,1755394544759840 ,US,US&CA,,1/1/00 0:00,0.55,0.1024,18/1/23 20:37,1.81,RIE,Ad Group Recall (Merged)
20230807,1759966248975390 ,PH,Other,,1/1/00 0:00,218.42,59.7165,10/3/23 7:46,1.62,RIE,Ad Group Recall (Merged)
20230807,1755804249820170 ,TR,TR,,1/1/00 0:00,8.3799,2.4514,23/1/23 9:13,1.63,RIE,Ad Group Recall (Merged)
20230807,1755739393351690 ,TH,TH,,1/1/00 0:00,,0.6414,22/1/23 15:41,1.87,RIE,Ad Group Recall (Merged)
20230807,1755739393351690 ,TH,TH,,1/1/00 0:00,,0.6414,22/1/23 15:41,1.64,Auction Ads,auction_relation
20230807,1758447624814600 ,US,US&CA,,1/1/00 0:00,65.979,30.0659,21/2/23 12:52,1.81,RIE,Ad Group Recall (Merged)
20230807,1755777653913630 ,US,US&CA,,1/1/00 0:00,0.65,0.1024,23/1/23 2:14,1.81,RIE,Ad Group Recall (Merged)
20230807,1757793563345950 ,KW,Others,,1/1/00 0:00,19.18,20.7392,14/2/23 8:13,1.56,Auction Ads,auction_all
20230807,1757793563345950 ,SA,MENA,,1/1/00 0:00,19.18,20.7392,14/2/23 8:13,1.78,Auction Ads,auction_relation
20230807,1757793563345950 ,AE,MENA,,1/1/00 0:00,19.18,20.7392,14/2/23 8:13,1.78,Auction Ads,auction_relation
20230807,1757793563345950 ,AE,MENA,,1/1/00 0:00,19.18,20.7392,14/2/23 8:13,1.78,Auction Ads,auction_relation
20230807,1766949204944890 ,US,USCA,,1/1/00 0:00,3004.96,276.1723,26/5/23 10:38,1.78,Auction Ads,auction_relation
20230807,1759191999918080 ,US,USCA,,1/1/00 0:00,48.58,47.917,1/3/23 18:10,1.78,Auction Ads,auction_relation
20230807,1764129058930730 ,ID,ID,,1/1/00 0:00,807.53,151.4392,25/4/23 6:36,2.05,RIE,Ad Group Recall (Merged)
20230807,1756859233547310 ,ID,ID,,1/1/00 0:00,7.3083,6.3558,4/2/23 0:43,2.05,RIE,Ad Group Recall (Merged)
20230807,1756859241117740 ,ID,ID,,1/1/00 0:00,2.2567,6.3558,4/2/23 0:43,2.05,RIE,Ad Group Recall (Merged)
20230807,1756859247280140 ,ID,ID,,1/1/00 0:00,3.4883,6.3558,4/2/23 0:43,2.05,RIE,Ad Group Recall (Merged)
20230807,1757511022254110 ,US,US&CA,,1/1/00 0:00,5.18,12.533,11/2/23 5:25,1.81,RIE,Ad Group Recall (Merged)
20230807,1762913454343170 ,US,US&CA,,1/1/00 0:00,198.08,119.1063,11/4/23 21:28,1.81,RIE,Ad Group Recall (Merged)
20230807,1765262418483200 ,GB,GB,,1/1/00 0:00,804.59,190.5254,7/5/23 18:45,1.72,RIE,Ad Group Recall (Merged)
20230807,1758584997743660 ,SA,MENA,,1/1/00 0:00,22.52,25.8731,23/2/23 1:54,1.67,RIE,Ad Group Recall (Merged)
20230807,1759245008103470 ,TW,TW,,1/1/00 0:00,139.48,43.964,2/3/23 8:44,2.59,RIE,Ad Group Recall (Merged)
20230807,1759385272057900 ,DE,DE,,1/1/00 0:00,1621.631,46.4226,3/3/23 23:45,1.6,RIE,Ad Group Recall (Merged)
20230807,1758037675135010 ,CA,US&CA,,1/1/00 0:00,31.7042,18.8483,17/2/23 0:51,1.81,RIE,Ad Group Recall (Merged)
20230807,1758438254643230 ,VN,VN,,1/1/00 0:00,100.53,21.9777,21/2/23 11:02,2.13,RIE,Ad Group Recall (Merged)
20230807,1759081547993090 ,KR,KR,,1/1/00 0:00,55.1514,35.0253,28/2/23 13:25,2.37,Auction Ads,auction_relation
20230807,1757722483956780 ,IL,IL,,1/1/00 0:00,17.19,9.5842,13/2/23 13:21,1.22,RIE,Ad Group Recall (Merged)
20230807,1769110098498590 ,AU,AU,,1/1/00 0:00,264.7904,491.9031,19/6/23 6:06,1.84,Auction Ads,auction_relation
20230807,1769110098498590 ,DE,DE,,1/1/00 0:00,264.7904,491.9031,19/6/23 6:06,1.01,Auction Ads,auction_relation
20230807,1769110098498590 ,IE,IE,,1/1/00 0:00,264.7904,491.9031,19/6/23 6:06,1.52,Auction Ads,auction_relation
20230807,1769110098498590 ,IT,IT,,1/1/00 0:00,264.7904,491.9031,19/6/23 6:06,1.36,Auction Ads,auction_relation
20230807,1769110098498590 ,FR,FR,,1/1/00 0:00,264.7904,491.9031,19/6/23 6:06,1.97,Auction Ads,auction_relation
20230807,1769110098498590 ,GB,GB,,1/1/00 0:00,264.7904,491.9031,19/6/23 6:06,1.76,Auction Ads,auction_relation
20230807,1758603155084320 ,KR,KR,,1/1/00 0:00,173.1047,23.1782,23/2/23 6:42,2.18,RIE,Ad Group Recall (Merged)
20230807,1756949503092750 ,US,USCA,,1/1/00 0:00,1.777,2.0252,4/2/23 23:45,1.78,Auction Ads,auction_relation
20230807,1769313536632830 ,NO,Other,,1/1/00 0:00,301.56,512.6437,21/6/23 12:50,1.62,RIE,Ad Group Recall (Merged)
20230807,1769313536632830 ,GB,GB,,1/1/00 0:00,301.56,512.6437,21/6/23 12:50,1.72,RIE,Ad Group Recall (Merged)
20230807,1758606267191290 ,KR,KR,,1/1/00 0:00,72.8877,23.1782,23/2/23 7:16,2.18,RIE,Ad Group Recall (Merged)
20230807,1757728572132380 ,BR,BR,,1/1/00 0:00,10.2199,7.8423,13/2/23 14:43,1.99,Auction Ads,auction_all
20230807,1757752851331120 ,PL,PL,,1/1/00 0:00,1.3455,7.2392,13/2/23 20:48,1.64,Auction Ads,auction_relation
20230807,1757721472168970 ,BR,BR,,1/1/00 0:00,22.7377,5.3382,13/2/23 13:01,1.7,RIE,Ad Group Recall (Merged)
20230807,1769887970612270 ,US,USCA,,1/1/00 0:00,256.52,573.675,27/6/23 18:39,1.78,Auction Ads,auction_relation
20230807,1769887970612270 ,US,USCA,,1/1/00 0:00,256.52,573.675,27/6/23 18:39,1.78,Auction Ads,auction_relation
20230807,1765382533725210 ,US,US&CA,,1/1/00 0:00,145.44,185.5277,9/5/23 3:22,1.81,RIE,Ad Group Recall (Merged)
20230807,1760018625562620 ,US,USCA,,1/1/00 0:00,0,45.9873,10/3/23 21:42,1.78,Auction Ads,auction_relation
20230807,1758968063079450 ,VN,VN,,1/1/00 0:00,0.3134,25.475,27/2/23 7:18,2.14,Auction Ads,auction_relation
20230807,1759316926569520 ,PH,Other,,1/1/00 0:00,95.47,35.0024,3/3/23 3:36,1.62,RIE,Ad Group Recall (Merged)
20230807,1767466869357580 ,US,US&CA,,1/1/00 0:00,301.63,294.1394,1/6/23 3:42,1.81,RIE,Ad Group Recall (Merged)
20230807,1758080438957070 ,BR,,,1/1/00 0:00,8.3486,7.8423,17/2/23 11:49,1.05,Shopping Ads,Shopping Ad Group
20230807,1757813481345020 ,KW,Other,,1/1/00 0:00,1.03,2.6671,14/2/23 11:32,1.62,RIE,Ad Group Recall (Merged)
20230807,1757710401673210 ,ZA,Other,,1/1/00 0:00,,0,13/2/23 21:59,1.62,RIE,Ad Group Recall (Merged)
20230807,1759044551874590 ,JP,JP,,1/1/00 0:00,25.0434,20.9576,28/2/23 15:00,2.16,Auction Ads,auction_all
20230807,1758426038543360 ,MY,MY,,1/1/00 0:00,10.3779,4.466,21/2/23 7:48,2.31,Auction Ads,auction_relation
20230807,1759331228964860 ,PH,Other,,1/1/00 0:00,60.31,27.1674,3/3/23 7:31,1.62,RIE,Ad Group Recall (Merged)
20230807,1758428309283880 ,JP,JP,,1/1/00 0:00,21.97,3.3451,21/2/23 8:11,2.16,Auction Ads,auction_all
20230807,1760292900041760 ,US,USCA,,1/1/00 0:00,,36.5871,13/3/23 23:19,1.78,Auction Ads,auction_relation
20230807,1758815841718270 ,US,US&CA,,1/1/00 0:00,0,8.0085,25/2/23 15:02,1.81,RIE,Ad Group Recall (Merged)
20230807,1759017935225850 ,RO,Other,,1/1/00 0:00,2.3023,14.0067,27/2/23 20:34,1.62,RIE,Ad Group Recall (Merged)
20230807,1760430334697470 ,GB,GB,,1/1/00 0:00,25.3719,40.8307,15/3/23 10:30,1.76,Auction Ads,auction_relation
20230807,1762504948247630 ,FR,FR,,1/1/00 0:00,53.3333,87.8311,7/4/23 9:05,1.97,Auction Ads,auction_relation
20230807,1759706396405790 ,US,US&CA,,1/1/00 0:00,18.94,27.5196,7/3/23 10:56,1.81,RIE,Ad Group Recall (Merged)
20230807,1759089248181240 ,ID,ID,,1/1/00 0:00,150,14.8845,28/2/23 15:27,2.05,RIE,Ad Group Recall (Merged)
20230807,1758516196122670 ,SA,MENA,,1/1/00 0:00,2.39,1.6209,22/2/23 16:00,1.67,RIE,Ad Group Recall (Merged)
20230807,1758629024212010 ,RO,Other,,1/1/00 0:00,3.4512,3.2868,23/2/23 13:30,1.62,RIE,Ad Group Recall (Merged)
20230807,1759352023642110 ,VN,VN,,1/1/00 0:00,43.64,21.9777,3/3/23 13:06,2.13,RIE,Ad Group Recall (Merged)
20230807,1765335655178250 ,TR,TR,,1/1/00 0:00,41.3241,167.9856,8/5/23 14:12,1.63,RIE,Ad Group Recall (Merged)
20230807,1764954240539760 ,PH,Other,,1/1/00 0:00,101.53,151.4392,4/5/23 9:07,1.62,RIE,Ad Group Recall (Merged)
20230807,1762965090915370 ,ID,ID,,1/1/00 0:00,80.48,90.5328,12/4/23 10:09,2.05,RIE,Ad Group Recall (Merged)
20230807,1760428518669310 ,SA,MENA,,1/1/00 0:00,100.91,32.1776,15/3/23 10:11,1.67,RIE,Ad Group Recall (Merged)
20230807,1759613695219760 ,TW,TW,,1/1/00 0:00,35.91,18.9125,6/3/23 16:00,2.59,RIE,Ad Group Recall (Merged)
20230807,1761868771706910 ,DK,DK,,1/1/00 0:00,58.5613,57.8361,31/3/23 8:45,1.31,Auction Ads,auction_relation
20230807,1760485052275710 ,US,USCA,,1/1/00 0:00,96.08,32.2826,16/3/23 2:11,1.78,Auction Ads,auction_relation
20230807,1760485052275710 ,US,USCA,,1/1/00 0:00,96.08,32.2826,16/3/23 2:11,1.78,Auction Ads,auction_relation
20230807,1759997531288610 ,VN,VN,,1/1/00 0:00,75.97,21.9777,10/3/23 16:00,2.13,RIE,Ad Group Recall (Merged)
20230807,1761157002511390 ,TR,TR,,1/1/00 0:00,112.1368,45.6554,23/3/23 11:12,1.63,RIE,Ad Group Recall (Merged)
20230807,1759643648463880 ,US,USCA,,1/1/00 0:00,14.964,16.7614,6/3/23 18:21,1.78,Auction Ads,auction_relation
20230807,1759819751628830 ,BR,BR,,1/1/00 0:00,0,19.5978,8/3/23 16:59,1.99,Auction Ads,auction_all
20230807,1760334772518930 ,ID,ID,,1/1/00 0:00,224.75,26.7104,14/3/23 9:26,2.05,RIE,Ad Group Recall (Merged)
20230807,1760801587350540 ,SA,MENA,,1/1/00 0:00,385.91,35.1365,19/3/23 12:44,1.67,RIE,Ad Group Recall (Merged)
20230807,1759174688546810 ,MY,MY,,1/1/00 0:00,33.1492,10.4503,1/3/23 13:28,2.31,Auction Ads,auction_relation
20230807,1759701568862220 ,TH,TH,,1/1/00 0:00,37.355,16.7614,7/3/23 9:42,1.64,Auction Ads,auction_relation
20230807,1761189558286350 ,CO,CO,,1/1/00 0:00,19.84,44.5637,23/3/23 20:49,1.93,Auction Ads,auction_all
20230807,1761189558286350 ,CL,CL,,1/1/00 0:00,19.84,44.5637,23/3/23 20:49,1.85,Auction Ads,auction_all
20230807,1761581650304030 ,PH,Other,,1/1/00 0:00,785.99,46.7672,28/3/23 3:43,1.62,RIE,Ad Group Recall (Merged)
20230807,1765318696340480 ,PH,Other,,1/1/00 0:00,179.75,154.7922,8/5/23 9:38,1.62,RIE,Ad Group Recall (Merged)
20230807,1759139642031150 ,TH,TH,,1/1/00 0:00,5.667,6.5937,1/3/23 3:57,1.87,RIE,Ad Group Recall (Merged)
20230807,1763474040569850 ,US,US&CA,,1/1/00 0:00,163.97,94.2117,18/4/23 2:04,1.81,RIE,Ad Group Recall (Merged)
20230807,1762862020600840 ,ID,ID,,1/1/00 0:00,327.87,78.2613,11/4/23 6:58,2.05,RIE,Ad Group Recall (Merged)
20230807,1771737651016750 ,VN,VN,,1/1/00 0:00,1509.42,923.7005,18/7/23 6:09,2.14,Auction Ads,auction_relation
20230807,1771737651016750 ,TH,TH,,1/1/00 0:00,1509.42,923.7005,18/7/23 6:09,1.64,Auction Ads,auction_relation
20230807,1771737651016750 ,ID,ID,,1/1/00 0:00,1509.42,923.7005,18/7/23 6:09,1.8,Auction Ads,auction_relation
20230807,1771737651016750 ,MY,MY,,1/1/00 0:00,1509.42,923.7005,18/7/23 6:09,2.31,Auction Ads,auction_relation
20230807,1762864464425000 ,ID,ID,,1/1/00 0:00,79.42,78.2613,11/4/23 7:37,2.05,RIE,Ad Group Recall (Merged)
20230807,1764185248838670 ,US,US&CA,,1/1/00 0:00,294.82,112.3795,25/4/23 21:53,1.81,RIE,Ad Group Recall (Merged)
20230807,1761806018822140 ,ES,ES,,1/1/00 0:00,72.9524,52.0002,3/4/23 9:05,1.79,RIE,Ad Group Recall (Merged)
20230807,1761551428881440 ,US,US&CA,,1/1/00 0:00,98.68,41.3729,27/3/23 20:43,1.81,RIE,Ad Group Recall (Merged)
20230807,1759981349426190 ,NL,NL,,1/1/00 0:00,51.8379,12.0785,10/3/23 11:17,1.19,Auction Ads,auction_relation
20230807,1761076241030200 ,GB,GB,,1/1/00 0:00,25.4992,34.3601,22/3/23 13:43,1.76,Auction Ads,auction_relation
20230807,1768505402434610 ,GB,GB,,1/1/00 0:00,531.1364,395.5505,12/6/23 14:35,1.76,Auction Ads,auction_relation
20230807,1761892014346240 ,BE,Other,,1/1/00 0:00,63.709,45.1536,31/3/23 15:00,1.62,RIE,Ad Group Recall (Merged)
20230807,1764165922287640 ,KR,KR,,1/1/00 0:00,1878.53,106.4576,25/4/23 16:20,2.18,RIE,Ad Group Recall (Merged)
20230807,1761136801230880 ,MY,MY,,1/1/00 0:00,734.08,31.362,23/3/23 5:52,2.3,RIE,Ad Group Recall (Merged)
20230807,1760870502250530 ,TH,TH,,1/1/00 0:00,27.3964,23.3673,20/3/23 7:13,1.87,RIE,Ad Group Recall (Merged)
20230807,1766333968716800 ,US,USCA,,1/1/00 0:00,744.5596,190.1781,19/5/23 15:37,1.78,Auction Ads,auction_relation
20230807,1759701387422730 ,BR,BR,,1/1/00 0:00,0.44,2.1288,7/3/23 9:37,1.7,RIE,Ad Group Recall (Merged)
20230807,1759637669466140 ,MY,MY,,1/1/00 0:00,3.8466,1.6519,6/3/23 22:31,2.3,RIE,Ad Group Recall (Merged)
20230807,1760204151601160 ,MX,Other,,1/1/00 0:00,11.6571,6.6961,12/3/23 22:39,1.62,RIE,Ad Group Recall (Merged)
20230807,1763042976413730 ,TW,TW,,1/1/00 0:00,0,71.4482,13/4/23 3:56,0.95,Auction Ads,auction_relation
20230807,1760323519928350 ,ID,ID,,1/1/00 0:00,84.93,8.3335,14/3/23 6:25,2.05,RIE,Ad Group Recall (Merged)
20230807,1760022651424800 ,TH,TH,,1/1/00 0:00,30.5957,3.8016,10/3/23 22:42,1.64,Auction Ads,auction_relation
20230807,1760228390361080 ,SA,MENA,,1/1/00 0:00,1.48,4.0035,13/3/23 5:16,1.67,RIE,Ad Group Recall (Merged)
20230807,1759721879019520 ,AE,MENA,,1/1/00 0:00,0,0.0136,7/3/23 15:06,1.67,RIE,Ad Group Recall (Merged)
20230807,1760986747293730 ,ES,ES,,1/1/00 0:00,23.3304,20.7821,21/3/23 12:54,1.79,RIE,Ad Group Recall (Merged)
20230807,1760987028632590 ,ES,ES,,1/1/00 0:00,33.3873,20.7821,21/3/23 14:13,1.79,RIE,Ad Group Recall (Merged)
20230807,1760538470151180 ,GR,Other,,1/1/00 0:00,13.9657,12.2282,16/3/23 15:20,1.62,RIE,Ad Group Recall (Merged)
20230807,1760538470151180 ,GR,Other,,1/1/00 0:00,13.9657,12.2282,16/3/23 15:20,1.62,RIE,Ad Group Recall (Merged)
20230807,1760335897416700 ,ID,ID,,1/1/00 0:00,27.7,6.4172,14/3/23 9:44,1.8,Auction Ads,auction_relation
20230807,1760522247147550 ,VN,VN,,1/1/00 0:00,290.82,10.186,16/3/23 11:02,2.13,RIE,Ad Group Recall (Merged)
20230807,1761864189877280 ,MY,MY,,1/1/00 0:00,15.7975,30.3334,31/3/23 6:35,2.31,Auction Ads,auction_relation
20230807,1761217379088430 ,ID,ID,,1/1/00 0:00,32.2488,22.249,24/3/23 3:07,2.05,RIE,Ad Group Recall (Merged)
20230807,1760580723717120 ,ID,ID,,1/1/00 0:00,0,6.4172,17/3/23 2:25,1.8,Auction Ads,auction_relation
20230807,1761172160982030 ,MX,MX,,1/1/00 0:00,29.33,18.1818,23/3/23 15:04,1.99,Auction Ads,auction_all
20230807,1760612322069530 ,SA,MENA,,1/1/00 0:00,9.03,5.4777,17/3/23 10:57,1.67,RIE,Ad Group Recall (Merged)
20230807,1761056410110000 ,IT,IT,,1/1/00 0:00,11.01,14.7046,22/3/23 9:27,1.79,RIE,Ad Group Recall (Merged)
20230807,1761056410110000 ,ZA,Other,,1/1/00 0:00,11.01,14.7046,22/3/23 9:27,1.62,RIE,Ad Group Recall (Merged)
20230807,1764449567071250 ,MX,MX,,1/1/00 0:00,245.2641,112.7955,1/5/23 6:00,1.99,Auction Ads,auction_all
20230807,1764238137455630 ,TH,TH,,1/1/00 0:00,204.3747,92.7415,26/4/23 11:27,1.64,Auction Ads,auction_relation
20230807,1761191309814810 ,TR,TR,,1/1/00 0:00,17.992,15.7975,23/3/23 19:20,0.83,Auction Ads,auction_relation
20230807,1761149325500410 ,ID,ID,,1/1/00 0:00,13.2944,11.7774,23/3/23 9:09,1.8,Auction Ads,auction_relation
20230807,1768865283718190 ,IQ,Other,,1/1/00 0:00,1767.98,414.6908,16/6/23 14:11,1.62,RIE,Ad Group Recall (Merged)
20230807,1762981113611280 ,IT,IT,,1/1/00 0:00,54.3771,54.9826,12/4/23 15:21,1.79,RIE,Ad Group Recall (Merged)
20230807,1761918788496410 ,MX,Other,,1/1/00 0:00,50.8564,22.4254,1/4/23 6:00,1.62,RIE,Ad Group Recall (Merged)
20230807,1761528427668490 ,ZA,Other,,1/1/00 0:00,11.38,14.7046,27/3/23 14:35,1.62,RIE,Ad Group Recall (Merged)
20230807,1763434144141340 ,BR,BR,,1/1/00 0:00,60.0103,61.3266,17/4/23 14:29,1.99,Auction Ads,auction_all
20230807,1763434144141340 ,BR,BR,,1/1/00 0:00,60.0103,61.3266,17/4/23 14:29,1.99,Auction Ads,auction_all
20230807,1760948661713920 ,VN,VN,,1/1/00 0:00,10.8862,3.5494,21/3/23 3:48,2.13,RIE,Ad Group Recall (Merged)
20230807,1763163897736200 ,ES,ES,,1/1/00 0:00,153.2958,57.8402,14/4/23 15:54,1.37,Auction Ads,auction_relation
20230807,1762049369442350 ,IL,IL,,1/1/00 0:00,19.53,21.5247,2/4/23 8:38,1.52,Auction Ads,auction_relation
20230807,1763434215622650 ,BR,BR,,1/1/00 0:00,1.0969,61.3266,17/4/23 14:31,1.99,Auction Ads,auction_all
20230807,1763434215622650 ,BR,BR,,1/1/00 0:00,1.0969,61.3266,17/4/23 14:31,1.99,Auction Ads,auction_all
20230807,1771068446135290 ,BR,BR,,1/1/00 0:00,781.2923,701.7887,10/7/23 20:50,1.99,Auction Ads,auction_all
20230807,1762464101394460 ,BR,BR,,1/1/00 0:00,1685.6417,42.6926,10/4/23 3:01,1.99,Auction Ads,auction_all
20230807,1761871071323180 ,TH,TH,,1/1/00 0:00,219.78,16.6002,31/3/23 8:02,1.87,RIE,Ad Group Recall (Merged)
20230807,1765051830868000 ,SE,Other,,1/1/00 0:00,303.4077,112.496,5/5/23 11:32,1.62,RIE,Ad Group Recall (Merged)
20230807,1772400336301080 ,BR,BR,,1/1/00 0:00,525.5584,1179.5168,25/7/23 13:38,1.99,Auction Ads,auction_all
20230807,1763073746121770 ,GB,GB,,1/1/00 0:00,101.3822,52.575,13/4/23 15:56,1.76,Auction Ads,auction_relation
20230807,1763073746769920 ,GB,GB,,1/1/00 0:00,93.2372,52.575,13/4/23 15:56,1.76,Auction Ads,auction_relation
20230807,1764405462146090 ,BR,BR,,1/1/00 0:00,442.209,96.3143,28/4/23 6:31,1.7,RIE,Ad Group Recall (Merged)
20230807,1770133913980930 ,DE,DE,,1/1/00 0:00,91.8634,550.6885,30/6/23 23:05,1.6,RIE,Ad Group Recall (Merged)
20230807,1770133913980930 ,DE,DE,,1/1/00 0:00,91.8634,550.6885,30/6/23 23:05,1.01,Auction Ads,auction_relation
20230807,1770133913980930 ,DE,DE,,1/1/00 0:00,91.8634,550.6885,30/6/23 23:05,1.6,RIE,Ad Group Recall (Merged)
20230807,1762864040980510 ,PH,Other,,1/1/00 0:00,687.37,40.9874,11/4/23 7:26,1.62,RIE,Ad Group Recall (Merged)
20230807,1761630180148240 ,VN,VN,,1/1/00 0:00,37.7634,8.5154,28/3/23 15:42,2.14,Auction Ads,auction_relation
20230807,1764873122034690 ,FR,FR,,1/1/00 0:00,164.8381,101.404,3/5/23 12:25,1.97,Auction Ads,auction_relation
20230807,1762341263694890 ,US,US&CA,,1/1/00 0:00,203.2277,30.9157,5/4/23 13:54,1.81,RIE,Ad Group Recall (Merged)
20230807,1762528030090240 ,US,USCA,,1/1/00 0:00,21.3,35.0026,7/4/23 14:30,1.78,Auction Ads,auction_relation
20230807,1762549417567280 ,US,USCA,,1/1/00 0:00,13.82,35.0026,7/4/23 20:15,1.78,Auction Ads,auction_relation
20230807,1761209089244170 ,MY,MY,,1/1/00 0:00,16.77,2.5882,24/3/23 1:04,2.3,RIE,Ad Group Recall (Merged)
20230807,1763640699539470 ,FR,FR,,1/1/00 0:00,76.9179,60.2939,19/4/23 23:01,1.97,Auction Ads,auction_relation
20230807,1763640699539470 ,FR,FR,,1/1/00 0:00,76.9179,60.2939,19/4/23 23:01,1.97,Auction Ads,auction_relation
20230807,1762813234782240 ,CA,USCA,,1/1/00 0:00,78.6,35.4097,10/4/23 19:01,1.78,Auction Ads,auction_relation
20230807,1769814579851260 ,GB,GB,,1/1/00 0:00,96.5566,491.9031,27/6/23 0:43,1.76,Auction Ads,auction_relation
20230807,1769814579851260 ,DE,DE,,1/1/00 0:00,96.5566,491.9031,27/6/23 0:43,1.01,Auction Ads,auction_relation
20230807,1769814579851260 ,NZ,NZ,,1/1/00 0:00,96.5566,491.9031,27/6/23 0:43,1.58,Auction Ads,auction_relation
20230807,1769814579851260 ,IE,IE,,1/1/00 0:00,96.5566,491.9031,27/6/23 0:43,1.52,Auction Ads,auction_relation
20230807,1762219832707090 ,PE,Other,,1/1/00 0:00,20.48,21.106,4/4/23 4:48,1.62,RIE,Ad Group Recall (Merged)
20230807,1763070519096330 ,AE,MENA,,1/1/00 0:00,79.7372,42.1698,13/4/23 13:19,1.67,RIE,Ad Group Recall (Merged)
20230807,1761649468862460 ,BR,BR,,1/1/00 0:00,24.1015,3.037,28/3/23 21:39,1.99,Auction Ads,auction_all
20230807,1761650335945740 ,BR,BR,,1/1/00 0:00,0.8003,3.037,28/3/23 21:55,1.99,Auction Ads,auction_all
20230807,1761650536602640 ,BR,BR,,1/1/00 0:00,0.7654,3.037,28/3/23 22:00,1.99,Auction Ads,auction_all
20230807,1761651081421840 ,BR,BR,,1/1/00 0:00,0.593,3.037,28/3/23 22:08,1.99,Auction Ads,auction_all
20230807,1762124449547310 ,PH,Other,,1/1/00 0:00,17.8278,9.1154,3/4/23 2:49,1.62,RIE,Ad Group Recall (Merged)
20230807,1761651803139100 ,BR,BR,,1/1/00 0:00,0.987,3.037,28/3/23 22:20,1.99,Auction Ads,auction_all
20230807,1761652519882780 ,BR,BR,,1/1/00 0:00,0.9542,3.037,28/3/23 22:23,1.99,Auction Ads,auction_all
20230807,1762551161234450 ,US,US&CA,,1/1/00 0:00,29.53,28.7087,7/4/23 21:30,1.81,RIE,Ad Group Recall (Merged)
20230807,1761865260196860 ,GB,GB,,1/1/00 0:00,0.046,3.264,31/3/23 7:46,1.76,Auction Ads,auction_relation
20230807,1762858324878330 ,GB,GB,,1/1/00 0:00,49.81,29.2517,11/4/23 5:53,1.76,Auction Ads,auction_relation
20230807,1762905545451560 ,BR,BR,,1/1/00 0:00,10.1179,31.9185,11/4/23 18:28,1.7,RIE,Ad Group Recall (Merged)
20230807,1762859662423090 ,SA,MENA,,1/1/00 0:00,39.52,29.2517,11/4/23 6:02,1.78,Auction Ads,auction_relation
20230807,1762119996467200 ,JP,JP,,1/1/00 0:00,137.74,5.3805,3/4/23 2:21,2.16,Auction Ads,auction_all
20230807,1763042104125470 ,ID,ID,,1/1/00 0:00,72.07,33.5139,13/4/23 6:30,2.05,RIE,Ad Group Recall (Merged)
20230807,1762516265469980 ,NL,Other,,1/1/00 0:00,20.9197,22.1662,7/4/23 12:20,1.62,RIE,Ad Group Recall (Merged)
20230807,1763042347611150 ,ID,ID,,1/1/00 0:00,87.85,33.5139,13/4/23 6:40,2.05,RIE,Ad Group Recall (Merged)
20230807,1762175641412640 ,BR,BR,,1/1/00 0:00,2.3488,9.5609,3/4/23 16:51,1.99,Auction Ads,auction_all
20230807,1762215801009180 ,SA,MENA,,1/1/00 0:00,32.8682,11.8504,4/4/23 3:28,1.67,RIE,Ad Group Recall (Merged)
20230807,1762933383723050 ,CA,USCA,,1/1/00 0:00,99.66,29.2517,12/4/23 1:42,1.78,Auction Ads,auction_relation
20230807,1761993307350030 ,BR,BR,,1/1/00 0:00,0,0,1/4/23 16:42,1.7,RIE,Ad Group Recall (Merged)
20230807,1762311278264350 ,TH,TH,,1/1/00 0:00,98.99,16.6002,5/4/23 4:43,1.87,RIE,Ad Group Recall (Merged)
20230807,1762229187785730 ,MX,MX,,1/1/00 0:00,17.8035,11.4714,4/4/23 7:18,1.99,Auction Ads,auction_all
20230807,1762159126144040 ,BR,BR,,1/1/00 0:00,8.7235,3.3706,3/4/23 12:44,1.7,RIE,Ad Group Recall (Merged)
20230807,1764157228327930 ,GB,GB,,1/1/00 0:00,43.9868,59.6675,25/4/23 13:24,1.76,Auction Ads,auction_relation
20230807,1766784515791920 ,TR,TR,,1/1/00 0:00,395.0426,167.9856,24/5/23 14:02,1.63,RIE,Ad Group Recall (Merged)
20230807,1762144246652960 ,TH,TH,,1/1/00 0:00,,0,3/4/23 8:06,1.87,RIE,Ad Group Recall (Merged)
20230807,1762849464048650 ,PE,Other,,1/1/00 0:00,33.87,21.106,11/4/23 3:33,1.62,RIE,Ad Group Recall (Merged)
20230807,1762368885023790 ,US,USCA,,1/1/00 0:00,202.15,14.1267,5/4/23 21:10,1.78,Auction Ads,auction_relation
20230807,1763048860569600 ,DE,DE,,1/1/00 0:00,39.98,29.2517,13/4/23 8:02,1.01,Auction Ads,auction_relation
20230807,1763048860569600 ,DE,DE,,1/1/00 0:00,39.98,29.2517,13/4/23 8:02,1.01,Auction Ads,auction_relation
20230807,1763917208843310 ,US,USCA,,1/1/00 0:00,36.98,48.812,22/4/23 23:22,1.78,Auction Ads,auction_relation
20230807,1762370056796190 ,US,USCA,,1/1/00 0:00,141.03,14.1267,5/4/23 21:34,1.78,Auction Ads,auction_relation
20230807,1763815543832600 ,PE,PE,,1/1/00 0:00,75.56,46.3866,21/4/23 17:58,1.68,Auction Ads,auction_all
20230807,1762204272842750 ,VN,VN,,1/1/00 0:00,8.5082,0.567,4/4/23 0:39,2.14,Auction Ads,auction_relation
20230807,1762428717953070 ,GB,GB,,1/1/00 0:00,8.86,10.1894,6/4/23 11:59,1.76,Auction Ads,auction_relation
20230807,1762191814903850 ,BR,BR,,1/1/00 0:00,4.1384,3.2246,4/4/23 20:59,1.7,RIE,Ad Group Recall (Merged)
20230807,1762825528966170 ,US,USCA,,1/1/00 0:00,98.34,14.1267,10/4/23 22:13,1.78,Auction Ads,auction_relation
20230807,1762212345085970 ,PH,Other,,1/1/00 0:00,,0.322,4/4/23 2:54,1.62,RIE,Ad Group Recall (Merged)
20230807,1762212363103230 ,PH,Other,,1/1/00 0:00,,0.322,4/4/23 2:54,1.62,RIE,Ad Group Recall (Merged)
20230807,1762212345647120 ,PH,Other,,1/1/00 0:00,,0.322,4/4/23 2:54,1.62,RIE,Ad Group Recall (Merged)
20230807,1762212340356130 ,PH,Other,,1/1/00 0:00,,0.322,4/4/23 2:54,1.62,RIE,Ad Group Recall (Merged)
20230807,1762487260411920 ,VN,VN,,1/1/00 0:00,19.43,9.5483,7/4/23 3:35,2.13,RIE,Ad Group Recall (Merged)
20230807,1769822696293410 ,OM,Other,,1/1/00 0:00,535.72,471.1267,27/6/23 2:39,1.62,RIE,Ad Group Recall (Merged)
20230807,1769822696293410 ,SA,MENA,,1/1/00 0:00,535.72,471.1267,27/6/23 2:39,1.67,RIE,Ad Group Recall (Merged)
20230807,1762360330051610 ,BR,BR,,1/1/00 0:00,0.4795,6.1661,5/4/23 18:02,1.7,RIE,Ad Group Recall (Merged)
20230807,1766741788394540 ,KR,KR,,1/1/00 0:00,98.27,153.1102,24/5/23 3:44,2.18,RIE,Ad Group Recall (Merged)
20230807,1763603827216400 ,GB,GB,,1/1/00 0:00,38.4147,34.3601,19/4/23 12:26,1.76,Auction Ads,auction_relation
20230807,1763132740911130 ,ID,ID,,1/1/00 0:00,26.6588,20.7894,14/4/23 6:31,2.05,RIE,Ad Group Recall (Merged)
20230807,1763597095443470 ,IT,IT,,1/1/00 0:00,29.85,31.2415,19/4/23 9:29,1.79,RIE,Ad Group Recall (Merged)
20230807,1762893434883070 ,GR,GR,,1/1/00 0:00,23.4583,12.1295,11/4/23 16:55,2.11,Auction Ads,auction_relation
20230807,1762893434883070 ,GR,GR,,1/1/00 0:00,23.4583,12.1295,11/4/23 16:55,2.11,Auction Ads,auction_relation
20230807,1762940633007180 ,ID,ID,,1/1/00 0:00,13.514,13.0518,12/4/23 3:45,1.8,Auction Ads,auction_relation
20230807,1771311861005310 ,GB,GB,,1/1/00 0:00,742.4966,744.3235,13/7/23 11:30,1.72,RIE,Ad Group Recall (Merged)
20230807,1764423971114010 ,KZ,Other,,1/1/00 0:00,109.91,65.2716,30/4/23 18:00,1.62,RIE,Ad Group Recall (Merged)
20230807,1766762185444350 ,DE,DE,,1/1/00 0:00,0,150.0834,24/5/23 13:00,1.6,RIE,Ad Group Recall (Merged)
20230807,1762977072879630 ,TH,TH,,1/1/00 0:00,6.0729,11.4945,12/4/23 14:24,1.64,Auction Ads,auction_relation
20230807,1764022915623980 ,SA,MENA,,1/1/00 0:00,135.17,35.1365,24/4/23 2:28,1.67,RIE,Ad Group Recall (Merged)
20230807,1765957045057570 ,TR,TR,,1/1/00 0:00,201.0162,107.5343,15/5/23 10:45,1.63,RIE,Ad Group Recall (Merged)
20230807,1768037345026090 ,TH,TH,,1/1/00 0:00,83.6726,264.3613,7/6/23 9:52,1.64,Auction Ads,auction_relation
20230807,1763687976534010 ,IE,IE,,1/1/00 0:00,2.1866,27.9809,20/4/23 9:30,1.52,Auction Ads,auction_relation
20230807,1763687976534010 ,GB,GB,,1/1/00 0:00,2.1866,27.9809,20/4/23 9:30,1.76,Auction Ads,auction_relation
20230807,1764328601217020 ,GB,GB,,1/1/00 0:00,229.7795,52.575,27/4/23 12:27,1.76,Auction Ads,auction_relation
20230807,1763396794732540 ,JP,JP,,1/1/00 0:00,26.26,16.4553,17/4/23 4:35,2.16,Auction Ads,auction_all
20230807,1764147357937690 ,DE,DE,,1/1/00 0:00,35.6854,36.5549,25/4/23 12:23,1.01,Auction Ads,auction_relation
20230807,1762849778389040 ,BR,BR,,1/1/00 0:00,0.02,0.8898,11/4/23 3:36,1.7,RIE,Ad Group Recall (Merged)
20230807,1763491098620960 ,FR,FR,,1/1/00 0:00,22.0224,18.1437,18/4/23 6:12,1.76,RIE,Ad Group Recall (Merged)
20230807,1763491098620960 ,FR,FR,,1/1/00 0:00,22.0224,18.1437,18/4/23 6:12,1.97,Auction Ads,auction_relation
20230807,1769939920285690 ,SA,MENA,,1/1/00 0:00,535.93,471.1267,28/6/23 9:50,1.67,RIE,Ad Group Recall (Merged)
20230807,1768367072779290 ,BR,BR,,1/1/00 0:00,485.46,290.571,11/6/23 1:14,1.99,Auction Ads,auction_all
20230807,1771892788147230 ,US,US,,1/1/00 0:00,3456.55,1009.574,22/7/23 5:00,1.54,Non-Auction Ads,R&F
20230807,1763070087427120 ,AE,MENA,,1/1/00 0:00,7.9367,7.0224,13/4/23 13:28,1.67,RIE,Ad Group Recall (Merged)
20230807,1765611842631680 ,FR,FR,,1/1/00 0:00,65.3841,89.8063,11/5/23 16:18,1.97,Auction Ads,auction_relation
20230807,1768961060082730 ,KR,KR,,1/1/00 0:00,2019.91,367.8695,17/6/23 14:34,2.18,RIE,Ad Group Recall (Merged)
20230807,1764246757874720 ,CA,USCA,,1/1/00 0:00,51.38,35.4097,26/4/23 14:44,1.78,Auction Ads,auction_relation
20230807,1764170940894210 ,BR,BR,,1/1/00 0:00,32.6163,32.2757,25/4/23 17:34,1.7,RIE,Ad Group Recall (Merged)
20230807,1764113513663520 ,IT,IT,,1/1/00 0:00,69.7,29.2517,25/4/23 2:28,1.36,Auction Ads,auction_relation
20230807,1764113513663520 ,BE,BE,,1/1/00 0:00,69.7,29.2517,25/4/23 2:28,1.15,Auction Ads,auction_relation
20230807,1764113513663520 ,MY,MY,,1/1/00 0:00,69.7,29.2517,25/4/23 2:28,2.31,Auction Ads,auction_relation
20230807,1763073419548720 ,BR,BR,,1/1/00 0:00,4.0408,4.3323,13/4/23 14:50,1.7,RIE,Ad Group Recall (Merged)
20230807,1763573205541920 ,KR,KR,,1/1/00 0:00,30.0132,13.8951,19/4/23 3:15,2.18,RIE,Ad Group Recall (Merged)
20230807,1769814347815930 ,MX,MX,,1/1/00 0:00,683.7135,453.3069,27/6/23 6:00,1.99,Auction Ads,auction_all
20230807,1763573415315470 ,KR,KR,,1/1/00 0:00,18.5972,13.8951,19/4/23 3:24,2.18,RIE,Ad Group Recall (Merged)
20230807,1763671216506890 ,PH,Other,,1/1/00 0:00,17.8947,17.4145,20/4/23 5:17,1.62,RIE,Ad Group Recall (Merged)
20230807,1763573962775570 ,KR,KR,,1/1/00 0:00,562.75,12.3748,19/4/23 3:32,2.18,RIE,Ad Group Recall (Merged)
20230807,1765408083581980 ,TW,TW,,1/1/00 0:00,0,71.4482,9/5/23 9:18,0.95,Auction Ads,auction_relation
20230807,1763243878311980 ,CO,Other,,1/1/00 0:00,2.0822,3.5951,15/4/23 11:59,1.62,RIE,Ad Group Recall (Merged)
20230807,1764156140636220 ,US,USCA,,1/1/00 0:00,58.77,26.1116,25/4/23 14:46,1.78,Auction Ads,auction_relation
20230807,1763192119348270 ,BY,Other,,1/1/00 0:00,1.39,0.8735,14/4/23 22:22,1.62,RIE,Ad Group Recall (Merged)
20230807,1763192123151360 ,BY,Other,,1/1/00 0:00,2.13,0.8735,14/4/23 22:22,1.62,RIE,Ad Group Recall (Merged)
20230807,1763249176891440 ,PK,Other,,1/1/00 0:00,8.79,0.7617,15/4/23 13:28,1.62,RIE,Ad Group Recall (Merged)
20230807,1763389527229490 ,IQ,Other,,1/1/00 0:00,42.62,0.8954,17/4/23 2:41,1.62,RIE,Ad Group Recall (Merged)
20230807,1764570637742090 ,AU,AU,,1/1/00 0:00,96.0002,43.8303,30/4/23 3:18,1.84,RIE,Ad Group Recall (Merged)
20230807,1763557472620540 ,SA,MENA,,1/1/00 0:00,,4.9347,18/4/23 23:00,1.78,Auction Ads,auction_relation
20230807,1767287332631550 ,KR,KR,,1/1/00 0:00,648.9434,175.6687,1/6/23 0:40,2.18,RIE,Ad Group Recall (Merged)
20230807,1763570786261040 ,TH,TH,,1/1/00 0:00,6.52,4.7656,19/4/23 2:44,1.87,RIE,Ad Group Recall (Merged)
20230807,1763511484877820 ,VN,VN,,1/1/00 0:00,51.49,3.9034,18/4/23 10:50,2.13,RIE,Ad Group Recall (Merged)
20230807,1766774310401020 ,US,USCA,,1/1/00 0:00,201.71,126.9124,24/5/23 11:01,1.78,Auction Ads,auction_relation
20230807,1764179012754440 ,US,USCA,,1/1/00 0:00,1.67,21.6824,25/4/23 20:46,1.78,Auction Ads,auction_relation
20230807,1764179012754440 ,US,USCA,,1/1/00 0:00,1.67,21.6824,25/4/23 20:46,1.78,Auction Ads,auction_relation
20230807,1763669317728270 ,VN,VN,,1/1/00 0:00,50.02,6.9633,20/4/23 4:44,2.13,RIE,Ad Group Recall (Merged)
20230807,1764180074692620 ,US,USCA,,1/1/00 0:00,48.79,21.6824,25/4/23 21:05,1.78,Auction Ads,auction_relation
20230807,1764072072272890 ,ES,ES,,1/1/00 0:00,209.7934,14.485,24/4/23 8:28,1.79,RIE,Ad Group Recall (Merged)
20230807,1763844906564650 ,MY,MY,,1/1/00 0:00,30.2484,11.0438,22/4/23 3:32,2.31,Auction Ads,auction_relation
20230807,1763845175661600 ,SA,MENA,,1/1/00 0:00,9.97,10.3432,22/4/23 3:20,1.67,RIE,Ad Group Recall (Merged)
20230807,1763958695725070 ,KR,KR,,1/1/00 0:00,862.98,12.3748,23/4/23 9:26,2.18,RIE,Ad Group Recall (Merged)
20230807,1764318521390080 ,DE,DE,,1/1/00 0:00,22.1003,29.3866,27/4/23 9:39,1.01,Auction Ads,auction_relation
20230807,1763925408321580 ,SA,MENA,,1/1/00 0:00,80.21,9.7458,23/4/23 0:37,1.67,RIE,Ad Group Recall (Merged)
20230807,1769781583716350 ,MX,Other,,1/1/00 0:00,2271.29,496.8755,1/7/23 13:00,1.62,RIE,Ad Group Recall (Merged)
20230807,1763779042923560 ,TH,TH,,1/1/00 0:00,10.0029,5.2395,21/4/23 9:49,1.64,Auction Ads,auction_relation
20230807,1765594938954780 ,FR,FR,,1/1/00 0:00,33.0981,69.0411,11/5/23 11:54,1.97,Auction Ads,auction_relation
20230807,1763797067127850 ,VN,VN,,1/1/00 0:00,2.6434,4.6563,21/4/23 14:33,2.14,Auction Ads,auction_relation
20230807,1768699075938330 ,US,USCA,,1/1/00 0:00,380.42,320.7419,14/6/23 18:13,1.78,Auction Ads,auction_relation
20230807,1765695597794320 ,US,USCA,,1/1/00 0:00,0,74.4385,12/5/23 14:30,1.78,Auction Ads,auction_relation
20230807,1763960004746240 ,PH,Other,,1/1/00 0:00,19.98,7.0716,23/4/23 9:41,1.62,RIE,Ad Group Recall (Merged)
20230807,1770007293121580 ,JP,JP,,1/1/00 0:00,771.52,460.128,29/6/23 3:40,3.21,RIE,Ad Group Recall (Merged)
20230807,1764958664025100 ,GB,GB,,1/1/00 0:00,60.1137,40.8307,4/5/23 11:19,1.76,Auction Ads,auction_relation
20230807,1765411263513610 ,ES,ES,,1/1/00 0:00,76.6855,57.0124,9/5/23 11:13,1.79,RIE,Ad Group Recall (Merged)
20230807,1770008593153040 ,JP,JP,,1/1/00 0:00,1499.17,460.128,29/6/23 4:01,3.21,RIE,Ad Group Recall (Merged)
20230807,1769982368863240 ,EC,Others,,1/1/00 0:00,0,453.3069,28/6/23 21:07,1.56,Auction Ads,auction_all
20230807,1769982368863240 ,AR,AR,,1/1/00 0:00,0,453.3069,28/6/23 21:07,2.23,Auction Ads,auction_all
20230807,1764061287584760 ,BR,BR,,1/1/00 0:00,0.0062,5.9959,24/4/23 12:35,1.7,RIE,Ad Group Recall (Merged)
20230807,1764061255902270 ,BR,BR,,1/1/00 0:00,0.0084,5.9959,24/4/23 12:35,1.7,RIE,Ad Group Recall (Merged)
20230807,1764068307614720 ,CA,US&CA,,1/1/00 0:00,26.57,5.4919,24/4/23 15:30,1.81,RIE,Ad Group Recall (Merged)
20230807,1770020401477660 ,JP,JP,,1/1/00 0:00,1371.72,460.128,29/6/23 6:20,3.21,RIE,Ad Group Recall (Merged)
20230807,1764340281773050 ,ID,ID,,1/1/00 0:00,72.0617,22.388,27/4/23 14:22,1.8,Auction Ads,auction_relation
20230807,1764051926987770 ,AE,MENA,,1/1/00 0:00,20.71,3.2098,24/4/23 10:20,1.67,RIE,Ad Group Recall (Merged)
20230807,1764323613363240 ,DE,DE,,1/1/00 0:00,,11.5898,27/4/23 5:05,1.01,Auction Ads,auction_relation
20230807,1764127153562670 ,TH,TH,,1/1/00 0:00,9.59,4.7656,25/4/23 6:07,1.87,RIE,Ad Group Recall (Merged)
20230807,1764969373324290 ,GB,GB,,1/1/00 0:00,63.6705,35.6545,4/5/23 14:11,1.76,Auction Ads,auction_relation
20230807,1764320229009400 ,FR,FR,,1/1/00 0:00,1.31,11.5898,27/4/23 5:12,1.97,Auction Ads,auction_relation
20230807,1764424394018830 ,SA,MENA,,1/1/00 0:00,102.13,24.7018,28/4/23 12:45,1.67,RIE,Ad Group Recall (Merged)
20230807,1764248533221390 ,US,US&CA,,1/1/00 0:00,8.48,9.6299,26/4/23 15:12,1.81,RIE,Ad Group Recall (Merged)
20230807,1770117169047600 ,SA,MENA,,1/1/00 0:00,500.75,471.1267,30/6/23 8:49,1.67,RIE,Ad Group Recall (Merged)
20230807,1770367562105850 ,GB,GB,,1/1/00 0:00,2886.5602,491.9031,3/7/23 3:11,1.72,RIE,Ad Group Recall (Merged)
20230807,1770367562105850 ,IE,Other,,1/1/00 0:00,2886.5602,491.9031,3/7/23 3:11,1.62,RIE,Ad Group Recall (Merged)
20230807,1770022251668490 ,JP,JP,,1/1/00 0:00,1447.19,460.128,29/6/23 7:18,3.21,RIE,Ad Group Recall (Merged)
20230807,1764507904551960 ,TH,TH,,1/1/00 0:00,21.8509,24.2656,29/4/23 10:49,1.87,RIE,Ad Group Recall (Merged)
20230807,1766039876253690 ,ID,ID,,1/1/00 0:00,52.4,76.9018,16/5/23 17:00,1.8,Auction Ads,auction_relation
20230807,1766039876253690 ,ID,ID,,1/1/00 0:00,52.4,76.9018,16/5/23 17:00,1.8,Auction Ads,auction_relation
20230807,1764299892663340 ,ID,ID,,1/1/00 0:00,23.3998,6.3558,27/4/23 3:47,2.05,RIE,Ad Group Recall (Merged)
20230807,1768550640617520 ,BR,BR,,1/1/00 0:00,507.78,290.571,13/6/23 1:50,1.99,Auction Ads,auction_all
20230807,1767954819541040 ,SA,MENA,,1/1/00 0:00,68.9167,215.4669,6/6/23 11:43,1.67,RIE,Ad Group Recall (Merged)
20230807,1765514797426720 ,CH,CH,,1/1/00 0:00,66.5836,48.8166,10/5/23 14:32,0.93,Auction Ads,auction_relation
20230807,1765514797426720 ,IE,IE,,1/1/00 0:00,66.5836,48.8166,10/5/23 14:32,1.52,Auction Ads,auction_relation
20230807,1764201474789390 ,ID,ID,,1/1/00 0:00,55.47,1.7293,26/4/23 1:47,1.8,Auction Ads,auction_relation
20230807,1766874002667570 ,US,US&CA,,1/1/00 0:00,1556.75,114.3911,25/5/23 13:42,1.81,RIE,Ad Group Recall (Merged)
20230807,1770776270956560 ,US,US&CA,,1/1/00 0:00,547.55,648.8039,11/7/23 15:30,1.81,RIE,Ad Group Recall (Merged)
20230807,1766039362398220 ,SA,MENA,,1/1/00 0:00,63.1926,66.8786,16/5/23 8:39,1.67,RIE,Ad Group Recall (Merged)
20230807,1764315535160350 ,VN,VN,,1/1/00 0:00,,7.1363,27/4/23 7:55,2.14,Auction Ads,auction_relation
20230807,1764965553100800 ,NL,Other,,1/1/00 0:00,25.3797,23.7936,4/5/23 12:52,1.62,RIE,Ad Group Recall (Merged)
20230807,1764703293200380 ,IQ,Other,,1/1/00 0:00,20.15,18.6836,1/5/23 15:40,1.62,RIE,Ad Group Recall (Merged)
20230807,1764642060937260 ,RO,Other,,1/1/00 0:00,25.64,16.1785,30/4/23 23:30,1.62,RIE,Ad Group Recall (Merged)
20230807,1765686232552480 ,ES,ES,,1/1/00 0:00,68.9,51.9137,12/5/23 11:58,1.37,Auction Ads,auction_relation
20230807,1765686232552480 ,CO,CO,,1/1/00 0:00,68.9,51.9137,12/5/23 11:58,1.93,Auction Ads,auction_all
20230807,1764946903877680 ,PL,PL,,1/1/00 0:00,19.6792,18.4881,4/5/23 8:14,1.64,Auction Ads,auction_relation
20230807,1764448501670960 ,BR,BR,,1/1/00 0:00,10.1961,10.2173,28/4/23 18:59,1.99,Auction Ads,auction_all
20230807,1764305090775040 ,PT,PT,,1/1/00 0:00,20.12,2.4901,27/4/23 6:11,1.98,Auction Ads,auction_relation
20230807,1764305090775040 ,SA,MENA,,1/1/00 0:00,20.12,2.4901,27/4/23 6:11,1.78,Auction Ads,auction_relation
20230807,1764305090775040 ,RO,RO,,1/1/00 0:00,20.12,2.4901,27/4/23 6:11,1.94,Auction Ads,auction_relation
20230807,1764305090775040 ,GR,GR,,1/1/00 0:00,20.12,2.4901,27/4/23 6:11,2.11,Auction Ads,auction_relation
20230807,1764305090775040 ,ZA,ZA,,1/1/00 0:00,20.12,2.4901,27/4/23 6:11,1.4,Auction Ads,auction_relation
20230807,1764305090775040 ,NO,Others,,1/1/00 0:00,20.12,2.4901,27/4/23 6:11,1.56,Auction Ads,auction_all
20230807,1764305090775040 ,DK,DK,,1/1/00 0:00,20.12,2.4901,27/4/23 6:11,1.31,Auction Ads,auction_relation
20230807,1764305090775040 ,IE,IE,,1/1/00 0:00,20.12,2.4901,27/4/23 6:11,1.52,Auction Ads,auction_relation
20230807,1764305090775040 ,NZ,NZ,,1/1/00 0:00,20.12,2.4901,27/4/23 6:11,1.58,Auction Ads,auction_relation
20230807,1764305090775040 ,HU,Others,,1/1/00 0:00,20.12,2.4901,27/4/23 6:11,1.56,Auction Ads,auction_all
20230807,1764305090775040 ,VN,VN,,1/1/00 0:00,20.12,2.4901,27/4/23 6:11,2.14,Auction Ads,auction_relation
20230807,1764305090775040 ,GB,GB,,1/1/00 0:00,20.12,2.4901,27/4/23 6:11,1.76,Auction Ads,auction_relation
20230807,1764305090775040 ,PL,PL,,1/1/00 0:00,20.12,2.4901,27/4/23 6:11,1.64,Auction Ads,auction_relation
20230807,1764305090775040 ,AU,AU,,1/1/00 0:00,20.12,2.4901,27/4/23 6:11,1.84,Auction Ads,auction_relation
20230807,1764305090775040 ,SE,SE,,1/1/00 0:00,20.12,2.4901,27/4/23 6:11,1.4,Auction Ads,auction_relation
20230807,1764448633846780 ,BR,BR,,1/1/00 0:00,9.8765,10.2173,28/4/23 19:15,1.99,Auction Ads,auction_all
20230807,1764376742405160 ,ID,ID,,1/1/00 0:00,13.3796,4.1363,28/4/23 0:05,2.05,RIE,Ad Group Recall (Merged)
20230807,1765700926711850 ,US,US&CA,,1/1/00 0:00,49.09,49.4527,12/5/23 14:04,1.81,RIE,Ad Group Recall (Merged)
20230807,1766059532469240 ,PT,PT,,1/1/00 0:00,986.46,61.6766,16/5/23 13:55,1.98,Auction Ads,auction_relation
20230807,1766059532469240 ,PL,PL,,1/1/00 0:00,986.46,61.6766,16/5/23 13:55,1.64,Auction Ads,auction_relation
20230807,1766059532469240 ,GR,GR,,1/1/00 0:00,986.46,61.6766,16/5/23 13:55,2.11,Auction Ads,auction_relation
20230807,1764392743286800 ,TH,TH,,1/1/00 0:00,39.435,3.3366,28/4/23 4:22,1.64,Auction Ads,auction_relation
20230807,1764392743286800 ,TH,TH,,1/1/00 0:00,39.435,3.3366,28/4/23 4:22,1.64,Auction Ads,auction_relation
20230807,1764326197489710 ,TH,TH,,1/1/00 0:00,8.88,0.1325,27/4/23 10:49,1.87,RIE,Ad Group Recall (Merged)
20230807,1765500335365170 ,AE,MENA,,1/1/00 0:00,49.15,34.2275,10/5/23 9:37,1.67,RIE,Ad Group Recall (Merged)
20230807,1765952354981950 ,GB,GB,,1/1/00 0:00,65.6978,52.575,15/5/23 10:36,1.76,Auction Ads,auction_relation
20230807,1765607285909520 ,GB,GB,,1/1/00 0:00,13.7816,40.8307,11/5/23 15:06,1.76,Auction Ads,auction_relation
20230807,1765607549879330 ,GB,GB,,1/1/00 0:00,23.8537,40.8307,11/5/23 15:15,1.76,Auction Ads,auction_relation
20230807,1765000268691490 ,PL,PL,,1/1/00 0:00,31.8187,14.1948,4/5/23 22:10,1.84,RIE,Ad Group Recall (Merged)
20230807,1766105453359100 ,QA,Other,,1/1/00 0:00,822.96,61.3494,17/5/23 2:05,1.62,RIE,Ad Group Recall (Merged)
20230807,1766105453359100 ,SA,MENA,,1/1/00 0:00,822.96,61.3494,17/5/23 2:05,1.67,RIE,Ad Group Recall (Merged)
20230807,1764622215160850 ,TH,TH,,1/1/00 0:00,4.5484,5.3297,30/4/23 17:15,1.87,RIE,Ad Group Recall (Merged)
20230807,1765689261369360 ,ID,ID,,1/1/00 0:00,87.34,41.4226,12/5/23 11:54,2.05,RIE,Ad Group Recall (Merged)
20230807,1768034768451630 ,BR,BR,,1/1/00 0:00,684.18,205.3657,7/6/23 9:09,1.7,RIE,Ad Group Recall (Merged)
20230807,1768034768451630 ,AR,Other,,1/1/00 0:00,684.18,205.3657,7/6/23 9:09,1.62,RIE,Ad Group Recall (Merged)
20230807,1768034768451630 ,CL,Other,,1/1/00 0:00,684.18,205.3657,7/6/23 9:09,1.62,RIE,Ad Group Recall (Merged)
20230807,1768034768451630 ,BR,BR,,1/1/00 0:00,684.18,205.3657,7/6/23 9:09,1.7,RIE,Ad Group Recall (Merged)
20230807,1768034768451630 ,PL,PL,,1/1/00 0:00,684.18,205.3657,7/6/23 9:09,1.64,Auction Ads,auction_relation
20230807,1766849940565070 ,SA,MENA,,1/1/00 0:00,201.3,92.4161,25/5/23 7:19,1.67,RIE,Ad Group Recall (Merged)
20230807,1765359303940110 ,US,USCA,,1/1/00 0:00,19.09,22.7276,8/5/23 21:26,1.78,Auction Ads,auction_relation
20230807,1765050316287020 ,KZ,Other,,1/1/00 0:00,30.95,11.6667,5/5/23 10:35,1.62,RIE,Ad Group Recall (Merged)
20230807,1765414575857680 ,TH,TH,,1/1/00 0:00,28.2227,24.2656,9/5/23 11:04,1.87,RIE,Ad Group Recall (Merged)
20230807,1766526162196490 ,US,US&CA,,1/1/00 0:00,40.72,70.8644,21/5/23 17:35,1.81,RIE,Ad Group Recall (Merged)
20230807,1764770208918540 ,MY,MY,,1/1/00 0:00,6.6467,3.4128,2/5/23 8:26,2.31,Auction Ads,auction_relation
20230807,1765965646459900 ,US,USCA,,1/1/00 0:00,37.23,46.186,15/5/23 14:07,1.78,Auction Ads,auction_relation
20230807,1768023029956620 ,AU,AU,,1/1/00 0:00,281.8675,199.2174,7/6/23 6:08,1.84,Auction Ads,auction_relation
20230807,1765046123135020 ,US,US&CA,,1/1/00 0:00,20.82,9.1202,5/5/23 9:24,1.81,RIE,Ad Group Recall (Merged)
20230807,1765046123135020 ,GB,GB,,1/1/00 0:00,20.82,9.1202,5/5/23 9:24,1.72,RIE,Ad Group Recall (Merged)
20230807,1764788974807040 ,JP,JP,,1/1/00 0:00,400.72,3.7755,2/5/23 13:22,3.21,RIE,Ad Group Recall (Merged)
20230807,1764886773895180 ,AE,MENA,,1/1/00 0:00,5.1806,4.1973,3/5/23 15:06,1.67,RIE,Ad Group Recall (Merged)
20230807,1765103064078360 ,ID,ID,,1/1/00 0:00,92.33,12.3748,6/5/23 0:31,2.05,RIE,Ad Group Recall (Merged)
20230807,1769323671268380 ,DE,DE,,1/1/00 0:00,49.96,343.061,21/6/23 15:36,1.01,Auction Ads,auction_relation
20230807,1769323671268380 ,AT,AT,,1/1/00 0:00,49.96,343.061,21/6/23 15:36,0.89,Auction Ads,auction_relation
20230807,1767424044737530 ,US,USCA,,1/1/00 0:00,269.91,126.9124,31/5/23 15:20,1.78,Auction Ads,auction_relation
20230807,1765050054718490 ,VN,VN,,1/1/00 0:00,283.16,5.7135,5/5/23 10:32,2.13,RIE,Ad Group Recall (Merged)
20230807,1766085218733100 ,US,US&CA,,1/1/00 0:00,50.61,49.8917,16/5/23 18:13,1.81,RIE,Ad Group Recall (Merged)
20230807,1769325894046750 ,AT,AT,,1/1/00 0:00,2.58,343.061,21/6/23 16:06,0.89,Auction Ads,auction_relation
20230807,1766064753080330 ,TR,TR,,1/1/00 0:00,25.7428,47.547,16/5/23 15:22,1.63,RIE,Ad Group Recall (Merged)
20230807,1765449104885770 ,GR,Other,,1/1/00 0:00,21.1321,18.2961,9/5/23 21:12,1.62,RIE,Ad Group Recall (Merged)
20230807,1765710157502460 ,AE,MENA,,1/1/00 0:00,39.25,34.0476,12/5/23 18:26,1.67,RIE,Ad Group Recall (Merged)
20230807,1765050603496490 ,PL,PL,,1/1/00 0:00,19.8081,5.313,5/5/23 11:38,1.64,Auction Ads,auction_relation
20230807,1764963015608330 ,ID,ID,,1/1/00 0:00,7.9289,0,4/5/23 11:31,1.8,Auction Ads,auction_relation
20230807,1765051322385420 ,PL,PL,,1/1/00 0:00,18.8686,5.313,5/5/23 11:51,1.64,Auction Ads,auction_relation
20230807,1765051322385420 ,PL,PL,,1/1/00 0:00,18.8686,5.313,5/5/23 11:51,1.64,Auction Ads,auction_relation
20230807,1765525623935020 ,US,USCA,,1/1/00 0:00,2.27,21.6824,10/5/23 16:54,1.78,Auction Ads,auction_relation
20230807,1765525623935020 ,US,USCA,,1/1/00 0:00,2.27,21.6824,10/5/23 16:54,1.78,Auction Ads,auction_relation
20230807,1765327751487520 ,BR,BR,,1/1/00 0:00,5.4442,10.6287,8/5/23 12:06,1.7,RIE,Ad Group Recall (Merged)
20230807,1768197117332510 ,ID,ID,,1/1/00 0:00,150.23,211.185,9/6/23 3:34,2.05,RIE,Ad Group Recall (Merged)
20230807,1765477297420300 ,ID,ID,,1/1/00 0:00,202.96,15.6104,10/5/23 3:44,2.05,RIE,Ad Group Recall (Merged)
20230807,1765303751569420 ,US,US&CA,,1/1/00 0:00,251.87,9.5234,8/5/23 6:47,1.81,RIE,Ad Group Recall (Merged)
20230807,1765328772953100 ,BR,BR,,1/1/00 0:00,5.5182,10.6287,8/5/23 12:21,1.7,RIE,Ad Group Recall (Merged)
20230807,1770561095552040 ,AU,AU,,1/1/00 0:00,973.7355,491.9031,5/7/23 6:30,1.84,Auction Ads,auction_relation
20230807,1770561095552040 ,IE,IE,,1/1/00 0:00,973.7355,491.9031,5/7/23 6:30,1.52,Auction Ads,auction_relation
20230807,1770561095552040 ,GB,GB,,1/1/00 0:00,973.7355,491.9031,5/7/23 6:30,1.76,Auction Ads,auction_relation
20230807,1770561095552040 ,NZ,NZ,,1/1/00 0:00,973.7355,491.9031,5/7/23 6:30,1.58,Auction Ads,auction_relation
20230807,1769511112571950 ,US,US&CA,,1/1/00 0:00,396.2,365.8335,23/6/23 5:00,1.81,RIE,Ad Group Recall (Merged)
20230807,1765395253280780 ,JP,JP,,1/1/00 0:00,33.5929,12.57,9/5/23 5:38,2.16,Auction Ads,auction_all
20230807,1765641169095680 ,PE,PE,,1/1/00 0:00,59.04,25.9439,11/5/23 23:10,1.68,Auction Ads,auction_all
20230807,1765329638047790 ,BR,BR,,1/1/00 0:00,4.7156,10.6287,8/5/23 12:33,1.7,RIE,Ad Group Recall (Merged)
20230807,1765051050380330 ,DE,DE,,1/1/00 0:00,0.18,0.5038,5/5/23 10:48,1.01,Auction Ads,auction_relation
20230807,1768197308180520 ,ID,ID,,1/1/00 0:00,150,211.185,9/6/23 4:18,2.05,RIE,Ad Group Recall (Merged)
20230807,1768197746940970 ,ID,ID,,1/1/00 0:00,1000,211.185,9/6/23 4:26,2.05,RIE,Ad Group Recall (Merged)
20230807,1765562927863840 ,JP,JP,,1/1/00 0:00,83.8587,19.2719,11/5/23 2:18,3.21,RIE,Ad Group Recall (Merged)
20230807,1765051615151160 ,AU,AU,,1/1/00 0:00,0.18,0.2134,5/5/23 10:56,1.84,Auction Ads,auction_relation
20230807,1765051559723050 ,AU,AU,,1/1/00 0:00,0.26,0.2134,5/5/23 10:56,1.84,Auction Ads,auction_relation
20230807,1765085236450360 ,PE,Other,,1/1/00 0:00,34.58,2.6277,5/5/23 17:58,1.62,RIE,Ad Group Recall (Merged)
20230807,1767241811937290 ,AR,Other,,1/1/00 0:00,100.03,101.6135,29/5/23 15:09,1.62,RIE,Ad Group Recall (Merged)
20230807,1766707369979930 ,FR,FR,,1/1/00 0:00,85.7124,69.0411,23/5/23 18:30,1.97,Auction Ads,auction_relation
20230807,1766707369979930 ,FR,FR,,1/1/00 0:00,85.7124,69.0411,23/5/23 18:30,1.97,Auction Ads,auction_relation
20230807,1765656551111690 ,ID,ID,,1/1/00 0:00,8.5251,23.6447,12/5/23 3:14,1.8,Auction Ads,auction_relation
20230807,1765059375733760 ,JP,JP,,1/1/00 0:00,30.49,1.2819,5/5/23 16:00,3.21,RIE,Ad Group Recall (Merged)
20230807,1768210170237980 ,ID,ID,,1/1/00 0:00,700,211.185,9/6/23 7:43,2.05,RIE,Ad Group Recall (Merged)
20230807,1767004688042000 ,SA,MENA,,1/1/00 0:00,1375.5084,91.4324,27/5/23 0:19,1.67,RIE,Ad Group Recall (Merged)
20230807,1765066695345180 ,FR,FR,,1/1/00 0:00,,0.2194,5/5/23 14:53,1.97,Auction Ads,auction_relation
20230807,1770653216285710 ,HU,Other,,1/1/00 0:00,5032.95,512.6437,6/7/23 7:49,1.62,RIE,Ad Group Recall (Merged)
20230807,1765303795654650 ,PE,Other,,1/1/00 0:00,18.0346,4.5482,8/5/23 5:18,1.62,RIE,Ad Group Recall (Merged)
20230807,1765590461129740 ,PL,PL,,1/1/00 0:00,19.7858,17.0744,11/5/23 10:33,1.84,RIE,Ad Group Recall (Merged)
20230807,1765496167278590 ,KR,KR,,1/1/00 0:00,86.05,13.7129,10/5/23 15:00,2.18,RIE,Ad Group Recall (Merged)
20230807,1769854701831210 ,GB,GB,,1/1/00 0:00,437.5609,387.0497,27/6/23 8:08,1.76,Auction Ads,auction_relation
20230807,1765146653714440 ,QA,Other,,1/1/00 0:00,31.65,0.9651,6/5/23 12:10,1.62,RIE,Ad Group Recall (Merged)
20230807,1765502842996730 ,ID,ID,,1/1/00 0:00,29.22,10.1723,10/5/23 10:33,2.05,RIE,Ad Group Recall (Merged)
20230807,1767290604843010 ,US,US&CA,,1/1/00 0:00,99.48,97.865,30/5/23 4:52,1.81,RIE,Ad Group Recall (Merged)
20230807,1765497575678990 ,IL,IL,,1/1/00 0:00,8.11,8.5145,10/5/23 10:05,1.52,Auction Ads,auction_relation
20230807,1765498243162140 ,IL,IL,,1/1/00 0:00,40.12,8.5145,10/5/23 10:14,1.52,Auction Ads,auction_relation
20230807,1767313715898370 ,US,USCA,,1/1/00 0:00,3126.69,100.6607,30/5/23 10:52,1.78,Auction Ads,auction_relation
20230807,1766314378324030 ,AE,MENA,,1/1/00 0:00,191.36,45.8564,19/5/23 9:25,1.67,RIE,Ad Group Recall (Merged)
20230807,1765695893115930 ,TH,TH,,1/1/00 0:00,3.4032,20.0529,12/5/23 13:28,1.64,Auction Ads,auction_relation
20230807,1767403419644080 ,TH,TH,,1/1/00 0:00,208.3249,107.8605,31/5/23 9:54,1.64,Auction Ads,auction_relation
20230807,1765579268526110 ,VN,VN,,1/1/00 0:00,28.37,9.1717,11/5/23 6:45,2.13,RIE,Ad Group Recall (Merged)
20230807,1766236548379690 ,CA,US&CA,,1/1/00 0:00,130.1,39.3151,18/5/23 13:53,1.81,RIE,Ad Group Recall (Merged)
20230807,1766236549371920 ,CA,US&CA,,1/1/00 0:00,236.47,39.3151,18/5/23 13:53,1.81,RIE,Ad Group Recall (Merged)
20230807,1765969185588220 ,US,USCA,,1/1/00 0:00,25.05,24.1687,15/5/23 14:53,1.78,Auction Ads,auction_relation
20230807,1765415922233390 ,DE,DE,,1/1/00 0:00,0.26,0.3563,9/5/23 11:20,1.01,Auction Ads,auction_relation
20230807,1765608378632200 ,TR,TR,,1/1/00 0:00,75.31,9.3409,11/5/23 14:29,1.63,RIE,Ad Group Recall (Merged)
20230807,1765608407779320 ,TR,TR,,1/1/00 0:00,25.44,9.3409,11/5/23 14:29,1.63,RIE,Ad Group Recall (Merged)
20230807,1770757281417240 ,GB,GB,,1/1/00 0:00,1932.2217,799.2446,19/7/23 0:00,1.72,RIE,Ad Group Recall (Merged)
20230807,1766334192340000 ,AU,AU,,1/1/00 0:00,67.2696,40.9095,19/5/23 15:35,1.84,Auction Ads,auction_relation
20230807,1765497964384290 ,BR,BR,,1/1/00 0:00,0.29,0.7632,10/5/23 9:11,1.99,Auction Ads,auction_all
20230807,1768600444766220 ,ES,ES,,1/1/00 0:00,117.2096,251.7543,13/6/23 16:04,1.79,RIE,Ad Group Recall (Merged)
20230807,1765656598084650 ,ID,ID,,1/1/00 0:00,12.416,10.6957,12/5/23 2:56,1.8,Auction Ads,auction_relation
20230807,1766214381569040 ,PH,Other,,1/1/00 0:00,79.87,34.2455,18/5/23 6:56,1.62,RIE,Ad Group Recall (Merged)
20230807,1768872960801790 ,GB,GB,,1/1/00 0:00,254.7066,286.7128,16/6/23 17:30,1.72,RIE,Ad Group Recall (Merged)
20230807,1766036383252490 ,AU,AU,,1/1/00 0:00,115.74,22.3589,16/5/23 7:51,1.84,RIE,Ad Group Recall (Merged)
20230807,1765598475094050 ,CA,US&CA,,1/1/00 0:00,11.29,4.8342,11/5/23 11:51,1.81,RIE,Ad Group Recall (Merged)
20230807,1765776987645960 ,ID,ID,,1/1/00 0:00,118,15.6104,13/5/23 11:08,2.05,RIE,Ad Group Recall (Merged)
20230807,1765587217020970 ,VN,VN,,1/1/00 0:00,12.6522,3.768,11/5/23 8:42,2.14,Auction Ads,auction_relation
20230807,1765587217020970 ,VN,VN,,1/1/00 0:00,12.6522,3.768,11/5/23 8:42,2.14,Auction Ads,auction_relation
20230807,1766037606963230 ,BE,Other,,1/1/00 0:00,21.9674,21.6229,16/5/23 9:09,1.62,RIE,Ad Group Recall (Merged)
20230807,1765972913371150 ,GB,GB,,1/1/00 0:00,16.8803,19.0895,15/5/23 15:28,1.76,Auction Ads,auction_relation
20230807,1765939075287070 ,TH,TH,,1/1/00 0:00,53.5019,16.2314,15/5/23 6:30,1.64,Auction Ads,auction_relation
20230807,1765682398283800 ,VN,VN,,1/1/00 0:00,150.86,6.3212,12/5/23 10:06,2.13,RIE,Ad Group Recall (Merged)
20230807,1766071078555680 ,US,USCA,,1/1/00 0:00,20.77,22.9753,16/5/23 17:56,1.78,Auction Ads,auction_relation
20230807,1767612823789600 ,GB,GB,,1/1/00 0:00,497.569,141.8447,2/6/23 18:25,1.72,RIE,Ad Group Recall (Merged)
20230807,1766168702220300 ,BR,BR,,1/1/00 0:00,40.8967,25.5589,17/5/23 18:48,1.99,Auction Ads,auction_all
20230807,1766054609717280 ,AR,Other,,1/1/00 0:00,19.52,15.67,16/5/23 13:13,1.62,RIE,Ad Group Recall (Merged)
20230807,1766214025464840 ,PH,Other,,1/1/00 0:00,148.53,24.814,18/5/23 6:55,1.62,RIE,Ad Group Recall (Merged)
20230807,1766080490161180 ,US,USCA,,1/1/00 0:00,210.8,20.0163,16/5/23 19:21,1.78,Auction Ads,auction_relation
20230807,1766716141027330 ,US,USCA,,1/1/00 0:00,372.29,46.186,23/5/23 21:40,1.78,Auction Ads,auction_relation
20230807,1766496194933800 ,NO,Other,,1/1/00 0:00,243.8937,31.9288,21/5/23 10:35,1.62,RIE,Ad Group Recall (Merged)
20230807,1766072736521230 ,GR,Other,,1/1/00 0:00,0,17.9186,16/5/23 18:20,1.62,RIE,Ad Group Recall (Merged)
20230807,1768045928043520 ,JP,JP,,1/1/00 0:00,81.1303,167.9611,7/6/23 12:04,2.16,Auction Ads,auction_all
20230807,1765711779974170 ,SA,MENA,,1/1/00 0:00,2.07,2.0881,12/5/23 17:50,1.67,RIE,Ad Group Recall (Merged)
20230807,1766599338303520 ,ID,ID,,1/1/00 0:00,167.7198,36.268,22/5/23 12:43,1.8,Auction Ads,auction_relation
20230807,1765987468918830 ,BR,BR,,1/1/00 0:00,10.1657,9.2608,15/5/23 18:32,1.7,RIE,Ad Group Recall (Merged)
20230807,1766937034129410 ,ID,ID,,1/1/00 0:00,142.84,59.3018,26/5/23 6:23,2.05,RIE,Ad Group Recall (Merged)
20230807,1766555168139290 ,TH,TH,,1/1/00 0:00,2.73,30.4556,22/5/23 1:18,1.64,Auction Ads,auction_relation
20230807,1765956817445880 ,MA,Other,,1/1/00 0:00,27.8445,7.7735,15/5/23 23:00,1.62,RIE,Ad Group Recall (Merged)
20230807,1765870567713800 ,AR,Other,,1/1/00 0:00,13.14,4.0891,14/5/23 11:54,1.62,RIE,Ad Group Recall (Merged)
20230807,1770752079091740 ,GB,GB,,1/1/00 0:00,1073.9525,512.7698,7/7/23 10:05,1.76,Auction Ads,auction_relation
20230807,1766965599208490 ,ID,ID,,1/1/00 0:00,546.1,59.1464,26/5/23 14:03,2.05,RIE,Ad Group Recall (Merged)
20230807,1768136095031330 ,ES,ES,,1/1/00 0:00,91.0346,172.3177,8/6/23 12:31,1.37,Auction Ads,auction_relation
20230807,1767577608599600 ,TH,TH,,1/1/00 0:00,196.0509,107.8605,2/6/23 7:19,1.64,Auction Ads,auction_relation
20230807,1765777550919680 ,BR,BR,,1/1/00 0:00,0.3,0.7632,13/5/23 11:15,1.99,Auction Ads,auction_all
20230807,1766581362896930 ,SA,MENA,,1/1/00 0:00,50.63,29.0395,22/5/23 8:14,1.67,RIE,Ad Group Recall (Merged)
20230807,1765858237772800 ,GB,GB,,1/1/00 0:00,,0.3703,14/5/23 8:36,1.76,Auction Ads,auction_relation
20230807,1766109312791560 ,ID,ID,,1/1/00 0:00,87,12.3748,17/5/23 3:10,2.05,RIE,Ad Group Recall (Merged)
20230807,1768136599692320 ,ES,ES,,1/1/00 0:00,207.8888,172.3177,8/6/23 13:10,1.37,Auction Ads,auction_relation
20230807,1766349922191390 ,MX,Other,,1/1/00 0:00,89.38,22.0946,19/5/23 19:52,1.62,RIE,Ad Group Recall (Merged)
20230807,1766268706755600 ,MX,Other,,1/1/00 0:00,50.42,16.7479,18/5/23 21:15,1.62,RIE,Ad Group Recall (Merged)
20230807,1766698788560920 ,MX,MX,,1/1/00 0:00,360.8057,31.9073,23/5/23 15:13,1.99,Auction Ads,auction_all
20230807,1766256286099480 ,BR,BR,,1/1/00 0:00,0.79,12.5851,18/5/23 19:07,1.7,RIE,Ad Group Recall (Merged)
20230807,1766404092635150 ,PH,PH,,1/1/00 0:00,17.9291,16.8949,20/5/23 3:47,2.46,Auction Ads,auction_relation
20230807,1766695833011240 ,US,US&CA,,1/1/00 0:00,987.39,29.2393,23/5/23 15:25,1.81,RIE,Ad Group Recall (Merged)
20230807,1766554842839050 ,ID,ID,,1/1/00 0:00,64.5261,19.3463,22/5/23 2:30,1.8,Auction Ads,auction_relation
20230807,1766554842839050 ,ID,ID,,1/1/00 0:00,64.5261,19.3463,22/5/23 2:30,1.8,Auction Ads,auction_relation
20230807,1766072273015820 ,SA,MENA,,1/1/00 0:00,89.1,1.5365,16/5/23 17:20,1.67,RIE,Ad Group Recall (Merged)
20230807,1766236392377390 ,GB,GB,,1/1/00 0:00,1.7382,6.3963,18/5/23 11:22,1.76,Auction Ads,auction_relation
20230807,1766145446619180 ,KZ,Other,,1/1/00 0:00,2.04,4.4825,17/5/23 13:45,1.62,RIE,Ad Group Recall (Merged)
20230807,1768048472993840 ,DK,Other,,1/1/00 0:00,0,150.3158,7/6/23 13:37,1.62,RIE,Ad Group Recall (Merged)
20230807,1766300870458400 ,TH,TH,,1/1/00 0:00,20.12,8.5425,19/5/23 5:52,1.64,Auction Ads,auction_relation
20230807,1766300870458400 ,TH,TH,,1/1/00 0:00,20.12,8.5425,19/5/23 5:52,1.64,Auction Ads,auction_relation
20230807,1769102863362140 ,TH,TH,,1/1/00 0:00,141.5282,264.3613,19/6/23 3:48,1.64,Auction Ads,auction_relation
20230807,1766645906120750 ,ID,ID,,1/1/00 0:00,79.0009,20.5875,23/5/23 0:56,1.8,Auction Ads,auction_relation
20230807,1766124661310460 ,TR,TR,,1/1/00 0:00,21.4334,0.6035,17/5/23 8:14,1.63,RIE,Ad Group Recall (Merged)
20230807,1767487664391180 ,SA,MENA,,1/1/00 0:00,65.42,78.361,1/6/23 8:16,1.78,Auction Ads,auction_relation
20230807,1766145303309340 ,DE,DE,,1/1/00 0:00,,0.2575,17/5/23 12:21,1.01,Auction Ads,auction_relation
20230807,1766145496287230 ,DE,DE,,1/1/00 0:00,,0.2575,17/5/23 12:44,1.01,Auction Ads,auction_relation
20230807,1766237244567560 ,GB,GB,,1/1/00 0:00,,4.865,19/5/23 0:00,1.76,Auction Ads,auction_relation
20230807,1766668748314640 ,MY,MY,,1/1/00 0:00,64.4592,19.9682,23/5/23 7:13,2.3,RIE,Ad Group Recall (Merged)
20230807,1767593151309850 ,TH,TH,,1/1/00 0:00,86.437,114.113,2/6/23 12:10,1.87,RIE,Ad Group Recall (Merged)
20230807,1766852551290930 ,KR,KR,,1/1/00 0:00,72.8665,34.6032,25/5/23 8:03,2.18,RIE,Ad Group Recall (Merged)
20230807,1766852551290930 ,KR,KR,,1/1/00 0:00,72.8665,34.6032,25/5/23 8:03,2.18,RIE,Ad Group Recall (Merged)
20230807,1766852551290930 ,KR,KR,,1/1/00 0:00,72.8665,34.6032,25/5/23 8:03,2.18,RIE,Ad Group Recall (Merged)
20230807,1766507086298160 ,US,US&CA,,1/1/00 0:00,22.22,9.6299,21/5/23 13:32,1.81,RIE,Ad Group Recall (Merged)
20230807,1766507088658430 ,US,US&CA,,1/1/00 0:00,39.5,9.6299,21/5/23 13:32,1.81,RIE,Ad Group Recall (Merged)
20230807,1766765355595810 ,ES,ES,,1/1/00 0:00,88.3625,23.3252,24/5/23 9:56,1.37,Auction Ads,auction_relation
20230807,1766765827174400 ,ES,ES,,1/1/00 0:00,43.8454,23.3252,24/5/23 10:03,1.37,Auction Ads,auction_relation
20230807,1766292291060780 ,MY,MY,,1/1/00 0:00,11.5884,2.1892,19/5/23 3:22,2.31,Auction Ads,auction_relation
20230807,1766799459652640 ,ZA,ZA,,1/1/00 0:00,0.111,26.944,24/5/23 17:54,1.4,Auction Ads,auction_relation
20230807,1766480334275580 ,ZA,Other,,1/1/00 0:00,10.5056,6.5178,21/5/23 5:30,1.62,RIE,Ad Group Recall (Merged)
20230807,1766773225019390 ,GB,GB,,1/1/00 0:00,19.8136,23.5909,24/5/23 11:58,1.72,RIE,Ad Group Recall (Merged)
20230807,1766595864006650 ,SG,,,1/1/00 0:00,15.1993,11.4114,22/5/23 11:55,1.05,Shopping Ads,Shopping Ad Group
20230807,1766591144415280 ,ID,ID,,1/1/00 0:00,201.65,10.0264,22/5/23 10:14,2.05,RIE,Ad Group Recall (Merged)
20230807,1766591050831900 ,PH,Other,,1/1/00 0:00,90.71,10.2577,22/5/23 10:44,1.62,RIE,Ad Group Recall (Merged)
20230807,1766591570608160 ,PH,Other,,1/1/00 0:00,240.11,10.2577,22/5/23 10:52,1.62,RIE,Ad Group Recall (Merged)
20230807,1766935984507900 ,KR,KR,,1/1/00 0:00,80.0813,32.522,26/5/23 5:38,2.37,Auction Ads,auction_relation
20230807,1766402704268320 ,SA,MENA,,1/1/00 0:00,50.0033,3.4257,20/5/23 20:00,1.67,RIE,Ad Group Recall (Merged)
20230807,1766319733377020 ,US,USCA,,1/1/00 0:00,,0.2422,19/5/23 10:49,1.78,Auction Ads,auction_relation
20230807,1766322455481340 ,GB,GB,,1/1/00 0:00,0,0.3036,19/5/23 11:36,1.76,Auction Ads,auction_relation
20230807,1768523879519260 ,US,USCA,,1/1/00 0:00,228.51,202.9253,12/6/23 19:46,1.78,Auction Ads,auction_relation
20230807,1766936158815280 ,KR,KR,,1/1/00 0:00,66.0071,32.522,26/5/23 6:11,2.37,Auction Ads,auction_relation
20230807,1766936687401980 ,KR,KR,,1/1/00 0:00,34.0024,32.522,26/5/23 6:15,2.37,Auction Ads,auction_relation
20230807,1772918429106190 ,KW,Other,,1/1/00 0:00,1003.28,1365.4993,31/7/23 6:51,1.62,RIE,Ad Group Recall (Merged)
20230807,1766434623263770 ,SA,MENA,,1/1/00 0:00,100.95,1.5365,20/5/23 17:20,1.67,RIE,Ad Group Recall (Merged)
20230807,1766576730487820 ,KR,KR,,1/1/00 0:00,3.1,5.7131,22/5/23 6:49,2.18,RIE,Ad Group Recall (Merged)
20230807,1766611496752140 ,BR,BR,,1/1/00 0:00,6.3291,9.1819,22/5/23 15:56,1.7,RIE,Ad Group Recall (Merged)
20230807,1766936871491580 ,KR,KR,,1/1/00 0:00,122.314,32.522,26/5/23 6:23,2.37,Auction Ads,auction_relation
20230807,1766741945148430 ,TR,TR,,1/1/00 0:00,60,14.7061,24/5/23 2:46,1.63,RIE,Ad Group Recall (Merged)
20230807,1766580171575290 ,KW,Other,,1/1/00 0:00,21.37,4.5061,22/5/23 7:55,1.62,RIE,Ad Group Recall (Merged)
20230807,1766677651851310 ,ID,ID,,1/1/00 0:00,50.01,10.9368,23/5/23 9:39,2.05,RIE,Ad Group Recall (Merged)
20230807,1768485733601310 ,ID,ID,,1/1/00 0:00,384.3247,193.73,12/6/23 8:32,1.8,Auction Ads,auction_relation
20230807,1772918733171720 ,LB,Other,,1/1/00 0:00,2029.33,1365.4993,31/7/23 7:00,1.62,RIE,Ad Group Recall (Merged)
20230807,1767513772323870 ,US,USCA,,1/1/00 0:00,2375.1,74.4385,1/6/23 16:15,1.78,Auction Ads,auction_relation
20230807,1767513772323870 ,US,USCA,,1/1/00 0:00,2375.1,74.4385,1/6/23 16:15,1.78,Auction Ads,auction_relation
20230807,1767352473672730 ,PE,Other,,1/1/00 0:00,134.98,64.294,1/6/23 5:00,1.62,RIE,Ad Group Recall (Merged)
20230807,1766766684467210 ,IT,IT,,1/1/00 0:00,5.7557,14.6967,24/5/23 10:19,1.79,RIE,Ad Group Recall (Merged)
20230807,1766864541301760 ,AU,AU,,1/1/00 0:00,355.73,22.3589,25/5/23 11:08,1.84,RIE,Ad Group Recall (Merged)
20230807,1767349539621890 ,SG,Other,,1/1/00 0:00,,51.7743,30/5/23 19:43,1.62,RIE,Ad Group Recall (Merged)
20230807,1767621207031820 ,US,USCA,,1/1/00 0:00,143.19,102.4201,2/6/23 18:39,1.78,Auction Ads,auction_relation
20230807,1766872708284440 ,FI,Others,,1/1/00 0:00,22.1834,21.1533,25/5/23 13:55,1.56,Auction Ads,auction_all
20230807,1766619756634140 ,BR,BR,,1/1/00 0:00,0.1281,1.445,22/5/23 18:23,1.99,Auction Ads,auction_all
20230807,1766606193127450 ,US,USCA,,1/1/00 0:00,,0.5005,22/5/23 14:46,1.78,Auction Ads,auction_relation
20230807,1766852587185160 ,TH,TH,,1/1/00 0:00,99.08,16.6002,25/5/23 7:55,1.87,RIE,Ad Group Recall (Merged)
20230807,1766945994856490 ,MY,MY,,1/1/00 0:00,21.8251,24.9735,26/5/23 8:31,2.3,RIE,Ad Group Recall (Merged)
20230807,1766675961535480 ,BR,BR,,1/1/00 0:00,,3.4467,23/5/23 9:16,1.99,Auction Ads,auction_all
20230807,1766617039851530 ,KZ,Other,,1/1/00 0:00,2.11,1.2917,22/5/23 18:31,1.62,RIE,Ad Group Recall (Merged)
20230807,1768526399291440 ,US,USCA,,1/1/00 0:00,298.26,193.4073,12/6/23 20:23,1.78,Auction Ads,auction_relation
20230807,1766965186774050 ,CH,Other,,1/1/00 0:00,56.3497,26.7924,26/5/23 14:40,1.62,RIE,Ad Group Recall (Merged)
20230807,1766970849987600 ,RO,Other,,1/1/00 0:00,12.4,27.0703,26/5/23 16:16,1.62,RIE,Ad Group Recall (Merged)
20230807,1766970849987600 ,RO,Other,,1/1/00 0:00,12.4,27.0703,26/5/23 16:16,1.62,RIE,Ad Group Recall (Merged)
20230807,1767830737590270 ,TH,TH,,1/1/00 0:00,439.5797,103.7601,5/6/23 3:11,1.64,Auction Ads,auction_relation
20230807,1767939509571580 ,TW,TW,,1/1/00 0:00,289.4,111.3675,6/6/23 7:57,2.59,RIE,Ad Group Recall (Merged)
20230807,1766940767810560 ,GR,Other,,1/1/00 0:00,21.7366,21.4285,26/5/23 8:23,1.62,RIE,Ad Group Recall (Merged)
20230807,1770596495147050 ,US,USCA,,1/1/00 0:00,1549.43,433.6101,5/7/23 16:53,1.78,Auction Ads,auction_relation
20230807,1766868828322860 ,IT,IT,,1/1/00 0:00,20.1503,16.1686,25/5/23 13:21,1.79,RIE,Ad Group Recall (Merged)
20230807,1766879207554060 ,IL,IL,,1/1/00 0:00,40,17.1469,25/5/23 16:07,1.22,RIE,Ad Group Recall (Merged)
20230807,1766683100822540 ,IT,IT,,1/1/00 0:00,,0.0536,23/5/23 11:06,1.36,Auction Ads,auction_relation
20230807,1766830813472800 ,VN,VN,,1/1/00 0:00,43.27,9.2985,25/5/23 2:18,2.13,RIE,Ad Group Recall (Merged)
20230807,1767282468785180 ,PT,PT,,1/1/00 0:00,1380.99,35.8188,30/5/23 2:34,1.98,Auction Ads,auction_relation
20230807,1767282468785180 ,GR,GR,,1/1/00 0:00,1380.99,35.8188,30/5/23 2:34,2.11,Auction Ads,auction_relation
20230807,1767333738272770 ,ID,ID,,1/1/00 0:00,174.67,43.9351,30/5/23 16:27,2.05,RIE,Ad Group Recall (Merged)
20230807,1766683375192110 ,IT,IT,,1/1/00 0:00,,0.0536,23/5/23 11:14,1.36,Auction Ads,auction_relation
20230807,1771882804124670 ,US,US&CA,,1/1/00 0:00,3338.45,1738.5987,1/8/23 16:00,1.81,RIE,Ad Group Recall (Merged)
20230807,1772468451960840 ,KW,Other,,1/1/00 0:00,801.85,1035.5193,26/7/23 7:48,1.62,RIE,Ad Group Recall (Merged)
20230807,1767033562683390 ,TH,TH,,1/1/00 0:00,309.98,22.3589,27/5/23 8:01,1.87,RIE,Ad Group Recall (Merged)
20230807,1766889673458730 ,BR,BR,,1/1/00 0:00,0.97,12.1462,25/5/23 18:53,1.7,RIE,Ad Group Recall (Merged)
20230807,1766848488487950 ,PK,PK,,1/1/00 0:00,3.7674,5.6388,25/5/23 6:48,1.36,Auction Ads,auction_relation
20230807,1767100160054300 ,AE,MENA,,1/1/00 0:00,63.17,22.3589,28/5/23 1:39,1.67,RIE,Ad Group Recall (Merged)
20230807,1767401714208800 ,TR,TR,,1/1/00 0:00,796.7,42.6247,31/5/23 10:33,1.63,RIE,Ad Group Recall (Merged)
20230807,1767100264605710 ,AE,MENA,,1/1/00 0:00,42.7,22.3589,28/5/23 1:42,1.67,RIE,Ad Group Recall (Merged)
20230807,1766778933749790 ,IT,IT,,1/1/00 0:00,0.3,0.2613,24/5/23 12:32,1.36,Auction Ads,auction_relation
20230807,1766779643669520 ,IT,IT,,1/1/00 0:00,,0.1165,24/5/23 12:39,1.36,Auction Ads,auction_relation
20230807,1766781907267630 ,IT,IT,,1/1/00 0:00,,0.5863,24/5/23 13:05,1.36,Auction Ads,auction_relation
20230807,1767196837927980 ,AU,AU,,1/1/00 0:00,536.14,22.3589,29/5/23 3:15,1.84,RIE,Ad Group Recall (Merged)
20230807,1768194028233760 ,ID,ID,,1/1/00 0:00,393.49,130.9053,9/6/23 3:26,2.05,RIE,Ad Group Recall (Merged)
20230807,1768194032787470 ,ID,ID,,1/1/00 0:00,500,130.9053,9/6/23 3:26,2.05,RIE,Ad Group Recall (Merged)
20230807,1767580337306670 ,FR,FR,,1/1/00 0:00,292.65,63.2107,2/6/23 8:32,1.76,RIE,Ad Group Recall (Merged)
20230807,1768194320661530 ,ID,ID,,1/1/00 0:00,500,130.9053,9/6/23 3:31,2.05,RIE,Ad Group Recall (Merged)
20230807,1768196935355420 ,ID,ID,,1/1/00 0:00,199.45,130.9053,9/6/23 4:10,2.05,RIE,Ad Group Recall (Merged)
20230807,1768196928927790 ,ID,ID,,1/1/00 0:00,100,130.9053,9/6/23 4:10,2.05,RIE,Ad Group Recall (Merged)
20230807,1766849084792830 ,IT,IT,,1/1/00 0:00,0.1,0.1352,25/5/23 6:57,1.36,Auction Ads,auction_relation
20230807,1767498558681130 ,KW,Other,,1/1/00 0:00,82.6065,49.2961,1/6/23 11:06,1.62,RIE,Ad Group Recall (Merged)
20230807,1766852554950650 ,IT,IT,,1/1/00 0:00,,0.5863,25/5/23 8:01,1.36,Auction Ads,auction_relation
20230807,1766852712037370 ,IT,IT,,1/1/00 0:00,,0.5863,25/5/23 8:01,1.36,Auction Ads,auction_relation
20230807,1766935200354300 ,JP,JP,,1/1/00 0:00,0,3.3451,26/5/23 5:54,2.16,Auction Ads,auction_all
20230807,1767307616224250 ,MA,Other,,1/1/00 0:00,20.2032,22.2991,30/5/23 8:33,1.62,RIE,Ad Group Recall (Merged)
20230807,1767308219636750 ,MA,Other,,1/1/00 0:00,20.2556,22.2991,30/5/23 8:44,1.62,RIE,Ad Group Recall (Merged)
20230807,1767308668538930 ,MA,Other,,1/1/00 0:00,20.5319,22.2991,30/5/23 8:51,1.62,RIE,Ad Group Recall (Merged)
20230807,1767283725607980 ,PE,Other,,1/1/00 0:00,49.6615,20.6851,30/5/23 5:00,1.62,RIE,Ad Group Recall (Merged)
20230807,1766926464372750 ,TH,TH,,1/1/00 0:00,10.1074,0.6873,26/5/23 3:35,1.64,Auction Ads,auction_relation
20230807,1767066754948140 ,ID,ID,,1/1/00 0:00,48.94,10.4628,27/5/23 15:44,2.05,RIE,Ad Group Recall (Merged)
20230807,1769111462243340 ,NO,Others,,1/1/00 0:00,237.1471,229.0915,19/6/23 15:00,1.56,Auction Ads,auction_all
20230807,1768284763360280 ,TH,TH,,1/1/00 0:00,143.5121,130.4993,10/6/23 3:36,1.64,Auction Ads,auction_relation
20230807,1767394530563070 ,NO,Other,,1/1/00 0:00,39.477,26.3754,31/5/23 8:31,1.62,RIE,Ad Group Recall (Merged)
20230807,1766963523224610 ,AU,AU,,1/1/00 0:00,0.47,0.9887,26/5/23 13:26,1.84,Auction Ads,auction_relation
20230807,1767258466014240 ,KW,Other,,1/1/00 0:00,22.8187,14.0463,29/5/23 19:34,1.62,RIE,Ad Group Recall (Merged)
20230807,1766965890611230 ,US,USCA,,1/1/00 0:00,,0.2405,26/5/23 13:49,1.78,Auction Ads,auction_relation
20230807,1766966101159930 ,US,USCA,,1/1/00 0:00,,0.2405,26/5/23 14:07,1.78,Auction Ads,auction_relation
20230807,1767488290791470 ,PK,Other,,1/1/00 0:00,120.85,33.3525,1/6/23 8:23,1.62,RIE,Ad Group Recall (Merged)
20230807,1766969193289760 ,US,USCA,,1/1/00 0:00,0.2,0.259,26/5/23 14:54,1.78,Auction Ads,auction_relation
20230807,1767488469978110 ,PK,Other,,1/1/00 0:00,121.35,33.3525,1/6/23 8:31,1.62,RIE,Ad Group Recall (Merged)
20230807,1766969385722890 ,US,USCA,,1/1/00 0:00,0.24,0.259,26/5/23 14:59,1.78,Auction Ads,auction_relation
20230807,1767488589153340 ,PK,Other,,1/1/00 0:00,121.6,33.3525,1/6/23 8:33,1.62,RIE,Ad Group Recall (Merged)
20230807,1767410999795740 ,SE,SE,,1/1/00 0:00,,25.4468,31/5/23 12:02,1.4,Auction Ads,auction_relation
20230807,1767410999795740 ,SE,SE,,1/1/00 0:00,,25.4468,31/5/23 12:02,1.4,Auction Ads,auction_relation
20230807,1767488736137230 ,PK,Other,,1/1/00 0:00,121.08,33.3525,1/6/23 8:35,1.62,RIE,Ad Group Recall (Merged)
20230807,1767055631496200 ,SA,MENA,,1/1/00 0:00,2.0283,3.4257,27/5/23 20:00,1.67,RIE,Ad Group Recall (Merged)
20230807,1767349061038110 ,AE,MENA,,1/1/00 0:00,17.82,20.5787,31/5/23 4:59,1.67,RIE,Ad Group Recall (Merged)
20230807,1767400069406720 ,IL,IL,,1/1/00 0:00,8.17,22.8076,31/5/23 9:56,1.52,Auction Ads,auction_relation
20230807,1767314601717760 ,IT,IT,,1/1/00 0:00,,12.6114,30/5/23 10:21,1.36,Auction Ads,auction_relation
20230807,1767181418394640 ,AE,MENA,,1/1/00 0:00,21.83,2.245,29/5/23 0:07,1.78,Auction Ads,auction_relation
20230807,1767181418394640 ,AE,MENA,,1/1/00 0:00,21.83,2.245,29/5/23 0:07,1.78,Auction Ads,auction_relation
20230807,1767576886124540 ,TR,TR,,1/1/00 0:00,272.48,44.4878,2/6/23 7:56,0.83,Auction Ads,auction_relation
20230807,1768082773067790 ,US,USCA,,1/1/00 0:00,0,108.3464,8/6/23 14:00,1.78,Auction Ads,auction_relation
20230807,1767315353809930 ,DE,DE,,1/1/00 0:00,0.1761,8.9387,30/5/23 10:35,1.01,Auction Ads,auction_relation
20230807,1767222734325840 ,PH,Other,,1/1/00 0:00,41.67,0.5761,29/5/23 10:03,1.62,RIE,Ad Group Recall (Merged)
20230807,1767223349255200 ,GB,GB,,1/1/00 0:00,,0.5744,29/5/23 10:13,1.76,Auction Ads,auction_relation
20230807,1767317340172330 ,DE,DE,,1/1/00 0:00,0.3191,7.8613,30/5/23 11:05,1.01,Auction Ads,auction_relation
20230807,1767223792027660 ,US,USCA,,1/1/00 0:00,,0.3361,29/5/23 10:21,1.78,Auction Ads,auction_relation
20230807,1767508922562560 ,KR,KR,,1/1/00 0:00,40.6066,29.1331,1/6/23 13:49,2.37,Auction Ads,auction_relation
20230807,1767310037765180 ,KW,Other,,1/1/00 0:00,20.57,4.5061,30/5/23 9:15,1.62,RIE,Ad Group Recall (Merged)
20230807,1771106340753400 ,AU,AU,,1/1/00 0:00,885.2792,491.9031,11/7/23 6:56,1.84,Auction Ads,auction_relation
20230807,1771106340753400 ,GB,GB,,1/1/00 0:00,885.2792,491.9031,11/7/23 6:56,1.76,Auction Ads,auction_relation
20230807,1767510127037450 ,DE,DE,,1/1/00 0:00,37.5713,28.48,1/6/23 15:16,1.01,Auction Ads,auction_relation
20230807,1767510127037450 ,AT,AT,,1/1/00 0:00,37.5713,28.48,1/6/23 15:16,0.89,Auction Ads,auction_relation
20230807,1767936715252730 ,FI,Others,,1/1/00 0:00,166.1776,141.4565,11/6/23 22:00,1.56,Auction Ads,auction_all
20230807,1769457176770570 ,JP,JP,,1/1/00 0:00,135.9743,257.2569,23/6/23 1:48,2.16,Auction Ads,auction_all
20230807,1767395338356730 ,DE,DE,,1/1/00 0:00,36.0272,19.5506,1/6/23 9:00,1.01,Auction Ads,auction_relation
20230807,1767334528777260 ,GB,GB,,1/1/00 0:00,56.1837,19.5506,1/6/23 9:00,1.76,Auction Ads,auction_relation
20230807,1767506973072410 ,TH,TH,,1/1/00 0:00,282.13,22.3589,1/6/23 13:25,1.87,RIE,Ad Group Recall (Merged)
20230807,1767395843349500 ,FR,FR,,1/1/00 0:00,55.3807,19.5506,1/6/23 9:00,1.97,Auction Ads,auction_relation
20230807,1767318505141280 ,AU,AU,,1/1/00 0:00,0.154,0.9973,30/5/23 11:15,1.84,Auction Ads,auction_relation
20230807,1767507123456010 ,TH,TH,,1/1/00 0:00,185.55,22.3589,1/6/23 13:28,1.87,RIE,Ad Group Recall (Merged)
20230807,1767533787550730 ,MX,MX,,1/1/00 0:00,301.05,24.4114,1/6/23 21:25,1.99,Auction Ads,auction_all
20230807,1767399273548830 ,AU,AU,,1/1/00 0:00,39.77,5.5649,31/5/23 8:44,1.84,Auction Ads,auction_relation
20230807,1767399273548830 ,NZ,NZ,,1/1/00 0:00,39.77,5.5649,31/5/23 8:44,1.58,Auction Ads,auction_relation
20230807,1767438128067580 ,SA,MENA,,1/1/00 0:00,14.5094,9.6129,31/5/23 19:12,1.78,Auction Ads,auction_relation
20230807,1767320340761630 ,BR,BR,,1/1/00 0:00,,0.4368,30/5/23 11:58,1.99,Auction Ads,auction_all
20230807,1767320365642750 ,BR,BR,,1/1/00 0:00,0.01,0.4368,30/5/23 11:58,1.99,Auction Ads,auction_all
20230807,1767320329432110 ,BR,BR,,1/1/00 0:00,0,0.4368,30/5/23 11:58,1.99,Auction Ads,auction_all
20230807,1767320350850090 ,BR,BR,,1/1/00 0:00,0.02,0.4368,30/5/23 11:58,1.99,Auction Ads,auction_all
20230807,1767320370319410 ,BR,BR,,1/1/00 0:00,,0.4368,30/5/23 11:58,1.99,Auction Ads,auction_all
20230807,1767320369479730 ,BR,BR,,1/1/00 0:00,0,0.4368,30/5/23 11:58,1.99,Auction Ads,auction_all
20230807,1767320362033180 ,BR,BR,,1/1/00 0:00,0.03,0.4368,30/5/23 11:58,1.99,Auction Ads,auction_all
20230807,1767594840576010 ,IT,IT,,1/1/00 0:00,1062.0328,47.3839,2/6/23 11:09,1.36,Auction Ads,auction_relation
20230807,1767594840576010 ,GR,GR,,1/1/00 0:00,1062.0328,47.3839,2/6/23 11:09,2.11,Auction Ads,auction_relation
20230807,1767594840576010 ,NO,Others,,1/1/00 0:00,1062.0328,47.3839,2/6/23 11:09,1.56,Auction Ads,auction_all
20230807,1767594840576010 ,FI,Others,,1/1/00 0:00,1062.0328,47.3839,2/6/23 11:09,1.56,Auction Ads,auction_all
20230807,1767594840576010 ,TW,TW,,1/1/00 0:00,1062.0328,47.3839,2/6/23 11:09,0.95,Auction Ads,auction_relation
20230807,1767594840576010 ,AR,AR,,1/1/00 0:00,1062.0328,47.3839,2/6/23 11:09,2.23,Auction Ads,auction_all
20230807,1767594840576010 ,CO,CO,,1/1/00 0:00,1062.0328,47.3839,2/6/23 11:09,1.93,Auction Ads,auction_all
20230807,1767594840576010 ,MX,MX,,1/1/00 0:00,1062.0328,47.3839,2/6/23 11:09,1.99,Auction Ads,auction_all
20230807,1767594840576010 ,KH,KH,,1/1/00 0:00,1062.0328,47.3839,2/6/23 11:09,1.5,Auction Ads,auction_relation
20230807,1767594840576010 ,SA,MENA,,1/1/00 0:00,1062.0328,47.3839,2/6/23 11:09,1.78,Auction Ads,auction_relation
20230807,1767594840576010 ,CL,CL,,1/1/00 0:00,1062.0328,47.3839,2/6/23 11:09,1.85,Auction Ads,auction_all
20230807,1767594840576010 ,PT,PT,,1/1/00 0:00,1062.0328,47.3839,2/6/23 11:09,1.98,Auction Ads,auction_relation
20230807,1767594840576010 ,ID,ID,,1/1/00 0:00,1062.0328,47.3839,2/6/23 11:09,1.8,Auction Ads,auction_relation
20230807,1767594840576010 ,CA,USCA,,1/1/00 0:00,1062.0328,47.3839,2/6/23 11:09,1.78,Auction Ads,auction_relation
20230807,1767594840576010 ,DK,DK,,1/1/00 0:00,1062.0328,47.3839,2/6/23 11:09,1.31,Auction Ads,auction_relation
20230807,1767594840576010 ,BE,BE,,1/1/00 0:00,1062.0328,47.3839,2/6/23 11:09,1.15,Auction Ads,auction_relation
20230807,1767594840576010 ,DE,DE,,1/1/00 0:00,1062.0328,47.3839,2/6/23 11:09,1.01,Auction Ads,auction_relation
20230807,1767594840576010 ,NL,NL,,1/1/00 0:00,1062.0328,47.3839,2/6/23 11:09,1.19,Auction Ads,auction_relation
20230807,1767594840576010 ,HU,Others,,1/1/00 0:00,1062.0328,47.3839,2/6/23 11:09,1.56,Auction Ads,auction_all
20230807,1767594840576010 ,PE,PE,,1/1/00 0:00,1062.0328,47.3839,2/6/23 11:09,1.68,Auction Ads,auction_all
20230807,1767594840576010 ,TH,TH,,1/1/00 0:00,1062.0328,47.3839,2/6/23 11:09,1.64,Auction Ads,auction_relation
20230807,1767594840576010 ,MY,MY,,1/1/00 0:00,1062.0328,47.3839,2/6/23 11:09,2.31,Auction Ads,auction_relation
20230807,1767594840576010 ,ES,ES,,1/1/00 0:00,1062.0328,47.3839,2/6/23 11:09,1.37,Auction Ads,auction_relation
20230807,1767594840576010 ,IE,IE,,1/1/00 0:00,1062.0328,47.3839,2/6/23 11:09,1.52,Auction Ads,auction_relation
20230807,1767594840576010 ,EC,Others,,1/1/00 0:00,1062.0328,47.3839,2/6/23 11:09,1.56,Auction Ads,auction_all
20230807,1767594840576010 ,SE,SE,,1/1/00 0:00,1062.0328,47.3839,2/6/23 11:09,1.4,Auction Ads,auction_relation
20230807,1767594840576010 ,CH,CH,,1/1/00 0:00,1062.0328,47.3839,2/6/23 11:09,0.93,Auction Ads,auction_relation
20230807,1767594840576010 ,US,USCA,,1/1/00 0:00,1062.0328,47.3839,2/6/23 11:09,1.78,Auction Ads,auction_relation
20230807,1767594840576010 ,ZA,ZA,,1/1/00 0:00,1062.0328,47.3839,2/6/23 11:09,1.4,Auction Ads,auction_relation
20230807,1767594840576010 ,BR,BR,,1/1/00 0:00,1062.0328,47.3839,2/6/23 11:09,1.99,Auction Ads,auction_all
20230807,1767594840576010 ,IL,IL,,1/1/00 0:00,1062.0328,47.3839,2/6/23 11:09,1.52,Auction Ads,auction_relation
20230807,1767594840576010 ,EG,MENA,,1/1/00 0:00,1062.0328,47.3839,2/6/23 11:09,1.78,Auction Ads,auction_relation
20230807,1767594840576010 ,RO,RO,,1/1/00 0:00,1062.0328,47.3839,2/6/23 11:09,1.94,Auction Ads,auction_relation
20230807,1767594840576010 ,FR,FR,,1/1/00 0:00,1062.0328,47.3839,2/6/23 11:09,1.97,Auction Ads,auction_relation
20230807,1767594840576010 ,AT,AT,,1/1/00 0:00,1062.0328,47.3839,2/6/23 11:09,0.89,Auction Ads,auction_relation
20230807,1767594840576010 ,JO,Others,,1/1/00 0:00,1062.0328,47.3839,2/6/23 11:09,1.56,Auction Ads,auction_all
20230807,1767594840576010 ,PL,PL,,1/1/00 0:00,1062.0328,47.3839,2/6/23 11:09,1.64,Auction Ads,auction_relation
20230807,1767594840576010 ,TR,TR,,1/1/00 0:00,1062.0328,47.3839,2/6/23 11:09,0.83,Auction Ads,auction_relation
20230807,1767594840576010 ,JP,JP,,1/1/00 0:00,1062.0328,47.3839,2/6/23 11:09,2.16,Auction Ads,auction_all
20230807,1767415300743250 ,NO,Other,,1/1/00 0:00,46.2175,12.2097,1/6/23 9:00,1.62,RIE,Ad Group Recall (Merged)
20230807,1767473666922510 ,TH,TH,,1/1/00 0:00,114.5764,7.7748,1/6/23 4:36,1.64,Auction Ads,auction_relation
20230807,1767415298389000 ,US,US&CA,,1/1/00 0:00,124.56,3.0644,31/5/23 13:11,1.81,RIE,Ad Group Recall (Merged)
20230807,1767578117825530 ,SA,MENA,,1/1/00 0:00,409.65,24.7018,2/6/23 8:15,1.67,RIE,Ad Group Recall (Merged)
20230807,1767415362667530 ,US,US&CA,,1/1/00 0:00,19.52,3.0644,31/5/23 13:11,1.81,RIE,Ad Group Recall (Merged)
20230807,1767566275365920 ,IL,IL,,1/1/00 0:00,571.07,22.3589,2/6/23 5:08,1.22,RIE,Ad Group Recall (Merged)
20230807,1767407389912090 ,SA,MENA,,1/1/00 0:00,1.23,4.4026,31/5/23 21:01,1.67,RIE,Ad Group Recall (Merged)
20230807,1767518496961560 ,DE,DE,,1/1/00 0:00,16.07,12.7558,1/6/23 12:27,1.01,Auction Ads,auction_relation
20230807,1767411828969500 ,GB,GB,,1/1/00 0:00,0.15,1.0683,31/5/23 12:05,1.76,Auction Ads,auction_relation
20230807,1767494524672000 ,ID,ID,,1/1/00 0:00,97.44,10.4628,1/6/23 9:50,2.05,RIE,Ad Group Recall (Merged)
20230807,1767423192534060 ,IT,IT,,1/1/00 0:00,,0.7376,31/5/23 15:11,1.36,Auction Ads,auction_relation
20230807,1769297200764940 ,ID,ID,,1/1/00 0:00,1000,211.185,21/6/23 7:41,2.05,RIE,Ad Group Recall (Merged)
20230807,1769297200664590 ,ID,ID,,1/1/00 0:00,500,211.185,21/6/23 7:41,2.05,RIE,Ad Group Recall (Merged)
20230807,1767431629723660 ,AU,AU,,1/1/00 0:00,0.011,0.5091,31/5/23 17:28,1.84,Auction Ads,auction_relation
20230807,1771941432681470 ,TW,TW,,1/1/00 0:00,703.73,752.9052,20/7/23 12:54,2.59,RIE,Ad Group Recall (Merged)
20230807,1767486338996250 ,BR,BR,,1/1/00 0:00,0.71,0.4857,1/6/23 7:53,1.99,Auction Ads,auction_all
20230807,1767486706189340 ,SG,Other,,1/1/00 0:00,30.73,0,1/6/23 7:39,1.62,RIE,Ad Group Recall (Merged)
20230807,1768031935350830 ,EC,Other,,1/1/00 0:00,275.29,67.5172,7/6/23 9:29,1.62,RIE,Ad Group Recall (Merged)
20230807,1767492704320520 ,CA,US&CA,,1/1/00 0:00,6.7743,3.224,1/6/23 10:22,1.81,RIE,Ad Group Recall (Merged)
20230807,1768033935086610 ,KW,Other,,1/1/00 0:00,20.36,67.5172,7/6/23 9:58,1.62,RIE,Ad Group Recall (Merged)
20230807,1772573626400800 ,JP,JP,,1/1/00 0:00,578.53,1068.7755,27/7/23 11:38,3.21,RIE,Ad Group Recall (Merged)
20230807,1772573645627500 ,JP,JP,,1/1/00 0:00,602.32,1068.7755,27/7/23 11:38,3.21,RIE,Ad Group Recall (Merged)
20230807,1767503119530010 ,IT,IT,,1/1/00 0:00,0.14,0.138,1/6/23 12:14,1.36,Auction Ads,auction_relation
20230807,1767882283189260 ,AR,Other,,1/1/00 0:00,12.83,45.0693,5/6/23 16:48,1.62,RIE,Ad Group Recall (Merged)
20230807,1767991666018320 ,US,US&CA,,1/1/00 0:00,69.98,56.4176,6/6/23 22:45,1.81,RIE,Ad Group Recall (Merged)
20230807,1767513605263420 ,AU,AU,,1/1/00 0:00,0,0.5091,1/6/23 15:06,1.84,Auction Ads,auction_relation
20230807,1767576583412840 ,AU,AU,,1/1/00 0:00,29.2168,11.7342,2/6/23 8:49,1.84,Auction Ads,auction_relation
20230807,1767576583412840 ,SE,SE,,1/1/00 0:00,29.2168,11.7342,2/6/23 8:49,1.4,Auction Ads,auction_relation
20230807,1767576583412840 ,US,USCA,,1/1/00 0:00,29.2168,11.7342,2/6/23 8:49,1.78,Auction Ads,auction_relation
20230807,1767576583412840 ,NL,NL,,1/1/00 0:00,29.2168,11.7342,2/6/23 8:49,1.19,Auction Ads,auction_relation
20230807,1767576583412840 ,DK,DK,,1/1/00 0:00,29.2168,11.7342,2/6/23 8:49,1.31,Auction Ads,auction_relation
20230807,1767576583412840 ,NO,Others,,1/1/00 0:00,29.2168,11.7342,2/6/23 8:49,1.56,Auction Ads,auction_all
20230807,1767565549913130 ,US,US&CA,,1/1/00 0:00,2.78,3.9327,2/6/23 4:57,1.81,RIE,Ad Group Recall (Merged)
20230807,1767565549913130 ,US,USCA,,1/1/00 0:00,2.78,3.9327,2/6/23 4:57,1.78,Auction Ads,auction_relation
20230807,1767565549913130 ,US,US&CA,,1/1/00 0:00,2.78,3.9327,2/6/23 4:57,1.81,RIE,Ad Group Recall (Merged)
20230807,1767565549913130 ,US,USCA,,1/1/00 0:00,2.78,3.9327,2/6/23 4:57,1.78,Auction Ads,auction_relation
20230807,1767565549913130 ,US,USCA,,1/1/00 0:00,2.78,3.9327,2/6/23 4:57,1.78,Auction Ads,auction_relation
20230807,1768001467525160 ,US,USCA,,1/1/00 0:00,72.39,51.6756,7/6/23 0:13,1.78,Auction Ads,auction_relation
20230807,1771184467518490 ,GB,GB,,1/1/00 0:00,1712.3548,491.9031,12/7/23 3:18,1.76,Auction Ads,auction_relation
20230807,1771184589462560 ,AU,AU,,1/1/00 0:00,2241.3061,491.9031,12/7/23 3:40,1.84,Auction Ads,auction_relation
20230807,1771184589462560 ,GB,GB,,1/1/00 0:00,2241.3061,491.9031,12/7/23 3:40,1.76,Auction Ads,auction_relation
20230807,1767680895146030 ,KR,KR,,1/1/00 0:00,1935.08,29.9018,3/6/23 11:26,2.18,RIE,Ad Group Recall (Merged)
20230807,1771196974817320 ,US,USCA,,1/1/00 0:00,401.6257,491.9031,12/7/23 6:56,1.78,Auction Ads,auction_relation
20230807,1767590841580570 ,TH,TH,,1/1/00 0:00,37.35,17.8865,2/6/23 11:38,1.87,RIE,Ad Group Recall (Merged)
20230807,1768682024316960 ,FR,FR,,1/1/00 0:00,86.1644,128.4921,14/6/23 13:40,1.97,Auction Ads,auction_relation
20230807,1767588227204090 ,DE,DE,,1/1/00 0:00,22.0706,14.3719,2/6/23 12:00,1.01,Auction Ads,auction_relation
20230807,1769856726104090 ,KR,KR,,1/1/00 0:00,936.7729,246.2806,27/6/23 11:36,2.18,RIE,Ad Group Recall (Merged)
20230807,1768584603287570 ,CO,Other,,1/1/00 0:00,593.38,113.6193,13/6/23 11:45,1.62,RIE,Ad Group Recall (Merged)
20230807,1768584603287570 ,MX,Other,,1/1/00 0:00,593.38,113.6193,13/6/23 11:45,1.62,RIE,Ad Group Recall (Merged)
20230807,1769387087804440 ,MX,MX,,1/1/00 0:00,268.0092,193.73,22/6/23 7:25,1.99,Auction Ads,auction_all
20230807,1768584850349080 ,EC,Other,,1/1/00 0:00,296.22,113.6193,13/6/23 11:56,1.62,RIE,Ad Group Recall (Merged)
20230807,1767225658135550 ,DE,DE,,1/1/00 0:00,21.7481,16.4516,4/6/23 5:26,1.6,RIE,Ad Group Recall (Merged)
20230807,1767613297744890 ,ID,ID,,1/1/00 0:00,64.79,10.4628,2/6/23 17:30,2.05,RIE,Ad Group Recall (Merged)
20230807,1767617443823650 ,TH,TH,,1/1/00 0:00,5.3533,5.7135,2/6/23 18:41,1.87,RIE,Ad Group Recall (Merged)
20230807,1767619212549170 ,TH,TH,,1/1/00 0:00,0.3915,5.7135,2/6/23 19:06,1.87,RIE,Ad Group Recall (Merged)
20230807,1767843527414780 ,VN,VN,,1/1/00 0:00,56.0531,10.7937,5/6/23 4:08,2.13,RIE,Ad Group Recall (Merged)
20230807,1767606274379770 ,VN,VN,,1/1/00 0:00,4.8633,3.145,2/6/23 15:40,2.14,Auction Ads,auction_relation
20230807,1767606274379770 ,VN,VN,,1/1/00 0:00,4.8633,3.145,2/6/23 15:40,2.14,Auction Ads,auction_relation
20230807,1767769212531740 ,ES,ES,,1/1/00 0:00,2.9818,9.3317,4/6/23 11:41,1.37,Auction Ads,auction_relation
20230807,1768452442808330 ,AU,AU,,1/1/00 0:00,141.6729,87.067,12/6/23 4:30,1.84,Auction Ads,auction_relation
20230807,1767620747916320 ,TH,TH,,1/1/00 0:00,0.7086,5.7135,2/6/23 19:34,1.87,RIE,Ad Group Recall (Merged)
20230807,1767620809803790 ,TH,TH,,1/1/00 0:00,0.8387,5.7135,2/6/23 19:34,1.87,RIE,Ad Group Recall (Merged)
20230807,1768452057535500 ,AU,AU,,1/1/00 0:00,252.7235,87.067,12/6/23 4:30,1.84,Auction Ads,auction_relation
20230807,1767930257323040 ,JO,Other,,1/1/00 0:00,50,14.7061,6/6/23 5:33,1.62,RIE,Ad Group Recall (Merged)
20230807,1767852062219260 ,ID,ID,,1/1/00 0:00,38.79,10.1723,5/6/23 8:52,2.05,RIE,Ad Group Recall (Merged)
20230807,1768207439224840 ,PK,PK,,1/1/00 0:00,67.6135,48.2544,9/6/23 6:56,1.36,Auction Ads,auction_relation
20230807,1767872928640000 ,SA,MENA,,1/1/00 0:00,20.0986,9.6129,5/6/23 14:22,1.78,Auction Ads,auction_relation
20230807,1767866138497040 ,ES,ES,,1/1/00 0:00,39.1,5.9989,5/6/23 5:00,1.79,RIE,Ad Group Recall (Merged)
20230807,1767686425946160 ,MY,MY,,1/1/00 0:00,9.4649,3.4133,3/6/23 20:30,2.3,RIE,Ad Group Recall (Merged)
20230807,1767615989719090 ,DE,DE,,1/1/00 0:00,22.2296,0.1762,2/6/23 19:13,1.01,Auction Ads,auction_relation
20230807,1767615989719090 ,AT,AT,,1/1/00 0:00,22.2296,0.1762,2/6/23 19:13,0.89,Auction Ads,auction_relation
20230807,1767908976612350 ,SA,MENA,,1/1/00 0:00,13.3169,10.4047,5/6/23 23:54,1.78,Auction Ads,auction_relation
20230807,1768029247317100 ,TR,TR,,1/1/00 0:00,28.8913,22.5092,7/6/23 7:40,1.63,RIE,Ad Group Recall (Merged)
20230807,1768033175956480 ,AE,MENA,,1/1/00 0:00,78.32,22.3589,7/6/23 8:50,1.67,RIE,Ad Group Recall (Merged)
20230807,1768517218749470 ,US,USCA,,1/1/00 0:00,100.88,88.5083,12/6/23 17:53,1.78,Auction Ads,auction_relation
20230807,1768517218749470 ,US,USCA,,1/1/00 0:00,100.88,88.5083,12/6/23 17:53,1.78,Auction Ads,auction_relation
20230807,1767903786687500 ,AE,MENA,,1/1/00 0:00,0.07,7.5364,5/6/23 22:37,1.67,RIE,Ad Group Recall (Merged)
20230807,1769439727635450 ,CA,US&CA,,1/1/00 0:00,292.564,193.5405,22/6/23 22:23,1.81,RIE,Ad Group Recall (Merged)
20230807,1767866654266370 ,IL,IL,,1/1/00 0:00,20.2,4.1449,5/6/23 13:50,1.22,RIE,Ad Group Recall (Merged)
20230807,1768142769131550 ,IQ,Other,,1/1/00 0:00,139.05,35.2604,8/6/23 13:47,1.62,RIE,Ad Group Recall (Merged)
20230807,1767940378533920 ,AU,AU,,1/1/00 0:00,1.0055,7.7361,6/6/23 8:14,1.84,Auction Ads,auction_relation
20230807,1767940454823930 ,ZA,ZA,,1/1/00 0:00,21.0855,7.7361,6/6/23 8:16,1.4,Auction Ads,auction_relation
20230807,1767950469899290 ,NO,Other,,1/1/00 0:00,44.0797,12.2097,6/6/23 12:00,1.62,RIE,Ad Group Recall (Merged)
20230807,1769938381744140 ,JP,JP,,1/1/00 0:00,3698.19,230.5827,28/6/23 9:29,3.21,RIE,Ad Group Recall (Merged)
20230807,1767937939366930 ,US,USCA,,1/1/00 0:00,5.7907,5.2992,6/6/23 8:03,1.78,Auction Ads,auction_relation
20230807,1767937939366930 ,US,USCA,,1/1/00 0:00,5.7907,5.2992,6/6/23 8:03,1.78,Auction Ads,auction_relation
20230807,1767938634668080 ,GB,GB,,1/1/00 0:00,9.8862,5.21,6/6/23 8:43,1.76,Auction Ads,auction_relation
20230807,1768050653294640 ,US,USCA,,1/1/00 0:00,20,20,7/6/23 14:27,1.78,Auction Ads,auction_relation
20230807,1767938767037480 ,GB,GB,,1/1/00 0:00,2.7609,5.21,6/6/23 8:49,1.76,Auction Ads,auction_relation
20230807,1767938827986940 ,US,USCA,,1/1/00 0:00,8.7413,5.2992,6/6/23 8:51,1.78,Auction Ads,auction_relation
20230807,1767938827986940 ,US,USCA,,1/1/00 0:00,8.7413,5.2992,6/6/23 8:51,1.78,Auction Ads,auction_relation
20230807,1768013240315950 ,ID,ID,,1/1/00 0:00,30.17,11.0573,7/6/23 3:20,1.8,Auction Ads,auction_relation
20230807,1767940863498270 ,US,USCA,,1/1/00 0:00,27.5519,5.4164,6/6/23 9:18,1.78,Auction Ads,auction_relation
20230807,1767940863498270 ,IE,IE,,1/1/00 0:00,27.5519,5.4164,6/6/23 9:18,1.52,Auction Ads,auction_relation
20230807,1767940863498270 ,BE,BE,,1/1/00 0:00,27.5519,5.4164,6/6/23 9:18,1.15,Auction Ads,auction_relation
20230807,1767940863498270 ,PT,PT,,1/1/00 0:00,27.5519,5.4164,6/6/23 9:18,1.98,Auction Ads,auction_relation
20230807,1767940863498270 ,CA,USCA,,1/1/00 0:00,27.5519,5.4164,6/6/23 9:18,1.78,Auction Ads,auction_relation
20230807,1767940863498270 ,HU,Others,,1/1/00 0:00,27.5519,5.4164,6/6/23 9:18,1.56,Auction Ads,auction_all
20230807,1767977725077500 ,BR,BR,,1/1/00 0:00,9.785,6.6436,6/6/23 17:52,1.99,Auction Ads,auction_all
20230807,1767980148202540 ,BR,BR,,1/1/00 0:00,9.9005,6.6436,6/6/23 18:40,1.99,Auction Ads,auction_all
20230807,1768066148144130 ,BR,BR,,1/1/00 0:00,11.1441,15.5847,7/6/23 17:32,1.7,RIE,Ad Group Recall (Merged)
20230807,1769191121885210 ,US,US&CA,,1/1/00 0:00,268.54,137.8111,20/6/23 5:26,1.81,RIE,Ad Group Recall (Merged)
20230807,1768022459574270 ,TH,TH,,1/1/00 0:00,5.8942,6.2869,7/6/23 5:48,1.64,Auction Ads,auction_relation
20230807,1767961625077760 ,ID,ID,,1/1/00 0:00,21.63,2.5667,6/6/23 13:52,2.05,RIE,Ad Group Recall (Merged)
20230807,1767961556432940 ,ID,ID,,1/1/00 0:00,39.42,2.5667,6/6/23 13:52,2.05,RIE,Ad Group Recall (Merged)
20230807,1768121660826620 ,AE,MENA,,1/1/00 0:00,117.4472,17.9134,8/6/23 8:15,1.67,RIE,Ad Group Recall (Merged)
20230807,1767334983812110 ,AU,AU,,1/1/00 0:00,2.0796,19.5506,8/6/23 9:00,1.84,Auction Ads,auction_relation
20230807,1767334983812110 ,NZ,NZ,,1/1/00 0:00,2.0796,19.5506,8/6/23 9:00,1.58,Auction Ads,auction_relation
20230807,1768045057352720 ,ID,ID,,1/1/00 0:00,148.74,9.9139,7/6/23 12:46,2.05,RIE,Ad Group Recall (Merged)
20230807,1768117314206770 ,AE,MENA,,1/1/00 0:00,42.66,15.5691,8/6/23 7:07,1.67,RIE,Ad Group Recall (Merged)
20230807,1768148025643020 ,MA,Other,,1/1/00 0:00,20.0765,22.2991,8/6/23 15:09,1.62,RIE,Ad Group Recall (Merged)
20230807,1768014615012400 ,PH,Other,,1/1/00 0:00,202.36,1.8861,7/6/23 3:50,1.62,RIE,Ad Group Recall (Merged)
20230807,1768212623728690 ,VN,VN,,1/1/00 0:00,76.25,27.221,9/6/23 8:16,2.13,RIE,Ad Group Recall (Merged)
20230807,1768387114625020 ,SA,MENA,,1/1/00 0:00,79.6633,33.666,11/6/23 6:26,1.67,RIE,Ad Group Recall (Merged)
20230807,1768103336573960 ,TH,TH,,1/1/00 0:00,14.1737,6.9668,8/6/23 3:17,1.87,RIE,Ad Group Recall (Merged)
20230807,1771766025696300 ,BR,BR,,1/1/00 0:00,553.338,603.9252,18/7/23 13:08,1.99,Auction Ads,auction_all
20230807,1771007802114040 ,JP,JP,,1/1/00 0:00,772.4884,373.5872,10/7/23 4:48,2.16,Auction Ads,auction_all
20230807,1768121022334000 ,DE,DE,,1/1/00 0:00,0.352,7.8613,8/6/23 8:04,1.01,Auction Ads,auction_relation
20230807,1768099748809770 ,MY,MY,,1/1/00 0:00,6.6048,4.9818,8/6/23 2:22,2.3,RIE,Ad Group Recall (Merged)
20230807,1768042239496250 ,ES,ES,,1/1/00 0:00,0.13,0.073,7/6/23 11:12,1.37,Auction Ads,auction_relation
20230807,1768115868649480 ,GB,GB,,1/1/00 0:00,10.4251,6.3864,8/6/23 6:44,1.72,RIE,Ad Group Recall (Merged)
20230807,1768424702730240 ,GB,GB,,1/1/00 0:00,37.57,50.9171,11/6/23 17:27,1.76,Auction Ads,auction_relation
20230807,1768121912715290 ,GB,GB,,1/1/00 0:00,1.8601,6.3864,8/6/23 8:15,1.72,RIE,Ad Group Recall (Merged)
20230807,1768496890671150 ,TH,TH,,1/1/00 0:00,120.4974,56.5174,12/6/23 11:16,1.87,RIE,Ad Group Recall (Merged)
20230807,1765993055479850 ,US,US&CA,,1/1/00 0:00,619.98,0,7/6/23 21:17,1.81,RIE,Ad Group Recall (Merged)
20230807,1768202884455420 ,NO,Others,,1/1/00 0:00,102.288,16.2835,9/6/23 6:45,1.56,Auction Ads,auction_all
20230807,1765993430284280 ,US,US&CA,,1/1/00 0:00,64.92,0,7/6/23 21:27,1.81,RIE,Ad Group Recall (Merged)
20230807,1768131791625210 ,PH,Other,,1/1/00 0:00,20.06,7.0716,8/6/23 10:57,1.62,RIE,Ad Group Recall (Merged)
20230807,1768139233699880 ,GB,GB,,1/1/00 0:00,0,8.4672,8/6/23 12:55,1.76,Auction Ads,auction_relation
20230807,1768139233699880 ,AU,AU,,1/1/00 0:00,0,8.4672,8/6/23 12:55,1.84,Auction Ads,auction_relation
20230807,1768139233699880 ,NZ,NZ,,1/1/00 0:00,0,8.4672,8/6/23 12:55,1.58,Auction Ads,auction_relation
20230807,1771377370310650 ,AT,Other,,1/1/00 0:00,0,491.9031,14/7/23 6:44,1.62,RIE,Ad Group Recall (Merged)
20230807,1768366975438880 ,US,USCA,,1/1/00 0:00,17.92,21.1033,10/6/23 20:21,1.78,Auction Ads,auction_relation
20230807,1768209947252770 ,ID,ID,,1/1/00 0:00,3.4,11.9174,9/6/23 7:33,2.05,RIE,Ad Group Recall (Merged)
20230807,1768122774196240 ,DE,DE,,1/1/00 0:00,0.2,0.1792,8/6/23 8:27,1.01,Auction Ads,auction_relation
20230807,1768205279239170 ,TW,TW,,1/1/00 0:00,0,10.2423,9/6/23 6:17,0.95,Auction Ads,auction_relation
20230807,1768208966026240 ,ID,ID,,1/1/00 0:00,19.6497,14.703,9/6/23 17:00,1.8,Auction Ads,auction_relation
20230807,1768127190150170 ,DE,DE,,1/1/00 0:00,0.24,0.2457,8/6/23 9:36,1.01,Auction Ads,auction_relation
20230807,1768768999525420 ,SA,MENA,,1/1/00 0:00,682.29,78.361,15/6/23 11:45,1.78,Auction Ads,auction_relation
20230807,1768152983361530 ,MA,MA,,1/1/00 0:00,6.9814,4.1796,8/6/23 16:28,1.51,Auction Ads,auction_relation
20230807,1768480423038970 ,SA,MENA,,1/1/00 0:00,109.0832,44.3498,12/6/23 7:15,1.78,Auction Ads,auction_relation
20230807,1768202420928510 ,KW,Other,,1/1/00 0:00,10.13,5.8948,9/6/23 5:19,1.62,RIE,Ad Group Recall (Merged)
20230807,1768239270188090 ,TH,TH,,1/1/00 0:00,55.92,10.8615,9/6/23 15:26,1.87,RIE,Ad Group Recall (Merged)
20230807,1768239265430540 ,TH,TH,,1/1/00 0:00,15.53,10.8615,9/6/23 15:26,1.87,RIE,Ad Group Recall (Merged)
20230807,1770072075447320 ,US,USCA,,1/1/00 0:00,502.03,240.8265,1/7/23 5:01,1.78,Auction Ads,auction_relation
20230807,1768252926361610 ,BR,BR,,1/1/00 0:00,68.5151,10.1793,9/6/23 19:03,1.99,Auction Ads,auction_all
20230807,1773582987849730 ,BR,,1,7/8/23,,12.6232,,0.54,Non-Auction Ads,Promote
20230807,1768758185876510 ,OM,Other,,1/1/00 0:00,560.8651,72.837,15/6/23 8:50,1.62,RIE,Ad Group Recall (Merged)
20230807,1768758185876510 ,QA,Other,,1/1/00 0:00,560.8651,72.837,15/6/23 8:50,1.62,RIE,Ad Group Recall (Merged)
20230807,1768317151132690 ,SA,MENA,,1/1/00 0:00,20.81,14.2329,10/6/23 12:01,1.67,RIE,Ad Group Recall (Merged)
20230807,1768309048347660 ,GR,GR,,1/1/00 0:00,36.45,11.9509,10/6/23 9:55,2.11,Auction Ads,auction_relation
20230807,1768309048347660 ,TH,TH,,1/1/00 0:00,36.45,11.9509,10/6/23 9:55,1.64,Auction Ads,auction_relation
20230807,1768309048347660 ,PT,PT,,1/1/00 0:00,36.45,11.9509,10/6/23 9:55,1.98,Auction Ads,auction_relation
20230807,1768309048347660 ,PT,PT,,1/1/00 0:00,36.45,11.9509,10/6/23 9:55,1.98,Auction Ads,auction_relation
20230807,1768309048347660 ,GR,GR,,1/1/00 0:00,36.45,11.9509,10/6/23 9:55,2.11,Auction Ads,auction_relation
20230807,1768309048347660 ,PT,PT,,1/1/00 0:00,36.45,11.9509,10/6/23 9:55,1.98,Auction Ads,auction_relation
20230807,1768309048347660 ,GR,GR,,1/1/00 0:00,36.45,11.9509,10/6/23 9:55,2.11,Auction Ads,auction_relation
20230807,1768359387429930 ,BR,BR,,1/1/00 0:00,22.7094,13.4605,10/6/23 23:15,1.7,RIE,Ad Group Recall (Merged)
20230807,1768359387429930 ,BR,BR,,1/1/00 0:00,22.7094,13.4605,10/6/23 23:15,1.99,Auction Ads,auction_all
20230807,1768387496815630 ,SA,MENA,,1/1/00 0:00,21.74,14.2329,11/6/23 6:41,1.67,RIE,Ad Group Recall (Merged)
20230807,1768414885100570 ,SA,MENA,,1/1/00 0:00,,34.6174,11/6/23 13:55,1.78,Auction Ads,auction_relation
20230807,1773565701589040 ,BR,,1,7/8/23,,8.9154,,0.54,Non-Auction Ads,Promote
20230807,1768225911678990 ,DE,DE,,1/1/00 0:00,3.05,2.708,9/6/23 11:46,1.01,Auction Ads,auction_relation
20230807,1770126920429600 ,NO,Other,,1/1/00 0:00,0,222.1427,30/6/23 11:27,1.62,RIE,Ad Group Recall (Merged)
20230807,1768231835431950 ,DE,DE,,1/1/00 0:00,0.25,0.1893,9/6/23 13:24,1.01,Auction Ads,auction_relation
20230807,1773564005497860 ,BR,,1,7/8/23,,3.7262,,0.54,Non-Auction Ads,Promote
20230807,1773371474970620 ,SA,,1,7/8/23,,3.4594,,0.54,Non-Auction Ads,Promote
20230807,1773518080476160 ,SA,,1,7/8/23,,3.4574,,0.54,Non-Auction Ads,Promote
20230807,1772968751779870 ,US,US&CA,,1/1/00 0:00,10271.99,1480.9719,1/8/23 8:00,1.81,RIE,Ad Group Recall (Merged)
20230807,1773572908545020 ,BR,,1,7/8/23,,3.106,,0.54,Non-Auction Ads,Promote
20230807,1773574480253950 ,BR,,1,7/8/23,,3.106,,0.54,Non-Auction Ads,Promote
20230807,1773566488970240 ,BR,,1,7/8/23,,2.938,,0.54,Non-Auction Ads,Promote
20230807,1769053529004120 ,KR,KR,,1/1/00 0:00,1034.32,90.3848,18/6/23 15:09,2.18,RIE,Ad Group Recall (Merged)
20230807,1773503436331010 ,SA,,1,7/8/23,,2.2177,,0.54,Non-Auction Ads,Promote
20230807,1773592832229390 ,BR,,1,7/8/23,,2.0593,,0.54,Non-Auction Ads,Promote
20230807,1773601280308230 ,BR,,1,7/8/23,,2.0201,,0.54,Non-Auction Ads,Promote
20230807,1769402798245900 ,FI,Other,,1/1/00 0:00,421.4124,154.6411,25/6/23 7:00,1.62,RIE,Ad Group Recall (Merged)
20230807,1769401030897660 ,FI,Other,,1/1/00 0:00,422.4363,154.6411,25/6/23 7:00,1.62,RIE,Ad Group Recall (Merged)
20230807,1773589548928000 ,BR,,1,7/8/23,,1.923,,0.54,Non-Auction Ads,Promote
20230807,1773596413761540 ,BR,,1,7/8/23,,1.923,,0.54,Non-Auction Ads,Promote
20230807,1773581046043670 ,BR,,1,7/8/23,,1.4234,,0.54,Non-Auction Ads,Promote
20230807,1773501164837890 ,EG,,1,7/8/23,,1.0962,,0.54,Non-Auction Ads,Promote
20230807,1773483051418630 ,EG,,1,7/8/23,,1.0962,,0.54,Non-Auction Ads,Promote
20230807,1773582565520380 ,BR,,1,7/8/23,,0.98,,0.54,Non-Auction Ads,Promote
20230807,1773495558365180 ,SA,,1,7/8/23,,0.8903,,0.54,Non-Auction Ads,Promote
20230807,1773495558365180 ,SA,,1,7/8/23,,0.8903,,0.54,Non-Auction Ads,Promote
20230807,1773574761373700 ,BR,,1,7/8/23,,0.8804,,0.54,Non-Auction Ads,Promote
20230807,1773529753240570 ,TR,,1,7/8/23,,0.6539,,0.54,Non-Auction Ads,Promote
20230807,1773579496046590 ,BR,,1,7/8/23,,0.3964,,0.54,Non-Auction Ads,Promote
20230807,1773559955833860 ,BR,,1,7/8/23,,0.0696,,0.54,Non-Auction Ads,Promote
20230807,1773564839861250 ,BR,,1,7/8/23,,0.0696,,0.54,Non-Auction Ads,Promote
20230807,1773563870629890 ,BR,,1,7/8/23,,0.0696,,0.54,Non-Auction Ads,Promote
20230807,1773563870629890 ,BR,,1,7/8/23,,0.0696,,0.54,Non-Auction Ads,Promote
20230807,1769323231751200 ,GB,GB,,1/1/00 0:00,33.1469,113.7946,21/6/23 15:30,1.76,Auction Ads,auction_relation
20230807,1768237153171470 ,BE,Other,,1/1/00 0:00,28.0952,27.5366,12/6/23 5:00,1.62,RIE,Ad Group Recall (Merged)
20230807,1769224761290750 ,US,USCA,,1/1/00 0:00,0.96,102.4201,20/6/23 10:22,1.78,Auction Ads,auction_relation
20230807,1769224761290750 ,US,USCA,,1/1/00 0:00,0.96,102.4201,20/6/23 10:22,1.78,Auction Ads,auction_relation
20230807,1768496636035120 ,NL,NL,,1/1/00 0:00,49.4613,30.967,12/6/23 11:37,1.19,Auction Ads,auction_relation
20230807,1768496636035120 ,BE,BE,,1/1/00 0:00,49.4613,30.967,12/6/23 11:37,1.15,Auction Ads,auction_relation
20230807,1773502234104830 ,EG,,1,6/8/23,,0.3671,,0.54,Non-Auction Ads,Promote
20230807,1773502777931780 ,EG,,1,6/8/23,,0.3671,,0.54,Non-Auction Ads,Promote
20230807,1773502170108930 ,EG,,1,6/8/23,,0.3671,,0.54,Non-Auction Ads,Promote
20230807,1773483108301820 ,EG,,1,6/8/23,,0.3071,,0.54,Non-Auction Ads,Promote
20230807,1768390483901480 ,NL,NL,,1/1/00 0:00,30.7798,5.1402,11/6/23 8:16,1.19,Auction Ads,auction_relation
20230807,1768390483901480 ,IT,IT,,1/1/00 0:00,30.7798,5.1402,11/6/23 8:16,1.36,Auction Ads,auction_relation
20230807,1768390483901480 ,PL,PL,,1/1/00 0:00,30.7798,5.1402,11/6/23 8:16,1.64,Auction Ads,auction_relation
20230807,1768390483901480 ,DK,DK,,1/1/00 0:00,30.7798,5.1402,11/6/23 8:16,1.31,Auction Ads,auction_relation
20230807,1768390483901480 ,ZA,ZA,,1/1/00 0:00,30.7798,5.1402,11/6/23 8:16,1.4,Auction Ads,auction_relation
20230807,1768390483901480 ,AE,MENA,,1/1/00 0:00,30.7798,5.1402,11/6/23 8:16,1.78,Auction Ads,auction_relation
20230807,1768390483901480 ,PT,PT,,1/1/00 0:00,30.7798,5.1402,11/6/23 8:16,1.98,Auction Ads,auction_relation
20230807,1768390483901480 ,FR,FR,,1/1/00 0:00,30.7798,5.1402,11/6/23 8:16,1.97,Auction Ads,auction_relation
20230807,1768390483901480 ,DE,DE,,1/1/00 0:00,30.7798,5.1402,11/6/23 8:16,1.01,Auction Ads,auction_relation
20230807,1768390483901480 ,NO,Others,,1/1/00 0:00,30.7798,5.1402,11/6/23 8:16,1.56,Auction Ads,auction_all
20230807,1768390483901480 ,SA,MENA,,1/1/00 0:00,30.7798,5.1402,11/6/23 8:16,1.78,Auction Ads,auction_relation
20230807,1768390483901480 ,FI,Others,,1/1/00 0:00,30.7798,5.1402,11/6/23 8:16,1.56,Auction Ads,auction_all
20230807,1768390483901480 ,AE,MENA,,1/1/00 0:00,30.7798,5.1402,11/6/23 8:16,1.78,Auction Ads,auction_relation
20230807,1768390483901480 ,GR,GR,,1/1/00 0:00,30.7798,5.1402,11/6/23 8:16,2.11,Auction Ads,auction_relation
20230807,1768390483901480 ,CH,CH,,1/1/00 0:00,30.7798,5.1402,11/6/23 8:16,0.93,Auction Ads,auction_relation
20230807,1768390483901480 ,SE,SE,,1/1/00 0:00,30.7798,5.1402,11/6/23 8:16,1.4,Auction Ads,auction_relation
20230807,1768800010692690 ,BR,BR,,1/1/00 0:00,110.366,61.3266,15/6/23 19:02,1.99,Auction Ads,auction_all
20230807,1768800010692690 ,BR,BR,,1/1/00 0:00,110.366,61.3266,15/6/23 19:02,1.99,Auction Ads,auction_all
20230807,1768649781426200 ,AU,AU,,1/1/00 0:00,224.8419,41.2526,14/6/23 4:05,1.84,RIE,Ad Group Recall (Merged)
20230807,1772303482271770 ,JP,JP,,1/1/00 0:00,2500,779.08,24/7/23 12:06,3.21,RIE,Ad Group Recall (Merged)
20230807,1768800543977470 ,BR,BR,,1/1/00 0:00,111.252,61.3266,15/6/23 20:04,1.99,Auction Ads,auction_all
20230807,1768800543977470 ,BR,BR,,1/1/00 0:00,111.252,61.3266,15/6/23 20:04,1.99,Auction Ads,auction_all
20230807,1768514280698910 ,GB,GB,,1/1/00 0:00,60.31,27.4043,12/6/23 17:09,1.72,RIE,Ad Group Recall (Merged)
20230807,1772303681254410 ,JP,JP,,1/1/00 0:00,2000,779.08,24/7/23 12:09,3.21,RIE,Ad Group Recall (Merged)
20230807,1768490166303760 ,TR,TR,,1/1/00 0:00,29.6886,22.5092,12/6/23 9:52,1.63,RIE,Ad Group Recall (Merged)
20230807,1768841450628140 ,BR,BR,,1/1/00 0:00,273.4558,64.1146,16/6/23 7:50,1.99,Auction Ads,auction_all
20230807,1768456177573920 ,ID,ID,,1/1/00 0:00,31.7112,16.0017,12/6/23 0:46,1.8,Auction Ads,auction_relation
20230807,1768531438487560 ,DK,DK,,1/1/00 0:00,145.02,25.4086,12/6/23 21:50,1.31,Auction Ads,auction_relation
20230807,1768481761316860 ,TW,TW,,1/1/00 0:00,151.23,15.9795,12/6/23 7:36,0.95,Auction Ads,auction_relation
20230807,1768481761316860 ,TW,TW,,1/1/00 0:00,151.23,15.9795,12/6/23 7:36,0.95,Auction Ads,auction_relation
20230807,1768481059457020 ,TW,TW,,1/1/00 0:00,19.79,14.5643,12/6/23 6:47,2.59,RIE,Ad Group Recall (Merged)
20230807,1768562569979920 ,SA,MENA,,1/1/00 0:00,329.8,24.7018,13/6/23 4:57,1.67,RIE,Ad Group Recall (Merged)
20230807,1768645417688060 ,CA,US&CA,,1/1/00 0:00,101.34,33.3834,14/6/23 2:58,1.81,RIE,Ad Group Recall (Merged)
20230807,1768753317972990 ,MY,MY,,1/1/00 0:00,43.2173,42.9619,15/6/23 7:17,2.31,Auction Ads,auction_relation
20230807,1768468993422360 ,MY,MY,,1/1/00 0:00,11.0182,11.725,12/6/23 4:14,2.3,RIE,Ad Group Recall (Merged)
20230807,1768485307598880 ,ID,ID,,1/1/00 0:00,115.71,14.8845,12/6/23 9:35,2.05,RIE,Ad Group Recall (Merged)
20230807,1769206595318830 ,NL,Other,,1/1/00 0:00,0,85.3829,20/6/23 8:34,1.62,RIE,Ad Group Recall (Merged)
20230807,1773583405689860 ,IT,,1,4/8/23,,0.8974,,0.54,Non-Auction Ads,Promote
20230807,1768408799414300 ,TW,TW,,1/1/00 0:00,10.91,6.1957,11/6/23 11:20,2.59,RIE,Ad Group Recall (Merged)
20230807,1768408799414300 ,KH,Other,,1/1/00 0:00,10.91,6.1957,11/6/23 11:20,1.62,RIE,Ad Group Recall (Merged)
20230807,1768408799414300 ,JO,Other,,1/1/00 0:00,10.91,6.1957,11/6/23 11:20,1.62,RIE,Ad Group Recall (Merged)
20230807,1768408799414300 ,MA,Other,,1/1/00 0:00,10.91,6.1957,11/6/23 11:20,1.62,RIE,Ad Group Recall (Merged)
20230807,1768408799414300 ,CZ,Other,,1/1/00 0:00,10.91,6.1957,11/6/23 11:20,1.62,RIE,Ad Group Recall (Merged)
20230807,1768408799414300 ,BH,Other,,1/1/00 0:00,10.91,6.1957,11/6/23 11:20,1.62,RIE,Ad Group Recall (Merged)
20230807,1768408799414300 ,ID,ID,,1/1/00 0:00,10.91,6.1957,11/6/23 11:20,2.05,RIE,Ad Group Recall (Merged)
20230807,1768408799414300 ,SG,Other,,1/1/00 0:00,10.91,6.1957,11/6/23 11:20,1.62,RIE,Ad Group Recall (Merged)
20230807,1768408799414300 ,RO,Other,,1/1/00 0:00,10.91,6.1957,11/6/23 11:20,1.62,RIE,Ad Group Recall (Merged)
20230807,1768408799414300 ,AU,AU,,1/1/00 0:00,10.91,6.1957,11/6/23 11:20,1.84,RIE,Ad Group Recall (Merged)
20230807,1768408799414300 ,PK,Other,,1/1/00 0:00,10.91,6.1957,11/6/23 11:20,1.62,RIE,Ad Group Recall (Merged)
20230807,1768408799414300 ,EG,MENA,,1/1/00 0:00,10.91,6.1957,11/6/23 11:20,1.67,RIE,Ad Group Recall (Merged)
20230807,1768408799414300 ,AE,MENA,,1/1/00 0:00,10.91,6.1957,11/6/23 11:20,1.67,RIE,Ad Group Recall (Merged)
20230807,1768408799414300 ,GB,GB,,1/1/00 0:00,10.91,6.1957,11/6/23 11:20,1.72,RIE,Ad Group Recall (Merged)
20230807,1768408799414300 ,NZ,Other,,1/1/00 0:00,10.91,6.1957,11/6/23 11:20,1.62,RIE,Ad Group Recall (Merged)
20230807,1768408799414300 ,MY,MY,,1/1/00 0:00,10.91,6.1957,11/6/23 11:20,2.3,RIE,Ad Group Recall (Merged)
20230807,1768408799414300 ,OM,Other,,1/1/00 0:00,10.91,6.1957,11/6/23 11:20,1.62,RIE,Ad Group Recall (Merged)
20230807,1768408799414300 ,KR,KR,,1/1/00 0:00,10.91,6.1957,11/6/23 11:20,2.18,RIE,Ad Group Recall (Merged)
20230807,1768408799414300 ,SA,MENA,,1/1/00 0:00,10.91,6.1957,11/6/23 11:20,1.67,RIE,Ad Group Recall (Merged)
20230807,1768408799414300 ,PL,PL,,1/1/00 0:00,10.91,6.1957,11/6/23 11:20,1.84,RIE,Ad Group Recall (Merged)
20230807,1768408799414300 ,IE,Other,,1/1/00 0:00,10.91,6.1957,11/6/23 11:20,1.62,RIE,Ad Group Recall (Merged)
20230807,1768408799414300 ,TH,TH,,1/1/00 0:00,10.91,6.1957,11/6/23 11:20,1.87,RIE,Ad Group Recall (Merged)
20230807,1768408799414300 ,LB,Other,,1/1/00 0:00,10.91,6.1957,11/6/23 11:20,1.62,RIE,Ad Group Recall (Merged)
20230807,1768408799414300 ,HU,Other,,1/1/00 0:00,10.91,6.1957,11/6/23 11:20,1.62,RIE,Ad Group Recall (Merged)
20230807,1768408799414300 ,QA,Other,,1/1/00 0:00,10.91,6.1957,11/6/23 11:20,1.62,RIE,Ad Group Recall (Merged)
20230807,1768408799414300 ,KW,Other,,1/1/00 0:00,10.91,6.1957,11/6/23 11:20,1.62,RIE,Ad Group Recall (Merged)
20230807,1768408799414300 ,ZA,Other,,1/1/00 0:00,10.91,6.1957,11/6/23 11:20,1.62,RIE,Ad Group Recall (Merged)
20230807,1768408799414300 ,PH,Other,,1/1/00 0:00,10.91,6.1957,11/6/23 11:20,1.62,RIE,Ad Group Recall (Merged)
20230807,1768408799414300 ,CA,US&CA,,1/1/00 0:00,10.91,6.1957,11/6/23 11:20,1.81,RIE,Ad Group Recall (Merged)
20230807,1768408799414300 ,TR,TR,,1/1/00 0:00,10.91,6.1957,11/6/23 11:20,1.63,RIE,Ad Group Recall (Merged)
20230807,1768408799414300 ,BH,Other,,1/1/00 0:00,10.91,6.1957,11/6/23 11:20,1.62,RIE,Ad Group Recall (Merged)
20230807,1768408799414300 ,IQ,Other,,1/1/00 0:00,10.91,6.1957,11/6/23 11:20,1.62,RIE,Ad Group Recall (Merged)
20230807,1770725496981550 ,BR,BR,,1/1/00 0:00,157.86,290.571,7/7/23 2:00,1.99,Auction Ads,auction_all
20230807,1770105795545080 ,CA,US&CA,,1/1/00 0:00,196.51,191.2273,30/6/23 5:33,1.81,RIE,Ad Group Recall (Merged)
20230807,1770105795545080 ,US,US&CA,,1/1/00 0:00,196.51,191.2273,30/6/23 5:33,1.81,RIE,Ad Group Recall (Merged)
20230807,1768758213415930 ,ES,ES,,1/1/00 0:00,87.0413,40.859,15/6/23 9:40,1.37,Auction Ads,auction_relation
20230807,1768597612574720 ,ID,ID,,1/1/00 0:00,12.9328,22.7194,13/6/23 14:14,2.05,RIE,Ad Group Recall (Merged)
20230807,1768497776777230 ,NL,NL,,1/1/00 0:00,23.0403,12.257,12/6/23 12:44,1.19,Auction Ads,auction_relation
20230807,1768497776777230 ,NL,NL,,1/1/00 0:00,23.0403,12.257,12/6/23 12:44,1.19,Auction Ads,auction_relation
20230807,1768461548767280 ,VN,VN,,1/1/00 0:00,1.47,4.6421,12/6/23 2:18,2.14,Auction Ads,auction_relation
20230807,1772531745742850 ,MX,Other,,1/1/00 0:00,2648.7029,910.8157,27/7/23 2:00,1.62,RIE,Ad Group Recall (Merged)
20230807,1768620438755360 ,US,USCA,,1/1/00 0:00,11.23,21.6824,13/6/23 21:23,1.78,Auction Ads,auction_relation
20230807,1768761849063470 ,KZ,Other,,1/1/00 0:00,50.52,34.5317,15/6/23 9:34,1.62,RIE,Ad Group Recall (Merged)
20230807,1769326736514060 ,SA,MENA,,1/1/00 0:00,11.66,87.7077,21/6/23 15:31,1.67,RIE,Ad Group Recall (Merged)
20230807,1768642317244460 ,ID,ID,,1/1/00 0:00,33.0796,20.1607,14/6/23 2:11,1.8,Auction Ads,auction_relation
20230807,1768656371969020 ,AE,MENA,,1/1/00 0:00,222.83,22.3589,14/6/23 5:53,1.67,RIE,Ad Group Recall (Merged)
20230807,1768617748755500 ,SA,MENA,,1/1/00 0:00,24.37,20.5787,14/6/23 5:00,1.67,RIE,Ad Group Recall (Merged)
20230807,1770471129006120 ,SE,Other,,1/1/00 0:00,241.5126,228.7776,4/7/23 13:00,1.62,RIE,Ad Group Recall (Merged)
20230807,1768688984731680 ,US,USCA,,1/1/00 0:00,36.8,21.6824,14/6/23 15:33,1.78,Auction Ads,auction_relation
20230807,1769206569064460 ,TW,TW,,1/1/00 0:00,163.81,68.3667,20/6/23 7:38,2.59,RIE,Ad Group Recall (Merged)
20230807,1768511708015630 ,US,USCA,,1/1/00 0:00,,1.9819,12/6/23 15:35,1.78,Auction Ads,auction_relation
20230807,1768873716811800 ,US,US&CA,,1/1/00 0:00,55.32,45.748,16/6/23 16:17,1.81,RIE,Ad Group Recall (Merged)
20230807,1768845541866530 ,ES,ES,,1/1/00 0:00,86.325,40.859,16/6/23 9:01,1.37,Auction Ads,auction_relation
20230807,1768415461176350 ,BR,BR,,1/1/00 0:00,0.304,4.1825,12/6/23 23:54,1.99,Auction Ads,auction_all
20230807,1768584602300460 ,IT,IT,,1/1/00 0:00,5.5022,8.2559,13/6/23 11:52,1.79,RIE,Ad Group Recall (Merged)
20230807,1768599760629800 ,TH,TH,,1/1/00 0:00,0.1147,9.6459,13/6/23 14:55,1.87,RIE,Ad Group Recall (Merged)
20230807,1768567471027240 ,ID,ID,,1/1/00 0:00,4.47,4.4366,13/6/23 6:08,1.8,Auction Ads,auction_relation
20230807,1769886996868090 ,US,US&CA,,1/1/00 0:00,388.17,193.8163,1/7/23 18:00,1.81,RIE,Ad Group Recall (Merged)
20230807,1768568935997480 ,ID,ID,,1/1/00 0:00,20.9557,3.6549,13/6/23 6:20,1.8,Auction Ads,auction_relation
20230807,1768850781447230 ,AU,AU,,1/1/00 0:00,149.19,37.8448,16/6/23 10:25,1.84,RIE,Ad Group Recall (Merged)
20230807,1768850781447230 ,DE,DE,,1/1/00 0:00,149.19,37.8448,16/6/23 10:25,1.6,RIE,Ad Group Recall (Merged)
20230807,1768553647442990 ,KR,KR,,1/1/00 0:00,194.89,1.6583,13/6/23 2:43,2.18,RIE,Ad Group Recall (Merged)
20230807,1768586495412270 ,BR,BR,,1/1/00 0:00,8.2698,3.3706,13/6/23 11:24,1.7,RIE,Ad Group Recall (Merged)
20230807,1769419221720110 ,US,USCA,,1/1/00 0:00,296.37,90.171,22/6/23 16:53,1.78,Auction Ads,auction_relation
20230807,1768850952278040 ,SE,Other,,1/1/00 0:00,99.59,37.8448,16/6/23 10:27,1.62,RIE,Ad Group Recall (Merged)
20230807,1768850952278040 ,FR,FR,,1/1/00 0:00,99.59,37.8448,16/6/23 10:27,1.76,RIE,Ad Group Recall (Merged)
20230807,1768850952278040 ,NL,Other,,1/1/00 0:00,99.59,37.8448,16/6/23 10:27,1.62,RIE,Ad Group Recall (Merged)
20230807,1768598018132990 ,BR,BR,,1/1/00 0:00,0.03,5.4557,13/6/23 14:24,1.99,Auction Ads,auction_all
20230807,1768573589931050 ,MY,MY,,1/1/00 0:00,50.12,0.815,13/6/23 8:59,2.3,RIE,Ad Group Recall (Merged)
20230807,1768660141029410 ,CA,USCA,,1/1/00 0:00,150.06,11.0054,14/6/23 7:49,1.78,Auction Ads,auction_relation
20230807,1768660141029410 ,US,USCA,,1/1/00 0:00,150.06,11.0054,14/6/23 7:49,1.78,Auction Ads,auction_relation
20230807,1768753708021760 ,US,US&CA,,1/1/00 0:00,19.83,21.8874,15/6/23 12:00,1.81,RIE,Ad Group Recall (Merged)
20230807,1768753708021760 ,CA,US&CA,,1/1/00 0:00,19.83,21.8874,15/6/23 12:00,1.81,RIE,Ad Group Recall (Merged)
20230807,1769233086626810 ,SE,Other,,1/1/00 0:00,112.006,115.2765,25/6/23 15:31,1.62,RIE,Ad Group Recall (Merged)
20230807,1768667613680670 ,ID,ID,,1/1/00 0:00,142.72,10.1723,14/6/23 8:55,2.05,RIE,Ad Group Recall (Merged)
20230807,1768601210948640 ,BR,BR,,1/1/00 0:00,4.0607,2.8609,13/6/23 15:11,1.99,Auction Ads,auction_all
20230807,1768596040853530 ,DE,DE,,1/1/00 0:00,1.07,0.7237,13/6/23 13:47,1.01,Auction Ads,auction_relation
20230807,1769025446371330 ,US,USCA,,1/1/00 0:00,20,43.8148,18/6/23 8:42,1.78,Auction Ads,auction_relation
20230807,1769025446371330 ,US,USCA,,1/1/00 0:00,20,43.8148,18/6/23 8:42,1.78,Auction Ads,auction_relation
20230807,1768599720053760 ,DE,DE,,1/1/00 0:00,0.1,0.1957,13/6/23 14:47,1.01,Auction Ads,auction_relation
20230807,1768711277743100 ,TH,TH,,1/1/00 0:00,2.6564,9.6652,14/6/23 20:27,1.64,Auction Ads,auction_relation
20230807,1768730485292080 ,ES,ES,,1/1/00 0:00,1.56,10.8059,15/6/23 1:35,1.79,RIE,Ad Group Recall (Merged)
20230807,1768862183306240 ,SE,SE,,1/1/00 0:00,47.9146,31.3438,16/6/23 13:26,1.4,Auction Ads,auction_relation
20230807,1768844114558990 ,VN,VN,,1/1/00 0:00,128.5,27.221,16/6/23 7:37,2.13,RIE,Ad Group Recall (Merged)
20230807,1771869254914060 ,US,USCA,,1/1/00 0:00,4478.76,573.675,19/7/23 17:51,1.78,Auction Ads,auction_relation
20230807,1768821690003500 ,KZ,Other,,1/1/00 0:00,25.91,22.3589,16/6/23 1:44,1.62,RIE,Ad Group Recall (Merged)
20230807,1768784290483230 ,PL,PL,,1/1/00 0:00,10.81,18.2985,15/6/23 15:32,1.84,RIE,Ad Group Recall (Merged)
20230807,1769243235048490 ,US,USCA,,1/1/00 0:00,1641.08,55.6175,20/6/23 18:20,1.78,Auction Ads,auction_relation
20230807,1768676961939450 ,ID,ID,,1/1/00 0:00,19.8541,1.4138,14/6/23 11:10,1.8,Auction Ads,auction_relation
20230807,1769665257420850 ,ID,ID,,1/1/00 0:00,329.79,101.8976,25/6/23 9:09,2.05,RIE,Ad Group Recall (Merged)
20230807,1769665371991050 ,ID,ID,,1/1/00 0:00,7.45,101.8976,25/6/23 9:13,2.05,RIE,Ad Group Recall (Merged)
20230807,1769414666460160 ,GB,GB,,1/1/00 0:00,349.72,74.4385,22/6/23 15:47,1.76,Auction Ads,auction_relation
20230807,1769414666460160 ,GB,GB,,1/1/00 0:00,349.72,74.4385,22/6/23 15:47,1.76,Auction Ads,auction_relation
20230807,1771639952060430 ,SE,Other,,1/1/00 0:00,5906.75,475.848,17/7/23 5:15,1.62,RIE,Ad Group Recall (Merged)
20230807,1771639952060430 ,NO,Other,,1/1/00 0:00,5906.75,475.848,17/7/23 5:15,1.62,RIE,Ad Group Recall (Merged)
20230807,1771639952060430 ,GB,GB,,1/1/00 0:00,5906.75,475.848,17/7/23 5:15,1.72,RIE,Ad Group Recall (Merged)
20230807,1771639952060430 ,SA,MENA,,1/1/00 0:00,5906.75,475.848,17/7/23 5:15,1.67,RIE,Ad Group Recall (Merged)
20230807,1771639952060430 ,CA,US&CA,,1/1/00 0:00,5906.75,475.848,17/7/23 5:15,1.81,RIE,Ad Group Recall (Merged)
20230807,1771639952060430 ,AE,MENA,,1/1/00 0:00,5906.75,475.848,17/7/23 5:15,1.67,RIE,Ad Group Recall (Merged)
20230807,1771639952060430 ,GR,Other,,1/1/00 0:00,5906.75,475.848,17/7/23 5:15,1.62,RIE,Ad Group Recall (Merged)
20230807,1771639952060430 ,SG,Other,,1/1/00 0:00,5906.75,475.848,17/7/23 5:15,1.62,RIE,Ad Group Recall (Merged)
20230807,1768691178954770 ,GB,GB,,1/1/00 0:00,0.37,0.5737,14/6/23 15:04,1.76,Auction Ads,auction_relation
20230807,1769419098911760 ,MX,MX,,1/1/00 0:00,1209.48,74.4385,22/6/23 15:50,1.99,Auction Ads,auction_all
20230807,1769419098911760 ,MX,MX,,1/1/00 0:00,1209.48,74.4385,22/6/23 15:50,1.99,Auction Ads,auction_all
20230807,1769249530708010 ,GR,Other,,1/1/00 0:00,114.68,52.8127,20/6/23 19:59,1.62,RIE,Ad Group Recall (Merged)
20230807,1768751613725710 ,BR,BR,,1/1/00 0:00,,3.4467,15/6/23 7:09,1.99,Auction Ads,auction_all
20230807,1768751620693020 ,BR,BR,,1/1/00 0:00,,3.4467,15/6/23 7:09,1.99,Auction Ads,auction_all
20230807,1768798705907710 ,US,US&CA,,1/1/00 0:00,30.37,15.6593,15/6/23 20:43,1.81,RIE,Ad Group Recall (Merged)
20230807,1768751973551100 ,MY,MY,,1/1/00 0:00,4.3697,3.3905,15/6/23 7:13,2.31,Auction Ads,auction_relation
20230807,1768810208243740 ,SA,MENA,,1/1/00 0:00,39.8054,14.9337,15/6/23 22:25,1.67,RIE,Ad Group Recall (Merged)
20230807,1768754645272570 ,VN,VN,,1/1/00 0:00,65.61,3.0833,15/6/23 7:56,2.13,RIE,Ad Group Recall (Merged)
20230807,1769666281379840 ,ID,ID,,1/1/00 0:00,300.86,97.6763,25/6/23 9:25,2.05,RIE,Ad Group Recall (Merged)
20230807,1770071087143930 ,US,USCA,,1/1/00 0:00,323.02,169.2231,1/7/23 5:01,1.78,Auction Ads,auction_relation
20230807,1769309593524250 ,ID,ID,,1/1/00 0:00,227.33,59.1464,21/6/23 17:00,2.05,RIE,Ad Group Recall (Merged)
20230807,1769309956718600 ,ID,ID,,1/1/00 0:00,111.09,59.1464,21/6/23 17:00,2.05,RIE,Ad Group Recall (Merged)
20230807,1772362007687210 ,US,USCA,,1/1/00 0:00,1198.39,750.0647,25/7/23 4:34,1.78,Auction Ads,auction_relation
20230807,1768825444576270 ,SA,MENA,,1/1/00 0:00,83.44,9.7847,16/6/23 2:43,1.67,RIE,Ad Group Recall (Merged)
20230807,1769013007545340 ,US,USCA,,1/1/00 0:00,14.61,23.4468,18/6/23 5:21,1.78,Auction Ads,auction_relation
20230807,1769013290221560 ,US,USCA,,1/1/00 0:00,11.08,23.4468,18/6/23 5:26,1.78,Auction Ads,auction_relation
20230807,1769022615171120 ,US,USCA,,1/1/00 0:00,47.94,23.4468,18/6/23 7:52,1.78,Auction Ads,auction_relation
20230807,1769022940615730 ,US,USCA,,1/1/00 0:00,7.09,23.4468,18/6/23 7:59,1.78,Auction Ads,auction_relation
20230807,1769407286764560 ,BR,BR,,1/1/00 0:00,0.9023,61.3266,22/6/23 12:46,1.99,Auction Ads,auction_all
20230807,1771656535569400 ,SA,MENA,,1/1/00 0:00,507.49,471.1267,17/7/23 8:35,1.67,RIE,Ad Group Recall (Merged)
20230807,1771656535569400 ,OM,Other,,1/1/00 0:00,507.49,471.1267,17/7/23 8:35,1.62,RIE,Ad Group Recall (Merged)
20230807,1768757196145660 ,MY,MY,,1/1/00 0:00,253.2582,199.1248,4/7/23 16:00,1.43,Non-Auction Ads,R&F
20230807,1769288676313080 ,JP,JP,,1/1/00 0:00,414.5127,44.8298,21/6/23 5:20,3.21,RIE,Ad Group Recall (Merged)
20230807,1768770566555640 ,IT,IT,,1/1/00 0:00,,0.1091,15/6/23 12:07,1.36,Auction Ads,auction_relation
20230807,1768770566222860 ,IT,IT,,1/1/00 0:00,,0.1091,15/6/23 12:07,1.36,Auction Ads,auction_relation
20230807,1768770543502350 ,IT,IT,,1/1/00 0:00,,0.1091,15/6/23 12:07,1.36,Auction Ads,auction_relation
20230807,1768770500277240 ,IT,IT,,1/1/00 0:00,,0.1091,15/6/23 12:07,1.36,Auction Ads,auction_relation
20230807,1768770486375440 ,IT,IT,,1/1/00 0:00,,0.1091,15/6/23 12:07,1.36,Auction Ads,auction_relation
20230807,1768770560751660 ,IT,IT,,1/1/00 0:00,,0.1091,15/6/23 12:07,1.36,Auction Ads,auction_relation
20230807,1768770537120770 ,IT,IT,,1/1/00 0:00,,0.1091,15/6/23 12:07,1.36,Auction Ads,auction_relation
20230807,1768770433275920 ,IT,IT,,1/1/00 0:00,,0.1091,15/6/23 12:07,1.36,Auction Ads,auction_relation
20230807,1768770529549330 ,IT,IT,,1/1/00 0:00,,0.1091,15/6/23 12:07,1.36,Auction Ads,auction_relation
20230807,1768775467453440 ,US,US&CA,,1/1/00 0:00,0.89,0.3043,15/6/23 13:19,1.81,RIE,Ad Group Recall (Merged)
20230807,1768775467453440 ,US,USCA,,1/1/00 0:00,0.89,0.3043,15/6/23 13:19,1.78,Auction Ads,auction_relation
20230807,1769309490688000 ,TH,TH,,1/1/00 0:00,142.1961,51.2805,21/6/23 18:00,1.87,RIE,Ad Group Recall (Merged)
20230807,1769070791631900 ,SA,MENA,,1/1/00 0:00,40.1994,19.8148,18/6/23 19:31,1.67,RIE,Ad Group Recall (Merged)
20230807,1769345789420560 ,CA,US&CA,,1/1/00 0:00,28.5466,48.9863,21/6/23 21:17,1.81,RIE,Ad Group Recall (Merged)
20230807,1768849512575020 ,JP,JP,,1/1/00 0:00,48.18,7.1317,16/6/23 16:00,3.21,RIE,Ad Group Recall (Merged)
20230807,1769188363602990 ,TH,TH,,1/1/00 0:00,235.08,27.221,20/6/23 2:50,1.87,RIE,Ad Group Recall (Merged)
20230807,1770030680278060 ,DE,DE,,1/1/00 0:00,90.66,155.1516,1/7/23 8:00,1.01,Auction Ads,auction_relation
20230807,1768825146804250 ,IE,Other,,1/1/00 0:00,0,0,16/6/23 3:35,1.62,RIE,Ad Group Recall (Merged)
20230807,1768825146804250 ,ES,ES,,1/1/00 0:00,0,0,16/6/23 3:35,1.79,RIE,Ad Group Recall (Merged)
20230807,1768825146804250 ,GB,GB,,1/1/00 0:00,0,0,16/6/23 3:35,1.72,RIE,Ad Group Recall (Merged)
20230807,1769117334113280 ,CH,CH,,1/1/00 0:00,22.8017,19.736,19/6/23 8:57,0.93,Auction Ads,auction_relation
20230807,1768837729260570 ,ID,ID,,1/1/00 0:00,10.1467,5.5641,16/6/23 17:01,1.8,Auction Ads,auction_relation
20230807,1769206113400860 ,IL,IL,,1/1/00 0:00,60.79,27.7884,20/6/23 8:23,1.22,RIE,Ad Group Recall (Merged)
20230807,1769527778630650 ,US,US&CA,,1/1/00 0:00,43.64,84.4416,26/6/23 7:00,1.81,RIE,Ad Group Recall (Merged)
20230807,1769072690571310 ,TH,TH,,1/1/00 0:00,12.5748,12.6277,18/6/23 20:12,1.87,RIE,Ad Group Recall (Merged)
20230807,1769302190577680 ,BH,Other,,1/1/00 0:00,30.17,34.8634,21/6/23 8:59,1.62,RIE,Ad Group Recall (Merged)
20230807,1768934622394380 ,VN,VN,,1/1/00 0:00,5.658,6.0254,17/6/23 7:04,2.14,Auction Ads,auction_relation
20230807,1768859450543100 ,VN,VN,,1/1/00 0:00,,0,16/6/23 11:11,2.14,Auction Ads,auction_relation
20230807,1773602785564670 ,GB,,1,25/7/23,,1.4445,,0.54,Non-Auction Ads,Promote
20230807,1773602989059070 ,GB,,1,25/7/23,,1.4445,,0.54,Non-Auction Ads,Promote
20230807,1768876624988160 ,ES,ES,,1/1/00 0:00,0.09,0.1267,16/6/23 16:11,1.37,Auction Ads,auction_relation
20230807,1769119921116170 ,MX,Other,,1/1/00 0:00,35.69,15.2061,19/6/23 9:43,1.62,RIE,Ad Group Recall (Merged)
20230807,1768938599404560 ,SA,MENA,,1/1/00 0:00,0,4.5507,17/6/23 8:23,1.67,RIE,Ad Group Recall (Merged)
20230807,1771621975301150 ,CA,USCA,,1/1/00 0:00,992.84,444.7998,17/7/23 0:30,1.78,Auction Ads,auction_relation
20230807,1771621975301150 ,US,USCA,,1/1/00 0:00,992.84,444.7998,17/7/23 0:30,1.78,Auction Ads,auction_relation
20230807,1771621975301150 ,IE,IE,,1/1/00 0:00,992.84,444.7998,17/7/23 0:30,1.52,Auction Ads,auction_relation
20230807,1771621975301150 ,US,USCA,,1/1/00 0:00,992.84,444.7998,17/7/23 0:30,1.78,Auction Ads,auction_relation
20230807,1771621975301150 ,DE,DE,,1/1/00 0:00,992.84,444.7998,17/7/23 0:30,1.01,Auction Ads,auction_relation
20230807,1771621975301150 ,SE,SE,,1/1/00 0:00,992.84,444.7998,17/7/23 0:30,1.4,Auction Ads,auction_relation
20230807,1771621975301150 ,SE,SE,,1/1/00 0:00,992.84,444.7998,17/7/23 0:30,1.4,Auction Ads,auction_relation
20230807,1771621975301150 ,IE,IE,,1/1/00 0:00,992.84,444.7998,17/7/23 0:30,1.52,Auction Ads,auction_relation
20230807,1771621975301150 ,CA,USCA,,1/1/00 0:00,992.84,444.7998,17/7/23 0:30,1.78,Auction Ads,auction_relation
20230807,1769931036665850 ,ID,ID,,1/1/00 0:00,707.37,101.8976,28/6/23 7:25,2.05,RIE,Ad Group Recall (Merged)
20230807,1768970033640460 ,KW,Other,,1/1/00 0:00,19.7,4.7337,17/6/23 17:01,1.62,RIE,Ad Group Recall (Merged)
20230807,1768965119236090 ,PL,PL,,1/1/00 0:00,,4.284,17/6/23 16:32,1.64,Auction Ads,auction_relation
20230807,1768876274421770 ,ES,ES,,1/1/00 0:00,0,0,16/6/23 17:11,1.79,RIE,Ad Group Recall (Merged)
20230807,1768876274421770 ,IE,Other,,1/1/00 0:00,0,0,16/6/23 17:11,1.62,RIE,Ad Group Recall (Merged)
20230807,1768876274421770 ,GB,GB,,1/1/00 0:00,0,0,16/6/23 17:11,1.72,RIE,Ad Group Recall (Merged)
20230807,1769292399996960 ,DK,DK,,1/1/00 0:00,29.6614,28.9903,21/6/23 7:23,1.31,Auction Ads,auction_relation
20230807,1768876473069610 ,GB,GB,,1/1/00 0:00,0,0,16/6/23 17:14,1.72,RIE,Ad Group Recall (Merged)
20230807,1768876473069610 ,IE,Other,,1/1/00 0:00,0,0,16/6/23 17:14,1.62,RIE,Ad Group Recall (Merged)
20230807,1768876473069610 ,ES,ES,,1/1/00 0:00,0,0,16/6/23 17:14,1.79,RIE,Ad Group Recall (Merged)
20230807,1768779451748400 ,US,USCA,,1/1/00 0:00,,196.3982,5/7/23 14:00,1.78,Auction Ads,auction_relation
20230807,1773536535513080 ,MY,,1,21/7/23,,2.5223,,0.54,Non-Auction Ads,Promote
20230807,1768961796509690 ,TH,TH,,1/1/00 0:00,0,1.5283,17/6/23 14:42,1.64,Auction Ads,auction_relation
20230807,1769209889633290 ,JP,JP,,1/1/00 0:00,83.4347,18.9989,20/6/23 8:32,3.21,RIE,Ad Group Recall (Merged)
20230807,1769126325763070 ,ID,ID,,1/1/00 0:00,247.6,10.7003,19/6/23 11:25,2.05,RIE,Ad Group Recall (Merged)
20230807,1769102183395370 ,KH,Other,,1/1/00 0:00,8.4,5.6288,19/6/23 4:01,1.62,RIE,Ad Group Recall (Merged)
20230807,1773579091935230 ,BR,,1,19/7/23,,0.8959,,0.54,Non-Auction Ads,Promote
20230807,1769238378607660 ,US,US&CA,,1/1/00 0:00,30.77,20.2503,20/6/23 17:03,1.81,RIE,Ad Group Recall (Merged)
20230807,1769201610256400 ,ID,ID,,1/1/00 0:00,50.06,14.8845,20/6/23 7:22,2.05,RIE,Ad Group Recall (Merged)
20230807,1769532202949660 ,BR,BR,,1/1/00 0:00,183.6059,61.3266,23/6/23 21:51,1.99,Auction Ads,auction_all
20230807,1769750927569970 ,SA,MENA,,1/1/00 0:00,1107.54,72.2199,26/6/23 7:50,1.67,RIE,Ad Group Recall (Merged)
20230807,1769112324615260 ,ID,ID,,1/1/00 0:00,0.13,3.5235,19/6/23 6:41,1.8,Auction Ads,auction_relation
20230807,1769138813392910 ,BR,BR,,1/1/00 0:00,5.4791,6.1363,19/6/23 13:42,1.7,RIE,Ad Group Recall (Merged)
20230807,1769124641264670 ,ID,ID,,1/1/00 0:00,15.6223,4.6262,19/6/23 9:55,1.8,Auction Ads,auction_relation
20230807,1769134480069630 ,BR,BR,,1/1/00 0:00,4.1478,5.456,19/6/23 12:32,1.7,RIE,Ad Group Recall (Merged)
20230807,1769139503092750 ,BR,BR,,1/1/00 0:00,7.2667,6.1363,19/6/23 13:49,1.7,RIE,Ad Group Recall (Merged)
20230807,1769146993705980 ,BR,BR,,1/1/00 0:00,0.3908,6.2408,19/6/23 15:53,1.7,RIE,Ad Group Recall (Merged)
20230807,1769147076964400 ,BR,BR,,1/1/00 0:00,2.0775,6.2408,19/6/23 15:54,1.7,RIE,Ad Group Recall (Merged)
20230807,1769214060454940 ,NL,Other,,1/1/00 0:00,33.8027,12.8155,20/6/23 10:26,1.62,RIE,Ad Group Recall (Merged)
20230807,1769203016668200 ,TH,TH,,1/1/00 0:00,23.4246,6.9329,20/6/23 5:38,1.64,Auction Ads,auction_relation
20230807,1769274859808760 ,IL,IL,,1/1/00 0:00,60,14.1651,21/6/23 1:45,1.22,RIE,Ad Group Recall (Merged)
20230807,1769157072248840 ,BR,BR,,1/1/00 0:00,2.1399,3.3706,20/6/23 3:00,1.7,RIE,Ad Group Recall (Merged)
20230807,1769342410837000 ,IT,IT,,1/1/00 0:00,21.8679,22.1433,21/6/23 18:06,1.79,RIE,Ad Group Recall (Merged)
20230807,1769193753487400 ,VN,VN,,1/1/00 0:00,50.91,3.0833,20/6/23 4:16,2.13,RIE,Ad Group Recall (Merged)
20230807,1770673940022270 ,ID,ID,,1/1/00 0:00,2719.25,203.5629,6/7/23 13:12,1.8,Auction Ads,auction_relation
20230807,1769777882017820 ,ES,ES,,1/1/00 0:00,22.4628,67.3521,26/6/23 15:46,1.79,RIE,Ad Group Recall (Merged)
20230807,1769777882017820 ,GB,GB,,1/1/00 0:00,22.4628,67.3521,26/6/23 15:46,1.72,RIE,Ad Group Recall (Merged)
20230807,1770006640651310 ,US,USCA,,1/1/00 0:00,197.06,96.4705,29/6/23 3:33,1.78,Auction Ads,auction_relation
20230807,1770006640651310 ,GB,GB,,1/1/00 0:00,197.06,96.4705,29/6/23 3:33,1.76,Auction Ads,auction_relation
20230807,1770006640651310 ,FR,FR,,1/1/00 0:00,197.06,96.4705,29/6/23 3:33,1.97,Auction Ads,auction_relation
20230807,1770006640651310 ,CA,USCA,,1/1/00 0:00,197.06,96.4705,29/6/23 3:33,1.78,Auction Ads,auction_relation
20230807,1769259288081450 ,BR,BR,,1/1/00 0:00,78.09,8.9878,20/6/23 21:38,1.7,RIE,Ad Group Recall (Merged)
20230807,1769251139102730 ,BR,BR,,1/1/00 0:00,9.26,8.5171,20/6/23 20:21,1.7,RIE,Ad Group Recall (Merged)
20230807,1769859466958840 ,PL,PL,,1/1/00 0:00,360.8379,152.1039,3/7/23 23:00,1.43,Non-Auction Ads,R&F
20230807,1769859466958840 ,PL,PL,,1/1/00 0:00,360.8379,152.1039,3/7/23 23:00,1.43,Non-Auction Ads,R&F
20230807,1770072409818120 ,US,USCA,,1/1/00 0:00,238.77,126.9498,1/7/23 5:01,1.78,Auction Ads,auction_relation
20230807,1769212331896830 ,SA,MENA,,1/1/00 0:00,20.4,2.7684,20/6/23 9:01,1.67,RIE,Ad Group Recall (Merged)
20230807,1769954896016380 ,SA,MENA,,1/1/00 0:00,11.65,87.7077,28/6/23 13:54,1.67,RIE,Ad Group Recall (Merged)
20230807,1769206700091420 ,GR,GR,,1/1/00 0:00,2.4649,1.9177,20/6/23 8:40,2.11,Auction Ads,auction_relation
20230807,1769276452501500 ,ID,ID,,1/1/00 0:00,13.3309,7.4848,21/6/23 2:08,1.8,Auction Ads,auction_relation
20230807,1769313039165440 ,BR,BR,,1/1/00 0:00,18.1809,10.0372,21/6/23 11:51,1.7,RIE,Ad Group Recall (Merged)
20230807,1769577419558940 ,MY,MY,,1/1/00 0:00,49.14,47.9094,24/6/23 9:04,2.31,Auction Ads,auction_relation
20230807,1769313680899090 ,BR,BR,,1/1/00 0:00,20.4798,10.0372,21/6/23 12:00,1.7,RIE,Ad Group Recall (Merged)
20230807,1769250444084270 ,TH,TH,,1/1/00 0:00,3.8552,4.1799,20/6/23 19:18,1.87,RIE,Ad Group Recall (Merged)
20230807,1770562795949070 ,JP,JP,,1/1/00 0:00,75.757,167.9611,5/7/23 6:40,2.16,Auction Ads,auction_all
20230807,1769392717023260 ,FR,FR,,1/1/00 0:00,22.043,19.8969,22/6/23 9:45,1.76,RIE,Ad Group Recall (Merged)
20230807,1773558943120430 ,US,,1,9/7/23,,1.5974,,0.54,Non-Auction Ads,Promote
20230807,1769315815418910 ,GR,Other,,1/1/00 0:00,22.1104,10.2713,21/6/23 13:33,1.62,RIE,Ad Group Recall (Merged)
20230807,1770128579719200 ,QA,Others,,1/1/00 0:00,212.37,111.4981,30/6/23 11:49,1.56,Auction Ads,auction_all
20230807,1773577912657920 ,BR,,1,9/7/23,,0.4829,,0.54,Non-Auction Ads,Promote
20230807,1770128850913310 ,BH,Other,,1/1/00 0:00,707.28,111.4981,30/6/23 11:56,1.62,RIE,Ad Group Recall (Merged)
20230807,1769498701715490 ,IT,IT,,1/1/00 0:00,27.2628,42.7737,23/6/23 14:03,1.79,RIE,Ad Group Recall (Merged)
20230807,1770742642170910 ,TW,TW,,1/1/00 0:00,616.96,213.3235,7/7/23 6:31,0.95,Auction Ads,auction_relation
20230807,1769408924286990 ,ES,ES,,1/1/00 0:00,38.6623,20.0758,22/6/23 14:14,1.37,Auction Ads,auction_relation
20230807,1769363306090490 ,AU,AU,,1/1/00 0:00,13.2098,13.4482,22/6/23 1:06,1.84,Auction Ads,auction_relation
20230807,1771062924113920 ,US,USCA,,1/1/00 0:00,82.85,261.6367,10/7/23 20:25,1.78,Auction Ads,auction_relation
20230807,1771062924113920 ,US,USCA,,1/1/00 0:00,82.85,261.6367,10/7/23 20:25,1.78,Auction Ads,auction_relation
20230807,1769399783410730 ,TR,TR,,1/1/00 0:00,18.6031,17.0043,22/6/23 10:47,1.63,RIE,Ad Group Recall (Merged)
20230807,1769473573050380 ,CA,US&CA,,1/1/00 0:00,231.97,39.3151,23/6/23 7:24,1.81,RIE,Ad Group Recall (Merged)
20230807,1769782220434480 ,GB,GB,,1/1/00 0:00,577.1732,102.1492,30/6/23 0:01,1.76,Auction Ads,auction_relation
20230807,1769808119553040 ,US,US&CA,,1/1/00 0:00,57.25,59.1003,26/6/23 23:38,1.81,RIE,Ad Group Recall (Merged)
20230807,1769295067979790 ,ID,ID,,1/1/00 0:00,76.12,2.5667,21/6/23 7:03,2.05,RIE,Ad Group Recall (Merged)
20230807,1769364995976190 ,US,USCA,,1/1/00 0:00,13.3033,13.4482,22/6/23 1:36,1.78,Auction Ads,auction_relation
20230807,1769364995976190 ,NZ,NZ,,1/1/00 0:00,13.3033,13.4482,22/6/23 1:36,1.58,Auction Ads,auction_relation
20230807,1769364995976190 ,GB,GB,,1/1/00 0:00,13.3033,13.4482,22/6/23 1:36,1.76,Auction Ads,auction_relation
20230807,1769365899632750 ,US,USCA,,1/1/00 0:00,13.3372,13.4482,22/6/23 1:50,1.78,Auction Ads,auction_relation
20230807,1770940513839120 ,JP,JP,,1/1/00 0:00,2587.99,230.5827,9/7/23 11:00,3.21,RIE,Ad Group Recall (Merged)
20230807,1769316610850840 ,US,USCA,,1/1/00 0:00,,4.965,21/6/23 12:19,1.78,Auction Ads,auction_relation
20230807,1769314380027900 ,US,USCA,,1/1/00 0:00,0.39,0.1902,21/6/23 12:13,1.78,Auction Ads,auction_relation
20230807,1773566332018700 ,TH,,1,7/7/23,,0,,0.54,Non-Auction Ads,Promote
20230807,1770564575626280 ,ID,ID,,1/1/00 0:00,585.67,158.6712,5/7/23 7:22,1.8,Auction Ads,auction_relation
20230807,1770564575626280 ,ID,ID,,1/1/00 0:00,585.67,158.6712,5/7/23 7:22,2.05,RIE,Ad Group Recall (Merged)
20230807,1769378454032410 ,VN,VN,,1/1/00 0:00,12.8779,7.1568,22/6/23 5:09,2.14,Auction Ads,auction_relation
20230807,1769403854748700 ,BR,BR,,1/1/00 0:00,5.4242,9.9702,22/6/23 11:56,1.7,RIE,Ad Group Recall (Merged)
20230807,1770143432756250 ,US,USCA,,1/1/00 0:00,291.72,102.4201,30/6/23 14:51,1.78,Auction Ads,auction_relation
20230807,1770034296668160 ,US,US&CA,,1/1/00 0:00,227.074,90.0808,29/6/23 11:51,1.81,RIE,Ad Group Recall (Merged)
20230807,1769302037214220 ,SG,Other,,1/1/00 0:00,7.83,1.0422,21/6/23 16:00,1.62,RIE,Ad Group Recall (Merged)
20230807,1773542622654460 ,VN,,1,6/7/23,,0.5249,,0.54,Non-Auction Ads,Promote
20230807,1773566039734290 ,TH,,1,6/7/23,,0,,0.54,Non-Auction Ads,Promote
20230807,1773564685077510 ,TH,,1,6/7/23,,0,,0.54,Non-Auction Ads,Promote
20230807,1773565840778240 ,TH,,1,6/7/23,,0,,0.54,Non-Auction Ads,Promote
20230807,1773566637414400 ,TH,,1,6/7/23,,0,,0.54,Non-Auction Ads,Promote
20230807,1770142999226400 ,US,USCA,,1/1/00 0:00,444.09,102.4201,30/6/23 16:34,1.78,Auction Ads,auction_relation
20230807,1770018938135600 ,ID,ID,,1/1/00 0:00,118.18,84.7137,29/6/23 6:52,2.05,RIE,Ad Group Recall (Merged)
20230807,1773605983850500 ,BR,,1,5/7/23,,1.8027,,0.54,Non-Auction Ads,Promote
20230807,1769452540430360 ,MX,MX,,1/1/00 0:00,38.8904,25.9979,23/6/23 0:16,1.99,Auction Ads,auction_all
20230807,1769418108122120 ,AU,AU,,1/1/00 0:00,100.33,8.4672,22/6/23 15:41,1.84,Auction Ads,auction_relation
20230807,1769418108122120 ,NZ,NZ,,1/1/00 0:00,100.33,8.4672,22/6/23 15:41,1.58,Auction Ads,auction_relation
20230807,1770593318360060 ,NZ,Other,,1/1/00 0:00,1137.3,165.7473,5/7/23 21:00,1.62,RIE,Ad Group Recall (Merged)
20230807,1773553103696900 ,TH,,1,4/7/23,,4.6329,,0.54,Non-Auction Ads,Promote
20230807,1769929864151080 ,AU,AU,,1/1/00 0:00,58.31,60.7635,28/6/23 8:16,1.84,RIE,Ad Group Recall (Merged)
20230807,1773534729563140 ,TH,,1,4/7/23,,2.6075,,0.54,Non-Auction Ads,Promote
20230807,1773568211134470 ,TH,,1,4/7/23,,2.6075,,0.54,Non-Auction Ads,Promote
20230807,1773595682177030 ,TH,,1,4/7/23,,2.6075,,0.54,Non-Auction Ads,Promote
20230807,1773568788212740 ,TH,,1,4/7/23,,2.6075,,0.54,Non-Auction Ads,Promote
20230807,1773556349174790 ,TH,,1,4/7/23,,2.6075,,0.54,Non-Auction Ads,Promote
20230807,1773563132128260 ,TH,,1,4/7/23,,2.6075,,0.54,Non-Auction Ads,Promote
20230807,1769764597795870 ,TR,TR,,1/1/00 0:00,46.9766,39.4582,26/6/23 11:56,1.63,RIE,Ad Group Recall (Merged)
20230807,1771002780160050 ,VN,VN,,1/1/00 0:00,1003.7,221.0187,10/7/23 3:29,2.13,RIE,Ad Group Recall (Merged)
20230807,1769843134896140 ,MY,MY,,1/1/00 0:00,25.73,47.9094,27/6/23 8:14,2.31,Auction Ads,auction_relation
20230807,1770459319203880 ,TH,TH,,1/1/00 0:00,122.1948,127.2917,4/7/23 3:28,1.87,RIE,Ad Group Recall (Merged)
20230807,1769389768700970 ,VN,VN,,1/1/00 0:00,19.72,3.0833,22/6/23 17:00,2.13,RIE,Ad Group Recall (Merged)
20230807,1769612196622350 ,US,USCA,,1/1/00 0:00,1.34,23.4468,24/6/23 19:05,1.78,Auction Ads,auction_relation
20230807,1772933455526940 ,US,USCA,,1/1/00 0:00,1157.22,1137.25,31/7/23 11:54,1.78,Auction Ads,auction_relation
20230807,1769613720257560 ,US,USCA,,1/1/00 0:00,7.6,23.4468,24/6/23 19:27,1.78,Auction Ads,auction_relation
20230807,1770009454705660 ,KH,Other,,1/1/00 0:00,75.03,70.6,29/6/23 5:20,1.62,RIE,Ad Group Recall (Merged)
20230807,1770069841342480 ,US,USCA,,1/1/00 0:00,160.83,99.6702,1/7/23 5:01,1.78,Auction Ads,auction_relation
20230807,1770009760346110 ,NZ,Other,,1/1/00 0:00,105.97,70.6,29/6/23 5:28,1.62,RIE,Ad Group Recall (Merged)
20230807,1769529690050570 ,IT,IT,,1/1/00 0:00,27.5245,20.8421,23/6/23 23:00,1.79,RIE,Ad Group Recall (Merged)
20230807,1769654195966000 ,AU,AU,,1/1/00 0:00,184.95,22.3589,25/6/23 6:15,1.84,RIE,Ad Group Recall (Merged)
20230807,1772024425137180 ,DE,DE,,1/1/00 0:00,500.5048,560.7812,21/7/23 12:00,1.6,RIE,Ad Group Recall (Merged)
20230807,1770014137687070 ,AU,AU,,1/1/00 0:00,351.85,70.6,29/6/23 6:37,1.84,RIE,Ad Group Recall (Merged)
20230807,1773555155448830 ,KH,,1,3/7/23,,2.8696,,0.54,Non-Auction Ads,Promote
20230807,1773558240202750 ,SG,,1,3/7/23,,2.8696,,0.54,Non-Auction Ads,Promote
20230807,1773554797637630 ,KH,,1,3/7/23,,2.8696,,0.54,Non-Auction Ads,Promote
20230807,1773554704226300 ,KH,,1,3/7/23,,2.8696,,0.54,Non-Auction Ads,Promote
20230807,1773555125742590 ,KH,,1,3/7/23,,2.8696,,0.54,Non-Auction Ads,Promote
20230807,1773554676618240 ,KH,,1,3/7/23,,2.8696,,0.54,Non-Auction Ads,Promote
20230807,1773554587941950 ,KH,,1,3/7/23,,2.8696,,0.54,Non-Auction Ads,Promote
20230807,1773554224348160 ,KH,,1,3/7/23,,2.8696,,0.54,Non-Auction Ads,Promote
20230807,1769661228805130 ,IT,IT,,1/1/00 0:00,80.34,22.8534,25/6/23 8:05,1.79,RIE,Ad Group Recall (Merged)
20230807,1769736329918460 ,ID,ID,,1/1/00 0:00,109.3025,27.0641,26/6/23 3:58,1.8,Auction Ads,auction_relation
20230807,1769736329918460 ,ID,ID,,1/1/00 0:00,109.3025,27.0641,26/6/23 3:58,1.8,Auction Ads,auction_relation
20230807,1770014805101580 ,TW,TW,,1/1/00 0:00,250.08,70.6,29/6/23 6:45,2.59,RIE,Ad Group Recall (Merged)
20230807,1769844922467360 ,SA,MENA,,1/1/00 0:00,149.78,41.7336,27/6/23 8:20,1.67,RIE,Ad Group Recall (Merged)
20230807,1769761262143530 ,TR,TR,,1/1/00 0:00,158.81,30.6987,26/6/23 11:06,1.63,RIE,Ad Group Recall (Merged)
20230807,1770015269885950 ,PH,Other,,1/1/00 0:00,150.26,70.6,29/6/23 6:54,1.62,RIE,Ad Group Recall (Merged)
20230807,1770015427755020 ,SG,Other,,1/1/00 0:00,195.56,70.6,29/6/23 6:57,1.62,RIE,Ad Group Recall (Merged)
20230807,1771121446933520 ,US,US&CA,,1/1/00 0:00,222.1175,249.9536,11/7/23 10:53,1.81,RIE,Ad Group Recall (Merged)
20230807,1770015826501640 ,JP,JP,,1/1/00 0:00,1053.98,70.6,29/6/23 7:01,3.21,RIE,Ad Group Recall (Merged)
20230807,1770015975792650 ,TH,TH,,1/1/00 0:00,401.26,70.6,29/6/23 7:05,1.87,RIE,Ad Group Recall (Merged)
20230807,1769972800302130 ,US,US&CA,,1/1/00 0:00,76.23,57.5074,28/6/23 19:38,1.81,RIE,Ad Group Recall (Merged)
20230807,1769474009075720 ,AE,MENA,,1/1/00 0:00,44.51,12.4035,23/6/23 6:31,1.67,RIE,Ad Group Recall (Merged)
20230807,1770125629783080 ,PL,PL,,1/1/00 0:00,1251.1479,94.0838,1/7/23 7:00,1.84,RIE,Ad Group Recall (Merged)
20230807,1770615434379290 ,BE,Other,,1/1/00 0:00,3026.96,150.2007,5/7/23 20:51,1.62,RIE,Ad Group Recall (Merged)
20230807,1770615434379290 ,IL,IL,,1/1/00 0:00,3026.96,150.2007,5/7/23 20:51,1.22,RIE,Ad Group Recall (Merged)
20230807,1773531372645370 ,ID,,1,2/7/23,,0.4498,,0.54,Non-Auction Ads,Promote
20230807,1773565292177400 ,TR,,1,2/7/23,,0.2928,,0.54,Non-Auction Ads,Promote
20230807,1769573868547080 ,MY,MY,,1/1/00 0:00,40.44,13.6994,24/6/23 8:34,2.31,Auction Ads,auction_relation
20230807,1769747111812140 ,TH,TH,,1/1/00 0:00,386.03,21.9777,26/6/23 4:01,1.87,RIE,Ad Group Recall (Merged)
20230807,1771819241489410 ,JP,JP,,1/1/00 0:00,748.06,460.128,19/7/23 3:00,3.21,RIE,Ad Group Recall (Merged)
20230807,1771819248487420 ,JP,JP,,1/1/00 0:00,762.17,460.128,19/7/23 3:00,3.21,RIE,Ad Group Recall (Merged)
20230807,1771819532126220 ,JP,JP,,1/1/00 0:00,740.99,460.128,19/7/23 3:00,3.21,RIE,Ad Group Recall (Merged)
20230807,1771820649338920 ,JP,JP,,1/1/00 0:00,490.41,460.128,19/7/23 3:00,3.21,RIE,Ad Group Recall (Merged)
20230807,1769865076664330 ,ES,ES,,1/1/00 0:00,81.0668,37.8151,27/6/23 15:04,1.37,Auction Ads,auction_relation
20230807,1773567052398590 ,TH,,1,28/6/23,,1.4713,,0.54,Non-Auction Ads,Promote
20230807,1773552662755330 ,TH,,1,28/6/23,,1.4713,,0.54,Non-Auction Ads,Promote
20230807,1773554371440660 ,TH,,1,28/6/23,,1.4713,,0.54,Non-Auction Ads,Promote
20230807,1773553589036030 ,TH,,1,28/6/23,,1.4713,,0.54,Non-Auction Ads,Promote
20230807,1770159812717610 ,PE,Other,,1/1/00 0:00,297.5998,79.7246,30/6/23 20:09,1.62,RIE,Ad Group Recall (Merged)
20230807,1769491518353450 ,PK,PK,,1/1/00 0:00,13.2523,5.5423,23/6/23 11:07,1.36,Auction Ads,auction_relation
20230807,1769491518353450 ,PK,PK,,1/1/00 0:00,13.2523,5.5423,23/6/23 11:07,1.36,Auction Ads,auction_relation
20230807,1769470223135740 ,JP,JP,,1/1/00 0:00,146.86,2.6405,23/6/23 5:28,2.16,Auction Ads,auction_all
20230807,1769464586910760 ,PE,Other,,1/1/00 0:00,0,3.7291,23/6/23 9:50,1.62,RIE,Ad Group Recall (Merged)
20230807,1769501465163770 ,VN,VN,,1/1/00 0:00,1.7,4.6421,23/6/23 17:00,2.14,Auction Ads,auction_relation
20230807,1769840500058110 ,ZA,Other,,1/1/00 0:00,6.02,28.4378,27/6/23 8:09,1.62,RIE,Ad Group Recall (Merged)
20230807,1769774942700590 ,TH,TH,,1/1/00 0:00,0.2201,19.7922,26/6/23 14:16,1.87,RIE,Ad Group Recall (Merged)
20230807,1769936400262190 ,SG,SG,,1/1/00 0:00,45.1805,38.2339,28/6/23 8:58,1.94,Auction Ads,auction_relation
20230807,1769653796580350 ,BR,BR,,1/1/00 0:00,80.05,7.6649,25/6/23 7:08,1.99,Auction Ads,auction_all
20230807,1769857160029210 ,PH,Other,,1/1/00 0:00,86.43,27.8222,27/6/23 12:00,1.62,RIE,Ad Group Recall (Merged)
20230807,1769822817147920 ,US,USCA,,1/1/00 0:00,55.93,23.4468,27/6/23 2:53,1.78,Auction Ads,auction_relation
20230807,1769639188876280 ,VN,VN,,1/1/00 0:00,11.94,3.6869,25/6/23 2:15,2.14,Auction Ads,auction_relation
20230807,1769927022178330 ,KR,KR,,1/1/00 0:00,570.18,70.3881,30/6/23 15:00,2.18,RIE,Ad Group Recall (Merged)
20230807,1771129896242200 ,SA,MENA,,1/1/00 0:00,2119.8,249.7984,11/7/23 13:10,1.67,RIE,Ad Group Recall (Merged)
20230807,1770420749330450 ,US,US&CA,,1/1/00 0:00,154.92,102.7975,3/7/23 18:16,1.81,RIE,Ad Group Recall (Merged)
20230807,1770724139005980 ,TR,TR,,1/1/00 0:00,1190.4,162.41,7/7/23 2:42,1.63,RIE,Ad Group Recall (Merged)
20230807,1769760991752240 ,SG,Other,,1/1/00 0:00,0.33,12.9472,26/6/23 10:31,1.62,RIE,Ad Group Recall (Merged)
20230807,1770096190063610 ,GB,GB,,1/1/00 0:00,199.27,60.0658,30/6/23 3:15,1.72,RIE,Ad Group Recall (Merged)
20230807,1769932580408370 ,BR,BR,,1/1/00 0:00,40.8921,32.0557,28/6/23 7:58,1.99,Auction Ads,auction_all
20230807,1769762581875760 ,IT,IT,,1/1/00 0:00,30.26,13.5046,26/6/23 11:58,1.79,RIE,Ad Group Recall (Merged)
20230807,1769762581875760 ,RO,Other,,1/1/00 0:00,30.26,13.5046,26/6/23 11:58,1.62,RIE,Ad Group Recall (Merged)
20230807,1769706378439720 ,TH,TH,,1/1/00 0:00,14.4431,6.1189,25/6/23 19:35,1.64,Auction Ads,auction_relation
20230807,1770612186896430 ,BR,BR,,1/1/00 0:00,154.2578,131.8597,5/7/23 19:51,1.99,Auction Ads,auction_all
20230807,1772183659711490 ,US,US&CA,,1/1/00 0:00,67.26,651.2365,24/7/23 18:00,1.81,RIE,Ad Group Recall (Merged)
20230807,1769864666339360 ,IT,IT,,1/1/00 0:00,27.5579,22.9197,27/6/23 14:48,1.79,RIE,Ad Group Recall (Merged)
20230807,1769688677065740 ,PK,Other,,1/1/00 0:00,20.69,2.5672,25/6/23 15:20,1.62,RIE,Ad Group Recall (Merged)
20230807,1770103114670080 ,AU,AU,,1/1/00 0:00,154.35,57.4231,30/6/23 6:11,1.84,RIE,Ad Group Recall (Merged)
20230807,1769677763079160 ,PK,Other,,1/1/00 0:00,0.28,0.1318,25/6/23 12:27,1.62,RIE,Ad Group Recall (Merged)
20230807,1769745933732890 ,VN,VN,,1/1/00 0:00,29.63,3.0833,26/6/23 6:26,2.13,RIE,Ad Group Recall (Merged)
20230807,1769760362298410 ,TW,TW,,1/1/00 0:00,7.27,5.4432,26/6/23 10:22,2.59,RIE,Ad Group Recall (Merged)
20230807,1769958275320860 ,GB,,,1/1/00 0:00,9.46,33.6,28/6/23 15:12,0.59,Auction Ads,Auction Ad Group
20230807,1769746225914890 ,VN,VN,,1/1/00 0:00,56.45,3.0833,26/6/23 6:37,2.13,RIE,Ad Group Recall (Merged)
20230807,1769864398461960 ,BR,BR,,1/1/00 0:00,0,18.1975,27/6/23 13:55,1.99,Auction Ads,auction_all
20230807,1769793340413970 ,US,US&CA,,1/1/00 0:00,49.95,13.6792,27/6/23 5:00,1.81,RIE,Ad Group Recall (Merged)
20230807,1773142749094960 ,US,US&CA,,1/1/00 0:00,4335.27,2054.7159,3/8/23 13:00,1.81,RIE,Ad Group Recall (Merged)
20230807,1769742158288930 ,KW,Other,,1/1/00 0:00,0.89,0.226,26/6/23 5:33,1.62,RIE,Ad Group Recall (Merged)
20230807,1769747654950940 ,VN,VN,,1/1/00 0:00,63.74,1.2661,26/6/23 7:05,2.13,RIE,Ad Group Recall (Merged)
20230807,1769768961415210 ,VN,VN,,1/1/00 0:00,40.88,4.7917,26/6/23 12:38,2.13,RIE,Ad Group Recall (Merged)
20230807,1770242716929050 ,JP,JP,,1/1/00 0:00,731.66,71.6776,1/7/23 19:09,3.21,RIE,Ad Group Recall (Merged)
20230807,1770242716950560 ,JP,JP,,1/1/00 0:00,686.78,71.6776,1/7/23 19:09,3.21,RIE,Ad Group Recall (Merged)
20230807,1770242720637980 ,JP,JP,,1/1/00 0:00,1174.31,71.6776,1/7/23 19:09,3.21,RIE,Ad Group Recall (Merged)
20230807,1769840699856910 ,SA,MENA,,1/1/00 0:00,197.28,12.2175,27/6/23 7:38,1.67,RIE,Ad Group Recall (Merged)
20230807,1770246950992940 ,JP,JP,,1/1/00 0:00,222.26,71.6776,1/7/23 20:17,3.21,RIE,Ad Group Recall (Merged)
20230807,1770248903511070 ,JP,JP,,1/1/00 0:00,588.97,71.6776,1/7/23 20:48,3.21,RIE,Ad Group Recall (Merged)
20230807,1770706158150690 ,US,US&CA,,1/1/00 0:00,796.38,147.2152,6/7/23 21:57,1.81,RIE,Ad Group Recall (Merged)
20230807,1769891505107970 ,US,US&CA,,1/1/00 0:00,18.36,18.2044,27/6/23 22:05,1.81,RIE,Ad Group Recall (Merged)
20230807,1770028818177070 ,AT,AT,,1/1/00 0:00,65.778,43.2618,29/6/23 10:22,0.89,Auction Ads,auction_relation
20230807,1769823843699710 ,ID,ID,,1/1/00 0:00,15.4828,5.3118,27/6/23 1:48,1.8,Auction Ads,auction_relation
20230807,1769821329420330 ,TH,TH,,1/1/00 0:00,5.7052,5.0567,27/6/23 2:25,1.87,RIE,Ad Group Recall (Merged)
20230807,1772683529304080 ,MX,Other,,1/1/00 0:00,1274.2343,910.8157,28/7/23 21:00,1.62,RIE,Ad Group Recall (Merged)
20230807,1772102234855440 ,JP,JP,,1/1/00 0:00,1500,560.2717,22/7/23 6:47,3.21,RIE,Ad Group Recall (Merged)
20230807,1769889333556240 ,CA,US&CA,,1/1/00 0:00,22.1571,22.6511,28/6/23 13:00,1.81,RIE,Ad Group Recall (Merged)
20230807,1769951231967260 ,IL,IL,,1/1/00 0:00,9.67,22.4341,28/6/23 13:48,1.22,RIE,Ad Group Recall (Merged)
20230807,1769966305313790 ,US,USCA,,1/1/00 0:00,19.13,19.084,28/6/23 10:55,1.78,Auction Ads,auction_relation
20230807,1769906448783360 ,SA,MENA,,1/1/00 0:00,60.08,10.232,28/6/23 1:04,1.67,RIE,Ad Group Recall (Merged)
20230807,1770039525283870 ,ID,ID,,1/1/00 0:00,6.79,36.1969,29/6/23 11:55,2.05,RIE,Ad Group Recall (Merged)
20230807,1769952437980170 ,BE,BE,,1/1/00 0:00,68.4306,18.5817,28/6/23 14:10,1.15,Auction Ads,auction_relation
20230807,1769952437980170 ,NL,NL,,1/1/00 0:00,68.4306,18.5817,28/6/23 14:10,1.19,Auction Ads,auction_relation
20230807,1770012568529930 ,PH,Other,,1/1/00 0:00,127.96,24.814,29/6/23 5:12,1.62,RIE,Ad Group Recall (Merged)
20230807,1771985555196960 ,AU,AU,,1/1/00 0:00,1017.6849,883.974,28/7/23 14:00,1.43,Non-Auction Ads,R&F
20230807,1771985555196960 ,AU,AU,,1/1/00 0:00,1017.6849,883.974,28/7/23 14:00,1.43,Non-Auction Ads,R&F
20230807,1769919577387010 ,PH,Other,,1/1/00 0:00,366.99,6.5563,28/6/23 4:26,1.62,RIE,Ad Group Recall (Merged)
20230807,1769914691831810 ,VN,VN,,1/1/00 0:00,49.23,4.9278,28/6/23 3:14,2.13,RIE,Ad Group Recall (Merged)
20230807,1769931558306920 ,MY,MY,,1/1/00 0:00,77.02,6.3212,28/6/23 7:45,2.3,RIE,Ad Group Recall (Merged)
20230807,1769875297088510 ,ID,ID,,1/1/00 0:00,4.0259,1.6358,27/6/23 16:51,2.05,RIE,Ad Group Recall (Merged)
20230807,1769887678723120 ,BR,BR,,1/1/00 0:00,6.0853,2.3291,27/6/23 20:00,1.99,Auction Ads,auction_all
20230807,1770070208311310 ,US,USCA,,1/1/00 0:00,85.96,49.9086,1/7/23 5:01,1.78,Auction Ads,auction_relation
20230807,1770658736506910 ,EG,MENA,,1/1/00 0:00,197.27,118.3816,6/7/23 8:18,1.67,RIE,Ad Group Recall (Merged)
20230807,1770495222366250 ,GR,Other,,1/1/00 0:00,203.0598,95.7795,5/7/23 8:00,1.62,RIE,Ad Group Recall (Merged)
20230807,1770495222366250 ,GR,Other,,1/1/00 0:00,203.0598,95.7795,5/7/23 8:00,1.62,RIE,Ad Group Recall (Merged)
20230807,1769925422380040 ,JP,JP,,1/1/00 0:00,17.75,10.8344,28/6/23 16:00,3.21,RIE,Ad Group Recall (Merged)
20230807,1770003530895360 ,TH,TH,,1/1/00 0:00,29.0486,13.5775,29/6/23 2:37,1.87,RIE,Ad Group Recall (Merged)
20230807,1769919780889630 ,ID,ID,,1/1/00 0:00,2.8131,39.623,30/6/23 17:01,1.8,Auction Ads,auction_relation
20230807,1769919780889630 ,ID,ID,,1/1/00 0:00,2.8131,39.623,30/6/23 17:01,1.8,Auction Ads,auction_relation
20230807,1770004839832590 ,IL,IL,,1/1/00 0:00,17.1119,15.0768,29/6/23 3:55,1.22,RIE,Ad Group Recall (Merged)
20230807,1769996318104610 ,KW,Other,,1/1/00 0:00,50.18,10.232,29/6/23 0:53,1.62,RIE,Ad Group Recall (Merged)
20230807,1770123253468170 ,KZ,Other,,1/1/00 0:00,248.73,33.3525,30/6/23 10:22,1.62,RIE,Ad Group Recall (Merged)
20230807,1769940026541070 ,TH,TH,,1/1/00 0:00,1.5483,1.2648,28/6/23 9:53,1.87,RIE,Ad Group Recall (Merged)
20230807,1770669811567610 ,FI,Others,,1/1/00 0:00,418.5975,164.6703,10/7/23 7:00,1.56,Auction Ads,auction_all
20230807,1771065515325450 ,DE,DE,,1/1/00 0:00,482.5634,184.7972,10/7/23 21:15,1.01,Auction Ads,auction_relation
20230807,1770002553155610 ,VN,VN,,1/1/00 0:00,10.5286,8.7293,29/6/23 2:13,2.14,Auction Ads,auction_relation
20230807,1769940485741580 ,TH,TH,,1/1/00 0:00,1.9096,1.2648,28/6/23 10:02,1.87,RIE,Ad Group Recall (Merged)
20230807,1769940517662760 ,TH,TH,,1/1/00 0:00,0.7423,1.2648,28/6/23 10:02,1.87,RIE,Ad Group Recall (Merged)
20230807,1769940475385900 ,TH,TH,,1/1/00 0:00,0,1.2648,28/6/23 10:02,1.87,RIE,Ad Group Recall (Merged)
20230807,1769852322442240 ,VN,VN,,1/1/00 0:00,243.03,122.1327,6/7/23 17:00,2.32,Non-Auction Ads,R&F
20230807,1769941884216330 ,TH,TH,,1/1/00 0:00,0.3293,1.2648,28/6/23 10:23,1.87,RIE,Ad Group Recall (Merged)
20230807,1769942257901600 ,TH,TH,,1/1/00 0:00,0.0969,1.2648,28/6/23 10:29,1.87,RIE,Ad Group Recall (Merged)
20230807,1769981860191230 ,US,US&CA,,1/1/00 0:00,19.79,19.74,29/6/23 13:00,1.81,RIE,Ad Group Recall (Merged)
20230807,1770134577586170 ,IT,IT,,1/1/00 0:00,73.6638,30.1503,30/6/23 14:29,1.79,RIE,Ad Group Recall (Merged)
20230807,1770017666026540 ,GB,GB,,1/1/00 0:00,17.37,13.4408,29/6/23 6:27,1.76,Auction Ads,auction_relation
20230807,1770017666026540 ,NZ,NZ,,1/1/00 0:00,17.37,13.4408,29/6/23 6:27,1.58,Auction Ads,auction_relation
20230807,1770017666026540 ,AU,AU,,1/1/00 0:00,17.37,13.4408,29/6/23 6:27,1.84,Auction Ads,auction_relation
20230807,1769269781996590 ,GB,GB,,1/1/00 0:00,,34.4148,1/7/23 1:14,1.76,Auction Ads,auction_relation
20230807,1770028347064330 ,VN,VN,,1/1/00 0:00,17.0202,14.4541,29/6/23 9:11,2.13,RIE,Ad Group Recall (Merged)
20230807,1770216842962960 ,ES,ES,,1/1/00 0:00,49.0956,37.8151,1/7/23 12:15,1.37,Auction Ads,auction_relation
20230807,1769970990820400 ,MX,MX,,1/1/00 0:00,76.49,8.4286,29/6/23 6:00,1.99,Auction Ads,auction_all
20230807,1770475311083520 ,JP,JP,,1/1/00 0:00,400.26,67.2646,4/7/23 8:42,3.21,RIE,Ad Group Recall (Merged)
20230807,1770651393292290 ,ID,ID,,1/1/00 0:00,340.46,101.8976,6/7/23 6:25,2.05,RIE,Ad Group Recall (Merged)
20230807,1770070222582810 ,US,US&CA,,1/1/00 0:00,10.1,16.9317,29/6/23 21:27,1.81,RIE,Ad Group Recall (Merged)
20230807,1770651580112930 ,ID,ID,,1/1/00 0:00,291.19,101.8976,6/7/23 6:28,2.05,RIE,Ad Group Recall (Merged)
20230807,1770684512309260 ,NL,NL,,1/1/00 0:00,45.65,162.294,10/7/23 12:00,1.19,Auction Ads,auction_relation
20230807,1770042417303580 ,AU,AU,,1/1/00 0:00,99.09,14.4115,29/6/23 13:06,1.84,RIE,Ad Group Recall (Merged)
20230807,1773547671761920 ,TH,,1,25/6/23,,0.7265,,0.54,Non-Auction Ads,Promote
20230807,1770157545475120 ,IL,IL,,1/1/00 0:00,35.18,28.4378,30/6/23 20:37,1.22,RIE,Ad Group Recall (Merged)
20230807,1770013118031880 ,MY,MY,,1/1/00 0:00,4.4465,4.3003,29/6/23 5:18,2.31,Auction Ads,auction_relation
20230807,1773051963819040 ,US,USCA,,1/1/00 0:00,2381.49,2044.892,3/8/23 14:00,1.78,Auction Ads,auction_relation
20230807,1770043088006190 ,BR,BR,,1/1/00 0:00,20.42,12.3603,29/6/23 14:13,1.7,RIE,Ad Group Recall (Merged)
20230807,1770530444315680 ,JP,JP,,1/1/00 0:00,924.85,71.6776,4/7/23 23:23,3.21,RIE,Ad Group Recall (Merged)
20230807,1770055500172280 ,VN,VN,,1/1/00 0:00,25.1547,12.0334,29/6/23 16:15,2.13,RIE,Ad Group Recall (Merged)
20230807,1770653086528600 ,ID,ID,,1/1/00 0:00,308.72,97.6763,6/7/23 6:52,2.05,RIE,Ad Group Recall (Merged)
20230807,1770653127030780 ,ID,ID,,1/1/00 0:00,119.58,97.6763,6/7/23 6:53,2.05,RIE,Ad Group Recall (Merged)
20230807,1770081838877740 ,IT,IT,,1/1/00 0:00,22.0671,12.5585,30/6/23 0:30,1.79,RIE,Ad Group Recall (Merged)
20230807,1773543258096660 ,TH,,1,24/6/23,,1.2338,,0.54,Non-Auction Ads,Promote
20230807,1773558839716910 ,TH,,1,24/6/23,,1.2338,,0.54,Non-Auction Ads,Promote
20230807,1773542757658640 ,TH,,1,24/6/23,,1.2338,,0.54,Non-Auction Ads,Promote
20230807,1773560663980110 ,TH,,1,24/6/23,,1.2338,,0.54,Non-Auction Ads,Promote
20230807,1773543787723780 ,TH,,1,24/6/23,,1.2338,,0.54,Non-Auction Ads,Promote
20230807,1773562154325030 ,TH,,1,24/6/23,,1.2338,,0.54,Non-Auction Ads,Promote
20230807,1773559466992660 ,TH,,1,24/6/23,,1.2338,,0.54,Non-Auction Ads,Promote
20230807,1773541920409600 ,TH,,1,24/6/23,,1.2338,,0.54,Non-Auction Ads,Promote
20230807,1773561254190080 ,TH,,1,24/6/23,,1.2338,,0.54,Non-Auction Ads,Promote
20230807,1773544405015550 ,TH,,1,24/6/23,,1.2338,,0.54,Non-Auction Ads,Promote
20230807,1773559954576380 ,TH,,1,24/6/23,,1.2338,,0.54,Non-Auction Ads,Promote
20230807,1770120085601310 ,ID,ID,,1/1/00 0:00,46.74,16.4532,30/6/23 9:39,2.05,RIE,Ad Group Recall (Merged)
20230807,1771052252278780 ,US,USCA,,1/1/00 0:00,421.3,167.0941,10/7/23 17:37,1.78,Auction Ads,auction_relation
20230807,1773534990863360 ,BR,,1,23/6/23,,1.4341,,0.54,Non-Auction Ads,Promote
20230807,1770146142945330 ,ID,ID,,1/1/00 0:00,101.9,18.6314,30/6/23 16:33,2.05,RIE,Ad Group Recall (Merged)
20230807,1772282549286920 ,JP,JP,,1/1/00 0:00,1630.43,560.2717,24/7/23 6:35,3.21,RIE,Ad Group Recall (Merged)
20230807,1772282816587770 ,JP,JP,,1/1/00 0:00,1350,560.2717,24/7/23 6:37,3.21,RIE,Ad Group Recall (Merged)
20230807,1770099228570640 ,TH,TH,,1/1/00 0:00,15.8882,7.5635,30/6/23 4:08,1.64,Auction Ads,auction_relation
20230807,1770154877029420 ,KR,KR,,1/1/00 0:00,90.3,16.4575,30/6/23 19:52,2.18,RIE,Ad Group Recall (Merged)
20230807,1770165581186080 ,BR,BR,,1/1/00 0:00,22.1413,15.5847,30/6/23 21:43,1.99,Auction Ads,auction_all
20230807,1770074097270800 ,US,USCA,,1/1/00 0:00,33.16,20.4518,1/7/23 5:01,1.78,Auction Ads,auction_relation
20230807,1770277084439550 ,US,US&CA,,1/1/00 0:00,2.69,26.0228,2/7/23 4:05,1.81,RIE,Ad Group Recall (Merged)
20230807,1770046378748960 ,BR,BR,,1/1/00 0:00,3.0306,0,29/6/23 13:15,1.99,Auction Ads,auction_all
20230807,1770170241409050 ,GB,GB,,1/1/00 0:00,25.5367,16.223,1/7/23 0:00,1.76,Auction Ads,auction_relation
20230807,1771214620633090 ,DE,DE,,1/1/00 0:00,104.9397,214.3469,12/7/23 12:36,1.01,Auction Ads,auction_relation
20230807,1770665704097820 ,KR,KR,,1/1/00 0:00,1013.17,90.3848,6/7/23 10:14,2.18,RIE,Ad Group Recall (Merged)
20230807,1770668781921310 ,NL,Other,,1/1/00 0:00,0,113.5446,7/7/23 8:00,1.62,RIE,Ad Group Recall (Merged)
20230807,1770113106653180 ,SG,Other,,1/1/00 0:00,25.33,3.7952,30/6/23 7:50,1.62,RIE,Ad Group Recall (Merged)
20230807,1771355583852540 ,JP,JP,,1/1/00 0:00,144.2165,257.2569,14/7/23 0:55,2.16,Auction Ads,auction_all
20230807,1770109901631520 ,MY,MY,,1/1/00 0:00,,1.3827,30/6/23 6:57,2.31,Auction Ads,auction_relation
20230807,1770459937011730 ,MA,Other,,1/1/00 0:00,50.36,41.4379,4/7/23 3:32,1.62,RIE,Ad Group Recall (Merged)
20230807,1770460715696160 ,EG,MENA,,1/1/00 0:00,49.98,41.4379,4/7/23 3:55,1.67,RIE,Ad Group Recall (Merged)
20230807,1770677699299370 ,SA,MENA,,1/1/00 0:00,349.74,87.7077,6/7/23 13:20,1.67,RIE,Ad Group Recall (Merged)
20230807,1770404865610780 ,SA,MENA,,1/1/00 0:00,152.21,34.4335,3/7/23 13:06,1.67,RIE,Ad Group Recall (Merged)
20230807,1770379255181340 ,US,US&CA,,1/1/00 0:00,23.79,23.331,3/7/23 7:17,1.81,RIE,Ad Group Recall (Merged)
20230807,1770393411763250 ,SE,Other,,1/1/00 0:00,233.4651,24.0699,3/7/23 9:04,1.62,RIE,Ad Group Recall (Merged)
20230807,1770482726630440 ,ID,ID,,1/1/00 0:00,159.7,41.4226,4/7/23 9:42,2.05,RIE,Ad Group Recall (Merged)
20230807,1770141904745500 ,MY,MY,,1/1/00 0:00,,1.1977,30/6/23 15:16,2.31,Auction Ads,auction_relation
20230807,1770053195932670 ,PL,PL,,1/1/00 0:00,29.3987,5.9114,1/7/23 5:00,1.84,RIE,Ad Group Recall (Merged)
20230807,1770707507832860 ,BR,BR,,1/1/00 0:00,294.3978,87.7563,6/7/23 19:18,1.7,RIE,Ad Group Recall (Merged)
20230807,1770682150487080 ,US,USCA,,1/1/00 0:00,177.71,84.9612,6/7/23 15:26,1.78,Auction Ads,auction_relation
20230807,1770270452565000 ,US,US&CA,,1/1/00 0:00,119.2,11.1383,2/7/23 2:23,1.81,RIE,Ad Group Recall (Merged)
20230807,1770493740335150 ,US,US&CA,,1/1/00 0:00,269.53,38.5297,4/7/23 12:37,1.81,RIE,Ad Group Recall (Merged)
20230807,1768777742308400 ,US,US&CA,,1/1/00 0:00,90.43,55.8565,5/7/23 14:00,1.81,RIE,Ad Group Recall (Merged)
20230807,1770587406186520 ,SA,MENA,,1/1/00 0:00,293.9788,54.712,5/7/23 13:26,1.67,RIE,Ad Group Recall (Merged)
20230807,1770564150083580 ,NO,Other,,1/1/00 0:00,607.77,50.4573,5/7/23 8:13,1.62,RIE,Ad Group Recall (Merged)
20230807,1773447665934330 ,VN,,1,16/6/23,,2.8525,,0.54,Non-Auction Ads,Promote
20230807,1773447665934330 ,VN,,1,16/6/23,,2.8525,,0.54,Non-Auction Ads,Promote
20230807,1771956126261290 ,CO,Other,,1/1/00 0:00,1497.67,443.824,21/7/23 3:00,1.62,RIE,Ad Group Recall (Merged)
20230807,1770571294286840 ,NZ,Other,,1/1/00 0:00,150.63,51.3311,5/7/23 10:11,1.62,RIE,Ad Group Recall (Merged)
20230807,1772591592938520 ,GB,GB,,1/1/00 0:00,4197.1761,1420.0421,2/8/23 0:00,1.72,RIE,Ad Group Recall (Merged)
20230807,1770402430918680 ,BE,Other,,1/1/00 0:00,65.201,23.449,3/7/23 12:31,1.62,RIE,Ad Group Recall (Merged)
20230807,1770402430918680 ,NL,Other,,1/1/00 0:00,65.201,23.449,3/7/23 12:31,1.62,RIE,Ad Group Recall (Merged)
20230807,1770402430918680 ,CH,Other,,1/1/00 0:00,65.201,23.449,3/7/23 12:31,1.62,RIE,Ad Group Recall (Merged)
20230807,1770402430918680 ,CZ,Other,,1/1/00 0:00,65.201,23.449,3/7/23 12:31,1.62,RIE,Ad Group Recall (Merged)
20230807,1770402430918680 ,IT,IT,,1/1/00 0:00,65.201,23.449,3/7/23 12:31,1.79,RIE,Ad Group Recall (Merged)
20230807,1770402430918680 ,DE,DE,,1/1/00 0:00,65.201,23.449,3/7/23 12:31,1.6,RIE,Ad Group Recall (Merged)
20230807,1770402430918680 ,AT,Other,,1/1/00 0:00,65.201,23.449,3/7/23 12:31,1.62,RIE,Ad Group Recall (Merged)
20230807,1770402430918680 ,FR,FR,,1/1/00 0:00,65.201,23.449,3/7/23 12:31,1.76,RIE,Ad Group Recall (Merged)
20230807,1770402430918680 ,GB,GB,,1/1/00 0:00,65.201,23.449,3/7/23 12:31,1.72,RIE,Ad Group Recall (Merged)
20230807,1770361926781970 ,NZ,NZ,,1/1/00 0:00,32.314,8.8335,3/7/23 1:40,1.58,Auction Ads,auction_relation
20230807,1773590669814780 ,DE,,1,16/6/23,,1.2303,,0.54,Non-Auction Ads,Promote
20230807,1770634398539790 ,SA,MENA,,1/1/00 0:00,152.26,61.3494,6/7/23 1:43,1.78,Auction Ads,auction_relation
20230807,1773490417161210 ,AE,,1,16/6/23,,1.0977,,0.54,Non-Auction Ads,Promote
20230807,1773559572973570 ,ES,,1,16/6/23,,0.9807,,0.54,Non-Auction Ads,Promote
20230807,1773565311512580 ,FR,,1,16/6/23,,0.9286,,0.54,Non-Auction Ads,Promote
20230807,1773559371734020 ,FR,,1,16/6/23,,0.9286,,0.54,Non-Auction Ads,Promote
20230807,1773557163976720 ,FR,,1,16/6/23,,0.9286,,0.54,Non-Auction Ads,Promote
20230807,1773561671526400 ,FR,,1,16/6/23,,0.9286,,0.54,Non-Auction Ads,Promote
20230807,1773577585256450 ,FR,,1,16/6/23,,0.9286,,0.54,Non-Auction Ads,Promote
20230807,1773558928485380 ,FR,,1,16/6/23,,0.9286,,0.54,Non-Auction Ads,Promote
20230807,1773597156383740 ,FR,,1,16/6/23,,0.9286,,0.54,Non-Auction Ads,Promote
20230807,1773562205748230 ,FR,,1,16/6/23,,0.9286,,0.54,Non-Auction Ads,Promote
20230807,1773557653100550 ,FR,,1,16/6/23,,0.9286,,0.54,Non-Auction Ads,Promote
20230807,1773561134091260 ,FR,,1,16/6/23,,0.9286,,0.54,Non-Auction Ads,Promote
20230807,1773556445101050 ,TH,,1,16/6/23,,0.7268,,0.54,Non-Auction Ads,Promote
20230807,1770776898313230 ,FR,FR,,1/1/00 0:00,55.281,103.5016,7/7/23 16:39,1.97,Auction Ads,auction_relation
20230807,1773592781198340 ,TH,,1,15/6/23,,3.3996,,0.54,Non-Auction Ads,Promote
20230807,1773550685280250 ,MY,,1,16/6/23,,0.4941,,0.54,Non-Auction Ads,Promote
20230807,1773548891879420 ,MY,,1,16/6/23,,0.4941,,0.54,Non-Auction Ads,Promote
20230807,1773539229821950 ,MY,,1,16/6/23,,0.4941,,0.54,Non-Auction Ads,Promote
20230807,1773550217681920 ,MY,,1,16/6/23,,0.4941,,0.54,Non-Auction Ads,Promote
20230807,1773548705568770 ,MY,,1,16/6/23,,0.4941,,0.54,Non-Auction Ads,Promote
20230807,1773564646107140 ,BR,,1,16/6/23,,0.4584,,0.54,Non-Auction Ads,Promote
20230807,1773597637085180 ,ES,,1,16/6/23,,0.3761,,0.54,Non-Auction Ads,Promote
20230807,1773546516828160 ,ES,,1,16/6/23,,0.3761,,0.54,Non-Auction Ads,Promote
20230807,1773559972769790 ,ID,,1,16/6/23,,0.355,,0.54,Non-Auction Ads,Promote
20230807,1773546826643450 ,ID,,1,16/6/23,,0.355,,0.54,Non-Auction Ads,Promote
20230807,1773572469813240 ,ID,,1,16/6/23,,0.3284,,0.54,Non-Auction Ads,Promote
20230807,1773543180040190 ,ID,,1,16/6/23,,0.3284,,0.54,Non-Auction Ads,Promote
20230807,1773551850517500 ,MY,,1,16/6/23,,0.3254,,0.54,Non-Auction Ads,Promote
20230807,1773551963350010 ,MY,,1,16/6/23,,0.3254,,0.54,Non-Auction Ads,Promote
20230807,1773475629084670 ,VN,,1,16/6/23,,0.3244,,0.54,Non-Auction Ads,Promote
20230807,1773569881495550 ,ID,,1,16/6/23,,0.2738,,0.54,Non-Auction Ads,Promote
20230807,1773592796029950 ,TH,,1,16/6/23,,0.2579,,0.54,Non-Auction Ads,Promote
20230807,1773568739201020 ,TH,,1,16/6/23,,0.2579,,0.54,Non-Auction Ads,Promote
20230807,1773561142066170 ,TH,,1,16/6/23,,0.2579,,0.54,Non-Auction Ads,Promote
20230807,1773561029613570 ,TH,,1,16/6/23,,0.2579,,0.54,Non-Auction Ads,Promote
20230807,1773539043964920 ,VN,,1,16/6/23,,0.2285,,0.54,Non-Auction Ads,Promote
20230807,1773548102909950 ,ID,,1,16/6/23,,0.1885,,0.54,Non-Auction Ads,Promote
20230807,1773587426599930 ,ID,,1,16/6/23,,0.1885,,0.54,Non-Auction Ads,Promote
20230807,1773475141432320 ,VN,,1,16/6/23,,0.168,,0.54,Non-Auction Ads,Promote
20230807,1773609372260350 ,PH,,1,16/6/23,,0.1167,,0.54,Non-Auction Ads,Promote
20230807,1770684093299740 ,ES,ES,,1/1/00 0:00,104.4722,77.4249,6/7/23 15:18,1.79,RIE,Ad Group Recall (Merged)
20230807,1772072177679360 ,GB,GB,,1/1/00 0:00,1342.556,491.9031,21/7/23 22:49,1.76,Auction Ads,auction_relation
20230807,1770394132653090 ,MY,MY,,1/1/00 0:00,256.81,12.2175,3/7/23 9:58,2.3,RIE,Ad Group Recall (Merged)
20230807,1770340887794730 ,KW,Other,,1/1/00 0:00,0,3.7931,2/7/23 20:09,1.62,RIE,Ad Group Recall (Merged)
20230807,1770394321488890 ,TR,TR,,1/1/00 0:00,251.83,12.2175,3/7/23 10:19,1.63,RIE,Ad Group Recall (Merged)
20230807,1770372787077170 ,TH,TH,,1/1/00 0:00,17.1618,7.298,3/7/23 4:31,1.87,RIE,Ad Group Recall (Merged)
20230807,1770398075830270 ,ID,ID,,1/1/00 0:00,44.96,11.9708,3/7/23 11:19,2.05,RIE,Ad Group Recall (Merged)
20230807,1770648908761120 ,ID,ID,,1/1/00 0:00,460.17,59.1464,6/7/23 5:46,2.05,RIE,Ad Group Recall (Merged)
20230807,1770648908810240 ,ID,ID,,1/1/00 0:00,152.06,59.1464,6/7/23 5:46,2.05,RIE,Ad Group Recall (Merged)
20230807,1770648913627180 ,ID,ID,,1/1/00 0:00,37.19,59.1464,6/7/23 5:46,2.05,RIE,Ad Group Recall (Merged)
20230807,1770648926861360 ,ID,ID,,1/1/00 0:00,810.77,59.1464,6/7/23 5:46,2.05,RIE,Ad Group Recall (Merged)
20230807,1771024858496010 ,EG,MENA,,1/1/00 0:00,6.86,118.3816,10/7/23 9:17,1.67,RIE,Ad Group Recall (Merged)
20230807,1770398742476850 ,BH,Other,,1/1/00 0:00,131.29,12.2175,3/7/23 11:27,1.62,RIE,Ad Group Recall (Merged)
20230807,1770398742476850 ,JO,Other,,1/1/00 0:00,131.29,12.2175,3/7/23 11:27,1.62,RIE,Ad Group Recall (Merged)
20230807,1770367509485600 ,JP,JP,,1/1/00 0:00,5.28,3.3451,3/7/23 3:10,2.16,Auction Ads,auction_all
20230807,1770121172832280 ,PT,PT,,1/1/00 0:00,33.1049,7.8118,3/7/23 8:42,1.98,Auction Ads,auction_relation
20230807,1770359948703790 ,ID,ID,,1/1/00 0:00,2.4,2.2901,3/7/23 1:14,1.8,Auction Ads,auction_relation
20230807,1770391030074370 ,PL,PL,,1/1/00 0:00,11.25,8.1906,3/7/23 9:26,1.84,RIE,Ad Group Recall (Merged)
20230807,1770501750751240 ,AE,MENA,,1/1/00 0:00,162.1,30.6987,4/7/23 15:42,1.67,RIE,Ad Group Recall (Merged)
20230807,1773560371052540 ,TR,,1,11/6/23,,0.6066,,0.54,Non-Auction Ads,Promote
20230807,1773517816039420 ,TR,,1,11/6/23,,0.6066,,0.54,Non-Auction Ads,Promote
20230807,1773547998247970 ,TH,,1,12/6/23,,0,,0.54,Non-Auction Ads,Promote
20230807,1770392020868130 ,US,US&CA,,1/1/00 0:00,29.9,7.4754,3/7/23 9:41,1.81,RIE,Ad Group Recall (Merged)
20230807,1770398777523230 ,KZ,Other,,1/1/00 0:00,20.4,10.2152,3/7/23 11:30,1.62,RIE,Ad Group Recall (Merged)
20230807,1770368691226720 ,AU,AU,,1/1/00 0:00,5.15,1.4119,3/7/23 3:13,1.84,Auction Ads,auction_relation
20230807,1770368691226720 ,NZ,NZ,,1/1/00 0:00,5.15,1.4119,3/7/23 3:13,1.58,Auction Ads,auction_relation
20230807,1770368691226720 ,CO,CO,,1/1/00 0:00,5.15,1.4119,3/7/23 3:13,1.93,Auction Ads,auction_all
20230807,1770368691226720 ,MY,MY,,1/1/00 0:00,5.15,1.4119,3/7/23 3:13,2.31,Auction Ads,auction_relation
20230807,1770384886363180 ,ID,ID,,1/1/00 0:00,9.6886,3.0342,3/7/23 7:38,1.8,Auction Ads,auction_relation
20230807,1770384886363180 ,ID,ID,,1/1/00 0:00,9.6886,3.0342,3/7/23 7:38,1.8,Auction Ads,auction_relation
20230807,1770520066473980 ,DE,DE,,1/1/00 0:00,25.0164,28.48,4/7/23 20:50,1.01,Auction Ads,auction_relation
20230807,1770520066473980 ,CH,CH,,1/1/00 0:00,25.0164,28.48,4/7/23 20:50,0.93,Auction Ads,auction_relation
20230807,1770520066473980 ,AT,AT,,1/1/00 0:00,25.0164,28.48,4/7/23 20:50,0.89,Auction Ads,auction_relation
20230807,1770474182595630 ,ID,ID,,1/1/00 0:00,27.42,19.295,4/7/23 8:27,2.05,RIE,Ad Group Recall (Merged)
20230807,1771864543324170 ,US,USCA,,1/1/00 0:00,29.91,420.9779,20/7/23 15:00,1.78,Auction Ads,auction_relation
20230807,1771864778002430 ,US,USCA,,1/1/00 0:00,241.4,420.9779,20/7/23 15:00,1.78,Auction Ads,auction_relation
20230807,1771862651535370 ,US,USCA,,1/1/00 0:00,914.35,420.9779,20/7/23 15:00,1.78,Auction Ads,auction_relation
20230807,1770420581141500 ,VN,VN,,1/1/00 0:00,12.6403,10.301,3/7/23 17:02,2.14,Auction Ads,auction_relation
20230807,1770393708736530 ,RO,RO,,1/1/00 0:00,4.4672,2.5596,3/7/23 11:05,1.94,Auction Ads,auction_relation
20230807,1770473523605530 ,TW,TW,,1/1/00 0:00,20.13,13.7488,4/7/23 6:15,0.95,Auction Ads,auction_relation
20230807,1770540310140920 ,AE,MENA,,1/1/00 0:00,141.0783,25.4924,5/7/23 0:39,1.67,RIE,Ad Group Recall (Merged)
20230807,1770406109730840 ,IT,IT,,1/1/00 0:00,5.7365,7.4011,3/7/23 14:20,1.79,RIE,Ad Group Recall (Merged)
20230807,1770417548094480 ,CZ,Other,,1/1/00 0:00,2.0148,7.8391,3/7/23 17:23,1.62,RIE,Ad Group Recall (Merged)
20230807,1770400442922000 ,KZ,Other,,1/1/00 0:00,0.2092,2.1262,3/7/23 11:55,1.62,RIE,Ad Group Recall (Merged)
20230807,1770400402445310 ,KZ,Other,,1/1/00 0:00,0.1652,2.1262,3/7/23 11:55,1.62,RIE,Ad Group Recall (Merged)
20230807,1770451260662830 ,BR,BR,,1/1/00 0:00,0,8.9674,4/7/23 3:00,1.7,RIE,Ad Group Recall (Merged)
20230807,1770477567870970 ,PH,Other,,1/1/00 0:00,27.1639,13.8323,4/7/23 8:32,1.62,RIE,Ad Group Recall (Merged)
20230807,1770460248719400 ,VN,VN,,1/1/00 0:00,100.2797,10.8807,4/7/23 3:44,2.14,Auction Ads,auction_relation
20230807,1770707418933260 ,US,USCA,,1/1/00 0:00,98.53,64.1433,6/7/23 22:01,1.78,Auction Ads,auction_relation
20230807,1771432701155330 ,BR,BR,,1/1/00 0:00,425.5866,246.7298,14/7/23 21:12,1.7,RIE,Ad Group Recall (Merged)
20230807,1771657139794940 ,BR,BR,,1/1/00 0:00,348.67,290.571,17/7/23 8:45,1.99,Auction Ads,auction_all
20230807,1770471090445320 ,TH,TH,,1/1/00 0:00,19.99,9.4958,4/7/23 6:38,1.64,Auction Ads,auction_relation
20230807,1770491320047610 ,EC,Other,,1/1/00 0:00,98.18,13.0334,4/7/23 11:58,1.62,RIE,Ad Group Recall (Merged)
20230807,1770637003293730 ,PH,Other,,1/1/00 0:00,99.48,40.1692,6/7/23 2:28,1.62,RIE,Ad Group Recall (Merged)
20230807,1770481947198490 ,PH,PH,,1/1/00 0:00,114.24,32.6197,5/7/23 16:00,1.43,Non-Auction Ads,R&F
20230807,1770481947198490 ,PH,PH,,1/1/00 0:00,114.24,32.6197,5/7/23 16:00,1.43,Non-Auction Ads,R&F
20230807,1770481947198490 ,PH,PH,,1/1/00 0:00,114.24,32.6197,5/7/23 16:00,1.43,Non-Auction Ads,R&F
20230807,1770481947198490 ,PH,PH,,1/1/00 0:00,114.24,32.6197,5/7/23 16:00,1.43,Non-Auction Ads,R&F
20230807,1770867299453950 ,FR,FR,,1/1/00 0:00,134.5481,87.3535,8/7/23 16:12,1.97,Auction Ads,auction_relation
20230807,1773573257327610 ,ID,,1,5/6/23,,1.9215,,0.54,Non-Auction Ads,Promote
20230807,1770460394034190 ,RO,Other,,1/1/00 0:00,4.38,4.2373,4/7/23 3:43,1.62,RIE,Ad Group Recall (Merged)
20230807,1770560502331400 ,ID,ID,,1/1/00 0:00,100.14,18.6314,5/7/23 6:19,2.05,RIE,Ad Group Recall (Merged)
20230807,1770473188129790 ,ID,ID,,1/1/00 0:00,12.7887,13.3571,4/7/23 16:27,1.8,Auction Ads,auction_relation
20230807,1770651125734440 ,ID,ID,,1/1/00 0:00,89.45,41.4226,6/7/23 6:17,2.05,RIE,Ad Group Recall (Merged)
20230807,1770651126125570 ,ID,ID,,1/1/00 0:00,88.01,41.4226,6/7/23 6:17,2.05,RIE,Ad Group Recall (Merged)
20230807,1770651105652730 ,ID,ID,,1/1/00 0:00,89.32,41.4226,6/7/23 6:17,2.05,RIE,Ad Group Recall (Merged)
20230807,1770651117693980 ,ID,ID,,1/1/00 0:00,101.38,41.4226,6/7/23 6:17,2.05,RIE,Ad Group Recall (Merged)
20230807,1770651131606030 ,ID,ID,,1/1/00 0:00,90.61,41.4226,6/7/23 6:17,2.05,RIE,Ad Group Recall (Merged)
20230807,1770493228037170 ,RO,Other,,1/1/00 0:00,11.1718,10.0138,4/7/23 13:32,1.62,RIE,Ad Group Recall (Merged)
20230807,1770615925549100 ,US,USCA,,1/1/00 0:00,38.27,33.2132,5/7/23 22:30,1.78,Auction Ads,auction_relation
20230807,1770460543592480 ,VN,VN,,1/1/00 0:00,1.0961,1.7733,4/7/23 3:42,2.14,Auction Ads,auction_relation
20230807,1770460543592480 ,VN,VN,,1/1/00 0:00,1.0961,1.7733,4/7/23 3:42,2.14,Auction Ads,auction_relation
20230807,1770476958056450 ,AE,MENA,,1/1/00 0:00,0,2.3211,4/7/23 8:12,1.67,RIE,Ad Group Recall (Merged)
20230807,1770488963237920 ,KZ,Other,,1/1/00 0:00,27.12,3.8848,4/7/23 11:21,1.62,RIE,Ad Group Recall (Merged)
20230807,1771359486556200 ,TW,TW,,1/1/00 0:00,183.48,213.3235,14/7/23 1:54,0.95,Auction Ads,auction_relation
20230807,1773580812100610 ,BR,,1,26/5/23,,0.4269,,0.54,Non-Auction Ads,Promote
20230807,1773593080003580 ,BR,,1,26/5/23,,0.4269,,0.54,Non-Auction Ads,Promote
20230807,1770612835485740 ,BR,BR,,1/1/00 0:00,103.8363,25.9826,5/7/23 18:34,1.7,RIE,Ad Group Recall (Merged)
20230807,1773475347599360 ,VN,,1,26/5/23,,0.1914,,0.54,Non-Auction Ads,Promote
20230807,1773475757674490 ,VN,,1,26/5/23,,0.1914,,0.54,Non-Auction Ads,Promote
20230807,1773484356672510 ,VN,,1,26/5/23,,0.1914,,0.54,Non-Auction Ads,Promote
20230807,1773475611326460 ,VN,,1,26/5/23,,0.1914,,0.54,Non-Auction Ads,Promote
20230807,1773484313591810 ,VN,,1,26/5/23,,0.1914,,0.54,Non-Auction Ads,Promote
20230807,1770586022257680 ,VN,VN,,1/1/00 0:00,61.42,20.826,5/7/23 12:53,2.13,RIE,Ad Group Recall (Merged)
20230807,1771249270744110 ,MX,Other,,1/1/00 0:00,67.2227,172.7956,12/7/23 18:23,1.62,RIE,Ad Group Recall (Merged)
20230807,1770490949616640 ,KZ,Other,,1/1/00 0:00,2.18,0.6875,4/7/23 11:55,1.62,RIE,Ad Group Recall (Merged)
20230807,1770547103815730 ,GB,GB,,1/1/00 0:00,95.58,9.4847,5/7/23 3:47,1.72,RIE,Ad Group Recall (Merged)
20230807,1770550093207580 ,TH,TH,,1/1/00 0:00,56.4223,9.0171,5/7/23 3:34,1.87,RIE,Ad Group Recall (Merged)
20230807,1770569150690330 ,TH,TH,,1/1/00 0:00,100.36,16.6002,5/7/23 8:24,1.87,RIE,Ad Group Recall (Merged)
20230807,1773545889138690 ,TH,,1,25/5/23,,1.5246,,0.54,Non-Auction Ads,Promote
20230807,1772010610828360 ,CA,US&CA,,1/1/00 0:00,2991.48,415.6314,21/7/23 6:28,1.81,RIE,Ad Group Recall (Merged)
20230807,1770756931673090 ,FR,FR,,1/1/00 0:00,27.3179,64.4364,7/7/23 11:10,1.97,Auction Ads,auction_relation
20230807,1770602120947720 ,PE,Other,,1/1/00 0:00,57.45,22.1257,5/7/23 17:18,1.62,RIE,Ad Group Recall (Merged)
20230807,1771020306875420 ,SA,MENA,,1/1/00 0:00,19.71,87.7077,10/7/23 8:09,1.67,RIE,Ad Group Recall (Merged)
20230807,1770561821958160 ,ID,ID,,1/1/00 0:00,20.37,10.0264,5/7/23 6:41,2.05,RIE,Ad Group Recall (Merged)
20230807,1771088305015850 ,MY,MY,,1/1/00 0:00,19.65,107.6816,11/7/23 1:41,2.31,Auction Ads,auction_relation
20230807,1770562389494800 ,ID,ID,,1/1/00 0:00,4.95,10.0264,5/7/23 6:51,2.05,RIE,Ad Group Recall (Merged)
20230807,1770501817372680 ,IT,IT,,1/1/00 0:00,,0.1091,4/7/23 14:46,1.36,Auction Ads,auction_relation
20230807,1770501791706160 ,IT,IT,,1/1/00 0:00,,0.1091,4/7/23 14:46,1.36,Auction Ads,auction_relation
20230807,1770501814008880 ,IT,IT,,1/1/00 0:00,,0.1091,4/7/23 14:46,1.36,Auction Ads,auction_relation
20230807,1770748084526080 ,US,US&CA,,1/1/00 0:00,143.6834,57.0124,7/7/23 8:52,1.81,RIE,Ad Group Recall (Merged)
20230807,1770553143810080 ,MY,MY,,1/1/00 0:00,,0.7728,5/7/23 4:18,2.31,Auction Ads,auction_relation
20230807,1770679513838640 ,SA,MENA,,1/1/00 0:00,83.8936,33.8649,6/7/23 13:37,1.78,Auction Ads,auction_relation
20230807,1770571591470130 ,MY,MY,,1/1/00 0:00,20.2,7.1015,5/7/23 9:09,2.3,RIE,Ad Group Recall (Merged)
20230807,1770612106215440 ,MX,Other,,1/1/00 0:00,51.58,15.4717,5/7/23 21:01,1.62,RIE,Ad Group Recall (Merged)
20230807,1772915283307570 ,VN,VN,,1/1/00 0:00,697.63,923.7005,31/7/23 6:10,2.14,Auction Ads,auction_relation
20230807,1772915283307570 ,TH,TH,,1/1/00 0:00,697.63,923.7005,31/7/23 6:10,1.64,Auction Ads,auction_relation
20230807,1772915283307570 ,ID,ID,,1/1/00 0:00,697.63,923.7005,31/7/23 6:10,1.8,Auction Ads,auction_relation
20230807,1772915283307570 ,MY,MY,,1/1/00 0:00,697.63,923.7005,31/7/23 6:10,2.31,Auction Ads,auction_relation
20230807,1770582472249340 ,KZ,Other,,1/1/00 0:00,18,7.7838,5/7/23 12:06,1.62,RIE,Ad Group Recall (Merged)
20230807,1770568082213880 ,SA,MENA,,1/1/00 0:00,1.72,5.3059,5/7/23 8:20,1.67,RIE,Ad Group Recall (Merged)
20230807,1770576530149400 ,GR,Other,,1/1/00 0:00,0.4624,6.4364,5/7/23 11:32,1.62,RIE,Ad Group Recall (Merged)
20230807,1771031599762460 ,US,US&CA,,1/1/00 0:00,155.56,82.4399,10/7/23 11:46,1.81,RIE,Ad Group Recall (Merged)
20230807,1770566266709020 ,ID,ID,,1/1/00 0:00,6.9049,1.8168,5/7/23 7:32,2.05,RIE,Ad Group Recall (Merged)
20230807,1770583912507440 ,ID,ID,,1/1/00 0:00,,10.2393,5/7/23 17:01,1.8,Auction Ads,auction_relation
20230807,1770583912507440 ,ID,ID,,1/1/00 0:00,,10.2393,5/7/23 17:01,1.8,Auction Ads,auction_relation
20230807,1770659171172370 ,IT,IT,,1/1/00 0:00,9.4312,24.8954,6/7/23 9:29,1.79,RIE,Ad Group Recall (Merged)
20230807,1770642041461760 ,TW,TW,,1/1/00 0:00,100.8,14.17,6/7/23 3:55,2.59,RIE,Ad Group Recall (Merged)
20230807,1770700093759490 ,GB,GB,,1/1/00 0:00,30.9682,31.7674,6/7/23 19:53,1.76,Auction Ads,auction_relation
20230807,1770660778267680 ,TR,TR,,1/1/00 0:00,105.7423,21.2336,6/7/23 8:52,0.83,Auction Ads,auction_relation
20230807,1770655942533160 ,KR,KR,,1/1/00 0:00,4.51,18.3298,6/7/23 7:38,2.18,RIE,Ad Group Recall (Merged)
20230807,1770651408899100 ,MY,MY,,1/1/00 0:00,19.82,14.7061,6/7/23 6:24,2.3,RIE,Ad Group Recall (Merged)
20230807,1771649847789610 ,SE,SE,,1/1/00 0:00,62.59,249.6871,17/7/23 6:13,1.4,Auction Ads,auction_relation
20230807,1771649847789610 ,NL,NL,,1/1/00 0:00,62.59,249.6871,17/7/23 6:13,1.19,Auction Ads,auction_relation
20230807,1772520873464880 ,MX,Other,,1/1/00 0:00,259.6383,910.8157,31/7/23 6:00,1.62,RIE,Ad Group Recall (Merged)
20230807,1771130127341580 ,ES,ES,,1/1/00 0:00,106.5033,125.0372,11/7/23 23:00,1.88,Non-Auction Ads,R&F
20230807,1771129869112350 ,DE,DE,,1/1/00 0:00,148.225,125.0372,11/7/23 23:00,1.41,Non-Auction Ads,R&F
20230807,1771129973861410 ,FR,FR,,1/1/00 0:00,139.0348,125.0372,11/7/23 23:00,1.95,Non-Auction Ads,R&F
20230807,1771130084144170 ,IT,IT,,1/1/00 0:00,118.0266,125.0372,11/7/23 23:00,1.34,Non-Auction Ads,R&F
20230807,1771026715840510 ,US,USCA,,1/1/00 0:00,201.47,137.9907,12/7/23 11:00,1.78,Auction Ads,auction_relation
20230807,1771131304307730 ,GB,GB,,1/1/00 0:00,2176.4264,125.0372,12/7/23 0:00,1.82,Non-Auction Ads,R&F
20230807,1771047573480480 ,GB,GB,,1/1/00 0:00,359.4505,125.0372,12/7/23 0:00,1.82,Non-Auction Ads,R&F
20230807,1770683159607290 ,AR,Other,,1/1/00 0:00,0,21.2746,6/7/23 15:00,1.62,RIE,Ad Group Recall (Merged)
20230807,1770662718265360 ,TH,TH,,1/1/00 0:00,51.03,16.2806,6/7/23 9:11,1.64,Auction Ads,auction_relation
20230807,1770683165610010 ,NO,Other,,1/1/00 0:00,0,21.2746,6/7/23 15:01,1.62,RIE,Ad Group Recall (Merged)
20230807,1770683165610010 ,GR,Other,,1/1/00 0:00,0,21.2746,6/7/23 15:01,1.62,RIE,Ad Group Recall (Merged)
20230807,1770669836928030 ,US,US&CA,,1/1/00 0:00,1.07,18.2044,6/7/23 11:59,1.81,RIE,Ad Group Recall (Merged)
20230807,1770669820979200 ,US,US&CA,,1/1/00 0:00,4.01,18.2044,6/7/23 11:59,1.81,RIE,Ad Group Recall (Merged)
20230807,1770569339631610 ,ID,ID,,1/1/00 0:00,17.8373,4.2819,5/7/23 23:00,1.8,Auction Ads,auction_relation
20230807,1770683320084510 ,IT,IT,,1/1/00 0:00,0,21.2746,6/7/23 15:03,1.79,RIE,Ad Group Recall (Merged)
20230807,1770683320084510 ,ZA,Other,,1/1/00 0:00,0,21.2746,6/7/23 15:03,1.62,RIE,Ad Group Recall (Merged)
20230807,1771921979741180 ,PL,PL,,1/1/00 0:00,846.5734,384.0527,20/7/23 23:00,1.43,Non-Auction Ads,R&F
20230807,1771921979741180 ,PL,PL,,1/1/00 0:00,846.5734,384.0527,20/7/23 23:00,1.43,Non-Auction Ads,R&F
20230807,1770637858579500 ,AE,MENA,,1/1/00 0:00,0.73,2.4268,6/7/23 2:48,1.67,RIE,Ad Group Recall (Merged)
20230807,1770999349518330 ,JP,JP,,1/1/00 0:00,46.5288,58.5725,10/7/23 2:24,2.16,Auction Ads,auction_all
20230807,1770729773953070 ,KR,KR,,1/1/00 0:00,764.34,29.9018,7/7/23 3:11,2.18,RIE,Ad Group Recall (Merged)
20230807,1773557274846210 ,ID,,1,16/5/23,,0,,0.54,Non-Auction Ads,Promote
20230807,1770729324566570 ,IQ,Others,,1/1/00 0:00,146.15,29.2384,7/7/23 2:59,1.56,Auction Ads,auction_all
20230807,1770729324566570 ,AE,MENA,,1/1/00 0:00,146.15,29.2384,7/7/23 2:59,1.78,Auction Ads,auction_relation
20230807,1770729324566570 ,QA,Others,,1/1/00 0:00,146.15,29.2384,7/7/23 2:59,1.56,Auction Ads,auction_all
20230807,1770729324566570 ,AE,MENA,,1/1/00 0:00,146.15,29.2384,7/7/23 2:59,1.78,Auction Ads,auction_relation
20230807,1770729324566570 ,SA,MENA,,1/1/00 0:00,146.15,29.2384,7/7/23 2:59,1.78,Auction Ads,auction_relation
20230807,1770729324566570 ,QA,Others,,1/1/00 0:00,146.15,29.2384,7/7/23 2:59,1.56,Auction Ads,auction_all
20230807,1770729324566570 ,IQ,Others,,1/1/00 0:00,146.15,29.2384,7/7/23 2:59,1.56,Auction Ads,auction_all
20230807,1770729324566570 ,EG,MENA,,1/1/00 0:00,146.15,29.2384,7/7/23 2:59,1.78,Auction Ads,auction_relation
20230807,1770729324566570 ,JO,Others,,1/1/00 0:00,146.15,29.2384,7/7/23 2:59,1.56,Auction Ads,auction_all
20230807,1770729324566570 ,TR,TR,,1/1/00 0:00,146.15,29.2384,7/7/23 2:59,0.83,Auction Ads,auction_relation
20230807,1770729324566570 ,BH,Others,,1/1/00 0:00,146.15,29.2384,7/7/23 2:59,1.56,Auction Ads,auction_all
20230807,1770729324566570 ,BH,Others,,1/1/00 0:00,146.15,29.2384,7/7/23 2:59,1.56,Auction Ads,auction_all
20230807,1770660015344670 ,ID,ID,,1/1/00 0:00,16.65,10.0264,6/7/23 8:45,2.05,RIE,Ad Group Recall (Merged)
20230807,1770762149953550 ,SA,MENA,,1/1/00 0:00,1028.7,37.6611,7/7/23 11:40,1.67,RIE,Ad Group Recall (Merged)
20230807,1770674112904190 ,TR,TR,,1/1/00 0:00,300.14,13.4257,6/7/23 12:25,1.63,RIE,Ad Group Recall (Merged)
20230807,1770684058386440 ,IT,IT,,1/1/00 0:00,56.1853,17.2206,6/7/23 16:02,1.79,RIE,Ad Group Recall (Merged)
20230807,1770655828383790 ,ID,ID,,1/1/00 0:00,14.1262,3.7807,6/7/23 7:32,1.8,Auction Ads,auction_relation
20230807,1770659808307210 ,RO,Other,,1/1/00 0:00,4.4403,4.1664,6/7/23 8:51,1.62,RIE,Ad Group Recall (Merged)
20230807,1771208913275900 ,MX,Other,,1/1/00 0:00,1901.3745,124.6988,12/7/23 10:53,1.62,RIE,Ad Group Recall (Merged)
20230807,1773560214859780 ,TH,,1,13/5/23,,0.14,,0.54,Non-Auction Ads,Promote
20230807,1770717884765200 ,JP,JP,,1/1/00 0:00,285.35,14.3595,7/7/23 0:21,2.16,Auction Ads,auction_all
20230807,1770658499134460 ,PH,Other,,1/1/00 0:00,35.29,0.5761,6/7/23 8:18,1.62,RIE,Ad Group Recall (Merged)
20230807,1771945497022490 ,US,US&CA,,1/1/00 0:00,693.55,360.9477,20/7/23 14:14,1.81,RIE,Ad Group Recall (Merged)
20230807,1770743488276530 ,IL,IL,,1/1/00 0:00,431.22,22.3589,7/7/23 6:49,1.22,RIE,Ad Group Recall (Merged)
20230807,1770729908741130 ,MY,MY,,1/1/00 0:00,35.5704,13.2116,7/7/23 1:19,2.3,RIE,Ad Group Recall (Merged)
20230807,1771744387477610 ,TH,TH,,1/1/00 0:00,137.8316,264.3613,18/7/23 7:49,1.64,Auction Ads,auction_relation
20230807,1771395986353180 ,CH,CH,,1/1/00 0:00,220.2602,221.73,16/7/23 23:00,0.93,Auction Ads,auction_relation
20230807,1770668492763160 ,KZ,Other,,1/1/00 0:00,0.3633,2.1262,6/7/23 10:56,1.62,RIE,Ad Group Recall (Merged)
20230807,1770669773161500 ,TH,TH,,1/1/00 0:00,7.85,1.925,6/7/23 11:19,1.87,RIE,Ad Group Recall (Merged)
20230807,1770716516414490 ,JO,Other,,1/1/00 0:00,50.08,10.232,6/7/23 23:40,1.62,RIE,Ad Group Recall (Merged)
20230807,1770716821074990 ,SA,MENA,,1/1/00 0:00,70.15,10.232,6/7/23 23:44,1.67,RIE,Ad Group Recall (Merged)
20230807,1770759830977550 ,SE,Other,,1/1/00 0:00,64.2179,25.5804,7/7/23 11:32,1.62,RIE,Ad Group Recall (Merged)
20230807,1770746919071760 ,BR,BR,,1/1/00 0:00,3.56,20.0847,7/7/23 7:41,1.7,RIE,Ad Group Recall (Merged)
20230807,1771754906530830 ,TW,TW,,1/1/00 0:00,288.5,270.7987,18/7/23 11:26,0.95,Auction Ads,auction_relation
20230807,1771754906530830 ,AE,MENA,,1/1/00 0:00,288.5,270.7987,18/7/23 11:26,1.78,Auction Ads,auction_relation
20230807,1770822764678140 ,CA,US&CA,,1/1/00 0:00,30.61,29.2453,8/7/23 4:45,1.81,RIE,Ad Group Recall (Merged)
20230807,1770970350022700 ,GB,GB,,1/1/00 0:00,76.3056,39.6013,9/7/23 19:51,1.76,Auction Ads,auction_relation
20230807,1770970350022700 ,GR,GR,,1/1/00 0:00,76.3056,39.6013,9/7/23 19:51,2.11,Auction Ads,auction_relation
20230807,1770970350022700 ,PL,PL,,1/1/00 0:00,76.3056,39.6013,9/7/23 19:51,1.64,Auction Ads,auction_relation
20230807,1770759264751610 ,MY,MY,,1/1/00 0:00,220.87,22.5138,7/7/23 11:57,2.31,Auction Ads,auction_relation
20230807,1773537979553790 ,VN,,1,11/5/23,,0.3536,,0.54,Non-Auction Ads,Promote
20230807,1770685486947330 ,PK,Other,,1/1/00 0:00,3.64,0.5796,6/7/23 15:14,1.62,RIE,Ad Group Recall (Merged)
20230807,1770739446421500 ,MX,MX,,1/1/00 0:00,9.9406,11.7983,7/7/23 5:37,1.99,Auction Ads,auction_all
20230807,1771014925953040 ,ID,ID,,1/1/00 0:00,194.2,41.4226,10/7/23 6:41,2.05,RIE,Ad Group Recall (Merged)
20230807,1770768391468060 ,DE,DE,,1/1/00 0:00,32.9841,21.0812,7/7/23 12:00,1.6,RIE,Ad Group Recall (Merged)
20230807,1772293808119820 ,JP,JP,,1/1/00 0:00,185.99,460.128,24/7/23 8:00,3.21,RIE,Ad Group Recall (Merged)
20230807,1770742184380430 ,PH,PH,,1/1/00 0:00,26.9837,13.8323,7/7/23 7:22,2.46,Auction Ads,auction_relation
20230807,1770742184380430 ,PH,Other,,1/1/00 0:00,26.9837,13.8323,7/7/23 7:22,1.62,RIE,Ad Group Recall (Merged)
20230807,1770742184380430 ,PH,Other,,1/1/00 0:00,26.9837,13.8323,7/7/23 7:22,1.62,RIE,Ad Group Recall (Merged)
20230807,1770742184380430 ,PH,PH,,1/1/00 0:00,26.9837,13.8323,7/7/23 7:22,2.46,Auction Ads,auction_relation
20230807,1770742184380430 ,PH,Other,,1/1/00 0:00,26.9837,13.8323,7/7/23 7:22,1.62,RIE,Ad Group Recall (Merged)
20230807,1771026951730200 ,ID,ID,,1/1/00 0:00,86.19,41.4226,10/7/23 9:53,2.05,RIE,Ad Group Recall (Merged)
20230807,1770730274485290 ,ID,ID,,1/1/00 0:00,1.9856,7.3737,7/7/23 3:15,1.8,Auction Ads,auction_relation
20230807,1772294091078680 ,JP,JP,,1/1/00 0:00,205.5,460.128,24/7/23 9:00,3.21,RIE,Ad Group Recall (Merged)
20230807,1771196034155530 ,ID,ID,,1/1/00 0:00,42.24,101.8976,12/7/23 4:23,2.05,RIE,Ad Group Recall (Merged)
20230807,1770740718523420 ,SA,MENA,,1/1/00 0:00,20.53,6.1202,7/7/23 6:04,1.67,RIE,Ad Group Recall (Merged)
20230807,1770757213793290 ,MY,MY,,1/1/00 0:00,21.2394,12.2032,7/7/23 11:14,2.31,Auction Ads,auction_relation
20230807,1770951904069640 ,DE,DE,,1/1/00 0:00,65.65,26.8292,9/7/23 18:00,1.6,RIE,Ad Group Recall (Merged)
20230807,1770888549960750 ,MA,MA,,1/1/00 0:00,29.53,21.5138,8/7/23 22:13,1.51,Auction Ads,auction_relation
20230807,1770750404408350 ,PH,PH,,1/1/00 0:00,33.1345,7.4926,7/7/23 8:37,2.46,Auction Ads,auction_relation
20230807,1771693617839130 ,US,USCA,,1/1/00 0:00,2581.1,230.1696,17/7/23 19:26,1.78,Auction Ads,auction_relation
20230807,1770738460572720 ,IL,IL,,1/1/00 0:00,16.59,1.07,7/7/23 6:28,1.22,RIE,Ad Group Recall (Merged)
20230807,1770891278875650 ,GR,GR,,1/1/00 0:00,22.2536,19.4416,8/7/23 22:47,2.11,Auction Ads,auction_relation
20230807,1770779069097000 ,SA,MENA,,1/1/00 0:00,112.94,12.2175,7/7/23 16:14,1.67,RIE,Ad Group Recall (Merged)
20230807,1770779069097000 ,AE,MENA,,1/1/00 0:00,112.94,12.2175,7/7/23 16:14,1.67,RIE,Ad Group Recall (Merged)
20230807,1770763557276690 ,US,USCA,,1/1/00 0:00,,1.3375,7/7/23 6:55,1.78,Auction Ads,auction_relation
20230807,1771040061755420 ,FR,FR,,1/1/00 0:00,39.7102,36.9501,10/7/23 14:45,1.97,Auction Ads,auction_relation
20230807,1770806580724730 ,GR,Other,,1/1/00 0:00,31.6533,11.7129,8/7/23 0:33,1.62,RIE,Ad Group Recall (Merged)
20230807,1770765335105530 ,ID,ID,,1/1/00 0:00,12.3198,7.4848,7/7/23 12:33,1.8,Auction Ads,auction_relation
20230807,1770948348652590 ,SA,MENA,,1/1/00 0:00,21.8369,19.3278,9/7/23 12:28,1.67,RIE,Ad Group Recall (Merged)
20230807,1770965800852530 ,BR,BR,,1/1/00 0:00,21.17,20.5981,9/7/23 18:44,1.7,RIE,Ad Group Recall (Merged)
20230807,1771146695346190 ,CH,Other,,1/1/00 0:00,439.5885,78.2705,11/7/23 18:09,1.62,RIE,Ad Group Recall (Merged)
20230807,1771045019637790 ,US,US&CA,,1/1/00 0:00,160.63,36.5231,10/7/23 15:36,1.81,RIE,Ad Group Recall (Merged)
20230807,1770779442281520 ,CA,USCA,,1/1/00 0:00,8.1493,6.9454,7/7/23 17:18,1.78,Auction Ads,auction_relation
20230807,1770763097267230 ,ID,ID,,1/1/00 0:00,39.7542,2.2012,7/7/23 11:57,1.8,Auction Ads,auction_relation
20230807,1771692615555120 ,DK,Other,,1/1/00 0:00,198.38,222.449,17/7/23 19:14,1.62,RIE,Ad Group Recall (Merged)
20230807,1770627245685810 ,FR,FR,,1/1/00 0:00,50.68,3.263,7/7/23 12:00,1.76,RIE,Ad Group Recall (Merged)
20230807,1770831762659340 ,TR,TR,,1/1/00 0:00,7.5035,8.6342,8/7/23 6:09,1.63,RIE,Ad Group Recall (Merged)
20230807,1770837483403290 ,BR,BR,,1/1/00 0:00,89.98,9.2954,8/7/23 7:32,1.7,RIE,Ad Group Recall (Merged)
20230807,1770837483403290 ,KZ,Other,,1/1/00 0:00,89.98,9.2954,8/7/23 7:32,1.62,RIE,Ad Group Recall (Merged)
20230807,1771396482216990 ,ES,ES,,1/1/00 0:00,127.9017,158.3825,14/7/23 12:45,1.79,RIE,Ad Group Recall (Merged)
20230807,1771241411981310 ,US,USCA,,1/1/00 0:00,5.32,108.6274,12/7/23 19:41,1.78,Auction Ads,auction_relation
20230807,1770986125970440 ,TR,TR,,1/1/00 0:00,20.58,19.2976,9/7/23 23:04,1.63,RIE,Ad Group Recall (Merged)
20230807,1771102964814860 ,ID,ID,,1/1/00 0:00,93.35,49.5359,11/7/23 6:04,1.8,Auction Ads,auction_relation
20230807,1771102964814860 ,MY,MY,,1/1/00 0:00,93.35,49.5359,11/7/23 6:04,2.31,Auction Ads,auction_relation
20230807,1770961668432910 ,JP,JP,,1/1/00 0:00,13.4046,14.8871,9/7/23 15:37,2.16,Auction Ads,auction_all
20230807,1771850319013900 ,TW,TW,,1/1/00 0:00,294.08,290.642,19/7/23 16:00,2.59,RIE,Ad Group Recall (Merged)
20230807,1770983623377970 ,MA,Other,,1/1/00 0:00,19.2,15.7892,9/7/23 22:10,1.62,RIE,Ad Group Recall (Merged)
20230807,1771018400216060 ,TH,TH,,1/1/00 0:00,17.65,16.6002,10/7/23 6:53,1.87,RIE,Ad Group Recall (Merged)
20230807,1771152776383530 ,US,US&CA,,1/1/00 0:00,136.1458,70.5848,11/7/23 18:19,1.81,RIE,Ad Group Recall (Merged)
20230807,1770869652146170 ,BY,Other,,1/1/00 0:00,8.1,3.972,8/7/23 21:00,1.62,RIE,Ad Group Recall (Merged)
20230807,1771024950933530 ,US,US&CA,,1/1/00 0:00,20.16,18.2044,10/7/23 10:21,1.81,RIE,Ad Group Recall (Merged)
20230807,1770975190064130 ,FI,Other,,1/1/00 0:00,21.9574,10.0873,9/7/23 20:43,1.62,RIE,Ad Group Recall (Merged)
20230807,1770867842066450 ,KH,Other,,1/1/00 0:00,8.4,1.133,8/7/23 15:44,1.62,RIE,Ad Group Recall (Merged)
20230807,1771014582818840 ,DK,DK,,1/1/00 0:00,35.1516,14.8939,10/7/23 7:39,1.31,Auction Ads,auction_relation
20230807,1770867938353180 ,KH,Other,,1/1/00 0:00,2.28,1.133,8/7/23 15:47,1.62,RIE,Ad Group Recall (Merged)
20230807,1771062890467370 ,US,US&CA,,1/1/00 0:00,36.36,32.592,10/7/23 20:06,1.81,RIE,Ad Group Recall (Merged)
20230807,1770911307230240 ,CO,Other,,1/1/00 0:00,32.39,2.5352,9/7/23 3:16,1.62,RIE,Ad Group Recall (Merged)
20230807,1770936965110780 ,MY,MY,,1/1/00 0:00,9.0636,3.467,9/7/23 10:00,2.31,Auction Ads,auction_relation
20230807,1771085343610930 ,US,US&CA,,1/1/00 0:00,46.81,34.2265,11/7/23 2:07,1.81,RIE,Ad Group Recall (Merged)
20230807,1770912584686620 ,KW,Other,,1/1/00 0:00,0.13,0.3081,9/7/23 3:38,1.62,RIE,Ad Group Recall (Merged)
20230807,1770930820662320 ,VN,VN,,1/1/00 0:00,,0.4248,9/7/23 8:24,2.14,Auction Ads,auction_relation
20230807,1771006119485440 ,PH,Other,,1/1/00 0:00,18.5176,8.3478,10/7/23 4:21,1.62,RIE,Ad Group Recall (Merged)
20230807,1771122758982700 ,IT,IT,,1/1/00 0:00,66.244,46.6096,11/7/23 11:51,1.79,RIE,Ad Group Recall (Merged)
20230807,1770958866619390 ,MY,MY,,1/1/00 0:00,22.2762,2.4049,9/7/23 15:52,2.31,Auction Ads,auction_relation
20230807,1770943470194700 ,BR,BR,,1/1/00 0:00,1.3154,0.6022,9/7/23 11:48,1.7,RIE,Ad Group Recall (Merged)
20230807,1770990132102190 ,BR,BR,,1/1/00 0:00,4.051,5.5488,9/7/23 23:52,1.7,RIE,Ad Group Recall (Merged)
20230807,1771271174080540 ,ID,ID,,1/1/00 0:00,200.19,97.6763,13/7/23 2:36,2.05,RIE,Ad Group Recall (Merged)
20230807,1771048661850160 ,JP,JP,,1/1/00 0:00,63.3913,21.3326,10/7/23 15:38,3.21,RIE,Ad Group Recall (Merged)
20230807,1771274369827880 ,NZ,NZ,,1/1/00 0:00,2743.64,97.7246,13/7/23 4:18,1.58,Auction Ads,auction_relation
20230807,1771003476463650 ,TH,TH,,1/1/00 0:00,1.2468,5.3964,10/7/23 3:36,1.64,Auction Ads,auction_relation
20230807,1771050199910450 ,FR,FR,,1/1/00 0:00,203.3908,24.709,10/7/23 17:02,1.97,Auction Ads,auction_relation
20230807,1772318273182750 ,AR,AR,,1/1/00 0:00,1250.6795,453.3069,24/7/23 15:59,2.23,Auction Ads,auction_all
20230807,1772318273182750 ,PE,PE,,1/1/00 0:00,1250.6795,453.3069,24/7/23 15:59,1.68,Auction Ads,auction_all
20230807,1772318273182750 ,CO,CO,,1/1/00 0:00,1250.6795,453.3069,24/7/23 15:59,1.93,Auction Ads,auction_all
20230807,1772318273182750 ,CL,CL,,1/1/00 0:00,1250.6795,453.3069,24/7/23 15:59,1.85,Auction Ads,auction_all
20230807,1771122760372250 ,GB,GB,,1/1/00 0:00,84.7706,38.248,11/7/23 10:22,1.72,RIE,Ad Group Recall (Merged)
20230807,1771032037114920 ,TR,TR,,1/1/00 0:00,10.3028,8.0484,10/7/23 11:12,1.63,RIE,Ad Group Recall (Merged)
20230807,1771025883486250 ,DE,DE,,1/1/00 0:00,18.1458,5.5659,10/7/23 10:31,1.01,Auction Ads,auction_relation
20230807,1771025883486250 ,ES,ES,,1/1/00 0:00,18.1458,5.5659,10/7/23 10:31,1.37,Auction Ads,auction_relation
20230807,1771025883486250 ,CZ,CZ,,1/1/00 0:00,18.1458,5.5659,10/7/23 10:31,1.9,Auction Ads,auction_relation
20230807,1771025883486250 ,FR,FR,,1/1/00 0:00,18.1458,5.5659,10/7/23 10:31,1.97,Auction Ads,auction_relation
20230807,1771025883486250 ,RO,RO,,1/1/00 0:00,18.1458,5.5659,10/7/23 10:31,1.94,Auction Ads,auction_relation
20230807,1771022939672610 ,MY,MY,,1/1/00 0:00,4.0462,1.6373,10/7/23 8:40,2.31,Auction Ads,auction_relation
20230807,1771052080430080 ,IE,Other,,1/1/00 0:00,56.64,16.8006,10/7/23 16:34,1.62,RIE,Ad Group Recall (Merged)
20230807,1771209271752730 ,SA,MENA,,1/1/00 0:00,120.39,70.6,12/7/23 11:11,1.67,RIE,Ad Group Recall (Merged)
20230807,1771052536087560 ,SE,SE,,1/1/00 0:00,18.8824,17.2966,10/7/23 18:00,1.4,Auction Ads,auction_relation
20230807,1771054184963100 ,BR,BR,,1/1/00 0:00,20.9422,7.3725,10/7/23 15:06,1.7,RIE,Ad Group Recall (Merged)
20230807,1771094986774520 ,ID,ID,,1/1/00 0:00,232.68,21.3666,11/7/23 3:56,2.05,RIE,Ad Group Recall (Merged)
20230807,1771095002522650 ,ID,ID,,1/1/00 0:00,132.35,21.3666,11/7/23 3:56,2.05,RIE,Ad Group Recall (Merged)
20230807,1771035200548910 ,GB,GB,,1/1/00 0:00,30.6499,2.8108,10/7/23 13:04,1.72,RIE,Ad Group Recall (Merged)
20230807,1771116365845520 ,AE,MENA,,1/1/00 0:00,20.48,28.3822,11/7/23 9:34,1.67,RIE,Ad Group Recall (Merged)
20230807,1771231939897340 ,MX,MX,,1/1/00 0:00,202.22,74.4385,12/7/23 17:11,1.99,Auction Ads,auction_all
20230807,1771231939897340 ,BR,BR,,1/1/00 0:00,202.22,74.4385,12/7/23 17:11,1.99,Auction Ads,auction_all
20230807,1772576104655920 ,ES,ES,,1/1/00 0:00,1392.8041,665.2274,28/7/23 8:00,1.79,RIE,Ad Group Recall (Merged)
20230807,1771049136708610 ,DE,DE,,1/1/00 0:00,0,9.2504,10/7/23 16:01,1.01,Auction Ads,auction_relation
20230807,1771049136708610 ,FR,FR,,1/1/00 0:00,0,9.2504,10/7/23 16:01,1.97,Auction Ads,auction_relation
20230807,1771049136708610 ,ES,ES,,1/1/00 0:00,0,9.2504,10/7/23 16:01,1.37,Auction Ads,auction_relation
20230807,1771049136708610 ,PT,PT,,1/1/00 0:00,0,9.2504,10/7/23 16:01,1.98,Auction Ads,auction_relation
20230807,1771049136708610 ,GB,GB,,1/1/00 0:00,0,9.2504,10/7/23 16:01,1.76,Auction Ads,auction_relation
20230807,1771049136708610 ,IT,IT,,1/1/00 0:00,0,9.2504,10/7/23 16:01,1.36,Auction Ads,auction_relation
20230807,1771671766818810 ,SA,MENA,,1/1/00 0:00,171.31,186.7024,17/7/23 12:38,1.78,Auction Ads,auction_relation
20230807,1771048296168460 ,ZA,Other,,1/1/00 0:00,20.25,13.774,10/7/23 22:01,1.62,RIE,Ad Group Recall (Merged)
20230807,1771643614652460 ,ID,ID,,1/1/00 0:00,390.6,170.5328,17/7/23 5:08,2.05,RIE,Ad Group Recall (Merged)
20230807,1771044912199690 ,EC,Other,,1/1/00 0:00,7.88,2.4016,10/7/23 15:00,1.62,RIE,Ad Group Recall (Merged)
20230807,1771044912199690 ,CL,Other,,1/1/00 0:00,7.88,2.4016,10/7/23 15:00,1.62,RIE,Ad Group Recall (Merged)
20230807,1771044912199690 ,MX,Other,,1/1/00 0:00,7.88,2.4016,10/7/23 15:00,1.62,RIE,Ad Group Recall (Merged)
20230807,1771044912199690 ,PE,Other,,1/1/00 0:00,7.88,2.4016,10/7/23 15:00,1.62,RIE,Ad Group Recall (Merged)
20230807,1771044912199690 ,CO,Other,,1/1/00 0:00,7.88,2.4016,10/7/23 15:00,1.62,RIE,Ad Group Recall (Merged)
20230807,1772377906008140 ,TH,TH,,1/1/00 0:00,57.32,467.2601,25/7/23 7:46,1.87,RIE,Ad Group Recall (Merged)
20230807,1771090552767480 ,TR,TR,,1/1/00 0:00,40.04,14.1651,11/7/23 2:44,1.63,RIE,Ad Group Recall (Merged)
20230807,1771048519560200 ,ES,ES,,1/1/00 0:00,5.07,2.6805,10/7/23 15:33,1.79,RIE,Ad Group Recall (Merged)
20230807,1771046488026130 ,CA,US&CA,,1/1/00 0:00,410.22,5.3356,10/7/23 16:05,1.81,RIE,Ad Group Recall (Merged)
20230807,1771052757498910 ,PH,Other,,1/1/00 0:00,13.6211,3.246,10/7/23 16:44,1.62,RIE,Ad Group Recall (Merged)
20230807,1771113645186050 ,US,US&CA,,1/1/00 0:00,27.76,21.8874,11/7/23 12:00,1.81,RIE,Ad Group Recall (Merged)
20230807,1771113645186050 ,CA,US&CA,,1/1/00 0:00,27.76,21.8874,11/7/23 12:00,1.81,RIE,Ad Group Recall (Merged)
20230807,1771100116857880 ,MY,MY,,1/1/00 0:00,9.6974,8.6952,11/7/23 5:10,2.31,Auction Ads,auction_relation
20230807,1771092348189740 ,KR,KR,,1/1/00 0:00,3.09,4.8184,11/7/23 3:14,2.18,RIE,Ad Group Recall (Merged)
20230807,1771107381242930 ,ID,ID,,1/1/00 0:00,4.78,10.0264,11/7/23 7:15,2.05,RIE,Ad Group Recall (Merged)
20230807,1771107381192750 ,ID,ID,,1/1/00 0:00,4.23,10.0264,11/7/23 7:15,2.05,RIE,Ad Group Recall (Merged)
20230807,1771147982325790 ,BR,BR,,1/1/00 0:00,20.5346,32.1718,11/7/23 17:51,1.7,RIE,Ad Group Recall (Merged)
20230807,1771094542827520 ,MA,Other,,1/1/00 0:00,27.76,3.0886,11/7/23 3:48,1.62,RIE,Ad Group Recall (Merged)
20230807,1771114572802050 ,US,USCA,,1/1/00 0:00,18.59,11.5221,11/7/23 9:02,1.78,Auction Ads,auction_relation
20230807,1771107941048360 ,ID,ID,,1/1/00 0:00,20.1347,7.3599,11/7/23 7:13,1.8,Auction Ads,auction_relation
20230807,1771111577053230 ,RO,Other,,1/1/00 0:00,10.0378,11.5352,11/7/23 9:19,1.62,RIE,Ad Group Recall (Merged)
20230807,1771097120684050 ,EG,MENA,,1/1/00 0:00,1.15,3.6294,11/7/23 4:31,1.67,RIE,Ad Group Recall (Merged)
20230807,1771118481196080 ,ID,ID,,1/1/00 0:00,19.0301,11.9265,11/7/23 10:06,1.8,Auction Ads,auction_relation
20230807,1771118481196080 ,ID,ID,,1/1/00 0:00,19.0301,11.9265,11/7/23 10:06,1.8,Auction Ads,auction_relation
20230807,1771095711685640 ,PH,PH,,1/1/00 0:00,5.1457,1.4115,11/7/23 3:53,2.46,Auction Ads,auction_relation
20230807,1771095711685640 ,PH,PH,,1/1/00 0:00,5.1457,1.4115,11/7/23 3:53,2.46,Auction Ads,auction_relation
20230807,1771117090994210 ,VN,VN,,1/1/00 0:00,8.7212,5.1797,11/7/23 6:59,2.13,RIE,Ad Group Recall (Merged)
20230807,1771128149337120 ,MY,MY,,1/1/00 0:00,13.2259,11.4338,11/7/23 11:44,2.3,RIE,Ad Group Recall (Merged)
20230807,1771763579182090 ,GB,GB,,1/1/00 0:00,429.0893,283.6769,20/7/23 14:00,1.72,RIE,Ad Group Recall (Merged)
20230807,1771205650023470 ,ID,ID,,1/1/00 0:00,155.69,45.0071,12/7/23 9:13,2.05,RIE,Ad Group Recall (Merged)
20230807,1771111424887850 ,TW,TW,,1/1/00 0:00,20.32,6.1739,11/7/23 8:14,2.59,RIE,Ad Group Recall (Merged)
20230807,1771113972543530 ,VN,VN,,1/1/00 0:00,200,6.3212,11/7/23 8:59,2.13,RIE,Ad Group Recall (Merged)
20230807,1771111701900320 ,VN,VN,,1/1/00 0:00,10.307,3.145,11/7/23 8:13,2.14,Auction Ads,auction_relation
20230807,1771110665856040 ,TH,TH,,1/1/00 0:00,0.0514,2.393,11/7/23 8:00,1.64,Auction Ads,auction_relation
20230807,1771112752071680 ,KR,KR,,1/1/00 0:00,9.26,3.5768,11/7/23 8:36,2.18,RIE,Ad Group Recall (Merged)
20230807,1771216018645040 ,ID,ID,,1/1/00 0:00,253.19,59.1464,13/7/23 1:00,2.05,RIE,Ad Group Recall (Merged)
20230807,1771108207227900 ,QA,Other,,1/1/00 0:00,1.78,1.0166,11/7/23 7:20,1.62,RIE,Ad Group Recall (Merged)
20230807,1771126557270010 ,SA,MENA,,1/1/00 0:00,20.71,8.8348,11/7/23 12:18,1.67,RIE,Ad Group Recall (Merged)
20230807,1771199133000700 ,VN,VN,,1/1/00 0:00,53.59,37.8377,12/7/23 7:28,2.14,Auction Ads,auction_relation
20230807,1771124543049720 ,TH,TH,,1/1/00 0:00,29.812,6.6541,11/7/23 11:46,1.64,Auction Ads,auction_relation
20230807,1771193245242380 ,MY,MY,,1/1/00 0:00,40.87,35.1552,12/7/23 5:53,2.3,RIE,Ad Group Recall (Merged)
20230807,1771155289558030 ,SA,MENA,,1/1/00 0:00,220.8648,23.3367,11/7/23 19:51,1.78,Auction Ads,auction_relation
20230807,1771129766754330 ,TR,TR,,1/1/00 0:00,7.0735,6.0601,11/7/23 12:43,1.63,RIE,Ad Group Recall (Merged)
20230807,1771227201156110 ,VN,VN,,1/1/00 0:00,34.71,44.4063,12/7/23 14:58,2.13,RIE,Ad Group Recall (Merged)
20230807,1771227221573630 ,VN,VN,,1/1/00 0:00,104.07,44.4063,12/7/23 14:58,2.13,RIE,Ad Group Recall (Merged)
20230807,1771157238915120 ,US,US&CA,,1/1/00 0:00,24.1958,22.5178,11/7/23 21:25,1.81,RIE,Ad Group Recall (Merged)
20230807,1771989058331690 ,US,US&CA,,1/1/00 0:00,500.06,286.9409,21/7/23 1:30,1.81,RIE,Ad Group Recall (Merged)
20230807,1771244819472380 ,US,USCA,,1/1/00 0:00,252.49,51.6756,12/7/23 20:24,1.78,Auction Ads,auction_relation
20230807,1771164075943930 ,PT,Other,,1/1/00 0:00,19.27,22.3734,11/7/23 22:14,1.62,RIE,Ad Group Recall (Merged)
20230807,1771122389722140 ,TH,TH,,1/1/00 0:00,5.8112,1.2648,11/7/23 10:57,1.87,RIE,Ad Group Recall (Merged)
20230807,1771233777251340 ,VN,VN,,1/1/00 0:00,66.36,44.4063,12/7/23 16:44,2.13,RIE,Ad Group Recall (Merged)
20230807,1771126018543650 ,PL,PL,,1/1/00 0:00,15.1177,4.2922,11/7/23 12:49,1.64,Auction Ads,auction_relation
20230807,1771235638522890 ,VN,VN,,1/1/00 0:00,248.05,44.4063,12/7/23 17:12,2.13,RIE,Ad Group Recall (Merged)
20230807,1771135267551230 ,UY,Others,,1/1/00 0:00,19.39,14.5867,11/7/23 14:29,1.56,Auction Ads,auction_all
20230807,1771135267551230 ,UY,Others,,1/1/00 0:00,19.39,14.5867,11/7/23 14:29,1.56,Auction Ads,auction_all
20230807,1771149786269720 ,BR,BR,,1/1/00 0:00,31.74,17.2441,11/7/23 19:26,1.7,RIE,Ad Group Recall (Merged)
20230807,1771325622415360 ,US,US&CA,,1/1/00 0:00,149.07,78.1335,13/7/23 17:52,1.81,RIE,Ad Group Recall (Merged)
20230807,1771288928465920 ,US,USCA,,1/1/00 0:00,806.49,63.8378,13/7/23 12:37,1.78,Auction Ads,auction_relation
20230807,1771234414732330 ,DE,DE,,1/1/00 0:00,88.5853,42.2971,12/7/23 17:49,1.01,Auction Ads,auction_relation
20230807,1771235371961390 ,DE,DE,,1/1/00 0:00,88.7183,42.2971,12/7/23 18:07,1.01,Auction Ads,auction_relation
20230807,1771136795267120 ,GR,Other,,1/1/00 0:00,20.7958,12.1295,11/7/23 15:56,1.62,RIE,Ad Group Recall (Merged)
20230807,1771210808254460 ,BE,Other,,1/1/00 0:00,402.62,31.2463,12/7/23 11:33,1.62,RIE,Ad Group Recall (Merged)
20230807,1771224762334240 ,IT,IT,,1/1/00 0:00,74.8495,35.765,12/7/23 15:13,1.79,RIE,Ad Group Recall (Merged)
20230807,1771210452412430 ,AE,MENA,,1/1/00 0:00,2.76,28.3822,12/7/23 10:31,1.67,RIE,Ad Group Recall (Merged)
20230807,1771243403240460 ,MX,Other,,1/1/00 0:00,53.2305,40.3021,12/7/23 19:15,1.62,RIE,Ad Group Recall (Merged)
20230807,1771069580637200 ,SA,MENA,,1/1/00 0:00,19.71,12.3019,11/7/23 22:01,1.67,RIE,Ad Group Recall (Merged)
20230807,1771129435850750 ,SE,SE,,1/1/00 0:00,1.61,5.233,11/7/23 13:03,1.4,Auction Ads,auction_relation
20230807,1771129435850750 ,PK,PK,,1/1/00 0:00,1.61,5.233,11/7/23 13:03,1.36,Auction Ads,auction_relation
20230807,1771129435850750 ,KZ,KZ,,1/1/00 0:00,1.61,5.233,11/7/23 13:03,2,Auction Ads,auction_relation
20230807,1771129435850750 ,BR,BR,,1/1/00 0:00,1.61,5.233,11/7/23 13:03,1.99,Auction Ads,auction_all
20230807,1771129435850750 ,NO,Others,,1/1/00 0:00,1.61,5.233,11/7/23 13:03,1.56,Auction Ads,auction_all
20230807,1771129435850750 ,CA,USCA,,1/1/00 0:00,1.61,5.233,11/7/23 13:03,1.78,Auction Ads,auction_relation
20230807,1771129435850750 ,ID,ID,,1/1/00 0:00,1.61,5.233,11/7/23 13:03,1.8,Auction Ads,auction_relation
20230807,1771129435850750 ,TR,TR,,1/1/00 0:00,1.61,5.233,11/7/23 13:03,0.83,Auction Ads,auction_relation
20230807,1771129435850750 ,VN,VN,,1/1/00 0:00,1.61,5.233,11/7/23 13:03,2.14,Auction Ads,auction_relation
20230807,1771129435850750 ,MY,MY,,1/1/00 0:00,1.61,5.233,11/7/23 13:03,2.31,Auction Ads,auction_relation
20230807,1771129435850750 ,IE,IE,,1/1/00 0:00,1.61,5.233,11/7/23 13:03,1.52,Auction Ads,auction_relation
20230807,1771129435850750 ,DK,DK,,1/1/00 0:00,1.61,5.233,11/7/23 13:03,1.31,Auction Ads,auction_relation
20230807,1771129435850750 ,PK,PK,,1/1/00 0:00,1.61,5.233,11/7/23 13:03,1.36,Auction Ads,auction_relation
20230807,1771129435850750 ,SE,SE,,1/1/00 0:00,1.61,5.233,11/7/23 13:03,1.4,Auction Ads,auction_relation
20230807,1771129435850750 ,DK,DK,,1/1/00 0:00,1.61,5.233,11/7/23 13:03,1.31,Auction Ads,auction_relation
20230807,1771129435850750 ,NL,NL,,1/1/00 0:00,1.61,5.233,11/7/23 13:03,1.19,Auction Ads,auction_relation
20230807,1771129435850750 ,CO,CO,,1/1/00 0:00,1.61,5.233,11/7/23 13:03,1.93,Auction Ads,auction_all
20230807,1771129435850750 ,IE,IE,,1/1/00 0:00,1.61,5.233,11/7/23 13:03,1.52,Auction Ads,auction_relation
20230807,1771129435850750 ,PT,PT,,1/1/00 0:00,1.61,5.233,11/7/23 13:03,1.98,Auction Ads,auction_relation
20230807,1771129435850750 ,AR,AR,,1/1/00 0:00,1.61,5.233,11/7/23 13:03,2.23,Auction Ads,auction_all
20230807,1771129435850750 ,PL,PL,,1/1/00 0:00,1.61,5.233,11/7/23 13:03,1.64,Auction Ads,auction_relation
20230807,1771129435850750 ,IL,IL,,1/1/00 0:00,1.61,5.233,11/7/23 13:03,1.52,Auction Ads,auction_relation
20230807,1771129435850750 ,NO,Others,,1/1/00 0:00,1.61,5.233,11/7/23 13:03,1.56,Auction Ads,auction_all
20230807,1771129435850750 ,BE,BE,,1/1/00 0:00,1.61,5.233,11/7/23 13:03,1.15,Auction Ads,auction_relation
20230807,1771129435850750 ,FR,FR,,1/1/00 0:00,1.61,5.233,11/7/23 13:03,1.97,Auction Ads,auction_relation
20230807,1771129435850750 ,PH,PH,,1/1/00 0:00,1.61,5.233,11/7/23 13:03,2.46,Auction Ads,auction_relation
20230807,1771216035915820 ,ID,ID,,1/1/00 0:00,624.72,41.4226,13/7/23 1:00,2.05,RIE,Ad Group Recall (Merged)
20230807,1771213381009420 ,US,US&CA,,1/1/00 0:00,6.78,27.4043,12/7/23 12:16,1.81,RIE,Ad Group Recall (Merged)
20230807,1771197234933760 ,NO,Others,,1/1/00 0:00,560.47,22.5138,12/7/23 9:00,1.56,Auction Ads,auction_all
20230807,1771197234933760 ,SE,SE,,1/1/00 0:00,560.47,22.5138,12/7/23 9:00,1.4,Auction Ads,auction_relation
20230807,1771216775541770 ,ID,ID,,1/1/00 0:00,89.22,41.4226,13/7/23 1:08,2.05,RIE,Ad Group Recall (Merged)
20230807,1771228828355610 ,US,USCA,,1/1/00 0:00,226.3315,31.4633,12/7/23 16:24,1.78,Auction Ads,auction_relation
20230807,1771663782338590 ,SE,Other,,1/1/00 0:00,133.0529,143.8103,17/7/23 10:42,1.62,RIE,Ad Group Recall (Merged)
20230807,1771852971483170 ,AT,AT,,1/1/00 0:00,395.77,343.061,23/7/23 4:00,0.89,Auction Ads,auction_relation
20230807,1771852971483170 ,CH,CH,,1/1/00 0:00,395.77,343.061,23/7/23 4:00,0.93,Auction Ads,auction_relation
20230807,1771852971483170 ,DE,DE,,1/1/00 0:00,395.77,343.061,23/7/23 4:00,1.01,Auction Ads,auction_relation
20230807,1771145108537390 ,FR,FR,,1/1/00 0:00,273.2805,20.0245,12/7/23 8:00,1.97,Auction Ads,auction_relation
20230807,1771200564030480 ,OM,Other,,1/1/00 0:00,47.88,12.043,12/7/23 3:10,1.62,RIE,Ad Group Recall (Merged)
20230807,1770507326380080 ,US,US&CA,,1/1/00 0:00,194.38,66.4596,13/7/23 18:00,1.81,RIE,Ad Group Recall (Merged)
20230807,1771131278966780 ,BE,BE,,1/1/00 0:00,118.5244,0,11/7/23 14:23,1.15,Auction Ads,auction_relation
20230807,1771149464047650 ,BR,BR,,1/1/00 0:00,5.1707,3.3322,11/7/23 18:17,1.99,Auction Ads,auction_all
20230807,1771149464047650 ,BR,BR,,1/1/00 0:00,5.1707,3.3322,11/7/23 18:17,1.7,RIE,Ad Group Recall (Merged)
20230807,1771182630266880 ,ID,ID,,1/1/00 0:00,49.93,6.9633,12/7/23 3:06,2.05,RIE,Ad Group Recall (Merged)
20230807,1771413504018430 ,US,USCA,,1/1/00 0:00,301.93,86.7672,14/7/23 16:11,1.78,Auction Ads,auction_relation
20230807,1771413504018430 ,PL,PL,,1/1/00 0:00,301.93,86.7672,14/7/23 16:11,1.64,Auction Ads,auction_relation
20230807,1771413504018430 ,NZ,NZ,,1/1/00 0:00,301.93,86.7672,14/7/23 16:11,1.58,Auction Ads,auction_relation
20230807,1771413504018430 ,AU,AU,,1/1/00 0:00,301.93,86.7672,14/7/23 16:11,1.84,Auction Ads,auction_relation
20230807,1771413504018430 ,NZ,NZ,,1/1/00 0:00,301.93,86.7672,14/7/23 16:11,1.58,Auction Ads,auction_relation
20230807,1771413504018430 ,AU,AU,,1/1/00 0:00,301.93,86.7672,14/7/23 16:11,1.84,Auction Ads,auction_relation
20230807,1771413504018430 ,NL,NL,,1/1/00 0:00,301.93,86.7672,14/7/23 16:11,1.19,Auction Ads,auction_relation
20230807,1771413504018430 ,IE,IE,,1/1/00 0:00,301.93,86.7672,14/7/23 16:11,1.52,Auction Ads,auction_relation
20230807,1771413504018430 ,PL,PL,,1/1/00 0:00,301.93,86.7672,14/7/23 16:11,1.64,Auction Ads,auction_relation
20230807,1771182355763210 ,TW,TW,,1/1/00 0:00,20.38,6.1739,12/7/23 3:02,2.59,RIE,Ad Group Recall (Merged)
20230807,1771235167749130 ,US,US&CA,,1/1/00 0:00,28.85,27.2124,12/7/23 17:55,1.81,RIE,Ad Group Recall (Merged)
20230807,1771200929225820 ,GR,Other,,1/1/00 0:00,20.3005,12.1295,12/7/23 8:58,1.62,RIE,Ad Group Recall (Merged)
20230807,1771197243806750 ,US,US&CA,,1/1/00 0:00,9.04,9.6968,12/7/23 6:40,1.81,RIE,Ad Group Recall (Merged)
20230807,1771204882763800 ,DE,DE,,1/1/00 0:00,10.73,11.2465,12/7/23 8:02,1.6,RIE,Ad Group Recall (Merged)
20230807,1771294178760700 ,TW,TW,,1/1/00 0:00,101.7,39.1037,13/7/23 8:40,0.95,Auction Ads,auction_relation
20230807,1771183060371470 ,MY,MY,,1/1/00 0:00,4.539,3.4128,12/7/23 3:15,2.31,Auction Ads,auction_relation
20230807,1771186875152430 ,VN,VN,,1/1/00 0:00,12.6878,6.8702,12/7/23 4:15,2.14,Auction Ads,auction_relation
20230807,1771186875152430 ,VN,VN,,1/1/00 0:00,12.6878,6.8702,12/7/23 4:15,2.14,Auction Ads,auction_relation
20230807,1771186875152430 ,VN,VN,,1/1/00 0:00,12.6878,6.8702,12/7/23 4:15,2.14,Auction Ads,auction_relation
20230807,1771183882605580 ,MY,MY,,1/1/00 0:00,4.677,3.4128,12/7/23 3:23,2.31,Auction Ads,auction_relation
20230807,1771226960953360 ,PH,Other,,1/1/00 0:00,25.67,17.2083,12/7/23 14:54,1.62,RIE,Ad Group Recall (Merged)
20230807,1771226993627180 ,PH,Other,,1/1/00 0:00,24.48,17.2083,12/7/23 14:54,1.62,RIE,Ad Group Recall (Merged)
20230807,1772027855805440 ,JP,JP,,1/1/00 0:00,507.82,281.3791,21/7/23 10:56,3.21,RIE,Ad Group Recall (Merged)
20230807,1771294169805820 ,MY,MY,,1/1/00 0:00,102.78,32.6032,13/7/23 8:39,2.3,RIE,Ad Group Recall (Merged)
20230807,1771294424192010 ,GB,GB,,1/1/00 0:00,108.78,35.3284,13/7/23 9:34,1.76,Auction Ads,auction_relation
20230807,1771214483604510 ,CH,CH,,1/1/00 0:00,23.0056,12.1281,12/7/23 12:35,0.93,Auction Ads,auction_relation
20230807,1771217934168110 ,FR,FR,,1/1/00 0:00,53.18,11.405,12/7/23 12:29,1.76,RIE,Ad Group Recall (Merged)
20230807,1771281787754530 ,TR,TR,,1/1/00 0:00,219.65,29.2384,13/7/23 5:16,0.83,Auction Ads,auction_relation
20230807,1771281787754530 ,AE,MENA,,1/1/00 0:00,219.65,29.2384,13/7/23 5:16,1.78,Auction Ads,auction_relation
20230807,1771281787754530 ,AE,MENA,,1/1/00 0:00,219.65,29.2384,13/7/23 5:16,1.78,Auction Ads,auction_relation
20230807,1771281787754530 ,IQ,Others,,1/1/00 0:00,219.65,29.2384,13/7/23 5:16,1.56,Auction Ads,auction_all
20230807,1771281787754530 ,SA,MENA,,1/1/00 0:00,219.65,29.2384,13/7/23 5:16,1.78,Auction Ads,auction_relation
20230807,1771281787754530 ,EG,MENA,,1/1/00 0:00,219.65,29.2384,13/7/23 5:16,1.78,Auction Ads,auction_relation
20230807,1771236212604960 ,NO,Other,,1/1/00 0:00,151.2,18.7203,12/7/23 18:16,1.62,RIE,Ad Group Recall (Merged)
20230807,1771235799258160 ,NZ,Other,,1/1/00 0:00,25.46,16.301,12/7/23 17:15,1.62,RIE,Ad Group Recall (Merged)
20230807,1771214267179050 ,QA,Other,,1/1/00 0:00,8.2648,8.0957,12/7/23 11:16,1.62,RIE,Ad Group Recall (Merged)
20230807,1771205570113580 ,JP,JP,,1/1/00 0:00,12.52,2.8382,12/7/23 9:10,3.21,RIE,Ad Group Recall (Merged)
20230807,1771240445909040 ,PK,Other,,1/1/00 0:00,29.82,15.5724,12/7/23 18:24,1.62,RIE,Ad Group Recall (Merged)
20230807,1771216137787400 ,ID,ID,,1/1/00 0:00,0.3741,4.9675,12/7/23 11:56,1.8,Auction Ads,auction_relation
20230807,1771527332884520 ,JP,JP,,1/1/00 0:00,698.9681,90.0345,15/7/23 22:28,2.16,Auction Ads,auction_all
20230807,1771220458180610 ,KR,KR,,1/1/00 0:00,7.34,6.4489,12/7/23 13:11,2.18,RIE,Ad Group Recall (Merged)
20230807,1771296590821370 ,AU,AU,,1/1/00 0:00,391.94,27.221,13/7/23 9:21,1.84,RIE,Ad Group Recall (Merged)
20230807,1771301192620050 ,AE,MENA,,1/1/00 0:00,76.74,28.3822,13/7/23 10:29,1.67,RIE,Ad Group Recall (Merged)
20230807,1771245067708430 ,MX,Other,,1/1/00 0:00,10.608,11.7183,12/7/23 19:39,1.62,RIE,Ad Group Recall (Merged)
20230807,1771311214806050 ,FR,FR,,1/1/00 0:00,52.0134,30.4666,13/7/23 13:52,1.97,Auction Ads,auction_relation
20230807,1771322280443950 ,JP,JP,,1/1/00 0:00,217.98,41.8023,13/7/23 17:06,3.21,RIE,Ad Group Recall (Merged)
20230807,1771258254350370 ,NZ,NZ,,1/1/00 0:00,21.4938,12.4662,12/7/23 22:50,1.58,Auction Ads,auction_relation
20230807,1771379891250220 ,EG,MENA,,1/1/00 0:00,365.5,50.3421,14/7/23 7:20,1.78,Auction Ads,auction_relation
20230807,1771307089114140 ,QA,Other,,1/1/00 0:00,24.2636,27.6754,13/7/23 12:59,1.62,RIE,Ad Group Recall (Merged)
20230807,1771383391493120 ,DK,Other,,1/1/00 0:00,268.3798,78.4762,15/7/23 10:00,1.62,RIE,Ad Group Recall (Merged)
20230807,1771385022666770 ,NO,Other,,1/1/00 0:00,263.0915,78.4762,15/7/23 10:00,1.62,RIE,Ad Group Recall (Merged)
20230807,1771387678152750 ,AE,MENA,,1/1/00 0:00,58.04,50.3421,14/7/23 9:15,1.78,Auction Ads,auction_relation
20230807,1771290041367560 ,TR,TR,,1/1/00 0:00,19.6625,17.0043,13/7/23 7:33,1.63,RIE,Ad Group Recall (Merged)
20230807,1771290041367560 ,TR,TR,,1/1/00 0:00,19.6625,17.0043,13/7/23 7:33,0.83,Auction Ads,auction_relation
20230807,1771260547228680 ,NZ,Other,,1/1/00 0:00,12.4056,8.5729,12/7/23 21:59,1.62,RIE,Ad Group Recall (Merged)
20230807,1771297515318330 ,GR,Other,,1/1/00 0:00,22.0453,20.4503,13/7/23 10:22,1.62,RIE,Ad Group Recall (Merged)
20230807,1771269483565050 ,SA,MENA,,1/1/00 0:00,60.08,10.232,13/7/23 2:09,1.67,RIE,Ad Group Recall (Merged)
20230807,1771385333042210 ,US,US&CA,,1/1/00 0:00,307.07,50.7794,14/7/23 9:41,1.81,RIE,Ad Group Recall (Merged)
20230807,1771388398279680 ,SA,MENA,,1/1/00 0:00,0,50.3421,14/7/23 9:36,1.78,Auction Ads,auction_relation
20230807,1771388411171850 ,KW,Others,,1/1/00 0:00,92.12,50.3421,14/7/23 9:36,1.56,Auction Ads,auction_all
20230807,1771388411171850 ,OM,Others,,1/1/00 0:00,92.12,50.3421,14/7/23 9:36,1.56,Auction Ads,auction_all
20230807,1771388411171850 ,BH,Others,,1/1/00 0:00,92.12,50.3421,14/7/23 9:36,1.56,Auction Ads,auction_all
20230807,1771378856230910 ,TW,TW,,1/1/00 0:00,70.29,47.0435,14/7/23 8:03,0.95,Auction Ads,auction_relation
20230807,1768611939037210 ,MX,Other,,1/1/00 0:00,325.8885,119.9058,17/7/23 19:47,1.62,RIE,Ad Group Recall (Merged)
20230807,1771388794475530 ,AE,MENA,,1/1/00 0:00,686.17,50.3421,14/7/23 9:41,1.78,Auction Ads,auction_relation
20230807,1772104659121170 ,JP,JP,,1/1/00 0:00,5181.9071,300.6935,22/7/23 10:23,3.21,RIE,Ad Group Recall (Merged)
20230807,1772660973653040 ,IT,IT,,1/1/00 0:00,1307.1559,1102.0137,1/8/23 11:46,1.79,RIE,Ad Group Recall (Merged)
20230807,1771239551070240 ,BR,BR,,1/1/00 0:00,1.8705,1.5316,12/7/23 18:07,1.99,Auction Ads,auction_all
20230807,1771389148436510 ,KW,Others,,1/1/00 0:00,12.79,50.3421,14/7/23 9:48,1.56,Auction Ads,auction_all
20230807,1771389148416030 ,SA,MENA,,1/1/00 0:00,0,50.3421,14/7/23 9:48,1.78,Auction Ads,auction_relation
20230807,1771389148436510 ,OM,Others,,1/1/00 0:00,12.79,50.3421,14/7/23 9:48,1.56,Auction Ads,auction_all
20230807,1771389148436510 ,BH,Others,,1/1/00 0:00,12.79,50.3421,14/7/23 9:48,1.56,Auction Ads,auction_all
20230807,1771272034138130 ,BR,BR,,1/1/00 0:00,50.18,7.6649,13/7/23 3:50,1.99,Auction Ads,auction_all
20230807,1772022195679260 ,BR,BR,,1/1/00 0:00,986.39,257.7977,21/7/23 9:33,1.7,RIE,Ad Group Recall (Merged)
20230807,1771320859780110 ,GB,GB,,1/1/00 0:00,127.8007,33.0842,13/7/23 16:37,1.76,Auction Ads,auction_relation
20230807,1771300414903330 ,ES,ES,,1/1/00 0:00,22.0992,17.8552,13/7/23 11:15,1.79,RIE,Ad Group Recall (Merged)
20230807,1771345409016830 ,US,US&CA,,1/1/00 0:00,86.99,36.6846,13/7/23 23:11,1.81,RIE,Ad Group Recall (Merged)
20230807,1771341136629770 ,US,US&CA,,1/1/00 0:00,67.33,35.9589,13/7/23 22:00,1.81,RIE,Ad Group Recall (Merged)
20230807,1771314371378240 ,TH,TH,,1/1/00 0:00,9.5189,21.9657,13/7/23 14:00,1.64,Auction Ads,auction_relation
20230807,1771314371378240 ,TH,TH,,1/1/00 0:00,9.5189,21.9657,13/7/23 14:00,1.87,RIE,Ad Group Recall (Merged)
20230807,1771314371378240 ,TH,TH,,1/1/00 0:00,9.5189,21.9657,13/7/23 14:00,1.87,RIE,Ad Group Recall (Merged)
20230807,1771941568718860 ,SA,MENA,,1/1/00 0:00,312.0177,301.2236,22/7/23 21:00,1.67,RIE,Ad Group Recall (Merged)
20230807,1771245758104590 ,US,US&CA,,1/1/00 0:00,0.03,0.0676,12/7/23 19:37,1.81,RIE,Ad Group Recall (Merged)
20230807,1771314854913040 ,TH,TH,,1/1/00 0:00,12.2577,21.9657,13/7/23 14:05,1.87,RIE,Ad Group Recall (Merged)
20230807,1771314854913040 ,TH,TH,,1/1/00 0:00,12.2577,21.9657,13/7/23 14:05,1.64,Auction Ads,auction_relation
20230807,1771940007680010 ,SA,MENA,,1/1/00 0:00,303.9308,301.2236,22/7/23 21:00,1.67,RIE,Ad Group Recall (Merged)
20230807,1772042086316050 ,TH,TH,,1/1/00 0:00,84.5819,264.3613,21/7/23 14:46,1.64,Auction Ads,auction_relation
20230807,1771314929585160 ,TH,TH,,1/1/00 0:00,114.5103,21.9657,13/7/23 14:12,1.64,Auction Ads,auction_relation
20230807,1771314929585160 ,TH,TH,,1/1/00 0:00,114.5103,21.9657,13/7/23 14:12,1.64,Auction Ads,auction_relation
20230807,1771314929585160 ,TH,TH,,1/1/00 0:00,114.5103,21.9657,13/7/23 14:12,1.87,RIE,Ad Group Recall (Merged)
20230807,1771690919211040 ,KW,Other,,1/1/00 0:00,199.12,112.0474,17/7/23 17:43,1.62,RIE,Ad Group Recall (Merged)
20230807,1771296002680850 ,GB,GB,,1/1/00 0:00,28,10.4451,13/7/23 9:01,1.72,RIE,Ad Group Recall (Merged)
20230807,1771288860422190 ,US,US&CA,,1/1/00 0:00,18.43,8.1233,13/7/23 8:18,1.81,RIE,Ad Group Recall (Merged)
20230807,1771864512143400 ,BR,BR,,1/1/00 0:00,494.788,182.5665,19/7/23 15:45,1.7,RIE,Ad Group Recall (Merged)
20230807,1771450180701210 ,KR,KR,,1/1/00 0:00,68.55,58.8457,15/7/23 2:50,2.37,Auction Ads,auction_relation
20230807,1771298629658650 ,MX,Other,,1/1/00 0:00,20.24,9.8626,13/7/23 10:53,1.62,RIE,Ad Group Recall (Merged)
20230807,1771289436787710 ,VN,VN,,1/1/00 0:00,3.7902,3.2499,13/7/23 7:06,2.13,RIE,Ad Group Recall (Merged)
20230807,1771376879697930 ,JP,JP,,1/1/00 0:00,158.0872,32.7214,14/7/23 6:36,3.21,RIE,Ad Group Recall (Merged)
20230807,1771294862881820 ,ID,ID,,1/1/00 0:00,11.4467,3.3976,13/7/23 8:40,1.8,Auction Ads,auction_relation
20230807,1771294862881820 ,ID,ID,,1/1/00 0:00,11.4467,3.3976,13/7/23 8:40,1.8,Auction Ads,auction_relation
20230807,1771297011562520 ,SA,MENA,,1/1/00 0:00,138.52,4.3286,13/7/23 10:22,1.67,RIE,Ad Group Recall (Merged)
20230807,1771293028826160 ,IT,IT,,1/1/00 0:00,17.3416,3.4267,13/7/23 9:24,1.36,Auction Ads,auction_relation
20230807,1771386773386290 ,NL,Other,,1/1/00 0:00,105.8545,37.234,14/7/23 9:51,1.62,RIE,Ad Group Recall (Merged)
20230807,1771340519791630 ,PE,PE,,1/1/00 0:00,446.14,23.4483,13/7/23 20:10,1.68,Auction Ads,auction_all
20230807,1771312163679260 ,ID,ID,,1/1/00 0:00,38.48,7.0542,13/7/23 13:37,2.05,RIE,Ad Group Recall (Merged)
20230807,1771922970336300 ,US,USCA,,1/1/00 0:00,820.14,190.3249,20/7/23 6:53,1.78,Auction Ads,auction_relation
20230807,1771922970336300 ,US,USCA,,1/1/00 0:00,820.14,190.3249,20/7/23 6:53,1.78,Auction Ads,auction_relation
20230807,1771318114859020 ,CH,CH,,1/1/00 0:00,72.79,16.4067,13/7/23 14:58,0.93,Auction Ads,auction_relation
20230807,1771318114859020 ,DK,DK,,1/1/00 0:00,72.79,16.4067,13/7/23 14:58,1.31,Auction Ads,auction_relation
20230807,1771318114859020 ,NL,NL,,1/1/00 0:00,72.79,16.4067,13/7/23 14:58,1.19,Auction Ads,auction_relation
20230807,1771318114859020 ,DE,DE,,1/1/00 0:00,72.79,16.4067,13/7/23 14:58,1.01,Auction Ads,auction_relation
20230807,1771318114859020 ,AT,AT,,1/1/00 0:00,72.79,16.4067,13/7/23 14:58,0.89,Auction Ads,auction_relation
20230807,1771318114859020 ,FI,Others,,1/1/00 0:00,72.79,16.4067,13/7/23 14:58,1.56,Auction Ads,auction_all
20230807,1771318114859020 ,TW,TW,,1/1/00 0:00,72.79,16.4067,13/7/23 14:58,0.95,Auction Ads,auction_relation
20230807,1771318114859020 ,IE,IE,,1/1/00 0:00,72.79,16.4067,13/7/23 14:58,1.52,Auction Ads,auction_relation
20230807,1771318114859020 ,SG,SG,,1/1/00 0:00,72.79,16.4067,13/7/23 14:58,1.94,Auction Ads,auction_relation
20230807,1771318114859020 ,NO,Others,,1/1/00 0:00,72.79,16.4067,13/7/23 14:58,1.56,Auction Ads,auction_all
20230807,1771318114859020 ,ES,ES,,1/1/00 0:00,72.79,16.4067,13/7/23 14:58,1.37,Auction Ads,auction_relation
20230807,1771318114859020 ,SE,SE,,1/1/00 0:00,72.79,16.4067,13/7/23 14:58,1.4,Auction Ads,auction_relation
20230807,1771318114859020 ,NZ,NZ,,1/1/00 0:00,72.79,16.4067,13/7/23 14:58,1.58,Auction Ads,auction_relation
20230807,1771318114859020 ,HU,Others,,1/1/00 0:00,72.79,16.4067,13/7/23 14:58,1.56,Auction Ads,auction_all
20230807,1771318114859020 ,MY,MY,,1/1/00 0:00,72.79,16.4067,13/7/23 14:58,2.31,Auction Ads,auction_relation
20230807,1771318114859020 ,AU,AU,,1/1/00 0:00,72.79,16.4067,13/7/23 14:58,1.84,Auction Ads,auction_relation
20230807,1771318114859020 ,BE,BE,,1/1/00 0:00,72.79,16.4067,13/7/23 14:58,1.15,Auction Ads,auction_relation
20230807,1771389868519420 ,EG,MENA,,1/1/00 0:00,252.69,33.3525,14/7/23 9:55,1.67,RIE,Ad Group Recall (Merged)
20230807,1771307508944910 ,IT,IT,,1/1/00 0:00,17.0775,3.4267,13/7/23 13:14,1.36,Auction Ads,auction_relation
20230807,1771297562382350 ,BE,Other,,1/1/00 0:00,25.1808,23.4363,14/7/23 6:33,1.62,RIE,Ad Group Recall (Merged)
20230807,1771390972786720 ,MA,Other,,1/1/00 0:00,80.68,33.3525,14/7/23 10:10,1.62,RIE,Ad Group Recall (Merged)
20230807,1771392031362090 ,MA,Other,,1/1/00 0:00,81.21,33.3525,14/7/23 10:33,1.62,RIE,Ad Group Recall (Merged)
20230807,1771411712251920 ,KW,Other,,1/1/00 0:00,102.58,34.9685,14/7/23 15:47,1.62,RIE,Ad Group Recall (Merged)
20230807,1771360079202330 ,AU,AU,,1/1/00 0:00,19.6304,20.4792,14/7/23 2:07,1.84,Auction Ads,auction_relation
20230807,1772634213776430 ,JP,JP,,1/1/00 0:00,500,560.2717,28/7/23 3:43,3.21,RIE,Ad Group Recall (Merged)
20230807,1771233539706890 ,US,US&CA,,1/1/00 0:00,0.99,0.0676,13/7/23 12:00,1.81,RIE,Ad Group Recall (Merged)
20230807,1771421686908940 ,US,USCA,,1/1/00 0:00,41.75,38.3055,14/7/23 19:27,1.78,Auction Ads,auction_relation
20230807,1771333698733090 ,BR,BR,,1/1/00 0:00,40.2916,13.0589,13/7/23 19:06,1.7,RIE,Ad Group Recall (Merged)
20230807,1771358499845120 ,JO,Other,,1/1/00 0:00,30,14.7061,14/7/23 1:43,1.62,RIE,Ad Group Recall (Merged)
20230807,1771338635547680 ,BR,BR,,1/1/00 0:00,10.0672,9.1819,13/7/23 18:53,1.7,RIE,Ad Group Recall (Merged)
20230807,1771381420274700 ,ES,ES,,1/1/00 0:00,21.7804,17.356,14/7/23 8:43,1.79,RIE,Ad Group Recall (Merged)
20230807,1771336053050360 ,US,US&CA,,1/1/00 0:00,38.29,15.7168,14/7/23 8:00,1.81,RIE,Ad Group Recall (Merged)
20230807,1771935015539730 ,SA,MENA,,1/1/00 0:00,14.25,186.7024,20/7/23 10:25,1.78,Auction Ads,auction_relation
20230807,1771344031976480 ,ID,ID,,1/1/00 0:00,15.9064,8.1229,13/7/23 21:53,1.8,Auction Ads,auction_relation
20230807,1771419903122440 ,US,USCA,,1/1/00 0:00,25.57,30.5807,14/7/23 18:54,1.78,Auction Ads,auction_relation
20230807,1771381600405530 ,TW,TW,,1/1/00 0:00,38.99,12.728,14/7/23 7:52,2.59,RIE,Ad Group Recall (Merged)
20230807,1771760161655900 ,CA,US&CA,,1/1/00 0:00,201.13,113.8932,18/7/23 12:53,1.81,RIE,Ad Group Recall (Merged)
20230807,1771333261201420 ,BR,BR,,1/1/00 0:00,34.7371,2.725,13/7/23 18:50,1.99,Auction Ads,auction_all
20230807,1771327309530130 ,BR,BR,,1/1/00 0:00,2.0689,1.4522,13/7/23 17:29,1.7,RIE,Ad Group Recall (Merged)
20230807,1771341754846220 ,ES,ES,,1/1/00 0:00,21.9343,8.5792,14/7/23 5:00,1.79,RIE,Ad Group Recall (Merged)
20230807,1771677348859900 ,ID,ID,,1/1/00 0:00,97.26,84.7137,17/7/23 22:00,2.05,RIE,Ad Group Recall (Merged)
20230807,1772395449029680 ,US,US&CA,,1/1/00 0:00,0,382.2559,25/7/23 13:21,1.81,RIE,Ad Group Recall (Merged)
20230807,1771359472380970 ,PL,PL,,1/1/00 0:00,1,2.7461,14/7/23 1:56,1.84,RIE,Ad Group Recall (Merged)
20230807,1771658116713500 ,EG,MENA,,1/1/00 0:00,40.11,70.6,17/7/23 10:04,1.67,RIE,Ad Group Recall (Merged)
20230807,1771564752753690 ,JP,JP,,1/1/00 0:00,260.03,41.8023,16/7/23 9:12,3.21,RIE,Ad Group Recall (Merged)
20230807,1771926767960170 ,US,US&CA,,1/1/00 0:00,1021.46,171.7185,20/7/23 9:12,1.81,RIE,Ad Group Recall (Merged)
20230807,1771675994750000 ,AT,AT,,1/1/00 0:00,132.6096,70.5636,17/7/23 14:51,0.89,Auction Ads,auction_relation
20230807,1771680101787690 ,AE,MENA,,1/1/00 0:00,363.9,102.5223,18/7/23 13:03,1.67,RIE,Ad Group Recall (Merged)
20230807,1771589410271280 ,AT,AT,,1/1/00 0:00,55.2058,42.2971,16/7/23 15:45,0.89,Auction Ads,auction_relation
20230807,1771589410271280 ,AT,AT,,1/1/00 0:00,55.2058,42.2971,16/7/23 15:45,0.89,Auction Ads,auction_relation
20230807,1771589410271280 ,DE,DE,,1/1/00 0:00,55.2058,42.2971,16/7/23 15:45,1.01,Auction Ads,auction_relation
20230807,1771428093692960 ,KR,KR,,1/1/00 0:00,80.12,16.4575,14/7/23 21:10,2.18,RIE,Ad Group Recall (Merged)
20230807,1771386152761360 ,HU,Other,,1/1/00 0:00,4.292,5.0698,14/7/23 10:01,1.62,RIE,Ad Group Recall (Merged)
20230807,1771432172910600 ,PE,PE,,1/1/00 0:00,6.37,31.0346,16/7/23 4:59,1.68,Auction Ads,auction_all
20230807,1771390351270940 ,VN,VN,,1/1/00 0:00,39.67,3.9034,14/7/23 10:05,2.13,RIE,Ad Group Recall (Merged)
20230807,1771458797063160 ,ID,ID,,1/1/00 0:00,12.856,20.1358,15/7/23 4:16,1.8,Auction Ads,auction_relation
20230807,1771426283184160 ,LB,Other,,1/1/00 0:00,55.88,12.2175,14/7/23 19:41,1.62,RIE,Ad Group Recall (Merged)
20230807,1771459459378220 ,ID,ID,,1/1/00 0:00,50.0884,20.1358,15/7/23 4:22,1.8,Auction Ads,auction_relation
20230807,1771460022914080 ,ID,ID,,1/1/00 0:00,83.4042,20.1358,15/7/23 4:31,1.8,Auction Ads,auction_relation
20230807,1771460379655180 ,ID,ID,,1/1/00 0:00,12.7818,20.1358,15/7/23 4:41,1.8,Auction Ads,auction_relation
20230807,1771401662058510 ,KR,KR,,1/1/00 0:00,0,3.7646,14/7/23 13:03,2.37,Auction Ads,auction_relation
20230807,1771432140153900 ,BR,BR,,1/1/00 0:00,24.8814,11.1892,14/7/23 21:10,1.7,RIE,Ad Group Recall (Merged)
20230807,1771397685508120 ,SA,MENA,,1/1/00 0:00,1.64,2.5546,14/7/23 12:06,1.67,RIE,Ad Group Recall (Merged)
20230807,1771461401756670 ,PH,Other,,1/1/00 0:00,104.1,17.2083,15/7/23 5:00,1.62,RIE,Ad Group Recall (Merged)
20230807,1771291296627710 ,ID,ID,,1/1/00 0:00,28.0036,10.4527,15/7/23 2:00,1.8,Auction Ads,auction_relation
20230807,1771291823352830 ,ID,ID,,1/1/00 0:00,27.7978,10.4527,15/7/23 2:00,1.8,Auction Ads,auction_relation
20230807,1771442928516140 ,PH,Other,,1/1/00 0:00,35.4019,8.9942,15/7/23 0:29,1.62,RIE,Ad Group Recall (Merged)
20230807,1771928419925020 ,US,US&CA,,1/1/00 0:00,558.51,158.9265,20/7/23 9:43,1.81,RIE,Ad Group Recall (Merged)
20230807,1771423485722670 ,BR,BR,,1/1/00 0:00,4.1345,2.727,14/7/23 18:50,1.99,Auction Ads,auction_all
20230807,1771414392540170 ,ID,ID,,1/1/00 0:00,9.6807,1.5265,14/7/23 17:00,2.05,RIE,Ad Group Recall (Merged)
20230807,1771605277155360 ,CO,Other,,1/1/00 0:00,46.3,31.2107,16/7/23 18:46,1.62,RIE,Ad Group Recall (Merged)
20230807,1771694435008560 ,US,USCA,,1/1/00 0:00,168.87,57.0158,17/7/23 16:06,1.78,Auction Ads,auction_relation
20230807,1771452281111580 ,SA,MENA,,1/1/00 0:00,8.35,6.5302,15/7/23 2:37,1.67,RIE,Ad Group Recall (Merged)
20230807,1771589567664120 ,MY,MY,,1/1/00 0:00,32.3785,25.9664,16/7/23 14:33,2.3,RIE,Ad Group Recall (Merged)
20230807,1771502866268190 ,VN,VN,,1/1/00 0:00,42.4986,16.4724,15/7/23 17:00,2.13,RIE,Ad Group Recall (Merged)
20230807,1771453484530730 ,MY,MY,,1/1/00 0:00,19.91,7.1015,15/7/23 2:54,2.3,RIE,Ad Group Recall (Merged)
20230807,1771736753448990 ,TH,TH,,1/1/00 0:00,250.32,70.6,18/7/23 6:49,1.87,RIE,Ad Group Recall (Merged)
20230807,1771451803848720 ,VN,VN,,1/1/00 0:00,6.8628,4.3733,15/7/23 2:22,2.14,Auction Ads,auction_relation
20230807,1771650402408490 ,US,USCA,,1/1/00 0:00,357.77,43.8148,17/7/23 8:02,1.78,Auction Ads,auction_relation
20230807,1771919097042960 ,US,USCA,,1/1/00 0:00,1786.17,147.014,20/7/23 7:15,1.78,Auction Ads,auction_relation
20230807,1771445222812670 ,VN,VN,,1/1/00 0:00,3.7034,1.2231,15/7/23 0:42,2.13,RIE,Ad Group Recall (Merged)
20230807,1771746977130490 ,SA,MENA,,1/1/00 0:00,187.1195,67.552,18/7/23 6:38,1.67,RIE,Ad Group Recall (Merged)
20230807,1771454041453600 ,ID,ID,,1/1/00 0:00,15.3482,2.9959,15/7/23 2:53,1.8,Auction Ads,auction_relation
20230807,1771497772918830 ,SA,MENA,,1/1/00 0:00,34.3835,11.7403,15/7/23 14:32,1.67,RIE,Ad Group Recall (Merged)
20230807,1771505970726960 ,DE,DE,,1/1/00 0:00,84.11,12.6655,15/7/23 17:43,1.6,RIE,Ad Group Recall (Merged)
20230807,1771748095692810 ,BR,BR,,1/1/00 0:00,100.05,73.3905,18/7/23 8:43,1.7,RIE,Ad Group Recall (Merged)
20230807,1771453955700750 ,TW,TW,,1/1/00 0:00,3.32,3.4712,15/7/23 3:01,2.59,RIE,Ad Group Recall (Merged)
20230807,1771453935004680 ,TW,TW,,1/1/00 0:00,2.04,3.4712,15/7/23 3:01,2.59,RIE,Ad Group Recall (Merged)
20230807,1771453954530350 ,TW,TW,,1/1/00 0:00,4.23,3.4712,15/7/23 3:01,2.59,RIE,Ad Group Recall (Merged)
20230807,1771453954506760 ,TW,TW,,1/1/00 0:00,5.45,3.4712,15/7/23 3:01,2.59,RIE,Ad Group Recall (Merged)
20230807,1772694944426030 ,US,USCA,,1/1/00 0:00,2695.86,579.9783,28/7/23 19:36,1.78,Auction Ads,auction_relation
20230807,1771478834206720 ,PH,Other,,1/1/00 0:00,472.38,6.5563,15/7/23 9:21,1.62,RIE,Ad Group Recall (Merged)
20230807,1772483809339440 ,IL,IL,,1/1/00 0:00,202.54,415.3392,26/7/23 12:45,1.22,RIE,Ad Group Recall (Merged)
20230807,1771567649862680 ,BR,BR,,1/1/00 0:00,4.97,16.4069,16/7/23 10:07,1.7,RIE,Ad Group Recall (Merged)
20230807,1772566403254300 ,TH,TH,,1/1/00 0:00,503.65,467.2601,27/7/23 9:40,1.87,RIE,Ad Group Recall (Merged)
20230807,1771907292022800 ,ID,ID,,1/1/00 0:00,50,130.9053,20/7/23 3:06,2.05,RIE,Ad Group Recall (Merged)
20230807,1771907297194030 ,ID,ID,,1/1/00 0:00,50,130.9053,20/7/23 3:06,2.05,RIE,Ad Group Recall (Merged)
20230807,1771475355155500 ,ID,ID,,1/1/00 0:00,13.2322,2.8772,15/7/23 7:56,1.8,Auction Ads,auction_relation
20230807,1771475355155500 ,ID,ID,,1/1/00 0:00,13.2322,2.8772,15/7/23 7:56,1.8,Auction Ads,auction_relation
20230807,1771469666146320 ,TR,TR,,1/1/00 0:00,2.2824,1.4972,15/7/23 7:09,1.63,RIE,Ad Group Recall (Merged)
20230807,1771475239897100 ,SA,MENA,,1/1/00 0:00,0,2.5546,15/7/23 8:40,1.67,RIE,Ad Group Recall (Merged)
20230807,1771573664879610 ,FR,FR,,1/1/00 0:00,0.35,11.2465,16/7/23 9:44,1.76,RIE,Ad Group Recall (Merged)
20230807,1771741561973810 ,BR,BR,,1/1/00 0:00,120.6,66.3765,18/7/23 8:09,1.99,Auction Ads,auction_all
20230807,1772455421495310 ,TW,TW,,1/1/00 0:00,1804.72,372.1337,26/7/23 4:16,2.59,RIE,Ad Group Recall (Merged)
20230807,1772298321224730 ,CA,US&CA,,1/1/00 0:00,1272.16,275.2987,24/7/23 10:43,1.81,RIE,Ad Group Recall (Merged)
20230807,1771598870639610 ,IT,IT,,1/1/00 0:00,0,6.9273,16/7/23 8:22,1.79,RIE,Ad Group Recall (Merged)
20230807,1771507147328540 ,BR,BR,,1/1/00 0:00,51.84,3.4176,15/7/23 17:06,1.7,RIE,Ad Group Recall (Merged)
20230807,1771492990008320 ,TH,TH,,1/1/00 0:00,1.4706,1.1579,15/7/23 13:22,1.87,RIE,Ad Group Recall (Merged)
20230807,1771652099958810 ,SA,MENA,,1/1/00 0:00,19.01,29.0395,17/7/23 7:31,1.67,RIE,Ad Group Recall (Merged)
20230807,1771622824930350 ,KW,Other,,1/1/00 0:00,81.64,17.0012,16/7/23 23:43,1.62,RIE,Ad Group Recall (Merged)
20230807,1771407321290760 ,US,US&CA,,1/1/00 0:00,0.25,0.0676,15/7/23 12:00,1.81,RIE,Ad Group Recall (Merged)
20230807,1771567072775210 ,VN,VN,,1/1/00 0:00,12.31,3.6294,16/7/23 9:01,2.13,RIE,Ad Group Recall (Merged)
20230807,1771747704765550 ,DE,DE,,1/1/00 0:00,34.4477,62.0131,18/7/23 9:49,1.01,Auction Ads,auction_relation
20230807,1771677319702540 ,ID,ID,,1/1/00 0:00,116.52,41.4226,17/7/23 22:00,2.05,RIE,Ad Group Recall (Merged)
20230807,1772373344945180 ,IE,Other,,1/1/00 0:00,1001.56,314.0775,25/7/23 7:34,1.62,RIE,Ad Group Recall (Merged)
20230807,1772373344945180 ,GR,Other,,1/1/00 0:00,1001.56,314.0775,25/7/23 7:34,1.62,RIE,Ad Group Recall (Merged)
20230807,1772373344945180 ,RO,Other,,1/1/00 0:00,1001.56,314.0775,25/7/23 7:34,1.62,RIE,Ad Group Recall (Merged)
20230807,1771570548488200 ,KW,Others,,1/1/00 0:00,8.514,2.6,16/7/23 9:52,1.56,Auction Ads,auction_all
20230807,1771570548488200 ,KR,KR,,1/1/00 0:00,8.514,2.6,16/7/23 9:52,2.37,Auction Ads,auction_relation
20230807,1771570548488200 ,QA,Others,,1/1/00 0:00,8.514,2.6,16/7/23 9:52,1.56,Auction Ads,auction_all
20230807,1771570548488200 ,QA,Others,,1/1/00 0:00,8.514,2.6,16/7/23 9:52,1.56,Auction Ads,auction_all
20230807,1771570548488200 ,AE,MENA,,1/1/00 0:00,8.514,2.6,16/7/23 9:52,1.78,Auction Ads,auction_relation
20230807,1771570548488200 ,SA,MENA,,1/1/00 0:00,8.514,2.6,16/7/23 9:52,1.78,Auction Ads,auction_relation
20230807,1771599181212720 ,ZA,ZA,,1/1/00 0:00,2.5664,5.9111,16/7/23 17:40,1.4,Auction Ads,auction_relation
20230807,1771630761849900 ,RO,Other,,1/1/00 0:00,1.44,13.6495,17/7/23 1:51,1.62,RIE,Ad Group Recall (Merged)
20230807,1771597797264400 ,US,US&CA,,1/1/00 0:00,27.57,5.0532,16/7/23 17:07,1.81,RIE,Ad Group Recall (Merged)
20230807,1772003461386280 ,TH,TH,,1/1/00 0:00,210.54,160.8325,21/7/23 4:24,1.64,Auction Ads,auction_relation
20230807,1771631030305790 ,ID,ID,,1/1/00 0:00,12.9556,11.9265,17/7/23 1:50,1.8,Auction Ads,auction_relation
20230807,1771617288434690 ,IQ,Other,,1/1/00 0:00,3.74,7.1442,16/7/23 23:13,1.62,RIE,Ad Group Recall (Merged)
20230807,1772003656855560 ,TH,TH,,1/1/00 0:00,300.52,160.8325,21/7/23 4:38,1.64,Auction Ads,auction_relation
20230807,1772003656855560 ,TH,TH,,1/1/00 0:00,300.52,160.8325,21/7/23 4:38,1.87,RIE,Ad Group Recall (Merged)
20230807,1771635198922800 ,ID,ID,,1/1/00 0:00,100.67,12.0655,17/7/23 2:54,2.05,RIE,Ad Group Recall (Merged)
20230807,1771689119248430 ,US,US&CA,,1/1/00 0:00,101,31.3739,17/7/23 17:19,1.81,RIE,Ad Group Recall (Merged)
20230807,1771591964401680 ,PK,Other,,1/1/00 0:00,2.09,0.2753,16/7/23 15:34,1.62,RIE,Ad Group Recall (Merged)
20230807,1771702667075600 ,JP,JP,,1/1/00 0:00,219.82,32.494,17/7/23 21:53,3.21,RIE,Ad Group Recall (Merged)
20230807,1771608927214640 ,BR,BR,,1/1/00 0:00,0.45,3.2927,16/7/23 20:06,1.7,RIE,Ad Group Recall (Merged)
20230807,1771761026487340 ,ES,ES,,1/1/00 0:00,89.9853,60.6852,18/7/23 13:12,1.79,RIE,Ad Group Recall (Merged)
20230807,1771766807777280 ,BR,BR,,1/1/00 0:00,556.32,62.6349,18/7/23 13:54,1.7,RIE,Ad Group Recall (Merged)
20230807,1771598521879600 ,DE,DE,,1/1/00 0:00,0,0.8939,16/7/23 18:13,1.6,RIE,Ad Group Recall (Merged)
20230807,1771598521879600 ,BE,Other,,1/1/00 0:00,0,0.8939,16/7/23 18:13,1.62,RIE,Ad Group Recall (Merged)
20230807,1771727337802780 ,PK,Other,,1/1/00 0:00,184.19,35.9275,18/7/23 3:24,1.62,RIE,Ad Group Recall (Merged)
20230807,1771727538921480 ,TR,TR,,1/1/00 0:00,200.16,35.9275,18/7/23 3:28,1.63,RIE,Ad Group Recall (Merged)
20230807,1771695499587580 ,EG,MENA,,1/1/00 0:00,20.903,26.9468,17/7/23 18:50,1.67,RIE,Ad Group Recall (Merged)
20230807,1771633243469820 ,PH,Other,,1/1/00 0:00,32.71,5.8809,17/7/23 2:29,1.62,RIE,Ad Group Recall (Merged)
20230807,1771676406548490 ,FR,FR,,1/1/00 0:00,276.71,20.7705,17/7/23 14:38,1.76,RIE,Ad Group Recall (Merged)
20230807,1772709586509820 ,US,US&CA,,1/1/00 0:00,28.26,566.6742,29/7/23 0:39,1.81,RIE,Ad Group Recall (Merged)
20230807,1771652521646110 ,DE,DE,,1/1/00 0:00,0.5726,7.8613,17/7/23 7:34,1.01,Auction Ads,auction_relation
20230807,1772645753356360 ,IE,IE,,1/1/00 0:00,320.9735,491.9031,28/7/23 6:50,1.52,Auction Ads,auction_relation
20230807,1771652729357360 ,DE,DE,,1/1/00 0:00,0.3522,7.8613,17/7/23 7:39,1.01,Auction Ads,auction_relation
20230807,1771650345880620 ,BR,BR,,1/1/00 0:00,4.12,3.976,17/7/23 6:58,1.7,RIE,Ad Group Recall (Merged)
20230807,1771653057674280 ,VN,VN,,1/1/00 0:00,0,3.8701,17/7/23 7:30,2.14,Auction Ads,auction_relation
20230807,1771658328018970 ,MA,Other,,1/1/00 0:00,9.0198,8.218,17/7/23 9:02,1.62,RIE,Ad Group Recall (Merged)
20230807,1771675352881160 ,IT,IT,,1/1/00 0:00,20.23,14.7955,17/7/23 14:40,1.79,RIE,Ad Group Recall (Merged)
20230807,1771658688632840 ,GB,GB,,1/1/00 0:00,49.02,9.01,17/7/23 10:09,1.76,Auction Ads,auction_relation
20230807,1771652567334960 ,TW,TW,,1/1/00 0:00,2.87,3.8826,17/7/23 7:36,0.95,Auction Ads,auction_relation
20230807,1771728998085630 ,TW,TW,,1/1/00 0:00,20.4,25.8621,18/7/23 3:50,2.59,RIE,Ad Group Recall (Merged)
20230807,1771648847118350 ,TH,TH,,1/1/00 0:00,3.6226,1.2648,17/7/23 6:29,1.87,RIE,Ad Group Recall (Merged)
20230807,1771663840273450 ,HU,Other,,1/1/00 0:00,10.4255,9.6305,17/7/23 10:56,1.62,RIE,Ad Group Recall (Merged)
20230807,1772035864037390 ,JP,JP,,1/1/00 0:00,239.9437,167.9611,21/7/23 15:00,2.16,Auction Ads,auction_all
20230807,1771815966361650 ,US,USCA,,1/1/00 0:00,1411.86,64.9387,19/7/23 2:36,1.78,Auction Ads,auction_relation
20230807,1771661481560080 ,BR,BR,,1/1/00 0:00,62.55,6.2891,17/7/23 9:30,1.7,RIE,Ad Group Recall (Merged)
20230807,1771763733240860 ,VN,VN,,1/1/00 0:00,248.46,44.4063,18/7/23 13:06,2.13,RIE,Ad Group Recall (Merged)
20230807,1771763752718360 ,VN,VN,,1/1/00 0:00,247.36,44.4063,18/7/23 13:06,2.13,RIE,Ad Group Recall (Merged)
20230807,1771672785734670 ,ZA,Other,,1/1/00 0:00,20.46,7.2416,17/7/23 10:55,1.62,RIE,Ad Group Recall (Merged)
20230807,1771654165074990 ,TW,TW,,1/1/00 0:00,19.79,1.6871,17/7/23 7:57,2.59,RIE,Ad Group Recall (Merged)
20230807,1771667266891770 ,BR,BR,,1/1/00 0:00,0,8.7973,17/7/23 11:28,1.7,RIE,Ad Group Recall (Merged)
20230807,1771660718056440 ,DE,DE,,1/1/00 0:00,0.27,4.246,17/7/23 9:47,1.01,Auction Ads,auction_relation
20230807,1771666897999900 ,KZ,KZ,,1/1/00 0:00,39.23,5.9449,17/7/23 11:18,2,Auction Ads,auction_relation
20230807,1771666897999900 ,KZ,KZ,,1/1/00 0:00,39.23,5.9449,17/7/23 11:18,2,Auction Ads,auction_relation
20230807,1771666897999900 ,KZ,KZ,,1/1/00 0:00,39.23,5.9449,17/7/23 11:18,2,Auction Ads,auction_relation
20230807,1771662298501150 ,DE,DE,,1/1/00 0:00,0.23,3.3206,17/7/23 10:16,1.01,Auction Ads,auction_relation
20230807,1771722091030560 ,EG,MENA,,1/1/00 0:00,21.57,15.8825,18/7/23 0:08,1.78,Auction Ads,auction_relation
20230807,1771722091030560 ,MA,MA,,1/1/00 0:00,21.57,15.8825,18/7/23 0:08,1.51,Auction Ads,auction_relation
20230807,1771722091030560 ,FI,Others,,1/1/00 0:00,21.57,15.8825,18/7/23 0:08,1.56,Auction Ads,auction_all
20230807,1771722091030560 ,AE,MENA,,1/1/00 0:00,21.57,15.8825,18/7/23 0:08,1.78,Auction Ads,auction_relation
20230807,1771722091030560 ,SA,MENA,,1/1/00 0:00,21.57,15.8825,18/7/23 0:08,1.78,Auction Ads,auction_relation
20230807,1771722091030560 ,QA,Others,,1/1/00 0:00,21.57,15.8825,18/7/23 0:08,1.56,Auction Ads,auction_all
20230807,1771722091030560 ,IE,IE,,1/1/00 0:00,21.57,15.8825,18/7/23 0:08,1.52,Auction Ads,auction_relation
20230807,1771722091030560 ,DK,DK,,1/1/00 0:00,21.57,15.8825,18/7/23 0:08,1.31,Auction Ads,auction_relation
20230807,1771722091030560 ,KW,Others,,1/1/00 0:00,21.57,15.8825,18/7/23 0:08,1.56,Auction Ads,auction_all
20230807,1771722091030560 ,NO,Others,,1/1/00 0:00,21.57,15.8825,18/7/23 0:08,1.56,Auction Ads,auction_all
20230807,1771735507802110 ,ID,ID,,1/1/00 0:00,190,19.5347,18/7/23 5:38,2.05,RIE,Ad Group Recall (Merged)
20230807,1771911580115980 ,US,USCA,,1/1/00 0:00,2414.73,93.468,20/7/23 4:06,1.78,Auction Ads,auction_relation
20230807,1771911580115980 ,US,USCA,,1/1/00 0:00,2414.73,93.468,20/7/23 4:06,1.78,Auction Ads,auction_relation
20230807,1771687350649850 ,GR,GR,,1/1/00 0:00,13.6546,24.7736,18/7/23 8:00,2.11,Auction Ads,auction_relation
20230807,1771737042239500 ,ID,ID,,1/1/00 0:00,260,19.5347,18/7/23 6:02,2.05,RIE,Ad Group Recall (Merged)
20230807,1771740451250170 ,TH,TH,,1/1/00 0:00,14.5468,22.098,18/7/23 6:51,1.64,Auction Ads,auction_relation
20230807,1771664033095710 ,RO,Other,,1/1/00 0:00,5.8015,3.025,17/7/23 11:38,1.62,RIE,Ad Group Recall (Merged)
20230807,1771818299600890 ,ID,ID,,1/1/00 0:00,90,59.1464,19/7/23 3:32,2.05,RIE,Ad Group Recall (Merged)
20230807,1771740791253000 ,ID,ID,,1/1/00 0:00,170,19.5347,18/7/23 7:02,2.05,RIE,Ad Group Recall (Merged)
20230807,1771732611861550 ,IT,IT,,1/1/00 0:00,4.74,14.3469,18/7/23 4:49,1.79,RIE,Ad Group Recall (Merged)
20230807,1771680773507080 ,SA,MENA,,1/1/00 0:00,,1.8865,17/7/23 15:06,1.78,Auction Ads,auction_relation
20230807,1771753009126450 ,GR,GR,,1/1/00 0:00,8.6713,29.7547,18/7/23 11:14,2.11,Auction Ads,auction_relation
20230807,1771685835488280 ,PK,Other,,1/1/00 0:00,0,0.17,17/7/23 16:27,1.62,RIE,Ad Group Recall (Merged)
20230807,1771748490892290 ,US,US&CA,,1/1/00 0:00,33.13,23.1079,18/7/23 9:58,1.81,RIE,Ad Group Recall (Merged)
20230807,1771638184309810 ,AU,AU,,1/1/00 0:00,9.0559,8.972,18/7/23 4:06,1.84,Auction Ads,auction_relation
20230807,1771797143256110 ,VN,VN,,1/1/00 0:00,251.1,44.4063,18/7/23 21:56,2.13,RIE,Ad Group Recall (Merged)
20230807,1771797088615420 ,VN,VN,,1/1/00 0:00,24.63,44.4063,18/7/23 21:56,2.13,RIE,Ad Group Recall (Merged)
20230807,1771740535480320 ,TH,TH,,1/1/00 0:00,10.9418,7.6714,18/7/23 5:30,1.64,Auction Ads,auction_relation
20230807,1771748193033230 ,SA,MENA,,1/1/00 0:00,26.6455,17.529,18/7/23 8:52,1.78,Auction Ads,auction_relation
20230807,1772091687554090 ,PH,PH,,1/1/00 0:00,872.29,179.7113,22/7/23 16:00,1.43,Non-Auction Ads,R&F
20230807,1771756044877840 ,IT,IT,,1/1/00 0:00,24.6,22.3734,18/7/23 12:02,1.79,RIE,Ad Group Recall (Merged)
20230807,1771823561168930 ,MY,MY,,1/1/00 0:00,80,45.1046,19/7/23 4:58,2.3,RIE,Ad Group Recall (Merged)
20230807,1771750090747950 ,IL,IL,,1/1/00 0:00,20.63,11.789,18/7/23 8:08,1.52,Auction Ads,auction_relation
20230807,1771750090747950 ,MX,MX,,1/1/00 0:00,20.63,11.789,18/7/23 8:08,1.99,Auction Ads,auction_all
20230807,1772033329873950 ,DE,DE,,1/1/00 0:00,884.6957,173.0624,22/7/23 8:00,1.6,RIE,Ad Group Recall (Merged)
20230807,1771810559494190 ,GB,GB,,1/1/00 0:00,156.9464,40.2287,19/7/23 2:17,1.72,RIE,Ad Group Recall (Merged)
20230807,1772649173252140 ,SE,SE,,1/1/00 0:00,4936.03,475.848,28/7/23 8:21,1.4,Auction Ads,auction_relation
20230807,1772649173252140 ,RO,RO,,1/1/00 0:00,4936.03,475.848,28/7/23 8:21,1.94,Auction Ads,auction_relation
20230807,1772649173252140 ,GB,GB,,1/1/00 0:00,4936.03,475.848,28/7/23 8:21,1.76,Auction Ads,auction_relation
20230807,1772649173252140 ,HU,Others,,1/1/00 0:00,4936.03,475.848,28/7/23 8:21,1.56,Auction Ads,auction_all
20230807,1772649173252140 ,RO,Other,,1/1/00 0:00,4936.03,475.848,28/7/23 8:21,1.62,RIE,Ad Group Recall (Merged)
20230807,1772649173252140 ,FI,Others,,1/1/00 0:00,4936.03,475.848,28/7/23 8:21,1.56,Auction Ads,auction_all
20230807,1772649173252140 ,JP,JP,,1/1/00 0:00,4936.03,475.848,28/7/23 8:21,2.16,Auction Ads,auction_all
20230807,1772649173252140 ,CA,US&CA,,1/1/00 0:00,4936.03,475.848,28/7/23 8:21,1.81,RIE,Ad Group Recall (Merged)
20230807,1772649173252140 ,PH,Other,,1/1/00 0:00,4936.03,475.848,28/7/23 8:21,1.62,RIE,Ad Group Recall (Merged)
20230807,1772649173252140 ,DK,DK,,1/1/00 0:00,4936.03,475.848,28/7/23 8:21,1.31,Auction Ads,auction_relation
20230807,1772649173252140 ,SA,MENA,,1/1/00 0:00,4936.03,475.848,28/7/23 8:21,1.67,RIE,Ad Group Recall (Merged)
20230807,1772649173252140 ,SA,MENA,,1/1/00 0:00,4936.03,475.848,28/7/23 8:21,1.78,Auction Ads,auction_relation
20230807,1772649173252140 ,IL,IL,,1/1/00 0:00,4936.03,475.848,28/7/23 8:21,1.52,Auction Ads,auction_relation
20230807,1772649173252140 ,NO,Others,,1/1/00 0:00,4936.03,475.848,28/7/23 8:21,1.56,Auction Ads,auction_all
20230807,1772649173252140 ,CZ,Other,,1/1/00 0:00,4936.03,475.848,28/7/23 8:21,1.62,RIE,Ad Group Recall (Merged)
20230807,1772649173252140 ,AT,AT,,1/1/00 0:00,4936.03,475.848,28/7/23 8:21,0.89,Auction Ads,auction_relation
20230807,1772649173252140 ,MX,Other,,1/1/00 0:00,4936.03,475.848,28/7/23 8:21,1.62,RIE,Ad Group Recall (Merged)
20230807,1772649173252140 ,MA,MA,,1/1/00 0:00,4936.03,475.848,28/7/23 8:21,1.51,Auction Ads,auction_relation
20230807,1772649173252140 ,IE,IE,,1/1/00 0:00,4936.03,475.848,28/7/23 8:21,1.52,Auction Ads,auction_relation
20230807,1772649173252140 ,IT,IT,,1/1/00 0:00,4936.03,475.848,28/7/23 8:21,1.79,RIE,Ad Group Recall (Merged)
20230807,1772649173252140 ,GB,GB,,1/1/00 0:00,4936.03,475.848,28/7/23 8:21,1.72,RIE,Ad Group Recall (Merged)
20230807,1772649173252140 ,GR,GR,,1/1/00 0:00,4936.03,475.848,28/7/23 8:21,2.11,Auction Ads,auction_relation
20230807,1771752475492430 ,SG,SG,,1/1/00 0:00,99.46,16.4067,18/7/23 10:05,1.94,Auction Ads,auction_relation
20230807,1771752475492430 ,CH,CH,,1/1/00 0:00,99.46,16.4067,18/7/23 10:05,0.93,Auction Ads,auction_relation
20230807,1771752475492430 ,BE,BE,,1/1/00 0:00,99.46,16.4067,18/7/23 10:05,1.15,Auction Ads,auction_relation
20230807,1771752475492430 ,AT,AT,,1/1/00 0:00,99.46,16.4067,18/7/23 10:05,0.89,Auction Ads,auction_relation
20230807,1771752475492430 ,AU,AU,,1/1/00 0:00,99.46,16.4067,18/7/23 10:05,1.84,Auction Ads,auction_relation
20230807,1771752475492430 ,NZ,NZ,,1/1/00 0:00,99.46,16.4067,18/7/23 10:05,1.58,Auction Ads,auction_relation
20230807,1771752475492430 ,DE,DE,,1/1/00 0:00,99.46,16.4067,18/7/23 10:05,1.01,Auction Ads,auction_relation
20230807,1771737321930810 ,MY,MY,,1/1/00 0:00,5.7741,1.9391,18/7/23 5:55,2.31,Auction Ads,auction_relation
20230807,1771766279935010 ,IT,IT,,1/1/00 0:00,19.88,22.3734,18/7/23 13:45,1.79,RIE,Ad Group Recall (Merged)
20230807,1771751310343200 ,TH,TH,,1/1/00 0:00,12.91,16.1457,18/7/23 10:41,1.87,RIE,Ad Group Recall (Merged)
20230807,1771827859601420 ,CA,US&CA,,1/1/00 0:00,198.26,42.921,19/7/23 6:02,1.81,RIE,Ad Group Recall (Merged)
20230807,1771767995239420 ,IT,IT,,1/1/00 0:00,0,22.3734,18/7/23 15:13,1.79,RIE,Ad Group Recall (Merged)
20230807,1771767995227160 ,IT,IT,,1/1/00 0:00,0,22.3734,18/7/23 15:13,1.79,RIE,Ad Group Recall (Merged)
20230807,1771767138670590 ,AE,MENA,,1/1/00 0:00,24.68,20.4582,18/7/23 13:50,1.67,RIE,Ad Group Recall (Merged)
20230807,1771747715886110 ,SG,Other,,1/1/00 0:00,14.25,3.9275,18/7/23 8:00,1.62,RIE,Ad Group Recall (Merged)
20230807,1771738796104720 ,AU,AU,,1/1/00 0:00,0.03,2.226,18/7/23 7:28,1.84,RIE,Ad Group Recall (Merged)
20230807,1772066994850860 ,CL,Other,,1/1/00 0:00,345.19,159.8219,21/7/23 20:22,1.62,RIE,Ad Group Recall (Merged)
20230807,1771765878901770 ,SA,MENA,,1/1/00 0:00,28.0585,17.529,18/7/23 13:20,1.78,Auction Ads,auction_relation
20230807,1772036935070760 ,DE,DE,,1/1/00 0:00,267.96,138.4049,21/7/23 15:18,1.6,RIE,Ad Group Recall (Merged)
20230807,1771753934495840 ,KR,KR,,1/1/00 0:00,213.1512,7.5871,18/7/23 9:16,2.18,RIE,Ad Group Recall (Merged)
20230807,1771740998484990 ,US,US&CA,,1/1/00 0:00,6.08,2.9197,18/7/23 8:03,1.81,RIE,Ad Group Recall (Merged)
20230807,1771740998484990 ,GB,GB,,1/1/00 0:00,6.08,2.9197,18/7/23 8:03,1.72,RIE,Ad Group Recall (Merged)
20230807,1771740998484990 ,IE,Other,,1/1/00 0:00,6.08,2.9197,18/7/23 8:03,1.62,RIE,Ad Group Recall (Merged)
20230807,1771740998484990 ,CA,US&CA,,1/1/00 0:00,6.08,2.9197,18/7/23 8:03,1.81,RIE,Ad Group Recall (Merged)
20230807,1772043264727070 ,GR,Other,,1/1/00 0:00,303.23,143.1817,21/7/23 16:02,1.62,RIE,Ad Group Recall (Merged)
20230807,1772043264727070 ,PT,Other,,1/1/00 0:00,303.23,143.1817,21/7/23 16:02,1.62,RIE,Ad Group Recall (Merged)
20230807,1772043264727070 ,TR,TR,,1/1/00 0:00,303.23,143.1817,21/7/23 16:02,1.63,RIE,Ad Group Recall (Merged)
20230807,1772043264727070 ,ES,ES,,1/1/00 0:00,303.23,143.1817,21/7/23 16:02,1.79,RIE,Ad Group Recall (Merged)
20230807,1772043264727070 ,PH,Other,,1/1/00 0:00,303.23,143.1817,21/7/23 16:02,1.62,RIE,Ad Group Recall (Merged)
20230807,1771746270605310 ,TR,TR,,1/1/00 0:00,7.0992,2.6209,18/7/23 8:16,1.63,RIE,Ad Group Recall (Merged)
20230807,1771778122608690 ,US,US&CA,,1/1/00 0:00,31.03,25.7282,18/7/23 17:53,1.81,RIE,Ad Group Recall (Merged)
20230807,1771767046114300 ,TR,TR,,1/1/00 0:00,80.2094,46.7,19/7/23 12:06,1.63,RIE,Ad Group Recall (Merged)
20230807,1771754397041680 ,PL,PL,,1/1/00 0:00,4.62,7.0588,18/7/23 10:35,1.84,RIE,Ad Group Recall (Merged)
20230807,1771780608138240 ,IT,IT,,1/1/00 0:00,32.9528,28.0921,18/7/23 23:00,1.79,RIE,Ad Group Recall (Merged)
20230807,1771813863475230 ,JP,JP,,1/1/00 0:00,68.5869,27.2319,19/7/23 2:19,2.16,Auction Ads,auction_all
20230807,1771763208217600 ,TH,TH,,1/1/00 0:00,6.2926,5.3463,18/7/23 12:46,1.64,Auction Ads,auction_relation
20230807,1771853505630210 ,SA,MENA,,1/1/00 0:00,53.8981,42.1665,19/7/23 12:48,1.67,RIE,Ad Group Recall (Merged)
20230807,1771766745288730 ,KZ,Other,,1/1/00 0:00,7.82,5.8996,18/7/23 13:49,1.62,RIE,Ad Group Recall (Merged)
20230807,1771876794655790 ,US,US&CA,,1/1/00 0:00,51.51,49.7137,19/7/23 19:40,1.81,RIE,Ad Group Recall (Merged)
20230807,1772489733413900 ,PL,PL,,1/1/00 0:00,1219.7842,352.344,26/7/23 18:14,1.64,Auction Ads,auction_relation
20230807,1771846417842170 ,KR,KR,,1/1/00 0:00,300,33.7168,19/7/23 11:01,2.18,RIE,Ad Group Recall (Merged)
20230807,1771846601209880 ,KR,KR,,1/1/00 0:00,300,33.7168,19/7/23 11:04,2.18,RIE,Ad Group Recall (Merged)
20230807,1771841373552640 ,IT,IT,,1/1/00 0:00,110.5418,32.0178,19/7/23 10:39,1.79,RIE,Ad Group Recall (Merged)
20230807,1771833994764320 ,HU,Others,,1/1/00 0:00,54.63,25.8919,19/7/23 7:42,1.56,Auction Ads,auction_all
20230807,1771833994764320 ,HU,Others,,1/1/00 0:00,54.63,25.8919,19/7/23 7:42,1.56,Auction Ads,auction_all
20230807,1771918384251930 ,TH,TH,,1/1/00 0:00,100.16,54.7329,20/7/23 5:58,1.87,RIE,Ad Group Recall (Merged)
20230807,1771776156559360 ,HU,Other,,1/1/00 0:00,20.08,12.1565,18/7/23 17:17,1.62,RIE,Ad Group Recall (Merged)
20230807,1771925519894540 ,CA,US&CA,,1/1/00 0:00,247.97,60.0658,20/7/23 7:53,1.81,RIE,Ad Group Recall (Merged)
20230807,1771926841635870 ,US,USCA,,1/1/00 0:00,90.33,62.3429,20/7/23 9:17,1.78,Auction Ads,auction_relation
20230807,1771775709201450 ,US,USCA,,1/1/00 0:00,0.02,0.7037,18/7/23 16:14,1.78,Auction Ads,auction_relation
20230807,1771925998803980 ,SA,MENA,,1/1/00 0:00,0,60.2343,20/7/23 7:58,1.78,Auction Ads,auction_relation
20230807,1771775820811320 ,US,USCA,,1/1/00 0:00,0.09,0.7037,18/7/23 16:17,1.78,Auction Ads,auction_relation
20230807,1771775896466540 ,US,USCA,,1/1/00 0:00,,0.7037,18/7/23 16:18,1.78,Auction Ads,auction_relation
20230807,1771775976028160 ,US,USCA,,1/1/00 0:00,0,0.7037,18/7/23 16:20,1.78,Auction Ads,auction_relation
20230807,1771776187274280 ,US,USCA,,1/1/00 0:00,,0.7037,18/7/23 16:23,1.78,Auction Ads,auction_relation
20230807,1771776457024510 ,US,USCA,,1/1/00 0:00,0,0.7037,18/7/23 16:27,1.78,Auction Ads,auction_relation
20230807,1771776420919310 ,US,USCA,,1/1/00 0:00,0.03,0.7037,18/7/23 16:29,1.78,Auction Ads,auction_relation
20230807,1771776587195410 ,US,USCA,,1/1/00 0:00,0.06,0.7037,18/7/23 16:30,1.78,Auction Ads,auction_relation
20230807,1771929896603680 ,TW,TW,,1/1/00 0:00,100.08,60.6672,20/7/23 10:03,2.59,RIE,Ad Group Recall (Merged)
20230807,1771776676273150 ,US,USCA,,1/1/00 0:00,0,0.7037,18/7/23 16:31,1.78,Auction Ads,auction_relation
20230807,1771839108701180 ,TH,TH,,1/1/00 0:00,90.6685,22.5068,19/7/23 9:03,1.87,RIE,Ad Group Recall (Merged)
20230807,1771930873987130 ,KR,KR,,1/1/00 0:00,168.95,60.6672,20/7/23 10:18,2.18,RIE,Ad Group Recall (Merged)
20230807,1771834700753960 ,ID,ID,,1/1/00 0:00,17.2675,20.1358,19/7/23 7:46,1.8,Auction Ads,auction_relation
20230807,1771834700753960 ,ID,ID,,1/1/00 0:00,17.2675,20.1358,19/7/23 7:46,1.8,Auction Ads,auction_relation
20230807,1771776780159020 ,US,USCA,,1/1/00 0:00,0,0.7037,18/7/23 16:32,1.78,Auction Ads,auction_relation
20230807,1771776859837440 ,US,USCA,,1/1/00 0:00,0,0.7037,18/7/23 16:34,1.78,Auction Ads,auction_relation
20230807,1771791314623530 ,HU,Other,,1/1/00 0:00,84.0155,7.8284,18/7/23 22:17,1.62,RIE,Ad Group Recall (Merged)
20230807,1771931804613630 ,TH,TH,,1/1/00 0:00,41.86,60.6672,20/7/23 10:35,1.87,RIE,Ad Group Recall (Merged)
20230807,1771776937918460 ,US,USCA,,1/1/00 0:00,0.01,0.7037,18/7/23 16:35,1.78,Auction Ads,auction_relation
20230807,1771785069493290 ,ZA,ZA,,1/1/00 0:00,0.0807,5.9111,18/7/23 18:38,1.4,Auction Ads,auction_relation
20230807,1771932237052940 ,VN,VN,,1/1/00 0:00,221.99,60.6672,20/7/23 10:42,2.13,RIE,Ad Group Recall (Merged)
20230807,1771776990441520 ,US,USCA,,1/1/00 0:00,0.05,0.7037,18/7/23 16:36,1.78,Auction Ads,auction_relation
20230807,1771842640041980 ,TH,TH,,1/1/00 0:00,80.05,15.9051,19/7/23 6:55,1.87,RIE,Ad Group Recall (Merged)
20230807,1771777081443320 ,US,USCA,,1/1/00 0:00,,0.7037,18/7/23 16:37,1.78,Auction Ads,auction_relation
20230807,1771841609498640 ,GB,GB,,1/1/00 0:00,40.84,21.9002,19/7/23 9:36,1.76,Auction Ads,auction_relation
20230807,1771841609498640 ,GB,GB,,1/1/00 0:00,40.84,21.9002,19/7/23 9:36,1.76,Auction Ads,auction_relation
20230807,1771777139049520 ,US,USCA,,1/1/00 0:00,0,0.7037,18/7/23 16:38,1.78,Auction Ads,auction_relation
20230807,1771825637855240 ,MY,MY,,1/1/00 0:00,235.9,12.9749,19/7/23 5:30,2.3,RIE,Ad Group Recall (Merged)
20230807,1771777209509900 ,US,USCA,,1/1/00 0:00,0.02,0.7037,18/7/23 16:39,1.78,Auction Ads,auction_relation
20230807,1771777404558360 ,US,USCA,,1/1/00 0:00,,0.7037,18/7/23 16:43,1.78,Auction Ads,auction_relation
20230807,1771832925162510 ,JP,JP,,1/1/00 0:00,13.2782,14.8871,19/7/23 7:25,2.16,Auction Ads,auction_all
20230807,1771784525680670 ,BR,BR,,1/1/00 0:00,0,3.2562,18/7/23 18:00,1.7,RIE,Ad Group Recall (Merged)
20230807,1771777516241930 ,US,USCA,,1/1/00 0:00,0,0.7037,18/7/23 16:44,1.78,Auction Ads,auction_relation
20230807,1771777577289740 ,US,USCA,,1/1/00 0:00,0,0.7037,18/7/23 16:45,1.78,Auction Ads,auction_relation
20230807,1771777681838120 ,US,USCA,,1/1/00 0:00,0.07,0.7037,18/7/23 16:47,1.78,Auction Ads,auction_relation
20230807,1771777876982830 ,US,USCA,,1/1/00 0:00,0.2,0.7037,18/7/23 16:50,1.78,Auction Ads,auction_relation
20230807,1773166482990080 ,US,US&CA,,1/1/00 0:00,604.92,1370.1245,3/8/23 1:36,1.81,RIE,Ad Group Recall (Merged)
20230807,1772340527285280 ,US,US&CA,,1/1/00 0:00,989.43,216.878,24/7/23 22:49,1.81,RIE,Ad Group Recall (Merged)
20230807,1772010968969240 ,VN,VN,,1/1/00 0:00,166.47,84.8205,21/7/23 6:31,2.13,RIE,Ad Group Recall (Merged)
20230807,1771839160572960 ,US,USCA,,1/1/00 0:00,20.47,14.6244,19/7/23 9:01,1.78,Auction Ads,auction_relation
20230807,1771881851112460 ,GB,GB,,1/1/00 0:00,73.7707,33.9912,19/7/23 21:19,1.76,Auction Ads,auction_relation
20230807,1771881851112460 ,CH,CH,,1/1/00 0:00,73.7707,33.9912,19/7/23 21:19,0.93,Auction Ads,auction_relation
20230807,1771881851112460 ,NO,Others,,1/1/00 0:00,73.7707,33.9912,19/7/23 21:19,1.56,Auction Ads,auction_all
20230807,1771881851112460 ,IE,IE,,1/1/00 0:00,73.7707,33.9912,19/7/23 21:19,1.52,Auction Ads,auction_relation
20230807,1771881851112460 ,AU,AU,,1/1/00 0:00,73.7707,33.9912,19/7/23 21:19,1.84,Auction Ads,auction_relation
20230807,1771841841815550 ,IT,IT,,1/1/00 0:00,0.033,16.3718,19/7/23 10:42,1.79,RIE,Ad Group Recall (Merged)
20230807,1771849484838960 ,CA,US&CA,,1/1/00 0:00,23.0809,19.2635,19/7/23 12:18,1.81,RIE,Ad Group Recall (Merged)
20230807,1771791928116220 ,BR,BR,,1/1/00 0:00,0,4.0077,19/7/23 3:01,1.7,RIE,Ad Group Recall (Merged)
20230807,1771852216881180 ,BR,BR,,1/1/00 0:00,10.6167,19.1263,19/7/23 12:29,1.7,RIE,Ad Group Recall (Merged)
20230807,1771904529618940 ,IT,IT,,1/1/00 0:00,67.47,32.5983,20/7/23 2:21,1.79,RIE,Ad Group Recall (Merged)
20230807,1771840224713730 ,DE,DE,,1/1/00 0:00,79.94,11.4507,19/7/23 9:18,1.6,RIE,Ad Group Recall (Merged)
20230807,1771816415345690 ,PH,Other,,1/1/00 0:00,0.58,1.8972,19/7/23 3:08,1.62,RIE,Ad Group Recall (Merged)
20230807,1771839784652810 ,TH,TH,,1/1/00 0:00,8.7862,8.8108,19/7/23 8:51,1.64,Auction Ads,auction_relation
20230807,1771855203203070 ,JP,JP,,1/1/00 0:00,43.1484,17.7624,19/7/23 13:19,3.21,RIE,Ad Group Recall (Merged)
20230807,1771835187015710 ,US,US&CA,,1/1/00 0:00,162.7865,8.0139,19/7/23 9:00,1.81,RIE,Ad Group Recall (Merged)
20230807,1772591338642460 ,MX,Other,,1/1/00 0:00,5896.9858,397.7331,27/7/23 16:16,1.62,RIE,Ad Group Recall (Merged)
20230807,1772591338642460 ,MX,Other,,1/1/00 0:00,5896.9858,397.7331,27/7/23 16:16,1.62,RIE,Ad Group Recall (Merged)
20230807,1771830807880730 ,TH,TH,,1/1/00 0:00,10.1385,3.4998,19/7/23 6:50,1.64,Auction Ads,auction_relation
20230807,1771840569538590 ,TR,TR,,1/1/00 0:00,11.0864,9.3018,19/7/23 9:21,1.63,RIE,Ad Group Recall (Merged)
20230807,1771859057998840 ,SG,Other,,1/1/00 0:00,166.91,17.1737,19/7/23 14:21,1.62,RIE,Ad Group Recall (Merged)
20230807,1771910484833280 ,KR,KR,,1/1/00 0:00,201.53,31.8791,20/7/23 3:58,2.18,RIE,Ad Group Recall (Merged)
20230807,1771850660647960 ,EG,MENA,,1/1/00 0:00,30.17,14.4663,19/7/23 13:05,1.67,RIE,Ad Group Recall (Merged)
20230807,1771839168807980 ,GB,GB,,1/1/00 0:00,39.8639,8.7451,19/7/23 10:04,1.72,RIE,Ad Group Recall (Merged)
20230807,1772824938410000 ,IE,IE,,1/1/00 0:00,764.7878,529.8507,30/7/23 7:09,1.52,Auction Ads,auction_relation
20230807,1772824938410000 ,NO,Others,,1/1/00 0:00,764.7878,529.8507,30/7/23 7:09,1.56,Auction Ads,auction_all
20230807,1772824938410000 ,DK,DK,,1/1/00 0:00,764.7878,529.8507,30/7/23 7:09,1.31,Auction Ads,auction_relation
20230807,1772824938410000 ,AE,MENA,,1/1/00 0:00,764.7878,529.8507,30/7/23 7:09,1.78,Auction Ads,auction_relation
20230807,1772824938410000 ,QA,Others,,1/1/00 0:00,764.7878,529.8507,30/7/23 7:09,1.56,Auction Ads,auction_all
20230807,1772824938410000 ,SA,MENA,,1/1/00 0:00,764.7878,529.8507,30/7/23 7:09,1.78,Auction Ads,auction_relation
20230807,1771833904458760 ,IL,IL,,1/1/00 0:00,0,3.2834,19/7/23 8:33,1.22,RIE,Ad Group Recall (Merged)
20230807,1771834007425050 ,OM,Other,,1/1/00 0:00,0.03,0.7103,19/7/23 7:42,1.62,RIE,Ad Group Recall (Merged)
20230807,1771924987523120 ,ES,ES,,1/1/00 0:00,54.5178,37.6429,20/7/23 8:21,1.79,RIE,Ad Group Recall (Merged)
20230807,1771875730665490 ,MX,Other,,1/1/00 0:00,26.04,19.7258,19/7/23 19:46,1.62,RIE,Ad Group Recall (Merged)
20230807,1771936520244250 ,VN,VN,,1/1/00 0:00,231.09,44.4063,20/7/23 11:52,2.13,RIE,Ad Group Recall (Merged)
20230807,1771849530085370 ,KZ,KZ,,1/1/00 0:00,0,5.9449,19/7/23 11:46,2,Auction Ads,auction_relation
20230807,1771849530085370 ,KZ,KZ,,1/1/00 0:00,0,5.9449,19/7/23 11:46,2,Auction Ads,auction_relation
20230807,1771865773196320 ,NL,Other,,1/1/00 0:00,0,14.9758,19/7/23 17:06,1.62,RIE,Ad Group Recall (Merged)
20230807,1771866059684880 ,MY,MY,,1/1/00 0:00,69.27,12.9749,19/7/23 16:12,2.3,RIE,Ad Group Recall (Merged)
20230807,1771937504675840 ,VN,VN,,1/1/00 0:00,75.64,44.4063,20/7/23 12:08,2.13,RIE,Ad Group Recall (Merged)
20230807,1771937504687120 ,VN,VN,,1/1/00 0:00,75.74,44.4063,20/7/23 12:08,2.13,RIE,Ad Group Recall (Merged)
20230807,1771861847886860 ,TR,TR,,1/1/00 0:00,7.4579,9.3018,19/7/23 14:59,1.63,RIE,Ad Group Recall (Merged)
20230807,1771866787361790 ,MY,MY,,1/1/00 0:00,25.14,12.9749,19/7/23 16:24,2.3,RIE,Ad Group Recall (Merged)
20230807,1771938058010620 ,VN,VN,,1/1/00 0:00,205.49,44.4063,20/7/23 12:16,2.13,RIE,Ad Group Recall (Merged)
20230807,1771938055171090 ,VN,VN,,1/1/00 0:00,140.22,44.4063,20/7/23 12:16,2.13,RIE,Ad Group Recall (Merged)
20230807,1771861261871120 ,IL,IL,,1/1/00 0:00,11.53,5.938,19/7/23 12:55,1.22,RIE,Ad Group Recall (Merged)
20230807,1772012765324300 ,JP,JP,,1/1/00 0:00,47.78,71.6776,21/7/23 8:04,3.21,RIE,Ad Group Recall (Merged)
20230807,1772012809755640 ,JP,JP,,1/1/00 0:00,286.72,71.6776,21/7/23 8:04,3.21,RIE,Ad Group Recall (Merged)
20230807,1771938274060280 ,VN,VN,,1/1/00 0:00,253.28,44.4063,20/7/23 12:20,2.13,RIE,Ad Group Recall (Merged)
20230807,1771938373170210 ,VN,VN,,1/1/00 0:00,141.16,44.4063,20/7/23 12:21,2.13,RIE,Ad Group Recall (Merged)
20230807,1771938370368540 ,VN,VN,,1/1/00 0:00,205.83,44.4063,20/7/23 12:21,2.13,RIE,Ad Group Recall (Merged)
20230807,1771909935340560 ,MY,MY,,1/1/00 0:00,111.1197,19.9682,20/7/23 3:13,2.3,RIE,Ad Group Recall (Merged)
20230807,1771860256717820 ,US,USCA,,1/1/00 0:00,0.03,6.3574,19/7/23 15:30,1.78,Auction Ads,auction_relation
20230807,1771860332865580 ,US,USCA,,1/1/00 0:00,3.49,6.3574,19/7/23 15:41,1.78,Auction Ads,auction_relation
20230807,1771918622337050 ,US,US&CA,,1/1/00 0:00,25.16,22.9414,20/7/23 6:30,1.81,RIE,Ad Group Recall (Merged)
20230807,1771936286398490 ,AT,AT,,1/1/00 0:00,162.8858,37.6866,20/7/23 11:46,0.89,Auction Ads,auction_relation
20230807,1771936286398490 ,CH,CH,,1/1/00 0:00,162.8858,37.6866,20/7/23 11:46,0.93,Auction Ads,auction_relation
20230807,1771864842801160 ,BE,Other,,1/1/00 0:00,0,63.0606,21/7/23 6:00,1.62,RIE,Ad Group Recall (Merged)
20230807,1771854472282140 ,ZA,Other,,1/1/00 0:00,0,2.7682,19/7/23 14:01,1.62,RIE,Ad Group Recall (Merged)
20230807,1771916112490540 ,US,US&CA,,1/1/00 0:00,18.53,19.9756,20/7/23 5:46,1.81,RIE,Ad Group Recall (Merged)
20230807,1771859825371180 ,SA,MENA,,1/1/00 0:00,65.02,3.1673,19/7/23 14:33,1.67,RIE,Ad Group Recall (Merged)
20230807,1771337742405660 ,CA,US&CA,,1/1/00 0:00,1261.5941,538.539,30/7/23 14:00,1.81,RIE,Ad Group Recall (Merged)
20230807,1771922570508350 ,ID,ID,,1/1/00 0:00,7.8136,23.6447,20/7/23 7:02,1.8,Auction Ads,auction_relation
20230807,1771922570508350 ,ID,ID,,1/1/00 0:00,7.8136,23.6447,20/7/23 7:02,1.8,Auction Ads,auction_relation
20230807,1772347342343170 ,MX,Other,,1/1/00 0:00,190.5464,197.6394,25/7/23 6:00,1.62,RIE,Ad Group Recall (Merged)
20230807,1771865730977800 ,SA,MENA,,1/1/00 0:00,121.32,3.1673,19/7/23 16:07,1.67,RIE,Ad Group Recall (Merged)
20230807,1771931722469420 ,NO,Other,,1/1/00 0:00,2.61,27.3818,20/7/23 9:34,1.62,RIE,Ad Group Recall (Merged)
20230807,1771920818901010 ,KW,Other,,1/1/00 0:00,202.45,19.3509,20/7/23 6:42,1.62,RIE,Ad Group Recall (Merged)
20230807,1771920818901010 ,OM,Other,,1/1/00 0:00,202.45,19.3509,20/7/23 6:42,1.62,RIE,Ad Group Recall (Merged)
20230807,1771865965899820 ,US,USCA,,1/1/00 0:00,48.6,2.8544,19/7/23 16:10,1.78,Auction Ads,auction_relation
20230807,1772464988481570 ,TH,TH,,1/1/00 0:00,65.7062,264.3613,26/7/23 6:51,1.64,Auction Ads,auction_relation
20230807,1771866117323820 ,SA,MENA,,1/1/00 0:00,24.44,3.1673,19/7/23 16:13,1.67,RIE,Ad Group Recall (Merged)
20230807,1772013039286320 ,KR,KR,,1/1/00 0:00,298.2,60.0636,21/7/23 7:01,2.37,Auction Ads,auction_relation
20230807,1772013039286320 ,KR,KR,,1/1/00 0:00,298.2,60.0636,21/7/23 7:01,2.37,Auction Ads,auction_relation
20230807,1772634217617450 ,FR,FR,,1/1/00 0:00,15306.08,395.4117,28/7/23 4:19,1.76,RIE,Ad Group Recall (Merged)
20230807,1771910393248770 ,VN,VN,,1/1/00 0:00,0,12.7923,20/7/23 3:55,2.14,Auction Ads,auction_relation
20230807,1772159910491130 ,US,US&CA,,1/1/00 0:00,119.94,118.4444,22/7/23 23:02,1.81,RIE,Ad Group Recall (Merged)
20230807,1771874864945150 ,PK,Other,,1/1/00 0:00,0,0.3787,19/7/23 18:32,1.62,RIE,Ad Group Recall (Merged)
20230807,1772733893144600 ,NZ,NZ,,1/1/00 0:00,1976.41,475.848,29/7/23 6:58,1.58,Auction Ads,auction_relation
20230807,1772733893144600 ,IL,IL,,1/1/00 0:00,1976.41,475.848,29/7/23 6:58,1.52,Auction Ads,auction_relation
20230807,1772733893144600 ,GR,GR,,1/1/00 0:00,1976.41,475.848,29/7/23 6:58,2.11,Auction Ads,auction_relation
20230807,1772733893144600 ,PT,PT,,1/1/00 0:00,1976.41,475.848,29/7/23 6:58,1.98,Auction Ads,auction_relation
20230807,1771908412543000 ,EC,Other,,1/1/00 0:00,8.96,7.5404,20/7/23 3:22,1.62,RIE,Ad Group Recall (Merged)
20230807,1771970186535930 ,NO,Other,,1/1/00 0:00,0,42.5681,20/7/23 20:47,1.62,RIE,Ad Group Recall (Merged)
20230807,1771881325518840 ,EC,Others,,1/1/00 0:00,0.06,1.25,19/7/23 20:10,1.56,Auction Ads,auction_all
20230807,1771871116149790 ,MX,MX,,1/1/00 0:00,19.56,8.4286,20/7/23 6:00,1.99,Auction Ads,auction_all
20230807,1771947056954380 ,ID,ID,,1/1/00 0:00,13.4494,29.7108,20/7/23 13:01,1.8,Auction Ads,auction_relation
20230807,1772024390933520 ,BR,BR,,1/1/00 0:00,107.71,63.4276,21/7/23 10:03,1.7,RIE,Ad Group Recall (Merged)
20230807,1771925668116480 ,TH,TH,,1/1/00 0:00,30.17,14.7475,20/7/23 7:57,1.64,Auction Ads,auction_relation
20230807,1771925668116480 ,MA,Other,,1/1/00 0:00,30.17,14.7475,20/7/23 7:57,1.62,RIE,Ad Group Recall (Merged)
20230807,1772318500275200 ,GB,GB,,1/1/00 0:00,180.836,173.7929,24/7/23 16:57,1.72,RIE,Ad Group Recall (Merged)
20230807,1771922791504940 ,MY,MY,,1/1/00 0:00,66.6003,10.5952,20/7/23 7:03,2.3,RIE,Ad Group Recall (Merged)
20230807,1771939832688650 ,KZ,KZ,,1/1/00 0:00,29.67,20.1381,20/7/23 11:15,2,Auction Ads,auction_relation
20230807,1771939832688650 ,KZ,KZ,,1/1/00 0:00,29.67,20.1381,20/7/23 11:15,2,Auction Ads,auction_relation
20230807,1771939832688650 ,KZ,KZ,,1/1/00 0:00,29.67,20.1381,20/7/23 11:15,2,Auction Ads,auction_relation
20230807,1772034404308000 ,FI,Other,,1/1/00 0:00,194.1321,67.2519,21/7/23 14:00,1.62,RIE,Ad Group Recall (Merged)
20230807,1772779359724590 ,US,USCA,,1/1/00 0:00,2812.85,489.0159,29/7/23 19:06,1.78,Auction Ads,auction_relation
20230807,1771939638796300 ,RO,Other,,1/1/00 0:00,20.4547,24.7564,20/7/23 12:23,1.62,RIE,Ad Group Recall (Merged)
20230807,1771952823088160 ,IL,IL,,1/1/00 0:00,215.62,30.7872,20/7/23 15:10,1.22,RIE,Ad Group Recall (Merged)
20230807,1771913794310160 ,KR,KR,,1/1/00 0:00,4.0094,3.0819,20/7/23 6:00,2.18,RIE,Ad Group Recall (Merged)
20230807,1771932844076040 ,ES,ES,,1/1/00 0:00,22.0763,16.0261,20/7/23 10:51,1.79,RIE,Ad Group Recall (Merged)
20230807,1771922498172970 ,TH,TH,,1/1/00 0:00,38.11,7.5957,20/7/23 7:08,1.87,RIE,Ad Group Recall (Merged)
20230807,1771937787436080 ,GR,Other,,1/1/00 0:00,8.7709,18.7494,20/7/23 12:00,1.62,RIE,Ad Group Recall (Merged)
20230807,1771956462213150 ,BR,BR,,1/1/00 0:00,22.3542,28.7168,20/7/23 15:59,1.7,RIE,Ad Group Recall (Merged)
20230807,1771924345725950 ,AE,MENA,,1/1/00 0:00,3.89,5.8335,20/7/23 7:36,1.67,RIE,Ad Group Recall (Merged)
20230807,1771923305172990 ,IT,IT,,1/1/00 0:00,240.61,22.5138,20/7/23 13:20,1.36,Auction Ads,auction_relation
20230807,1772017076987900 ,MY,MY,,1/1/00 0:00,130,45.1046,21/7/23 8:13,2.3,RIE,Ad Group Recall (Merged)
20230807,1771925190118430 ,KW,Other,,1/1/00 0:00,3.55,1.8792,20/7/23 7:50,1.62,RIE,Ad Group Recall (Merged)
20230807,1771945406864400 ,MY,MY,,1/1/00 0:00,49.78,16.2806,20/7/23 13:08,2.31,Auction Ads,auction_relation
20230807,1771979344713760 ,US,US&CA,,1/1/00 0:00,497.54,26.7118,20/7/23 22:12,1.81,RIE,Ad Group Recall (Merged)
20230807,1772319620812830 ,US,US&CA,,1/1/00 0:00,2438.89,793.8017,1/8/23 5:00,1.81,RIE,Ad Group Recall (Merged)
20230807,1771959689412620 ,US,US&CA,,1/1/00 0:00,416.66,793.8017,1/8/23 5:00,1.81,RIE,Ad Group Recall (Merged)
20230807,1771956276340770 ,TH,TH,,1/1/00 0:00,8.0428,22.5068,20/7/23 18:00,1.64,Auction Ads,auction_relation
20230807,1771955595837440 ,TH,TH,,1/1/00 0:00,22.5036,22.5068,20/7/23 18:00,1.87,RIE,Ad Group Recall (Merged)
20230807,1771955595837440 ,TH,TH,,1/1/00 0:00,22.5036,22.5068,20/7/23 18:00,1.64,Auction Ads,auction_relation
20230807,1771955595837440 ,TH,TH,,1/1/00 0:00,22.5036,22.5068,20/7/23 18:00,1.64,Auction Ads,auction_relation
20230807,1771943195469850 ,DE,,,1/1/00 0:00,5.0393,11.978,20/7/23 13:19,1.05,Shopping Ads,Shopping Ad Group
20230807,1772020562483240 ,ID,ID,,1/1/00 0:00,88.84,41.4226,21/7/23 9:05,2.05,RIE,Ad Group Recall (Merged)
20230807,1771947021902890 ,CA,US&CA,,1/1/00 0:00,20.3,13.2159,20/7/23 14:36,1.81,RIE,Ad Group Recall (Merged)
20230807,1772048582466590 ,JP,JP,,1/1/00 0:00,878.36,71.6776,21/7/23 17:28,3.21,RIE,Ad Group Recall (Merged)
20230807,1771955406443530 ,TH,TH,,1/1/00 0:00,13.618,13.7716,20/7/23 15:09,1.64,Auction Ads,auction_relation
20230807,1772050273064960 ,JP,JP,,1/1/00 0:00,25.12,71.6776,21/7/23 18:00,3.21,RIE,Ad Group Recall (Merged)
20230807,1771964470650910 ,KR,KR,,1/1/00 0:00,60.14,16.4575,20/7/23 19:16,2.18,RIE,Ad Group Recall (Merged)
20230807,1771978413131820 ,IT,IT,,1/1/00 0:00,22.3318,18.6174,20/7/23 22:55,1.79,RIE,Ad Group Recall (Merged)
20230807,1771937184765980 ,VN,VN,,1/1/00 0:00,8.7071,6.8606,20/7/23 13:59,2.14,Auction Ads,auction_relation
20230807,1771963036678170 ,US,US&CA,,1/1/00 0:00,13.19,14.8461,20/7/23 18:33,1.81,RIE,Ad Group Recall (Merged)
20230807,1771949893233690 ,VN,VN,,1/1/00 0:00,27.1332,7.4143,20/7/23 14:03,2.14,Auction Ads,auction_relation
20230807,1771997909665820 ,ID,ID,,1/1/00 0:00,228.72,19.5347,21/7/23 3:09,2.05,RIE,Ad Group Recall (Merged)
20230807,1772000135236650 ,ID,ID,,1/1/00 0:00,179.06,21.3666,21/7/23 3:42,2.05,RIE,Ad Group Recall (Merged)
20230807,1772031383568410 ,NO,Other,,1/1/00 0:00,0,42.7342,21/7/23 12:52,1.62,RIE,Ad Group Recall (Merged)
20230807,1772021708161050 ,SA,MENA,,1/1/00 0:00,1552.92,35.6669,21/7/23 9:24,1.67,RIE,Ad Group Recall (Merged)
20230807,1772021708161050 ,KW,Other,,1/1/00 0:00,1552.92,35.6669,21/7/23 9:24,1.62,RIE,Ad Group Recall (Merged)
20230807,1771763466578960 ,TR,TR,,1/1/00 0:00,200.0333,154.8747,24/7/23 21:00,1.43,Non-Auction Ads,R&F
20230807,1771999630393450 ,ID,ID,,1/1/00 0:00,222.41,19.5347,21/7/23 3:36,2.05,RIE,Ad Group Recall (Merged)
20230807,1771962834245660 ,ES,ES,,1/1/00 0:00,5.42,8.9068,20/7/23 17:46,1.79,RIE,Ad Group Recall (Merged)
20230807,1772016282604560 ,US,US&CA,,1/1/00 0:00,151.08,51.6818,21/7/23 16:00,1.81,RIE,Ad Group Recall (Merged)
20230807,1772041722051610 ,VN,VN,,1/1/00 0:00,25.37,44.4063,21/7/23 14:44,2.13,RIE,Ad Group Recall (Merged)
20230807,1772019399288860 ,DE,DE,,1/1/00 0:00,52.9867,34.932,21/7/23 9:35,1.6,RIE,Ad Group Recall (Merged)
20230807,1771969325089840 ,BR,BR,,1/1/00 0:00,16.6336,10.1896,20/7/23 19:26,1.7,RIE,Ad Group Recall (Merged)
20230807,1771999098300410 ,EG,MENA,,1/1/00 0:00,18.38,14.4999,21/7/23 3:25,1.67,RIE,Ad Group Recall (Merged)
20230807,1772042116323340 ,VN,VN,,1/1/00 0:00,258.13,44.4063,21/7/23 15:47,2.13,RIE,Ad Group Recall (Merged)
20230807,1772226310428700 ,SA,MENA,,1/1/00 0:00,499.45,87.7077,23/7/23 15:37,1.67,RIE,Ad Group Recall (Merged)
20230807,1772227295579180 ,SA,MENA,,1/1/00 0:00,496.71,87.7077,23/7/23 15:48,1.67,RIE,Ad Group Recall (Merged)
20230807,1772011931930650 ,TH,TH,,1/1/00 0:00,70.06,15.9051,21/7/23 5:46,1.87,RIE,Ad Group Recall (Merged)
20230807,1771963084992540 ,SA,MENA,,1/1/00 0:00,24.74,3.1673,20/7/23 17:54,1.67,RIE,Ad Group Recall (Merged)
20230807,1771963111004200 ,SA,MENA,,1/1/00 0:00,26.08,3.1673,20/7/23 17:54,1.67,RIE,Ad Group Recall (Merged)
20230807,1772229886093360 ,SA,MENA,,1/1/00 0:00,20.18,87.7077,23/7/23 16:33,1.67,RIE,Ad Group Recall (Merged)
20230807,1772019228426240 ,MY,MY,,1/1/00 0:00,6.7681,8.9467,21/7/23 2:35,2.3,RIE,Ad Group Recall (Merged)
20230807,1772231087851530 ,SA,MENA,,1/1/00 0:00,20.49,87.7077,23/7/23 16:54,1.67,RIE,Ad Group Recall (Merged)
20230807,1772136620176430 ,MX,Other,,1/1/00 0:00,101.05,69.7143,22/7/23 15:45,1.62,RIE,Ad Group Recall (Merged)
20230807,1772018686403630 ,IT,IT,,1/1/00 0:00,0,24.6052,21/7/23 9:04,1.36,Auction Ads,auction_relation
20230807,1772961983775760 ,CA,US&CA,,1/1/00 0:00,2726.366,681.704,31/7/23 19:28,1.81,RIE,Ad Group Recall (Merged)
20230807,1772961983775760 ,CA,US&CA,,1/1/00 0:00,2726.366,681.704,31/7/23 19:28,1.81,RIE,Ad Group Recall (Merged)
20230807,1772389242439710 ,SA,MENA,,1/1/00 0:00,753.19,178.8811,25/7/23 10:40,1.78,Auction Ads,auction_relation
20230807,1772501444769790 ,SE,Other,,1/1/00 0:00,3217.72,261.5635,26/7/23 16:27,1.62,RIE,Ad Group Recall (Merged)
20230807,1772501444769790 ,NO,Other,,1/1/00 0:00,3217.72,261.5635,26/7/23 16:27,1.62,RIE,Ad Group Recall (Merged)
20230807,1772001250803710 ,ID,ID,,1/1/00 0:00,152.47,10.1723,21/7/23 4:03,2.05,RIE,Ad Group Recall (Merged)
20230807,1772000112034860 ,ID,ID,,1/1/00 0:00,13.1199,8.5221,21/7/23 3:28,1.8,Auction Ads,auction_relation
20230807,1772044918348830 ,SA,MENA,,1/1/00 0:00,84.56,37.3139,21/7/23 15:35,1.67,RIE,Ad Group Recall (Merged)
20230807,1772044940325890 ,SA,MENA,,1/1/00 0:00,104.93,37.3139,21/7/23 15:35,1.67,RIE,Ad Group Recall (Merged)
20230807,1772015764276220 ,PH,Other,,1/1/00 0:00,60,13.9944,21/7/23 7:53,1.62,RIE,Ad Group Recall (Merged)
20230807,1771974501458970 ,BR,BR,,1/1/00 0:00,104.0377,2.5737,20/7/23 20:49,1.99,Auction Ads,auction_all
20230807,1772013430573070 ,GB,GB,,1/1/00 0:00,72.5,22.5138,21/7/23 9:11,1.76,Auction Ads,auction_relation
20230807,1771977118714920 ,MA,Other,,1/1/00 0:00,20.0285,2.3713,20/7/23 21:33,1.62,RIE,Ad Group Recall (Merged)
20230807,1772018304390160 ,NL,NL,,1/1/00 0:00,22.033,22.0581,21/7/23 9:26,1.19,Auction Ads,auction_relation
20230807,1773273039992850 ,US,US&CA,,1/1/00 0:00,712.16,1645.0469,3/8/23 17:00,1.81,RIE,Ad Group Recall (Merged)
20230807,1772001733069840 ,ID,ID,,1/1/00 0:00,3.1219,5.5641,21/7/23 4:05,1.8,Auction Ads,auction_relation
20230807,1772001831758860 ,US,USCA,,1/1/00 0:00,,4.6986,21/7/23 4:08,1.78,Auction Ads,auction_relation
20230807,1771998960409630 ,TH,TH,,1/1/00 0:00,2.5182,1.2648,21/7/23 3:22,1.87,RIE,Ad Group Recall (Merged)
20230807,1772025991814140 ,EC,Other,,1/1/00 0:00,301.5,20.8145,21/7/23 10:43,1.62,RIE,Ad Group Recall (Merged)
20230807,1772001707710510 ,QA,Other,,1/1/00 0:00,22.8,7.2186,21/7/23 8:00,1.62,RIE,Ad Group Recall (Merged)
20230807,1772017973705760 ,ID,ID,,1/1/00 0:00,13.0968,9.0472,21/7/23 8:25,1.8,Auction Ads,auction_relation
20230807,1772018110695440 ,ID,ID,,1/1/00 0:00,12.3825,9.0472,21/7/23 8:28,1.8,Auction Ads,auction_relation
20230807,1772018494764080 ,PT,Other,,1/1/00 0:00,0,8.9068,21/7/23 8:31,1.62,RIE,Ad Group Recall (Merged)
20230807,1772386308343820 ,ID,ID,,1/1/00 0:00,394.61,158.6712,25/7/23 9:55,2.05,RIE,Ad Group Recall (Merged)
20230807,1772284570349600 ,BR,BR,,1/1/00 0:00,175.67,86.8494,24/7/23 6:44,1.7,RIE,Ad Group Recall (Merged)
20230807,1772017028709440 ,TH,TH,,1/1/00 0:00,45.0985,3.3366,21/7/23 8:06,1.64,Auction Ads,auction_relation
20230807,1772020948375550 ,ID,ID,,1/1/00 0:00,24.8842,12.0245,21/7/23 10:00,1.8,Auction Ads,auction_relation
20230807,1772019238410270 ,SA,MENA,,1/1/00 0:00,24.62,4.5507,21/7/23 8:29,1.67,RIE,Ad Group Recall (Merged)
20230807,1772036999892990 ,PL,PL,,1/1/00 0:00,36.5122,19.302,21/7/23 14:29,1.84,RIE,Ad Group Recall (Merged)
20230807,1772017198835760 ,VN,VN,,1/1/00 0:00,0,0.8057,21/7/23 8:03,2.14,Auction Ads,auction_relation
20230807,1772017198835760 ,VN,VN,,1/1/00 0:00,0,0.8057,21/7/23 8:03,2.14,Auction Ads,auction_relation
20230807,1772043238036480 ,ES,ES,,1/1/00 0:00,2.3342,6.912,21/7/23 9:00,1.79,RIE,Ad Group Recall (Merged)
20230807,1772268105194520 ,TH,TH,,1/1/00 0:00,200.67,73.8284,24/7/23 2:44,1.64,Auction Ads,auction_relation
20230807,1772297211611150 ,BE,BE,,1/1/00 0:00,332.2343,107.8096,24/7/23 11:10,1.15,Auction Ads,auction_relation
20230807,1772297211611150 ,GR,GR,,1/1/00 0:00,332.2343,107.8096,24/7/23 11:10,2.11,Auction Ads,auction_relation
20230807,1772297211611150 ,PT,PT,,1/1/00 0:00,332.2343,107.8096,24/7/23 11:10,1.98,Auction Ads,auction_relation
20230807,1772297211611150 ,CZ,CZ,,1/1/00 0:00,332.2343,107.8096,24/7/23 11:10,1.9,Auction Ads,auction_relation
20230807,1772297211611150 ,PL,PL,,1/1/00 0:00,332.2343,107.8096,24/7/23 11:10,1.64,Auction Ads,auction_relation
20230807,1772297211611150 ,NO,Others,,1/1/00 0:00,332.2343,107.8096,24/7/23 11:10,1.56,Auction Ads,auction_all
20230807,1772297211611150 ,CZ,CZ,,1/1/00 0:00,332.2343,107.8096,24/7/23 11:10,1.9,Auction Ads,auction_relation
20230807,1772297211611150 ,DK,DK,,1/1/00 0:00,332.2343,107.8096,24/7/23 11:10,1.31,Auction Ads,auction_relation
20230807,1772297211611150 ,BE,BE,,1/1/00 0:00,332.2343,107.8096,24/7/23 11:10,1.15,Auction Ads,auction_relation
20230807,1772297211611150 ,IL,IL,,1/1/00 0:00,332.2343,107.8096,24/7/23 11:10,1.52,Auction Ads,auction_relation
20230807,1772297211611150 ,CZ,CZ,,1/1/00 0:00,332.2343,107.8096,24/7/23 11:10,1.9,Auction Ads,auction_relation
20230807,1772297211611150 ,FI,Others,,1/1/00 0:00,332.2343,107.8096,24/7/23 11:10,1.56,Auction Ads,auction_all
20230807,1772297211611150 ,ES,ES,,1/1/00 0:00,332.2343,107.8096,24/7/23 11:10,1.37,Auction Ads,auction_relation
20230807,1772297211611150 ,PT,PT,,1/1/00 0:00,332.2343,107.8096,24/7/23 11:10,1.98,Auction Ads,auction_relation
20230807,1772297211611150 ,ES,ES,,1/1/00 0:00,332.2343,107.8096,24/7/23 11:10,1.37,Auction Ads,auction_relation
20230807,1772297211611150 ,HU,Others,,1/1/00 0:00,332.2343,107.8096,24/7/23 11:10,1.56,Auction Ads,auction_all
20230807,1772297211611150 ,IL,IL,,1/1/00 0:00,332.2343,107.8096,24/7/23 11:10,1.52,Auction Ads,auction_relation
20230807,1772297211611150 ,KZ,KZ,,1/1/00 0:00,332.2343,107.8096,24/7/23 11:10,2,Auction Ads,auction_relation
20230807,1772297211611150 ,GR,GR,,1/1/00 0:00,332.2343,107.8096,24/7/23 11:10,2.11,Auction Ads,auction_relation
20230807,1772297211611150 ,NO,Others,,1/1/00 0:00,332.2343,107.8096,24/7/23 11:10,1.56,Auction Ads,auction_all
20230807,1772297211611150 ,PL,PL,,1/1/00 0:00,332.2343,107.8096,24/7/23 11:10,1.64,Auction Ads,auction_relation
20230807,1772297211611150 ,HU,Others,,1/1/00 0:00,332.2343,107.8096,24/7/23 11:10,1.56,Auction Ads,auction_all
20230807,1772297211611150 ,BR,BR,,1/1/00 0:00,332.2343,107.8096,24/7/23 11:10,1.99,Auction Ads,auction_all
20230807,1772030374802460 ,KR,KR,,1/1/00 0:00,239.42,12.3748,21/7/23 11:44,2.18,RIE,Ad Group Recall (Merged)
20230807,1772501612691470 ,US,US&CA,,1/1/00 0:00,595.8,1014.7595,2/8/23 5:00,1.81,RIE,Ad Group Recall (Merged)
20230807,1772902764208170 ,GB,GB,,1/1/00 0:00,127.4023,491.9031,31/7/23 2:48,1.76,Auction Ads,auction_relation
20230807,1772555367161890 ,LB,Others,,1/1/00 0:00,310.43,270.7987,27/7/23 7:44,1.56,Auction Ads,auction_all
20230807,1772555367161890 ,KW,Others,,1/1/00 0:00,310.43,270.7987,27/7/23 7:44,1.56,Auction Ads,auction_all
20230807,1772555367161890 ,QA,Others,,1/1/00 0:00,310.43,270.7987,27/7/23 7:44,1.56,Auction Ads,auction_all
20230807,1772555367161890 ,JO,Others,,1/1/00 0:00,310.43,270.7987,27/7/23 7:44,1.56,Auction Ads,auction_all
20230807,1772555367161890 ,OM,Others,,1/1/00 0:00,310.43,270.7987,27/7/23 7:44,1.56,Auction Ads,auction_all
20230807,1772020005644290 ,KZ,Other,,1/1/00 0:00,0.055,2.1262,21/7/23 8:57,1.62,RIE,Ad Group Recall (Merged)
20230807,1772019982893080 ,KZ,Other,,1/1/00 0:00,0.3744,2.1262,21/7/23 8:57,1.62,RIE,Ad Group Recall (Merged)
20230807,1772020010905640 ,KZ,Other,,1/1/00 0:00,0.4623,2.1262,21/7/23 8:57,1.62,RIE,Ad Group Recall (Merged)
20230807,1772020016047120 ,KZ,Other,,1/1/00 0:00,0.2531,2.1262,21/7/23 8:57,1.62,RIE,Ad Group Recall (Merged)
20230807,1772020026866690 ,KZ,Other,,1/1/00 0:00,0.154,2.1262,21/7/23 8:57,1.62,RIE,Ad Group Recall (Merged)
20230807,1772019995269170 ,KZ,Other,,1/1/00 0:00,0.5614,2.1262,21/7/23 8:57,1.62,RIE,Ad Group Recall (Merged)
20230807,1772902855509020 ,NZ,NZ,,1/1/00 0:00,335.6384,491.9031,31/7/23 2:51,1.58,Auction Ads,auction_relation
20230807,1772902855509020 ,IE,IE,,1/1/00 0:00,335.6384,491.9031,31/7/23 2:51,1.52,Auction Ads,auction_relation
20230807,1772902855509020 ,GB,GB,,1/1/00 0:00,335.6384,491.9031,31/7/23 2:51,1.76,Auction Ads,auction_relation
20230807,1772035181832210 ,FR,FR,,1/1/00 0:00,11.1,11.405,21/7/23 12:58,1.76,RIE,Ad Group Recall (Merged)
20230807,1772037677993000 ,GB,GB,,1/1/00 0:00,47.479,12.2748,21/7/23 14:34,1.76,Auction Ads,auction_relation
20230807,1772461748537390 ,JP,JP,,1/1/00 0:00,513.41,190.3249,26/7/23 5:59,2.16,Auction Ads,auction_all
20230807,1772158277334050 ,US,US&CA,,1/1/00 0:00,327.66,49.2967,22/7/23 22:36,1.81,RIE,Ad Group Recall (Merged)
20230807,1772038120315900 ,TR,TR,,1/1/00 0:00,43.7716,8.7959,21/7/23 13:45,1.63,RIE,Ad Group Recall (Merged)
20230807,1772047190207480 ,US,US&CA,,1/1/00 0:00,0,6.2637,21/7/23 12:09,1.81,RIE,Ad Group Recall (Merged)
20230807,1772609889191930 ,FI,Others,,1/1/00 0:00,3487.7,314.6153,27/7/23 22:04,1.56,Auction Ads,auction_all
20230807,1772609889191930 ,NO,Others,,1/1/00 0:00,3487.7,314.6153,27/7/23 22:04,1.56,Auction Ads,auction_all
20230807,1772097705433120 ,JP,JP,,1/1/00 0:00,147.68,37.968,22/7/23 6:35,3.21,RIE,Ad Group Recall (Merged)
20230807,1772098125808690 ,JP,JP,,1/1/00 0:00,24.47,37.968,22/7/23 6:40,3.21,RIE,Ad Group Recall (Merged)
20230807,1772023354027040 ,AE,MENA,,1/1/00 0:00,21.98,2.226,21/7/23 10:51,1.67,RIE,Ad Group Recall (Merged)
20230807,1772023353981010 ,AE,MENA,,1/1/00 0:00,10.35,2.226,21/7/23 10:51,1.67,RIE,Ad Group Recall (Merged)
20230807,1771996332437530 ,NZ,NZ,,1/1/00 0:00,38.55,12.7779,21/7/23 16:00,1.58,Auction Ads,auction_relation
20230807,1771996332437530 ,DE,DE,,1/1/00 0:00,38.55,12.7779,21/7/23 16:00,1.01,Auction Ads,auction_relation
20230807,1771996332437530 ,SE,SE,,1/1/00 0:00,38.55,12.7779,21/7/23 16:00,1.4,Auction Ads,auction_relation
20230807,1771996332437530 ,US,USCA,,1/1/00 0:00,38.55,12.7779,21/7/23 16:00,1.78,Auction Ads,auction_relation
20230807,1771996332437530 ,AT,AT,,1/1/00 0:00,38.55,12.7779,21/7/23 16:00,0.89,Auction Ads,auction_relation
20230807,1771996332437530 ,GB,GB,,1/1/00 0:00,38.55,12.7779,21/7/23 16:00,1.76,Auction Ads,auction_relation
20230807,1771996332437530 ,DK,DK,,1/1/00 0:00,38.55,12.7779,21/7/23 16:00,1.31,Auction Ads,auction_relation
20230807,1772033431767040 ,ID,ID,,1/1/00 0:00,17.67,0.7522,21/7/23 12:34,2.05,RIE,Ad Group Recall (Merged)
20230807,1772036329337880 ,BR,BR,,1/1/00 0:00,0,1.2574,21/7/23 13:17,1.99,Auction Ads,auction_all
20230807,1772040379378720 ,US,USCA,,1/1/00 0:00,,2.2323,21/7/23 14:22,1.78,Auction Ads,auction_relation
20230807,1771998977305640 ,US,US&CA,,1/1/00 0:00,43.25,6.2225,21/7/23 16:00,1.81,RIE,Ad Group Recall (Merged)
20230807,1772379325280300 ,ID,ID,,1/1/00 0:00,12.14,122.4865,25/7/23 6:44,2.05,RIE,Ad Group Recall (Merged)
20230807,1772295561177120 ,FR,FR,,1/1/00 0:00,285.2853,81.1228,24/7/23 10:54,1.76,RIE,Ad Group Recall (Merged)
20230807,1772044790517790 ,AE,MENA,,1/1/00 0:00,50.38,3.6903,21/7/23 15:33,1.67,RIE,Ad Group Recall (Merged)
20230807,1772094716587010 ,US,US&CA,,1/1/00 0:00,20.34,27.7054,22/7/23 5:44,1.81,RIE,Ad Group Recall (Merged)
20230807,1772048316431400 ,US,US&CA,,1/1/00 0:00,29.95,19.531,21/7/23 17:22,1.81,RIE,Ad Group Recall (Merged)
20230807,1772256409514030 ,GB,GB,,1/1/00 0:00,,52.4829,24/7/23 0:36,1.76,Auction Ads,auction_relation
20230807,1771927471812650 ,PL,PL,,1/1/00 0:00,150.8465,45.5206,23/7/23 23:00,1.43,Non-Auction Ads,R&F
20230807,1772053899254800 ,JP,JP,,1/1/00 0:00,71.0008,13.3102,21/7/23 18:49,2.16,Auction Ads,auction_all
20230807,1772190168227850 ,GB,GB,,1/1/00 0:00,22.11,34.6897,23/7/23 7:03,1.76,Auction Ads,auction_relation
20230807,1772053068076060 ,GB,GB,,1/1/00 0:00,154.66,11.7819,21/7/23 17:44,1.72,RIE,Ad Group Recall (Merged)
20230807,1772248033527800 ,GB,GB,,1/1/00 0:00,64.5004,42.4581,23/7/23 22:20,1.72,RIE,Ad Group Recall (Merged)
20230807,1772068769286190 ,SE,Other,,1/1/00 0:00,11.7338,15.5855,21/7/23 22:50,1.62,RIE,Ad Group Recall (Merged)
20230807,1772068769286190 ,DK,Other,,1/1/00 0:00,11.7338,15.5855,21/7/23 22:50,1.62,RIE,Ad Group Recall (Merged)
20230807,1772068769286190 ,DE,DE,,1/1/00 0:00,11.7338,15.5855,21/7/23 22:50,1.6,RIE,Ad Group Recall (Merged)
20230807,1772832573104160 ,IL,IL,,1/1/00 0:00,955.19,427.7251,30/7/23 9:06,1.22,RIE,Ad Group Recall (Merged)
20230807,1772288479068200 ,US,US&CA,,1/1/00 0:00,308.32,89.6371,24/7/23 16:00,1.81,RIE,Ad Group Recall (Merged)
20230807,1772279636469760 ,TH,TH,,1/1/00 0:00,99.43,51.8112,24/7/23 5:44,1.87,RIE,Ad Group Recall (Merged)
20230807,1772293670835230 ,GB,GB,,1/1/00 0:00,0,67.144,24/7/23 10:27,1.76,Auction Ads,auction_relation
20230807,1772288690910250 ,US,US&CA,,1/1/00 0:00,307.26,89.6371,24/7/23 16:00,1.81,RIE,Ad Group Recall (Merged)
20230807,1772384246415370 ,AU,AU,,1/1/00 0:00,242.3,122.4865,25/7/23 9:28,1.84,RIE,Ad Group Recall (Merged)
20230807,1772145447046170 ,SA,MENA,,1/1/00 0:00,107.626,22.0999,22/7/23 18:07,1.78,Auction Ads,auction_relation
20230807,1772078575690800 ,TH,TH,,1/1/00 0:00,81.56,13.1804,22/7/23 0:29,1.87,RIE,Ad Group Recall (Merged)
20230807,1772078575690800 ,TH,TH,,1/1/00 0:00,81.56,13.1804,22/7/23 0:29,1.64,Auction Ads,auction_relation
20230807,1772063080496160 ,MX,Other,,1/1/00 0:00,9.2385,8.607,21/7/23 20:18,1.62,RIE,Ad Group Recall (Merged)
20230807,1772051525212250 ,KH,KH,,1/1/00 0:00,20.64,5.3789,21/7/23 17:00,1.5,Auction Ads,auction_relation
20230807,1772134878338040 ,KR,KR,,1/1/00 0:00,103.5,17.4526,22/7/23 15:22,2.18,RIE,Ad Group Recall (Merged)
20230807,1772141660641290 ,US,US&CA,,1/1/00 0:00,18.11,17.7272,22/7/23 18:12,1.81,RIE,Ad Group Recall (Merged)
20230807,1772270142941230 ,NZ,NZ,,1/1/00 0:00,46.75,38.9352,24/7/23 3:10,1.58,Auction Ads,auction_relation
20230807,1772270142941230 ,CL,CL,,1/1/00 0:00,46.75,38.9352,24/7/23 3:10,1.85,Auction Ads,auction_all
20230807,1772270142941230 ,BR,BR,,1/1/00 0:00,46.75,38.9352,24/7/23 3:10,1.99,Auction Ads,auction_all
20230807,1772311115582460 ,US,USCA,,1/1/00 0:00,49.37,75.8498,24/7/23 15:01,1.78,Auction Ads,auction_relation
20230807,1772051433215010 ,TW,TW,,1/1/00 0:00,11.18,2.8302,21/7/23 21:18,2.59,RIE,Ad Group Recall (Merged)
20230807,1773267114626060 ,NL,Other,,1/1/00 0:00,1204.51,1770.9824,4/8/23 4:19,1.62,RIE,Ad Group Recall (Merged)
20230807,1772155933097980 ,SA,MENA,,1/1/00 0:00,53.83,17.7444,22/7/23 23:00,1.67,RIE,Ad Group Recall (Merged)
20230807,1772199942558800 ,GR,Other,,1/1/00 0:00,0,22.5138,23/7/23 8:35,1.62,RIE,Ad Group Recall (Merged)
20230807,1768509773923370 ,PL,PL,,1/1/00 0:00,193.1015,213.9831,26/7/23 23:00,1.43,Non-Auction Ads,R&F
20230807,1772391988888610 ,AE,MENA,,1/1/00 0:00,105.8456,124.7995,25/7/23 11:14,1.67,RIE,Ad Group Recall (Merged)
20230807,1772204578524190 ,IT,IT,,1/1/00 0:00,1541.32,22.5138,23/7/23 10:47,1.79,RIE,Ad Group Recall (Merged)
20230807,1772139088951290 ,SA,MENA,,1/1/00 0:00,35.9961,11.7403,22/7/23 16:26,1.67,RIE,Ad Group Recall (Merged)
20230807,1772150889588780 ,US,USCA,,1/1/00 0:00,2.62,11.9376,22/7/23 19:42,1.78,Auction Ads,auction_relation
20230807,1771854093179900 ,MA,Other,,1/1/00 0:00,18.89,14.786,22/7/23 22:55,1.62,RIE,Ad Group Recall (Merged)
20230807,1772218422080530 ,IT,IT,,1/1/00 0:00,0,23.9904,23/7/23 14:28,1.79,RIE,Ad Group Recall (Merged)
20230807,1772095269736440 ,MY,MY,,1/1/00 0:00,79.59,2.7109,22/7/23 6:09,2.3,RIE,Ad Group Recall (Merged)
20230807,1772554410332190 ,TH,TH,,1/1/00 0:00,942.3846,598.6836,31/7/23 17:00,0.97,Non-Auction Ads,R&F
20230807,1772108132807720 ,VN,VN,,1/1/00 0:00,8.4065,3.827,22/7/23 8:04,2.13,RIE,Ad Group Recall (Merged)
20230807,1772106989997080 ,MY,MY,,1/1/00 0:00,70.43,2.7791,22/7/23 7:47,2.3,RIE,Ad Group Recall (Merged)
20230807,1772272566644760 ,ID,ID,,1/1/00 0:00,4.44,31.5414,24/7/23 3:48,2.05,RIE,Ad Group Recall (Merged)
20230807,1772200601886720 ,FR,FR,,1/1/00 0:00,30.44,16.2479,23/7/23 9:47,1.76,RIE,Ad Group Recall (Merged)
20230807,1772114019836930 ,VN,VN,,1/1/00 0:00,19.2627,1.8223,22/7/23 9:42,2.14,Auction Ads,auction_relation
20230807,1772153716014130 ,SA,MENA,,1/1/00 0:00,2.13,8.3965,22/7/23 22:26,1.67,RIE,Ad Group Recall (Merged)
20230807,1772128103833610 ,JP,JP,,1/1/00 0:00,0,2.3881,22/7/23 15:00,2.16,Auction Ads,auction_all
20230807,1772130785698860 ,MY,MY,,1/1/00 0:00,38.88,2.7109,22/7/23 15:19,2.3,RIE,Ad Group Recall (Merged)
20230807,1772735287550000 ,KR,KR,,1/1/00 0:00,1406.66,367.8695,29/7/23 6:17,2.18,RIE,Ad Group Recall (Merged)
20230807,1772133897661450 ,US,US&CA,,1/1/00 0:00,0.04,0.4787,22/7/23 15:04,1.81,RIE,Ad Group Recall (Merged)
20230807,1772498557562890 ,US,US&CA,,1/1/00 0:00,298.57,195.4389,26/7/23 16:39,1.81,RIE,Ad Group Recall (Merged)
20230807,1772150561633280 ,US,US&CA,,1/1/00 0:00,0.36,4.0199,22/7/23 21:00,1.81,RIE,Ad Group Recall (Merged)
20230807,1772222528296960 ,SA,MENA,,1/1/00 0:00,6.18,17.7444,23/7/23 16:30,1.67,RIE,Ad Group Recall (Merged)
20230807,1772150711640110 ,US,US&CA,,1/1/00 0:00,1.83,4.0199,22/7/23 21:00,1.81,RIE,Ad Group Recall (Merged)
20230807,1772268348163100 ,KH,Other,,1/1/00 0:00,10.9837,22.5264,24/7/23 2:44,1.62,RIE,Ad Group Recall (Merged)
20230807,1772291342410800 ,TW,TW,,1/1/00 0:00,48.97,38.944,24/7/23 8:46,0.95,Auction Ads,auction_relation
20230807,1772179669660670 ,KZ,Other,,1/1/00 0:00,2.63,5.8996,23/7/23 3:16,1.62,RIE,Ad Group Recall (Merged)
20230807,1772174531520520 ,TH,TH,,1/1/00 0:00,20.1969,4.625,23/7/23 1:54,1.87,RIE,Ad Group Recall (Merged)
20230807,1772373215880200 ,SA,MENA,,1/1/00 0:00,98.66,83.2823,25/7/23 6:29,1.78,Auction Ads,auction_relation
20230807,1772280033170480 ,ID,ID,,1/1/00 0:00,119.35,26.7104,24/7/23 5:51,2.05,RIE,Ad Group Recall (Merged)
20230807,1772229070968860 ,TH,TH,,1/1/00 0:00,5.0052,13.8309,23/7/23 16:19,1.64,Auction Ads,auction_relation
20230807,1772373971138560 ,TR,TR,,1/1/00 0:00,160.04,83.2823,25/7/23 6:38,0.83,Auction Ads,auction_relation
20230807,1772314449997820 ,CL,Other,,1/1/00 0:00,205.12,41.3158,24/7/23 10:39,1.62,RIE,Ad Group Recall (Merged)
20230807,1772266242596910 ,ID,ID,,1/1/00 0:00,262.63,17.4526,24/7/23 2:08,2.05,RIE,Ad Group Recall (Merged)
20230807,1772277191114780 ,ID,ID,,1/1/00 0:00,202.68,19.5347,24/7/23 5:08,2.05,RIE,Ad Group Recall (Merged)
20230807,1772278047100920 ,ID,ID,,1/1/00 0:00,209.03,19.5347,24/7/23 5:22,2.05,RIE,Ad Group Recall (Merged)
20230807,1772377888904210 ,VN,VN,,1/1/00 0:00,172.36,84.8205,25/7/23 7:38,2.13,RIE,Ad Group Recall (Merged)
20230807,1772183877675010 ,VN,VN,,1/1/00 0:00,0.228,1.318,23/7/23 4:20,2.14,Auction Ads,auction_relation
20230807,1772304558763040 ,NZ,Other,,1/1/00 0:00,133.1785,52.194,24/7/23 14:00,1.62,RIE,Ad Group Recall (Merged)
20230807,1772190200018960 ,SA,MENA,,1/1/00 0:00,0,1.5539,23/7/23 5:53,1.67,RIE,Ad Group Recall (Merged)
20230807,1772278967490560 ,ID,ID,,1/1/00 0:00,250,19.5347,24/7/23 5:37,2.05,RIE,Ad Group Recall (Merged)
20230807,1772183484122140 ,VN,VN,,1/1/00 0:00,1.1088,0.5594,23/7/23 4:19,2.13,RIE,Ad Group Recall (Merged)
20230807,1772272201160720 ,US,US&CA,,1/1/00 0:00,14.59,15.9326,24/7/23 3:46,1.81,RIE,Ad Group Recall (Merged)
20230807,1772265026026540 ,JO,Other,,1/1/00 0:00,50.05,10.232,24/7/23 1:52,1.62,RIE,Ad Group Recall (Merged)
20230807,1772293059022840 ,ID,ID,,1/1/00 0:00,26.75,30.9089,24/7/23 9:19,1.8,Auction Ads,auction_relation
20230807,1772272639432760 ,AU,AU,,1/1/00 0:00,,13.6781,24/7/23 3:47,1.84,Auction Ads,auction_relation
20230807,1772209732259920 ,SA,MENA,,1/1/00 0:00,0.7506,1.8505,23/7/23 11:08,1.67,RIE,Ad Group Recall (Merged)
20230807,1772209732259920 ,AE,MENA,,1/1/00 0:00,0.7506,1.8505,23/7/23 11:08,1.67,RIE,Ad Group Recall (Merged)
20230807,1772209732259920 ,KW,Other,,1/1/00 0:00,0.7506,1.8505,23/7/23 11:08,1.62,RIE,Ad Group Recall (Merged)
20230807,1772209732259920 ,QA,Other,,1/1/00 0:00,0.7506,1.8505,23/7/23 11:08,1.62,RIE,Ad Group Recall (Merged)
20230807,1772310658300960 ,CO,Other,,1/1/00 0:00,44.6984,48.402,24/7/23 13:55,1.62,RIE,Ad Group Recall (Merged)
20230807,1772250571439100 ,SA,MENA,,1/1/00 0:00,5.72,6.1172,23/7/23 22:01,1.67,RIE,Ad Group Recall (Merged)
20230807,1772257408426000 ,VN,VN,,1/1/00 0:00,8.8674,6.3272,23/7/23 23:49,2.14,Auction Ads,auction_relation
20230807,1772262577468430 ,MA,Other,,1/1/00 0:00,5.41,7.1583,24/7/23 1:12,1.62,RIE,Ad Group Recall (Merged)
20230807,1772289620907000 ,KH,KH,,1/1/00 0:00,0,22.5264,24/7/23 7:44,1.5,Auction Ads,auction_relation
20230807,1772289620907000 ,KH,KH,,1/1/00 0:00,0,22.5264,24/7/23 7:44,1.5,Auction Ads,auction_relation
20230807,1772357387957290 ,US,USCA,,1/1/00 0:00,1204.43,64.9387,25/7/23 2:06,1.78,Auction Ads,auction_relation
20230807,1772394445790240 ,GB,GB,,1/1/00 0:00,319.2172,102.8955,25/7/23 13:08,1.72,RIE,Ad Group Recall (Merged)
20230807,1772286011364400 ,VN,VN,,1/1/00 0:00,240,18.1742,24/7/23 7:28,2.13,RIE,Ad Group Recall (Merged)
20230807,1772286385667090 ,VN,VN,,1/1/00 0:00,200,18.1742,24/7/23 7:34,2.13,RIE,Ad Group Recall (Merged)
20230807,1772286763748370 ,VN,VN,,1/1/00 0:00,120,18.1742,24/7/23 7:40,2.13,RIE,Ad Group Recall (Merged)
20230807,1772290059089950 ,PH,Other,,1/1/00 0:00,14.09,22.4219,24/7/23 8:32,1.62,RIE,Ad Group Recall (Merged)
20230807,1772286961252400 ,VN,VN,,1/1/00 0:00,200,18.1742,24/7/23 7:43,2.13,RIE,Ad Group Recall (Merged)
20230807,1772287063388200 ,VN,VN,,1/1/00 0:00,200,18.1742,24/7/23 7:46,2.13,RIE,Ad Group Recall (Merged)
20230807,1772287914908720 ,VN,VN,,1/1/00 0:00,150,18.1742,24/7/23 7:58,2.13,RIE,Ad Group Recall (Merged)
20230807,1772318695395360 ,ZA,Other,,1/1/00 0:00,52.09,50.1155,24/7/23 16:03,1.62,RIE,Ad Group Recall (Merged)
20230807,1772318695395360 ,AE,MENA,,1/1/00 0:00,52.09,50.1155,24/7/23 16:03,1.67,RIE,Ad Group Recall (Merged)
20230807,1772318695395360 ,BH,Other,,1/1/00 0:00,52.09,50.1155,24/7/23 16:03,1.62,RIE,Ad Group Recall (Merged)
20230807,1772318695395360 ,CL,Other,,1/1/00 0:00,52.09,50.1155,24/7/23 16:03,1.62,RIE,Ad Group Recall (Merged)
20230807,1772318695395360 ,KW,Other,,1/1/00 0:00,52.09,50.1155,24/7/23 16:03,1.62,RIE,Ad Group Recall (Merged)
20230807,1772318695395360 ,SA,MENA,,1/1/00 0:00,52.09,50.1155,24/7/23 16:03,1.67,RIE,Ad Group Recall (Merged)
20230807,1772268644559920 ,PL,PL,,1/1/00 0:00,6.23,2.8795,24/7/23 2:51,1.84,RIE,Ad Group Recall (Merged)
20230807,1772036130704400 ,BR,BR,,1/1/00 0:00,0,7.5136,24/7/23 5:15,1.7,RIE,Ad Group Recall (Merged)
20230807,1772288109111340 ,VN,VN,,1/1/00 0:00,230,18.1742,24/7/23 8:01,2.13,RIE,Ad Group Recall (Merged)
20230807,1772288294893560 ,VN,VN,,1/1/00 0:00,120,18.1742,24/7/23 8:04,2.13,RIE,Ad Group Recall (Merged)
20230807,1772288094886910 ,ID,ID,,1/1/00 0:00,111.15,19.295,24/7/23 8:59,2.05,RIE,Ad Group Recall (Merged)
20230807,1772288321677370 ,ID,ID,,1/1/00 0:00,18.77,15.6104,24/7/23 8:01,2.05,RIE,Ad Group Recall (Merged)
20230807,1772274017494010 ,PL,PL,,1/1/00 0:00,10.53,3.2095,24/7/23 4:15,1.64,Auction Ads,auction_relation
20230807,1772364409267200 ,BR,BR,,1/1/00 0:00,45.06,88.4888,25/7/23 11:00,1.7,RIE,Ad Group Recall (Merged)
20230807,1772378207109150 ,BR,BR,,1/1/00 0:00,187.47,88.4888,25/7/23 11:00,1.7,RIE,Ad Group Recall (Merged)
20230807,1772372599853050 ,BR,BR,,1/1/00 0:00,48.16,66.3765,25/7/23 7:22,1.99,Auction Ads,auction_all
20230807,1772282090809340 ,IE,IE,,1/1/00 0:00,35.5,7.5255,24/7/23 6:23,1.52,Auction Ads,auction_relation
20230807,1772282090809340 ,CH,CH,,1/1/00 0:00,35.5,7.5255,24/7/23 6:23,0.93,Auction Ads,auction_relation
20230807,1772282090809340 ,SE,SE,,1/1/00 0:00,35.5,7.5255,24/7/23 6:23,1.4,Auction Ads,auction_relation
20230807,1772282090809340 ,FI,Others,,1/1/00 0:00,35.5,7.5255,24/7/23 6:23,1.56,Auction Ads,auction_all
20230807,1772282090809340 ,NL,NL,,1/1/00 0:00,35.5,7.5255,24/7/23 6:23,1.19,Auction Ads,auction_relation
20230807,1772372697830400 ,BR,BR,,1/1/00 0:00,77.09,66.3765,25/7/23 7:24,1.99,Auction Ads,auction_all
20230807,1772372855670810 ,BR,BR,,1/1/00 0:00,85.77,66.3765,25/7/23 7:26,1.99,Auction Ads,auction_all
20230807,1772401939135490 ,FR,FR,,1/1/00 0:00,199.8,100.6607,25/7/23 15:01,1.97,Auction Ads,auction_relation
20230807,1772298243806220 ,BR,BR,,1/1/00 0:00,1.02,20.0554,24/7/23 10:38,1.7,RIE,Ad Group Recall (Merged)
20230807,1772372974722040 ,BR,BR,,1/1/00 0:00,46.78,66.3765,25/7/23 7:28,1.99,Auction Ads,auction_all
20230807,1772422198001690 ,US,USCA,,1/1/00 0:00,47.75,109.6369,25/7/23 20:30,1.78,Auction Ads,auction_relation
20230807,1772276495533100 ,ID,ID,,1/1/00 0:00,2.1624,1.647,24/7/23 4:49,1.8,Auction Ads,auction_relation
20230807,1772295602089010 ,KR,KR,,1/1/00 0:00,62.03,17.4526,24/7/23 9:58,2.18,RIE,Ad Group Recall (Merged)
20230807,1772310676518930 ,EG,MENA,,1/1/00 0:00,131.0664,34.7498,24/7/23 14:10,1.67,RIE,Ad Group Recall (Merged)
20230807,1772309898494970 ,US,US&CA,,1/1/00 0:00,81.86,35.1104,24/7/23 14:44,1.81,RIE,Ad Group Recall (Merged)
20230807,1772285701790760 ,PE,PE,,1/1/00 0:00,5.224,3.7325,24/7/23 7:00,1.68,Auction Ads,auction_all
20230807,1772278219695120 ,IT,IT,,1/1/00 0:00,0,1.0628,24/7/23 6:23,1.79,RIE,Ad Group Recall (Merged)
20230807,1772317447598090 ,US,US&CA,,1/1/00 0:00,153.7339,40.6086,24/7/23 17:00,1.81,RIE,Ad Group Recall (Merged)
20230807,1772284967530530 ,TH,TH,,1/1/00 0:00,4.14,2.9631,24/7/23 7:09,1.87,RIE,Ad Group Recall (Merged)
20230807,1772294451744800 ,ID,ID,,1/1/00 0:00,6.56,10.0264,24/7/23 9:20,2.05,RIE,Ad Group Recall (Merged)
20230807,1772918786348040 ,AU,AU,,1/1/00 0:00,804.69,442.8053,31/7/23 7:05,1.84,RIE,Ad Group Recall (Merged)
20230807,1772918786348040 ,CA,US&CA,,1/1/00 0:00,804.69,442.8053,31/7/23 7:05,1.81,RIE,Ad Group Recall (Merged)
20230807,1772918786348040 ,NZ,Other,,1/1/00 0:00,804.69,442.8053,31/7/23 7:05,1.62,RIE,Ad Group Recall (Merged)
20230807,1772918786348040 ,NL,Other,,1/1/00 0:00,804.69,442.8053,31/7/23 7:05,1.62,RIE,Ad Group Recall (Merged)
20230807,1772371161335840 ,BR,BR,,1/1/00 0:00,119.51,47.0158,25/7/23 5:59,1.7,RIE,Ad Group Recall (Merged)
20230807,1772291703880700 ,MX,Other,,1/1/00 0:00,2.81,3.7559,24/7/23 8:54,1.62,RIE,Ad Group Recall (Merged)
20230807,1772292734550010 ,VN,VN,,1/1/00 0:00,4.2276,2.4016,24/7/23 8:25,2.13,RIE,Ad Group Recall (Merged)
20230807,1772373808207920 ,MY,MY,,1/1/00 0:00,51.56,49.5359,25/7/23 6:44,2.31,Auction Ads,auction_relation
20230807,1772373808207920 ,KH,KH,,1/1/00 0:00,51.56,49.5359,25/7/23 6:44,1.5,Auction Ads,auction_relation
20230807,1772383799006250 ,SA,MENA,,1/1/00 0:00,23.89,59.8293,25/7/23 8:51,1.78,Auction Ads,auction_relation
20230807,1772297020227600 ,VN,VN,,1/1/00 0:00,7.9406,4.5797,24/7/23 10:16,2.14,Auction Ads,auction_relation
20230807,1772297337854000 ,TH,TH,,1/1/00 0:00,4.3647,4.9478,24/7/23 10:25,1.87,RIE,Ad Group Recall (Merged)
20230807,1772292050588700 ,AE,MENA,,1/1/00 0:00,0.62,2.5546,24/7/23 9:02,1.67,RIE,Ad Group Recall (Merged)
20230807,1772374323829790 ,TH,TH,,1/1/00 0:00,99.34,49.5359,25/7/23 6:52,1.64,Auction Ads,auction_relation
20230807,1772374323829790 ,ID,ID,,1/1/00 0:00,99.34,49.5359,25/7/23 6:52,1.8,Auction Ads,auction_relation
20230807,1772374323829790 ,MY,MY,,1/1/00 0:00,99.34,49.5359,25/7/23 6:52,2.31,Auction Ads,auction_relation
20230807,1772301240570910 ,AU,AU,,1/1/00 0:00,21.09,16.6934,24/7/23 11:28,1.84,Auction Ads,auction_relation
20230807,1772428399012880 ,US,US&CA,,1/1/00 0:00,227.78,95.825,25/7/23 22:10,1.81,RIE,Ad Group Recall (Merged)
20230807,1772323300637720 ,US,US&CA,,1/1/00 0:00,109.94,31.8674,24/7/23 18:20,1.81,RIE,Ad Group Recall (Merged)
20230807,1772381229825020 ,IE,Other,,1/1/00 0:00,100.56,60.828,25/7/23 9:38,1.62,RIE,Ad Group Recall (Merged)
20230807,1772318602269740 ,CA,USCA,,1/1/00 0:00,34.9188,29.0325,24/7/23 17:00,1.78,Auction Ads,auction_relation
20230807,1772365489837100 ,ID,ID,,1/1/00 0:00,12.6151,36.2394,25/7/23 4:29,1.8,Auction Ads,auction_relation
20230807,1772275026848780 ,PH,Other,,1/1/00 0:00,38.18,21.7601,24/7/23 16:00,1.62,RIE,Ad Group Recall (Merged)
20230807,1772568947293290 ,CL,Other,,1/1/00 0:00,1408.86,197.3445,27/7/23 10:20,1.62,RIE,Ad Group Recall (Merged)
20230807,1772568947293290 ,AR,Other,,1/1/00 0:00,1408.86,197.3445,27/7/23 10:20,1.62,RIE,Ad Group Recall (Merged)
20230807,1772568947293290 ,AR,Other,,1/1/00 0:00,1408.86,197.3445,27/7/23 10:20,1.62,RIE,Ad Group Recall (Merged)
20230807,1772568947293290 ,EC,Other,,1/1/00 0:00,1408.86,197.3445,27/7/23 10:20,1.62,RIE,Ad Group Recall (Merged)
20230807,1772568947293290 ,PE,Other,,1/1/00 0:00,1408.86,197.3445,27/7/23 10:20,1.62,RIE,Ad Group Recall (Merged)
20230807,1772365308130380 ,ID,ID,,1/1/00 0:00,13.1946,36.2394,25/7/23 4:31,1.8,Auction Ads,auction_relation
20230807,1772494173993010 ,GB,GB,,1/1/00 0:00,172.4298,144.5426,26/7/23 15:35,1.72,RIE,Ad Group Recall (Merged)
20230807,1772525947669530 ,MX,MX,,1/1/00 0:00,0.0754,150.0997,26/7/23 18:56,1.99,Auction Ads,auction_all
20230807,1772384003562510 ,SA,MENA,,1/1/00 0:00,23.23,59.8293,25/7/23 10:24,1.78,Auction Ads,auction_relation
20230807,1772305546330110 ,ID,ID,,1/1/00 0:00,16.2424,10.7345,24/7/23 12:31,1.8,Auction Ads,auction_relation
20230807,1772360405815290 ,ID,ID,,1/1/00 0:00,122.63,30.7668,25/7/23 3:09,2.05,RIE,Ad Group Recall (Merged)
20230807,1772302379763730 ,AE,MENA,,1/1/00 0:00,25.14,7.6277,24/7/23 11:47,1.67,RIE,Ad Group Recall (Merged)
20230807,1772326012447770 ,US,US&CA,,1/1/00 0:00,34.93,24.1105,24/7/23 19:01,1.81,RIE,Ad Group Recall (Merged)
20230807,1772631475394570 ,JP,JP,,1/1/00 0:00,588.16,230.5827,28/7/23 3:54,3.21,RIE,Ad Group Recall (Merged)
20230807,1772302940495920 ,PK,Other,,1/1/00 0:00,16.8499,5.3816,24/7/23 11:37,1.62,RIE,Ad Group Recall (Merged)
20230807,1772320083463210 ,RO,Other,,1/1/00 0:00,37.1708,20.9256,24/7/23 17:35,1.62,RIE,Ad Group Recall (Merged)
20230807,1772315098863610 ,NL,Other,,1/1/00 0:00,39.4316,46.2759,25/7/23 9:00,1.62,RIE,Ad Group Recall (Merged)
20230807,1772308128949250 ,EG,MENA,,1/1/00 0:00,7.3818,8.3721,24/7/23 14:18,1.67,RIE,Ad Group Recall (Merged)
20230807,1772318719326210 ,MX,MX,,1/1/00 0:00,,7.3325,24/7/23 15:52,1.99,Auction Ads,auction_all
20230807,1772331349269520 ,PK,Other,,1/1/00 0:00,58.14,17.672,24/7/23 19:24,1.62,RIE,Ad Group Recall (Merged)
20230807,1772289212596240 ,US,US&CA,,1/1/00 0:00,53.75,9.6269,24/7/23 16:00,1.81,RIE,Ad Group Recall (Merged)
20230807,1772335714338850 ,BR,BR,,1/1/00 0:00,17.3608,17.9331,24/7/23 20:34,1.7,RIE,Ad Group Recall (Merged)
20230807,1772305300019210 ,VN,VN,,1/1/00 0:00,0.6288,0.3202,24/7/23 12:31,2.13,RIE,Ad Group Recall (Merged)
20230807,1772314459674620 ,HU,Other,,1/1/00 0:00,3.1754,5.0698,24/7/23 15:57,1.62,RIE,Ad Group Recall (Merged)
20230807,1772312589926410 ,ID,ID,,1/1/00 0:00,38.9463,2.5265,24/7/23 14:25,1.8,Auction Ads,auction_relation
20230807,1772449907373050 ,PH,PH,,1/1/00 0:00,209.8769,79.1018,26/7/23 3:00,2.46,Auction Ads,auction_relation
20230807,1772449907373050 ,PH,PH,,1/1/00 0:00,209.8769,79.1018,26/7/23 3:00,2.46,Auction Ads,auction_relation
20230807,1772403736423420 ,SA,MENA,,1/1/00 0:00,53.87,63.8705,25/7/23 14:38,1.67,RIE,Ad Group Recall (Merged)
20230807,1772543208465400 ,MX,Other,,1/1/00 0:00,200.41,151.4392,27/7/23 3:26,1.62,RIE,Ad Group Recall (Merged)
20230807,1772351858108460 ,IT,IT,,1/1/00 0:00,0.0879,17.9548,25/7/23 2:00,1.36,Auction Ads,auction_relation
20230807,1772330769720320 ,BR,BR,,1/1/00 0:00,11.2133,11.8184,24/7/23 19:17,1.7,RIE,Ad Group Recall (Merged)
20230807,1772370041345040 ,ID,ID,,1/1/00 0:00,159.28,17.1872,25/7/23 5:41,2.05,RIE,Ad Group Recall (Merged)
20230807,1772357029164080 ,TW,TW,,1/1/00 0:00,19.96,13.0182,25/7/23 2:09,2.59,RIE,Ad Group Recall (Merged)
20230807,1772278527910920 ,MY,MY,,1/1/00 0:00,1050.02,125.6164,26/7/23 16:00,1.43,Non-Auction Ads,R&F
20230807,1773281334059040 ,TH,TH,,1/1/00 0:00,946.09,1770.9824,4/8/23 8:02,1.87,RIE,Ad Group Recall (Merged)
20230807,1773579234164750 ,US,US,,1/1/00 0:00,0,12853.6725,8/8/23 5:00,1.54,Non-Auction Ads,R&F
20230807,1772325567535150 ,PE,Other,,1/1/00 0:00,0,5.3779,24/7/23 17:58,1.62,RIE,Ad Group Recall (Merged)
20230807,1772361678939180 ,VN,VN,,1/1/00 0:00,26.5772,11.1651,25/7/23 2:54,2.14,Auction Ads,auction_relation
20230807,1772376760389680 ,US,US&CA,,1/1/00 0:00,54.18,26.6277,25/7/23 8:28,1.81,RIE,Ad Group Recall (Merged)
20230807,1772316345275440 ,GR,Other,,1/1/00 0:00,9.18,1.7153,24/7/23 16:29,1.62,RIE,Ad Group Recall (Merged)
20230807,1772371490358280 ,CL,CL,,1/1/00 0:00,20,14.7475,25/7/23 6:05,1.85,Auction Ads,auction_all
20230807,1772371490358280 ,PE,PE,,1/1/00 0:00,20,14.7475,25/7/23 6:05,1.68,Auction Ads,auction_all
20230807,1772371490358280 ,MA,Other,,1/1/00 0:00,20,14.7475,25/7/23 6:05,1.62,RIE,Ad Group Recall (Merged)
20230807,1772371490358280 ,KZ,KZ,,1/1/00 0:00,20,14.7475,25/7/23 6:05,2,Auction Ads,auction_relation
20230807,1772371490358280 ,TH,TH,,1/1/00 0:00,20,14.7475,25/7/23 6:05,1.64,Auction Ads,auction_relation
20230807,1771211355424780 ,BE,Other,,1/1/00 0:00,341.2501,108.9322,26/7/23 12:15,1.62,RIE,Ad Group Recall (Merged)
20230807,1773281710178300 ,SG,Other,,1/1/00 0:00,1003.01,1770.9824,4/8/23 8:09,1.62,RIE,Ad Group Recall (Merged)
20230807,1772381634424830 ,VN,VN,,1/1/00 0:00,104.4398,23.5519,25/7/23 8:34,2.13,RIE,Ad Group Recall (Merged)
20230807,1772293669827630 ,ID,ID,,1/1/00 0:00,11.9228,5.4108,24/7/23 23:00,1.8,Auction Ads,auction_relation
20230807,1772335078125580 ,BR,BR,,1/1/00 0:00,3.9026,2.5635,24/7/23 20:21,1.7,RIE,Ad Group Recall (Merged)
20230807,1772503181076490 ,NL,NL,,1/1/00 0:00,163.3512,123.016,26/7/23 17:52,1.19,Auction Ads,auction_relation
20230807,1772468951944190 ,VN,VN,,1/1/00 0:00,161.41,84.8205,26/7/23 7:54,2.13,RIE,Ad Group Recall (Merged)
20230807,1772423886016560 ,CO,Other,,1/1/00 0:00,49.8854,57.61,25/7/23 19:50,1.62,RIE,Ad Group Recall (Merged)
20230807,1772411325021250 ,CA,US&CA,,1/1/00 0:00,1432.21,55.6175,25/7/23 17:34,1.81,RIE,Ad Group Recall (Merged)
20230807,1772340970804220 ,US,US&CA,,1/1/00 0:00,18.21,15.7168,25/7/23 8:00,1.81,RIE,Ad Group Recall (Merged)
20230807,1772364082284570 ,ID,ID,,1/1/00 0:00,1.9479,1.7596,25/7/23 3:46,1.8,Auction Ads,auction_relation
20230807,1772387491637280 ,KW,Other,,1/1/00 0:00,17.01,22.0244,25/7/23 9:30,1.62,RIE,Ad Group Recall (Merged)
20230807,1772385111676940 ,US,USCA,,1/1/00 0:00,480.49,29.2393,25/7/23 10:35,1.78,Auction Ads,auction_relation
20230807,1772469609352200 ,PH,Other,,1/1/00 0:00,524.5373,79.1018,26/7/23 8:02,1.62,RIE,Ad Group Recall (Merged)
20230807,1772385216255000 ,GR,Other,,1/1/00 0:00,0,26.3372,25/7/23 10:05,1.62,RIE,Ad Group Recall (Merged)
20230807,1772373545684000 ,TW,TW,,1/1/00 0:00,2.51,4.0639,25/7/23 6:35,0.95,Auction Ads,auction_relation
20230807,1772382512391170 ,SE,Other,,1/1/00 0:00,0,23.3512,25/7/23 9:59,1.62,RIE,Ad Group Recall (Merged)
20230807,1772382512391170 ,GR,Other,,1/1/00 0:00,0,23.3512,25/7/23 9:59,1.62,RIE,Ad Group Recall (Merged)
20230807,1772382512391170 ,NO,Other,,1/1/00 0:00,0,23.3512,25/7/23 9:59,1.62,RIE,Ad Group Recall (Merged)
20230807,1772383159904270 ,TR,TR,,1/1/00 0:00,21.94,17.086,25/7/23 9:05,1.63,RIE,Ad Group Recall (Merged)
20230807,1772566041296930 ,US,US&CA,,1/1/00 0:00,101.19,160.5695,27/7/23 10:36,1.81,RIE,Ad Group Recall (Merged)
20230807,1772971471317020 ,MX,Other,,1/1/00 0:00,1136.7521,537.7242,31/7/23 21:10,1.62,RIE,Ad Group Recall (Merged)
20230807,1773045384726530 ,US,US&CA,,1/1/00 0:00,754.66,793.8017,1/8/23 17:35,1.81,RIE,Ad Group Recall (Merged)
20230807,1773045384726530 ,US,US&CA,,1/1/00 0:00,754.66,793.8017,1/8/23 17:35,1.81,RIE,Ad Group Recall (Merged)
20230807,1772480454873100 ,SA,MENA,,1/1/00 0:00,93.3454,89.2432,26/7/23 10:49,1.67,RIE,Ad Group Recall (Merged)
20230807,1772408215919640 ,DE,DE,,1/1/00 0:00,55.4359,42.2971,25/7/23 16:48,1.01,Auction Ads,auction_relation
20230807,1772379620762640 ,HU,Other,,1/1/00 0:00,34.91,8.9068,25/7/23 8:11,1.62,RIE,Ad Group Recall (Merged)
20230807,1772466088404000 ,VN,VN,,1/1/00 0:00,200.45,68.9781,26/7/23 7:06,2.13,RIE,Ad Group Recall (Merged)
20230807,1772376674050080 ,MY,MY,,1/1/00 0:00,5.8514,3.5574,25/7/23 7:22,2.31,Auction Ads,auction_relation
20230807,1772458587374620 ,AU,AU,,1/1/00 0:00,109.73,60.7635,26/7/23 6:10,1.84,RIE,Ad Group Recall (Merged)
20230807,1772467642284060 ,PH,Other,,1/1/00 0:00,50.1,68.9781,26/7/23 7:30,1.62,RIE,Ad Group Recall (Merged)
20230807,1772380994955310 ,JP,JP,,1/1/00 0:00,41.82,14.8645,25/7/23 9:34,3.21,RIE,Ad Group Recall (Merged)
20230807,1772468103751720 ,MY,MY,,1/1/00 0:00,99.14,68.9781,26/7/23 7:37,2.3,RIE,Ad Group Recall (Merged)
20230807,1772360893228080 ,US,US,,1/1/00 0:00,18528.13,875.9772,2/8/23 5:00,1.54,Non-Auction Ads,R&F
20230807,1772460936334380 ,AU,AU,,1/1/00 0:00,213.08,60.7635,26/7/23 6:47,1.84,RIE,Ad Group Recall (Merged)
20230807,1772460928205870 ,AU,AU,,1/1/00 0:00,148.49,60.7635,26/7/23 6:47,1.84,RIE,Ad Group Recall (Merged)
20230807,1772393957000220 ,GB,GB,,1/1/00 0:00,249.47,28.496,25/7/23 13:03,1.72,RIE,Ad Group Recall (Merged)
20230807,1772404820028410 ,NL,Other,,1/1/00 0:00,66.1358,36.4454,25/7/23 15:49,1.62,RIE,Ad Group Recall (Merged)
20230807,1772380238215200 ,TH,TH,,1/1/00 0:00,6.47,3.9494,25/7/23 8:24,1.87,RIE,Ad Group Recall (Merged)
20230807,1772376749623340 ,KW,Other,,1/1/00 0:00,0.23,0.5009,25/7/23 7:29,1.62,RIE,Ad Group Recall (Merged)
20230807,1772468246696960 ,AE,MENA,,1/1/00 0:00,20.1703,61.8867,26/7/23 6:59,1.67,RIE,Ad Group Recall (Merged)
20230807,1772468246696960 ,QA,Other,,1/1/00 0:00,20.1703,61.8867,26/7/23 6:59,1.62,RIE,Ad Group Recall (Merged)
20230807,1772390405221370 ,US,USCA,,1/1/00 0:00,526.89,21.4242,25/7/23 11:03,1.78,Auction Ads,auction_relation
20230807,1772390405221370 ,US,USCA,,1/1/00 0:00,526.89,21.4242,25/7/23 11:03,1.78,Auction Ads,auction_relation
20230807,1772390405221370 ,GB,GB,,1/1/00 0:00,526.89,21.4242,25/7/23 11:03,1.76,Auction Ads,auction_relation
20230807,1772465366466610 ,GB,GB,,1/1/00 0:00,250.27,60.0658,26/7/23 6:57,1.72,RIE,Ad Group Recall (Merged)
20230807,1772380726379550 ,GB,GB,,1/1/00 0:00,14.44,9.829,25/7/23 9:33,1.72,RIE,Ad Group Recall (Merged)
20230807,1772381309121560 ,TW,TW,,1/1/00 0:00,1,5.2418,25/7/23 8:34,2.59,RIE,Ad Group Recall (Merged)
20230807,1772381320401970 ,TW,TW,,1/1/00 0:00,0.29,5.2418,25/7/23 8:34,2.59,RIE,Ad Group Recall (Merged)
20230807,1772381303637020 ,TW,TW,,1/1/00 0:00,0.28,5.2418,25/7/23 8:34,2.59,RIE,Ad Group Recall (Merged)
20230807,1772381287266330 ,TW,TW,,1/1/00 0:00,0.14,5.2418,25/7/23 8:34,2.59,RIE,Ad Group Recall (Merged)
20230807,1772381293670410 ,TW,TW,,1/1/00 0:00,0,5.2418,25/7/23 8:34,2.59,RIE,Ad Group Recall (Merged)
20230807,1772394784034830 ,VN,VN,,1/1/00 0:00,43.16,22.4255,25/7/23 12:16,2.13,RIE,Ad Group Recall (Merged)
20230807,1772399001793560 ,TR,TR,,1/1/00 0:00,31.2902,27.1588,25/7/23 14:17,1.63,RIE,Ad Group Recall (Merged)
20230807,1772395665563690 ,VN,VN,,1/1/00 0:00,43.88,22.4255,25/7/23 12:30,2.13,RIE,Ad Group Recall (Merged)
20230807,1772395637753850 ,VN,VN,,1/1/00 0:00,41.92,22.4255,25/7/23 12:30,2.13,RIE,Ad Group Recall (Merged)
20230807,1772466146104370 ,ID,ID,,1/1/00 0:00,86.66,59.1464,26/7/23 7:01,2.05,RIE,Ad Group Recall (Merged)
20230807,1772381499924480 ,SA,MENA,,1/1/00 0:00,5.8908,3.7138,25/7/23 8:41,1.67,RIE,Ad Group Recall (Merged)
20230807,1772385681309720 ,US,US&CA,,1/1/00 0:00,52.05,8.4524,25/7/23 9:50,1.81,RIE,Ad Group Recall (Merged)
20230807,1772403450139690 ,VN,VN,,1/1/00 0:00,78.56,28.2576,25/7/23 14:33,2.13,RIE,Ad Group Recall (Merged)
20230807,1772403424889870 ,VN,VN,,1/1/00 0:00,78.75,28.2576,25/7/23 14:33,2.13,RIE,Ad Group Recall (Merged)
20230807,1772472414084140 ,TR,TR,,1/1/00 0:00,180.5652,93.2589,26/7/23 14:30,0.83,Auction Ads,auction_relation
20230807,1772379604551720 ,IT,IT,,1/1/00 0:00,0.21,4.7269,25/7/23 9:14,1.79,RIE,Ad Group Recall (Merged)
20230807,1772379610758160 ,IT,IT,,1/1/00 0:00,25.22,4.7269,25/7/23 9:14,1.79,RIE,Ad Group Recall (Merged)
20230807,1772386280251440 ,QA,Others,,1/1/00 0:00,9.7423,6.2262,25/7/23 9:54,1.56,Auction Ads,auction_all
20230807,1772468849348640 ,ID,ID,,1/1/00 0:00,480.97,59.1464,26/7/23 7:48,2.05,RIE,Ad Group Recall (Merged)
20230807,1772383959860250 ,JP,JP,,1/1/00 0:00,5.58,2.1223,25/7/23 9:21,3.21,RIE,Ad Group Recall (Merged)
20230807,1772401714263040 ,US,US&CA,,1/1/00 0:00,193.71,26.6886,25/7/23 15:03,1.81,RIE,Ad Group Recall (Merged)
20230807,1772388691568640 ,TW,TW,,1/1/00 0:00,9.75,9.965,25/7/23 10:38,2.59,RIE,Ad Group Recall (Merged)
20230807,1772660800055340 ,PL,PL,,1/1/00 0:00,187.0358,213.9831,28/7/23 11:41,1.64,Auction Ads,auction_relation
20230807,1773284889790490 ,KZ,Other,,1/1/00 0:00,1072.19,1770.9824,4/8/23 8:57,1.62,RIE,Ad Group Recall (Merged)
20230807,1772477131039760 ,JP,JP,,1/1/00 0:00,928.44,67.2646,26/7/23 10:26,3.21,RIE,Ad Group Recall (Merged)
20230807,1772477137441790 ,JP,JP,,1/1/00 0:00,1021.88,67.2646,26/7/23 10:26,3.21,RIE,Ad Group Recall (Merged)
20230807,1770507548892190 ,US,USCA,,1/1/00 0:00,2461.45,616.5035,1/8/23 6:00,1.78,Auction Ads,auction_relation
20230807,1772389613902880 ,IE,Other,,1/1/00 0:00,28.09,8.9068,25/7/23 10:50,1.62,RIE,Ad Group Recall (Merged)
20230807,1772318515744810 ,ZA,Other,,1/1/00 0:00,0.36,3.0324,25/7/23 10:00,1.62,RIE,Ad Group Recall (Merged)
20230807,1772318515744810 ,ES,ES,,1/1/00 0:00,0.36,3.0324,25/7/23 10:00,1.79,RIE,Ad Group Recall (Merged)
20230807,1772462969218090 ,PH,Other,,1/1/00 0:00,150.53,44.1104,26/7/23 6:17,1.62,RIE,Ad Group Recall (Merged)
20230807,1772463493329950 ,TH,TH,,1/1/00 0:00,50.15,44.1104,26/7/23 6:26,1.87,RIE,Ad Group Recall (Merged)
20230807,1772392391364650 ,ID,ID,,1/1/00 0:00,13.198,9.4033,25/7/23 11:13,1.8,Auction Ads,auction_relation
20230807,1772318687791130 ,US,US&CA,,1/1/00 0:00,0.6,3.0324,25/7/23 10:00,1.81,RIE,Ad Group Recall (Merged)
20230807,1772318687791130 ,CA,US&CA,,1/1/00 0:00,0.6,3.0324,25/7/23 10:00,1.81,RIE,Ad Group Recall (Merged)
20230807,1772462110900240 ,SA,MENA,,1/1/00 0:00,90.63,41.7835,26/7/23 6:06,1.67,RIE,Ad Group Recall (Merged)
20230807,1772402763852810 ,PH,Other,,1/1/00 0:00,33.72,17.2083,25/7/23 14:23,1.62,RIE,Ad Group Recall (Merged)
20230807,1772402759699490 ,PH,Other,,1/1/00 0:00,45.04,17.2083,25/7/23 14:23,1.62,RIE,Ad Group Recall (Merged)
20230807,1772463811975180 ,MY,MY,,1/1/00 0:00,100.34,44.1104,26/7/23 6:33,2.3,RIE,Ad Group Recall (Merged)
20230807,1772314438021120 ,GB,GB,,1/1/00 0:00,10.49,3.0324,25/7/23 10:00,1.72,RIE,Ad Group Recall (Merged)
20230807,1772462234484780 ,SA,MENA,,1/1/00 0:00,288.76,41.7835,26/7/23 6:08,1.67,RIE,Ad Group Recall (Merged)
20230807,1772402872707070 ,PH,Other,,1/1/00 0:00,32.6,17.2083,25/7/23 14:25,1.62,RIE,Ad Group Recall (Merged)
20230807,1772461683919900 ,AE,MENA,,1/1/00 0:00,22.24,41.7835,26/7/23 6:09,1.67,RIE,Ad Group Recall (Merged)
20230807,1772464203340810 ,VN,VN,,1/1/00 0:00,100.32,44.1104,26/7/23 6:38,2.13,RIE,Ad Group Recall (Merged)
20230807,1772396993618940 ,TR,TR,,1/1/00 0:00,,10.8225,25/7/23 12:48,0.83,Auction Ads,auction_relation
20230807,1772387950968860 ,TH,TH,,1/1/00 0:00,1.1465,2.3742,25/7/23 10:25,1.87,RIE,Ad Group Recall (Merged)
20230807,1772407641680930 ,IT,IT,,1/1/00 0:00,22.5183,18.6174,25/7/23 16:39,1.79,RIE,Ad Group Recall (Merged)
20230807,1772417841244200 ,BE,Other,,1/1/00 0:00,0,23.2177,25/7/23 19:21,1.62,RIE,Ad Group Recall (Merged)
20230807,1772397602155550 ,BR,BR,,1/1/00 0:00,4.6172,8.1148,25/7/23 12:58,1.99,Auction Ads,auction_all
20230807,1772391017154570 ,JP,JP,,1/1/00 0:00,144.54,0.564,25/7/23 10:58,3.21,RIE,Ad Group Recall (Merged)
20230807,1772392108454990 ,DE,DE,,1/1/00 0:00,11.54,4.2761,25/7/23 11:31,1.01,Auction Ads,auction_relation
20230807,1772392108454990 ,GB,GB,,1/1/00 0:00,11.54,4.2761,25/7/23 11:31,1.76,Auction Ads,auction_relation
20230807,1772398275529740 ,BR,BR,,1/1/00 0:00,,5.105,25/7/23 12:49,1.7,RIE,Ad Group Recall (Merged)
20230807,1772403414537260 ,TR,TR,,1/1/00 0:00,33.88,8.9068,25/7/23 14:28,1.63,RIE,Ad Group Recall (Merged)
20230807,1772512247220220 ,CA,US&CA,,1/1/00 0:00,113.7172,83.8556,26/7/23 18:40,1.81,RIE,Ad Group Recall (Merged)
20230807,1772398771203090 ,TH,TH,,1/1/00 0:00,3.48,6.5891,25/7/23 14:16,1.87,RIE,Ad Group Recall (Merged)
20230807,1772405373832220 ,PE,Other,,1/1/00 0:00,20.03,12.8731,25/7/23 16:04,1.62,RIE,Ad Group Recall (Merged)
20230807,1772467255728140 ,ID,ID,,1/1/00 0:00,525.56,41.4226,26/7/23 7:17,2.05,RIE,Ad Group Recall (Merged)
20230807,1772396927466540 ,TR,TR,,1/1/00 0:00,7.9959,2.9591,25/7/23 12:49,1.63,RIE,Ad Group Recall (Merged)
20230807,1772477647566910 ,JP,JP,,1/1/00 0:00,83.91,61.7789,26/7/23 11:13,3.21,RIE,Ad Group Recall (Merged)
20230807,1772477642524700 ,JP,JP,,1/1/00 0:00,555.99,61.7789,26/7/23 11:13,3.21,RIE,Ad Group Recall (Merged)
20230807,1772540415481880 ,ID,ID,,1/1/00 0:00,245.41,93.9091,27/7/23 2:50,2.05,RIE,Ad Group Recall (Merged)
20230807,1772477785942040 ,JP,JP,,1/1/00 0:00,0.14,61.7789,26/7/23 11:15,3.21,RIE,Ad Group Recall (Merged)
20230807,1772477808879610 ,JP,JP,,1/1/00 0:00,0.55,61.7789,26/7/23 11:15,3.21,RIE,Ad Group Recall (Merged)
20230807,1772477808886780 ,JP,JP,,1/1/00 0:00,85.58,61.7789,26/7/23 11:15,3.21,RIE,Ad Group Recall (Merged)
20230807,1772461599320080 ,JP,JP,,1/1/00 0:00,16.84,35.9851,26/7/23 6:58,3.21,RIE,Ad Group Recall (Merged)
20230807,1772549021527080 ,PH,PH,,1/1/00 0:00,848.49,147.1522,27/7/23 16:00,1.43,Non-Auction Ads,R&F
20230807,1772549021527080 ,PH,PH,,1/1/00 0:00,848.49,147.1522,27/7/23 16:00,1.43,Non-Auction Ads,R&F
20230807,1772549021527080 ,PH,PH,,1/1/00 0:00,848.49,147.1522,27/7/23 16:00,1.43,Non-Auction Ads,R&F
20230807,1772404837839920 ,IQ,Other,,1/1/00 0:00,26.63,7.2809,25/7/23 14:49,1.62,RIE,Ad Group Recall (Merged)
20230807,1772473619611690 ,US,US&CA,,1/1/00 0:00,175.7842,49.6499,26/7/23 10:09,1.81,RIE,Ad Group Recall (Merged)
20230807,1772428323671050 ,QA,Other,,1/1/00 0:00,20.1051,17.9177,25/7/23 22:01,1.62,RIE,Ad Group Recall (Merged)
20230807,1772405799360540 ,IQ,Other,,1/1/00 0:00,88.23,7.2809,25/7/23 15:06,1.62,RIE,Ad Group Recall (Merged)
20230807,1772488751511560 ,CA,US&CA,,1/1/00 0:00,716.6389,65.5466,26/7/23 14:03,1.81,RIE,Ad Group Recall (Merged)
20230807,1772404785709080 ,VN,VN,,1/1/00 0:00,8.4,3.4502,25/7/23 14:51,2.14,Auction Ads,auction_relation
20230807,1772404785709080 ,VN,VN,,1/1/00 0:00,8.4,3.4502,25/7/23 14:51,2.14,Auction Ads,auction_relation
20230807,1772440966592520 ,US,USCA,,1/1/00 0:00,19.91,13.2395,25/7/23 22:24,1.78,Auction Ads,auction_relation
20230807,1772616447297530 ,US,US&CA,,1/1/00 0:00,1289.13,200.553,28/7/23 13:00,1.81,RIE,Ad Group Recall (Merged)
20230807,1772458010888240 ,KZ,Other,,1/1/00 0:00,20.3,20.1381,26/7/23 4:46,1.62,RIE,Ad Group Recall (Merged)
20230807,1772458010888240 ,KZ,KZ,,1/1/00 0:00,20.3,20.1381,26/7/23 4:46,2,Auction Ads,auction_relation
20230807,1772410834571260 ,GB,GB,,1/1/00 0:00,5.6,4.4723,25/7/23 17:31,1.72,RIE,Ad Group Recall (Merged)
20230807,1772410834571260 ,PT,Other,,1/1/00 0:00,5.6,4.4723,25/7/23 17:31,1.62,RIE,Ad Group Recall (Merged)
20230807,1772410834571260 ,CZ,Other,,1/1/00 0:00,5.6,4.4723,25/7/23 17:31,1.62,RIE,Ad Group Recall (Merged)
20230807,1772410834571260 ,PL,PL,,1/1/00 0:00,5.6,4.4723,25/7/23 17:31,1.84,RIE,Ad Group Recall (Merged)
20230807,1772410834571260 ,IE,Other,,1/1/00 0:00,5.6,4.4723,25/7/23 17:31,1.62,RIE,Ad Group Recall (Merged)
20230807,1772410834571260 ,HU,Other,,1/1/00 0:00,5.6,4.4723,25/7/23 17:31,1.62,RIE,Ad Group Recall (Merged)
20230807,1772410834571260 ,NZ,Other,,1/1/00 0:00,5.6,4.4723,25/7/23 17:31,1.62,RIE,Ad Group Recall (Merged)
20230807,1772410834571260 ,ES,ES,,1/1/00 0:00,5.6,4.4723,25/7/23 17:31,1.79,RIE,Ad Group Recall (Merged)
20230807,1772410834571260 ,CA,US&CA,,1/1/00 0:00,5.6,4.4723,25/7/23 17:31,1.81,RIE,Ad Group Recall (Merged)
20230807,1772420371474440 ,IL,IL,,1/1/00 0:00,7.09,5.5083,25/7/23 20:02,1.22,RIE,Ad Group Recall (Merged)
20230807,1772536818083880 ,TW,TW,,1/1/00 0:00,298.67,77.0757,27/7/23 1:51,0.95,Auction Ads,auction_relation
20230807,1772432287650830 ,ES,ES,,1/1/00 0:00,26.0715,7.6592,25/7/23 23:00,1.79,RIE,Ad Group Recall (Merged)
20230807,1772314772242430 ,GB,GB,,1/1/00 0:00,1088.8195,199.357,28/7/23 14:35,1.72,RIE,Ad Group Recall (Merged)
20230807,1772450726066170 ,ID,ID,,1/1/00 0:00,25.37,11.9708,26/7/23 4:05,2.05,RIE,Ad Group Recall (Merged)
20230807,1772441854319660 ,CA,US&CA,,1/1/00 0:00,5.63,14.7373,26/7/23 5:00,1.81,RIE,Ad Group Recall (Merged)
20230807,1772425690576940 ,KW,Other,,1/1/00 0:00,0,3.8301,25/7/23 20:22,1.62,RIE,Ad Group Recall (Merged)
20230807,1772452837785640 ,VN,VN,,1/1/00 0:00,0,10.9788,26/7/23 3:38,2.14,Auction Ads,auction_relation
20230807,1772452837785640 ,VN,VN,,1/1/00 0:00,0,10.9788,26/7/23 3:38,2.14,Auction Ads,auction_relation
20230807,1772452837789740 ,VN,VN,,1/1/00 0:00,0,10.9788,26/7/23 3:38,2.14,Auction Ads,auction_relation
20230807,1772452837789740 ,VN,VN,,1/1/00 0:00,0,10.9788,26/7/23 3:38,2.14,Auction Ads,auction_relation
20230807,1772426092280840 ,ID,ID,,1/1/00 0:00,6.7148,2.5141,25/7/23 20:20,1.8,Auction Ads,auction_relation
20230807,1772430261492750 ,HU,Other,,1/1/00 0:00,4.64,3.1966,25/7/23 21:40,1.62,RIE,Ad Group Recall (Merged)
20230807,1772407030495230 ,DE,DE,,1/1/00 0:00,39.98,10.8548,26/7/23 4:30,1.6,RIE,Ad Group Recall (Merged)
20230807,1772676442750990 ,US,US&CA,,1/1/00 0:00,711.76,196.6242,28/7/23 14:45,1.81,RIE,Ad Group Recall (Merged)
20230807,1772441197977680 ,SA,MENA,,1/1/00 0:00,0,4.6772,26/7/23 0:32,1.67,RIE,Ad Group Recall (Merged)
20230807,1772443347551230 ,BR,BR,,1/1/00 0:00,0.0265,3.2301,26/7/23 1:59,1.99,Auction Ads,auction_all
20230807,1772466413076480 ,FR,FR,,1/1/00 0:00,19.61,20.67,26/7/23 7:09,1.76,RIE,Ad Group Recall (Merged)
20230807,1772466413076480 ,SA,MENA,,1/1/00 0:00,19.61,20.67,26/7/23 7:09,1.67,RIE,Ad Group Recall (Merged)
20230807,1772489542952970 ,CA,US&CA,,1/1/00 0:00,73.5127,52.0139,26/7/23 14:19,1.81,RIE,Ad Group Recall (Merged)
20230807,1772412843929630 ,BR,BR,,1/1/00 0:00,0.2531,2.4012,26/7/23 3:00,1.7,RIE,Ad Group Recall (Merged)
20230807,1772460196428810 ,MY,MY,,1/1/00 0:00,68.27,12.9749,26/7/23 6:36,2.3,RIE,Ad Group Recall (Merged)
20230807,1772484573536250 ,TW,TW,,1/1/00 0:00,87.49,43.964,26/7/23 12:03,0.95,Auction Ads,auction_relation
20230807,1772450663733240 ,PL,PL,,1/1/00 0:00,2.07,2.4235,26/7/23 3:04,1.84,RIE,Ad Group Recall (Merged)
20230807,1772545004131370 ,BR,BR,,1/1/00 0:00,151.33,76.4112,27/7/23 4:02,1.7,RIE,Ad Group Recall (Merged)
20230807,1772470293214200 ,ID,ID,,1/1/00 0:00,191.09,21.3666,26/7/23 8:15,2.05,RIE,Ad Group Recall (Merged)
20230807,1772470297962530 ,ID,ID,,1/1/00 0:00,374.08,21.3666,26/7/23 8:15,2.05,RIE,Ad Group Recall (Merged)
20230807,1772470302640160 ,ID,ID,,1/1/00 0:00,344.01,21.3666,26/7/23 8:15,2.05,RIE,Ad Group Recall (Merged)
20230807,1772455521386490 ,US,US&CA,,1/1/00 0:00,0.14,4.3577,26/7/23 5:30,1.81,RIE,Ad Group Recall (Merged)
20230807,1772512810929150 ,US,US&CA,,1/1/00 0:00,21.42,57.2428,26/7/23 19:30,1.81,RIE,Ad Group Recall (Merged)
20230807,1772455739466780 ,VN,VN,,1/1/00 0:00,0.401,1.0804,26/7/23 4:25,2.13,RIE,Ad Group Recall (Merged)
20230807,1772512944302090 ,US,US&CA,,1/1/00 0:00,26.79,57.2428,26/7/23 19:33,1.81,RIE,Ad Group Recall (Merged)
20230807,1772457085294600 ,VN,VN,,1/1/00 0:00,7.8743,1.318,26/7/23 4:38,2.14,Auction Ads,auction_relation
20230807,1772465384552440 ,US,US&CA,,1/1/00 0:00,23.68,9.1415,26/7/23 6:55,1.81,RIE,Ad Group Recall (Merged)
20230807,1772470147698680 ,SA,MENA,,1/1/00 0:00,33.23,15.4432,26/7/23 7:50,1.67,RIE,Ad Group Recall (Merged)
20230807,1772506909726750 ,IL,IL,,1/1/00 0:00,94.53,57.9022,26/7/23 22:00,1.22,RIE,Ad Group Recall (Merged)
20230807,1772469001053210 ,ID,ID,,1/1/00 0:00,95.74,19.295,26/7/23 8:54,2.05,RIE,Ad Group Recall (Merged)
20230807,1772468204984330 ,US,US&CA,,1/1/00 0:00,8.98,12.9968,26/7/23 8:00,1.81,RIE,Ad Group Recall (Merged)
20230807,1772502558144530 ,GB,GB,,1/1/00 0:00,3.7887,49.4309,26/7/23 17:46,1.76,Auction Ads,auction_relation
20230807,1772464678333440 ,JP,JP,,1/1/00 0:00,1.35,2.1223,26/7/23 6:46,3.21,RIE,Ad Group Recall (Merged)
20230807,1772465809932290 ,PH,Other,,1/1/00 0:00,303.47,6.6905,26/7/23 7:04,1.62,RIE,Ad Group Recall (Merged)
20230807,1772465809932290 ,AR,Other,,1/1/00 0:00,303.47,6.6905,26/7/23 7:04,1.62,RIE,Ad Group Recall (Merged)
20230807,1772553979600940 ,CO,Other,,1/1/00 0:00,267.3655,68.9595,27/7/23 6:24,1.62,RIE,Ad Group Recall (Merged)
20230807,1772498983019520 ,IT,IT,,1/1/00 0:00,23.452,45.4839,26/7/23 16:51,1.79,RIE,Ad Group Recall (Merged)
20230807,1772504991180830 ,SA,MENA,,1/1/00 0:00,195.2025,49.8149,26/7/23 21:00,1.67,RIE,Ad Group Recall (Merged)
20230807,1772560246209580 ,TH,TH,,1/1/00 0:00,0,69.355,27/7/23 8:00,1.87,RIE,Ad Group Recall (Merged)
20230807,1772492138548240 ,SA,MENA,,1/1/00 0:00,99.42,29.0395,26/7/23 14:02,1.67,RIE,Ad Group Recall (Merged)
20230807,1772473096612860 ,BR,BR,,1/1/00 0:00,81.58,3.4081,26/7/23 8:04,1.7,RIE,Ad Group Recall (Merged)
20230807,1772469514158080 ,PL,PL,,1/1/00 0:00,0.5,1.2313,26/7/23 7:52,1.84,RIE,Ad Group Recall (Merged)
20230807,1772488220431370 ,DE,DE,,1/1/00 0:00,27.9206,22.2973,26/7/23 12:19,1.6,RIE,Ad Group Recall (Merged)
20230807,1772469969969180 ,QA,Other,,1/1/00 0:00,5.46,1.1758,26/7/23 8:02,1.62,RIE,Ad Group Recall (Merged)
20230807,1772479520273400 ,ID,ID,,1/1/00 0:00,13.2935,9.4033,26/7/23 10:30,1.8,Auction Ads,auction_relation
20230807,1772485331561480 ,FR,FR,,1/1/00 0:00,48.1819,22.0708,26/7/23 12:26,1.76,RIE,Ad Group Recall (Merged)
20230807,1772472563249200 ,TW,TW,,1/1/00 0:00,0.65,3.8826,26/7/23 8:44,0.95,Auction Ads,auction_relation
20230807,1772488599948320 ,SA,MENA,,1/1/00 0:00,114,23.8873,26/7/23 13:09,1.67,RIE,Ad Group Recall (Merged)
20230807,1772471543884840 ,AE,MENA,,1/1/00 0:00,5.5179,1.8302,26/7/23 8:31,1.67,RIE,Ad Group Recall (Merged)
20230807,1772471658969130 ,AE,MENA,,1/1/00 0:00,5.6816,1.8302,26/7/23 8:37,1.67,RIE,Ad Group Recall (Merged)
20230807,1772476577783810 ,TW,TW,,1/1/00 0:00,1.16,2.7225,26/7/23 9:56,2.59,RIE,Ad Group Recall (Merged)
20230807,1772476577688600 ,TW,TW,,1/1/00 0:00,2.83,2.7225,26/7/23 9:56,2.59,RIE,Ad Group Recall (Merged)
20230807,1772476577685530 ,TW,TW,,1/1/00 0:00,12.3,2.7225,26/7/23 9:56,2.59,RIE,Ad Group Recall (Merged)
20230807,1772583590476800 ,FR,FR,,1/1/00 0:00,404.3209,94.4367,27/7/23 15:02,1.76,RIE,Ad Group Recall (Merged)
20230807,1772473142433790 ,GB,GB,,1/1/00 0:00,5.44,2.226,26/7/23 10:01,1.72,RIE,Ad Group Recall (Merged)
20230807,1772473525180440 ,AU,AU,,1/1/00 0:00,2.37,2.226,26/7/23 10:07,1.84,RIE,Ad Group Recall (Merged)
20230807,1772543194983470 ,PH,Other,,1/1/00 0:00,210.41,47.3262,27/7/23 3:35,1.62,RIE,Ad Group Recall (Merged)
20230807,1772480268539930 ,SA,MENA,,1/1/00 0:00,0,9.5848,26/7/23 10:54,1.67,RIE,Ad Group Recall (Merged)
20230807,1773603077558320 ,US,USCA,,1/1/00 0:00,,12853.6725,8/8/23 15:15,1.78,Auction Ads,auction_relation
20230807,1772651138318380 ,AT,AT,,1/1/00 0:00,1745.8554,138.9219,28/7/23 9:07,0.89,Auction Ads,auction_relation
20230807,1772651138318380 ,DE,DE,,1/1/00 0:00,1745.8554,138.9219,28/7/23 9:07,1.01,Auction Ads,auction_relation
20230807,1772481325592620 ,KZ,Other,,1/1/00 0:00,28.03,9.5885,26/7/23 11:11,1.62,RIE,Ad Group Recall (Merged)
20230807,1772582747725820 ,EG,MENA,,1/1/00 0:00,358.63,88.6218,27/7/23 14:00,1.67,RIE,Ad Group Recall (Merged)
20230807,1772582747725820 ,JO,Other,,1/1/00 0:00,358.63,88.6218,27/7/23 14:00,1.62,RIE,Ad Group Recall (Merged)
20230807,1772582747725820 ,LB,Other,,1/1/00 0:00,358.63,88.6218,27/7/23 14:00,1.62,RIE,Ad Group Recall (Merged)
20230807,1772481333108770 ,KZ,Other,,1/1/00 0:00,28.75,9.5885,26/7/23 11:11,1.62,RIE,Ad Group Recall (Merged)
20230807,1772541725982730 ,VN,VN,,1/1/00 0:00,100.07,44.1104,27/7/23 3:10,2.13,RIE,Ad Group Recall (Merged)
20230807,1772694176862220 ,DE,DE,,1/1/00 0:00,385.3928,199.9549,29/7/23 6:30,1.6,RIE,Ad Group Recall (Merged)
20230807,1772599079234590 ,US,USCA,,1/1/00 0:00,1785.74,662.6671,1/8/23 14:00,1.78,Auction Ads,auction_relation
20230807,1772489306067980 ,US,US&CA,,1/1/00 0:00,27.14,19.3117,26/7/23 14:11,1.81,RIE,Ad Group Recall (Merged)
20230807,1772498552845340 ,VN,VN,,1/1/00 0:00,77.66,22.4255,26/7/23 15:46,2.13,RIE,Ad Group Recall (Merged)
20230807,1772492650609680 ,US,US&CA,,1/1/00 0:00,21.64,19.7137,26/7/23 14:38,1.81,RIE,Ad Group Recall (Merged)
20230807,1772489069091870 ,GB,GB,,1/1/00 0:00,246.05,15.2793,26/7/23 13:12,1.72,RIE,Ad Group Recall (Merged)
20230807,1772489069091870 ,GB,GB,,1/1/00 0:00,246.05,15.2793,26/7/23 13:12,1.72,RIE,Ad Group Recall (Merged)
20230807,1772496296076330 ,US,US&CA,,1/1/00 0:00,5.71,18.9253,26/7/23 15:07,1.81,RIE,Ad Group Recall (Merged)
20230807,1772480228364330 ,CZ,Other,,1/1/00 0:00,299.11,2.8941,26/7/23 10:52,1.62,RIE,Ad Group Recall (Merged)
20230807,1772480228364330 ,NL,Other,,1/1/00 0:00,299.11,2.8941,26/7/23 10:52,1.62,RIE,Ad Group Recall (Merged)
20230807,1772476622996480 ,KZ,Other,,1/1/00 0:00,21.7102,0.1793,26/7/23 10:56,1.62,RIE,Ad Group Recall (Merged)
20230807,1772507332670510 ,IT,IT,,1/1/00 0:00,32.6665,28.0921,26/7/23 23:00,1.79,RIE,Ad Group Recall (Merged)
20230807,1772541157913630 ,ID,ID,,1/1/00 0:00,191.75,34.7184,27/7/23 3:04,2.05,RIE,Ad Group Recall (Merged)
20230807,1772500110678030 ,US,US&CA,,1/1/00 0:00,18.01,19.9043,26/7/23 17:04,1.81,RIE,Ad Group Recall (Merged)
20230807,1772500110678030 ,US,US&CA,,1/1/00 0:00,18.01,19.9043,26/7/23 17:04,1.81,RIE,Ad Group Recall (Merged)
20230807,1772487793360890 ,BY,Other,,1/1/00 0:00,17.77,6.7021,26/7/23 12:54,1.62,RIE,Ad Group Recall (Merged)
20230807,1772484047485980 ,CA,US&CA,,1/1/00 0:00,228.84,2.8941,26/7/23 11:53,1.81,RIE,Ad Group Recall (Merged)
20230807,1772484047485980 ,AU,AU,,1/1/00 0:00,228.84,2.8941,26/7/23 11:53,1.84,RIE,Ad Group Recall (Merged)
20230807,1772515800199170 ,BR,BR,,1/1/00 0:00,46.6287,22.8165,26/7/23 20:17,1.99,Auction Ads,auction_all
20230807,1772516006958090 ,BR,BR,,1/1/00 0:00,102.8427,22.8165,26/7/23 20:21,1.99,Auction Ads,auction_all
20230807,1772481599369330 ,PK,Other,,1/1/00 0:00,4.93,1.1425,26/7/23 12:00,1.62,RIE,Ad Group Recall (Merged)
20230807,1772490203345950 ,CH,CH,,1/1/00 0:00,41.7195,9.5654,26/7/23 14:28,0.93,Auction Ads,auction_relation
20230807,1772490203345950 ,AT,AT,,1/1/00 0:00,41.7195,9.5654,26/7/23 14:28,0.89,Auction Ads,auction_relation
20230807,1772487163875340 ,ES,ES,,1/1/00 0:00,1.3801,1.5964,26/7/23 12:44,1.79,RIE,Ad Group Recall (Merged)
20230807,1772559062349870 ,TH,TH,,1/1/00 0:00,63.76,41.7869,27/7/23 7:44,1.87,RIE,Ad Group Recall (Merged)
20230807,1772633686860830 ,ID,ID,,1/1/00 0:00,44.95,97.6763,28/7/23 3:31,2.05,RIE,Ad Group Recall (Merged)
20230807,1772496414357530 ,ZA,Other,,1/1/00 0:00,27.1891,9.7606,26/7/23 15:52,1.62,RIE,Ad Group Recall (Merged)
20230807,1771127206064160 ,GB,GB,,1/1/00 0:00,4860.7951,905.5173,2/8/23 12:30,1.72,RIE,Ad Group Recall (Merged)
20230807,1772487264207890 ,VN,VN,,1/1/00 0:00,,0.239,26/7/23 12:46,2.13,RIE,Ad Group Recall (Merged)
20230807,1772507637128210 ,GR,Other,,1/1/00 0:00,23.837,15.2449,26/7/23 19:08,1.62,RIE,Ad Group Recall (Merged)
20230807,1772488304066610 ,VN,VN,,1/1/00 0:00,,0.239,26/7/23 13:02,2.13,RIE,Ad Group Recall (Merged)
20230807,1772488327095310 ,VN,VN,,1/1/00 0:00,0,0.239,26/7/23 13:04,2.13,RIE,Ad Group Recall (Merged)
20230807,1772562757668890 ,NO,Other,,1/1/00 0:00,0,51.3311,27/7/23 9:45,1.62,RIE,Ad Group Recall (Merged)
20230807,1772535212075050 ,ID,ID,,1/1/00 0:00,9.0955,19.0214,27/7/23 1:22,1.8,Auction Ads,auction_relation
20230807,1772967321979930 ,US,USCA,,1/1/00 0:00,1545.8,530.5036,1/8/23 6:00,1.78,Auction Ads,auction_relation
20230807,1772494610830360 ,BR,BR,,1/1/00 0:00,,1.0228,26/7/23 14:34,1.7,RIE,Ad Group Recall (Merged)
20230807,1772541833007150 ,AU,AU,,1/1/00 0:00,86.04,22.3589,27/7/23 3:13,1.84,RIE,Ad Group Recall (Merged)
20230807,1772677739351040 ,GB,GB,,1/1/00 0:00,1104.2681,144.5426,28/7/23 15:56,1.72,RIE,Ad Group Recall (Merged)
20230807,1772596028417040 ,SA,MENA,,1/1/00 0:00,860.42,78.327,27/7/23 17:36,1.67,RIE,Ad Group Recall (Merged)
20230807,1772482529524780 ,GB,GB,,1/1/00 0:00,5.24,4.7103,26/7/23 16:30,1.72,RIE,Ad Group Recall (Merged)
20230807,1772482529524780 ,US,US&CA,,1/1/00 0:00,5.24,4.7103,26/7/23 16:30,1.81,RIE,Ad Group Recall (Merged)
20230807,1772659018899450 ,GB,GB,,1/1/00 0:00,1357.4367,121.8897,28/7/23 11:07,1.72,RIE,Ad Group Recall (Merged)
20230807,1772540273320970 ,TH,TH,,1/1/00 0:00,181.19,17.4526,27/7/23 2:46,1.87,RIE,Ad Group Recall (Merged)
20230807,1772543101042720 ,US,US&CA,,1/1/00 0:00,29.61,23.0857,27/7/23 4:32,1.81,RIE,Ad Group Recall (Merged)
20230807,1772561488731180 ,GB,GB,,1/1/00 0:00,51.0233,40.4278,27/7/23 9:07,1.76,Auction Ads,auction_relation
20230807,1772585133379580 ,US,US&CA,,1/1/00 0:00,106.4778,69.3249,27/7/23 15:36,1.81,RIE,Ad Group Recall (Merged)
20230807,1772596625090610 ,US,US&CA,,1/1/00 0:00,103.32,75.0476,27/7/23 18:41,1.81,RIE,Ad Group Recall (Merged)
20230807,1772559018154030 ,KW,Other,,1/1/00 0:00,76.33,35.4021,27/7/23 8:43,1.62,RIE,Ad Group Recall (Merged)
20230807,1772554554089490 ,ID,ID,,1/1/00 0:00,29.22,22.1799,27/7/23 6:34,2.05,RIE,Ad Group Recall (Merged)
20230807,1772554920652830 ,TH,TH,,1/1/00 0:00,24.94,22.1799,27/7/23 6:40,1.87,RIE,Ad Group Recall (Merged)
20230807,1772532548929550 ,BR,BR,,1/1/00 0:00,4.1182,7.1439,27/7/23 0:15,1.7,RIE,Ad Group Recall (Merged)
20230807,1772463670711310 ,TW,TW,,1/1/00 0:00,119.73,66.6103,27/7/23 16:01,2.59,RIE,Ad Group Recall (Merged)
20230807,1772552879099950 ,IE,IE,,1/1/00 0:00,15.17,16.5112,27/7/23 4:23,1.52,Auction Ads,auction_relation
20230807,1772465197650990 ,TW,TW,,1/1/00 0:00,45.22,66.6103,27/7/23 16:01,2.59,RIE,Ad Group Recall (Merged)
20230807,1772513591314450 ,BR,BR,,1/1/00 0:00,1.1891,1.6928,26/7/23 19:36,1.7,RIE,Ad Group Recall (Merged)
20230807,1772535160282160 ,VN,VN,,1/1/00 0:00,4.9497,6.2536,27/7/23 1:24,2.14,Auction Ads,auction_relation
20230807,1772535160282160 ,VN,VN,,1/1/00 0:00,4.9497,6.2536,27/7/23 1:24,2.14,Auction Ads,auction_relation
20230807,1772560934635550 ,ID,ID,,1/1/00 0:00,19.87,33.8537,27/7/23 9:16,2.05,RIE,Ad Group Recall (Merged)
20230807,1772561926983710 ,BR,BR,,1/1/00 0:00,104.14,28.2104,27/7/23 8:26,1.7,RIE,Ad Group Recall (Merged)
20230807,1772598099768320 ,FR,FR,,1/1/00 0:00,255.362,69.0411,27/7/23 18:51,1.97,Auction Ads,auction_relation
20230807,1772537838385200 ,JP,JP,,1/1/00 0:00,23.05,7.2506,27/7/23 2:08,3.21,RIE,Ad Group Recall (Merged)
20230807,1772537835711570 ,JP,JP,,1/1/00 0:00,24.41,7.2506,27/7/23 2:08,3.21,RIE,Ad Group Recall (Merged)
20230807,1772537227285530 ,ID,ID,,1/1/00 0:00,12.8025,5.6278,27/7/23 1:56,1.8,Auction Ads,auction_relation
20230807,1772537227285530 ,ID,ID,,1/1/00 0:00,12.8025,5.6278,27/7/23 1:56,1.8,Auction Ads,auction_relation
20230807,1772540320843790 ,TH,TH,,1/1/00 0:00,22.2664,7.222,27/7/23 2:32,1.64,Auction Ads,auction_relation
20230807,1772540883379200 ,IT,IT,,1/1/00 0:00,0,12.2013,27/7/23 3:51,1.79,RIE,Ad Group Recall (Merged)
20230807,1772541345060910 ,IT,IT,,1/1/00 0:00,0,12.2013,27/7/23 4:02,1.79,RIE,Ad Group Recall (Merged)
20230807,1772478623098910 ,EG,MENA,,1/1/00 0:00,34.91,23.8497,27/7/23 8:05,1.67,RIE,Ad Group Recall (Merged)
20230807,1772521687798810 ,US,US&CA,,1/1/00 0:00,1.76,0.4093,26/7/23 22:53,1.81,RIE,Ad Group Recall (Merged)
20230807,1772521687803900 ,US,US&CA,,1/1/00 0:00,2.06,0.4093,26/7/23 22:53,1.81,RIE,Ad Group Recall (Merged)
20230807,1772560885920760 ,PH,Other,,1/1/00 0:00,11.85,22.1799,27/7/23 8:12,1.62,RIE,Ad Group Recall (Merged)
20230807,1772561001259050 ,PH,Other,,1/1/00 0:00,152.72,22.1799,27/7/23 8:17,1.62,RIE,Ad Group Recall (Merged)
20230807,1772603067307040 ,MX,Other,,1/1/00 0:00,172.4285,64.3981,27/7/23 19:15,1.62,RIE,Ad Group Recall (Merged)
20230807,1772561949180960 ,ZA,Other,,1/1/00 0:00,368.55,22.1799,27/7/23 8:31,1.62,RIE,Ad Group Recall (Merged)
20230807,1772681406274590 ,TH,TH,,1/1/00 0:00,198.98,128.8415,28/7/23 16:08,1.87,RIE,Ad Group Recall (Merged)
20230807,1772544485564460 ,ID,ID,,1/1/00 0:00,0,6.3203,27/7/23 3:46,1.8,Auction Ads,auction_relation
20230807,1772562146765820 ,PK,Other,,1/1/00 0:00,6.13,22.1799,27/7/23 8:35,1.62,RIE,Ad Group Recall (Merged)
20230807,1772555983269890 ,MY,MY,,1/1/00 0:00,0.0176,11.8123,27/7/23 6:50,2.31,Auction Ads,auction_relation
20230807,1772540171201570 ,ID,ID,,1/1/00 0:00,0,1.0917,27/7/23 2:43,1.8,Auction Ads,auction_relation
20230807,1772559636043770 ,SA,MENA,,1/1/00 0:00,5,16.1457,27/7/23 7:57,1.67,RIE,Ad Group Recall (Merged)
20230807,1772657176115200 ,ID,ID,,1/1/00 0:00,100.08,97.6763,28/7/23 9:46,2.05,RIE,Ad Group Recall (Merged)
20230807,1772552481025020 ,JP,JP,,1/1/00 0:00,63.78,6.452,27/7/23 6:02,3.21,RIE,Ad Group Recall (Merged)
20230807,1772556099499010 ,CA,US&CA,,1/1/00 0:00,15.01,14.0082,27/7/23 7:49,1.81,RIE,Ad Group Recall (Merged)
20230807,1772558986155120 ,TH,TH,,1/1/00 0:00,34.04,13.0173,27/7/23 7:47,1.87,RIE,Ad Group Recall (Merged)
20230807,1772588926489600 ,US,US&CA,,1/1/00 0:00,82.07,114.1083,28/7/23 12:45,1.81,RIE,Ad Group Recall (Merged)
20230807,1772652121835550 ,FR,FR,,1/1/00 0:00,1262.7845,94.4367,28/7/23 9:21,1.76,RIE,Ad Group Recall (Merged)
20230807,1772563564092450 ,BR,BR,,1/1/00 0:00,6.83,20.0554,27/7/23 8:56,1.7,RIE,Ad Group Recall (Merged)
20230807,1772556348126250 ,SA,MENA,,1/1/00 0:00,28.3164,9.458,27/7/23 7:03,1.78,Auction Ads,auction_relation
20230807,1772539496034350 ,US,US&CA,,1/1/00 0:00,100.47,55.3586,27/7/23 16:31,1.81,RIE,Ad Group Recall (Merged)
20230807,1772652524232750 ,FR,FR,,1/1/00 0:00,498.7841,94.4367,28/7/23 9:27,1.97,Auction Ads,auction_relation
20230807,1772571977340940 ,KZ,Other,,1/1/00 0:00,184.9803,33.6157,27/7/23 11:07,1.62,RIE,Ad Group Recall (Merged)
20230807,1772657948928010 ,MA,Other,,1/1/00 0:00,657.71,97.7246,28/7/23 10:46,1.62,RIE,Ad Group Recall (Merged)
20230807,1772657948928010 ,EG,MENA,,1/1/00 0:00,657.71,97.7246,28/7/23 10:46,1.67,RIE,Ad Group Recall (Merged)
20230807,1772560310676530 ,JP,JP,,1/1/00 0:00,117.02,12.9968,27/7/23 8:06,3.21,RIE,Ad Group Recall (Merged)
20230807,1772585321499640 ,FI,Others,,1/1/00 0:00,4372.9496,47.3839,27/7/23 15:32,1.56,Auction Ads,auction_all
20230807,1772585321499640 ,HU,Others,,1/1/00 0:00,4372.9496,47.3839,27/7/23 15:32,1.56,Auction Ads,auction_all
20230807,1772585321499640 ,GR,GR,,1/1/00 0:00,4372.9496,47.3839,27/7/23 15:32,2.11,Auction Ads,auction_relation
20230807,1772585321499640 ,PT,PT,,1/1/00 0:00,4372.9496,47.3839,27/7/23 15:32,1.98,Auction Ads,auction_relation
20230807,1772585321499640 ,PL,PL,,1/1/00 0:00,4372.9496,47.3839,27/7/23 15:32,1.64,Auction Ads,auction_relation
20230807,1772640032600090 ,JP,JP,,1/1/00 0:00,579.21,71.6776,28/7/23 6:16,3.21,RIE,Ad Group Recall (Merged)
20230807,1772571536469020 ,MY,MY,,1/1/00 0:00,54.16,23.6561,27/7/23 10:19,2.3,RIE,Ad Group Recall (Merged)
20230807,1772552337274910 ,KW,Other,,1/1/00 0:00,7.4477,2.8537,27/7/23 6:05,1.62,RIE,Ad Group Recall (Merged)
20230807,1772552337274910 ,AE,MENA,,1/1/00 0:00,7.4477,2.8537,27/7/23 6:05,1.67,RIE,Ad Group Recall (Merged)
20230807,1772581075142680 ,DE,DE,,1/1/00 0:00,55.0941,37.8655,27/7/23 13:56,1.6,RIE,Ad Group Recall (Merged)
20230807,1772553074264090 ,PH,Other,,1/1/00 0:00,30.98,0.5761,27/7/23 6:03,1.62,RIE,Ad Group Recall (Merged)
20230807,1772650712757280 ,ES,ES,,1/1/00 0:00,109.4714,85.1804,28/7/23 8:42,1.37,Auction Ads,auction_relation
20230807,1772566592840700 ,JP,JP,,1/1/00 0:00,7.49,18.7845,27/7/23 9:47,3.21,RIE,Ad Group Recall (Merged)
20230807,1772513146649630 ,ZA,Other,,1/1/00 0:00,31.61,2.1246,27/7/23 7:00,1.62,RIE,Ad Group Recall (Merged)
20230807,1772512400158750 ,ZA,Other,,1/1/00 0:00,0,2.1246,27/7/23 7:00,1.62,RIE,Ad Group Recall (Merged)
20230807,1772641498622970 ,JP,JP,,1/1/00 0:00,222.97,67.2646,28/7/23 6:29,3.21,RIE,Ad Group Recall (Merged)
20230807,1772641710105630 ,JP,JP,,1/1/00 0:00,84.16,67.2646,28/7/23 6:40,3.21,RIE,Ad Group Recall (Merged)
20230807,1772625619042320 ,BR,BR,,1/1/00 0:00,99.6364,54.045,28/7/23 1:23,1.7,RIE,Ad Group Recall (Merged)
20230807,1772558230014000 ,US,US&CA,,1/1/00 0:00,35.68,7.6442,27/7/23 8:34,1.81,RIE,Ad Group Recall (Merged)
20230807,1772562731819020 ,DE,DE,,1/1/00 0:00,16.79,12.8262,27/7/23 9:43,1.6,RIE,Ad Group Recall (Merged)
20230807,1772568644617230 ,BR,BR,,1/1/00 0:00,30.19,21.5756,27/7/23 11:00,1.7,RIE,Ad Group Recall (Merged)
20230807,1772560361136160 ,VN,VN,,1/1/00 0:00,0.811,1.1933,27/7/23 8:03,2.14,Auction Ads,auction_relation
20230807,1772560361136160 ,VN,VN,,1/1/00 0:00,0.811,1.1933,27/7/23 8:03,2.14,Auction Ads,auction_relation
20230807,1772568139646970 ,VN,VN,,1/1/00 0:00,14.2661,12.7923,27/7/23 10:10,2.14,Auction Ads,auction_relation
20230807,1772628620777500 ,AE,MENA,,1/1/00 0:00,51.44,50.7348,28/7/23 1:54,1.78,Auction Ads,auction_relation
20230807,1772564004554750 ,TH,TH,,1/1/00 0:00,22.8237,5.4986,27/7/23 9:04,1.64,Auction Ads,auction_relation
20230807,1772562091190270 ,VN,VN,,1/1/00 0:00,0.1004,2.0131,27/7/23 8:35,2.13,RIE,Ad Group Recall (Merged)
20230807,1772577900724240 ,RO,Other,,1/1/00 0:00,35.92,24.435,27/7/23 12:43,1.62,RIE,Ad Group Recall (Merged)
20230807,1772583114743820 ,EG,MENA,,1/1/00 0:00,7.13,30.6987,27/7/23 15:08,1.67,RIE,Ad Group Recall (Merged)
20230807,1772583850309630 ,IT,IT,,1/1/00 0:00,30.04,31.1806,27/7/23 15:13,1.79,RIE,Ad Group Recall (Merged)
20230807,1772565154128920 ,PH,Other,,1/1/00 0:00,18.2514,5.4872,27/7/23 9:22,1.62,RIE,Ad Group Recall (Merged)
20230807,1772996900281370 ,JP,JP,,1/1/00 0:00,370.68,460.128,1/8/23 3:13,3.21,RIE,Ad Group Recall (Merged)
20230807,1772564129933360 ,VN,VN,,1/1/00 0:00,20.9484,3.8948,27/7/23 9:06,2.14,Auction Ads,auction_relation
20230807,1772910161450030 ,DE,DE,,1/1/00 0:00,708.2721,420.6812,1/8/23 0:00,1.01,Auction Ads,auction_relation
20230807,1772562685487130 ,VN,VN,,1/1/00 0:00,10.0544,1.129,27/7/23 8:42,2.13,RIE,Ad Group Recall (Merged)
20230807,1772567155809290 ,US,USCA,,1/1/00 0:00,2.79,7.7557,27/7/23 9:53,1.78,Auction Ads,auction_relation
20230807,1772575287779330 ,PK,Other,,1/1/00 0:00,40.7655,16.5557,27/7/23 11:14,1.62,RIE,Ad Group Recall (Merged)
20230807,1772568968766480 ,ZA,Other,,1/1/00 0:00,4.61,5.15,27/7/23 9:39,1.62,RIE,Ad Group Recall (Merged)
20230807,1772562876155900 ,VN,VN,,1/1/00 0:00,7.8834,1.129,27/7/23 8:46,2.13,RIE,Ad Group Recall (Merged)
20230807,1772564020910130 ,ZA,Other,,1/1/00 0:00,25.2,2.3283,27/7/23 9:06,1.62,RIE,Ad Group Recall (Merged)
20230807,1772566028449810 ,BY,Other,,1/1/00 0:00,29.71,3.219,27/7/23 9:31,1.62,RIE,Ad Group Recall (Merged)
20230807,1772587190858780 ,JP,JP,,1/1/00 0:00,9.86,27.4849,27/7/23 15:15,3.21,RIE,Ad Group Recall (Merged)
20230807,1772568315194380 ,GB,GB,,1/1/00 0:00,5.5582,5.5423,27/7/23 10:01,1.76,Auction Ads,auction_relation
20230807,1773006438339580 ,GB,GB,,1/1/00 0:00,4253.839,491.9031,1/8/23 6:17,1.72,RIE,Ad Group Recall (Merged)
20230807,1772570499248120 ,GB,GB,,1/1/00 0:00,9.9114,5.0761,27/7/23 10:01,1.72,RIE,Ad Group Recall (Merged)
20230807,1772577192917040 ,JP,JP,,1/1/00 0:00,48.09,18.4209,27/7/23 12:29,2.16,Auction Ads,auction_all
20230807,1772573854157870 ,ES,ES,,1/1/00 0:00,143.23,13.1704,27/7/23 11:34,1.79,RIE,Ad Group Recall (Merged)
20230807,1772565659745290 ,GR,GR,,1/1/00 0:00,0.011,6.8444,27/7/23 10:20,2.11,Auction Ads,auction_relation
20230807,1772565659745290 ,GR,GR,,1/1/00 0:00,0.011,6.8444,27/7/23 10:20,2.11,Auction Ads,auction_relation
20230807,1772565659745290 ,GR,GR,,1/1/00 0:00,0.011,6.8444,27/7/23 10:20,2.11,Auction Ads,auction_relation
20230807,1772565659745290 ,GR,GR,,1/1/00 0:00,0.011,6.8444,27/7/23 10:20,2.11,Auction Ads,auction_relation
20230807,1772565659745290 ,GR,GR,,1/1/00 0:00,0.011,6.8444,27/7/23 10:20,2.11,Auction Ads,auction_relation
20230807,1772565659745290 ,GR,GR,,1/1/00 0:00,0.011,6.8444,27/7/23 10:20,2.11,Auction Ads,auction_relation
20230807,1772998274836490 ,JP,JP,,1/1/00 0:00,378.65,460.128,1/8/23 3:48,3.21,RIE,Ad Group Recall (Merged)
20230807,1772570441994240 ,NZ,Other,,1/1/00 0:00,13.14,8.5118,27/7/23 10:45,1.62,RIE,Ad Group Recall (Merged)
20230807,1772634642422800 ,PH,Other,,1/1/00 0:00,223.82,44.3694,28/7/23 3:46,1.62,RIE,Ad Group Recall (Merged)
20230807,1772669172928560 ,DE,DE,,1/1/00 0:00,275.9455,86.7813,28/7/23 13:56,1.6,RIE,Ad Group Recall (Merged)
20230807,1772586298672140 ,PL,PL,,1/1/00 0:00,17.1256,22.1187,27/7/23 15:59,1.64,Auction Ads,auction_relation
20230807,1772675837464610 ,BR,BR,,1/1/00 0:00,26.2942,88.306,28/7/23 15:02,1.7,RIE,Ad Group Recall (Merged)
20230807,1772688797714430 ,DE,DE,,1/1/00 0:00,110.609,101.3712,28/7/23 18:57,1.6,RIE,Ad Group Recall (Merged)
20230807,1772597265533960 ,US,US&CA,,1/1/00 0:00,38.42,26.4429,27/7/23 18:52,1.81,RIE,Ad Group Recall (Merged)
20230807,1772611675530270 ,CA,USCA,,1/1/00 0:00,26.9388,27.1936,27/7/23 22:38,1.78,Auction Ads,auction_relation
20230807,1772570621800480 ,TH,TH,,1/1/00 0:00,3.2397,1.4619,27/7/23 11:30,1.64,Auction Ads,auction_relation
20230807,1772583111515150 ,ID,ID,,1/1/00 0:00,75.11,10.7003,27/7/23 14:09,2.05,RIE,Ad Group Recall (Merged)
20230807,1772583097030670 ,ID,ID,,1/1/00 0:00,75.24,10.7003,27/7/23 14:09,2.05,RIE,Ad Group Recall (Merged)
20230807,1772591349576730 ,SA,MENA,,1/1/00 0:00,40.2426,19.6203,27/7/23 16:11,1.67,RIE,Ad Group Recall (Merged)
20230807,1772574863268890 ,NZ,NZ,,1/1/00 0:00,,0.9673,27/7/23 11:34,1.58,Auction Ads,auction_relation
20230807,1772574863268890 ,AU,AU,,1/1/00 0:00,,0.9673,27/7/23 11:34,1.84,Auction Ads,auction_relation
20230807,1772574586395660 ,TH,TH,,1/1/00 0:00,26.8737,3.2381,27/7/23 11:53,1.64,Auction Ads,auction_relation
20230807,1772574586395660 ,TH,TH,,1/1/00 0:00,26.8737,3.2381,27/7/23 11:53,1.64,Auction Ads,auction_relation
20230807,1772574702515250 ,AE,MENA,,1/1/00 0:00,7.15,1.5333,27/7/23 11:52,1.67,RIE,Ad Group Recall (Merged)
20230807,1772574702515250 ,SA,MENA,,1/1/00 0:00,7.15,1.5333,27/7/23 11:52,1.67,RIE,Ad Group Recall (Merged)
20230807,1772581356703790 ,TR,TR,,1/1/00 0:00,7.3999,3.8293,27/7/23 12:59,1.63,RIE,Ad Group Recall (Merged)
20230807,1772618331160590 ,NL,Other,,1/1/00 0:00,,25.5206,28/7/23 0:17,1.62,RIE,Ad Group Recall (Merged)
20230807,1772658417525790 ,ID,ID,,1/1/00 0:00,136.77,59.1464,28/7/23 10:02,2.05,RIE,Ad Group Recall (Merged)
20230807,1772649351864330 ,ID,ID,,1/1/00 0:00,93.87,39.5162,28/7/23 7:41,2.05,RIE,Ad Group Recall (Merged)
20230807,1772594988815370 ,US,US&CA,,1/1/00 0:00,30.38,18.3595,27/7/23 18:12,1.81,RIE,Ad Group Recall (Merged)
20230807,1772594060094460 ,KH,Other,,1/1/00 0:00,11.1246,1.0349,27/7/23 12:06,1.62,RIE,Ad Group Recall (Merged)
20230807,1772650591253500 ,US,US&CA,,1/1/00 0:00,96.99,38.5297,28/7/23 7:59,1.81,RIE,Ad Group Recall (Merged)
20230807,1772576850636800 ,TR,TR,,1/1/00 0:00,2.1123,1.7886,27/7/23 13:29,1.63,RIE,Ad Group Recall (Merged)
20230807,1772576867949610 ,TR,TR,,1/1/00 0:00,0.3825,1.7886,27/7/23 13:29,1.63,RIE,Ad Group Recall (Merged)
20230807,1772663296050170 ,GB,GB,,1/1/00 0:00,307.1578,67.144,28/7/23 12:21,1.76,Auction Ads,auction_relation
20230807,1772581677314060 ,AE,MENA,,1/1/00 0:00,25.81,0.7742,27/7/23 13:46,1.67,RIE,Ad Group Recall (Merged)
20230807,1772612782938130 ,US,USCA,,1/1/00 0:00,21.04,18.0907,27/7/23 21:52,1.78,Auction Ads,auction_relation
20230807,1772586061356080 ,VN,VN,,1/1/00 0:00,10.6739,3.6337,27/7/23 14:39,2.14,Auction Ads,auction_relation
20230807,1772587177637900 ,TH,TH,,1/1/00 0:00,5.7284,3.6858,27/7/23 15:11,1.87,RIE,Ad Group Recall (Merged)
20230807,1772659204088830 ,PL,PL,,1/1/00 0:00,362.1909,58.1592,28/7/23 11:15,1.84,RIE,Ad Group Recall (Merged)
20230807,1772587133857820 ,MY,MY,,1/1/00 0:00,0.9178,0.5573,27/7/23 14:15,2.31,Auction Ads,auction_relation
20230807,1772629385268270 ,PE,Other,,1/1/00 0:00,3.9,19.0847,28/7/23 2:25,1.62,RIE,Ad Group Recall (Merged)
20230807,1772588410547200 ,GB,GB,,1/1/00 0:00,39.07,2.965,27/7/23 15:34,1.72,RIE,Ad Group Recall (Merged)
20230807,1772627909100590 ,TH,TH,,1/1/00 0:00,94,17.4526,28/7/23 2:01,1.87,RIE,Ad Group Recall (Merged)
20230807,1771949922355210 ,BE,Other,,1/1/00 0:00,41.7284,32.1133,28/7/23 8:00,1.62,RIE,Ad Group Recall (Merged)
20230807,1772668159828990 ,CZ,Other,,1/1/00 0:00,6.5073,64.29,28/7/23 12:35,1.62,RIE,Ad Group Recall (Merged)
20230807,1772696114134030 ,GB,GB,,1/1/00 0:00,1035.2449,86.0627,28/7/23 20:01,1.72,RIE,Ad Group Recall (Merged)
20230807,1772696114134030 ,GB,GB,,1/1/00 0:00,1035.2449,86.0627,28/7/23 20:01,1.72,RIE,Ad Group Recall (Merged)
20230807,1772612988881920 ,US,US&CA,,1/1/00 0:00,38.9472,12.9478,27/7/23 23:00,1.81,RIE,Ad Group Recall (Merged)
20230807,1772612988881920 ,CA,US&CA,,1/1/00 0:00,38.9472,12.9478,27/7/23 23:00,1.81,RIE,Ad Group Recall (Merged)
20230807,1772650341941280 ,IQ,Other,,1/1/00 0:00,148.67,41.885,28/7/23 8:56,1.62,RIE,Ad Group Recall (Merged)
20230807,1772658204487720 ,US,US&CA,,1/1/00 0:00,577.4093,49.6499,28/7/23 11:02,1.81,RIE,Ad Group Recall (Merged)
20230807,1772630739466290 ,AU,AU,,1/1/00 0:00,26.9807,16.2892,28/7/23 2:45,1.84,RIE,Ad Group Recall (Merged)
20230807,1772639646885900 ,JP,JP,,1/1/00 0:00,464.2147,22.0608,28/7/23 5:08,3.21,RIE,Ad Group Recall (Merged)
20230807,1772574266540080 ,NL,Other,,1/1/00 0:00,0,11.4211,27/7/23 23:01,1.62,RIE,Ad Group Recall (Merged)
20230807,1772643223744510 ,TH,TH,,1/1/00 0:00,115.3811,22.4446,28/7/23 5:59,1.87,RIE,Ad Group Recall (Merged)
20230807,1772595497420830 ,BR,BR,,1/1/00 0:00,4.1654,2.9583,27/7/23 17:24,1.7,RIE,Ad Group Recall (Merged)
20230807,1772648162232320 ,VN,VN,,1/1/00 0:00,73.8455,24.3295,28/7/23 7:20,2.13,RIE,Ad Group Recall (Merged)
20230807,1772603398121490 ,BR,BR,,1/1/00 0:00,11.6311,6.1268,27/7/23 19:31,1.7,RIE,Ad Group Recall (Merged)
20230807,1772635399929890 ,MY,MY,,1/1/00 0:00,4.16,18.2029,28/7/23 4:00,2.3,RIE,Ad Group Recall (Merged)
20230807,1772604692562940 ,SA,MENA,,1/1/00 0:00,0,5.9245,27/7/23 19:43,1.67,RIE,Ad Group Recall (Merged)
20230807,1772654807813160 ,IT,IT,,1/1/00 0:00,135.1399,43.0306,28/7/23 10:07,1.79,RIE,Ad Group Recall (Merged)
20230807,1772631688864810 ,SA,MENA,,1/1/00 0:00,50.58,12.043,28/7/23 2:57,1.67,RIE,Ad Group Recall (Merged)
20230807,1772613031051280 ,GB,GB,,1/1/00 0:00,1.54,0.6629,27/7/23 18:05,1.76,Auction Ads,auction_relation
20230807,1772637838223400 ,PH,Other,,1/1/00 0:00,30.09,17.2083,28/7/23 5:39,1.62,RIE,Ad Group Recall (Merged)
20230807,1772673919045660 ,US,US&CA,,1/1/00 0:00,124.61,120.9556,29/7/23 21:08,1.81,RIE,Ad Group Recall (Merged)
20230807,1772922476194860 ,US,USCA,,1/1/00 0:00,99.12,220.2026,31/7/23 8:58,1.78,Auction Ads,auction_relation
20230807,1772638502174720 ,ID,ID,,1/1/00 0:00,13.4771,12.9502,28/7/23 4:48,1.8,Auction Ads,auction_relation
20230807,1772633756036110 ,VN,VN,,1/1/00 0:00,14.998,9.03,28/7/23 3:33,2.13,RIE,Ad Group Recall (Merged)
20230807,1772683604612110 ,CA,USCA,,1/1/00 0:00,72.09,69.1822,28/7/23 17:38,1.78,Auction Ads,auction_relation
20230807,1772618264590350 ,KW,Other,,1/1/00 0:00,20.15,7.0379,28/7/23 3:00,1.62,RIE,Ad Group Recall (Merged)
20230807,1772626641689680 ,PL,PL,,1/1/00 0:00,45.21,3.2095,28/7/23 1:38,1.84,RIE,Ad Group Recall (Merged)
20230807,1772627238456360 ,SA,MENA,,1/1/00 0:00,2.97,2.4896,28/7/23 1:47,1.67,RIE,Ad Group Recall (Merged)
20230807,1772646765551610 ,US,US&CA,,1/1/00 0:00,0,16.4857,28/7/23 8:00,1.81,RIE,Ad Group Recall (Merged)
20230807,1772631138000890 ,CO,CO,,1/1/00 0:00,3.4724,2.9608,28/7/23 2:22,1.93,Auction Ads,auction_all
20230807,1772658259271730 ,US,US&CA,,1/1/00 0:00,0,37.5505,28/7/23 11:05,1.81,RIE,Ad Group Recall (Merged)
20230807,1772634438132750 ,ID,ID,,1/1/00 0:00,13.4141,5.0133,28/7/23 3:39,1.8,Auction Ads,auction_relation
20230807,1772633223064620 ,GR,Other,,1/1/00 0:00,10.3,3.2759,28/7/23 3:25,1.62,RIE,Ad Group Recall (Merged)
20230807,1772663517376520 ,GR,Other,,1/1/00 0:00,33.4477,33.2204,28/7/23 10:37,1.62,RIE,Ad Group Recall (Merged)
20230807,1772647697607690 ,CA,US&CA,,1/1/00 0:00,21.02,11.1607,28/7/23 7:04,1.81,RIE,Ad Group Recall (Merged)
20230807,1772644218963970 ,VN,VN,,1/1/00 0:00,8.6281,8.5455,28/7/23 5:59,2.13,RIE,Ad Group Recall (Merged)
20230807,1772637410465800 ,US,USCA,,1/1/00 0:00,,4.4675,28/7/23 4:30,1.78,Auction Ads,auction_relation
20230807,1772683840626680 ,DE,DE,,1/1/00 0:00,166.018,61.5641,28/7/23 17:50,1.6,RIE,Ad Group Recall (Merged)
20230807,1772992096037930 ,TR,TR,,1/1/00 0:00,8402.79,395.4117,1/8/23 2:29,1.63,RIE,Ad Group Recall (Merged)
20230807,1772992096037930 ,NO,Other,,1/1/00 0:00,8402.79,395.4117,1/8/23 2:29,1.62,RIE,Ad Group Recall (Merged)
20230807,1772992096037930 ,RO,Other,,1/1/00 0:00,8402.79,395.4117,1/8/23 2:29,1.62,RIE,Ad Group Recall (Merged)
20230807,1772992096037930 ,DK,Other,,1/1/00 0:00,8402.79,395.4117,1/8/23 2:29,1.62,RIE,Ad Group Recall (Merged)
20230807,1772992096037930 ,PL,PL,,1/1/00 0:00,8402.79,395.4117,1/8/23 2:29,1.84,RIE,Ad Group Recall (Merged)
20230807,1772992096037930 ,ES,ES,,1/1/00 0:00,8402.79,395.4117,1/8/23 2:29,1.79,RIE,Ad Group Recall (Merged)
20230807,1772654145992700 ,AU,AU,,1/1/00 0:00,79.28,22.3589,28/7/23 8:58,1.84,RIE,Ad Group Recall (Merged)
20230807,1772674447591450 ,CH,CH,,1/1/00 0:00,491.03,50.4573,28/7/23 15:18,0.93,Auction Ads,auction_relation
20230807,1772647542722610 ,ZA,Other,,1/1/00 0:00,3.57,9.5269,28/7/23 8:06,1.62,RIE,Ad Group Recall (Merged)
20230807,1772662185391100 ,DK,Other,,1/1/00 0:00,29.5,33.5699,28/7/23 12:03,1.62,RIE,Ad Group Recall (Merged)
20230807,1772645862868010 ,PH,Other,,1/1/00 0:00,23.1046,3.3168,28/7/23 6:34,1.62,RIE,Ad Group Recall (Merged)
20230807,1772648397322250 ,JP,JP,,1/1/00 0:00,143.59,4.3554,28/7/23 7:27,3.21,RIE,Ad Group Recall (Merged)
20230807,1772682544707580 ,CL,CL,,1/1/00 0:00,79.38,53.1742,28/7/23 16:18,1.85,Auction Ads,auction_all
20230807,1772678622776320 ,KZ,Other,,1/1/00 0:00,8.9674,4.4816,28/7/23 8:00,1.62,RIE,Ad Group Recall (Merged)
20230807,1772654544495610 ,TW,TW,,1/1/00 0:00,50.19,17.4526,28/7/23 9:03,2.59,RIE,Ad Group Recall (Merged)
20230807,1772657236911150 ,ID,ID,,1/1/00 0:00,49.74,19.8264,28/7/23 9:44,2.05,RIE,Ad Group Recall (Merged)
20230807,1772657233834030 ,AT,Other,,1/1/00 0:00,16.1335,17.7956,28/7/23 10:22,1.62,RIE,Ad Group Recall (Merged)
20230807,1772701426632730 ,US,USCA,,1/1/00 0:00,10.5,56.05,28/7/23 21:18,1.78,Auction Ads,auction_relation
20230807,1772675556187170 ,GB,GB,,1/1/00 0:00,37.8277,39.9323,28/7/23 15:24,1.72,RIE,Ad Group Recall (Merged)
20230807,1772654510576640 ,KR,KR,,1/1/00 0:00,16.3899,7.7559,28/7/23 8:54,2.18,RIE,Ad Group Recall (Merged)
20230807,1772683608195080 ,US,US&CA,,1/1/00 0:00,70.02,45.125,28/7/23 18:04,1.81,RIE,Ad Group Recall (Merged)
20230807,1772943627233290 ,GB,GB,,1/1/00 0:00,,265.7619,31/7/23 14:38,1.76,Auction Ads,auction_relation
20230807,1772661195102200 ,ID,ID,,1/1/00 0:00,52.62,12.0655,28/7/23 10:50,2.05,RIE,Ad Group Recall (Merged)
20230807,1772667081920560 ,IT,IT,,1/1/00 0:00,20.29,18.5836,28/7/23 12:18,1.79,RIE,Ad Group Recall (Merged)
20230807,1772652324335660 ,AE,MENA,,1/1/00 0:00,9.928,1.3803,28/7/23 8:23,1.78,Auction Ads,auction_relation
20230807,1772662986490930 ,ID,ID,,1/1/00 0:00,97.65,12.0655,28/7/23 11:15,2.05,RIE,Ad Group Recall (Merged)
20230807,1770707456233560 ,BR,BR,,1/1/00 0:00,1103.0746,384.1052,1/8/23 3:01,1.99,Auction Ads,auction_all
20230807,1770707662082080 ,BR,BR,,1/1/00 0:00,1114.8708,384.1052,1/8/23 3:01,1.99,Auction Ads,auction_all
20230807,1772662836322330 ,BR,BR,,1/1/00 0:00,28.81,14.7413,28/7/23 12:16,1.7,RIE,Ad Group Recall (Merged)
20230807,1772667506652160 ,TW,TW,,1/1/00 0:00,17.18,18.5836,28/7/23 12:26,2.59,RIE,Ad Group Recall (Merged)
20230807,1772667513913360 ,AU,AU,,1/1/00 0:00,19.99,18.5836,28/7/23 12:26,1.84,RIE,Ad Group Recall (Merged)
20230807,1772667506652160 ,GB,GB,,1/1/00 0:00,17.18,18.5836,28/7/23 12:26,1.72,RIE,Ad Group Recall (Merged)
20230807,1772667506652160 ,AU,AU,,1/1/00 0:00,17.18,18.5836,28/7/23 12:26,1.84,RIE,Ad Group Recall (Merged)
20230807,1772667506652160 ,CA,US&CA,,1/1/00 0:00,17.18,18.5836,28/7/23 12:26,1.81,RIE,Ad Group Recall (Merged)
20230807,1772667506652160 ,FR,FR,,1/1/00 0:00,17.18,18.5836,28/7/23 12:26,1.76,RIE,Ad Group Recall (Merged)
20230807,1772667506652160 ,JP,JP,,1/1/00 0:00,17.18,18.5836,28/7/23 12:26,3.21,RIE,Ad Group Recall (Merged)
20230807,1772667506652160 ,US,US&CA,,1/1/00 0:00,17.18,18.5836,28/7/23 12:26,1.81,RIE,Ad Group Recall (Merged)
20230807,1772667506652160 ,ES,ES,,1/1/00 0:00,17.18,18.5836,28/7/23 12:26,1.79,RIE,Ad Group Recall (Merged)
20230807,1772663631773710 ,US,US&CA,,1/1/00 0:00,0,10.1081,28/7/23 11:26,1.81,RIE,Ad Group Recall (Merged)
20230807,1772659910600720 ,ID,ID,,1/1/00 0:00,13.015,3.1135,28/7/23 9:49,1.8,Auction Ads,auction_relation
20230807,1772639068330010 ,US,US&CA,,1/1/00 0:00,2.01,7.6185,28/7/23 12:00,1.81,RIE,Ad Group Recall (Merged)
20230807,1773063144686620 ,US,US&CA,,1/1/00 0:00,1468.47,595.9308,1/8/23 22:05,1.81,RIE,Ad Group Recall (Merged)
20230807,1772660002690080 ,SE,Other,,1/1/00 0:00,54.2742,2.4432,28/7/23 11:05,1.62,RIE,Ad Group Recall (Merged)
20230807,1772660002690080 ,BE,Other,,1/1/00 0:00,54.2742,2.4432,28/7/23 11:05,1.62,RIE,Ad Group Recall (Merged)
20230807,1772668271231020 ,EG,MENA,,1/1/00 0:00,15.6472,14.592,28/7/23 12:41,1.67,RIE,Ad Group Recall (Merged)
20230807,1772669949402110 ,ID,ID,,1/1/00 0:00,131.14,15.7625,28/7/23 13:11,2.05,RIE,Ad Group Recall (Merged)
20230807,1772675848813560 ,FR,FR,,1/1/00 0:00,,21.1634,28/7/23 15:38,1.97,Auction Ads,auction_relation
20230807,1772733510537210 ,US,US&CA,,1/1/00 0:00,79.79,52.9193,29/7/23 5:57,1.81,RIE,Ad Group Recall (Merged)
20230807,1772733510537210 ,CA,US&CA,,1/1/00 0:00,79.79,52.9193,29/7/23 5:57,1.81,RIE,Ad Group Recall (Merged)
20230807,1772733510537210 ,CA,US&CA,,1/1/00 0:00,79.79,52.9193,29/7/23 5:57,1.81,RIE,Ad Group Recall (Merged)
20230807,1772931143299120 ,NL,Other,,1/1/00 0:00,406.09,212.1405,31/7/23 10:12,1.62,RIE,Ad Group Recall (Merged)
20230807,1772700461836320 ,US,US&CA,,1/1/00 0:00,27.96,41.9113,28/7/23 22:10,1.81,RIE,Ad Group Recall (Merged)
20230807,1772665948372010 ,ID,ID,,1/1/00 0:00,235.31,2.2756,28/7/23 12:01,2.05,RIE,Ad Group Recall (Merged)
20230807,1772665636406300 ,ID,ID,,1/1/00 0:00,43.69,2.2756,28/7/23 12:01,2.05,RIE,Ad Group Recall (Merged)
20230807,1772665588199420 ,ID,ID,,1/1/00 0:00,86.1,2.2756,28/7/23 12:01,2.05,RIE,Ad Group Recall (Merged)
20230807,1772671913193480 ,TR,TR,,1/1/00 0:00,27.8287,10.8682,28/7/23 13:39,1.63,RIE,Ad Group Recall (Merged)
20230807,1772676157404200 ,ID,ID,,1/1/00 0:00,298.88,13.4257,28/7/23 14:47,2.05,RIE,Ad Group Recall (Merged)
20230807,1772666066871360 ,ID,ID,,1/1/00 0:00,162.45,0.564,28/7/23 12:06,2.05,RIE,Ad Group Recall (Merged)
20230807,1772666066871360 ,VN,VN,,1/1/00 0:00,162.45,0.564,28/7/23 12:06,2.13,RIE,Ad Group Recall (Merged)
20230807,1772812113487900 ,CA,US&CA,,1/1/00 0:00,124.1685,77.8297,30/7/23 2:50,1.81,RIE,Ad Group Recall (Merged)
20230807,1772674584440880 ,TH,TH,,1/1/00 0:00,235.0957,10.4418,28/7/23 14:21,1.64,Auction Ads,auction_relation
20230807,1772968047733770 ,US,US&CA,,1/1/00 0:00,489.29,302.2264,31/7/23 21:07,1.81,RIE,Ad Group Recall (Merged)
20230807,1772677948935210 ,CO,Other,,1/1/00 0:00,151.07,17.5295,28/7/23 16:08,1.62,RIE,Ad Group Recall (Merged)
20230807,1772677948935210 ,AR,Other,,1/1/00 0:00,151.07,17.5295,28/7/23 16:08,1.62,RIE,Ad Group Recall (Merged)
20230807,1772764891852830 ,GB,GB,,1/1/00 0:00,50.5,62.3429,29/7/23 15:13,1.76,Auction Ads,auction_relation
20230807,1772671317237770 ,SA,MENA,,1/1/00 0:00,18.35,3.0295,28/7/23 13:29,1.67,RIE,Ad Group Recall (Merged)
20230807,1772918025650220 ,ID,ID,,1/1/00 0:00,192.64,142.1983,31/7/23 6:38,2.05,RIE,Ad Group Recall (Merged)
20230807,1772686095202300 ,GB,GB,,1/1/00 0:00,133.78,18.1189,28/7/23 19:00,1.72,RIE,Ad Group Recall (Merged)
20230807,1772686485747760 ,GB,GB,,1/1/00 0:00,,0.6629,28/7/23 13:33,1.76,Auction Ads,auction_relation
20230807,1772651193018410 ,DK,Other,,1/1/00 0:00,0,7.9118,28/7/23 16:00,1.62,RIE,Ad Group Recall (Merged)
20230807,1772651193018410 ,NO,Other,,1/1/00 0:00,0,7.9118,28/7/23 16:00,1.62,RIE,Ad Group Recall (Merged)
20230807,1772677652215850 ,PH,Other,,1/1/00 0:00,101.15,2.8941,28/7/23 15:10,1.62,RIE,Ad Group Recall (Merged)
20230807,1772677756640280 ,ID,ID,,1/1/00 0:00,92.6,2.8941,28/7/23 15:13,2.05,RIE,Ad Group Recall (Merged)
20230807,1772677219655690 ,TH,TH,,1/1/00 0:00,24.34,5.3356,28/7/23 16:05,1.87,RIE,Ad Group Recall (Merged)
20230807,1772918436217870 ,ID,ID,,1/1/00 0:00,190.32,142.1983,31/7/23 6:54,2.05,RIE,Ad Group Recall (Merged)
20230807,1772689284084840 ,GB,GB,,1/1/00 0:00,43.45,13.8888,28/7/23 19:14,1.76,Auction Ads,auction_relation
20230807,1772676059280400 ,TH,TH,,1/1/00 0:00,13.67,6.2558,28/7/23 16:16,1.87,RIE,Ad Group Recall (Merged)
20230807,1772707309656090 ,US,US&CA,,1/1/00 0:00,29.18,25.6129,28/7/23 22:59,1.81,RIE,Ad Group Recall (Merged)
20230807,1772682611958800 ,CA,US&CA,,1/1/00 0:00,279.85,8.3346,28/7/23 17:31,1.81,RIE,Ad Group Recall (Merged)
20230807,1772845317816360 ,US,US&CA,,1/1/00 0:00,0,85.6079,30/7/23 11:38,1.81,RIE,Ad Group Recall (Merged)
20230807,1772684237624330 ,BR,BR,,1/1/00 0:00,15.5167,4.5408,28/7/23 16:17,1.7,RIE,Ad Group Recall (Merged)
20230807,1772692852803580 ,BR,BR,,1/1/00 0:00,27.0884,9.0342,28/7/23 18:43,1.7,RIE,Ad Group Recall (Merged)
20230807,1772692852803580 ,BR,BR,,1/1/00 0:00,27.0884,9.0342,28/7/23 18:43,1.7,RIE,Ad Group Recall (Merged)
20230807,1772681237970990 ,BR,BR,,1/1/00 0:00,0,0.8577,28/7/23 16:08,1.7,RIE,Ad Group Recall (Merged)
20230807,1772685610713090 ,BR,BR,,1/1/00 0:00,5.9785,3.3587,28/7/23 17:18,1.99,Auction Ads,auction_all
20230807,1772685981012010 ,BR,BR,,1/1/00 0:00,42.9807,3.3587,28/7/23 17:24,1.99,Auction Ads,auction_all
20230807,1772689686329370 ,SA,MENA,,1/1/00 0:00,5.459,5.0023,28/7/23 18:13,1.67,RIE,Ad Group Recall (Merged)
20230807,1772701016506400 ,IT,IT,,1/1/00 0:00,66.0026,19.0328,28/7/23 22:20,1.79,RIE,Ad Group Recall (Merged)
20230807,1772703863297050 ,ES,ES,,1/1/00 0:00,11.55,17.1732,28/7/23 23:30,1.79,RIE,Ad Group Recall (Merged)
20230807,1772992792729640 ,ID,ID,,1/1/00 0:00,808.48,350.6104,1/8/23 3:34,2.05,RIE,Ad Group Recall (Merged)
20230807,1772797449100330 ,ZA,Other,,1/1/00 0:00,30.36,51.4025,29/7/23 23:48,1.62,RIE,Ad Group Recall (Merged)
20230807,1772685191838720 ,EG,MENA,,1/1/00 0:00,39.0869,13.0135,28/7/23 22:00,1.67,RIE,Ad Group Recall (Merged)
20230807,1772557714008110 ,FI,Other,,1/1/00 0:00,376.1993,133.0893,31/7/23 7:00,1.62,RIE,Ad Group Recall (Merged)
20230807,1772699916006440 ,BR,BR,,1/1/00 0:00,4.419,2.3328,28/7/23 19:18,1.7,RIE,Ad Group Recall (Merged)
20230807,1772678734459920 ,AE,MENA,,1/1/00 0:00,8.26,20.5787,29/7/23 5:00,1.67,RIE,Ad Group Recall (Merged)
20230807,1772863782952970 ,IL,IL,,1/1/00 0:00,135.8,87.23,30/7/23 17:29,1.22,RIE,Ad Group Recall (Merged)
20230807,1772684002068520 ,AE,MENA,,1/1/00 0:00,31.68,20.5787,29/7/23 5:00,1.67,RIE,Ad Group Recall (Merged)
20230807,1772674269612060 ,MY,MY,,1/1/00 0:00,0,3.4133,28/7/23 21:00,2.3,RIE,Ad Group Recall (Merged)
20230807,1772706083483640 ,SA,MENA,,1/1/00 0:00,1.44,9.5269,28/7/23 21:45,1.78,Auction Ads,auction_relation
20230807,1772706083483640 ,SA,MENA,,1/1/00 0:00,1.44,9.5269,28/7/23 21:45,1.78,Auction Ads,auction_relation
20230807,1772706083483640 ,SA,MENA,,1/1/00 0:00,1.44,9.5269,28/7/23 21:45,1.78,Auction Ads,auction_relation
20230807,1772706083483640 ,SA,MENA,,1/1/00 0:00,1.44,9.5269,28/7/23 21:45,1.78,Auction Ads,auction_relation
20230807,1772706083483640 ,SA,MENA,,1/1/00 0:00,1.44,9.5269,28/7/23 21:45,1.78,Auction Ads,auction_relation
20230807,1772706083483640 ,KR,KR,,1/1/00 0:00,1.44,9.5269,28/7/23 21:45,2.37,Auction Ads,auction_relation
20230807,1772706083483640 ,SA,MENA,,1/1/00 0:00,1.44,9.5269,28/7/23 21:45,1.78,Auction Ads,auction_relation
20230807,1772706083483640 ,SA,MENA,,1/1/00 0:00,1.44,9.5269,28/7/23 21:45,1.78,Auction Ads,auction_relation
20230807,1772706083483640 ,SA,MENA,,1/1/00 0:00,1.44,9.5269,28/7/23 21:45,1.78,Auction Ads,auction_relation
20230807,1772706083483640 ,ZA,Other,,1/1/00 0:00,1.44,9.5269,28/7/23 21:45,1.62,RIE,Ad Group Recall (Merged)
20230807,1772706083483640 ,SA,MENA,,1/1/00 0:00,1.44,9.5269,28/7/23 21:45,1.78,Auction Ads,auction_relation
20230807,1772706083483640 ,KW,Others,,1/1/00 0:00,1.44,9.5269,28/7/23 21:45,1.56,Auction Ads,auction_all
20230807,1772706083483640 ,SG,SG,,1/1/00 0:00,1.44,9.5269,28/7/23 21:45,1.94,Auction Ads,auction_relation
20230807,1772706083483640 ,SA,MENA,,1/1/00 0:00,1.44,9.5269,28/7/23 21:45,1.78,Auction Ads,auction_relation
20230807,1772706083483640 ,SA,MENA,,1/1/00 0:00,1.44,9.5269,28/7/23 21:45,1.78,Auction Ads,auction_relation
20230807,1772706083483640 ,SA,MENA,,1/1/00 0:00,1.44,9.5269,28/7/23 21:45,1.78,Auction Ads,auction_relation
20230807,1772704123094060 ,BR,BR,,1/1/00 0:00,13.0215,10.5717,28/7/23 22:11,1.99,Auction Ads,auction_all
20230807,1772699856963630 ,PK,Other,,1/1/00 0:00,1.95,0.3377,28/7/23 20:56,1.62,RIE,Ad Group Recall (Merged)
20230807,1773101257066540 ,TH,TH,,1/1/00 0:00,1757.0566,807.8407,2/8/23 17:00,0.97,Non-Auction Ads,R&F
20230807,1772902004836400 ,GB,GB,,1/1/00 0:00,501.51,94.395,31/7/23 2:35,1.76,Auction Ads,auction_relation
20230807,1772902004836400 ,AU,AU,,1/1/00 0:00,501.51,94.395,31/7/23 2:35,1.84,Auction Ads,auction_relation
20230807,1772902004836400 ,NZ,NZ,,1/1/00 0:00,501.51,94.395,31/7/23 2:35,1.58,Auction Ads,auction_relation
20230807,1772761564670970 ,ES,ES,,1/1/00 0:00,16.6036,32.9337,29/7/23 14:21,1.79,RIE,Ad Group Recall (Merged)
20230807,1772710060018730 ,ES,ES,,1/1/00 0:00,54.9837,11.6821,29/7/23 5:00,1.79,RIE,Ad Group Recall (Merged)
20230807,1772744249869360 ,IT,IT,,1/1/00 0:00,70.25,21.7805,29/7/23 8:50,1.79,RIE,Ad Group Recall (Merged)
20230807,1772714875082750 ,US,US&CA,,1/1/00 0:00,29.86,18.0424,29/7/23 7:31,1.81,RIE,Ad Group Recall (Merged)
20230807,1772707360013320 ,SA,MENA,,1/1/00 0:00,35.2,3.6642,29/7/23 0:04,1.67,RIE,Ad Group Recall (Merged)
20230807,1772835789122570 ,KW,Other,,1/1/00 0:00,151.51,49.6178,30/7/23 8:58,1.62,RIE,Ad Group Recall (Merged)
20230807,1772726729900080 ,ID,ID,,1/1/00 0:00,13.7017,5.7408,29/7/23 3:31,1.8,Auction Ads,auction_relation
20230807,1772712904215560 ,ID,ID,,1/1/00 0:00,0,2.5265,29/7/23 0:29,1.8,Auction Ads,auction_relation
20230807,1772713207893020 ,ID,ID,,1/1/00 0:00,0,2.5265,29/7/23 0:36,1.8,Auction Ads,auction_relation
20230807,1772719654022160 ,KH,Other,,1/1/00 0:00,7.4237,4.1496,29/7/23 2:18,1.62,RIE,Ad Group Recall (Merged)
20230807,1772740854940720 ,BR,BR,,1/1/00 0:00,30.42,14.5986,29/7/23 8:00,1.7,RIE,Ad Group Recall (Merged)
20230807,1772719471470620 ,SA,MENA,,1/1/00 0:00,19.23,3.4793,29/7/23 2:16,1.67,RIE,Ad Group Recall (Merged)
20230807,1772745539793930 ,IT,IT,,1/1/00 0:00,22.3649,18.6174,29/7/23 10:09,1.79,RIE,Ad Group Recall (Merged)
20230807,1772713294641150 ,ID,ID,,1/1/00 0:00,0,2.5265,29/7/23 0:37,1.8,Auction Ads,auction_relation
20230807,1771413094632480 ,CA,US&CA,,1/1/00 0:00,185.3244,37.4813,30/7/23 4:00,1.81,RIE,Ad Group Recall (Merged)
20230807,1772740614616090 ,VN,VN,,1/1/00 0:00,8.3818,12.0217,29/7/23 7:51,2.14,Auction Ads,auction_relation
20230807,1772729633154060 ,BR,BR,,1/1/00 0:00,0,5.7286,29/7/23 6:00,1.7,RIE,Ad Group Recall (Merged)
20230807,1772746320429100 ,SA,MENA,,1/1/00 0:00,0,13.4721,29/7/23 9:14,1.78,Auction Ads,auction_relation
20230807,1772753529848860 ,IT,IT,,1/1/00 0:00,10.65,9.0406,29/7/23 7:28,1.79,RIE,Ad Group Recall (Merged)
20230807,1772728494819370 ,ID,ID,,1/1/00 0:00,0.5969,0.6082,29/7/23 4:32,1.8,Auction Ads,auction_relation
20230807,1772753715778560 ,ID,ID,,1/1/00 0:00,30.02,19.1514,29/7/23 12:15,2.05,RIE,Ad Group Recall (Merged)
20230807,1772744026694690 ,GB,GB,,1/1/00 0:00,0,0.6629,29/7/23 4:47,1.76,Auction Ads,auction_relation
20230807,1772609529020410 ,PK,Other,,1/1/00 0:00,17.17,1.8303,29/7/23 5:06,1.62,RIE,Ad Group Recall (Merged)
20230807,1772760374390830 ,ID,ID,,1/1/00 0:00,377.58,17.5371,29/7/23 12:57,2.05,RIE,Ad Group Recall (Merged)
20230807,1772771608836130 ,SA,MENA,,1/1/00 0:00,14.4713,20.975,29/7/23 16:05,1.67,RIE,Ad Group Recall (Merged)
20230807,1772735181785120 ,ID,ID,,1/1/00 0:00,8.0677,1.647,29/7/23 6:25,1.8,Auction Ads,auction_relation
20230807,1772699392495630 ,BR,BR,,1/1/00 0:00,19.1829,5.2827,29/7/23 7:52,1.99,Auction Ads,auction_all
20230807,1772737495745580 ,GR,Other,,1/1/00 0:00,6.42,2.9975,29/7/23 7:03,1.62,RIE,Ad Group Recall (Merged)
20230807,1772747622888460 ,AE,MENA,,1/1/00 0:00,70.54,9.4104,29/7/23 10:42,1.67,RIE,Ad Group Recall (Merged)
20230807,1772746397243400 ,MY,MY,,1/1/00 0:00,19.93,7.1015,29/7/23 9:22,2.3,RIE,Ad Group Recall (Merged)
20230807,1772765371138090 ,US,US&CA,,1/1/00 0:00,35.23,15.8412,29/7/23 15:25,1.81,RIE,Ad Group Recall (Merged)
20230807,1772752829638670 ,MA,Other,,1/1/00 0:00,34.6936,9.6233,29/7/23 11:01,1.62,RIE,Ad Group Recall (Merged)
20230807,1772746559876110 ,FI,Other,,1/1/00 0:00,75.16,7.4853,29/7/23 9:24,1.62,RIE,Ad Group Recall (Merged)
20230807,1772746559876110 ,GR,Other,,1/1/00 0:00,75.16,7.4853,29/7/23 9:24,1.62,RIE,Ad Group Recall (Merged)
20230807,1772738375957500 ,KW,Other,,1/1/00 0:00,6.44,1.4424,29/7/23 7:10,1.62,RIE,Ad Group Recall (Merged)
20230807,1772748887899180 ,AE,MENA,,1/1/00 0:00,51.39,9.4104,29/7/23 11:03,1.67,RIE,Ad Group Recall (Merged)
20230807,1772751406031870 ,SA,MENA,,1/1/00 0:00,20.53,6.9767,29/7/23 10:42,1.67,RIE,Ad Group Recall (Merged)
20230807,1772757394286610 ,MX,Other,,1/1/00 0:00,24.74,10.7512,29/7/23 12:18,1.62,RIE,Ad Group Recall (Merged)
20230807,1772742899170330 ,PL,PL,,1/1/00 0:00,0.22,1.8125,29/7/23 8:29,1.84,RIE,Ad Group Recall (Merged)
20230807,1772907762936830 ,US,USCA,,1/1/00 0:00,105.89,79.0848,31/7/23 3:54,1.78,Auction Ads,auction_relation
20230807,1772770070701100 ,US,US&CA,,1/1/00 0:00,256.67,13.6898,29/7/23 16:41,1.81,RIE,Ad Group Recall (Merged)
20230807,1772753681205290 ,BR,BR,,1/1/00 0:00,5.9596,5.6654,29/7/23 11:17,1.7,RIE,Ad Group Recall (Merged)
20230807,1772755083602990 ,PK,Other,,1/1/00 0:00,8.9523,5.0032,29/7/23 11:20,1.62,RIE,Ad Group Recall (Merged)
20230807,1772703816328190 ,CO,Other,,1/1/00 0:00,7.87,4.2225,29/7/23 12:00,1.62,RIE,Ad Group Recall (Merged)
20230807,1772753203836920 ,SA,MENA,,1/1/00 0:00,7.25,4.1575,29/7/23 12:09,1.67,RIE,Ad Group Recall (Merged)
20230807,1772753408293930 ,QA,Other,,1/1/00 0:00,18.86,4.1575,29/7/23 12:13,1.62,RIE,Ad Group Recall (Merged)
20230807,1772752777610240 ,AE,MENA,,1/1/00 0:00,0.23,1.0956,29/7/23 11:06,1.67,RIE,Ad Group Recall (Merged)
20230807,1772778370292780 ,SA,MENA,,1/1/00 0:00,9.59,9.5597,29/7/23 17:52,1.67,RIE,Ad Group Recall (Merged)
20230807,1772768014130210 ,TW,TW,,1/1/00 0:00,3.67,4.0966,29/7/23 15:08,2.59,RIE,Ad Group Recall (Merged)
20230807,1772787186813010 ,NL,Other,,1/1/00 0:00,0,11.4211,29/7/23 23:01,1.62,RIE,Ad Group Recall (Merged)
20230807,1772917934509100 ,JP,JP,,1/1/00 0:00,,91.9925,31/7/23 6:46,2.16,Auction Ads,auction_all
20230807,1772772127709200 ,KH,Other,,1/1/00 0:00,12.57,7.2583,29/7/23 17:00,1.62,RIE,Ad Group Recall (Merged)
20230807,1772794449410090 ,DE,DE,,1/1/00 0:00,166.0656,12.1257,29/7/23 23:06,1.01,Auction Ads,auction_relation
20230807,1772794449410090 ,AT,AT,,1/1/00 0:00,166.0656,12.1257,29/7/23 23:06,0.89,Auction Ads,auction_relation
20230807,1772794449410090 ,CH,CH,,1/1/00 0:00,166.0656,12.1257,29/7/23 23:06,0.93,Auction Ads,auction_relation
20230807,1772771395159040 ,VN,VN,,1/1/00 0:00,12.1,3.2578,29/7/23 16:03,2.13,RIE,Ad Group Recall (Merged)
20230807,1772834696845310 ,ES,ES,,1/1/00 0:00,71.08,21.7805,30/7/23 8:48,1.79,RIE,Ad Group Recall (Merged)
20230807,1772770522087520 ,ID,ID,,1/1/00 0:00,28.1,1.5516,29/7/23 16:00,2.05,RIE,Ad Group Recall (Merged)
20230807,1772778378526750 ,BR,BR,,1/1/00 0:00,0.36,3.922,29/7/23 16:53,1.7,RIE,Ad Group Recall (Merged)
20230807,1772835890411560 ,TR,TR,,1/1/00 0:00,49.58,21.7805,30/7/23 9:07,1.63,RIE,Ad Group Recall (Merged)
20230807,1772878013081630 ,SA,MENA,,1/1/00 0:00,202.0104,48.1923,30/7/23 19:57,1.67,RIE,Ad Group Recall (Merged)
20230807,1772825494845470 ,VN,VN,,1/1/00 0:00,9.27,13.6994,30/7/23 6:16,2.14,Auction Ads,auction_relation
20230807,1772915733889070 ,JP,JP,,1/1/00 0:00,696.6231,183.2235,31/7/23 15:00,3.21,RIE,Ad Group Recall (Merged)
20230807,1772915782582320 ,JP,JP,,1/1/00 0:00,202.4186,183.2235,31/7/23 15:00,3.21,RIE,Ad Group Recall (Merged)
20230807,1770753866356760 ,DK,DK,,1/1/00 0:00,29.8104,27.3446,30/7/23 10:09,1.31,Auction Ads,auction_relation
20230807,1770753866356760 ,DK,DK,,1/1/00 0:00,29.8104,27.3446,30/7/23 10:09,1.31,Auction Ads,auction_relation
20230807,1772791393481770 ,MX,Other,,1/1/00 0:00,2.6877,4.1295,29/7/23 21:18,1.62,RIE,Ad Group Recall (Merged)
20230807,1772859893497870 ,MA,Other,,1/1/00 0:00,1.34,39.5162,30/7/23 15:27,1.62,RIE,Ad Group Recall (Merged)
20230807,1772860429990940 ,MY,MY,,1/1/00 0:00,15.37,39.5162,30/7/23 15:37,2.3,RIE,Ad Group Recall (Merged)
20230807,1772832848532530 ,CA,US&CA,,1/1/00 0:00,0,16.6078,30/7/23 8:16,1.81,RIE,Ad Group Recall (Merged)
20230807,1772860601806850 ,SA,MENA,,1/1/00 0:00,43.2,39.5162,30/7/23 15:40,1.67,RIE,Ad Group Recall (Merged)
20230807,1772779462490160 ,VN,VN,,1/1/00 0:00,0,0.0884,29/7/23 18:09,2.13,RIE,Ad Group Recall (Merged)
20230807,1772785529282560 ,US,US&CA,,1/1/00 0:00,0.58,0.4787,29/7/23 19:40,1.81,RIE,Ad Group Recall (Merged)
20230807,1772807088331810 ,VN,VN,,1/1/00 0:00,,6.2536,30/7/23 1:27,2.13,RIE,Ad Group Recall (Merged)
20230807,1772792768400380 ,SA,MENA,,1/1/00 0:00,25.9755,0.8563,29/7/23 23:00,1.67,RIE,Ad Group Recall (Merged)
20230807,1772817528567850 ,PK,Other,,1/1/00 0:00,20.57,5.6507,30/7/23 4:08,1.62,RIE,Ad Group Recall (Merged)
20230807,1772819826491410 ,QA,Other,,1/1/00 0:00,4.0188,6.2262,30/7/23 4:32,1.62,RIE,Ad Group Recall (Merged)
20230807,1772810455883770 ,VN,VN,,1/1/00 0:00,4.2209,3.9102,30/7/23 2:20,2.14,Auction Ads,auction_relation
20230807,1772836087215100 ,PH,Other,,1/1/00 0:00,19.96,19.8278,30/7/23 10:08,1.62,RIE,Ad Group Recall (Merged)
20230807,1772806752326670 ,SA,MENA,,1/1/00 0:00,4.0226,2.4368,30/7/23 1:23,1.67,RIE,Ad Group Recall (Merged)
20230807,1772799418900540 ,KW,Other,,1/1/00 0:00,,0.0027,29/7/23 23:02,1.62,RIE,Ad Group Recall (Merged)
20230807,1772799418900540 ,AE,MENA,,1/1/00 0:00,,0.0027,29/7/23 23:02,1.67,RIE,Ad Group Recall (Merged)
20230807,1772799418900540 ,MA,Other,,1/1/00 0:00,,0.0027,29/7/23 23:02,1.62,RIE,Ad Group Recall (Merged)
20230807,1772799418900540 ,SA,MENA,,1/1/00 0:00,,0.0027,29/7/23 23:02,1.67,RIE,Ad Group Recall (Merged)
20230807,1772822239926320 ,AE,MENA,,1/1/00 0:00,8.13,4.4562,30/7/23 5:28,1.67,RIE,Ad Group Recall (Merged)
20230807,1772830684559360 ,FR,FR,,1/1/00 0:00,22.9435,10.1229,30/7/23 8:40,1.76,RIE,Ad Group Recall (Merged)
20230807,1772831576829980 ,FR,FR,,1/1/00 0:00,23.3837,10.1229,30/7/23 8:56,1.76,RIE,Ad Group Recall (Merged)
20230807,1772818028756990 ,VN,VN,,1/1/00 0:00,11.2487,1.1237,30/7/23 4:23,2.14,Auction Ads,auction_relation
20230807,1772835870855200 ,GB,GB,,1/1/00 0:00,25.4479,14.4105,30/7/23 9:59,1.72,RIE,Ad Group Recall (Merged)
20230807,1772845375255600 ,IE,Other,,1/1/00 0:00,19.93,24.2478,30/7/23 12:39,1.62,RIE,Ad Group Recall (Merged)
20230807,1772836722156560 ,DE,DE,,1/1/00 0:00,30.06,11.1169,30/7/23 9:16,1.01,Auction Ads,auction_relation
20230807,1772836722156560 ,NZ,NZ,,1/1/00 0:00,30.06,11.1169,30/7/23 9:16,1.58,Auction Ads,auction_relation
20230807,1772836722156560 ,GB,GB,,1/1/00 0:00,30.06,11.1169,30/7/23 9:16,1.76,Auction Ads,auction_relation
20230807,1772836722156560 ,US,USCA,,1/1/00 0:00,30.06,11.1169,30/7/23 9:16,1.78,Auction Ads,auction_relation
20230807,1772836722156560 ,PL,PL,,1/1/00 0:00,30.06,11.1169,30/7/23 9:16,1.64,Auction Ads,auction_relation
20230807,1772827413699600 ,BR,BR,,1/1/00 0:00,,0.5887,30/7/23 6:51,1.7,RIE,Ad Group Recall (Merged)
20230807,1772902193404940 ,PH,Other,,1/1/00 0:00,50.08,44.1104,31/7/23 2:38,1.62,RIE,Ad Group Recall (Merged)
20230807,1772830388147200 ,VN,,,1/1/00 0:00,0,1.1414,30/7/23 7:41,0.54,Non-Auction Ads,Promote
20230807,1772827746310160 ,TR,TR,,1/1/00 0:00,0.8677,1.244,30/7/23 7:57,1.63,RIE,Ad Group Recall (Merged)
20230807,1772837770903550 ,GR,Other,,1/1/00 0:00,9.6,7.4853,30/7/23 9:36,1.62,RIE,Ad Group Recall (Merged)
20230807,1772842080291840 ,TR,TR,,1/1/00 0:00,34.57,17.329,30/7/23 11:44,1.63,RIE,Ad Group Recall (Merged)
20230807,1772925541765120 ,KZ,Other,,1/1/00 0:00,100.65,87.2838,31/7/23 8:48,1.62,RIE,Ad Group Recall (Merged)
20230807,1772832287518730 ,PK,Other,,1/1/00 0:00,2.51,0.3113,30/7/23 8:09,1.62,RIE,Ad Group Recall (Merged)
20230807,1772843339252780 ,JP,JP,,1/1/00 0:00,25.91,17.329,30/7/23 12:03,3.21,RIE,Ad Group Recall (Merged)
20230807,1772832962352120 ,VN,,,1/1/00 0:00,0,0.3192,30/7/23 8:21,0.54,Non-Auction Ads,Promote
20230807,1772860909741080 ,US,US&CA,,1/1/00 0:00,55.9464,25.4287,30/7/23 16:41,1.81,RIE,Ad Group Recall (Merged)
20230807,1772840135806970 ,TH,TH,,1/1/00 0:00,0,2.7996,30/7/23 9:11,1.64,Auction Ads,auction_relation
20230807,1772844013237280 ,SA,MENA,,1/1/00 0:00,0,13.4721,30/7/23 11:10,1.67,RIE,Ad Group Recall (Merged)
20230807,1773293685750830 ,PL,PL,,1/1/00 0:00,3029.97,1550.254,4/8/23 9:35,1.64,Auction Ads,auction_relation
20230807,1773293685750830 ,AT,AT,,1/1/00 0:00,3029.97,1550.254,4/8/23 9:35,0.89,Auction Ads,auction_relation
20230807,1773293685750830 ,CA,USCA,,1/1/00 0:00,3029.97,1550.254,4/8/23 9:35,1.78,Auction Ads,auction_relation
20230807,1773293685750830 ,TW,TW,,1/1/00 0:00,3029.97,1550.254,4/8/23 9:35,0.95,Auction Ads,auction_relation
20230807,1773293685750830 ,CH,CH,,1/1/00 0:00,3029.97,1550.254,4/8/23 9:35,0.93,Auction Ads,auction_relation
20230807,1773293685750830 ,AT,AT,,1/1/00 0:00,3029.97,1550.254,4/8/23 9:35,0.89,Auction Ads,auction_relation
20230807,1773293685750830 ,NO,Others,,1/1/00 0:00,3029.97,1550.254,4/8/23 9:35,1.56,Auction Ads,auction_all
20230807,1772839525411840 ,VN,VN,,1/1/00 0:00,0,5.8708,30/7/23 10:05,2.13,RIE,Ad Group Recall (Merged)
20230807,1772839524137980 ,VN,VN,,1/1/00 0:00,1.0971,5.8708,30/7/23 10:05,2.13,RIE,Ad Group Recall (Merged)
20230807,1772842215922720 ,IT,IT,,1/1/00 0:00,0,10.4451,30/7/23 10:40,1.79,RIE,Ad Group Recall (Merged)
20230807,1772840216456190 ,MA,Other,,1/1/00 0:00,7.9444,7.2841,30/7/23 10:13,1.62,RIE,Ad Group Recall (Merged)
20230807,1772921392213020 ,IL,IL,,1/1/00 0:00,844.87,222.4088,31/7/23 22:00,1.43,Non-Auction Ads,R&F
20230807,1772921392213020 ,IL,IL,,1/1/00 0:00,844.87,222.4088,31/7/23 22:00,1.43,Non-Auction Ads,R&F
20230807,1772562526844960 ,VN,VN,,1/1/00 0:00,304.86,21.5392,30/7/23 16:59,2.13,RIE,Ad Group Recall (Merged)
20230807,1772838758225930 ,MY,MY,,1/1/00 0:00,1.4532,2.1261,30/7/23 9:51,2.31,Auction Ads,auction_relation
20230807,1772838119245870 ,VN,VN,,1/1/00 0:00,0,0.83,30/7/23 9:40,2.14,Auction Ads,auction_relation
20230807,1772653935363120 ,RO,Other,,1/1/00 0:00,385.3714,26.0478,30/7/23 22:00,1.62,RIE,Ad Group Recall (Merged)
20230807,1772838303389690 ,VN,VN,,1/1/00 0:00,0,0.83,30/7/23 9:44,2.14,Auction Ads,auction_relation
20230807,1772839661564930 ,VN,,,1/1/00 0:00,0,1.0576,30/7/23 10:08,0.54,Non-Auction Ads,Promote
20230807,1772575172544540 ,IL,IL,,1/1/00 0:00,100.92,45.4762,31/7/23 5:00,1.22,RIE,Ad Group Recall (Merged)
20230807,1772914492486690 ,PH,Other,,1/1/00 0:00,214.42,51.0318,31/7/23 5:56,1.62,RIE,Ad Group Recall (Merged)
20230807,1772865072812040 ,MA,MA,,1/1/00 0:00,19.316,15.5994,30/7/23 17:15,1.51,Auction Ads,auction_relation
20230807,1772853435106300 ,US,USCA,,1/1/00 0:00,8.37,7.8276,30/7/23 13:44,1.78,Auction Ads,auction_relation
20230807,1772841526470700 ,IE,IE,,1/1/00 0:00,9.25,0.9673,30/7/23 10:36,1.52,Auction Ads,auction_relation
20230807,1772841526470700 ,ES,ES,,1/1/00 0:00,9.25,0.9673,30/7/23 10:36,1.37,Auction Ads,auction_relation
20230807,1772841526470700 ,PT,PT,,1/1/00 0:00,9.25,0.9673,30/7/23 10:36,1.98,Auction Ads,auction_relation
20230807,1772841526470700 ,SE,SE,,1/1/00 0:00,9.25,0.9673,30/7/23 10:36,1.4,Auction Ads,auction_relation
20230807,1772841526470700 ,CH,CH,,1/1/00 0:00,9.25,0.9673,30/7/23 10:36,0.93,Auction Ads,auction_relation
20230807,1772841526470700 ,AT,AT,,1/1/00 0:00,9.25,0.9673,30/7/23 10:36,0.89,Auction Ads,auction_relation
20230807,1772842152280060 ,VN,,,1/1/00 0:00,0,1.5802,30/7/23 10:48,0.54,Non-Auction Ads,Promote
20230807,1772863370521650 ,SA,MENA,,1/1/00 0:00,29.9938,10.9092,30/7/23 16:15,1.67,RIE,Ad Group Recall (Merged)
20230807,1772851714661370 ,SA,MENA,,1/1/00 0:00,7.9648,5.3049,30/7/23 13:06,1.67,RIE,Ad Group Recall (Merged)
20230807,1772862735452190 ,DE,DE,,1/1/00 0:00,0,11.078,30/7/23 16:38,1.01,Auction Ads,auction_relation
20230807,1772845388909560 ,VN,,,1/1/00 0:00,0,1.8649,30/7/23 11:38,0.54,Non-Auction Ads,Promote
20230807,1772900285089790 ,US,US&CA,,1/1/00 0:00,76.46,29.8681,31/7/23 3:10,1.81,RIE,Ad Group Recall (Merged)
20230807,1772845026108410 ,VN,,,1/1/00 0:00,0,0.3642,30/7/23 11:33,0.54,Non-Auction Ads,Promote
20230807,1772897171975180 ,US,US&CA,,1/1/00 0:00,19.36,23.331,31/7/23 2:22,1.81,RIE,Ad Group Recall (Merged)
20230807,1772845151569920 ,VN,,,1/1/00 0:00,0,0.3642,30/7/23 11:35,0.54,Non-Auction Ads,Promote
20230807,1772364090432540 ,TH,TH,,1/1/00 0:00,439.3847,175.0793,31/7/23 17:00,0.97,Non-Auction Ads,R&F
20230807,1772364090432540 ,TH,TH,,1/1/00 0:00,439.3847,175.0793,31/7/23 17:00,0.97,Non-Auction Ads,R&F
20230807,1772363352379440 ,TH,TH,,1/1/00 0:00,404.9503,175.0793,31/7/23 17:00,0.97,Non-Auction Ads,R&F
20230807,1772363352379440 ,TH,TH,,1/1/00 0:00,404.9503,175.0793,31/7/23 17:00,0.97,Non-Auction Ads,R&F
20230807,1772846124573690 ,SA,,,1/1/00 0:00,0,1.3998,30/7/23 11:52,0.54,Non-Auction Ads,Promote
20230807,1772858613541890 ,PL,PL,,1/1/00 0:00,21.2999,8.0553,30/7/23 16:00,1.64,Auction Ads,auction_relation
20230807,1772849833103360 ,SA,,,1/1/00 0:00,0,1.9721,30/7/23 12:50,0.54,Non-Auction Ads,Promote
20230807,1772860067502190 ,SA,MENA,,1/1/00 0:00,12.7176,5.7108,30/7/23 15:19,1.67,RIE,Ad Group Recall (Merged)
20230807,1771313899425790 ,DE,DE,,1/1/00 0:00,734.047,215.6141,31/7/23 23:00,1.41,Non-Auction Ads,R&F
20230807,1772850311401470 ,VN,,,1/1/00 0:00,0,1.7642,30/7/23 12:57,0.54,Non-Auction Ads,Promote
20230807,1772438705133610 ,CA,US&CA,,1/1/00 0:00,156.2336,33.1617,31/7/23 4:59,1.81,RIE,Ad Group Recall (Merged)
20230807,1772438752661500 ,CA,US&CA,,1/1/00 0:00,81.1608,33.1617,31/7/23 4:59,1.81,RIE,Ad Group Recall (Merged)
20230807,1772856698839040 ,VN,,,1/1/00 0:00,0,1.3211,30/7/23 14:38,0.54,Non-Auction Ads,Promote
20230807,1772856837781500 ,VN,,,1/1/00 0:00,0,1.3211,30/7/23 14:40,0.54,Non-Auction Ads,Promote
20230807,1772883554566140 ,SA,MENA,,1/1/00 0:00,40.4266,12.2208,30/7/23 22:00,1.67,RIE,Ad Group Recall (Merged)
20230807,1772891689617400 ,ZA,ZA,,1/1/00 0:00,12.94,14.0347,31/7/23 0:42,1.4,Auction Ads,auction_relation
20230807,1772857466770430 ,VN,,,1/1/00 0:00,0,1.3211,30/7/23 14:51,0.54,Non-Auction Ads,Promote
20230807,1772777650163740 ,BR,BR,,1/1/00 0:00,3.8276,7.7064,30/7/23 17:35,1.7,RIE,Ad Group Recall (Merged)
20230807,1772863855480830 ,VN,,,1/1/00 0:00,0,2.7997,30/7/23 16:33,0.54,Non-Auction Ads,Promote
20230807,1772858070456370 ,SE,Other,,1/1/00 0:00,8.973,11.2675,31/7/23 0:00,1.62,RIE,Ad Group Recall (Merged)
20230807,1772906112251920 ,ID,ID,,1/1/00 0:00,5.43,23.9967,31/7/23 3:38,2.05,RIE,Ad Group Recall (Merged)
20230807,1772864328238080 ,VN,,,1/1/00 0:00,0,2.0365,30/7/23 16:39,0.54,Non-Auction Ads,Promote
20230807,1772896222305310 ,KH,Other,,1/1/00 0:00,43.4235,12.4901,31/7/23 1:13,1.62,RIE,Ad Group Recall (Merged)
20230807,1772899582415890 ,ID,ID,,1/1/00 0:00,302.42,13.2249,31/7/23 2:00,2.05,RIE,Ad Group Recall (Merged)
20230807,1772852186828840 ,TH,TH,,1/1/00 0:00,3.8726,2.0335,30/7/23 17:00,1.87,RIE,Ad Group Recall (Merged)
20230807,1772874813057020 ,SA,MENA,,1/1/00 0:00,,6.6521,30/7/23 22:00,1.78,Auction Ads,auction_relation
20230807,1772865045918720 ,VN,,,1/1/00 0:00,0,0.8691,30/7/23 16:51,0.54,Non-Auction Ads,Promote
20230807,1772868418667520 ,SA,,,1/1/00 0:00,0,1.6409,30/7/23 17:44,0.54,Non-Auction Ads,Promote
20230807,1772887635220480 ,NL,Other,,1/1/00 0:00,,5.5804,30/7/23 23:51,1.62,RIE,Ad Group Recall (Merged)
20230807,1772885074358320 ,SA,MENA,,1/1/00 0:00,49.78,5.0366,30/7/23 23:00,1.67,RIE,Ad Group Recall (Merged)
20230807,1772872271256570 ,VN,,,1/1/00 0:00,0,1.3877,30/7/23 18:46,0.54,Non-Auction Ads,Promote
20230807,1771685266739200 ,US,US&CA,,1/1/00 0:00,300.26,121.4482,31/7/23 14:00,1.81,RIE,Ad Group Recall (Merged)
20230807,1772908448104460 ,TH,TH,,1/1/00 0:00,110.1144,20.0529,31/7/23 4:17,1.64,Auction Ads,auction_relation
20230807,1772869355487240 ,ID,ID,,1/1/00 0:00,0.409,0.4476,30/7/23 20:00,2.05,RIE,Ad Group Recall (Merged)
20230807,1771683932371970 ,US,US&CA,,1/1/00 0:00,150.28,121.4482,31/7/23 14:00,1.81,RIE,Ad Group Recall (Merged)
20230807,1772919382449180 ,BR,BR,,1/1/00 0:00,263.96,45.9425,31/7/23 7:13,1.7,RIE,Ad Group Recall (Merged)
20230807,1772878207155200 ,EG,,,1/1/00 0:00,0,0.413,30/7/23 20:22,0.54,Non-Auction Ads,Promote
20230807,1772456523527180 ,KR,KR,,1/1/00 0:00,13.7537,5.3909,31/7/23 1:00,2.18,RIE,Ad Group Recall (Merged)
20230807,1772881716687870 ,EG,,,1/1/00 0:00,0,0.2526,30/7/23 21:17,0.54,Non-Auction Ads,Promote
20230807,1772456079706140 ,KR,KR,,1/1/00 0:00,31.0418,5.3909,31/7/23 1:20,2.18,RIE,Ad Group Recall (Merged)
20230807,1772903341774890 ,ID,ID,,1/1/00 0:00,91.86,12.2785,31/7/23 3:00,2.05,RIE,Ad Group Recall (Merged)
20230807,1773178353296380 ,US,US&CA,,1/1/00 0:00,1541.33,849.2059,3/8/23 4:48,1.81,RIE,Ad Group Recall (Merged)
20230807,1772891289984000 ,PK,Other,,1/1/00 0:00,8.75,12.2736,31/7/23 3:00,1.62,RIE,Ad Group Recall (Merged)
20230807,1772896064774170 ,MA,Other,,1/1/00 0:00,8.83,1.6526,31/7/23 0:57,1.62,RIE,Ad Group Recall (Merged)
20230807,1772895011449850 ,QA,,,1/1/00 0:00,0,0.8042,31/7/23 0:48,0.54,Non-Auction Ads,Promote
20230807,1772901061848080 ,TW,TW,,1/1/00 0:00,12.61,3.4977,31/7/23 2:21,2.59,RIE,Ad Group Recall (Merged)
20230807,1772901562454030 ,RO,Other,,1/1/00 0:00,5.34,3.4059,31/7/23 2:31,1.62,RIE,Ad Group Recall (Merged)
20230807,1772897839202300 ,VN,,,1/1/00 0:00,0.0279,0.5866,31/7/23 1:34,0.54,Non-Auction Ads,Promote
20230807,1772917050550300 ,GR,Other,,1/1/00 0:00,50.4,9.63,31/7/23 3:34,1.62,RIE,Ad Group Recall (Merged)
20230807,1772901224121340 ,VN,,,1/1/00 0:00,0.0846,1.8951,31/7/23 2:27,0.54,Non-Auction Ads,Promote
20230807,1772902491248640 ,KW,,,1/1/00 0:00,0.3547,3.2,31/7/23 2:47,0.54,Non-Auction Ads,Promote
20230807,1772916793977850 ,US,US&CA,,1/1/00 0:00,208.27,24.0085,31/7/23 6:24,1.81,RIE,Ad Group Recall (Merged)
20230807,1772902162772990 ,EG,,,1/1/00 0:00,0.0936,0.6169,31/7/23 2:50,0.54,Non-Auction Ads,Promote
20230807,1772946959839230 ,US,US&CA,,1/1/00 0:00,0,113.7686,31/7/23 14:32,1.81,RIE,Ad Group Recall (Merged)
20230807,1772581350754330 ,FI,Other,,1/1/00 0:00,46.4677,38.6462,31/7/23 8:00,1.62,RIE,Ad Group Recall (Merged)
20230807,1772904717595640 ,SA,,,1/1/00 0:00,0.1999,3.1155,31/7/23 3:21,0.54,Non-Auction Ads,Promote
20230807,1772904704287740 ,PH,PH,,1/1/00 0:00,31.5687,2.178,31/7/23 3:19,2.46,Auction Ads,auction_relation
20230807,1772904795001890 ,PH,PH,,1/1/00 0:00,33.016,2.178,31/7/23 3:21,2.46,Auction Ads,auction_relation
20230807,1772918031939600 ,US,US&CA,,1/1/00 0:00,9.77,18.8263,31/7/23 6:14,1.81,RIE,Ad Group Recall (Merged)
20230807,1772907986327560 ,MY,MY,,1/1/00 0:00,23.8634,4.862,31/7/23 4:05,2.3,RIE,Ad Group Recall (Merged)
20230807,1772906251987960 ,KW,,,1/1/00 0:00,0.3124,1.4661,31/7/23 3:46,0.54,Non-Auction Ads,Promote
20230807,1772907378968590 ,PH,PH,,1/1/00 0:00,2.6568,1.8972,31/7/23 4:03,2.46,Auction Ads,auction_relation
20230807,1772907480128540 ,PH,PH,,1/1/00 0:00,1.8001,1.8972,31/7/23 4:04,2.46,Auction Ads,auction_relation
20230807,1772903177281530 ,ID,,,1/1/00 0:00,0.3554,2.7854,31/7/23 4:21,1.53,RIE,Promote Report Recall
20230807,1772909943412750 ,ID,ID,,1/1/00 0:00,16.429,2.2218,31/7/23 4:41,1.8,Auction Ads,auction_relation
20230807,1772918057788440 ,JP,JP,,1/1/00 0:00,586.42,24.4538,31/7/23 6:54,3.21,RIE,Ad Group Recall (Merged)
20230807,1772910815123450 ,VN,,,1/1/00 0:00,1.1828,1.8895,31/7/23 4:58,0.54,Non-Auction Ads,Promote
20230807,1772912427092010 ,SG,Other,,1/1/00 0:00,37.0003,9.6832,31/7/23 5:23,1.62,RIE,Ad Group Recall (Merged)
20230807,1772910060606460 ,ID,,,1/1/00 0:00,0.2153,0.8074,31/7/23 4:47,0.54,Non-Auction Ads,Promote
20230807,1772902858018810 ,AU,AU,,1/1/00 0:00,3.09,4.5406,31/7/23 5:00,1.84,RIE,Ad Group Recall (Merged)
20230807,1772560747924510 ,IT,IT,,1/1/00 0:00,0,4.0389,31/7/23 5:00,1.79,RIE,Ad Group Recall (Merged)
20230807,1772560569421900 ,IT,IT,,1/1/00 0:00,1.949,4.0389,31/7/23 5:00,1.79,RIE,Ad Group Recall (Merged)
20230807,1772917983253550 ,IT,IT,,1/1/00 0:00,3.43,18.5836,31/7/23 6:44,1.79,RIE,Ad Group Recall (Merged)
20230807,1772917970871340 ,TW,TW,,1/1/00 0:00,20.5,18.5836,31/7/23 6:44,2.59,RIE,Ad Group Recall (Merged)
20230807,1772917970871340 ,FR,FR,,1/1/00 0:00,20.5,18.5836,31/7/23 6:44,1.76,RIE,Ad Group Recall (Merged)
20230807,1772917970871340 ,AU,AU,,1/1/00 0:00,20.5,18.5836,31/7/23 6:44,1.84,RIE,Ad Group Recall (Merged)
20230807,1772917983235100 ,IT,IT,,1/1/00 0:00,20.32,18.5836,31/7/23 6:44,1.79,RIE,Ad Group Recall (Merged)
20230807,1772917983235100 ,AU,AU,,1/1/00 0:00,20.32,18.5836,31/7/23 6:44,1.84,RIE,Ad Group Recall (Merged)
20230807,1772917970871340 ,IT,IT,,1/1/00 0:00,20.5,18.5836,31/7/23 6:44,1.79,RIE,Ad Group Recall (Merged)
20230807,1772918182719530 ,KZ,Other,,1/1/00 0:00,0,11.1111,31/7/23 6:23,1.62,RIE,Ad Group Recall (Merged)
20230807,1772883080600610 ,MA,Other,,1/1/00 0:00,6.68,1.4827,31/7/23 5:00,1.62,RIE,Ad Group Recall (Merged)
20230807,1772918288541710 ,IT,IT,,1/1/00 0:00,20.06,18.5836,31/7/23 6:54,1.79,RIE,Ad Group Recall (Merged)
20230807,1772918288520240 ,IT,IT,,1/1/00 0:00,20.56,18.5836,31/7/23 6:54,1.79,RIE,Ad Group Recall (Merged)
20230807,1772918288537630 ,IT,IT,,1/1/00 0:00,20.49,18.5836,31/7/23 6:54,1.79,RIE,Ad Group Recall (Merged)
20230807,1772918288526350 ,IT,IT,,1/1/00 0:00,3.53,18.5836,31/7/23 6:54,1.79,RIE,Ad Group Recall (Merged)
20230807,1772917465285630 ,KZ,Other,,1/1/00 0:00,10.21,10.2152,31/7/23 6:34,1.62,RIE,Ad Group Recall (Merged)
20230807,1772932544795660 ,PH,Other,,1/1/00 0:00,56.76,70.3067,31/7/23 10:36,1.62,RIE,Ad Group Recall (Merged)
20230807,1772911436781580 ,AE,MENA,,1/1/00 0:00,10.9857,3.0401,31/7/23 5:05,1.67,RIE,Ad Group Recall (Merged)
20230807,1772911436781580 ,ZA,Other,,1/1/00 0:00,10.9857,3.0401,31/7/23 5:05,1.62,RIE,Ad Group Recall (Merged)
20230807,1772911436781580 ,KW,Other,,1/1/00 0:00,10.9857,3.0401,31/7/23 5:05,1.62,RIE,Ad Group Recall (Merged)
20230807,1772911436781580 ,KR,KR,,1/1/00 0:00,10.9857,3.0401,31/7/23 5:05,2.18,RIE,Ad Group Recall (Merged)
20230807,1772911436781580 ,SA,MENA,,1/1/00 0:00,10.9857,3.0401,31/7/23 5:05,1.67,RIE,Ad Group Recall (Merged)
20230807,1772911436781580 ,EG,MENA,,1/1/00 0:00,10.9857,3.0401,31/7/23 5:05,1.67,RIE,Ad Group Recall (Merged)
20230807,1772911436781580 ,MA,Other,,1/1/00 0:00,10.9857,3.0401,31/7/23 5:05,1.62,RIE,Ad Group Recall (Merged)
20230807,1772911436781580 ,QA,Other,,1/1/00 0:00,10.9857,3.0401,31/7/23 5:05,1.62,RIE,Ad Group Recall (Merged)
20230807,1772911436781580 ,TR,TR,,1/1/00 0:00,10.9857,3.0401,31/7/23 5:05,1.63,RIE,Ad Group Recall (Merged)
20230807,1772932717960190 ,PH,Other,,1/1/00 0:00,57.76,70.3067,31/7/23 10:45,1.62,RIE,Ad Group Recall (Merged)
20230807,1772922488012800 ,IT,IT,,1/1/00 0:00,19.37,18.5836,31/7/23 7:01,1.79,RIE,Ad Group Recall (Merged)
20230807,1772922428567600 ,US,US&CA,,1/1/00 0:00,0,32.4449,31/7/23 9:05,1.81,RIE,Ad Group Recall (Merged)
20230807,1772933194740760 ,PH,Other,,1/1/00 0:00,115.32,70.3067,31/7/23 10:50,1.62,RIE,Ad Group Recall (Merged)
20230807,1772912026685440 ,AE,MENA,,1/1/00 0:00,0,2.0375,31/7/23 5:10,1.67,RIE,Ad Group Recall (Merged)
20230807,1772917470729230 ,TH,TH,,1/1/00 0:00,11.5845,8.2447,31/7/23 6:41,1.64,Auction Ads,auction_relation
20230807,1772923160790030 ,ID,ID,,1/1/00 0:00,4.6145,24.1816,31/7/23 8:06,2.05,RIE,Ad Group Recall (Merged)
20230807,1772912618637310 ,SA,,,1/1/00 0:00,0.5945,1.6833,31/7/23 5:28,0.54,Non-Auction Ads,Promote
20230807,1772914291341310 ,AE,,,1/1/00 0:00,0.637,1.835,31/7/23 5:53,0.54,Non-Auction Ads,Promote
20230807,1772916697457710 ,VN,VN,,1/1/00 0:00,55.41,6.0405,31/7/23 6:33,2.13,RIE,Ad Group Recall (Merged)
20230807,1772928706724880 ,KW,Other,,1/1/00 0:00,50.62,34.9685,31/7/23 9:39,1.62,RIE,Ad Group Recall (Merged)
20230807,1772929346827260 ,ID,ID,,1/1/00 0:00,157.1,34.8697,31/7/23 9:41,2.05,RIE,Ad Group Recall (Merged)
20230807,1772919531358240 ,US,US&CA,,1/1/00 0:00,30.04,17.8571,31/7/23 7:15,1.81,RIE,Ad Group Recall (Merged)
20230807,1772924607448080 ,BR,BR,,1/1/00 0:00,2.62,17.0279,31/7/23 7:13,1.99,Auction Ads,auction_all
20230807,1772964336520240 ,US,US&CA,,1/1/00 0:00,0,153.222,31/7/23 20:05,1.81,RIE,Ad Group Recall (Merged)
20230807,1772409415874570 ,US,USCA,,1/1/00 0:00,491.72,89.5529,31/7/23 14:00,1.78,Auction Ads,auction_relation
20230807,1772581320294440 ,EG,Others,,1/1/00 0:00,397.99,165.1462,31/7/23 22:00,1.53,Non-Auction Ads,R&F
20230807,1772581320294440 ,EG,Others,,1/1/00 0:00,397.99,165.1462,31/7/23 22:00,1.53,Non-Auction Ads,R&F
20230807,1772581320294440 ,EG,Others,,1/1/00 0:00,397.99,165.1462,31/7/23 22:00,1.53,Non-Auction Ads,R&F
20230807,1772917762719760 ,BR,BR,,1/1/00 0:00,0,4.6728,31/7/23 6:44,1.7,RIE,Ad Group Recall (Merged)
20230807,1772411070478350 ,US,USCA,,1/1/00 0:00,153.42,89.5529,31/7/23 14:00,1.78,Auction Ads,auction_relation
20230807,1772411070478350 ,US,USCA,,1/1/00 0:00,153.42,89.5529,31/7/23 14:00,1.78,Auction Ads,auction_relation
20230807,1772922137512970 ,PH,Other,,1/1/00 0:00,33.88,18.711,31/7/23 7:54,1.62,RIE,Ad Group Recall (Merged)
20230807,1772923952430080 ,SG,,,1/1/00 0:00,8.7935,21.1896,31/7/23 8:28,1.53,RIE,Promote Report Recall
20230807,1772916396128300 ,IT,IT,,1/1/00 0:00,0,16.2862,31/7/23 7:25,1.79,RIE,Ad Group Recall (Merged)
20230807,1772408541244410 ,US,USCA,,1/1/00 0:00,489.12,89.5529,31/7/23 14:00,1.78,Auction Ads,auction_relation
20230807,1772436214559770 ,US,USCA,,1/1/00 0:00,593.65,89.5529,31/7/23 14:00,1.78,Auction Ads,auction_relation
20230807,1772916792802360 ,VN,,,1/1/00 0:00,0.5614,1.8593,31/7/23 6:34,0.54,Non-Auction Ads,Promote
20230807,1772925597849600 ,VN,VN,,1/1/00 0:00,7.3,20.7344,31/7/23 8:28,2.14,Auction Ads,auction_relation
20230807,1772925597849600 ,VN,VN,,1/1/00 0:00,7.3,20.7344,31/7/23 8:28,2.14,Auction Ads,auction_relation
20230807,1773004569539660 ,US,US&CA,,1/1/00 0:00,900.95,260.4095,1/8/23 6:46,1.81,RIE,Ad Group Recall (Merged)
20230807,1772921163565100 ,TH,TH,,1/1/00 0:00,62.04,15.2619,31/7/23 8:38,1.87,RIE,Ad Group Recall (Merged)
20230807,1772918841366570 ,VN,VN,,1/1/00 0:00,31.3543,3.7051,31/7/23 6:58,2.13,RIE,Ad Group Recall (Merged)
20230807,1772922000991230 ,PH,Other,,1/1/00 0:00,16.9,15.2619,31/7/23 8:43,1.62,RIE,Ad Group Recall (Merged)
20230807,1772923653236750 ,GR,Other,,1/1/00 0:00,29.82,19.5323,31/7/23 9:20,1.62,RIE,Ad Group Recall (Merged)
20230807,1772946544568320 ,US,USCA,,1/1/00 0:00,258.61,98.2723,31/7/23 15:20,1.78,Auction Ads,auction_relation
20230807,1772957228408830 ,US,US&CA,,1/1/00 0:00,0,133.0375,31/7/23 18:16,1.81,RIE,Ad Group Recall (Merged)
20230807,1772932327615500 ,US,USCA,,1/1/00 0:00,1483.63,51.3009,31/7/23 10:36,1.78,Auction Ads,auction_relation
20230807,1772920009444360 ,SA,MENA,,1/1/00 0:00,2.54,4.5162,31/7/23 7:24,1.67,RIE,Ad Group Recall (Merged)
20230807,1772942582677530 ,SA,MENA,,1/1/00 0:00,301.31,71.0323,31/7/23 13:19,1.67,RIE,Ad Group Recall (Merged)
20230807,1772920242894890 ,JP,JP,,1/1/00 0:00,47.6,4.5451,31/7/23 7:26,3.21,RIE,Ad Group Recall (Merged)
20230807,1772920251880490 ,JP,JP,,1/1/00 0:00,7.69,4.5451,31/7/23 7:26,3.21,RIE,Ad Group Recall (Merged)
20230807,1772919435109370 ,TH,,,1/1/00 0:00,1.4309,1.8506,31/7/23 7:16,0.54,Non-Auction Ads,Promote
20230807,1772923526973480 ,SA,MENA,,1/1/00 0:00,15.9325,6.6574,31/7/23 8:21,1.78,Auction Ads,auction_relation
20230807,1772925890595870 ,GR,Other,,1/1/00 0:00,59.63,10.591,31/7/23 8:54,1.62,RIE,Ad Group Recall (Merged)
20230807,1772919714551800 ,PH,,,1/1/00 0:00,1.0979,1.2875,31/7/23 7:20,0.54,Non-Auction Ads,Promote
20230807,1772929446249490 ,US,US&CA,,1/1/00 0:00,336.7588,49.6499,31/7/23 10:52,1.81,RIE,Ad Group Recall (Merged)
20230807,1772929127150620 ,ID,ID,,1/1/00 0:00,28.65,17.0433,31/7/23 9:45,2.05,RIE,Ad Group Recall (Merged)
20230807,1772944050702380 ,JP,JP,,1/1/00 0:00,33.19,6.9273,31/7/23 8:43,3.21,RIE,Ad Group Recall (Merged)
20230807,1772928223750170 ,VN,VN,,1/1/00 0:00,64.16,13.8539,31/7/23 9:35,2.13,RIE,Ad Group Recall (Merged)
20230807,1772463418905600 ,VN,,,1/1/00 0:00,0,0.7804,31/7/23 7:33,0.54,Non-Auction Ads,Promote
20230807,1772931955720210 ,NO,Others,,1/1/00 0:00,47.8977,50.1032,31/7/23 11:28,1.56,Auction Ads,auction_all
20230807,1772922729631740 ,ID,,,1/1/00 0:00,0.8342,1.449,31/7/23 8:08,0.54,Non-Auction Ads,Promote
20230807,1772942571487260 ,IL,IL,,1/1/00 0:00,240.51,145.0325,31/7/23 22:01,1.22,RIE,Ad Group Recall (Merged)
20230807,1772924972179450 ,MY,,,1/1/00 0:00,1.0034,2.1904,31/7/23 8:45,0.54,Non-Auction Ads,Promote
20230807,1772925046446080 ,PH,,,1/1/00 0:00,0.7709,1.7007,31/7/23 8:45,0.54,Non-Auction Ads,Promote
20230807,1772942634200110 ,JP,JP,,1/1/00 0:00,15.28,6.9273,31/7/23 9:24,3.21,RIE,Ad Group Recall (Merged)
20230807,1772925087710210 ,SA,,,1/1/00 0:00,1.3116,1.694,31/7/23 8:46,0.54,Non-Auction Ads,Promote
20230807,1772927515399170 ,VN,VN,,1/1/00 0:00,9.3465,5.0301,31/7/23 9:11,2.14,Auction Ads,auction_relation
20230807,1772927515399170 ,VN,VN,,1/1/00 0:00,9.3465,5.0301,31/7/23 9:11,2.14,Auction Ads,auction_relation
20230807,1772929650801660 ,GB,GB,,1/1/00 0:00,42.05,21.7805,31/7/23 9:57,1.72,RIE,Ad Group Recall (Merged)
20230807,1772925637258240 ,ID,,,1/1/00 0:00,1.8064,1.4826,31/7/23 8:54,0.54,Non-Auction Ads,Promote
20230807,1772928481710090 ,TH,TH,,1/1/00 0:00,8.5302,4.6944,31/7/23 9:32,1.87,RIE,Ad Group Recall (Merged)
20230807,1773097711962110 ,JP,JP,,1/1/00 0:00,58.9883,491.9031,2/8/23 6:21,2.16,Auction Ads,auction_all
20230807,1772472580224000 ,ID,ID,,1/1/00 0:00,809.4659,102.598,31/7/23 17:00,1.8,Non-Auction Ads,R&F
20230807,1769772796978170 ,ID,ID,,1/1/00 0:00,53.0097,102.598,31/7/23 17:00,1.8,Non-Auction Ads,R&F
20230807,1772473354089480 ,ID,ID,,1/1/00 0:00,47.326,102.598,31/7/23 17:00,1.8,Non-Auction Ads,R&F
20230807,1769772650765320 ,ID,ID,,1/1/00 0:00,953.6508,102.598,31/7/23 17:00,1.8,Non-Auction Ads,R&F
20230807,1772473354089480 ,ID,ID,,1/1/00 0:00,47.326,102.598,31/7/23 17:00,1.8,Non-Auction Ads,R&F
20230807,1769772551180280 ,ID,ID,,1/1/00 0:00,975.5846,102.598,31/7/23 17:00,1.8,Non-Auction Ads,R&F
20230807,1772473000682530 ,ID,ID,,1/1/00 0:00,970.427,102.598,31/7/23 17:00,1.8,Non-Auction Ads,R&F
20230807,1772472580224000 ,ID,ID,,1/1/00 0:00,809.4659,102.598,31/7/23 17:00,1.8,Non-Auction Ads,R&F
20230807,1772926620711930 ,VN,,,1/1/00 0:00,0.7352,0.8989,31/7/23 9:10,0.54,Non-Auction Ads,Promote
20230807,1772926901736440 ,ID,,,1/1/00 0:00,1.867,1.4826,31/7/23 9:15,0.54,Non-Auction Ads,Promote
20230807,1772936225418270 ,ZA,Other,,1/1/00 0:00,55.0197,45.9684,31/7/23 12:11,1.62,RIE,Ad Group Recall (Merged)
20230807,1772928417738750 ,GR,Other,,1/1/00 0:00,0,3.2868,31/7/23 9:36,1.62,RIE,Ad Group Recall (Merged)
20230807,1772930344380460 ,PH,Other,,1/1/00 0:00,10.27,17.0433,31/7/23 9:53,1.62,RIE,Ad Group Recall (Merged)
20230807,1772927184976890 ,KH,,,1/1/00 0:00,0.4862,0.51,31/7/23 9:22,0.54,Non-Auction Ads,Promote
20230807,1772928635603970 ,PH,,,1/1/00 0:00,1.7224,0.8176,31/7/23 9:41,0.54,Non-Auction Ads,Promote
20230807,1773099934235680 ,DE,DE,,1/1/00 0:00,726.8282,491.9031,2/8/23 7:04,1.01,Auction Ads,auction_relation
20230807,1773034492646410 ,CH,CH,,1/1/00 0:00,395.72,343.061,1/8/23 14:40,0.93,Auction Ads,auction_relation
20230807,1773034492646410 ,AT,AT,,1/1/00 0:00,395.72,343.061,1/8/23 14:40,0.89,Auction Ads,auction_relation
20230807,1773034492646410 ,DE,DE,,1/1/00 0:00,395.72,343.061,1/8/23 14:40,1.01,Auction Ads,auction_relation
20230807,1772930690406410 ,IT,IT,,1/1/00 0:00,48.48,33.5699,31/7/23 11:08,1.79,RIE,Ad Group Recall (Merged)
20230807,1772986426457120 ,AU,AU,,1/1/00 0:00,61.1029,157.4996,1/8/23 0:57,1.84,Auction Ads,auction_relation
20230807,1773100544620540 ,GB,GB,,1/1/00 0:00,392.5943,491.9031,2/8/23 7:13,1.76,Auction Ads,auction_relation
20230807,1772987269108780 ,AU,AU,,1/1/00 0:00,27.5569,157.4996,1/8/23 1:08,1.84,Auction Ads,auction_relation
20230807,1773100712826880 ,IE,IE,,1/1/00 0:00,420.4995,491.9031,2/8/23 7:16,1.52,Auction Ads,auction_relation
20230807,1773100712826880 ,GB,GB,,1/1/00 0:00,420.4995,491.9031,2/8/23 7:16,1.76,Auction Ads,auction_relation
20230807,1772932795135050 ,RO,Other,,1/1/00 0:00,3.73,7.4153,31/7/23 9:46,1.62,RIE,Ad Group Recall (Merged)
20230807,1772932795135050 ,TH,TH,,1/1/00 0:00,3.73,7.4153,31/7/23 9:46,1.87,RIE,Ad Group Recall (Merged)
20230807,1772932795135050 ,SG,Other,,1/1/00 0:00,3.73,7.4153,31/7/23 9:46,1.62,RIE,Ad Group Recall (Merged)
20230807,1772932795135050 ,SA,MENA,,1/1/00 0:00,3.73,7.4153,31/7/23 9:46,1.67,RIE,Ad Group Recall (Merged)
20230807,1772932795135050 ,TW,TW,,1/1/00 0:00,3.73,7.4153,31/7/23 9:46,2.59,RIE,Ad Group Recall (Merged)
20230807,1772932795135050 ,PK,Other,,1/1/00 0:00,3.73,7.4153,31/7/23 9:46,1.62,RIE,Ad Group Recall (Merged)
20230807,1772932795135050 ,AE,MENA,,1/1/00 0:00,3.73,7.4153,31/7/23 9:46,1.67,RIE,Ad Group Recall (Merged)
20230807,1772932795135050 ,EG,MENA,,1/1/00 0:00,3.73,7.4153,31/7/23 9:46,1.67,RIE,Ad Group Recall (Merged)
20230807,1772932795135050 ,BH,Other,,1/1/00 0:00,3.73,7.4153,31/7/23 9:46,1.62,RIE,Ad Group Recall (Merged)
20230807,1772932795135050 ,CA,US&CA,,1/1/00 0:00,3.73,7.4153,31/7/23 9:46,1.81,RIE,Ad Group Recall (Merged)
20230807,1772932795135050 ,MY,MY,,1/1/00 0:00,3.73,7.4153,31/7/23 9:46,2.3,RIE,Ad Group Recall (Merged)
20230807,1772932795135050 ,QA,Other,,1/1/00 0:00,3.73,7.4153,31/7/23 9:46,1.62,RIE,Ad Group Recall (Merged)
20230807,1772932795135050 ,CZ,Other,,1/1/00 0:00,3.73,7.4153,31/7/23 9:46,1.62,RIE,Ad Group Recall (Merged)
20230807,1772932795135050 ,HU,Other,,1/1/00 0:00,3.73,7.4153,31/7/23 9:46,1.62,RIE,Ad Group Recall (Merged)
20230807,1772932795135050 ,KR,KR,,1/1/00 0:00,3.73,7.4153,31/7/23 9:46,2.18,RIE,Ad Group Recall (Merged)
20230807,1772932795135050 ,KH,Other,,1/1/00 0:00,3.73,7.4153,31/7/23 9:46,1.62,RIE,Ad Group Recall (Merged)
20230807,1772932795135050 ,GB,GB,,1/1/00 0:00,3.73,7.4153,31/7/23 9:46,1.72,RIE,Ad Group Recall (Merged)
20230807,1772932795135050 ,ID,ID,,1/1/00 0:00,3.73,7.4153,31/7/23 9:46,2.05,RIE,Ad Group Recall (Merged)
20230807,1772932795135050 ,JO,Other,,1/1/00 0:00,3.73,7.4153,31/7/23 9:46,1.62,RIE,Ad Group Recall (Merged)
20230807,1772932795135050 ,PH,Other,,1/1/00 0:00,3.73,7.4153,31/7/23 9:46,1.62,RIE,Ad Group Recall (Merged)
20230807,1772932795135050 ,KW,Other,,1/1/00 0:00,3.73,7.4153,31/7/23 9:46,1.62,RIE,Ad Group Recall (Merged)
20230807,1772932795135050 ,TR,TR,,1/1/00 0:00,3.73,7.4153,31/7/23 9:46,1.63,RIE,Ad Group Recall (Merged)
20230807,1772932795135050 ,LB,Other,,1/1/00 0:00,3.73,7.4153,31/7/23 9:46,1.62,RIE,Ad Group Recall (Merged)
20230807,1772932795135050 ,ZA,Other,,1/1/00 0:00,3.73,7.4153,31/7/23 9:46,1.62,RIE,Ad Group Recall (Merged)
20230807,1772932795135050 ,OM,Other,,1/1/00 0:00,3.73,7.4153,31/7/23 9:46,1.62,RIE,Ad Group Recall (Merged)
20230807,1772932795135050 ,IQ,Other,,1/1/00 0:00,3.73,7.4153,31/7/23 9:46,1.62,RIE,Ad Group Recall (Merged)
20230807,1772932795135050 ,MA,Other,,1/1/00 0:00,3.73,7.4153,31/7/23 9:46,1.62,RIE,Ad Group Recall (Merged)
20230807,1772932795135050 ,PL,PL,,1/1/00 0:00,3.73,7.4153,31/7/23 9:46,1.84,RIE,Ad Group Recall (Merged)
20230807,1772930679928830 ,BR,BR,,1/1/00 0:00,179.96,20.0554,31/7/23 10:10,1.7,RIE,Ad Group Recall (Merged)
20230807,1772930028032010 ,KH,Other,,1/1/00 0:00,22.7721,4.0517,31/7/23 9:55,1.62,RIE,Ad Group Recall (Merged)
20230807,1772933801128970 ,US,US&CA,,1/1/00 0:00,0,25.1367,31/7/23 11:13,1.81,RIE,Ad Group Recall (Merged)
20230807,1772660328898650 ,PL,PL,,1/1/00 0:00,313.376,125.274,31/7/23 23:00,1.43,Non-Auction Ads,R&F
20230807,1772929699585020 ,ID,,,1/1/00 0:00,1.0253,0.4252,31/7/23 10:00,0.54,Non-Auction Ads,Promote
20230807,1771976029332490 ,US,US&CA,,1/1/00 0:00,323.79,357.6212,1/8/23 16:41,1.81,RIE,Ad Group Recall (Merged)
20230807,1772930076627970 ,VN,VN,,1/1/00 0:00,,0.4402,31/7/23 10:04,2.13,RIE,Ad Group Recall (Merged)
20230807,1772930636426280 ,MA,Other,,1/1/00 0:00,8.88,18.4821,31/7/23 10:58,1.62,RIE,Ad Group Recall (Merged)
20230807,1772585115147260 ,GB,GB,,1/1/00 0:00,25.4991,25.5575,31/7/23 12:00,1.76,Auction Ads,auction_relation
20230807,1772949628833790 ,SA,,,1/1/00 0:00,71.7623,57.1872,31/7/23 15:16,1.53,RIE,Promote Report Recall
20230807,1772952411337770 ,US,US&CA,,1/1/00 0:00,75.02,61.7399,31/7/23 15:54,1.81,RIE,Ad Group Recall (Merged)
20230807,1772928106956840 ,GB,GB,,1/1/00 0:00,14.8482,10.9976,31/7/23 10:32,1.76,Auction Ads,auction_relation
20230807,1772934207323180 ,SG,Other,,1/1/00 0:00,31.6,14.6628,31/7/23 11:08,1.62,RIE,Ad Group Recall (Merged)
20230807,1772934769999870 ,AR,Other,,1/1/00 0:00,178.61,17.2524,31/7/23 11:29,1.62,RIE,Ad Group Recall (Merged)
20230807,1772934769999870 ,MX,Other,,1/1/00 0:00,178.61,17.2524,31/7/23 11:29,1.62,RIE,Ad Group Recall (Merged)
20230807,1772934769999870 ,CL,Other,,1/1/00 0:00,178.61,17.2524,31/7/23 11:29,1.62,RIE,Ad Group Recall (Merged)
20230807,1772934769999870 ,CO,Other,,1/1/00 0:00,178.61,17.2524,31/7/23 11:29,1.62,RIE,Ad Group Recall (Merged)
20230807,1772932702854170 ,ID,ID,,1/1/00 0:00,144.9229,75.1935,31/7/23 17:00,1.8,Non-Auction Ads,R&F
20230807,1772932702854170 ,ID,ID,,1/1/00 0:00,144.9229,75.1935,31/7/23 17:00,1.8,Non-Auction Ads,R&F
20230807,1772932702854170 ,ID,ID,,1/1/00 0:00,144.9229,75.1935,31/7/23 17:00,1.8,Non-Auction Ads,R&F
20230807,1772931808691200 ,ID,ID,,1/1/00 0:00,21.5032,75.1935,31/7/23 17:00,1.8,Non-Auction Ads,R&F
20230807,1772932702854170 ,ID,ID,,1/1/00 0:00,144.9229,75.1935,31/7/23 17:00,1.8,Non-Auction Ads,R&F
20230807,1772932702854170 ,ID,ID,,1/1/00 0:00,144.9229,75.1935,31/7/23 17:00,1.8,Non-Auction Ads,R&F
20230807,1772932702854170 ,ID,ID,,1/1/00 0:00,144.9229,75.1935,31/7/23 17:00,1.8,Non-Auction Ads,R&F
20230807,1772946182003740 ,AE,MENA,,1/1/00 0:00,95.7,51.9137,31/7/23 15:16,1.67,RIE,Ad Group Recall (Merged)
20230807,1772931309485080 ,GB,GB,,1/1/00 0:00,6.7262,5.5423,31/7/23 10:18,1.76,Auction Ads,auction_relation
20230807,1772932697434110 ,FR,FR,,1/1/00 0:00,32.6096,15.2062,31/7/23 11:40,1.76,RIE,Ad Group Recall (Merged)
20230807,1772943533516800 ,US,US&CA,,1/1/00 0:00,47.32,42.1631,31/7/23 14:38,1.81,RIE,Ad Group Recall (Merged)
20230807,1772930555531290 ,ZA,ZA,,1/1/00 0:00,3.22,0.9673,31/7/23 10:08,1.4,Auction Ads,auction_relation
20230807,1772930555531290 ,BR,BR,,1/1/00 0:00,3.22,0.9673,31/7/23 10:08,1.99,Auction Ads,auction_all
20230807,1772930555531290 ,CL,CL,,1/1/00 0:00,3.22,0.9673,31/7/23 10:08,1.85,Auction Ads,auction_all
20230807,1772930555531290 ,IQ,Others,,1/1/00 0:00,3.22,0.9673,31/7/23 10:08,1.56,Auction Ads,auction_all
20230807,1772930555531290 ,IL,IL,,1/1/00 0:00,3.22,0.9673,31/7/23 10:08,1.52,Auction Ads,auction_relation
20230807,1772930555531290 ,FR,FR,,1/1/00 0:00,3.22,0.9673,31/7/23 10:08,1.97,Auction Ads,auction_relation
20230807,1772930555531290 ,GR,GR,,1/1/00 0:00,3.22,0.9673,31/7/23 10:08,2.11,Auction Ads,auction_relation
20230807,1772930555531290 ,PL,PL,,1/1/00 0:00,3.22,0.9673,31/7/23 10:08,1.64,Auction Ads,auction_relation
20230807,1772930555531290 ,MX,MX,,1/1/00 0:00,3.22,0.9673,31/7/23 10:08,1.99,Auction Ads,auction_all
20230807,1772930555531290 ,NZ,NZ,,1/1/00 0:00,3.22,0.9673,31/7/23 10:08,1.58,Auction Ads,auction_relation
20230807,1772930555531290 ,PE,PE,,1/1/00 0:00,3.22,0.9673,31/7/23 10:08,1.68,Auction Ads,auction_all
20230807,1772930555531290 ,ES,ES,,1/1/00 0:00,3.22,0.9673,31/7/23 10:08,1.37,Auction Ads,auction_relation
20230807,1772930555531290 ,EG,MENA,,1/1/00 0:00,3.22,0.9673,31/7/23 10:08,1.78,Auction Ads,auction_relation
20230807,1772930555531290 ,PE,PE,,1/1/00 0:00,3.22,0.9673,31/7/23 10:08,1.68,Auction Ads,auction_all
20230807,1772930555531290 ,TR,TR,,1/1/00 0:00,3.22,0.9673,31/7/23 10:08,0.83,Auction Ads,auction_relation
20230807,1772930555531290 ,AU,AU,,1/1/00 0:00,3.22,0.9673,31/7/23 10:08,1.84,Auction Ads,auction_relation
20230807,1772930555531290 ,SE,SE,,1/1/00 0:00,3.22,0.9673,31/7/23 10:08,1.4,Auction Ads,auction_relation
20230807,1772930555531290 ,HU,Others,,1/1/00 0:00,3.22,0.9673,31/7/23 10:08,1.56,Auction Ads,auction_all
20230807,1772930555531290 ,DK,DK,,1/1/00 0:00,3.22,0.9673,31/7/23 10:08,1.31,Auction Ads,auction_relation
20230807,1772930555531290 ,CH,CH,,1/1/00 0:00,3.22,0.9673,31/7/23 10:08,0.93,Auction Ads,auction_relation
20230807,1772930555531290 ,PT,PT,,1/1/00 0:00,3.22,0.9673,31/7/23 10:08,1.98,Auction Ads,auction_relation
20230807,1772930555531290 ,IE,IE,,1/1/00 0:00,3.22,0.9673,31/7/23 10:08,1.52,Auction Ads,auction_relation
20230807,1772930555531290 ,GB,GB,,1/1/00 0:00,3.22,0.9673,31/7/23 10:08,1.76,Auction Ads,auction_relation
20230807,1772930555531290 ,NL,NL,,1/1/00 0:00,3.22,0.9673,31/7/23 10:08,1.19,Auction Ads,auction_relation
20230807,1772930555531290 ,NO,Others,,1/1/00 0:00,3.22,0.9673,31/7/23 10:08,1.56,Auction Ads,auction_all
20230807,1772930555531290 ,PK,PK,,1/1/00 0:00,3.22,0.9673,31/7/23 10:08,1.36,Auction Ads,auction_relation
20230807,1772930555531290 ,BE,BE,,1/1/00 0:00,3.22,0.9673,31/7/23 10:08,1.15,Auction Ads,auction_relation
20230807,1772930555531290 ,JO,Others,,1/1/00 0:00,3.22,0.9673,31/7/23 10:08,1.56,Auction Ads,auction_all
20230807,1772930555531290 ,SA,MENA,,1/1/00 0:00,3.22,0.9673,31/7/23 10:08,1.78,Auction Ads,auction_relation
20230807,1772930555531290 ,CZ,CZ,,1/1/00 0:00,3.22,0.9673,31/7/23 10:08,1.9,Auction Ads,auction_relation
20230807,1772930555531290 ,PK,PK,,1/1/00 0:00,3.22,0.9673,31/7/23 10:08,1.36,Auction Ads,auction_relation
20230807,1772935549119530 ,BR,BR,,1/1/00 0:00,51.11,14.6148,31/7/23 12:20,1.7,RIE,Ad Group Recall (Merged)
20230807,1772933280748590 ,CA,US&CA,,1/1/00 0:00,27.98,12.8262,31/7/23 11:55,1.81,RIE,Ad Group Recall (Merged)
20230807,1772931789316090 ,MY,,,1/1/00 0:00,1.1306,1.9385,31/7/23 10:32,0.54,Non-Auction Ads,Promote
20230807,1772931667766270 ,VN,,,1/1/00 0:00,1.0482,0.8003,31/7/23 10:30,0.54,Non-Auction Ads,Promote
20230807,1772941944896520 ,BR,BR,,1/1/00 0:00,0,16.322,31/7/23 13:11,1.7,RIE,Ad Group Recall (Merged)
20230807,1772938084562960 ,GB,GB,,1/1/00 0:00,0,13.9742,31/7/23 13:05,1.76,Auction Ads,auction_relation
20230807,1772933617022970 ,MY,,,1/1/00 0:00,0,1.3012,31/7/23 11:03,0.54,Non-Auction Ads,Promote
20230807,1772938493359120 ,AR,Other,,1/1/00 0:00,19.51,16.2651,31/7/23 13:18,1.62,RIE,Ad Group Recall (Merged)
20230807,1772938535781490 ,AR,Other,,1/1/00 0:00,19.57,16.2651,31/7/23 13:18,1.62,RIE,Ad Group Recall (Merged)
20230807,1772938535781490 ,MX,Other,,1/1/00 0:00,19.57,16.2651,31/7/23 13:18,1.62,RIE,Ad Group Recall (Merged)
20230807,1772938493359120 ,MX,Other,,1/1/00 0:00,19.51,16.2651,31/7/23 13:18,1.62,RIE,Ad Group Recall (Merged)
20230807,1772938535781490 ,CO,Other,,1/1/00 0:00,19.57,16.2651,31/7/23 13:18,1.62,RIE,Ad Group Recall (Merged)
20230807,1772938535781490 ,CL,Other,,1/1/00 0:00,19.57,16.2651,31/7/23 13:18,1.62,RIE,Ad Group Recall (Merged)
20230807,1772938493359120 ,UY,Other,,1/1/00 0:00,19.51,16.2651,31/7/23 13:18,1.62,RIE,Ad Group Recall (Merged)
20230807,1772938493359120 ,CO,Other,,1/1/00 0:00,19.51,16.2651,31/7/23 13:18,1.62,RIE,Ad Group Recall (Merged)
20230807,1772938535781490 ,PE,Other,,1/1/00 0:00,19.57,16.2651,31/7/23 13:18,1.62,RIE,Ad Group Recall (Merged)
20230807,1772938493359120 ,CL,Other,,1/1/00 0:00,19.51,16.2651,31/7/23 13:18,1.62,RIE,Ad Group Recall (Merged)
20230807,1772938535781490 ,UY,Other,,1/1/00 0:00,19.57,16.2651,31/7/23 13:18,1.62,RIE,Ad Group Recall (Merged)
20230807,1772938493359120 ,PE,Other,,1/1/00 0:00,19.51,16.2651,31/7/23 13:18,1.62,RIE,Ad Group Recall (Merged)
20230807,1772940353879040 ,FR,FR,,1/1/00 0:00,174.1993,120.7693,1/8/23 0:10,1.97,Auction Ads,auction_relation
20230807,1772934437552120 ,TH,TH,,1/1/00 0:00,0.0214,0.0725,31/7/23 11:13,1.87,RIE,Ad Group Recall (Merged)
20230807,1772935752198140 ,MY,,,1/1/00 0:00,1.5565,1.7124,31/7/23 11:36,0.54,Non-Auction Ads,Promote
20230807,1772946953452560 ,SA,MENA,,1/1/00 0:00,82.22,39.1236,31/7/23 15:29,1.78,Auction Ads,auction_relation
20230807,1772936828010490 ,VN,,,1/1/00 0:00,0.5137,1.4677,31/7/23 11:53,0.54,Non-Auction Ads,Promote
20230807,1772939219971120 ,GB,GB,,1/1/00 0:00,,13.9742,31/7/23 13:27,1.76,Auction Ads,auction_relation
20230807,1772939415328770 ,GB,GB,,1/1/00 0:00,0.3568,13.9742,31/7/23 13:31,1.76,Auction Ads,auction_relation
20230807,1772945401936920 ,TH,TH,,1/1/00 0:00,6.007,5.0095,31/7/23 12:44,1.64,Auction Ads,auction_relation
20230807,1772945401936920 ,TH,TH,,1/1/00 0:00,6.007,5.0095,31/7/23 12:44,1.87,RIE,Ad Group Recall (Merged)
20230807,1772939750679550 ,GB,GB,,1/1/00 0:00,1.2495,13.9742,31/7/23 13:34,1.76,Auction Ads,auction_relation
20230807,1772941223977010 ,US,US&CA,,1/1/00 0:00,30.41,17.1921,31/7/23 14:00,1.81,RIE,Ad Group Recall (Merged)
20230807,1772948755096570 ,IL,IL,,1/1/00 0:00,24.67,16.21,31/7/23 14:00,1.52,Auction Ads,auction_relation
20230807,1772937772524600 ,MY,,,1/1/00 0:00,2.222,1.2612,31/7/23 12:08,0.54,Non-Auction Ads,Promote
20230807,1772940988013560 ,IL,,,1/1/00 0:00,2.0931,3.7799,31/7/23 12:59,0.54,Non-Auction Ads,Promote
20230807,1772940241906730 ,MA,Other,,1/1/00 0:00,32.98,2.8605,31/7/23 12:44,1.62,RIE,Ad Group Recall (Merged)
20230807,1772941737820160 ,FR,,,1/1/00 0:00,2.4992,4.2252,31/7/23 13:11,0.54,Non-Auction Ads,Promote
20230807,1773016155761740 ,ZA,Other,,1/1/00 0:00,1341.1718,233.0705,1/8/23 9:37,1.62,RIE,Ad Group Recall (Merged)
20230807,1773016155761740 ,BR,BR,,1/1/00 0:00,1341.1718,233.0705,1/8/23 9:37,1.7,RIE,Ad Group Recall (Merged)
20230807,1772938678710270 ,KH,,,1/1/00 0:00,0.1186,0.2851,31/7/23 12:22,0.54,Non-Auction Ads,Promote
20230807,1772938810506240 ,VN,,,1/1/00 0:00,0.8323,0.3636,31/7/23 12:24,0.54,Non-Auction Ads,Promote
20230807,1758344033683470 ,PL,PL,,1/1/00 0:00,37.6908,94.0287,31/7/23 23:00,1.43,Non-Auction Ads,R&F
20230807,1772949806066750 ,SA,MENA,,1/1/00 0:00,28.11,28.1311,31/7/23 15:13,1.67,RIE,Ad Group Recall (Merged)
20230807,1772972564497420 ,US,US&CA,,1/1/00 0:00,521.73,162.8261,1/8/23 5:00,1.81,RIE,Ad Group Recall (Merged)
20230807,1772946469868610 ,US,,,1/1/00 0:00,5.76,13.8883,31/7/23 14:25,0.54,Non-Auction Ads,Promote
20230807,1772944185926670 ,US,US&CA,,1/1/00 0:00,20.37,22.5653,31/7/23 14:53,1.81,RIE,Ad Group Recall (Merged)
20230807,1772948211959850 ,BR,BR,,1/1/00 0:00,33.2976,15.2694,31/7/23 14:34,1.7,RIE,Ad Group Recall (Merged)
20230807,1772946587704350 ,US,US&CA,,1/1/00 0:00,20.43,12.6215,31/7/23 14:26,1.81,RIE,Ad Group Recall (Merged)
20230807,1772942684359680 ,TH,,,1/1/00 0:00,2.9316,3.0381,31/7/23 13:27,0.54,Non-Auction Ads,Promote
20230807,1772947000393760 ,PK,Other,,1/1/00 0:00,29.46,12.3748,31/7/23 14:29,1.62,RIE,Ad Group Recall (Merged)
20230807,1772944121178110 ,GB,,,1/1/00 0:00,2.818,5.4222,31/7/23 13:49,0.54,Non-Auction Ads,Promote
20230807,1772946426063870 ,CA,USCA,,1/1/00 0:00,3.3571,27.1936,31/7/23 15:21,1.78,Auction Ads,auction_relation
20230807,1772939866491920 ,GR,Other,,1/1/00 0:00,4.1,2.2682,31/7/23 13:39,1.62,RIE,Ad Group Recall (Merged)
20230807,1772943601685500 ,SA,,,1/1/00 0:00,1.3835,2.4682,31/7/23 13:40,0.54,Non-Auction Ads,Promote
20230807,1772947189181440 ,KR,KR,,1/1/00 0:00,39.53,12.3748,31/7/23 14:36,2.37,Auction Ads,auction_relation
20230807,1772944552561710 ,VN,VN,,1/1/00 0:00,8.7062,2.6072,31/7/23 13:54,2.13,RIE,Ad Group Recall (Merged)
20230807,1772943179609080 ,VN,,,1/1/00 0:00,2.3449,0.5327,31/7/23 13:35,0.54,Non-Auction Ads,Promote
20230807,1772944386251820 ,SA,MENA,,1/1/00 0:00,20.6,15.2309,31/7/23 14:46,1.67,RIE,Ad Group Recall (Merged)
20230807,1772650014706690 ,TH,TH,,1/1/00 0:00,90.5425,49.5714,31/7/23 17:01,1.87,RIE,Ad Group Recall (Merged)
20230807,1772992811961340 ,MA,Other,,1/1/00 0:00,407.01,122.4865,1/8/23 2:27,1.62,RIE,Ad Group Recall (Merged)
20230807,1772992811961340 ,SA,MENA,,1/1/00 0:00,407.01,122.4865,1/8/23 2:27,1.67,RIE,Ad Group Recall (Merged)
20230807,1773011000425470 ,FR,FR,,1/1/00 0:00,211.8695,197.4487,1/8/23 8:00,1.97,Auction Ads,auction_relation
20230807,1772932226867240 ,CA,USCA,,1/1/00 0:00,302.68,22.5138,31/7/23 15:34,1.78,Auction Ads,auction_relation
20230807,1772948226460680 ,BR,BR,,1/1/00 0:00,0,11.8839,31/7/23 14:49,1.7,RIE,Ad Group Recall (Merged)
20230807,1773007058289710 ,GB,GB,,1/1/00 0:00,1017.82,169.7906,1/8/23 6:14,1.76,Auction Ads,auction_relation
20230807,1772945791835180 ,VN,VN,,1/1/00 0:00,8.7375,2.1974,31/7/23 14:13,2.14,Auction Ads,auction_relation
20230807,1772945534368770 ,ID,,,1/1/00 0:00,1.351,1.0452,31/7/23 14:10,0.54,Non-Auction Ads,Promote
20230807,1772945169451000 ,VN,,,1/1/00 0:00,0.616,0.5853,31/7/23 14:04,0.54,Non-Auction Ads,Promote
20230807,1772946995605500 ,KH,,,1/1/00 0:00,4.4985,2.7894,31/7/23 14:33,1.53,RIE,Promote Report Recall
20230807,1773045949286410 ,US,US&CA,,1/1/00 0:00,490.03,323.8616,1/8/23 17:45,1.81,RIE,Ad Group Recall (Merged)
20230807,1772947037880320 ,HU,Other,,1/1/00 0:00,1.6,1.8065,31/7/23 14:34,1.62,RIE,Ad Group Recall (Merged)
20230807,1772946748600320 ,EG,,,1/1/00 0:00,0.3974,0.4956,31/7/23 14:30,0.54,Non-Auction Ads,Promote
20230807,1772948006635530 ,IL,IL,,1/1/00 0:00,19.72,16.0445,31/7/23 15:31,1.22,RIE,Ad Group Recall (Merged)
20230807,1772945977774090 ,CA,US&CA,,1/1/00 0:00,18.27,12.5103,31/7/23 15:16,1.81,RIE,Ad Group Recall (Merged)
20230807,1772947065927680 ,VN,,,1/1/00 0:00,1.298,1.4694,31/7/23 14:35,0.54,Non-Auction Ads,Promote
20230807,1772945022385160 ,RO,RO,,1/1/00 0:00,3.4884,6.3111,31/7/23 14:59,1.94,Auction Ads,auction_relation
20230807,1773017841868830 ,SE,Other,,1/1/00 0:00,199.3498,222.7785,1/8/23 10:19,1.62,RIE,Ad Group Recall (Merged)
20230807,1772973008711720 ,US,US&CA,,1/1/00 0:00,78.15,61.7399,31/7/23 21:27,1.81,RIE,Ad Group Recall (Merged)
20230807,1772948286968840 ,US,US&CA,,1/1/00 0:00,0.55,0.2443,31/7/23 14:36,1.81,RIE,Ad Group Recall (Merged)
20230807,1772948144523280 ,US,US&CA,,1/1/00 0:00,0.17,0.2443,31/7/23 14:36,1.81,RIE,Ad Group Recall (Merged)
20230807,1772948149433360 ,US,US&CA,,1/1/00 0:00,0.03,0.2443,31/7/23 14:36,1.81,RIE,Ad Group Recall (Merged)
20230807,1772948186031100 ,US,US&CA,,1/1/00 0:00,0.3,0.2443,31/7/23 14:36,1.81,RIE,Ad Group Recall (Merged)
20230807,1772948316640250 ,US,US&CA,,1/1/00 0:00,0.44,0.2443,31/7/23 14:36,1.81,RIE,Ad Group Recall (Merged)
20230807,1772950547451930 ,NO,Others,,1/1/00 0:00,50.7095,12.4339,31/7/23 15:41,1.56,Auction Ads,auction_all
20230807,1772950547451930 ,DK,DK,,1/1/00 0:00,50.7095,12.4339,31/7/23 15:41,1.31,Auction Ads,auction_relation
20230807,1772947781398590 ,ID,ID,,1/1/00 0:00,70.5001,33.7015,31/7/23 17:00,1.8,Auction Ads,auction_relation
20230807,1772947781398590 ,ID,ID,,1/1/00 0:00,70.5001,33.7015,31/7/23 17:00,1.8,Auction Ads,auction_relation
20230807,1772947332299770 ,PH,,,1/1/00 0:00,0.8572,0.8135,31/7/23 14:40,1.53,RIE,Promote Report Recall
20230807,1772944652554320 ,ID,ID,,1/1/00 0:00,0,33.7015,31/7/23 17:00,1.8,Auction Ads,auction_relation
20230807,1772948042422270 ,SA,,,1/1/00 0:00,0,1.7211,31/7/23 14:51,0.54,Non-Auction Ads,Promote
20230807,1772915485118490 ,BR,BR,,1/1/00 0:00,,3.1034,31/7/23 15:00,1.7,RIE,Ad Group Recall (Merged)
20230807,1772915485118490 ,BR,BR,,1/1/00 0:00,,3.1034,31/7/23 15:00,1.7,RIE,Ad Group Recall (Merged)
20230807,1772948024653820 ,PH,,,1/1/00 0:00,2.0208,0.8135,31/7/23 14:50,0.54,Non-Auction Ads,Promote
20230807,1772943842498560 ,ID,ID,,1/1/00 0:00,27.2051,33.7015,31/7/23 17:00,1.8,Auction Ads,auction_relation
20230807,1772943842498560 ,ID,ID,,1/1/00 0:00,27.2051,33.7015,31/7/23 17:00,1.8,Auction Ads,auction_relation
20230807,1772947966357550 ,ID,ID,,1/1/00 0:00,71.7283,33.7015,31/7/23 17:00,1.8,Auction Ads,auction_relation
20230807,1772949204079650 ,BR,BR,,1/1/00 0:00,,3.1034,31/7/23 15:07,1.7,RIE,Ad Group Recall (Merged)
20230807,1772949204022280 ,BR,BR,,1/1/00 0:00,,3.1034,31/7/23 15:07,1.7,RIE,Ad Group Recall (Merged)
20230807,1773113493488750 ,IE,IE,,1/1/00 0:00,360.5786,491.9031,2/8/23 10:39,1.52,Auction Ads,auction_relation
20230807,1773113493488750 ,GB,GB,,1/1/00 0:00,360.5786,491.9031,2/8/23 10:39,1.76,Auction Ads,auction_relation
20230807,1772949973788670 ,FR,,,1/1/00 0:00,3.9517,5.2196,31/7/23 15:21,0.54,Non-Auction Ads,Promote
20230807,1772948560171040 ,HU,Other,,1/1/00 0:00,3.3131,2.0384,31/7/23 15:13,1.62,RIE,Ad Group Recall (Merged)
20230807,1772952715773960 ,SA,MENA,,1/1/00 0:00,15.42,8.0264,31/7/23 16:01,1.67,RIE,Ad Group Recall (Merged)
20230807,1772952715773960 ,SA,MENA,,1/1/00 0:00,15.42,8.0264,31/7/23 16:01,1.67,RIE,Ad Group Recall (Merged)
20230807,1772933426639900 ,KW,Other,,1/1/00 0:00,172.78,143.6924,1/8/23 5:53,1.62,RIE,Ad Group Recall (Merged)
20230807,1772934124717080 ,KW,Other,,1/1/00 0:00,184.751,143.6924,1/8/23 5:55,1.62,RIE,Ad Group Recall (Merged)
20230807,1772952068124700 ,BR,BR,,1/1/00 0:00,,1.4959,31/7/23 15:53,1.7,RIE,Ad Group Recall (Merged)
20230807,1772953537489950 ,FR,FR,,1/1/00 0:00,19.5748,4.2443,31/7/23 16:14,1.97,Auction Ads,auction_relation
20230807,1772630061833250 ,KW,Other,,1/1/00 0:00,26.52,2.3425,31/7/23 16:00,1.62,RIE,Ad Group Recall (Merged)
20230807,1773012465289250 ,ID,ID,,1/1/00 0:00,203.76,151.4392,1/8/23 6:37,2.05,RIE,Ad Group Recall (Merged)
20230807,1772921401711650 ,MY,MY,,1/1/00 0:00,2.55,2.1492,31/7/23 16:00,2.3,RIE,Ad Group Recall (Merged)
20230807,1772952324176890 ,VN,,,1/1/00 0:00,1.5966,0.5747,31/7/23 15:58,0.54,Non-Auction Ads,Promote
20230807,1772999918265390 ,TW,TW,,1/1/00 0:00,144.26,121.1029,1/8/23 3:50,2.59,RIE,Ad Group Recall (Merged)
20230807,1772999918265390 ,TW,TW,,1/1/00 0:00,144.26,121.1029,1/8/23 3:50,0.95,Auction Ads,auction_relation
20230807,1772901739164720 ,TH,TH,,1/1/00 0:00,3.63,16.9409,31/7/23 17:00,1.64,Auction Ads,auction_relation
20230807,1772901739164720 ,TH,TH,,1/1/00 0:00,3.63,16.9409,31/7/23 17:00,1.64,Auction Ads,auction_relation
20230807,1772952810294320 ,TH,TH,,1/1/00 0:00,3.06,16.9409,31/7/23 17:00,1.64,Auction Ads,auction_relation
20230807,1772916842161200 ,SG,Other,,1/1/00 0:00,4.84,1.4127,31/7/23 16:00,1.62,RIE,Ad Group Recall (Merged)
20230807,1772955341448190 ,AE,,,1/1/00 0:00,3.0194,2.6956,31/7/23 16:47,0.54,Non-Auction Ads,Promote
20230807,1772953864772600 ,ID,,,1/1/00 0:00,1.5337,0.7385,31/7/23 16:24,0.54,Non-Auction Ads,Promote
20230807,1772954164157440 ,VN,,,1/1/00 0:00,1.4845,0.9909,31/7/23 16:27,0.54,Non-Auction Ads,Promote
20230807,1772954739699710 ,ID,,,1/1/00 0:00,1.4772,1.5714,31/7/23 16:38,0.54,Non-Auction Ads,Promote
20230807,1772954460297210 ,VN,,,1/1/00 0:00,1.4305,0.9909,31/7/23 16:32,0.54,Non-Auction Ads,Promote
20230807,1772955749449730 ,SA,,,1/1/00 0:00,1.0261,1.9864,31/7/23 16:53,0.54,Non-Auction Ads,Promote
20230807,1772558849048620 ,TH,TH,,1/1/00 0:00,26.7339,13.5828,31/7/23 17:00,1.87,RIE,Ad Group Recall (Merged)
20230807,1773011227956220 ,US,US&CA,,1/1/00 0:00,948.29,157.8083,1/8/23 7:31,1.81,RIE,Ad Group Recall (Merged)
20230807,1772965240805410 ,BR,BR,,1/1/00 0:00,0,22.0833,31/7/23 17:39,1.7,RIE,Ad Group Recall (Merged)
20230807,1772973922130960 ,BR,BR,,1/1/00 0:00,6.9,40.1333,31/7/23 21:37,1.7,RIE,Ad Group Recall (Merged)
20230807,1772920222366720 ,ID,ID,,1/1/00 0:00,15.7663,8.2003,31/7/23 17:00,1.8,Auction Ads,auction_relation
20230807,1772920222366720 ,ID,ID,,1/1/00 0:00,15.7663,8.2003,31/7/23 17:00,1.8,Auction Ads,auction_relation
20230807,1772920222366720 ,ID,ID,,1/1/00 0:00,15.7663,8.2003,31/7/23 17:00,1.8,Auction Ads,auction_relation
20230807,1772938413046800 ,TH,TH,,1/1/00 0:00,,7.8081,31/7/23 17:00,1.87,RIE,Ad Group Recall (Merged)
20230807,1772935413598240 ,VN,VN,,1/1/00 0:00,12.6858,9.557,31/7/23 17:00,2.14,Auction Ads,auction_relation
20230807,1772935846735900 ,VN,VN,,1/1/00 0:00,11.3736,9.557,31/7/23 17:00,2.14,Auction Ads,auction_relation
20230807,1772935846735900 ,VN,VN,,1/1/00 0:00,11.3736,9.557,31/7/23 17:00,2.14,Auction Ads,auction_relation
20230807,1772920411861000 ,ID,ID,,1/1/00 0:00,15.3449,8.2003,31/7/23 17:00,1.8,Auction Ads,auction_relation
20230807,1772920411861000 ,ID,ID,,1/1/00 0:00,15.3449,8.2003,31/7/23 17:00,1.8,Auction Ads,auction_relation
20230807,1772920411861000 ,ID,ID,,1/1/00 0:00,15.3449,8.2003,31/7/23 17:00,1.8,Auction Ads,auction_relation
20230807,1768034150474780 ,PL,PL,,1/1/00 0:00,385.4288,48.5083,31/7/23 23:00,1.43,Non-Auction Ads,R&F
20230807,1768034150474780 ,PL,PL,,1/1/00 0:00,385.4288,48.5083,31/7/23 23:00,1.43,Non-Auction Ads,R&F
20230807,1772902951813120 ,ID,ID,,1/1/00 0:00,12.6762,11.7026,31/7/23 17:01,1.8,Auction Ads,auction_relation
20230807,1772968397704220 ,US,US&CA,,1/1/00 0:00,47.95,30.7532,31/7/23 20:56,1.81,RIE,Ad Group Recall (Merged)
20230807,1772920614108170 ,ID,ID,,1/1/00 0:00,6.1717,8.2003,31/7/23 17:00,1.8,Auction Ads,auction_relation
20230807,1772920614108170 ,ID,ID,,1/1/00 0:00,6.1717,8.2003,31/7/23 17:00,1.8,Auction Ads,auction_relation
20230807,1772938722542640 ,IL,IL,,1/1/00 0:00,152.88,37.684,31/7/23 22:00,1.43,Non-Auction Ads,R&F
20230807,1772956678465610 ,IT,IT,,1/1/00 0:00,0,20.3577,31/7/23 19:07,1.79,RIE,Ad Group Recall (Merged)
20230807,1772962200136730 ,ID,ID,,1/1/00 0:00,3.13,16.9849,31/7/23 18:31,2.05,RIE,Ad Group Recall (Merged)
20230807,1772965861896190 ,US,,,1/1/00 0:00,7.57,22.9186,31/7/23 19:34,0.54,Non-Auction Ads,Promote
20230807,1772948287680540 ,ID,ID,,1/1/00 0:00,13.6898,5.8835,31/7/23 17:01,1.8,Auction Ads,auction_relation
20230807,1772930012144670 ,ID,ID,,1/1/00 0:00,13.6907,6.5929,31/7/23 17:01,1.8,Auction Ads,auction_relation
20230807,1772959831487480 ,BE,Other,,1/1/00 0:00,24.5527,15.2449,31/7/23 18:56,1.62,RIE,Ad Group Recall (Merged)
20230807,1772959831487480 ,NL,Other,,1/1/00 0:00,24.5527,15.2449,31/7/23 18:56,1.62,RIE,Ad Group Recall (Merged)
20230807,1772956746481680 ,KH,Other,,1/1/00 0:00,7.3713,6.3872,31/7/23 17:03,1.62,RIE,Ad Group Recall (Merged)
20230807,1772975936716830 ,US,,,1/1/00 0:00,10.74,32.0203,31/7/23 22:14,1.53,RIE,Promote Report Recall
20230807,1772956244394000 ,TH,,,1/1/00 0:00,2.7904,2.6393,31/7/23 17:01,0.54,Non-Auction Ads,Promote
20230807,1772964145308680 ,PL,PL,,1/1/00 0:00,3.3112,11.6442,31/7/23 19:06,1.64,Auction Ads,auction_relation
20230807,1772956582530080 ,GR,GR,,1/1/00 0:00,3.9,0.9673,31/7/23 17:02,2.11,Auction Ads,auction_relation
20230807,1772965727210490 ,KH,Other,,1/1/00 0:00,19.56,17.5975,31/7/23 20:31,1.62,RIE,Ad Group Recall (Merged)
20230807,1772965727210490 ,PH,Other,,1/1/00 0:00,19.56,17.5975,31/7/23 20:31,1.62,RIE,Ad Group Recall (Merged)
20230807,1772965869581380 ,US,,,1/1/00 0:00,1.86,13.7793,31/7/23 19:33,0.54,Non-Auction Ads,Promote
20230807,1772956167678980 ,BR,,,1/1/00 0:00,1.6214,1.475,31/7/23 17:06,0.54,Non-Auction Ads,Promote
20230807,1772994459303020 ,ID,ID,,1/1/00 0:00,59.93,86.5342,1/8/23 3:03,2.05,RIE,Ad Group Recall (Merged)
20230807,1772947127608350 ,ID,ID,,1/1/00 0:00,52.3278,1.1693,31/7/23 17:09,2.05,RIE,Ad Group Recall (Merged)
20230807,1772956826921980 ,SA,,,1/1/00 0:00,1.6606,1.4823,31/7/23 17:11,0.54,Non-Auction Ads,Promote
20230807,1773023253057550 ,PL,PL,,1/1/00 0:00,1206.57,197.3445,1/8/23 11:30,1.84,RIE,Ad Group Recall (Merged)
20230807,1773023253057550 ,CH,Other,,1/1/00 0:00,1206.57,197.3445,1/8/23 11:30,1.62,RIE,Ad Group Recall (Merged)
20230807,1773023253057550 ,BR,BR,,1/1/00 0:00,1206.57,197.3445,1/8/23 11:30,1.7,RIE,Ad Group Recall (Merged)
20230807,1773023253057550 ,AR,Other,,1/1/00 0:00,1206.57,197.3445,1/8/23 11:30,1.62,RIE,Ad Group Recall (Merged)
20230807,1773023253057550 ,SG,Other,,1/1/00 0:00,1206.57,197.3445,1/8/23 11:30,1.62,RIE,Ad Group Recall (Merged)
20230807,1773023253057550 ,NO,Other,,1/1/00 0:00,1206.57,197.3445,1/8/23 11:30,1.62,RIE,Ad Group Recall (Merged)
20230807,1772967813780520 ,US,US&CA,,1/1/00 0:00,16.75,18.4763,31/7/23 21:02,1.81,RIE,Ad Group Recall (Merged)
20230807,1772959908399120 ,AE,MENA,,1/1/00 0:00,1.16,4.5332,31/7/23 17:58,1.67,RIE,Ad Group Recall (Merged)
20230807,1772960420874250 ,BH,Other,,1/1/00 0:00,0.63,4.5332,31/7/23 18:07,1.62,RIE,Ad Group Recall (Merged)
20230807,1772957304803320 ,ID,,,1/1/00 0:00,1.4872,1.0978,31/7/23 17:17,0.54,Non-Auction Ads,Promote
20230807,1772958804492280 ,SA,,,1/1/00 0:00,2.4897,1.9072,31/7/23 17:42,0.54,Non-Auction Ads,Promote
20230807,1772965347017770 ,US,US&CA,,1/1/00 0:00,158.4599,9.3074,31/7/23 19:25,1.81,RIE,Ad Group Recall (Merged)
20230807,1772957515668480 ,VN,,,1/1/00 0:00,0.4992,0.3364,31/7/23 17:22,0.54,Non-Auction Ads,Promote
20230807,1772978586968060 ,CL,CL,,1/1/00 0:00,148.43,95.7715,1/8/23 4:01,1.85,Auction Ads,auction_all
20230807,1773102423767070 ,SA,MENA,,1/1/00 0:00,724.86,414.6908,2/8/23 8:30,1.67,RIE,Ad Group Recall (Merged)
20230807,1772957746418680 ,VN,,,1/1/00 0:00,0.543,0.3364,31/7/23 17:24,0.54,Non-Auction Ads,Promote
20230807,1772968706869250 ,ID,,,1/1/00 0:00,1.7131,11.7129,31/7/23 20:19,0.54,Non-Auction Ads,Promote
20230807,1772959308641280 ,PH,,,1/1/00 0:00,1.2997,0.7726,31/7/23 17:50,0.54,Non-Auction Ads,Promote
20230807,1772970680588360 ,US,USCA,,1/1/00 0:00,20.05,19.2657,31/7/23 21:40,1.78,Auction Ads,auction_relation
20230807,1772958937834490 ,ID,,,1/1/00 0:00,0.4405,0.224,31/7/23 17:44,0.54,Non-Auction Ads,Promote
20230807,1772969507084330 ,BR,BR,,1/1/00 0:00,63.3974,11.676,31/7/23 20:25,1.7,RIE,Ad Group Recall (Merged)
20230807,1772966543988740 ,DE,,,1/1/00 0:00,7.3073,9.3132,31/7/23 19:45,0.54,Non-Auction Ads,Promote
20230807,1773000215585800 ,KW,Others,,1/1/00 0:00,12.9478,13.175,31/7/23 21:00,1.56,Auction Ads,auction_all
20230807,1772964862400560 ,US,,,1/1/00 0:00,8.26,5.093,31/7/23 19:20,0.54,Non-Auction Ads,Promote
20230807,1772960784751610 ,TR,,,1/1/00 0:00,0.4242,0.4015,31/7/23 18:14,0.54,Non-Auction Ads,Promote
20230807,1772962033550330 ,SA,,,1/1/00 0:00,0.3092,1.9255,31/7/23 18:32,0.54,Non-Auction Ads,Promote
20230807,1772961652809720 ,SA,,,1/1/00 0:00,0.2692,0.9709,31/7/23 18:27,0.54,Non-Auction Ads,Promote
20230807,1772962013031470 ,RO,,,1/1/00 0:00,1.9177,1.1951,31/7/23 18:34,0.54,Non-Auction Ads,Promote
20230807,1772972427939840 ,US,,,1/1/00 0:00,5.45,13.5436,31/7/23 21:19,0.54,Non-Auction Ads,Promote
20230807,1772964546172930 ,EG,,,1/1/00 0:00,0.599,1.1112,31/7/23 19:13,0.54,Non-Auction Ads,Promote
20230807,1772965212136450 ,ES,ES,,1/1/00 0:00,9.5293,1.5964,31/7/23 19:23,1.79,RIE,Ad Group Recall (Merged)
20230807,1772971796290560 ,IL,,,1/1/00 0:00,6.4278,10.5895,31/7/23 21:11,1.53,RIE,Promote Report Recall
20230807,1772975474038810 ,PH,Other,,1/1/00 0:00,24.84,17.2083,31/7/23 22:06,1.62,RIE,Ad Group Recall (Merged)
20230807,1772965636942840 ,VN,,,1/1/00 0:00,1.0852,0.8152,31/7/23 19:31,0.54,Non-Auction Ads,Promote
20230807,1772966718507040 ,ZA,Other,,1/1/00 0:00,0,5.0475,31/7/23 20:37,1.62,RIE,Ad Group Recall (Merged)
20230807,1772966726239230 ,ID,,,1/1/00 0:00,1.5503,1.817,31/7/23 19:48,0.54,Non-Auction Ads,Promote
20230807,1772938588361730 ,IT,IT,,1/1/00 0:00,5.4387,20.6143,31/7/23 23:00,1.79,RIE,Ad Group Recall (Merged)
20230807,1772974917043200 ,ID,ID,,1/1/00 0:00,24.7,10.7003,31/7/23 21:57,2.05,RIE,Ad Group Recall (Merged)
20230807,1772974920877100 ,ID,ID,,1/1/00 0:00,25.03,10.7003,31/7/23 21:57,2.05,RIE,Ad Group Recall (Merged)
20230807,1772970313884690 ,US,US&CA,,1/1/00 0:00,4.27,9.7926,31/7/23 21:43,1.81,RIE,Ad Group Recall (Merged)
20230807,1772969105649660 ,RO,,,1/1/00 0:00,2.0176,0.9525,31/7/23 20:25,0.54,Non-Auction Ads,Promote
20230807,1772968751721520 ,FR,FR,,1/1/00 0:00,9.3,6.1082,31/7/23 21:17,1.76,RIE,Ad Group Recall (Merged)
20230807,1772971839720450 ,IL,,,1/1/00 0:00,4.419,4.6681,31/7/23 21:10,0.54,Non-Auction Ads,Promote
20230807,1773018876361740 ,KR,KR,,1/1/00 0:00,1074.98,151.9841,1/8/23 9:31,2.18,RIE,Ad Group Recall (Merged)
20230807,1772970933659680 ,BR,,,1/1/00 0:00,1.5555,1.8498,31/7/23 20:56,0.54,Non-Auction Ads,Promote
20230807,1773019715273740 ,BR,BR,,1/1/00 0:00,418.95,150.6414,1/8/23 9:45,1.7,RIE,Ad Group Recall (Merged)
20230807,1772962777917520 ,NL,Other,,1/1/00 0:00,0,14.6116,31/7/23 23:01,1.62,RIE,Ad Group Recall (Merged)
20230807,1772947310975020 ,US,US&CA,,1/1/00 0:00,39.39,13.9822,31/7/23 23:00,1.81,RIE,Ad Group Recall (Merged)
20230807,1772973684533250 ,RO,,,1/1/00 0:00,1.9088,2.0005,31/7/23 21:38,0.54,Non-Auction Ads,Promote
20230807,1772977457602560 ,US,,,1/1/00 0:00,6.11,7.9159,31/7/23 22:38,0.54,Non-Auction Ads,Promote
20230807,1772978368106540 ,ID,ID,,1/1/00 0:00,24.65,8.4383,31/7/23 22:53,2.05,RIE,Ad Group Recall (Merged)
20230807,1772978521192450 ,SA,,,1/1/00 0:00,8.1754,7.1809,31/7/23 22:55,0.54,Non-Auction Ads,Promote
20230807,1772975910291450 ,SA,,,1/1/00 0:00,2.6282,2.1908,31/7/23 22:14,0.54,Non-Auction Ads,Promote
20230807,1772975909604350 ,SA,,,1/1/00 0:00,0.9037,1.9676,31/7/23 22:14,0.54,Non-Auction Ads,Promote
20230807,1772976730289150 ,BR,,,1/1/00 0:00,1.5987,1.843,31/7/23 22:27,0.54,Non-Auction Ads,Promote
20230807,1772977887875070 ,SA,,,1/1/00 0:00,2.5808,1.7433,31/7/23 22:45,0.54,Non-Auction Ads,Promote
20230807,1773018502962190 ,NL,Other,,1/1/00 0:00,275.1694,154.3478,1/8/23 10:28,1.62,RIE,Ad Group Recall (Merged)
20230807,1772975483328560 ,US,US&CA,,1/1/00 0:00,4.74,7.198,31/7/23 23:06,1.81,RIE,Ad Group Recall (Merged)
20230807,1772979143629820 ,JP,,,1/1/00 0:00,8.3286,6.2901,31/7/23 23:05,0.54,Non-Auction Ads,Promote
20230807,1772986219164670 ,US,,,1/1/00 0:00,30.45,24.65,1/8/23 0:58,0.54,Non-Auction Ads,Promote
20230807,1772666509179950 ,VN,VN,,1/1/00 0:00,25.48,34.6772,1/8/23 2:00,2.14,Auction Ads,auction_relation
20230807,1772990232975370 ,TH,TH,,1/1/00 0:00,115.47,34.7184,1/8/23 2:02,1.87,RIE,Ad Group Recall (Merged)
20230807,1772978900762620 ,ID,,,1/1/00 0:00,1.3607,1.4696,31/7/23 23:01,0.54,Non-Auction Ads,Promote
20230807,1772979188626460 ,SA,MENA,,1/1/00 0:00,1.0129,1.0682,31/7/23 23:04,1.78,Auction Ads,auction_relation
20230807,1772997039109120 ,US,US&CA,,1/1/00 0:00,199.07,56.0925,1/8/23 3:35,1.81,RIE,Ad Group Recall (Merged)
20230807,1772979095952380 ,EG,,,1/1/00 0:00,0.8788,0.48,31/7/23 23:04,0.54,Non-Auction Ads,Promote
20230807,1772979549712380 ,MY,,,1/1/00 0:00,2.999,1.7055,31/7/23 23:12,0.54,Non-Auction Ads,Promote
20230807,1772980345100280 ,SA,,,1/1/00 0:00,2.7458,2.0868,31/7/23 23:23,0.54,Non-Auction Ads,Promote
20230807,1772929332484090 ,VN,VN,,1/1/00 0:00,65.6054,29.6831,1/8/23 2:00,2.14,Auction Ads,auction_relation
20230807,1772911031163970 ,VN,VN,,1/1/00 0:00,23.5338,29.6831,1/8/23 2:00,2.14,Auction Ads,auction_relation
20230807,1772909933228060 ,VN,VN,,1/1/00 0:00,129.9166,29.6831,1/8/23 2:00,2.14,Auction Ads,auction_relation
20230807,1772909933228060 ,VN,VN,,1/1/00 0:00,129.9166,29.6831,1/8/23 2:00,2.14,Auction Ads,auction_relation
20230807,1772980366239740 ,ID,,,1/1/00 0:00,0.8658,1.2184,31/7/23 23:25,1.53,RIE,Promote Report Recall
20230807,1772980128626680 ,ID,,,1/1/00 0:00,1.1695,0.6284,31/7/23 23:23,0.54,Non-Auction Ads,Promote
20230807,1772890598438910 ,KW,Other,,1/1/00 0:00,4.0074,3.4115,31/7/23 23:30,1.62,RIE,Ad Group Recall (Merged)
20230807,1772890598438910 ,QA,Other,,1/1/00 0:00,4.0074,3.4115,31/7/23 23:30,1.62,RIE,Ad Group Recall (Merged)
20230807,1772890598438910 ,TR,TR,,1/1/00 0:00,4.0074,3.4115,31/7/23 23:30,1.63,RIE,Ad Group Recall (Merged)
20230807,1772890598438910 ,EG,MENA,,1/1/00 0:00,4.0074,3.4115,31/7/23 23:30,1.67,RIE,Ad Group Recall (Merged)
20230807,1772890598438910 ,SA,MENA,,1/1/00 0:00,4.0074,3.4115,31/7/23 23:30,1.67,RIE,Ad Group Recall (Merged)
20230807,1772890598438910 ,AE,MENA,,1/1/00 0:00,4.0074,3.4115,31/7/23 23:30,1.67,RIE,Ad Group Recall (Merged)
20230807,1772979699246090 ,FR,FR,,1/1/00 0:00,0,11.6425,1/8/23 0:08,1.76,RIE,Ad Group Recall (Merged)
20230807,1772982401194030 ,CA,US&CA,,1/1/00 0:00,22.5198,15.3206,1/8/23 0:53,1.81,RIE,Ad Group Recall (Merged)
20230807,1773025590923280 ,PE,Other,,1/1/00 0:00,2014.43,168.2401,1/8/23 12:18,1.62,RIE,Ad Group Recall (Merged)
20230807,1773025590923280 ,MX,Other,,1/1/00 0:00,2014.43,168.2401,1/8/23 12:18,1.62,RIE,Ad Group Recall (Merged)
20230807,1773025590923280 ,CO,Other,,1/1/00 0:00,2014.43,168.2401,1/8/23 12:18,1.62,RIE,Ad Group Recall (Merged)
20230807,1773025590923280 ,EC,Other,,1/1/00 0:00,2014.43,168.2401,1/8/23 12:18,1.62,RIE,Ad Group Recall (Merged)
20230807,1773025590923280 ,CO,Other,,1/1/00 0:00,2014.43,168.2401,1/8/23 12:18,1.62,RIE,Ad Group Recall (Merged)
20230807,1773025590923280 ,CL,Other,,1/1/00 0:00,2014.43,168.2401,1/8/23 12:18,1.62,RIE,Ad Group Recall (Merged)
20230807,1773025590923280 ,CO,Other,,1/1/00 0:00,2014.43,168.2401,1/8/23 12:18,1.62,RIE,Ad Group Recall (Merged)
20230807,1773025590923280 ,UY,Other,,1/1/00 0:00,2014.43,168.2401,1/8/23 12:18,1.62,RIE,Ad Group Recall (Merged)
20230807,1772983517290490 ,MA,Other,,1/1/00 0:00,3.09,7.0559,1/8/23 0:11,1.62,RIE,Ad Group Recall (Merged)
20230807,1773005101027370 ,VN,VN,,1/1/00 0:00,247.15,82.7657,1/8/23 6:48,2.13,RIE,Ad Group Recall (Merged)
20230807,1772983680800770 ,US,,,1/1/00 0:00,4.96,6.4692,1/8/23 0:17,0.54,Non-Auction Ads,Promote
20230807,1772992489015290 ,PH,Other,,1/1/00 0:00,209.95,30.7104,1/8/23 2:37,1.62,RIE,Ad Group Recall (Merged)
20230807,1772980809108480 ,BR,BR,,1/1/00 0:00,,0.8577,31/7/23 23:31,1.7,RIE,Ad Group Recall (Merged)
20230807,1772983407609850 ,AE,,,1/1/00 0:00,4.5221,2.9296,1/8/23 0:13,0.54,Non-Auction Ads,Promote
20230807,1772987398241280 ,US,,,1/1/00 0:00,15.32,9.7233,1/8/23 1:17,0.54,Non-Auction Ads,Promote
20230807,1772983741688830 ,SA,,,1/1/00 0:00,2.8442,3.258,1/8/23 0:17,0.54,Non-Auction Ads,Promote
20230807,1772983060702210 ,PH,,,1/1/00 0:00,1.6322,0.5646,1/8/23 0:07,0.54,Non-Auction Ads,Promote
20230807,1772987304185950 ,SA,MENA,,1/1/00 0:00,40.7383,7.9744,1/8/23 1:09,1.67,RIE,Ad Group Recall (Merged)
20230807,1773005791258640 ,VN,VN,,1/1/00 0:00,200.68,82.7657,1/8/23 7:02,2.13,RIE,Ad Group Recall (Merged)
20230807,1772985116410880 ,JP,,,1/1/00 0:00,2.9415,2.7268,1/8/23 0:42,0.54,Non-Auction Ads,Promote
20230807,1772983788388350 ,SA,,,1/1/00 0:00,2.8897,1.9676,1/8/23 0:19,0.54,Non-Auction Ads,Promote
20230807,1772983622328320 ,VN,,,1/1/00 0:00,1.6499,0.5481,1/8/23 0:16,0.54,Non-Auction Ads,Promote
20230807,1772985285086200 ,ID,,,1/1/00 0:00,2.4805,1.137,1/8/23 0:43,0.54,Non-Auction Ads,Promote
20230807,1772975474620430 ,CA,,,1/1/00 0:00,1.4059,1.5968,1/8/23 0:56,1.53,RIE,Promote Report Recall
20230807,1772937181128750 ,VN,VN,,1/1/00 0:00,49.71,3.6935,1/8/23 1:05,2.14,Auction Ads,auction_relation
20230807,1772937181128750 ,VN,VN,,1/1/00 0:00,49.71,3.6935,1/8/23 1:05,2.14,Auction Ads,auction_relation
20230807,1772986362326010 ,ID,,,1/1/00 0:00,1.7509,1.1147,1/8/23 1:01,0.54,Non-Auction Ads,Promote
20230807,1772987033772030 ,TH,,,1/1/00 0:00,0.9821,0.7073,1/8/23 1:11,0.54,Non-Auction Ads,Promote
20230807,1772988226235390 ,US,,,1/1/00 0:00,4.68,4.678,1/8/23 1:33,0.54,Non-Auction Ads,Promote
20230807,1771382435343370 ,GB,GB,,1/1/00 0:00,444.8,47.2445,1/8/23 5:00,1.72,RIE,Ad Group Recall (Merged)
20230807,1772993486305280 ,KR,KR,,1/1/00 0:00,500.34,38.7685,1/8/23 3:52,2.18,RIE,Ad Group Recall (Merged)
20230807,1772989264191490 ,JP,,,1/1/00 0:00,9.3859,4.5422,1/8/23 1:46,0.54,Non-Auction Ads,Promote
20230807,1772979355295740 ,BR,BR,,1/1/00 0:00,17.0955,26.177,1/8/23 3:01,1.99,Auction Ads,auction_all
20230807,1772989428644860 ,JP,,,1/1/00 0:00,7.2208,4.5422,1/8/23 1:49,0.54,Non-Auction Ads,Promote
20230807,1772978781636640 ,BR,BR,,1/1/00 0:00,17.3394,26.177,1/8/23 3:01,1.99,Auction Ads,auction_all
20230807,1772994847624220 ,JP,JP,,1/1/00 0:00,1178.95,28.0586,1/8/23 3:15,3.21,RIE,Ad Group Recall (Merged)
20230807,1772994848768030 ,JP,JP,,1/1/00 0:00,2458.69,28.0586,1/8/23 3:15,3.21,RIE,Ad Group Recall (Merged)
20230807,1772690714512410 ,UY,Others,,1/1/00 0:00,39.96,31.809,1/8/23 3:38,1.56,Auction Ads,auction_all
20230807,1772988049599480 ,TH,,,1/1/00 0:00,5.462,1.3679,1/8/23 1:28,1.53,RIE,Promote Report Recall
20230807,1772996821645340 ,TH,TH,,1/1/00 0:00,106.7475,33.2566,1/8/23 3:44,1.87,RIE,Ad Group Recall (Merged)
20230807,1772988416756730 ,VN,,,1/1/00 0:00,1.9813,1.1454,1/8/23 1:33,0.54,Non-Auction Ads,Promote
20230807,1772991308872750 ,TW,TW,,1/1/00 0:00,10.57,6.6389,1/8/23 2:17,2.59,RIE,Ad Group Recall (Merged)
20230807,1773028769429530 ,KR,KR,,1/1/00 0:00,852.8354,257.1667,2/8/23 1:00,2.18,RIE,Ad Group Recall (Merged)
20230807,1772990072486910 ,VN,,,1/1/00 0:00,0.9976,1.1531,1/8/23 1:59,0.54,Non-Auction Ads,Promote
20230807,1772972949085230 ,US,US&CA,,1/1/00 0:00,47.59,39.6187,1/8/23 5:00,1.81,RIE,Ad Group Recall (Merged)
20230807,1773016199345180 ,JP,JP,,1/1/00 0:00,14.1524,91.3728,1/8/23 8:44,2.16,Auction Ads,auction_all
20230807,1772990348346370 ,PH,,,1/1/00 0:00,3.5968,2.7819,1/8/23 2:03,0.54,Non-Auction Ads,Promote
20230807,1772990245474300 ,TH,,,1/1/00 0:00,5.7871,0.9822,1/8/23 2:01,0.54,Non-Auction Ads,Promote
20230807,1772969482614810 ,US,US&CA,,1/1/00 0:00,136.83,39.6187,1/8/23 5:01,1.81,RIE,Ad Group Recall (Merged)
20230807,1772992222297080 ,SG,,,1/1/00 0:00,14.2888,9.9618,1/8/23 2:33,0.54,Non-Auction Ads,Promote
20230807,1772972407386160 ,US,US&CA,,1/1/00 0:00,17.61,38.5708,1/8/23 5:00,1.81,RIE,Ad Group Recall (Merged)
20230807,1772969384111120 ,US,US&CA,,1/1/00 0:00,49.66,39.6187,1/8/23 5:01,1.81,RIE,Ad Group Recall (Merged)
20230807,1773070041595950 ,CA,USCA,,1/1/00 0:00,99.23,247.6332,1/8/23 23:58,1.78,Auction Ads,auction_relation
20230807,1773070041595950 ,US,USCA,,1/1/00 0:00,99.23,247.6332,1/8/23 23:58,1.78,Auction Ads,auction_relation
20230807,1772990923657220 ,BR,,,1/1/00 0:00,3.2446,1.015,1/8/23 2:13,0.54,Non-Auction Ads,Promote
20230807,1772991422620670 ,SA,,,1/1/00 0:00,3.1962,1.9676,1/8/23 2:21,0.54,Non-Auction Ads,Promote
20230807,1772991477991450 ,ID,ID,,1/1/00 0:00,4.1704,1.0917,1/8/23 2:20,1.8,Auction Ads,auction_relation
20230807,1772991455283200 ,PH,,,1/1/00 0:00,3.6079,1.3928,1/8/23 2:20,0.54,Non-Auction Ads,Promote
20230807,1772991411499030 ,BR,,,1/1/00 0:00,3.1561,1.8071,1/8/23 2:22,0.54,Non-Auction Ads,Promote
20230807,1773102267056160 ,US,US&CA,,1/1/00 0:00,683.15,350.5049,2/8/23 8:36,1.81,RIE,Ad Group Recall (Merged)
20230807,1772991792081920 ,ID,,,1/1/00 0:00,3.3058,3.4845,1/8/23 2:27,0.54,Non-Auction Ads,Promote
20230807,1772610444552190 ,BR,BR,,1/1/00 0:00,31.6104,15.8592,1/8/23 3:01,1.7,RIE,Ad Group Recall (Merged)
20230807,1772610458799200 ,BR,BR,,1/1/00 0:00,31.4783,15.8592,1/8/23 3:01,1.7,RIE,Ad Group Recall (Merged)
20230807,1772991657118720 ,ID,,,1/1/00 0:00,2.2291,0.7035,1/8/23 2:24,0.54,Non-Auction Ads,Promote
20230807,1772991701967870 ,ID,,,1/1/00 0:00,1.2669,0.8068,1/8/23 2:25,0.54,Non-Auction Ads,Promote
20230807,1773018752835600 ,TR,TR,,1/1/00 0:00,397.91,224.8988,1/8/23 21:00,1.43,Non-Auction Ads,R&F
20230807,1772991957719040 ,ID,,,1/1/00 0:00,1.9077,1.9694,1/8/23 2:31,0.54,Non-Auction Ads,Promote
20230807,1772553107872760 ,TH,TH,,1/1/00 0:00,56.2335,8.3228,1/8/23 3:00,1.64,Auction Ads,auction_relation
20230807,1772553107872760 ,TH,TH,,1/1/00 0:00,56.2335,8.3228,1/8/23 3:00,1.87,RIE,Ad Group Recall (Merged)
20230807,1772553107872760 ,TH,TH,,1/1/00 0:00,56.2335,8.3228,1/8/23 3:00,1.87,RIE,Ad Group Recall (Merged)
20230807,1772553107872760 ,TH,TH,,1/1/00 0:00,56.2335,8.3228,1/8/23 3:00,1.64,Auction Ads,auction_relation
20230807,1772553107872760 ,TH,TH,,1/1/00 0:00,56.2335,8.3228,1/8/23 3:00,1.87,RIE,Ad Group Recall (Merged)
20230807,1772553107872760 ,TH,TH,,1/1/00 0:00,56.2335,8.3228,1/8/23 3:00,1.87,RIE,Ad Group Recall (Merged)
20230807,1772553107872760 ,TH,TH,,1/1/00 0:00,56.2335,8.3228,1/8/23 3:00,1.64,Auction Ads,auction_relation
20230807,1772467104216090 ,TH,TH,,1/1/00 0:00,33.753,8.3228,1/8/23 3:00,1.64,Auction Ads,auction_relation
20230807,1772993108184060 ,ID,ID,,1/1/00 0:00,13.1845,0.8886,1/8/23 2:33,1.8,Auction Ads,auction_relation
20230807,1772993295847440 ,SG,Other,,1/1/00 0:00,4.77,2.4776,1/8/23 2:46,1.62,RIE,Ad Group Recall (Merged)
20230807,1772992324101120 ,PH,,,1/1/00 0:00,2.8119,1.02,1/8/23 2:35,0.54,Non-Auction Ads,Promote
20230807,1772993286426620 ,SA,,,1/1/00 0:00,1.2422,1.9676,1/8/23 2:49,0.54,Non-Auction Ads,Promote
20230807,1772991856547840 ,ID,,,1/1/00 0:00,3.6831,2.5623,1/8/23 2:52,0.54,Non-Auction Ads,Promote
20230807,1772993678502910 ,ID,,,1/1/00 0:00,3.7792,2.287,1/8/23 2:57,0.54,Non-Auction Ads,Promote
20230807,1773003884215340 ,US,US&CA,,1/1/00 0:00,148.31,31.7427,1/8/23 5:37,1.81,RIE,Ad Group Recall (Merged)
20230807,1773023956624400 ,GB,GB,,1/1/00 0:00,98.9104,111.897,1/8/23 11:20,1.72,RIE,Ad Group Recall (Merged)
20230807,1773023964212270 ,GB,GB,,1/1/00 0:00,112.5503,111.897,1/8/23 11:20,1.72,RIE,Ad Group Recall (Merged)
20230807,1773001153718300 ,GR,Other,,1/1/00 0:00,0,28.3747,1/8/23 5:35,1.62,RIE,Ad Group Recall (Merged)
20230807,1772959122899980 ,BR,BR,,1/1/00 0:00,1.223,1.0566,1/8/23 3:00,1.7,RIE,Ad Group Recall (Merged)
20230807,1772569921393660 ,DE,DE,,1/1/00 0:00,198.9904,49.3452,1/8/23 7:00,1.6,RIE,Ad Group Recall (Merged)
20230807,1772995131523070 ,US,,,1/1/00 0:00,2.74,5.5827,1/8/23 3:20,0.54,Non-Auction Ads,Promote
20230807,1772994406775800 ,TH,,,1/1/00 0:00,3.9958,2.8392,1/8/23 3:07,0.54,Non-Auction Ads,Promote
20230807,1773056792215630 ,US,US&CA,,1/1/00 0:00,0,433.5035,2/8/23 15:00,1.81,RIE,Ad Group Recall (Merged)
20230807,1772991811920890 ,ID,,,1/1/00 0:00,1.7698,0.427,1/8/23 3:07,0.54,Non-Auction Ads,Promote
20230807,1772994948859900 ,SA,,,1/1/00 0:00,2.9325,1.4591,1/8/23 3:16,0.54,Non-Auction Ads,Promote
20230807,1773001329024030 ,NL,Other,,1/1/00 0:00,0,28.3747,1/8/23 5:56,1.62,RIE,Ad Group Recall (Merged)
20230807,1772995223491580 ,SA,,,1/1/00 0:00,2.7673,1.4591,1/8/23 3:20,0.54,Non-Auction Ads,Promote
20230807,1773006804932600 ,KR,KR,,1/1/00 0:00,102.8472,35.953,1/8/23 6:23,2.18,RIE,Ad Group Recall (Merged)
20230807,1772996719876090 ,JP,,,1/1/00 0:00,2.4478,5.0623,1/8/23 3:44,0.54,Non-Auction Ads,Promote
20230807,1773020185226270 ,SA,MENA,,1/1/00 0:00,161.09,78.361,1/8/23 9:27,1.78,Auction Ads,auction_relation
20230807,1772741397870620 ,DE,DE,,1/1/00 0:00,20.1,10.8548,1/8/23 4:30,1.6,RIE,Ad Group Recall (Merged)
20230807,1772995234292730 ,PH,,,1/1/00 0:00,0.1151,0.6793,1/8/23 3:21,0.54,Non-Auction Ads,Promote
20230807,1772996418868220 ,US,,,1/1/00 0:00,9.38,3.0505,1/8/23 3:40,0.54,Non-Auction Ads,Promote
20230807,1772995755673600 ,ID,,,1/1/00 0:00,1.0806,0.2088,1/8/23 3:29,0.54,Non-Auction Ads,Promote
20230807,1773016404547580 ,CA,USCA,,1/1/00 0:00,150.66,81.3512,1/8/23 9:52,1.78,Auction Ads,auction_relation
20230807,1773016404547580 ,US,USCA,,1/1/00 0:00,150.66,81.3512,1/8/23 9:52,1.78,Auction Ads,auction_relation
20230807,1772996430703620 ,CA,,,1/1/00 0:00,0.86,1.879,1/8/23 3:40,1.53,RIE,Promote Report Recall
20230807,1772996183634940 ,KH,,,1/1/00 0:00,0.996,0.5324,1/8/23 3:36,0.54,Non-Auction Ads,Promote
20230807,1772997371522090 ,VN,VN,,1/1/00 0:00,2.9657,5.1051,1/8/23 3:52,2.14,Auction Ads,auction_relation
20230807,1772996669769730 ,ID,,,1/1/00 0:00,5.0507,0.5914,1/8/23 3:43,0.54,Non-Auction Ads,Promote
20230807,1772998204406800 ,PH,Other,,1/1/00 0:00,10.1326,5.2124,1/8/23 4:00,1.62,RIE,Ad Group Recall (Merged)
20230807,1773017991527440 ,PE,Other,,1/1/00 0:00,150.79,69.7143,1/8/23 9:16,1.62,RIE,Ad Group Recall (Merged)
20230807,1772996947574780 ,ID,,,1/1/00 0:00,1.8835,1.9552,1/8/23 3:50,0.54,Non-Auction Ads,Promote
20230807,1773025841283070 ,BE,Other,,1/1/00 0:00,95.0688,117.4678,1/8/23 12:25,1.62,RIE,Ad Group Recall (Merged)
20230807,1773016701304830 ,CA,US&CA,,1/1/00 0:00,494.1,81.3512,1/8/23 9:57,1.81,RIE,Ad Group Recall (Merged)
20230807,1773016701304830 ,CA,USCA,,1/1/00 0:00,494.1,81.3512,1/8/23 9:57,1.78,Auction Ads,auction_relation
20230807,1773016701304830 ,US,USCA,,1/1/00 0:00,494.1,81.3512,1/8/23 9:57,1.78,Auction Ads,auction_relation
20230807,1772997405970430 ,MY,,,1/1/00 0:00,2.6717,1.7055,1/8/23 3:55,0.54,Non-Auction Ads,Promote
20230807,1772999812962300 ,JP,,,1/1/00 0:00,3.4354,5.0623,1/8/23 4:33,0.54,Non-Auction Ads,Promote
20230807,1772997915379710 ,PH,,,1/1/00 0:00,3.0266,3.362,1/8/23 4:03,0.54,Non-Auction Ads,Promote
20230807,1773166922969120 ,US,US&CA,,1/1/00 0:00,0,558.3922,3/8/23 3:00,1.81,RIE,Ad Group Recall (Merged)
20230807,1772999417093120 ,RO,,,1/1/00 0:00,2.4159,2.4739,1/8/23 4:27,0.54,Non-Auction Ads,Promote
20230807,1772996171888640 ,TH,,,1/1/00 0:00,4.5939,2.6843,1/8/23 4:34,0.54,Non-Auction Ads,Promote
20230807,1772998995059710 ,PH,,,1/1/00 0:00,1.5498,0.9435,1/8/23 4:20,0.54,Non-Auction Ads,Promote
20230807,1773024446485580 ,US,US&CA,,1/1/00 0:00,27.59,88.5406,1/8/23 10:49,1.81,RIE,Ad Group Recall (Merged)
20230807,1773024397113390 ,US,US&CA,,1/1/00 0:00,199.64,88.5406,1/8/23 10:49,1.81,RIE,Ad Group Recall (Merged)
20230807,1773024421837850 ,US,US&CA,,1/1/00 0:00,205.62,88.5406,1/8/23 10:49,1.81,RIE,Ad Group Recall (Merged)
20230807,1772992425760810 ,CA,US&CA,,1/1/00 0:00,0,5.0474,1/8/23 5:00,1.81,RIE,Ad Group Recall (Merged)
20230807,1773000581625850 ,MY,,,1/1/00 0:00,6.259,1.8549,1/8/23 4:45,1.53,RIE,Promote Report Recall
20230807,1773000374491130 ,VN,,,1/1/00 0:00,4.9976,1.177,1/8/23 4:42,0.54,Non-Auction Ads,Promote
20230807,1772957897625600 ,MX,MX,,1/1/00 0:00,7.8584,14.7338,1/8/23 6:00,1.99,Auction Ads,auction_all
20230807,1772957845405740 ,MX,MX,,1/1/00 0:00,8.8215,14.7338,1/8/23 6:00,1.99,Auction Ads,auction_all
20230807,1773005208475660 ,TH,TH,,1/1/00 0:00,12.1753,8.4043,1/8/23 5:39,1.64,Auction Ads,auction_relation
20230807,1773025811919920 ,PH,Other,,1/1/00 0:00,59.99,34.1598,1/8/23 7:29,1.62,RIE,Ad Group Recall (Merged)
20230807,1773205472709660 ,AT,AT,,1/1/00 0:00,551.96,713.3734,3/8/23 10:44,0.89,Auction Ads,auction_relation
20230807,1773205472709660 ,BE,BE,,1/1/00 0:00,551.96,713.3734,3/8/23 10:44,1.15,Auction Ads,auction_relation
20230807,1772998108424220 ,US,US&CA,,1/1/00 0:00,3.35,2.226,1/8/23 5:13,1.81,RIE,Ad Group Recall (Merged)
20230807,1772998108424220 ,CA,US&CA,,1/1/00 0:00,3.35,2.226,1/8/23 5:13,1.81,RIE,Ad Group Recall (Merged)
20230807,1773001731288060 ,PH,,,1/1/00 0:00,1.7195,0.9401,1/8/23 5:03,0.54,Non-Auction Ads,Promote
20230807,1773082994564090 ,US,USCA,,1/1/00 0:00,478.03,220.9199,2/8/23 1:58,1.78,Auction Ads,auction_relation
20230807,1773002661760000 ,ID,,,1/1/00 0:00,0.5911,1.5997,1/8/23 5:18,0.54,Non-Auction Ads,Promote
20230807,1773012696504330 ,CA,US&CA,,1/1/00 0:00,8.83,38.2197,1/8/23 7:55,1.81,RIE,Ad Group Recall (Merged)
20230807,1773003037608960 ,SA,,,1/1/00 0:00,3.7643,1.806,1/8/23 5:24,0.54,Non-Auction Ads,Promote
20230807,1773003037608960 ,SA,,,1/1/00 0:00,3.7643,1.806,1/8/23 5:24,0.54,Non-Auction Ads,Promote
20230807,1773019849379900 ,DE,DE,,1/1/00 0:00,28.87,5.6708,1/8/23 5:49,1.6,RIE,Ad Group Recall (Merged)
20230807,1773003684514810 ,TH,,,1/1/00 0:00,3.7026,3.9356,1/8/23 5:41,0.54,Non-Auction Ads,Promote
20230807,1773003800406010 ,VN,VN,,1/1/00 0:00,7.9456,2.6072,1/8/23 5:36,2.13,RIE,Ad Group Recall (Merged)
20230807,1773004250246140 ,MY,,,1/1/00 0:00,6.4105,4.5644,1/8/23 5:45,0.54,Non-Auction Ads,Promote
20230807,1773013048885280 ,GB,GB,,1/1/00 0:00,253.41,52.7063,1/8/23 9:02,1.72,RIE,Ad Group Recall (Merged)
20230807,1773000764162080 ,DK,Other,,1/1/00 0:00,0,3.58,1/8/23 5:41,1.62,RIE,Ad Group Recall (Merged)
20230807,1773009420938270 ,JP,JP,,1/1/00 0:00,30.4836,29.6659,1/8/23 7:30,3.21,RIE,Ad Group Recall (Merged)
20230807,1773020322187290 ,KZ,Other,,1/1/00 0:00,30.05,5.6708,1/8/23 5:55,1.62,RIE,Ad Group Recall (Merged)
20230807,1773004956047360 ,MY,,,1/1/00 0:00,1.2755,3.3947,1/8/23 5:55,0.54,Non-Auction Ads,Promote
20230807,1773004337525760 ,ID,,,1/1/00 0:00,2.2114,1.1192,1/8/23 5:47,0.54,Non-Auction Ads,Promote
20230807,1773013152540670 ,VN,VN,,1/1/00 0:00,168.63,37.7865,1/8/23 8:04,2.13,RIE,Ad Group Recall (Merged)
20230807,1773110948413490 ,DE,DE,,1/1/00 0:00,274.0167,348.6885,2/8/23 10:55,1.6,RIE,Ad Group Recall (Merged)
20230807,1773004722678780 ,ID,,,1/1/00 0:00,1.7951,1.6586,1/8/23 5:53,0.54,Non-Auction Ads,Promote
20230807,1773024689827850 ,CA,US&CA,,1/1/00 0:00,17.88,5.6708,1/8/23 6:06,1.81,RIE,Ad Group Recall (Merged)
20230807,1773006671169560 ,ES,ES,,1/1/00 0:00,29.76,21.6213,1/8/23 7:20,1.79,RIE,Ad Group Recall (Merged)
20230807,1773004907770880 ,VN,,,1/1/00 0:00,0.9439,0.5657,1/8/23 5:55,0.54,Non-Auction Ads,Promote
20230807,1773011404705800 ,US,US&CA,,1/1/00 0:00,237.47,24.8649,1/8/23 7:36,1.81,RIE,Ad Group Recall (Merged)
20230807,1773051104775160 ,US,US&CA,,1/1/00 0:00,87.47,141.3733,1/8/23 15:55,1.81,RIE,Ad Group Recall (Merged)
20230807,1773006387716140 ,AU,AU,,1/1/00 0:00,19.68,5.5649,1/8/23 6:13,1.84,Auction Ads,auction_relation
20230807,1773006387716140 ,RO,RO,,1/1/00 0:00,19.68,5.5649,1/8/23 6:13,1.94,Auction Ads,auction_relation
20230807,1773006387716140 ,US,USCA,,1/1/00 0:00,19.68,5.5649,1/8/23 6:13,1.78,Auction Ads,auction_relation
20230807,1773006387716140 ,HU,Others,,1/1/00 0:00,19.68,5.5649,1/8/23 6:13,1.56,Auction Ads,auction_all
20230807,1773006387716140 ,PL,PL,,1/1/00 0:00,19.68,5.5649,1/8/23 6:13,1.64,Auction Ads,auction_relation
20230807,1773006387716140 ,ES,ES,,1/1/00 0:00,19.68,5.5649,1/8/23 6:13,1.37,Auction Ads,auction_relation
20230807,1773027357874190 ,CZ,Other,,1/1/00 0:00,49.65,10.482,1/8/23 6:45,1.62,RIE,Ad Group Recall (Merged)
20230807,1773005694264320 ,MY,,,1/1/00 0:00,1.4051,1.699,1/8/23 6:06,0.54,Non-Auction Ads,Promote
20230807,1773009835121660 ,ID,ID,,1/1/00 0:00,,9.0019,1/8/23 6:44,1.8,Auction Ads,auction_relation
20230807,1773005901097980 ,ID,,,1/1/00 0:00,3.6242,1.6196,1/8/23 6:12,0.54,Non-Auction Ads,Promote
20230807,1773025884272690 ,IT,IT,,1/1/00 0:00,0,7.2416,1/8/23 6:24,1.79,RIE,Ad Group Recall (Merged)
20230807,1773006280102920 ,ID,ID,,1/1/00 0:00,0,4.5478,1/8/23 6:14,1.8,Auction Ads,auction_relation
20230807,1773010030007330 ,TW,TW,,1/1/00 0:00,1.47,8.1218,1/8/23 6:44,0.95,Auction Ads,auction_relation
20230807,1773012888022030 ,ID,ID,,1/1/00 0:00,75.15,23.6561,1/8/23 7:51,2.05,RIE,Ad Group Recall (Merged)
20230807,1773006197202940 ,AE,,,1/1/00 0:00,1.9871,1.835,1/8/23 6:14,0.54,Non-Auction Ads,Promote
20230807,1773015216236590 ,MY,MY,,1/1/00 0:00,67.31,34.0428,1/8/23 8:34,2.3,RIE,Ad Group Recall (Merged)
20230807,1773015644235820 ,TH,TH,,1/1/00 0:00,244.24,34.7184,1/8/23 8:45,1.87,RIE,Ad Group Recall (Merged)
20230807,1773006785533950 ,SA,,,1/1/00 0:00,2.7936,3.1594,1/8/23 6:25,0.54,Non-Auction Ads,Promote
20230807,1773006389434370 ,RO,,,1/1/00 0:00,2.22,1.1855,1/8/23 6:18,0.54,Non-Auction Ads,Promote
20230807,1773006453513210 ,ID,,,1/1/00 0:00,5.1187,0.4935,1/8/23 6:19,0.54,Non-Auction Ads,Promote
20230807,1773018767382540 ,FR,FR,,1/1/00 0:00,5.2836,60.4577,1/8/23 10:30,1.76,RIE,Ad Group Recall (Merged)
20230807,1773021318925340 ,ES,ES,,1/1/00 0:00,69.0679,57.2325,1/8/23 10:14,1.37,Auction Ads,auction_relation
20230807,1773011275132940 ,CA,US&CA,,1/1/00 0:00,81.66,12.5331,1/8/23 7:29,1.81,RIE,Ad Group Recall (Merged)
20230807,1773017112364080 ,VN,VN,,1/1/00 0:00,100.32,34.0428,1/8/23 9:00,2.13,RIE,Ad Group Recall (Merged)
20230807,1773008390969340 ,TH,,,1/1/00 0:00,4.2573,2.7961,1/8/23 6:50,0.54,Non-Auction Ads,Promote
20230807,1773008492907520 ,VN,,,1/1/00 0:00,4.1229,3.5893,1/8/23 6:52,0.54,Non-Auction Ads,Promote
20230807,1773008128198650 ,SA,,,1/1/00 0:00,2.1136,0.5742,1/8/23 6:46,1.53,RIE,Promote Report Recall
20230807,1773008609527810 ,ES,ES,,1/1/00 0:00,21.9122,16.3211,1/8/23 7:50,1.79,RIE,Ad Group Recall (Merged)
20230807,1773008439920640 ,RO,,,1/1/00 0:00,2.0599,1.1855,1/8/23 6:50,0.54,Non-Auction Ads,Promote
20230807,1773014048275450 ,ID,ID,,1/1/00 0:00,19.996,18.1738,1/8/23 7:59,2.05,RIE,Ad Group Recall (Merged)
20230807,1773009684040730 ,TH,TH,,1/1/00 0:00,13.98,5.8453,1/8/23 7:08,1.87,RIE,Ad Group Recall (Merged)
20230807,1773008525157380 ,RO,,,1/1/00 0:00,2.0556,1.1855,1/8/23 6:51,0.54,Non-Auction Ads,Promote
20230807,1773008355435520 ,PH,,,1/1/00 0:00,1.2822,0.7631,1/8/23 6:50,0.54,Non-Auction Ads,Promote
20230807,1772947635209250 ,TH,TH,,1/1/00 0:00,6.7714,5.734,1/8/23 7:10,1.87,RIE,Ad Group Recall (Merged)
20230807,1773008970413060 ,RO,,,1/1/00 0:00,2.8605,2.4,1/8/23 6:59,0.54,Non-Auction Ads,Promote
20230807,1773008931064830 ,ID,,,1/1/00 0:00,1.715,1.5997,1/8/23 6:58,0.54,Non-Auction Ads,Promote
20230807,1773008622354430 ,PH,,,1/1/00 0:00,0.5349,0.5252,1/8/23 6:54,0.54,Non-Auction Ads,Promote
20230807,1773009301056510 ,RO,,,1/1/00 0:00,2.4938,2.4,1/8/23 7:04,0.54,Non-Auction Ads,Promote
20230807,1773011355637770 ,ID,ID,,1/1/00 0:00,50,10.1723,1/8/23 7:37,2.05,RIE,Ad Group Recall (Merged)
20230807,1773008195614720 ,ID,,,1/1/00 0:00,2.7849,2.0507,1/8/23 7:05,0.54,Non-Auction Ads,Promote
20230807,1773009507973120 ,ID,,,1/1/00 0:00,0.4121,1.5997,1/8/23 7:07,0.54,Non-Auction Ads,Promote
20230807,1773012734836750 ,ID,ID,,1/1/00 0:00,206.04,12.5331,1/8/23 7:55,2.05,RIE,Ad Group Recall (Merged)
20230807,1773009722047490 ,ID,,,1/1/00 0:00,0.7144,1.5997,1/8/23 7:11,0.54,Non-Auction Ads,Promote
20230807,1773010009611260 ,ID,,,1/1/00 0:00,0.7332,1.5997,1/8/23 7:15,0.54,Non-Auction Ads,Promote
20230807,1773053798097930 ,US,US&CA,,1/1/00 0:00,287.93,155.3734,1/8/23 19:28,1.81,RIE,Ad Group Recall (Merged)
20230807,1773010041208830 ,SA,,,1/1/00 0:00,1.7699,1.4894,1/8/23 7:18,1.53,RIE,Promote Report Recall
20230807,1773038524447760 ,GB,GB,,1/1/00 0:00,151.5511,113.1714,1/8/23 15:21,1.72,RIE,Ad Group Recall (Merged)
20230807,1773011167605800 ,BR,BR,,1/1/00 0:00,23.38,4.6728,1/8/23 7:32,1.7,RIE,Ad Group Recall (Merged)
20230807,1773010413107200 ,PH,,,1/1/00 0:00,2.0192,0.7985,1/8/23 7:22,0.54,Non-Auction Ads,Promote
20230807,1773005285619760 ,US,US&CA,,1/1/00 0:00,97.08,43.1981,1/8/23 10:00,1.81,RIE,Ad Group Recall (Merged)
20230807,1773005285619760 ,US,US&CA,,1/1/00 0:00,97.08,43.1981,1/8/23 10:00,1.81,RIE,Ad Group Recall (Merged)
20230807,1773008224019450 ,ID,,,1/1/00 0:00,0.2191,3.3507,1/8/23 7:35,0.54,Non-Auction Ads,Promote
20230807,1773014658821120 ,US,US&CA,,1/1/00 0:00,29.95,15.9326,1/8/23 8:28,1.81,RIE,Ad Group Recall (Merged)
20230807,1773015577352240 ,ID,ID,,1/1/00 0:00,22.89,44.446,1/8/23 10:11,2.05,RIE,Ad Group Recall (Merged)
20230807,1773014031268880 ,ID,ID,,1/1/00 0:00,12.7827,13.714,1/8/23 8:10,1.8,Auction Ads,auction_relation
20230807,1773019725095950 ,SE,Other,,1/1/00 0:00,24.06,17.9363,1/8/23 8:43,1.62,RIE,Ad Group Recall (Merged)
20230807,1773011253166080 ,VN,,,1/1/00 0:00,1.871,1.9136,1/8/23 7:35,0.54,Non-Auction Ads,Promote
20230807,1773020246898750 ,KR,KR,,1/1/00 0:00,157.74,44.446,1/8/23 10:24,2.18,RIE,Ad Group Recall (Merged)
20230807,1773123013656620 ,TW,TW,,1/1/00 0:00,524.08,350.6975,2/8/23 12:58,2.59,RIE,Ad Group Recall (Merged)
20230807,1773015697994800 ,PH,Other,,1/1/00 0:00,24.19,25.8197,1/8/23 9:25,1.62,RIE,Ad Group Recall (Merged)
20230807,1773011499423740 ,PH,,,1/1/00 0:00,3.2401,0.9187,1/8/23 7:39,0.54,Non-Auction Ads,Promote
20230807,1773011719713790 ,VN,,,1/1/00 0:00,0.7693,1.0398,1/8/23 7:44,0.54,Non-Auction Ads,Promote
20230807,1773012098919420 ,RO,,,1/1/00 0:00,2.287,1.1855,1/8/23 7:48,0.54,Non-Auction Ads,Promote
20230807,1773011970863100 ,ID,,,1/1/00 0:00,0.9988,0.6814,1/8/23 7:47,0.54,Non-Auction Ads,Promote
20230807,1773011954391040 ,ID,,,1/1/00 0:00,2.0451,1.8385,1/8/23 7:54,0.54,Non-Auction Ads,Promote
20230807,1773017241794610 ,IT,IT,,1/1/00 0:00,124.4038,19.4864,1/8/23 9:11,1.79,RIE,Ad Group Recall (Merged)
20230807,1773012880499720 ,ID,ID,,1/1/00 0:00,0,1.9796,1/8/23 7:58,1.8,Auction Ads,auction_relation
20230807,1773012615569410 ,RO,,,1/1/00 0:00,2.033,1.1855,1/8/23 7:57,0.54,Non-Auction Ads,Promote
20230807,1773015835060240 ,PH,Other,,1/1/00 0:00,27.63,25.8197,1/8/23 9:43,1.62,RIE,Ad Group Recall (Merged)
20230807,1772989324507240 ,BR,BR,,1/1/00 0:00,,2.5782,1/8/23 8:00,1.7,RIE,Ad Group Recall (Merged)
20230807,1772989356466220 ,BR,BR,,1/1/00 0:00,0,2.5782,1/8/23 8:00,1.7,RIE,Ad Group Recall (Merged)
20230807,1773028460501010 ,MX,Other,,1/1/00 0:00,95.85,5.3235,1/8/23 8:08,1.62,RIE,Ad Group Recall (Merged)
20230807,1773016136568880 ,BR,BR,,1/1/00 0:00,,11.8839,1/8/23 8:50,1.7,RIE,Ad Group Recall (Merged)
20230807,1773012754424830 ,MY,,,1/1/00 0:00,2.0418,1.455,1/8/23 8:00,0.54,Non-Auction Ads,Promote
20230807,1773015941573680 ,FR,FR,,1/1/00 0:00,21.8576,24.8275,1/8/23 9:51,1.76,RIE,Ad Group Recall (Merged)
20230807,1773012963456000 ,ID,,,1/1/00 0:00,1.011,0.6814,1/8/23 8:02,0.54,Non-Auction Ads,Promote
20230807,1773111535863810 ,NZ,Other,,1/1/00 0:00,1009.73,314.0775,2/8/23 11:07,1.62,RIE,Ad Group Recall (Merged)
20230807,1773013649290250 ,PL,PL,,1/1/00 0:00,20.13,13.6537,1/8/23 9:12,1.84,RIE,Ad Group Recall (Merged)
20230807,1773016342175760 ,TW,TW,,1/1/00 0:00,2.88,8.1218,1/8/23 8:47,0.95,Auction Ads,auction_relation
20230807,1773016139167790 ,MY,MY,,1/1/00 0:00,0.0022,8.9174,1/8/23 8:51,2.31,Auction Ads,auction_relation
20230807,1773015489051690 ,US,US&CA,,1/1/00 0:00,59.59,6.2267,1/8/23 8:41,1.81,RIE,Ad Group Recall (Merged)
20230807,1773023048161290 ,TW,TW,,1/1/00 0:00,5.6,5.0083,1/8/23 8:33,0.95,Auction Ads,auction_relation
20230807,1773014535288830 ,SA,,,1/1/00 0:00,0.7463,2.2512,1/8/23 8:27,0.54,Non-Auction Ads,Promote
20230807,1773014577647610 ,SA,,,1/1/00 0:00,0,2.2512,1/8/23 8:27,0.54,Non-Auction Ads,Promote
20230807,1773013549212670 ,ID,,,1/1/00 0:00,0.7411,0.701,1/8/23 8:11,0.54,Non-Auction Ads,Promote
20230807,1773016711750700 ,DE,DE,,1/1/00 0:00,0.5284,7.8613,1/8/23 9:00,1.01,Auction Ads,auction_relation
20230807,1773014535793660 ,SA,,,1/1/00 0:00,1.7911,1.0383,1/8/23 8:28,0.54,Non-Auction Ads,Promote
20230807,1773034792454170 ,TH,TH,,1/1/00 0:00,331.2,175.9278,2/8/23 2:00,1.87,RIE,Ad Group Recall (Merged)
20230807,1773014804358140 ,VN,,,1/1/00 0:00,0,0.8324,1/8/23 8:31,0.54,Non-Auction Ads,Promote
20230807,1773014840288250 ,ID,,,1/1/00 0:00,1.4933,0.9088,1/8/23 8:32,0.54,Non-Auction Ads,Promote
20230807,1773015334725660 ,FR,FR,,1/1/00 0:00,21.7919,24.8275,1/8/23 10:00,1.76,RIE,Ad Group Recall (Merged)
20230807,1773017201118250 ,DE,DE,,1/1/00 0:00,0.3853,7.8613,1/8/23 9:08,1.01,Auction Ads,auction_relation
20230807,1772656415522810 ,FR,FR,,1/1/00 0:00,34.1718,31.1789,1/8/23 10:31,1.76,RIE,Ad Group Recall (Merged)
20230807,1772994950465570 ,AE,MENA,,1/1/00 0:00,,5.1076,1/8/23 9:00,1.67,RIE,Ad Group Recall (Merged)
20230807,1773020424300570 ,BR,BR,,1/1/00 0:00,10.13,22.3734,1/8/23 9:59,1.7,RIE,Ad Group Recall (Merged)
20230807,1773016479754270 ,GR,GR,,1/1/00 0:00,,18.3658,1/8/23 9:56,2.11,Auction Ads,auction_relation
20230807,1773016479754270 ,GR,GR,,1/1/00 0:00,,18.3658,1/8/23 9:56,2.11,Auction Ads,auction_relation
20230807,1773016479754270 ,GR,GR,,1/1/00 0:00,,18.3658,1/8/23 9:56,2.11,Auction Ads,auction_relation
20230807,1773016479754270 ,GR,GR,,1/1/00 0:00,,18.3658,1/8/23 9:56,2.11,Auction Ads,auction_relation
20230807,1773016296844290 ,SA,MENA,,1/1/00 0:00,257.08,0,1/8/23 8:54,1.67,RIE,Ad Group Recall (Merged)
20230807,1773211954093100 ,ID,ID,,1/1/00 0:00,301.15,713.3734,3/8/23 12:32,2.05,RIE,Ad Group Recall (Merged)
20230807,1773211954093100 ,VN,VN,,1/1/00 0:00,301.15,713.3734,3/8/23 12:32,2.13,RIE,Ad Group Recall (Merged)
20230807,1773016564408360 ,SA,MENA,,1/1/00 0:00,95.29,0,1/8/23 8:58,1.67,RIE,Ad Group Recall (Merged)
20230807,1773008806519810 ,ID,,,1/1/00 0:00,1.7379,0.643,1/8/23 9:03,0.54,Non-Auction Ads,Promote
20230807,1773020666595340 ,SA,MENA,,1/1/00 0:00,19.5815,19.3677,1/8/23 10:02,1.67,RIE,Ad Group Recall (Merged)
20230807,1773017601485820 ,SA,,,1/1/00 0:00,0,1.3769,1/8/23 9:16,0.54,Non-Auction Ads,Promote
20230807,1773017509933060 ,RO,,,1/1/00 0:00,2.0752,1.6343,1/8/23 9:16,0.54,Non-Auction Ads,Promote
20230807,1773212668482600 ,JP,JP,,1/1/00 0:00,300.86,713.3734,3/8/23 12:47,3.21,RIE,Ad Group Recall (Merged)
20230807,1773018146327560 ,SG,Other,,1/1/00 0:00,3.69,2.9521,1/8/23 9:24,1.62,RIE,Ad Group Recall (Merged)
20230807,1773018146327560 ,MY,MY,,1/1/00 0:00,3.69,2.9521,1/8/23 9:24,2.3,RIE,Ad Group Recall (Merged)
20230807,1773018146327560 ,PH,Other,,1/1/00 0:00,3.69,2.9521,1/8/23 9:24,1.62,RIE,Ad Group Recall (Merged)
20230807,1773017713261610 ,AE,MENA,,1/1/00 0:00,549.81,0,1/8/23 9:15,1.67,RIE,Ad Group Recall (Merged)
20230807,1773018010808320 ,RO,,,1/1/00 0:00,1.9933,1.3019,1/8/23 9:22,0.54,Non-Auction Ads,Promote
20230807,1773018258010110 ,SA,,,1/1/00 0:00,3.4122,2.557,1/8/23 9:26,0.54,Non-Auction Ads,Promote
20230807,1773197137814530 ,GB,,,1/1/00 0:00,656.4609,609.9508,3/8/23 8:52,1.53,RIE,Promote Report Recall
20230807,1773018207132670 ,RO,,,1/1/00 0:00,1.1015,1.3019,1/8/23 9:25,0.54,Non-Auction Ads,Promote
20230807,1773016839225390 ,NL,Other,,1/1/00 0:00,331.8457,14.7151,1/8/23 10:02,1.62,RIE,Ad Group Recall (Merged)
20230807,1773018757607420 ,VN,VN,,1/1/00 0:00,20.48,3.0833,1/8/23 9:35,2.13,RIE,Ad Group Recall (Merged)
20230807,1773019591657470 ,MY,MY,,1/1/00 0:00,11.1543,2.4371,1/8/23 9:32,2.31,Auction Ads,auction_relation
20230807,1773032675887150 ,SA,MENA,,1/1/00 0:00,11.5982,53.4058,1/8/23 13:13,1.67,RIE,Ad Group Recall (Merged)
20230807,1773021254231070 ,PK,Other,,1/1/00 0:00,4.76,1.5163,1/8/23 9:35,1.62,RIE,Ad Group Recall (Merged)
20230807,1773019542042640 ,TH,TH,,1/1/00 0:00,20.4,2.5264,1/8/23 9:46,1.87,RIE,Ad Group Recall (Merged)
20230807,1773018798687260 ,ID,ID,,1/1/00 0:00,62.5,13.549,1/8/23 10:29,2.05,RIE,Ad Group Recall (Merged)
20230807,1773019977747450 ,ID,,,1/1/00 0:00,1.8275,1.7555,1/8/23 9:55,0.54,Non-Auction Ads,Promote
20230807,1772856968955930 ,US,US&CA,,1/1/00 0:00,6.15,7.1838,1/8/23 10:00,1.81,RIE,Ad Group Recall (Merged)
20230807,1773023703448650 ,ID,ID,,1/1/00 0:00,65.39,15.6104,1/8/23 10:52,2.05,RIE,Ad Group Recall (Merged)
20230807,1773021542936570 ,JP,JP,,1/1/00 0:00,3.47,7.5765,1/8/23 10:18,3.21,RIE,Ad Group Recall (Merged)
20230807,1773020353929250 ,SA,MENA,,1/1/00 0:00,495.18,0,1/8/23 9:58,1.67,RIE,Ad Group Recall (Merged)
20230807,1771312682710120 ,EG,MENA,,1/1/00 0:00,61.97,58.1672,1/8/23 14:34,1.67,RIE,Ad Group Recall (Merged)
20230807,1773020318353410 ,VN,,,1/1/00 0:00,3.0413,1.1354,1/8/23 10:00,0.54,Non-Auction Ads,Promote
20230807,1773027393692720 ,KR,KR,,1/1/00 0:00,1191.6,22.1799,1/8/23 11:49,2.18,RIE,Ad Group Recall (Merged)
20230807,1772773976174620 ,US,US&CA,,1/1/00 0:00,0,24.4541,1/8/23 12:00,1.81,RIE,Ad Group Recall (Merged)
20230807,1773026214991870 ,SA,MENA,,1/1/00 0:00,43.91,19.1497,1/8/23 11:33,1.67,RIE,Ad Group Recall (Merged)
20230807,1773021035985920 ,PH,,,1/1/00 0:00,0.8787,0.6922,1/8/23 10:10,0.54,Non-Auction Ads,Promote
20230807,1773027635678200 ,MA,Other,,1/1/00 0:00,38.35,22.1799,1/8/23 11:53,1.62,RIE,Ad Group Recall (Merged)
20230807,1773021696606200 ,TW,TW,,1/1/00 0:00,10.31,1.51,1/8/23 10:20,2.59,RIE,Ad Group Recall (Merged)
20230807,1773026309485580 ,ID,ID,,1/1/00 0:00,14.6,12.5331,1/8/23 11:29,2.05,RIE,Ad Group Recall (Merged)
20230807,1773026380375040 ,ID,ID,,1/1/00 0:00,11.83,12.5331,1/8/23 11:29,2.05,RIE,Ad Group Recall (Merged)
20230807,1772971017247790 ,US,US&CA,,1/1/00 0:00,29.2,21.5161,1/8/23 12:00,1.81,RIE,Ad Group Recall (Merged)
20230807,1773027860562990 ,MY,MY,,1/1/00 0:00,139.1,22.1799,1/8/23 12:01,2.3,RIE,Ad Group Recall (Merged)
20230807,1773024602613810 ,BE,Other,,1/1/00 0:00,41.47,4.8405,1/8/23 11:06,1.62,RIE,Ad Group Recall (Merged)
20230807,1773025956357160 ,US,US&CA,,1/1/00 0:00,325.27,27.1632,1/8/23 12:22,1.81,RIE,Ad Group Recall (Merged)
20230807,1773018796881920 ,ID,,,1/1/00 0:00,1.2142,0.3911,1/8/23 10:35,0.54,Non-Auction Ads,Promote
20230807,1773023396190200 ,MY,,,1/1/00 0:00,3.2867,1.0467,1/8/23 10:48,0.54,Non-Auction Ads,Promote
20230807,1773023389393920 ,VN,VN,,1/1/00 0:00,,0.239,1/8/23 10:45,2.13,RIE,Ad Group Recall (Merged)
20230807,1773024032747520 ,CA,,,1/1/00 0:00,8.5989,4.7119,1/8/23 11:09,1.53,RIE,Promote Report Recall
20230807,1772414557593610 ,MY,MY,,1/1/00 0:00,6.8057,5.0534,1/8/23 11:18,2.31,Auction Ads,auction_relation
20230807,1773024392028170 ,BE,Other,,1/1/00 0:00,9.44,3.2261,1/8/23 11:02,1.62,RIE,Ad Group Recall (Merged)
20230807,1773026227489810 ,DE,DE,,1/1/00 0:00,14.22,28.5748,1/8/23 12:30,1.6,RIE,Ad Group Recall (Merged)
20230807,1773023992506400 ,SG,Other,,1/1/00 0:00,7.33,1.855,1/8/23 10:57,1.62,RIE,Ad Group Recall (Merged)
20230807,1773024130860030 ,SA,,,1/1/00 0:00,4.8114,1.6058,1/8/23 11:01,1.53,RIE,Promote Report Recall
20230807,1773038415249410 ,CA,US&CA,,1/1/00 0:00,58.9602,53.1283,1/8/23 14:43,1.81,RIE,Ad Group Recall (Merged)
20230807,1773025135119390 ,BR,BR,,1/1/00 0:00,2.1226,2.2924,1/8/23 11:07,1.7,RIE,Ad Group Recall (Merged)
20230807,1773028709709820 ,HU,Other,,1/1/00 0:00,79.03,16.7407,1/8/23 12:01,1.62,RIE,Ad Group Recall (Merged)
20230807,1773028709709820 ,PL,PL,,1/1/00 0:00,79.03,16.7407,1/8/23 12:01,1.84,RIE,Ad Group Recall (Merged)
20230807,1773025370399740 ,VN,,,1/1/00 0:00,4.2231,2.0911,1/8/23 11:19,0.54,Non-Auction Ads,Promote
20230807,1773025659165690 ,TH,,,1/1/00 0:00,3.288,3.4892,1/8/23 11:26,0.54,Non-Auction Ads,Promote
20230807,1773029598451720 ,SA,MENA,,1/1/00 0:00,171.78,22.1799,1/8/23 12:25,1.67,RIE,Ad Group Recall (Merged)
20230807,1773029794980880 ,KH,Other,,1/1/00 0:00,121.26,22.1799,1/8/23 12:27,1.62,RIE,Ad Group Recall (Merged)
20230807,1773025323034620 ,KH,,,1/1/00 0:00,0.9645,0.8739,1/8/23 11:22,0.54,Non-Auction Ads,Promote
20230807,1773101451619370 ,US,US&CA,,1/1/00 0:00,567.01,222.8123,2/8/23 8:24,1.81,RIE,Ad Group Recall (Merged)
20230807,1773021767871520 ,BR,BR,,1/1/00 0:00,,1.0681,1/8/23 11:30,1.7,RIE,Ad Group Recall (Merged)
20230807,1773026226330620 ,JP,,,1/1/00 0:00,0.3104,2.5753,1/8/23 11:33,0.54,Non-Auction Ads,Promote
20230807,1773036203384850 ,CA,USCA,,1/1/00 0:00,209.7942,40.9392,1/8/23 14:36,1.78,Auction Ads,auction_relation
20230807,1773029429224490 ,EG,MENA,,1/1/00 0:00,20.14,24.2478,1/8/23 13:23,1.67,RIE,Ad Group Recall (Merged)
20230807,1773026336572410 ,PH,,,1/1/00 0:00,1.8533,0.5676,1/8/23 11:36,0.54,Non-Auction Ads,Promote
20230807,1773026664423420 ,TR,,,1/1/00 0:00,1.4772,0.6189,1/8/23 11:42,0.54,Non-Auction Ads,Promote
20230807,1773031087434780 ,PH,Other,,1/1/00 0:00,24.79,17.2083,1/8/23 12:50,1.62,RIE,Ad Group Recall (Merged)
20230807,1773026637026320 ,RO,RO,,1/1/00 0:00,17.4906,14.7169,1/8/23 12:32,1.94,Auction Ads,auction_relation
20230807,1773027278614530 ,VN,,,1/1/00 0:00,1.9501,0.4149,1/8/23 11:49,0.54,Non-Auction Ads,Promote
20230807,1773029166267390 ,CA,,,1/1/00 0:00,11.851,10.0789,1/8/23 12:21,0.54,Non-Auction Ads,Promote
20230807,1773027429519360 ,PH,,,1/1/00 0:00,1.9977,0.7656,1/8/23 11:52,0.54,Non-Auction Ads,Promote
20230807,1773027609355260 ,VN,,,1/1/00 0:00,1.7728,1.3211,1/8/23 11:55,0.54,Non-Auction Ads,Promote
20230807,1773027993883650 ,US,,,1/1/00 0:00,1.96,4.4772,1/8/23 12:11,0.54,Non-Auction Ads,Promote
20230807,1773033741147130 ,TR,TR,,1/1/00 0:00,55.8795,21.2336,1/8/23 13:27,0.83,Auction Ads,auction_relation
20230807,1773034197403690 ,VN,VN,,1/1/00 0:00,25.45,22.4255,1/8/23 13:39,2.13,RIE,Ad Group Recall (Merged)
20230807,1773029236093950 ,BR,BR,,1/1/00 0:00,4.01,4.1435,1/8/23 12:16,1.7,RIE,Ad Group Recall (Merged)
20230807,1773027966931960 ,SA,,,1/1/00 0:00,2.959,2.0925,1/8/23 12:01,0.54,Non-Auction Ads,Promote
20230807,1773035139962910 ,KW,Other,,1/1/00 0:00,77.93,23.8873,1/8/23 13:57,1.62,RIE,Ad Group Recall (Merged)
20230807,1773027734191100 ,ID,,,1/1/00 0:00,0.6272,0.851,1/8/23 12:03,1.53,RIE,Promote Report Recall
20230807,1773028281453560 ,ID,,,1/1/00 0:00,2.334,0.7332,1/8/23 12:06,0.54,Non-Auction Ads,Promote
20230807,1773032672328730 ,VN,VN,,1/1/00 0:00,0,11.978,1/8/23 12:50,2.14,Auction Ads,auction_relation
20230807,1773032672328730 ,VN,VN,,1/1/00 0:00,0,11.978,1/8/23 12:50,2.14,Auction Ads,auction_relation
20230807,1773027808610300 ,NL,Other,,1/1/00 0:00,0,13.5027,1/8/23 12:57,1.62,RIE,Ad Group Recall (Merged)
20230807,1773031594686460 ,NL,Other,,1/1/00 0:00,6.4486,18.7377,1/8/23 13:50,1.62,RIE,Ad Group Recall (Merged)
20230807,1773029810246670 ,MA,Other,,1/1/00 0:00,20.1795,4.5673,1/8/23 12:27,1.62,RIE,Ad Group Recall (Merged)
20230807,1773058088973310 ,BR,BR,,1/1/00 0:00,57.4422,82.5341,1/8/23 19:54,1.99,Auction Ads,auction_all
20230807,1773029288794110 ,ID,,,1/1/00 0:00,0.8281,0.7332,1/8/23 12:22,1.53,RIE,Promote Report Recall
20230807,1773031228500000 ,SA,MENA,,1/1/00 0:00,10.0569,5.6428,1/8/23 12:49,1.67,RIE,Ad Group Recall (Merged)
20230807,1773040302738480 ,SA,MENA,,1/1/00 0:00,121.1188,34.6174,1/8/23 15:14,1.78,Auction Ads,auction_relation
20230807,1773022909851650 ,ES,ES,,1/1/00 0:00,1.32,12.5519,1/8/23 13:39,1.79,RIE,Ad Group Recall (Merged)
20230807,1773031185980450 ,VN,VN,,1/1/00 0:00,,4.6952,1/8/23 12:50,2.13,RIE,Ad Group Recall (Merged)
20230807,1773029698603000 ,SA,,,1/1/00 0:00,1.8976,1.1485,1/8/23 12:29,1.53,RIE,Promote Report Recall
20230807,1773028228623390 ,HU,Others,,1/1/00 0:00,0,5.7758,1/8/23 12:55,1.56,Auction Ads,auction_all
20230807,1773039115333660 ,SA,MENA,,1/1/00 0:00,52.4876,16.2918,1/8/23 14:01,1.67,RIE,Ad Group Recall (Merged)
20230807,1773047456087050 ,US,US&CA,,1/1/00 0:00,54.51,66.216,1/8/23 18:08,1.81,RIE,Ad Group Recall (Merged)
20230807,1773050911165440 ,CA,USCA,,1/1/00 0:00,63.5043,73.2022,1/8/23 18:57,1.78,Auction Ads,auction_relation
20230807,1773032563896370 ,US,US&CA,,1/1/00 0:00,40.3,0.3011,1/8/23 12:38,1.81,RIE,Ad Group Recall (Merged)
20230807,1773032605355010 ,IL,,,1/1/00 0:00,2.6243,6.0534,1/8/23 13:19,0.54,Non-Auction Ads,Promote
20230807,1773030971991040 ,US,,,1/1/00 0:00,9.1,2.6978,1/8/23 12:51,0.54,Non-Auction Ads,Promote
20230807,1773033317155840 ,JO,Other,,1/1/00 0:00,26.44,7.2307,1/8/23 13:25,1.62,RIE,Ad Group Recall (Merged)
20230807,1773035303154690 ,US,,,1/1/00 0:00,15.83,11.4118,1/8/23 13:58,0.54,Non-Auction Ads,Promote
20230807,1773031456070650 ,VN,,,1/1/00 0:00,0,2.0819,1/8/23 12:56,0.54,Non-Auction Ads,Promote
20230807,1773252307228720 ,US,USCA,,1/1/00 0:00,,867.7553,4/8/23 0:06,1.78,Auction Ads,auction_relation
20230807,1773036874106910 ,US,US&CA,,1/1/00 0:00,74.13,28.7025,1/8/23 15:18,1.81,RIE,Ad Group Recall (Merged)
20230807,1773036508875780 ,US,,,1/1/00 0:00,22.5,13.104,1/8/23 14:16,0.54,Non-Auction Ads,Promote
20230807,1773033163358220 ,BR,BR,,1/1/00 0:00,2.9978,3.0169,1/8/23 13:19,1.7,RIE,Ad Group Recall (Merged)
20230807,1773031676532730 ,PH,,,1/1/00 0:00,2.8127,1.2191,1/8/23 13:06,0.54,Non-Auction Ads,Promote
20230807,1773059577645080 ,US,US&CA,,1/1/00 0:00,303.9,81.2122,1/8/23 21:23,1.81,RIE,Ad Group Recall (Merged)
20230807,1773033639421950 ,AU,,,1/1/00 0:00,11.2905,4.47,1/8/23 13:32,1.53,RIE,Promote Report Recall
20230807,1773066853952540 ,US,US&CA,,1/1/00 0:00,0,155.2282,2/8/23 6:00,1.81,RIE,Ad Group Recall (Merged)
20230807,1773032521944060 ,VN,,,1/1/00 0:00,0,0.9257,1/8/23 13:14,0.54,Non-Auction Ads,Promote
20230807,1773036874113050 ,US,US&CA,,1/1/00 0:00,4.24,23.6004,1/8/23 15:06,1.81,RIE,Ad Group Recall (Merged)
20230807,1773033099756540 ,MY,,,1/1/00 0:00,3.1484,1.2157,1/8/23 13:23,1.53,RIE,Promote Report Recall
20230807,1773133238798350 ,TH,TH,,1/1/00 0:00,65.92,309.7433,2/8/23 15:44,1.87,RIE,Ad Group Recall (Merged)
20230807,1773038609936400 ,US,USCA,,1/1/00 0:00,45.54,33.4277,1/8/23 15:49,1.78,Auction Ads,auction_relation
20230807,1773036929905660 ,US,,,1/1/00 0:00,15.33,8.35,1/8/23 14:24,0.54,Non-Auction Ads,Promote
20230807,1773034670219260 ,ID,,,1/1/00 0:00,2.1745,0.4388,1/8/23 13:49,0.54,Non-Auction Ads,Promote
20230807,1773035196089340 ,MY,,,1/1/00 0:00,2.5533,2.013,1/8/23 13:56,0.54,Non-Auction Ads,Promote
20230807,1773035097703420 ,VN,,,1/1/00 0:00,1.8787,1.301,1/8/23 13:55,0.54,Non-Auction Ads,Promote
20230807,1773034821373950 ,EG,,,1/1/00 0:00,0.9256,0.558,1/8/23 13:52,0.54,Non-Auction Ads,Promote
20230807,1772956714881020 ,US,US&CA,,1/1/00 0:00,47.68,46.817,1/8/23 17:13,1.81,RIE,Ad Group Recall (Merged)
20230807,1773038425776160 ,IT,IT,,1/1/00 0:00,53.8917,16.6728,1/8/23 14:50,1.79,RIE,Ad Group Recall (Merged)
20230807,1773035226490880 ,VN,,,1/1/00 0:00,0,1.7774,1/8/23 13:57,0.54,Non-Auction Ads,Promote
20230807,1773045726427130 ,NL,Other,,1/1/00 0:00,0,46.6435,1/8/23 17:19,1.62,RIE,Ad Group Recall (Merged)
20230807,1773032718193670 ,RO,,,1/1/00 0:00,2.2381,1.9949,1/8/23 14:07,0.54,Non-Auction Ads,Promote
20230807,1773038095771660 ,GB,,,1/1/00 0:00,13.6162,11.9877,1/8/23 14:42,0.54,Non-Auction Ads,Promote
20230807,1773038095771660 ,GB,,,1/1/00 0:00,13.6162,11.9877,1/8/23 14:42,0.54,Non-Auction Ads,Promote
20230807,1773036565193770 ,BR,BR,,1/1/00 0:00,0,1.8795,1/8/23 14:15,1.7,RIE,Ad Group Recall (Merged)
20230807,1773036462281730 ,VN,,,1/1/00 0:00,1.5305,1.153,1/8/23 14:15,0.54,Non-Auction Ads,Promote
20230807,1773038331468800 ,GB,,,1/1/00 0:00,12.7875,11.9877,1/8/23 14:46,0.54,Non-Auction Ads,Promote
20230807,1773086848764960 ,PH,Other,,1/1/00 0:00,648.67,114.4012,2/8/23 3:35,1.62,RIE,Ad Group Recall (Merged)
20230807,1773038221855780 ,US,,,1/1/00 0:00,15.41,11.4317,1/8/23 14:45,0.54,Non-Auction Ads,Promote
20230807,1773040433815560 ,CL,Other,,1/1/00 0:00,49.81,28.7025,1/8/23 15:59,1.62,RIE,Ad Group Recall (Merged)
20230807,1773035921369130 ,NL,Other,,1/1/00 0:00,31.9134,13.6794,1/8/23 15:05,1.62,RIE,Ad Group Recall (Merged)
20230807,1773036625566720 ,VN,,,1/1/00 0:00,0.8833,0.9859,1/8/23 14:18,0.54,Non-Auction Ads,Promote
20230807,1773036680473600 ,VN,,,1/1/00 0:00,0,1.3227,1/8/23 14:19,0.54,Non-Auction Ads,Promote
20230807,1773037198190640 ,IT,,,1/1/00 0:00,2.6743,2.9892,1/8/23 14:27,0.54,Non-Auction Ads,Promote
20230807,1773037151148030 ,MY,,,1/1/00 0:00,2.4878,2.3514,1/8/23 14:26,0.54,Non-Auction Ads,Promote
20230807,1773037107536890 ,ID,,,1/1/00 0:00,2.026,1.7336,1/8/23 14:28,0.54,Non-Auction Ads,Promote
20230807,1773037312116730 ,VN,,,1/1/00 0:00,2.6201,1.8508,1/8/23 14:30,0.54,Non-Auction Ads,Promote
20230807,1773036827665410 ,TR,,,1/1/00 0:00,0.4583,0.7017,1/8/23 14:28,0.54,Non-Auction Ads,Promote
20230807,1773037594738690 ,SA,,,1/1/00 0:00,3.0682,1.3127,1/8/23 14:34,0.54,Non-Auction Ads,Promote
20230807,1773037584074750 ,ID,,,1/1/00 0:00,1.5447,0.7131,1/8/23 14:35,0.54,Non-Auction Ads,Promote
20230807,1773038748585980 ,KW,,,1/1/00 0:00,10.3471,6.8668,1/8/23 14:54,0.54,Non-Auction Ads,Promote
20230807,1773037959875650 ,TR,,,1/1/00 0:00,1.2193,0.5695,1/8/23 14:40,0.54,Non-Auction Ads,Promote
20230807,1773037873379330 ,BR,,,1/1/00 0:00,2.1717,1.5149,1/8/23 14:41,0.54,Non-Auction Ads,Promote
20230807,1773026408903690 ,GB,GB,,1/1/00 0:00,52.06,25.8621,1/8/23 16:31,1.76,Auction Ads,auction_relation
20230807,1773026408903690 ,SE,SE,,1/1/00 0:00,52.06,25.8621,1/8/23 16:31,1.4,Auction Ads,auction_relation
20230807,1773026408903690 ,BE,BE,,1/1/00 0:00,52.06,25.8621,1/8/23 16:31,1.15,Auction Ads,auction_relation
20230807,1773038089425920 ,BR,,,1/1/00 0:00,0.9605,1.2678,1/8/23 14:44,0.54,Non-Auction Ads,Promote
20230807,1773037005724700 ,BE,Other,,1/1/00 0:00,35.04,8.8425,1/8/23 15:22,1.62,RIE,Ad Group Recall (Merged)
20230807,1773039530358780 ,TH,,,1/1/00 0:00,6.063,3.9919,1/8/23 15:04,0.54,Non-Auction Ads,Promote
20230807,1773038896072700 ,BR,,,1/1/00 0:00,3.3493,3.1124,1/8/23 14:59,0.54,Non-Auction Ads,Promote
20230807,1773038181725180 ,ID,,,1/1/00 0:00,0.71,0.6278,1/8/23 14:48,0.54,Non-Auction Ads,Promote
20230807,1773040831154180 ,US,,,1/1/00 0:00,2.17,6.88,1/8/23 15:27,0.54,Non-Auction Ads,Promote
20230807,1773040343252000 ,MX,Other,,1/1/00 0:00,2.44,2.632,1/8/23 15:17,1.62,RIE,Ad Group Recall (Merged)
20230807,1773040547850250 ,ID,ID,,1/1/00 0:00,1.3899,1.8938,1/8/23 15:16,1.8,Auction Ads,auction_relation
20230807,1773039690264570 ,VN,,,1/1/00 0:00,1.4976,0.6111,1/8/23 15:07,0.54,Non-Auction Ads,Promote
20230807,1773039307489310 ,GR,Other,,1/1/00 0:00,0,12.7849,1/8/23 15:56,1.62,RIE,Ad Group Recall (Merged)
20230807,1773037949758460 ,BE,Other,,1/1/00 0:00,9.3,8.8425,1/8/23 15:37,1.62,RIE,Ad Group Recall (Merged)
20230807,1773148563353630 ,US,US&CA,,1/1/00 0:00,0.3,336.385,2/8/23 20:56,1.81,RIE,Ad Group Recall (Merged)
20230807,1773040548209660 ,MY,,,1/1/00 0:00,6.4218,1.5365,1/8/23 15:21,0.54,Non-Auction Ads,Promote
20230807,1773067626638360 ,BR,BR,,1/1/00 0:00,5.5834,61.3266,1/8/23 22:31,1.99,Auction Ads,auction_all
20230807,1773040500870150 ,FR,,,1/1/00 0:00,2.8944,1.8777,1/8/23 15:22,0.54,Non-Auction Ads,Promote
20230807,1773041221214250 ,US,US&CA,,1/1/00 0:00,4.31,4.5244,1/8/23 15:28,1.81,RIE,Ad Group Recall (Merged)
20230807,1773041839277100 ,TR,TR,,1/1/00 0:00,11.0831,6.713,1/8/23 15:40,1.63,RIE,Ad Group Recall (Merged)
20230807,1773040804653090 ,RO,,,1/1/00 0:00,1.8223,1.2043,1/8/23 15:24,0.54,Non-Auction Ads,Promote
20230807,1773040807366650 ,MY,,,1/1/00 0:00,6.5012,1.5365,1/8/23 15:25,0.54,Non-Auction Ads,Promote
20230807,1773043241864190 ,SA,,,1/1/00 0:00,2.8468,11.1752,1/8/23 16:05,0.54,Non-Auction Ads,Promote
20230807,1773106959197200 ,IE,Other,,1/1/00 0:00,235.2196,172.8571,2/8/23 8:52,1.62,RIE,Ad Group Recall (Merged)
20230807,1773043912806400 ,US,,,1/1/00 0:00,15.46,11.75,1/8/23 16:15,0.54,Non-Auction Ads,Promote
20230807,1773040855316480 ,RO,,,1/1/00 0:00,1.9068,1.2043,1/8/23 15:25,0.54,Non-Auction Ads,Promote
20230807,1773149407302670 ,US,US&CA,,1/1/00 0:00,248.05,336.385,2/8/23 21:10,1.81,RIE,Ad Group Recall (Merged)
20230807,1773038194826250 ,IT,IT,,1/1/00 0:00,0,4.6287,1/8/23 15:40,1.79,RIE,Ad Group Recall (Merged)
20230807,1773050943536170 ,IQ,Other,,1/1/00 0:00,67.22,29.709,1/8/23 18:00,1.62,RIE,Ad Group Recall (Merged)
20230807,1773040958400510 ,RO,,,1/1/00 0:00,1.8065,1.2043,1/8/23 15:27,0.54,Non-Auction Ads,Promote
20230807,1773149579304960 ,NZ,Other,,1/1/00 0:00,1933.09,336.385,2/8/23 21:11,1.62,RIE,Ad Group Recall (Merged)
20230807,1773149579304960 ,AU,AU,,1/1/00 0:00,1933.09,336.385,2/8/23 21:11,1.84,RIE,Ad Group Recall (Merged)
20230807,1773041440165890 ,FR,,,1/1/00 0:00,4.9745,2.983,1/8/23 15:36,0.54,Non-Auction Ads,Promote
20230807,1773041192687610 ,VN,,,1/1/00 0:00,1.5128,1.6868,1/8/23 15:31,0.54,Non-Auction Ads,Promote
20230807,1773149883757680 ,AU,AU,,1/1/00 0:00,1954.98,336.385,2/8/23 21:14,1.84,RIE,Ad Group Recall (Merged)
20230807,1773149883757680 ,GB,GB,,1/1/00 0:00,1954.98,336.385,2/8/23 21:14,1.72,RIE,Ad Group Recall (Merged)
20230807,1773041176402950 ,BR,,,1/1/00 0:00,1.6069,1.0227,1/8/23 15:33,0.54,Non-Auction Ads,Promote
20230807,1773150111390730 ,US,US&CA,,1/1/00 0:00,0,336.385,2/8/23 21:21,1.81,RIE,Ad Group Recall (Merged)
20230807,1773041337919480 ,VN,,,1/1/00 0:00,0,0.6771,1/8/23 15:34,0.54,Non-Auction Ads,Promote
20230807,1773047115335740 ,AU,AU,,1/1/00 0:00,890.37,21.2746,1/8/23 17:15,1.84,RIE,Ad Group Recall (Merged)
20230807,1773047115335740 ,NZ,Other,,1/1/00 0:00,890.37,21.2746,1/8/23 17:15,1.62,RIE,Ad Group Recall (Merged)
20230807,1773044116780030 ,CZ,,,1/1/00 0:00,9.4015,9.7224,1/8/23 16:18,1.53,RIE,Promote Report Recall
20230807,1773105790778400 ,JP,JP,,1/1/00 0:00,253.1319,106.9645,2/8/23 4:53,3.21,RIE,Ad Group Recall (Merged)
20230807,1773047395333170 ,NZ,Other,,1/1/00 0:00,3772.9,21.2746,1/8/23 17:19,1.62,RIE,Ad Group Recall (Merged)
20230807,1773047395333170 ,CA,US&CA,,1/1/00 0:00,3772.9,21.2746,1/8/23 17:19,1.81,RIE,Ad Group Recall (Merged)
20230807,1773047395333170 ,AU,AU,,1/1/00 0:00,3772.9,21.2746,1/8/23 17:19,1.84,RIE,Ad Group Recall (Merged)
20230807,1773041907444730 ,MY,,,1/1/00 0:00,4.0903,0.8607,1/8/23 15:44,0.54,Non-Auction Ads,Promote
20230807,1773043193862190 ,IE,IE,,1/1/00 0:00,16.32,15.8825,1/8/23 16:57,1.52,Auction Ads,auction_relation
20230807,1773043193862190 ,DK,DK,,1/1/00 0:00,16.32,15.8825,1/8/23 16:57,1.31,Auction Ads,auction_relation
20230807,1773043193862190 ,NO,Others,,1/1/00 0:00,16.32,15.8825,1/8/23 16:57,1.56,Auction Ads,auction_all
20230807,1773042182806530 ,MY,,,1/1/00 0:00,4.235,0.8607,1/8/23 15:48,0.54,Non-Auction Ads,Promote
20230807,1773108383683630 ,PH,Other,,1/1/00 0:00,647.28,186.895,2/8/23 10:11,1.62,RIE,Ad Group Recall (Merged)
20230807,1773108383683630 ,ID,ID,,1/1/00 0:00,647.28,186.895,2/8/23 10:11,2.05,RIE,Ad Group Recall (Merged)
20230807,1773108383683630 ,VN,VN,,1/1/00 0:00,647.28,186.895,2/8/23 10:11,2.13,RIE,Ad Group Recall (Merged)
20230807,1773042395289600 ,TH,,,1/1/00 0:00,6.8189,1.3783,1/8/23 15:50,0.54,Non-Auction Ads,Promote
20230807,1773042289158140 ,SA,,,1/1/00 0:00,0,1.7888,1/8/23 15:50,0.54,Non-Auction Ads,Promote
20230807,1773090163638270 ,SA,,,1/1/00 0:00,275.8462,100.5273,2/8/23 4:33,1.53,RIE,Promote Report Recall
20230807,1773043359555600 ,DE,,,1/1/00 0:00,8.7712,3.0566,1/8/23 16:05,0.54,Non-Auction Ads,Promote
20230807,1773060694578220 ,PE,PE,,1/1/00 0:00,35.9563,39.7286,1/8/23 20:38,1.68,Auction Ads,auction_all
20230807,1773060694578220 ,PE,PE,,1/1/00 0:00,35.9563,39.7286,1/8/23 20:38,1.68,Auction Ads,auction_all
20230807,1773042878944250 ,VN,,,1/1/00 0:00,1.6624,0.3642,1/8/23 15:57,0.54,Non-Auction Ads,Promote
20230807,1773042910397440 ,VN,,,1/1/00 0:00,1.914,0.6304,1/8/23 15:58,0.54,Non-Auction Ads,Promote
20230807,1773043844229120 ,MY,,,1/1/00 0:00,2.9705,1.612,1/8/23 16:13,0.54,Non-Auction Ads,Promote
20230807,1773108833997820 ,VN,VN,,1/1/00 0:00,551.18,186.895,2/8/23 10:23,2.13,RIE,Ad Group Recall (Merged)
20230807,1773108833997820 ,ID,ID,,1/1/00 0:00,551.18,186.895,2/8/23 10:23,2.05,RIE,Ad Group Recall (Merged)
20230807,1773037141189650 ,VN,VN,,1/1/00 0:00,35.9845,15.7208,1/8/23 17:23,2.13,RIE,Ad Group Recall (Merged)
20230807,1773044016621570 ,RO,,,1/1/00 0:00,2.3493,1.5539,1/8/23 16:16,0.54,Non-Auction Ads,Promote
20230807,1773044082188290 ,RO,,,1/1/00 0:00,2.4383,1.5539,1/8/23 16:17,0.54,Non-Auction Ads,Promote
20230807,1773045038678040 ,MX,MX,,1/1/00 0:00,,0.47,1/8/23 16:15,1.99,Auction Ads,auction_all
20230807,1773047309215750 ,US,,,1/1/00 0:00,11.05,11.2954,1/8/23 17:08,0.54,Non-Auction Ads,Promote
20230807,1773044058120190 ,VN,,,1/1/00 0:00,0.1939,1.6232,1/8/23 16:18,0.54,Non-Auction Ads,Promote
20230807,1773044144854020 ,RO,,,1/1/00 0:00,2.2424,1.5539,1/8/23 16:19,0.54,Non-Auction Ads,Promote
20230807,1773045315434530 ,CA,US&CA,,1/1/00 0:00,34.1,14.7373,1/8/23 17:35,1.81,RIE,Ad Group Recall (Merged)
20230807,1773044440217600 ,ID,,,1/1/00 0:00,2.9593,0.8681,1/8/23 16:23,0.54,Non-Auction Ads,Promote
20230807,1773044758750200 ,ID,,,1/1/00 0:00,2.6806,0.8681,1/8/23 16:28,0.54,Non-Auction Ads,Promote
20230807,1773045134319620 ,RO,,,1/1/00 0:00,2.3712,0.966,1/8/23 16:34,0.54,Non-Auction Ads,Promote
20230807,1773046348070910 ,SA,,,1/1/00 0:00,3.1086,2.9032,1/8/23 16:52,0.54,Non-Auction Ads,Promote
20230807,1773045395533920 ,BR,,,1/1/00 0:00,2.2858,1.162,1/8/23 16:40,0.54,Non-Auction Ads,Promote
20230807,1773042307788830 ,VN,VN,,1/1/00 0:00,20.16,1.9657,1/8/23 16:43,2.13,RIE,Ad Group Recall (Merged)
20230807,1773045528860670 ,BR,,,1/1/00 0:00,0.5644,0.8345,1/8/23 16:44,1.53,RIE,Promote Report Recall
20230807,1773046337523710 ,VN,,,1/1/00 0:00,0,1.5432,1/8/23 16:54,0.54,Non-Auction Ads,Promote
20230807,1773046488958970 ,ID,,,1/1/00 0:00,1.2223,0.6121,1/8/23 16:55,1.53,RIE,Promote Report Recall
20230807,1773046505186300 ,AE,,,1/1/00 0:00,2.1288,1.4769,1/8/23 16:58,0.54,Non-Auction Ads,Promote
20230807,1773047454587950 ,PK,Other,,1/1/00 0:00,17.85,1.8303,1/8/23 17:03,1.62,RIE,Ad Group Recall (Merged)
20230807,1773046992412670 ,BR,,,1/1/00 0:00,3.1419,0.9418,1/8/23 17:03,0.54,Non-Auction Ads,Promote
20230807,1773126199071740 ,US,USCA,,1/1/00 0:00,76.11,94.6558,2/8/23 5:00,1.78,Auction Ads,auction_relation
20230807,1773047200246780 ,SA,,,1/1/00 0:00,1.5513,0.9438,1/8/23 17:08,0.54,Non-Auction Ads,Promote
20230807,1773093626321950 ,VN,VN,,1/1/00 0:00,72.28,97.9725,2/8/23 5:23,2.14,Auction Ads,auction_relation
20230807,1773093626321950 ,VN,VN,,1/1/00 0:00,72.28,97.9725,2/8/23 5:23,2.14,Auction Ads,auction_relation
20230807,1773063317014530 ,BR,BR,,1/1/00 0:00,65.8557,27.5355,1/8/23 21:14,1.99,Auction Ads,auction_all
20230807,1773052882590720 ,US,,,1/1/00 0:00,18.74,10.4253,1/8/23 18:36,0.54,Non-Auction Ads,Promote
20230807,1773048080803840 ,MY,,,1/1/00 0:00,3.5392,2.2095,1/8/23 17:23,0.54,Non-Auction Ads,Promote
20230807,1773050251377660 ,PH,,,1/1/00 0:00,6.5413,4.2008,1/8/23 17:55,0.54,Non-Auction Ads,Promote
20230807,1773049518531580 ,TH,,,1/1/00 0:00,5.1541,1.8142,1/8/23 17:44,0.54,Non-Auction Ads,Promote
20230807,1773051882416160 ,NL,Other,,1/1/00 0:00,0,11.9746,1/8/23 19:20,1.62,RIE,Ad Group Recall (Merged)
20230807,1773049158406150 ,BR,,,1/1/00 0:00,0.671,0.9397,1/8/23 17:39,0.54,Non-Auction Ads,Promote
20230807,1773051006972920 ,KW,,,1/1/00 0:00,1.956,2.0058,1/8/23 18:09,0.54,Non-Auction Ads,Promote
20230807,1773052311113720 ,ID,ID,,1/1/00 0:00,0,2.5216,1/8/23 18:22,1.8,Auction Ads,auction_relation
20230807,1773054032553980 ,SE,,,1/1/00 0:00,7.4946,6.6664,1/8/23 18:56,0.54,Non-Auction Ads,Promote
20230807,1773051276788730 ,PH,,,1/1/00 0:00,1.3311,0.7656,1/8/23 18:12,0.54,Non-Auction Ads,Promote
20230807,1773051933241340 ,SA,,,1/1/00 0:00,3.2816,1.6813,1/8/23 18:22,0.54,Non-Auction Ads,Promote
20230807,1773051876647930 ,VN,,,1/1/00 0:00,1.668,0.2444,1/8/23 18:20,0.54,Non-Auction Ads,Promote
20230807,1773067412694010 ,ZA,Other,,1/1/00 0:00,73.917,24.5694,1/8/23 22:21,1.62,RIE,Ad Group Recall (Merged)
20230807,1773052582138880 ,PH,,,1/1/00 0:00,0.648,0.8252,1/8/23 18:32,0.54,Non-Auction Ads,Promote
20230807,1773052945409060 ,US,,,1/1/00 0:00,0.32,2.65,1/8/23 18:38,0.54,Non-Auction Ads,Promote
20230807,1773052853562370 ,SA,,,1/1/00 0:00,2.071,1.8761,1/8/23 18:37,0.54,Non-Auction Ads,Promote
20230807,1773053068999680 ,IL,,,1/1/00 0:00,4.2994,2.6717,1/8/23 18:41,0.54,Non-Auction Ads,Promote
20230807,1773099455181850 ,BR,BR,,1/1/00 0:00,503.8,119.9235,2/8/23 7:56,1.7,RIE,Ad Group Recall (Merged)
20230807,1773051564407840 ,IT,IT,,1/1/00 0:00,0,5.2423,1/8/23 19:11,1.79,RIE,Ad Group Recall (Merged)
20230807,1772924431977500 ,VN,VN,,1/1/00 0:00,326.97,81.4483,2/8/23 5:00,2.13,RIE,Ad Group Recall (Merged)
20230807,1772924431977500 ,VN,VN,,1/1/00 0:00,326.97,81.4483,2/8/23 5:00,2.13,RIE,Ad Group Recall (Merged)
20230807,1773054321984540 ,TH,TH,,1/1/00 0:00,6.5913,4.1799,1/8/23 18:58,1.87,RIE,Ad Group Recall (Merged)
20230807,1772978820192250 ,SA,,,1/1/00 0:00,18.2911,4.5876,1/8/23 19:01,1.53,RIE,Promote Report Recall
20230807,1773053273246720 ,BR,,,1/1/00 0:00,1.2251,1.5058,1/8/23 18:44,0.54,Non-Auction Ads,Promote
20230807,1773054045386750 ,SA,,,1/1/00 0:00,3.4335,2.323,1/8/23 18:56,0.54,Non-Auction Ads,Promote
20230807,1773053434701820 ,SA,,,1/1/00 0:00,3.6414,1.2895,1/8/23 18:46,0.54,Non-Auction Ads,Promote
20230807,1773062184731650 ,US,,,1/1/00 0:00,32.58,12.4868,1/8/23 21:04,0.54,Non-Auction Ads,Promote
20230807,1773056034067450 ,SA,,,1/1/00 0:00,2.13,2.1773,1/8/23 19:27,0.54,Non-Auction Ads,Promote
20230807,1773057585451010 ,IL,,,1/1/00 0:00,5.0873,4.824,1/8/23 19:53,0.54,Non-Auction Ads,Promote
20230807,1773056289186810 ,SA,,,1/1/00 0:00,0,2.1773,1/8/23 19:31,0.54,Non-Auction Ads,Promote
20230807,1773057445147650 ,RO,,,1/1/00 0:00,3.6721,3.1071,1/8/23 19:50,0.54,Non-Auction Ads,Promote
20230807,1773056646879230 ,SA,,,1/1/00 0:00,2.2635,1.0715,1/8/23 19:36,0.54,Non-Auction Ads,Promote
20230807,1773062417695750 ,US,,,1/1/00 0:00,11.36,9.5283,1/8/23 21:10,0.54,Non-Auction Ads,Promote
20230807,1773063010031620 ,CA,,,1/1/00 0:00,19.7104,10.5877,1/8/23 21:18,0.54,Non-Auction Ads,Promote
20230807,1773057643987970 ,IT,,,1/1/00 0:00,4.8755,1.5499,1/8/23 19:52,0.54,Non-Auction Ads,Promote
20230807,1773057097359440 ,GR,,,1/1/00 0:00,2.1127,0.6592,1/8/23 19:45,0.54,Non-Auction Ads,Promote
20230807,1773057972567040 ,SA,,,1/1/00 0:00,1.8128,1.3721,1/8/23 19:58,0.54,Non-Auction Ads,Promote
20230807,1773058495457280 ,SA,,,1/1/00 0:00,2.3831,1.4739,1/8/23 20:06,0.54,Non-Auction Ads,Promote
20230807,1773058440011770 ,IL,,,1/1/00 0:00,2.9994,1.6727,1/8/23 20:07,0.54,Non-Auction Ads,Promote
20230807,1773059573156860 ,SA,,,1/1/00 0:00,3.3483,2.6769,1/8/23 20:27,0.54,Non-Auction Ads,Promote
20230807,1773057977901050 ,VN,,,1/1/00 0:00,0.9001,0.4821,1/8/23 19:59,0.54,Non-Auction Ads,Promote
20230807,1773060194606080 ,SA,,,1/1/00 0:00,3.0574,2.0868,1/8/23 20:32,0.54,Non-Auction Ads,Promote
20230807,1773059283973120 ,PE,Other,,1/1/00 0:00,0,0.6511,1/8/23 20:12,1.62,RIE,Ad Group Recall (Merged)
20230807,1773061272737790 ,SA,,,1/1/00 0:00,3.3589,3.0576,1/8/23 20:51,0.54,Non-Auction Ads,Promote
20230807,1773058886603780 ,EG,,,1/1/00 0:00,0.9135,0.2512,1/8/23 20:13,0.54,Non-Auction Ads,Promote
20230807,1773079675929650 ,JP,JP,,1/1/00 0:00,70.1821,29.1038,2/8/23 1:37,3.21,RIE,Ad Group Recall (Merged)
20230807,1773065621595140 ,US,,,1/1/00 0:00,16.38,6.7037,1/8/23 22:00,0.54,Non-Auction Ads,Promote
20230807,1773061604477980 ,BR,BR,,1/1/00 0:00,,0.3909,1/8/23 20:53,1.7,RIE,Ad Group Recall (Merged)
20230807,1773066748872700 ,US,,,1/1/00 0:00,18.16,8.2786,1/8/23 22:18,0.54,Non-Auction Ads,Promote
20230807,1773064405819440 ,ZA,Other,,1/1/00 0:00,20.42,12.0631,1/8/23 22:38,1.62,RIE,Ad Group Recall (Merged)
20230807,1773062937348100 ,US,,,1/1/00 0:00,15.25,2.5847,1/8/23 21:17,0.54,Non-Auction Ads,Promote
20230807,1773093444302940 ,ES,ES,,1/1/00 0:00,99.39,78.101,2/8/23 6:05,1.79,RIE,Ad Group Recall (Merged)
20230807,1773060415349760 ,DE,DE,,1/1/00 0:00,0,3.001,1/8/23 21:35,1.01,Auction Ads,auction_relation
20230807,1773067090497540 ,US,,,1/1/00 0:00,19.52,8.2786,1/8/23 22:23,0.54,Non-Auction Ads,Promote
20230807,1773108672191520 ,TW,TW,,1/1/00 0:00,201.45,129.0153,2/8/23 9:15,2.59,RIE,Ad Group Recall (Merged)
20230807,1773064988659710 ,SA,,,1/1/00 0:00,3.1591,1.4335,1/8/23 21:50,0.54,Non-Auction Ads,Promote
20230807,1773065315484670 ,VN,,,1/1/00 0:00,1.8849,1.8281,1/8/23 21:54,0.54,Non-Auction Ads,Promote
20230807,1773085109008430 ,KH,Other,,1/1/00 0:00,9.06,39.5162,2/8/23 3:07,1.62,RIE,Ad Group Recall (Merged)
20230807,1773065257686010 ,SA,,,1/1/00 0:00,2.9644,1.6981,1/8/23 21:56,0.54,Non-Auction Ads,Promote
20230807,1773093536837680 ,ES,ES,,1/1/00 0:00,98.62,78.101,2/8/23 6:22,1.79,RIE,Ad Group Recall (Merged)
20230807,1773072789290030 ,ES,ES,,1/1/00 0:00,33.4237,15.9426,2/8/23 0:59,1.79,RIE,Ad Group Recall (Merged)
20230807,1773067471413280 ,PL,PL,,1/1/00 0:00,0.2068,0.6183,1/8/23 22:06,1.84,RIE,Ad Group Recall (Merged)
20230807,1773067471413280 ,TR,TR,,1/1/00 0:00,0.2068,0.6183,1/8/23 22:06,1.63,RIE,Ad Group Recall (Merged)
20230807,1773067471413280 ,HU,Other,,1/1/00 0:00,0.2068,0.6183,1/8/23 22:06,1.62,RIE,Ad Group Recall (Merged)
20230807,1773067471413280 ,CZ,Other,,1/1/00 0:00,0.2068,0.6183,1/8/23 22:06,1.62,RIE,Ad Group Recall (Merged)
20230807,1773073116953600 ,JP,,,1/1/00 0:00,9.2032,9.4653,1/8/23 23:58,0.54,Non-Auction Ads,Promote
20230807,1773070046090240 ,US,,,1/1/00 0:00,12.58,7.1469,1/8/23 23:14,0.54,Non-Auction Ads,Promote
20230807,1773066950590470 ,BR,,,1/1/00 0:00,3.06,1.5117,1/8/23 22:22,0.54,Non-Auction Ads,Promote
20230807,1773210296552460 ,JP,JP,,1/1/00 0:00,593.9,560.2717,3/8/23 12:19,3.21,RIE,Ad Group Recall (Merged)
20230807,1773067875220510 ,IT,,,1/1/00 0:00,4.6001,2.3335,1/8/23 22:35,0.54,Non-Auction Ads,Promote
20230807,1773061820561410 ,BR,,,1/1/00 0:00,3.1888,2.8787,1/8/23 22:38,0.54,Non-Auction Ads,Promote
20230807,1773067539526650 ,ID,,,1/1/00 0:00,1.5553,1.1734,1/8/23 22:30,0.54,Non-Auction Ads,Promote
20230807,1773067916889080 ,SA,,,1/1/00 0:00,3.1294,2.2944,1/8/23 22:37,0.54,Non-Auction Ads,Promote
20230807,1773059572817950 ,DE,DE,,1/1/00 0:00,0,4.5689,1/8/23 23:02,1.01,Auction Ads,auction_relation
20230807,1773068138767360 ,SA,,,1/1/00 0:00,5.1205,2.3599,1/8/23 22:40,0.54,Non-Auction Ads,Promote
20230807,1773070014865460 ,CA,,,1/1/00 0:00,6.7445,3.7455,1/8/23 23:10,0.54,Non-Auction Ads,Promote
20230807,1772712305836050 ,US,US&CA,,1/1/00 0:00,0,14.5847,2/8/23 1:21,1.81,RIE,Ad Group Recall (Merged)
20230807,1773068094326790 ,BR,,,1/1/00 0:00,1.5595,0.9313,1/8/23 22:41,0.54,Non-Auction Ads,Promote
20230807,1773076585448450 ,SA,,,1/1/00 0:00,7.5357,8.8012,2/8/23 0:54,0.54,Non-Auction Ads,Promote
20230807,1773072644168700 ,SA,,,1/1/00 0:00,7.8183,3.9826,1/8/23 23:51,0.54,Non-Auction Ads,Promote
20230807,1773077045381150 ,CA,US&CA,,1/1/00 0:00,3.47,8.9727,2/8/23 0:58,1.81,RIE,Ad Group Recall (Merged)
20230807,1773068945860610 ,PH,,,1/1/00 0:00,0.3367,0.5398,1/8/23 22:53,0.54,Non-Auction Ads,Promote
20230807,1773070473244670 ,ID,,,1/1/00 0:00,1.9644,1.416,1/8/23 23:18,0.54,Non-Auction Ads,Promote
20230807,1773070584744960 ,VN,,,1/1/00 0:00,0,1.2871,1/8/23 23:19,0.54,Non-Auction Ads,Promote
20230807,1773071582278650 ,MY,,,1/1/00 0:00,2.6082,0.6998,1/8/23 23:34,0.54,Non-Auction Ads,Promote
20230807,1772956737568770 ,AE,MENA,,1/1/00 0:00,192.43,25.2389,2/8/23 3:00,1.67,RIE,Ad Group Recall (Merged)
20230807,1773069705735170 ,RO,Other,,1/1/00 0:00,4.9611,2.1852,1/8/23 23:59,1.62,RIE,Ad Group Recall (Merged)
20230807,1773000754328570 ,ID,,,1/1/00 0:00,3.0078,1.9187,2/8/23 0:26,0.54,Non-Auction Ads,Promote
20230807,1773071245841450 ,RO,Other,,1/1/00 0:00,4.6381,2.1852,2/8/23 0:27,1.62,RIE,Ad Group Recall (Merged)
20230807,1773077679665150 ,US,,,1/1/00 0:00,10.61,6.4156,2/8/23 1:11,1.53,RIE,Promote Report Recall
20230807,1773080773667870 ,ID,ID,,1/1/00 0:00,361.38,13.2249,2/8/23 2:00,2.05,RIE,Ad Group Recall (Merged)
20230807,1773075288059900 ,VN,,,1/1/00 0:00,1.915,1.0741,2/8/23 0:33,1.53,RIE,Promote Report Recall
20230807,1773078167083040 ,VN,VN,,1/1/00 0:00,0,6.2536,2/8/23 1:15,2.13,RIE,Ad Group Recall (Merged)
20230807,1773075630324730 ,PH,,,1/1/00 0:00,0.9439,0.4702,2/8/23 0:39,0.54,Non-Auction Ads,Promote
20230807,1773075870712830 ,VN,,,1/1/00 0:00,1.9197,0.6388,2/8/23 0:43,0.54,Non-Auction Ads,Promote
20230807,1773076716492800 ,ID,,,1/1/00 0:00,0.6176,0.2972,2/8/23 0:57,1.53,RIE,Promote Report Recall
20230807,1773079966060570 ,JP,JP,,1/1/00 0:00,20.04,7.2506,2/8/23 1:46,3.21,RIE,Ad Group Recall (Merged)
20230807,1773073687138320 ,RO,Other,,1/1/00 0:00,6.4599,2.1852,2/8/23 1:05,1.62,RIE,Ad Group Recall (Merged)
20230807,1773077843028990 ,BR,,,1/1/00 0:00,3.2093,3.2792,2/8/23 1:15,0.54,Non-Auction Ads,Promote
20230807,1773091358351390 ,IQ,Other,,1/1/00 0:00,16.93,38.9352,2/8/23 4:44,1.62,RIE,Ad Group Recall (Merged)
20230807,1773076791512060 ,PH,,,1/1/00 0:00,1.0094,0.5486,2/8/23 0:58,0.54,Non-Auction Ads,Promote
20230807,1773077544838140 ,SA,,,1/1/00 0:00,0.1146,0.9581,2/8/23 1:08,0.54,Non-Auction Ads,Promote
20230807,1773085643321370 ,JP,JP,,1/1/00 0:00,22.8533,21.0514,2/8/23 3:20,2.16,Auction Ads,auction_all
20230807,1773081074059260 ,MY,MY,,1/1/00 0:00,6.5869,7.3971,2/8/23 2:00,2.31,Auction Ads,auction_relation
20230807,1773078297908220 ,ID,,,1/1/00 0:00,4.5134,1.6414,2/8/23 1:25,0.54,Non-Auction Ads,Promote
20230807,1773078938233920 ,MY,,,1/1/00 0:00,1.8089,1.4007,2/8/23 1:31,0.54,Non-Auction Ads,Promote
20230807,1773083632093230 ,AT,AT,,1/1/00 0:00,30.62,12.7779,2/8/23 2:43,0.89,Auction Ads,auction_relation
20230807,1773083632093230 ,SE,SE,,1/1/00 0:00,30.62,12.7779,2/8/23 2:43,1.4,Auction Ads,auction_relation
20230807,1773083632093230 ,DK,DK,,1/1/00 0:00,30.62,12.7779,2/8/23 2:43,1.31,Auction Ads,auction_relation
20230807,1773083632093230 ,NZ,NZ,,1/1/00 0:00,30.62,12.7779,2/8/23 2:43,1.58,Auction Ads,auction_relation
20230807,1773083632093230 ,DE,DE,,1/1/00 0:00,30.62,12.7779,2/8/23 2:43,1.01,Auction Ads,auction_relation
20230807,1773083632093230 ,GB,GB,,1/1/00 0:00,30.62,12.7779,2/8/23 2:43,1.76,Auction Ads,auction_relation
20230807,1773079359483900 ,ID,,,1/1/00 0:00,3.879,1.5776,2/8/23 1:38,0.54,Non-Auction Ads,Promote
20230807,1773079408568320 ,EG,,,1/1/00 0:00,0.2759,1.5565,2/8/23 1:39,0.54,Non-Auction Ads,Promote
20230807,1773082353708030 ,US,,,1/1/00 0:00,5.57,8.4501,2/8/23 2:26,0.54,Non-Auction Ads,Promote
20230807,1773080589922300 ,ID,,,1/1/00 0:00,4.0326,2.5382,2/8/23 1:57,0.54,Non-Auction Ads,Promote
20230807,1773079810842620 ,TH,,,1/1/00 0:00,6.6277,1.4424,2/8/23 1:45,0.54,Non-Auction Ads,Promote
20230807,1773088710100010 ,ID,ID,,1/1/00 0:00,2.1922,24.1816,2/8/23 3:54,2.05,RIE,Ad Group Recall (Merged)
20230807,1773089606155290 ,KR,KR,,1/1/00 0:00,48.66,27.8222,2/8/23 4:18,2.18,RIE,Ad Group Recall (Merged)
20230807,1773081739815930 ,TH,,,1/1/00 0:00,5.1893,5.2225,2/8/23 2:16,0.54,Non-Auction Ads,Promote
20230807,1773081216570410 ,ID,ID,,1/1/00 0:00,9.1564,2.2437,2/8/23 2:02,1.8,Auction Ads,auction_relation
20230807,1773082845699120 ,TH,TH,,1/1/00 0:00,50.35,3.8859,2/8/23 2:24,1.87,RIE,Ad Group Recall (Merged)
20230807,1773081470782460 ,SA,MENA,,1/1/00 0:00,4.1,2.5165,2/8/23 2:12,1.67,RIE,Ad Group Recall (Merged)
20230807,1773087196271650 ,KH,KH,,1/1/00 0:00,22.52,15.9144,2/8/23 3:28,1.5,Auction Ads,auction_relation
20230807,1773090147103760 ,ID,ID,,1/1/00 0:00,1542.31,225.803,2/8/23 17:00,1.8,Non-Auction Ads,R&F
20230807,1773081303634970 ,VN,VN,,1/1/00 0:00,1.2809,0.9392,2/8/23 2:06,2.13,RIE,Ad Group Recall (Merged)
20230807,1773082019743740 ,VN,,,1/1/00 0:00,0.7856,1.082,2/8/23 2:20,0.54,Non-Auction Ads,Promote
20230807,1773081975337980 ,ID,,,1/1/00 0:00,0.9754,0.6027,2/8/23 2:24,0.54,Non-Auction Ads,Promote
20230807,1773082718522370 ,ID,,,1/1/00 0:00,2.1375,0.9922,2/8/23 2:31,0.54,Non-Auction Ads,Promote
20230807,1773082593898490 ,ID,,,1/1/00 0:00,3.9955,1.3181,2/8/23 2:31,0.54,Non-Auction Ads,Promote
20230807,1773084489680940 ,NL,Other,,1/1/00 0:00,20.03,5.1044,2/8/23 2:59,1.62,RIE,Ad Group Recall (Merged)
20230807,1773092277863470 ,VN,VN,,1/1/00 0:00,246.31,22.7068,2/8/23 4:37,2.14,Auction Ads,auction_relation
20230807,1773086896363520 ,MY,MY,,1/1/00 0:00,11.373,2.4371,2/8/23 2:44,2.31,Auction Ads,auction_relation
20230807,1773086068750350 ,TH,TH,,1/1/00 0:00,12.4325,8.4043,2/8/23 3:22,1.64,Auction Ads,auction_relation
20230807,1773084144295930 ,ID,,,1/1/00 0:00,1.9687,1.5688,2/8/23 2:53,0.54,Non-Auction Ads,Promote
20230807,1773084114500600 ,SA,,,1/1/00 0:00,2.8255,1.7888,2/8/23 2:55,0.54,Non-Auction Ads,Promote
20230807,1773080584580110 ,BR,BR,,1/1/00 0:00,21.5134,4.0077,2/8/23 3:01,1.7,RIE,Ad Group Recall (Merged)
20230807,1773081281220620 ,MX,Other,,1/1/00 0:00,41.2157,4.0077,2/8/23 3:01,1.62,RIE,Ad Group Recall (Merged)
20230807,1773084467864620 ,AE,MENA,,1/1/00 0:00,0,1.7865,2/8/23 2:58,1.67,RIE,Ad Group Recall (Merged)
20230807,1773106565255200 ,VN,VN,,1/1/00 0:00,173.87,84.8205,2/8/23 8:49,2.13,RIE,Ad Group Recall (Merged)
20230807,1773066808060960 ,US,US&CA,,1/1/00 0:00,0.62,26.6975,2/8/23 5:00,1.81,RIE,Ad Group Recall (Merged)
20230807,1773084926457930 ,MX,Other,,1/1/00 0:00,3.4339,1.5964,2/8/23 3:05,1.62,RIE,Ad Group Recall (Merged)
20230807,1773088530730030 ,ID,ID,,1/1/00 0:00,14.1175,7.5944,2/8/23 3:50,1.8,Auction Ads,auction_relation
20230807,1773087148657660 ,TW,TW,,1/1/00 0:00,0.66,5.3429,2/8/23 3:44,2.59,RIE,Ad Group Recall (Merged)
20230807,1773085591683070 ,VN,,,1/1/00 0:00,3.7924,1.4563,2/8/23 3:17,0.54,Non-Auction Ads,Promote
20230807,1773085591683070 ,VN,,,1/1/00 0:00,3.7924,1.4563,2/8/23 3:17,0.54,Non-Auction Ads,Promote
20230807,1773087184958520 ,TW,TW,,1/1/00 0:00,0.01,5.3429,2/8/23 3:44,2.59,RIE,Ad Group Recall (Merged)
20230807,1773085265660960 ,VN,VN,,1/1/00 0:00,,0.239,2/8/23 3:09,2.13,RIE,Ad Group Recall (Merged)
20230807,1773087266553850 ,TW,TW,,1/1/00 0:00,0,5.3429,2/8/23 3:46,2.59,RIE,Ad Group Recall (Merged)
20230807,1773088257903660 ,TW,TW,,1/1/00 0:00,0,8.9387,2/8/23 4:01,2.59,RIE,Ad Group Recall (Merged)
20230807,1773088247886880 ,TW,TW,,1/1/00 0:00,0.09,8.9387,2/8/23 4:01,2.59,RIE,Ad Group Recall (Merged)
20230807,1773088257906720 ,TW,TW,,1/1/00 0:00,0,8.9387,2/8/23 4:01,2.59,RIE,Ad Group Recall (Merged)
20230807,1773088254787610 ,TW,TW,,1/1/00 0:00,42.58,8.9387,2/8/23 4:01,2.59,RIE,Ad Group Recall (Merged)
20230807,1773086045329400 ,MY,,,1/1/00 0:00,2.5816,1.0224,2/8/23 3:26,0.54,Non-Auction Ads,Promote
20230807,1773086049148930 ,PH,,,1/1/00 0:00,0.7661,0.2213,2/8/23 3:24,0.54,Non-Auction Ads,Promote
20230807,1773087219452930 ,ID,,,1/1/00 0:00,3.861,3.9352,2/8/23 3:47,0.54,Non-Auction Ads,Promote
20230807,1773087088843770 ,TH,,,1/1/00 0:00,6.3958,2.2298,2/8/23 3:41,1.53,RIE,Promote Report Recall
20230807,1773087742396430 ,TW,TW,,1/1/00 0:00,0,4.4466,2/8/23 3:53,2.59,RIE,Ad Group Recall (Merged)
20230807,1773087742387200 ,TW,TW,,1/1/00 0:00,0,4.4466,2/8/23 3:53,2.59,RIE,Ad Group Recall (Merged)
20230807,1773097127219230 ,MY,MY,,1/1/00 0:00,56.47,49.083,2/8/23 7:17,2.31,Auction Ads,auction_relation
20230807,1773086400425980 ,ID,,,1/1/00 0:00,3.8374,0.4643,2/8/23 3:30,0.54,Non-Auction Ads,Promote
20230807,1773089687875580 ,TH,TH,,1/1/00 0:00,11.8951,8.4476,2/8/23 4:20,1.64,Auction Ads,auction_relation
20230807,1773088043132930 ,MY,,,1/1/00 0:00,2.9134,2.2458,2/8/23 3:57,0.54,Non-Auction Ads,Promote
20230807,1773092478697500 ,NZ,NZ,,1/1/00 0:00,8.3212,13.4564,2/8/23 4:52,1.58,Auction Ads,auction_relation
20230807,1773092478697500 ,ZA,ZA,,1/1/00 0:00,8.3212,13.4564,2/8/23 4:52,1.4,Auction Ads,auction_relation
20230807,1773092478697500 ,AU,AU,,1/1/00 0:00,8.3212,13.4564,2/8/23 4:52,1.84,Auction Ads,auction_relation
20230807,1773100859651100 ,PH,Other,,1/1/00 0:00,76.67,46.1523,2/8/23 7:19,1.62,RIE,Ad Group Recall (Merged)
20230807,1773089194504190 ,US,,,1/1/00 0:00,1.82,4.2069,2/8/23 4:13,0.54,Non-Auction Ads,Promote
20230807,1773095788018720 ,VN,VN,,1/1/00 0:00,29.26,26.4171,2/8/23 5:57,2.13,RIE,Ad Group Recall (Merged)
20230807,1773088307419130 ,ID,,,1/1/00 0:00,1.2911,0.997,2/8/23 3:59,0.54,Non-Auction Ads,Promote
20230807,1773108200816690 ,KZ,Other,,1/1/00 0:00,733.68,80.1628,2/8/23 9:16,1.62,RIE,Ad Group Recall (Merged)
20230807,1773088660635650 ,VN,,,1/1/00 0:00,4.0977,2.9989,2/8/23 4:05,0.54,Non-Auction Ads,Promote
20230807,1773181339184160 ,KZ,Other,,1/1/00 0:00,107.7,316.1449,3/8/23 3:48,1.62,RIE,Ad Group Recall (Merged)
20230807,1773090833659930 ,VN,VN,,1/1/00 0:00,0,5.7348,2/8/23 4:30,2.14,Auction Ads,auction_relation
20230807,1773088647017530 ,QA,,,1/1/00 0:00,3.3447,2.3487,2/8/23 4:06,0.54,Non-Auction Ads,Promote
20230807,1773090229163010 ,VN,,,1/1/00 0:00,6.6944,5.7404,2/8/23 4:31,0.54,Non-Auction Ads,Promote
20230807,1773086357141500 ,ID,,,1/1/00 0:00,2.8471,0.8545,2/8/23 4:17,0.54,Non-Auction Ads,Promote
20230807,1773089738223610 ,ID,,,1/1/00 0:00,1.7567,1.1978,2/8/23 4:26,0.54,Non-Auction Ads,Promote
20230807,1773091934080000 ,US,,,1/1/00 0:00,7.26,12.6072,2/8/23 5:01,0.54,Non-Auction Ads,Promote
20230807,1773098991434830 ,MY,MY,,1/1/00 0:00,364.9188,30.6242,2/8/23 6:43,2.3,RIE,Ad Group Recall (Merged)
20230807,1773090098670590 ,VN,,,1/1/00 0:00,0.383,1.0111,2/8/23 4:29,0.54,Non-Auction Ads,Promote
20230807,1773090098670590 ,VN,,,1/1/00 0:00,0.383,1.0111,2/8/23 4:29,0.54,Non-Auction Ads,Promote
20230807,1773097262276640 ,VN,VN,,1/1/00 0:00,15.5,26.4171,2/8/23 6:21,2.13,RIE,Ad Group Recall (Merged)
20230807,1773060332301330 ,DE,DE,,1/1/00 0:00,0,3.001,2/8/23 4:40,1.01,Auction Ads,auction_relation
20230807,1773090578831360 ,MY,,,1/1/00 0:00,2.4131,2.3502,2/8/23 4:38,0.54,Non-Auction Ads,Promote
20230807,1773093425557550 ,MY,MY,,1/1/00 0:00,17.895,13.0225,2/8/23 5:12,2.31,Auction Ads,auction_relation
20230807,1773037751431170 ,DE,DE,,1/1/00 0:00,27.8331,8.4193,2/8/23 5:00,1.6,RIE,Ad Group Recall (Merged)
20230807,1773090977228800 ,ID,,,1/1/00 0:00,1.9716,1.9066,2/8/23 4:46,0.54,Non-Auction Ads,Promote
20230807,1773091083952120 ,VN,,,1/1/00 0:00,0.9787,0.3364,2/8/23 4:44,0.54,Non-Auction Ads,Promote
20230807,1773091417223170 ,MY,,,1/1/00 0:00,5.0691,0.4519,2/8/23 4:51,0.54,Non-Auction Ads,Promote
20230807,1773091844141050 ,MY,,,1/1/00 0:00,2.65,2.8951,2/8/23 4:57,0.54,Non-Auction Ads,Promote
20230807,1773093525181470 ,EG,MENA,,1/1/00 0:00,40.09,19.9649,2/8/23 6:17,1.67,RIE,Ad Group Recall (Merged)
20230807,1773091812023290 ,PH,,,1/1/00 0:00,0.8875,0.7059,2/8/23 4:56,0.54,Non-Auction Ads,Promote
20230807,1773102677789690 ,ID,ID,,1/1/00 0:00,64.92,37.8199,2/8/23 7:39,2.05,RIE,Ad Group Recall (Merged)
20230807,1773091948704770 ,VN,,,1/1/00 0:00,0.8804,0.6866,2/8/23 4:58,0.54,Non-Auction Ads,Promote
20230807,1773092049412090 ,VN,,,1/1/00 0:00,1.0141,0.3364,2/8/23 4:59,0.54,Non-Auction Ads,Promote
20230807,1773114405788690 ,PL,PL,,1/1/00 0:00,29.93,9.2647,2/8/23 5:52,1.84,RIE,Ad Group Recall (Merged)
20230807,1773096782993450 ,BR,BR,,1/1/00 0:00,99.47,14.0196,2/8/23 6:14,1.7,RIE,Ad Group Recall (Merged)
20230807,1773092023488510 ,VN,,,1/1/00 0:00,0.3275,0.6866,2/8/23 5:01,0.54,Non-Auction Ads,Promote
20230807,1773089325171760 ,CA,US&CA,,1/1/00 0:00,14.42,2.226,2/8/23 5:02,1.81,RIE,Ad Group Recall (Merged)
20230807,1773089314727950 ,US,US&CA,,1/1/00 0:00,1.98,2.226,2/8/23 5:02,1.81,RIE,Ad Group Recall (Merged)
20230807,1773089325171760 ,US,US&CA,,1/1/00 0:00,14.42,2.226,2/8/23 5:02,1.81,RIE,Ad Group Recall (Merged)
20230807,1773078869001240 ,BR,BR,,1/1/00 0:00,0,2.6026,2/8/23 5:11,1.7,RIE,Ad Group Recall (Merged)
20230807,1773093780130810 ,VN,,,1/1/00 0:00,6.0401,5.6212,2/8/23 5:28,0.54,Non-Auction Ads,Promote
20230807,1773105252317210 ,ID,ID,,1/1/00 0:00,248.31,50.6444,2/8/23 8:27,2.05,RIE,Ad Group Recall (Merged)
20230807,1773092999412730 ,PH,,,1/1/00 0:00,0.9529,0.5288,2/8/23 5:15,0.54,Non-Auction Ads,Promote
20230807,1773093111108600 ,TH,,,1/1/00 0:00,3.1573,0.7792,2/8/23 5:17,0.54,Non-Auction Ads,Promote
20230807,1773093320875000 ,PH,,,1/1/00 0:00,0.8798,0.4702,2/8/23 5:20,0.54,Non-Auction Ads,Promote
20230807,1773095305723920 ,CA,,,1/1/00 0:00,0.4113,4.1389,2/8/23 5:51,0.54,Non-Auction Ads,Promote
20230807,1772958390592510 ,PH,,,1/1/00 0:00,3.3948,0.7656,2/8/23 5:26,0.54,Non-Auction Ads,Promote
20230807,1773095250074620 ,SA,,,1/1/00 0:00,0.5997,2.5773,2/8/23 5:51,0.54,Non-Auction Ads,Promote
20230807,1773094661352450 ,TH,,,1/1/00 0:00,5.1971,1.1283,2/8/23 5:41,0.54,Non-Auction Ads,Promote
20230807,1773095290727470 ,SA,MENA,,1/1/00 0:00,0,1.9515,2/8/23 5:48,1.67,RIE,Ad Group Recall (Merged)
20230807,1773095078390780 ,VN,,,1/1/00 0:00,1.4486,0.7458,2/8/23 5:48,0.54,Non-Auction Ads,Promote
20230807,1773095129411600 ,SA,MENA,,1/1/00 0:00,4.32,1.9515,2/8/23 5:55,1.67,RIE,Ad Group Recall (Merged)
20230807,1773096328005630 ,US,,,1/1/00 0:00,5.5,5.064,2/8/23 6:08,0.54,Non-Auction Ads,Promote
20230807,1773099676550160 ,MY,MY,,1/1/00 0:00,6.3363,13.0225,2/8/23 6:57,2.31,Auction Ads,auction_relation
20230807,1773119543254060 ,SA,MENA,,1/1/00 0:00,20.16,5.6708,2/8/23 6:15,1.67,RIE,Ad Group Recall (Merged)
20230807,1773095585702910 ,MY,,,1/1/00 0:00,6.5406,1.3703,2/8/23 5:57,0.54,Non-Auction Ads,Promote
20230807,1773098196053010 ,TW,TW,,1/1/00 0:00,28.62,9.0169,2/8/23 6:35,2.59,RIE,Ad Group Recall (Merged)
20230807,1773095894790210 ,ID,,,1/1/00 0:00,1.5762,0.2469,2/8/23 6:01,1.53,RIE,Promote Report Recall
20230807,1773096268347390 ,MY,,,1/1/00 0:00,3.3306,1.0131,2/8/23 6:07,0.54,Non-Auction Ads,Promote
20230807,1773096140150780 ,ID,,,1/1/00 0:00,1.0853,0.3167,2/8/23 6:05,0.54,Non-Auction Ads,Promote
20230807,1773096476733500 ,ID,,,1/1/00 0:00,2.9894,1.5648,2/8/23 6:09,0.54,Non-Auction Ads,Promote
20230807,1773096690679810 ,VN,,,1/1/00 0:00,0.1487,0.6867,2/8/23 6:13,0.54,Non-Auction Ads,Promote
20230807,1773099066566650 ,TH,,,1/1/00 0:00,4.4224,6.2486,2/8/23 6:51,0.54,Non-Auction Ads,Promote
20230807,1773100238723130 ,JP,,,1/1/00 0:00,9.3011,9.4653,2/8/23 7:09,0.54,Non-Auction Ads,Promote
20230807,1773097804817400 ,SA,,,1/1/00 0:00,3.1667,3.3193,2/8/23 6:32,0.54,Non-Auction Ads,Promote
20230807,1773103934900240 ,ZA,Other,,1/1/00 0:00,54.6568,45.9684,2/8/23 9:00,1.62,RIE,Ad Group Recall (Merged)
20230807,1773097476460540 ,TH,,,1/1/00 0:00,5.2421,1.1283,2/8/23 6:25,0.54,Non-Auction Ads,Promote
20230807,1773097790141440 ,VN,,,1/1/00 0:00,0.0481,1.0724,2/8/23 6:31,0.54,Non-Auction Ads,Promote
20230807,1773099838669820 ,AU,,,1/1/00 0:00,14.1956,5.2234,2/8/23 7:03,0.54,Non-Auction Ads,Promote
20230807,1773097944135680 ,ID,,,1/1/00 0:00,2.0059,1.6188,2/8/23 6:34,0.54,Non-Auction Ads,Promote
20230807,1773104174669840 ,IT,IT,,1/1/00 0:00,25.4479,27.5974,2/8/23 8:08,1.79,RIE,Ad Group Recall (Merged)
20230807,1773103729435690 ,MY,MY,,1/1/00 0:00,6.5164,6.0028,2/8/23 7:08,2.31,Auction Ads,auction_relation
20230807,1773099154762750 ,MY,,,1/1/00 0:00,2.6145,2.8951,2/8/23 6:53,0.54,Non-Auction Ads,Promote
20230807,1773098297750520 ,SA,,,1/1/00 0:00,3.2257,1.2979,2/8/23 6:38,0.54,Non-Auction Ads,Promote
20230807,1773096168733710 ,US,US&CA,,1/1/00 0:00,30.98,4.1047,2/8/23 7:03,1.81,RIE,Ad Group Recall (Merged)
20230807,1773100181009410 ,FR,,,1/1/00 0:00,6.5479,5.9147,2/8/23 7:09,0.54,Non-Auction Ads,Promote
20230807,1773100463396870 ,FR,,,1/1/00 0:00,6.5258,5.9147,2/8/23 7:13,0.54,Non-Auction Ads,Promote
20230807,1773104908530680 ,GB,GB,,1/1/00 0:00,,38.2338,2/8/23 8:53,1.76,Auction Ads,auction_relation
20230807,1773099279030270 ,VN,,,1/1/00 0:00,3.8212,0.4087,2/8/23 6:54,0.54,Non-Auction Ads,Promote
20230807,1773100234291200 ,SA,,,1/1/00 0:00,3.9183,3.9223,2/8/23 7:10,0.54,Non-Auction Ads,Promote
20230807,1773100019737600 ,MY,,,1/1/00 0:00,3.2471,2.2296,2/8/23 7:06,0.54,Non-Auction Ads,Promote
20230807,1773100633153530 ,VN,,,1/1/00 0:00,4.9728,4.4905,2/8/23 7:16,0.54,Non-Auction Ads,Promote
20230807,1773105049046030 ,BE,Other,,1/1/00 0:00,49.7874,27.5974,2/8/23 8:23,1.62,RIE,Ad Group Recall (Merged)
20230807,1773105049046030 ,NO,Other,,1/1/00 0:00,49.7874,27.5974,2/8/23 8:23,1.62,RIE,Ad Group Recall (Merged)
20230807,1773105049046030 ,DK,Other,,1/1/00 0:00,49.7874,27.5974,2/8/23 8:23,1.62,RIE,Ad Group Recall (Merged)
20230807,1773105049046030 ,DE,DE,,1/1/00 0:00,49.7874,27.5974,2/8/23 8:23,1.6,RIE,Ad Group Recall (Merged)
20230807,1773105049046030 ,FI,Other,,1/1/00 0:00,49.7874,27.5974,2/8/23 8:23,1.62,RIE,Ad Group Recall (Merged)
20230807,1772552968940540 ,PH,PH,,1/1/00 0:00,265.4,149.7469,2/8/23 16:00,1.43,Non-Auction Ads,R&F
20230807,1772552968940540 ,PH,PH,,1/1/00 0:00,265.4,149.7469,2/8/23 16:00,1.43,Non-Auction Ads,R&F
20230807,1772552968940540 ,PH,PH,,1/1/00 0:00,265.4,149.7469,2/8/23 16:00,1.43,Non-Auction Ads,R&F
20230807,1772552968940540 ,PH,PH,,1/1/00 0:00,265.4,149.7469,2/8/23 16:00,1.43,Non-Auction Ads,R&F
20230807,1772552968940540 ,PH,PH,,1/1/00 0:00,265.4,149.7469,2/8/23 16:00,1.43,Non-Auction Ads,R&F
20230807,1772552968940540 ,PH,PH,,1/1/00 0:00,265.4,149.7469,2/8/23 16:00,1.43,Non-Auction Ads,R&F
20230807,1773102374945840 ,JP,JP,,1/1/00 0:00,89.15,9.8563,2/8/23 7:41,3.21,RIE,Ad Group Recall (Merged)
20230807,1773151349216280 ,GB,GB,,1/1/00 0:00,862.4285,188.5155,2/8/23 20:01,1.72,RIE,Ad Group Recall (Merged)
20230807,1773100886913020 ,QA,,,1/1/00 0:00,7.3156,3.7868,2/8/23 7:20,0.54,Non-Auction Ads,Promote
20230807,1773100502421500 ,VN,,,1/1/00 0:00,0.226,0.7749,2/8/23 7:15,0.54,Non-Auction Ads,Promote
20230807,1773103189965850 ,GB,GB,,1/1/00 0:00,198.37,4.0475,2/8/23 7:29,1.76,Auction Ads,auction_relation
20230807,1773102680497170 ,IQ,Other,,1/1/00 0:00,5.49,6.881,2/8/23 7:39,1.62,RIE,Ad Group Recall (Merged)
20230807,1773102031223850 ,AE,MENA,,1/1/00 0:00,11.06,4.2461,2/8/23 7:34,1.78,Auction Ads,auction_relation
20230807,1773102031223850 ,QA,Others,,1/1/00 0:00,11.06,4.2461,2/8/23 7:34,1.56,Auction Ads,auction_all
20230807,1773102031223850 ,KW,Others,,1/1/00 0:00,11.06,4.2461,2/8/23 7:34,1.56,Auction Ads,auction_all
20230807,1773102031223850 ,SA,MENA,,1/1/00 0:00,11.06,4.2461,2/8/23 7:34,1.78,Auction Ads,auction_relation
20230807,1773100825442300 ,TR,,,1/1/00 0:00,1.212,0.7874,2/8/23 7:19,0.54,Non-Auction Ads,Promote
20230807,1773115015540780 ,AR,Other,,1/1/00 0:00,49.75,44.59,2/8/23 9:54,1.62,RIE,Ad Group Recall (Merged)
20230807,1773104907194360 ,BR,BR,,1/1/00 0:00,78.81,19.3436,2/8/23 8:21,1.7,RIE,Ad Group Recall (Merged)
20230807,1773102206039080 ,QA,Others,,1/1/00 0:00,10,4.2461,2/8/23 7:38,1.56,Auction Ads,auction_all
20230807,1773102206039080 ,AE,MENA,,1/1/00 0:00,10,4.2461,2/8/23 7:38,1.78,Auction Ads,auction_relation
20230807,1773102206039080 ,KW,Others,,1/1/00 0:00,10,4.2461,2/8/23 7:38,1.56,Auction Ads,auction_all
20230807,1773096257995770 ,CA,US&CA,,1/1/00 0:00,28.94,10.5183,2/8/23 8:01,1.81,RIE,Ad Group Recall (Merged)
20230807,1773102922666000 ,TH,TH,,1/1/00 0:00,5.7829,3.6782,2/8/23 7:44,1.87,RIE,Ad Group Recall (Merged)
20230807,1773102307965950 ,SA,,,1/1/00 0:00,3.9693,2.5773,2/8/23 7:43,0.54,Non-Auction Ads,Promote
20230807,1773102418463740 ,SA,,,1/1/00 0:00,2.1296,2.3576,2/8/23 7:45,0.54,Non-Auction Ads,Promote
20230807,1773102651457530 ,ID,,,1/1/00 0:00,1.298,2.7681,2/8/23 7:47,0.54,Non-Auction Ads,Promote
20230807,1773102439228460 ,ID,ID,,1/1/00 0:00,13.1488,18.199,2/8/23 8:30,1.8,Auction Ads,auction_relation
20230807,1773102491846650 ,VN,,,1/1/00 0:00,1.1339,1.3638,2/8/23 7:46,0.54,Non-Auction Ads,Promote
20230807,1773104414409760 ,ID,ID,,1/1/00 0:00,258.44,10.808,2/8/23 8:10,2.05,RIE,Ad Group Recall (Merged)
20230807,1773102587548670 ,KH,,,1/1/00 0:00,0.365,0.8942,2/8/23 7:47,1.53,RIE,Promote Report Recall
20230807,1773102977245180 ,ID,,,1/1/00 0:00,1.954,0.5013,2/8/23 7:55,0.54,Non-Auction Ads,Promote
20230807,1773103379687490 ,ID,,,1/1/00 0:00,6.7375,3.4284,2/8/23 8:00,0.54,Non-Auction Ads,Promote
20230807,1773103738013690 ,QA,,,1/1/00 0:00,3.7455,5.2612,2/8/23 8:07,0.54,Non-Auction Ads,Promote
20230807,1773103127236610 ,ID,,,1/1/00 0:00,1.8659,0.5013,2/8/23 7:56,0.54,Non-Auction Ads,Promote
20230807,1773083712641050 ,BR,BR,,1/1/00 0:00,,2.9006,2/8/23 8:00,1.7,RIE,Ad Group Recall (Merged)
20230807,1773101786147850 ,ID,ID,,1/1/00 0:00,9.93,15.2619,2/8/23 8:31,2.05,RIE,Ad Group Recall (Merged)
20230807,1773083009288220 ,BR,BR,,1/1/00 0:00,,2.9006,2/8/23 8:00,1.7,RIE,Ad Group Recall (Merged)
20230807,1773104615925810 ,BR,BR,,1/1/00 0:00,0,5.625,2/8/23 8:09,1.7,RIE,Ad Group Recall (Merged)
20230807,1773082771305470 ,BR,BR,,1/1/00 0:00,0,0.9858,2/8/23 8:00,1.7,RIE,Ad Group Recall (Merged)
20230807,1773091499160590 ,BR,BR,,1/1/00 0:00,,0.7669,2/8/23 8:00,1.7,RIE,Ad Group Recall (Merged)
20230807,1773091566421010 ,BR,BR,,1/1/00 0:00,,0.7669,2/8/23 8:00,1.7,RIE,Ad Group Recall (Merged)
20230807,1773103759609850 ,VN,,,1/1/00 0:00,2.3278,2.1755,2/8/23 8:06,0.54,Non-Auction Ads,Promote
20230807,1772955202144300 ,FR,FR,,1/1/00 0:00,681.3444,0,2/8/23 8:00,1.76,RIE,Ad Group Recall (Merged)
20230807,1773104775432190 ,NL,,,1/1/00 0:00,7.9892,7.5384,2/8/23 8:22,0.54,Non-Auction Ads,Promote
20230807,1773104735511650 ,VN,VN,,1/1/00 0:00,9.7052,6.184,2/8/23 8:19,2.14,Auction Ads,auction_relation
20230807,1773101669134330 ,ID,,,1/1/00 0:00,3.9668,1.9374,2/8/23 8:07,0.54,Non-Auction Ads,Promote
20230807,1773122043249660 ,US,US&CA,,1/1/00 0:00,140.21,100.6607,2/8/23 14:00,1.81,RIE,Ad Group Recall (Merged)
20230807,1773141218143250 ,US,USCA,,1/1/00 0:00,170.17,153.015,2/8/23 17:41,1.78,Auction Ads,auction_relation
20230807,1773105279626240 ,DE,DE,,1/1/00 0:00,147.22,21.9061,2/8/23 9:19,1.01,Auction Ads,auction_relation
20230807,1773103919790080 ,MY,,,1/1/00 0:00,1.9561,1.4564,2/8/23 8:07,0.54,Non-Auction Ads,Promote
20230807,1773103870633980 ,VN,,,1/1/00 0:00,0.0697,1.8229,2/8/23 8:08,0.54,Non-Auction Ads,Promote
20230807,1773105692549120 ,ID,ID,,1/1/00 0:00,256.22,10.808,2/8/23 8:33,2.05,RIE,Ad Group Recall (Merged)
20230807,1773104734371840 ,VN,,,1/1/00 0:00,4.4329,3.8163,2/8/23 8:21,0.54,Non-Auction Ads,Promote
20230807,1773103962970110 ,PH,,,1/1/00 0:00,1.4143,1.4349,2/8/23 8:09,0.54,Non-Auction Ads,Promote
20230807,1773107397912570 ,DK,Other,,1/1/00 0:00,0,24.8107,2/8/23 9:49,1.62,RIE,Ad Group Recall (Merged)
20230807,1773112678005760 ,IL,,,1/1/00 0:00,71.0808,38.961,2/8/23 10:28,1.53,RIE,Promote Report Recall
20230807,1773103989805050 ,PH,,,1/1/00 0:00,1.9631,0.4716,2/8/23 8:10,0.54,Non-Auction Ads,Promote
20230807,1773104255958010 ,ID,,,1/1/00 0:00,4.9134,0.5468,2/8/23 8:15,0.54,Non-Auction Ads,Promote
20230807,1773104968317950 ,VN,,,1/1/00 0:00,6.9755,3.3388,2/8/23 8:25,0.54,Non-Auction Ads,Promote
20230807,1773105469682700 ,VN,VN,,1/1/00 0:00,49.81,4.9278,2/8/23 8:31,2.13,RIE,Ad Group Recall (Merged)
20230807,1773104903529470 ,ID,,,1/1/00 0:00,2.9112,1.3039,2/8/23 8:24,0.54,Non-Auction Ads,Promote
20230807,1773105820272750 ,VN,VN,,1/1/00 0:00,29.68,4.9278,2/8/23 8:37,2.13,RIE,Ad Group Recall (Merged)
20230807,1773109366330380 ,ID,ID,,1/1/00 0:00,13.24,14.8895,2/8/23 9:28,2.05,RIE,Ad Group Recall (Merged)
20230807,1773100796874800 ,JO,Other,,1/1/00 0:00,4.71,8.7213,2/8/23 9:00,1.62,RIE,Ad Group Recall (Merged)
20230807,1773100791439360 ,JO,Other,,1/1/00 0:00,4.5,8.7213,2/8/23 9:00,1.62,RIE,Ad Group Recall (Merged)
20230807,1773109258176530 ,ID,ID,,1/1/00 0:00,13.28,12.0613,2/8/23 9:25,2.05,RIE,Ad Group Recall (Merged)
20230807,1773109255183390 ,ID,ID,,1/1/00 0:00,115.42,12.0613,2/8/23 9:25,2.05,RIE,Ad Group Recall (Merged)
20230807,1773107123614720 ,VN,VN,,1/1/00 0:00,8.5226,4.7825,2/8/23 8:54,2.13,RIE,Ad Group Recall (Merged)
20230807,1773107906844720 ,MX,Other,,1/1/00 0:00,49.74,8.0813,2/8/23 9:04,1.62,RIE,Ad Group Recall (Merged)
20230807,1773105763830840 ,SA,,,1/1/00 0:00,3.5611,1.8756,2/8/23 8:38,0.54,Non-Auction Ads,Promote
20230807,1773112894983280 ,PH,Other,,1/1/00 0:00,50.05,51.9137,2/8/23 11:29,1.62,RIE,Ad Group Recall (Merged)
20230807,1773106278545400 ,PH,,,1/1/00 0:00,0.8509,0.4718,2/8/23 8:46,0.54,Non-Auction Ads,Promote
20230807,1773113423199260 ,ID,ID,,1/1/00 0:00,70.9794,133.2303,2/8/23 17:00,1.8,Non-Auction Ads,R&F
20230807,1773111518126110 ,TR,TR,,1/1/00 0:00,117.43,15.5628,2/8/23 9:53,1.63,RIE,Ad Group Recall (Merged)
20230807,1773107087154170 ,VN,,,1/1/00 0:00,1.4067,3.5236,2/8/23 8:59,0.54,Non-Auction Ads,Promote
20230807,1773106264527870 ,ID,,,1/1/00 0:00,3.8609,0.1894,2/8/23 8:46,0.54,Non-Auction Ads,Promote
20230807,1773138586804220 ,MX,Other,,1/1/00 0:00,516.04,143.3093,2/8/23 18:15,1.62,RIE,Ad Group Recall (Merged)
20230807,1773107102982170 ,VN,VN,,1/1/00 0:00,9.3894,1.6345,2/8/23 8:58,2.13,RIE,Ad Group Recall (Merged)
20230807,1773107501734960 ,GR,Other,,1/1/00 0:00,7.13,3.7204,2/8/23 9:04,1.62,RIE,Ad Group Recall (Merged)
20230807,1773106925103100 ,VN,,,1/1/00 0:00,0.3079,0.9077,2/8/23 8:57,0.54,Non-Auction Ads,Promote
20230807,1773132697328730 ,MA,Other,,1/1/00 0:00,20.28,20.118,2/8/23 10:21,1.62,RIE,Ad Group Recall (Merged)
20230807,1773108899195900 ,AU,,,1/1/00 0:00,11.4018,5.6198,2/8/23 9:28,0.54,Non-Auction Ads,Promote
20230807,1773107534168060 ,TH,TH,,1/1/00 0:00,12.86,1.8059,2/8/23 9:04,1.87,RIE,Ad Group Recall (Merged)
20230807,1773109218263040 ,IL,,,1/1/00 0:00,6.0779,5.2737,2/8/23 9:33,1.53,RIE,Promote Report Recall
20230807,1773107470409730 ,ID,,,1/1/00 0:00,4.3463,0.5152,2/8/23 9:05,0.54,Non-Auction Ads,Promote
20230807,1773108034855930 ,VN,,,1/1/00 0:00,6.0022,0.8992,2/8/23 9:13,1.53,RIE,Promote Report Recall
20230807,1773108486557740 ,TW,TW,,1/1/00 0:00,86.41,15.2619,2/8/23 10:12,2.59,RIE,Ad Group Recall (Merged)
20230807,1773109443421180 ,TR,TR,,1/1/00 0:00,2.09,2.0822,2/8/23 9:29,1.63,RIE,Ad Group Recall (Merged)
20230807,1773110106946570 ,PL,PL,,1/1/00 0:00,1,3.1334,2/8/23 9:34,1.84,RIE,Ad Group Recall (Merged)
20230807,1772954822315000 ,US,US&CA,,1/1/00 0:00,11.14,47.324,2/8/23 12:00,1.81,RIE,Ad Group Recall (Merged)
20230807,1773109040472060 ,SA,,,1/1/00 0:00,1.9727,1.7888,2/8/23 9:31,0.54,Non-Auction Ads,Promote
20230807,1773110238785580 ,GB,GB,,1/1/00 0:00,29.28,4.2416,2/8/23 9:46,1.72,RIE,Ad Group Recall (Merged)
20230807,1773112877738010 ,PH,Other,,1/1/00 0:00,214.16,22.4219,2/8/23 10:31,1.62,RIE,Ad Group Recall (Merged)
20230807,1773111701377020 ,TH,TH,,1/1/00 0:00,9.053,7.7097,2/8/23 9:56,1.87,RIE,Ad Group Recall (Merged)
20230807,1773110094282800 ,HU,Other,,1/1/00 0:00,7.83,2.8795,2/8/23 9:40,1.62,RIE,Ad Group Recall (Merged)
20230807,1773110094282800 ,HU,Other,,1/1/00 0:00,7.83,2.8795,2/8/23 9:40,1.62,RIE,Ad Group Recall (Merged)
20230807,1773202498351100 ,BR,BR,,1/1/00 0:00,1972.44,370.6804,3/8/23 10:00,1.7,RIE,Ad Group Recall (Merged)
20230807,1773110136647680 ,MY,,,1/1/00 0:00,2.6742,2.8951,2/8/23 9:47,0.54,Non-Auction Ads,Promote
20230807,1773110272606210 ,DE,,,1/1/00 0:00,5.4256,3.7132,2/8/23 9:50,0.54,Non-Auction Ads,Promote
20230807,1773109467973630 ,VN,,,1/1/00 0:00,1.5472,0.6009,2/8/23 9:37,0.54,Non-Auction Ads,Promote
20230807,1773113059979310 ,PH,Other,,1/1/00 0:00,95.48,22.4219,2/8/23 10:34,1.62,RIE,Ad Group Recall (Merged)
20230807,1773110946033680 ,MY,MY,,1/1/00 0:00,139.17,7.2284,2/8/23 9:59,2.3,RIE,Ad Group Recall (Merged)
20230807,1773110508093440 ,HU,Other,,1/1/00 0:00,1.47,2.3802,2/8/23 9:52,1.62,RIE,Ad Group Recall (Merged)
20230807,1773109084766240 ,NO,Other,,1/1/00 0:00,22.0651,16.7074,2/8/23 10:29,1.62,RIE,Ad Group Recall (Merged)
20230807,1773109084766240 ,DK,Other,,1/1/00 0:00,22.0651,16.7074,2/8/23 10:29,1.62,RIE,Ad Group Recall (Merged)
20230807,1773109084766240 ,FI,Other,,1/1/00 0:00,22.0651,16.7074,2/8/23 10:29,1.62,RIE,Ad Group Recall (Merged)
20230807,1773109084766240 ,SE,Other,,1/1/00 0:00,22.0651,16.7074,2/8/23 10:29,1.62,RIE,Ad Group Recall (Merged)
20230807,1773111125188650 ,GR,Other,,1/1/00 0:00,0,2.7238,2/8/23 9:56,1.62,RIE,Ad Group Recall (Merged)
20230807,1773110598692860 ,PH,,,1/1/00 0:00,1.005,1.4349,2/8/23 9:54,0.54,Non-Auction Ads,Promote
20230807,1773107095228440 ,MX,Other,,1/1/00 0:00,25.82,3.126,2/8/23 9:57,1.62,RIE,Ad Group Recall (Merged)
20230807,1773109756820520 ,ES,ES,,1/1/00 0:00,43.8348,20.7905,2/8/23 10:39,1.79,RIE,Ad Group Recall (Merged)
20230807,1773110587102200 ,TH,,,1/1/00 0:00,12.7753,1.2024,2/8/23 9:54,0.54,Non-Auction Ads,Promote
20230807,1773113214998520 ,US,USCA,,1/1/00 0:00,0.19,18.4473,2/8/23 10:33,1.78,Auction Ads,auction_relation
20230807,1773113214998520 ,US,USCA,,1/1/00 0:00,0.19,18.4473,2/8/23 10:33,1.78,Auction Ads,auction_relation
20230807,1773113214998520 ,US,USCA,,1/1/00 0:00,0.19,18.4473,2/8/23 10:33,1.78,Auction Ads,auction_relation
20230807,1773113265887230 ,US,US&CA,,1/1/00 0:00,2.77,18.4473,2/8/23 10:36,1.81,RIE,Ad Group Recall (Merged)
20230807,1773110830189570 ,SA,,,1/1/00 0:00,1.0822,1.9893,2/8/23 9:58,0.54,Non-Auction Ads,Promote
20230807,1773110137102350 ,DE,DE,,1/1/00 0:00,6.8767,11.2494,2/8/23 10:26,1.01,Auction Ads,auction_relation
20230807,1773111277685800 ,GR,Other,,1/1/00 0:00,0,2.7238,2/8/23 10:04,1.62,RIE,Ad Group Recall (Merged)
20230807,1773186683524120 ,US,US&CA,,1/1/00 0:00,1061.98,257.8283,3/8/23 5:59,1.81,RIE,Ad Group Recall (Merged)
20230807,1773102811952160 ,US,US&CA,,1/1/00 0:00,0,13.6898,2/8/23 10:30,1.81,RIE,Ad Group Recall (Merged)
20230807,1773111356191740 ,MY,,,1/1/00 0:00,6.4327,1.5538,2/8/23 10:07,0.54,Non-Auction Ads,Promote
20230807,1773113306599440 ,GB,GB,,1/1/00 0:00,25.5759,33.0313,2/8/23 11:36,1.72,RIE,Ad Group Recall (Merged)
20230807,1773109806860300 ,CA,US&CA,,1/1/00 0:00,54.44,10.1806,2/8/23 10:28,1.81,RIE,Ad Group Recall (Merged)
20230807,1773111364229120 ,ID,,,1/1/00 0:00,1.1411,0.5801,2/8/23 10:10,0.54,Non-Auction Ads,Promote
20230807,1773085321420830 ,JP,JP,,1/1/00 0:00,767.2558,39.8385,2/8/23 12:11,3.21,RIE,Ad Group Recall (Merged)
20230807,1773111994748920 ,ID,,,1/1/00 0:00,3.3099,3.0335,2/8/23 10:18,0.54,Non-Auction Ads,Promote
20230807,1773111619260410 ,IL,,,1/1/00 0:00,0.6564,1.9657,2/8/23 10:11,0.54,Non-Auction Ads,Promote
20230807,1773116705023020 ,BR,BR,,1/1/00 0:00,70.45,24.8951,2/8/23 11:27,1.99,Auction Ads,auction_all
20230807,1773111725979690 ,VN,VN,,1/1/00 0:00,,1.2335,2/8/23 10:11,2.13,RIE,Ad Group Recall (Merged)
20230807,1773111626292220 ,ID,,,1/1/00 0:00,1.2055,0.5701,2/8/23 10:11,1.53,RIE,Promote Report Recall
20230807,1773117743037440 ,DE,DE,,1/1/00 0:00,975.4528,46.4226,2/8/23 12:43,1.6,RIE,Ad Group Recall (Merged)
20230807,1773112658308090 ,VN,,,1/1/00 0:00,0,2.9495,2/8/23 10:27,0.54,Non-Auction Ads,Promote
20230807,1773112287828010 ,ES,ES,,1/1/00 0:00,38.9935,29.0123,2/8/23 12:00,1.79,RIE,Ad Group Recall (Merged)
20230807,1773112349872120 ,ID,,,1/1/00 0:00,1.2232,0.279,2/8/23 10:23,0.54,Non-Auction Ads,Promote
20230807,1773112521163770 ,PH,,,1/1/00 0:00,0.8528,0.3506,2/8/23 10:24,1.53,RIE,Promote Report Recall
20230807,1773113666787370 ,IT,IT,,1/1/00 0:00,22.0995,25.0121,2/8/23 11:37,1.79,RIE,Ad Group Recall (Merged)
20230807,1773121578898480 ,MA,Other,,1/1/00 0:00,70.31,39.2544,2/8/23 12:39,1.62,RIE,Ad Group Recall (Merged)
20230807,1773121211772960 ,VN,VN,,1/1/00 0:00,130.55,49.2838,2/8/23 13:41,2.14,Auction Ads,auction_relation
20230807,1773121211772960 ,EC,Other,,1/1/00 0:00,130.55,49.2838,2/8/23 13:41,1.62,RIE,Ad Group Recall (Merged)
20230807,1773121211772960 ,CO,Other,,1/1/00 0:00,130.55,49.2838,2/8/23 13:41,1.62,RIE,Ad Group Recall (Merged)
20230807,1773121211772960 ,PH,Other,,1/1/00 0:00,130.55,49.2838,2/8/23 13:41,1.62,RIE,Ad Group Recall (Merged)
20230807,1773121211772960 ,SG,Other,,1/1/00 0:00,130.55,49.2838,2/8/23 13:41,1.62,RIE,Ad Group Recall (Merged)
20230807,1773121211772960 ,DK,DK,,1/1/00 0:00,130.55,49.2838,2/8/23 13:41,1.31,Auction Ads,auction_relation
20230807,1773115458396160 ,VN,VN,,1/1/00 0:00,0,11.978,2/8/23 11:09,2.14,Auction Ads,auction_relation
20230807,1773115458396160 ,VN,VN,,1/1/00 0:00,0,11.978,2/8/23 11:09,2.14,Auction Ads,auction_relation
20230807,1773117510383660 ,VN,VN,,1/1/00 0:00,0,21.3318,2/8/23 11:43,2.13,RIE,Ad Group Recall (Merged)
20230807,1773113101017080 ,SA,,,1/1/00 0:00,4.1426,2.1491,2/8/23 10:35,0.54,Non-Auction Ads,Promote
20230807,1773113121645580 ,DE,DE,,1/1/00 0:00,9.2,11.1379,2/8/23 11:21,1.6,RIE,Ad Group Recall (Merged)
20230807,1773113369187390 ,ID,,,1/1/00 0:00,2.4752,0.8495,2/8/23 10:38,0.54,Non-Auction Ads,Promote
20230807,1773101324921890 ,TH,TH,,1/1/00 0:00,91.9839,97.8099,2/8/23 17:00,0.97,Non-Auction Ads,R&F
20230807,1773109849327630 ,RO,Other,,1/1/00 0:00,2.9289,1.386,2/8/23 10:40,1.62,RIE,Ad Group Recall (Merged)
20230807,1773039016648710 ,EG,,,1/1/00 0:00,6.4089,2.1573,2/8/23 10:47,1.53,RIE,Promote Report Recall
20230807,1773087567769610 ,US,US&CA,,1/1/00 0:00,4.85,18.77,2/8/23 12:00,1.81,RIE,Ad Group Recall (Merged)
20230807,1773113466525690 ,ID,,,1/1/00 0:00,2.149,0.4472,2/8/23 10:40,0.54,Non-Auction Ads,Promote
20230807,1773114021664760 ,VN,,,1/1/00 0:00,0.7604,1.8704,2/8/23 10:48,0.54,Non-Auction Ads,Promote
20230807,1773113766858780 ,MY,MY,,1/1/00 0:00,1.16,0.6997,2/8/23 10:45,2.3,RIE,Ad Group Recall (Merged)
20230807,1773114036753400 ,MY,,,1/1/00 0:00,3.3438,1.6121,2/8/23 10:49,0.54,Non-Auction Ads,Promote
20230807,1773119448993840 ,TR,TR,,1/1/00 0:00,49.79,16.7407,2/8/23 11:56,1.63,RIE,Ad Group Recall (Merged)
20230807,1773114206904320 ,VN,,,1/1/00 0:00,2.3061,1.5327,2/8/23 10:51,0.54,Non-Auction Ads,Promote
20230807,1773114907602940 ,PH,,,1/1/00 0:00,3.5099,3.2089,2/8/23 11:02,0.54,Non-Auction Ads,Promote
20230807,1773114166020090 ,ID,,,1/1/00 0:00,0.786,0.5113,2/8/23 10:53,0.54,Non-Auction Ads,Promote
20230807,1773112471004190 ,IL,IL,,1/1/00 0:00,12.82,3.7562,2/8/23 11:15,1.22,RIE,Ad Group Recall (Merged)
20230807,1773118572827740 ,US,US&CA,,1/1/00 0:00,60.34,31.5499,2/8/23 13:00,1.81,RIE,Ad Group Recall (Merged)
20230807,1773114823687160 ,ID,,,1/1/00 0:00,2.8953,0.7332,2/8/23 11:01,0.54,Non-Auction Ads,Promote
20230807,1773115093771260 ,ID,,,1/1/00 0:00,3.8656,0.7332,2/8/23 11:06,0.54,Non-Auction Ads,Promote
20230807,1773116039206930 ,SA,MENA,,1/1/00 0:00,,1.7259,2/8/23 11:15,1.67,RIE,Ad Group Recall (Merged)
20230807,1773107617601580 ,GB,GB,,1/1/00 0:00,84.7998,11.9761,2/8/23 12:00,1.72,RIE,Ad Group Recall (Merged)
20230807,1773156531547150 ,MX,Other,,1/1/00 0:00,131.0051,128.7311,2/8/23 21:58,1.62,RIE,Ad Group Recall (Merged)
20230807,1772083532742670 ,ID,ID,,1/1/00 0:00,3129.02,89.0916,2/8/23 17:00,1.8,Non-Auction Ads,R&F
20230807,1773116881855490 ,US,,,1/1/00 0:00,11,6.6988,2/8/23 11:34,0.54,Non-Auction Ads,Promote
20230807,1773119905305610 ,PL,PL,,1/1/00 0:00,2051.045,14.0156,2/8/23 12:11,1.84,RIE,Ad Group Recall (Merged)
20230807,1773119905305610 ,IE,Other,,1/1/00 0:00,2051.045,14.0156,2/8/23 12:11,1.62,RIE,Ad Group Recall (Merged)
20230807,1773117701356560 ,CO,Other,,1/1/00 0:00,46.76,8.0813,2/8/23 11:46,1.62,RIE,Ad Group Recall (Merged)
20230807,1773118845704200 ,ID,ID,,1/1/00 0:00,14.0588,4.7785,2/8/23 11:31,1.8,Auction Ads,auction_relation
20230807,1773116659001340 ,US,US&CA,,1/1/00 0:00,15.32,13.3356,2/8/23 12:12,1.81,RIE,Ad Group Recall (Merged)
20230807,1773117915916290 ,US,,,1/1/00 0:00,15.68,5.5345,2/8/23 11:50,0.54,Non-Auction Ads,Promote
20230807,1773116568547330 ,MY,,,1/1/00 0:00,2.3182,1.6955,2/8/23 11:28,0.54,Non-Auction Ads,Promote
20230807,1773116599134220 ,CO,Other,,1/1/00 0:00,19.87,16.2651,2/8/23 12:28,1.62,RIE,Ad Group Recall (Merged)
20230807,1773116599134220 ,AR,Other,,1/1/00 0:00,19.87,16.2651,2/8/23 12:28,1.62,RIE,Ad Group Recall (Merged)
20230807,1773116599134220 ,PE,Other,,1/1/00 0:00,19.87,16.2651,2/8/23 12:28,1.62,RIE,Ad Group Recall (Merged)
20230807,1773116599134220 ,CL,Other,,1/1/00 0:00,19.87,16.2651,2/8/23 12:28,1.62,RIE,Ad Group Recall (Merged)
20230807,1773116599134220 ,UY,Other,,1/1/00 0:00,19.87,16.2651,2/8/23 12:28,1.62,RIE,Ad Group Recall (Merged)
20230807,1773116598226970 ,CO,Other,,1/1/00 0:00,19.2,16.2651,2/8/23 12:28,1.62,RIE,Ad Group Recall (Merged)
20230807,1773116611886090 ,CO,Other,,1/1/00 0:00,18.93,16.2651,2/8/23 12:28,1.62,RIE,Ad Group Recall (Merged)
20230807,1773116599134220 ,MX,Other,,1/1/00 0:00,19.87,16.2651,2/8/23 12:28,1.62,RIE,Ad Group Recall (Merged)
20230807,1773113102673950 ,ES,ES,,1/1/00 0:00,0.18,0.8791,2/8/23 11:30,1.79,RIE,Ad Group Recall (Merged)
20230807,1773127835768860 ,SA,MENA,,1/1/00 0:00,59.0205,35.0098,2/8/23 14:03,1.67,RIE,Ad Group Recall (Merged)
20230807,1773115358511150 ,US,US&CA,,1/1/00 0:00,143.35,4.4603,2/8/23 12:08,1.81,RIE,Ad Group Recall (Merged)
20230807,1773119669741570 ,FR,,,1/1/00 0:00,6.4489,6.346,2/8/23 12:19,0.54,Non-Auction Ads,Promote
20230807,1773118730716160 ,VN,,,1/1/00 0:00,0.9734,0.4819,2/8/23 12:04,0.54,Non-Auction Ads,Promote
20230807,1773118801378300 ,VN,,,1/1/00 0:00,0.6968,0.4819,2/8/23 12:05,0.54,Non-Auction Ads,Promote
20230807,1773124255866890 ,AE,MENA,,1/1/00 0:00,0.0406,16.852,2/8/23 13:23,1.67,RIE,Ad Group Recall (Merged)
20230807,1773126807502840 ,KR,KR,,1/1/00 0:00,286.17,41.5109,2/8/23 15:00,2.18,RIE,Ad Group Recall (Merged)
20230807,1773126807502840 ,KR,KR,,1/1/00 0:00,286.17,41.5109,2/8/23 15:00,2.18,RIE,Ad Group Recall (Merged)
20230807,1773120372642850 ,FR,FR,,1/1/00 0:00,1.8376,15.6131,2/8/23 13:26,1.97,Auction Ads,auction_relation
20230807,1773121280658430 ,EG,,,1/1/00 0:00,38.3881,8.7073,2/8/23 12:45,1.53,RIE,Promote Report Recall
20230807,1773120319969280 ,IT,IT,,1/1/00 0:00,40.34,14.7413,2/8/23 13:26,1.79,RIE,Ad Group Recall (Merged)
20230807,1773119678045180 ,ID,,,1/1/00 0:00,2.272,0.799,2/8/23 12:19,0.54,Non-Auction Ads,Promote
20230807,1773120069899330 ,TH,,,1/1/00 0:00,2.9788,1.1414,2/8/23 12:25,0.54,Non-Auction Ads,Promote
20230807,1773119748842490 ,TR,,,1/1/00 0:00,0.0697,0.557,2/8/23 12:22,0.54,Non-Auction Ads,Promote
20230807,1773024926398460 ,AT,Other,,1/1/00 0:00,245.7231,272.6419,3/8/23 8:01,1.62,RIE,Ad Group Recall (Merged)
20230807,1773120331508730 ,SA,,,1/1/00 0:00,4.8411,4.6667,2/8/23 12:29,0.54,Non-Auction Ads,Promote
20230807,1773125371507730 ,KR,KR,,1/1/00 0:00,12.8352,18.7773,2/8/23 13:48,2.18,RIE,Ad Group Recall (Merged)
20230807,1773121169936380 ,TH,,,1/1/00 0:00,5.7463,4.7857,2/8/23 12:43,0.54,Non-Auction Ads,Promote
20230807,1773118091577420 ,RO,RO,,1/1/00 0:00,13.335,5.8734,2/8/23 12:52,1.94,Auction Ads,auction_relation
20230807,1773120298851330 ,IL,,,1/1/00 0:00,3.9265,2.4166,2/8/23 12:29,0.54,Non-Auction Ads,Promote
20230807,1773126555856940 ,US,US&CA,,1/1/00 0:00,298.7,37.8448,2/8/23 15:04,1.81,RIE,Ad Group Recall (Merged)
20230807,1773122937817090 ,CA,,,1/1/00 0:00,3.0956,7.3545,2/8/23 13:12,0.54,Non-Auction Ads,Promote
20230807,1773121628172290 ,ID,,,1/1/00 0:00,1.9044,1.3457,2/8/23 12:49,0.54,Non-Auction Ads,Promote
20230807,1773122059779100 ,VN,VN,,1/1/00 0:00,0.0013,1.6716,2/8/23 12:53,2.13,RIE,Ad Group Recall (Merged)
20230807,1773122296896510 ,SA,,,1/1/00 0:00,3.3452,2.5979,2/8/23 13:01,0.54,Non-Auction Ads,Promote
20230807,1773122107406330 ,KH,,,1/1/00 0:00,0.9916,0.6474,2/8/23 13:00,0.54,Non-Auction Ads,Promote
20230807,1773123326799870 ,SA,,,1/1/00 0:00,3.123,3.2033,2/8/23 13:16,0.54,Non-Auction Ads,Promote
20230807,1773124262725630 ,US,,,1/1/00 0:00,20.64,5.7508,2/8/23 13:31,0.54,Non-Auction Ads,Promote
20230807,1773122280491000 ,VN,,,1/1/00 0:00,0,0.9697,2/8/23 13:01,0.54,Non-Auction Ads,Promote
20230807,1773123873957890 ,AE,,,1/1/00 0:00,2.1507,2.5204,2/8/23 13:26,0.54,Non-Auction Ads,Promote
20230807,1773123009530880 ,MY,,,1/1/00 0:00,2.6412,1.2223,2/8/23 13:13,0.54,Non-Auction Ads,Promote
20230807,1773122457027580 ,KH,,,1/1/00 0:00,0.658,0.3672,2/8/23 13:03,0.54,Non-Auction Ads,Promote
20230807,1773124392252430 ,DE,,,1/1/00 0:00,5.3486,4.6341,2/8/23 13:34,0.54,Non-Auction Ads,Promote
20230807,1772656784566320 ,NZ,Other,,1/1/00 0:00,30.5664,13.9438,2/8/23 14:00,1.62,RIE,Ad Group Recall (Merged)
20230807,1773122358634540 ,IT,IT,,1/1/00 0:00,0,7.314,2/8/23 13:43,1.79,RIE,Ad Group Recall (Merged)
20230807,1773124298487800 ,VN,,,1/1/00 0:00,2.8349,3.5034,2/8/23 13:33,0.54,Non-Auction Ads,Promote
20230807,1773124711976970 ,US,USCA,,1/1/00 0:00,,18.9832,2/8/23 14:37,1.78,Auction Ads,auction_relation
20230807,1773105381155880 ,KW,Other,,1/1/00 0:00,1.85,1.1206,2/8/23 13:30,1.62,RIE,Ad Group Recall (Merged)
20230807,1773124904126490 ,US,USCA,,1/1/00 0:00,,18.9832,2/8/23 14:40,1.78,Auction Ads,auction_relation
20230807,1773124222639100 ,VN,,,1/1/00 0:00,1.3484,0.4747,2/8/23 13:30,0.54,Non-Auction Ads,Promote
20230807,1773125887720450 ,VN,VN,,1/1/00 0:00,4.7728,9.2697,2/8/23 13:55,2.13,RIE,Ad Group Recall (Merged)
20230807,1773124958854190 ,US,USCA,,1/1/00 0:00,,18.9832,2/8/23 14:42,1.78,Auction Ads,auction_relation
20230807,1773125384539180 ,US,USCA,,1/1/00 0:00,,18.9832,2/8/23 14:48,1.78,Auction Ads,auction_relation
20230807,1773124834327550 ,SA,,,1/1/00 0:00,3.4094,2.3151,2/8/23 13:43,0.54,Non-Auction Ads,Promote
20230807,1773125188278270 ,ES,,,1/1/00 0:00,4.2588,2.4532,2/8/23 13:46,0.54,Non-Auction Ads,Promote
20230807,1773126516416560 ,BR,BR,,1/1/00 0:00,0,0.4183,2/8/23 13:41,1.7,RIE,Ad Group Recall (Merged)
20230807,1773133007503390 ,HU,Other,,1/1/00 0:00,174.4831,47.4423,2/8/23 16:47,1.62,RIE,Ad Group Recall (Merged)
20230807,1773127072189450 ,VN,VN,,1/1/00 0:00,34.48,22.4255,2/8/23 15:16,2.13,RIE,Ad Group Recall (Merged)
20230807,1773125668973570 ,ES,,,1/1/00 0:00,4.1599,2.9321,2/8/23 13:54,0.54,Non-Auction Ads,Promote
20230807,1773125283735550 ,KH,,,1/1/00 0:00,0.2522,0.8431,2/8/23 13:48,0.54,Non-Auction Ads,Promote
20230807,1773127241223180 ,VN,VN,,1/1/00 0:00,33.91,22.4255,2/8/23 15:18,2.13,RIE,Ad Group Recall (Merged)
20230807,1773127252118540 ,VN,VN,,1/1/00 0:00,34.02,22.4255,2/8/23 15:18,2.13,RIE,Ad Group Recall (Merged)
20230807,1773127229686800 ,US,,,1/1/00 0:00,19.08,7.4581,2/8/23 14:18,0.54,Non-Auction Ads,Promote
20230807,1773125972054010 ,MY,,,1/1/00 0:00,11.5215,3.9838,2/8/23 13:58,1.53,RIE,Promote Report Recall
20230807,1773125748445180 ,SA,,,1/1/00 0:00,5.8699,1.7606,2/8/23 13:55,0.54,Non-Auction Ads,Promote
20230807,1773125735563290 ,AR,Other,,1/1/00 0:00,19.98,0.8443,2/8/23 13:52,1.62,RIE,Ad Group Recall (Merged)
20230807,1773125784436740 ,ES,,,1/1/00 0:00,0.2642,2.9321,2/8/23 13:56,0.54,Non-Auction Ads,Promote
20230807,1773125348615160 ,KH,,,1/1/00 0:00,0.9428,0.283,2/8/23 13:49,0.54,Non-Auction Ads,Promote
20230807,1773247169865770 ,US,US&CA,,1/1/00 0:00,996.04,566.6742,3/8/23 23:03,1.81,RIE,Ad Group Recall (Merged)
20230807,1773125732119580 ,KW,Other,,1/1/00 0:00,,0.6152,2/8/23 13:55,1.62,RIE,Ad Group Recall (Merged)
20230807,1773128086458400 ,VN,VN,,1/1/00 0:00,25.48,22.4255,2/8/23 15:31,2.13,RIE,Ad Group Recall (Merged)
20230807,1773125876711420 ,VN,,,1/1/00 0:00,1.8933,1.6264,2/8/23 13:57,0.54,Non-Auction Ads,Promote
20230807,1773126460728330 ,TH,TH,,1/1/00 0:00,44.2869,3.2381,2/8/23 14:05,1.64,Auction Ads,auction_relation
20230807,1773169574005760 ,TW,TW,,1/1/00 0:00,475.11,125.8679,3/8/23 1:38,0.95,Auction Ads,auction_relation
20230807,1773128418770970 ,VN,VN,,1/1/00 0:00,33.74,22.4255,2/8/23 15:37,2.13,RIE,Ad Group Recall (Merged)
20230807,1773128392159230 ,VN,VN,,1/1/00 0:00,34.13,22.4255,2/8/23 15:37,2.13,RIE,Ad Group Recall (Merged)
20230807,1773128703934490 ,VN,VN,,1/1/00 0:00,33.8,22.4255,2/8/23 15:41,2.13,RIE,Ad Group Recall (Merged)
20230807,1773128703925250 ,VN,VN,,1/1/00 0:00,33.19,22.4255,2/8/23 15:41,2.13,RIE,Ad Group Recall (Merged)
20230807,1773126885979130 ,VN,,,1/1/00 0:00,3.7854,1.122,2/8/23 14:14,0.54,Non-Auction Ads,Promote
20230807,1773126544071680 ,PH,,,1/1/00 0:00,2.8711,0.5305,2/8/23 14:08,0.54,Non-Auction Ads,Promote
20230807,1773127003368450 ,SA,,,1/1/00 0:00,3.0979,1.3127,2/8/23 14:15,0.54,Non-Auction Ads,Promote
20230807,1773099193020460 ,JP,JP,,1/1/00 0:00,19.8485,11.786,2/8/23 15:00,3.21,RIE,Ad Group Recall (Merged)
20230807,1773129610744840 ,IT,IT,,1/1/00 0:00,22.5294,18.0409,2/8/23 15:29,1.79,RIE,Ad Group Recall (Merged)
20230807,1773127262913530 ,ID,,,1/1/00 0:00,1.9066,1.8518,2/8/23 14:20,0.54,Non-Auction Ads,Promote
20230807,1773127488396290 ,MY,,,1/1/00 0:00,1.8222,2.2726,2/8/23 14:24,0.54,Non-Auction Ads,Promote
20230807,1773128221224960 ,TH,,,1/1/00 0:00,3.7892,2.6393,2/8/23 14:34,0.54,Non-Auction Ads,Promote
20230807,1773129520234510 ,MX,Other,,1/1/00 0:00,16.12,8.0813,2/8/23 14:55,1.62,RIE,Ad Group Recall (Merged)
20230807,1773128058100730 ,AE,,,1/1/00 0:00,1.7391,1.2235,2/8/23 14:31,0.54,Non-Auction Ads,Promote
20230807,1773127934978040 ,MY,,,1/1/00 0:00,4.5734,0.4998,2/8/23 14:30,0.54,Non-Auction Ads,Promote
20230807,1773128053570560 ,VN,,,1/1/00 0:00,1.9315,1.1809,2/8/23 14:31,0.54,Non-Auction Ads,Promote
20230807,1773132913357850 ,AU,AU,,1/1/00 0:00,41.8,35.3284,2/8/23 16:40,1.84,RIE,Ad Group Recall (Merged)
20230807,1773143225210880 ,GB,GB,,1/1/00 0:00,0.03,0.6629,2/8/23 14:32,1.76,Auction Ads,auction_relation
20230807,1773129708773380 ,DE,,,1/1/00 0:00,12.337,6.2912,2/8/23 14:57,0.54,Non-Auction Ads,Promote
20230807,1773128969936890 ,ID,,,1/1/00 0:00,5.411,3.927,2/8/23 14:46,0.54,Non-Auction Ads,Promote
20230807,1773128164478970 ,MY,,,1/1/00 0:00,4.2547,0.4998,2/8/23 14:34,0.54,Non-Auction Ads,Promote
20230807,1773133605619740 ,US,US&CA,,1/1/00 0:00,9.16,36.1514,2/8/23 16:51,1.81,RIE,Ad Group Recall (Merged)
20230807,1773128446744570 ,VN,,,1/1/00 0:00,0,1.8846,2/8/23 14:40,0.54,Non-Auction Ads,Promote
20230807,1773107656030240 ,FR,FR,,1/1/00 0:00,22.9375,7.9213,2/8/23 15:00,1.76,RIE,Ad Group Recall (Merged)
20230807,1773128521344000 ,VN,,,1/1/00 0:00,1.8977,0.6106,2/8/23 14:39,0.54,Non-Auction Ads,Promote
20230807,1773128437427200 ,PE,Other,,1/1/00 0:00,331.3468,68.9595,2/8/23 21:00,1.62,RIE,Ad Group Recall (Merged)
20230807,1773128691521530 ,ID,,,1/1/00 0:00,1.9508,0.7178,2/8/23 14:44,0.54,Non-Auction Ads,Promote
20230807,1773129449242640 ,MA,Other,,1/1/00 0:00,20.6255,2.3713,2/8/23 14:48,1.62,RIE,Ad Group Recall (Merged)
20230807,1773127898223610 ,CL,Other,,1/1/00 0:00,294.7037,68.9595,2/8/23 21:01,1.62,RIE,Ad Group Recall (Merged)
20230807,1773128938576890 ,KH,,,1/1/00 0:00,0.9442,0.5003,2/8/23 14:46,0.54,Non-Auction Ads,Promote
20230807,1773128954899450 ,SA,,,1/1/00 0:00,0,1.1923,2/8/23 14:46,0.54,Non-Auction Ads,Promote
20230807,1773096834960380 ,JP,JP,,1/1/00 0:00,15.9467,3.6828,2/8/23 15:00,3.21,RIE,Ad Group Recall (Merged)
20230807,1773129834423310 ,US,US&CA,,1/1/00 0:00,88.959,66.3579,2/8/23 21:00,1.81,RIE,Ad Group Recall (Merged)
20230807,1773132613509120 ,TR,,,1/1/00 0:00,16.6236,14.5077,2/8/23 15:48,1.53,RIE,Promote Report Recall
20230807,1773130944679930 ,TH,,,1/1/00 0:00,14.7693,5.1432,2/8/23 15:17,0.54,Non-Auction Ads,Promote
20230807,1773130533242880 ,BR,,,1/1/00 0:00,3.2399,3.0204,2/8/23 15:13,0.54,Non-Auction Ads,Promote
20230807,1773130076229630 ,ID,,,1/1/00 0:00,2.2029,1.401,2/8/23 15:04,0.54,Non-Auction Ads,Promote
20230807,1773129874776060 ,ID,,,1/1/00 0:00,5.1533,0.4223,2/8/23 15:01,0.54,Non-Auction Ads,Promote
20230807,1773133219316740 ,US,,,1/1/00 0:00,10.86,12.6968,2/8/23 15:53,0.54,Non-Auction Ads,Promote
20230807,1773127526582270 ,US,US&CA,,1/1/00 0:00,,2.426,2/8/23 15:21,1.81,RIE,Ad Group Recall (Merged)
20230807,1773142158240770 ,US,US&CA,,1/1/00 0:00,111.39,48.3462,2/8/23 19:11,1.81,RIE,Ad Group Recall (Merged)
20230807,1773131189295160 ,SA,,,1/1/00 0:00,4.0946,1.9718,2/8/23 15:21,0.54,Non-Auction Ads,Promote
20230807,1773131162696700 ,VN,,,1/1/00 0:00,0.4728,2.4697,2/8/23 15:22,0.54,Non-Auction Ads,Promote
20230807,1773131835715580 ,US,,,1/1/00 0:00,5.17,3.3856,2/8/23 15:33,1.53,RIE,Promote Report Recall
20230807,1773132494823420 ,NO,Other,,1/1/00 0:00,2.41,6.5438,2/8/23 15:41,1.62,RIE,Ad Group Recall (Merged)
20230807,1773137472392190 ,US,,,1/1/00 0:00,25.53,30.0932,2/8/23 17:02,0.54,Non-Auction Ads,Promote
20230807,1773132733859840 ,US,,,1/1/00 0:00,1.8,8.151,2/8/23 15:47,0.54,Non-Auction Ads,Promote
20230807,1773132944180270 ,BR,BR,,1/1/00 0:00,0,7.481,2/8/23 15:48,1.7,RIE,Ad Group Recall (Merged)
20230807,1773131941877760 ,GR,,,1/1/00 0:00,1.2656,1.9436,2/8/23 15:34,0.54,Non-Auction Ads,Promote
20230807,1773131926347770 ,SA,,,1/1/00 0:00,3.8999,1.1352,2/8/23 15:34,0.54,Non-Auction Ads,Promote
20230807,1773132906476540 ,CA,,,1/1/00 0:00,7.858,7.2396,2/8/23 15:51,0.54,Non-Auction Ads,Promote
20230807,1773132157827070 ,MY,,,1/1/00 0:00,6.883,0.7622,2/8/23 15:37,0.54,Non-Auction Ads,Promote
20230807,1773132705784830 ,VN,,,1/1/00 0:00,4.5026,3.0272,2/8/23 15:45,0.54,Non-Auction Ads,Promote
20230807,1773132628506630 ,PL,,,1/1/00 0:00,0,1.4694,2/8/23 15:44,1.53,RIE,Promote Report Recall
20230807,1773132619609080 ,ID,,,1/1/00 0:00,1.9759,0.705,2/8/23 15:44,0.54,Non-Auction Ads,Promote
20230807,1773136167286830 ,VN,VN,,1/1/00 0:00,34.27,28.2576,2/8/23 17:40,2.13,RIE,Ad Group Recall (Merged)
20230807,1773133878400000 ,TH,,,1/1/00 0:00,14.737,8.6847,2/8/23 16:07,0.54,Non-Auction Ads,Promote
20230807,1773132520739840 ,BH,Other,,1/1/00 0:00,757.68,13.5135,2/8/23 16:37,1.62,RIE,Ad Group Recall (Merged)
20230807,1773132520739840 ,GR,Other,,1/1/00 0:00,757.68,13.5135,2/8/23 16:37,1.62,RIE,Ad Group Recall (Merged)
20230807,1773132520739840 ,LB,Other,,1/1/00 0:00,757.68,13.5135,2/8/23 16:37,1.62,RIE,Ad Group Recall (Merged)
20230807,1773132520739840 ,LB,Other,,1/1/00 0:00,757.68,13.5135,2/8/23 16:37,1.62,RIE,Ad Group Recall (Merged)
20230807,1773132520739840 ,KW,Other,,1/1/00 0:00,757.68,13.5135,2/8/23 16:37,1.62,RIE,Ad Group Recall (Merged)
20230807,1773132520739840 ,UY,Other,,1/1/00 0:00,757.68,13.5135,2/8/23 16:37,1.62,RIE,Ad Group Recall (Merged)
20230807,1773132520739840 ,AR,Other,,1/1/00 0:00,757.68,13.5135,2/8/23 16:37,1.62,RIE,Ad Group Recall (Merged)
20230807,1773133427543040 ,VN,,,1/1/00 0:00,0,2.0819,2/8/23 15:57,0.54,Non-Auction Ads,Promote
20230807,1773133403280380 ,ID,,,1/1/00 0:00,1.5676,0.4227,2/8/23 15:57,0.54,Non-Auction Ads,Promote
20230807,1773133602339870 ,GR,Other,,1/1/00 0:00,23.497,15.2449,2/8/23 16:56,1.62,RIE,Ad Group Recall (Merged)
20230807,1773133602339870 ,SE,Other,,1/1/00 0:00,23.497,15.2449,2/8/23 16:56,1.62,RIE,Ad Group Recall (Merged)
20230807,1773133748564990 ,VN,,,1/1/00 0:00,3.8604,2.2104,2/8/23 16:03,0.54,Non-Auction Ads,Promote
20230807,1773135456399400 ,CA,US&CA,,1/1/00 0:00,21.0628,5.2196,2/8/23 16:29,1.81,RIE,Ad Group Recall (Merged)
20230807,1773133783820280 ,VN,,,1/1/00 0:00,3.6496,2.2104,2/8/23 16:03,0.54,Non-Auction Ads,Promote
20230807,1773135458380800 ,CA,US&CA,,1/1/00 0:00,12.3406,5.2196,2/8/23 16:29,1.81,RIE,Ad Group Recall (Merged)
20230807,1773133868721150 ,VN,,,1/1/00 0:00,0,1.6465,2/8/23 16:05,0.54,Non-Auction Ads,Promote
20230807,1773140700872730 ,BR,BR,,1/1/00 0:00,16.6817,21.6353,2/8/23 17:46,1.7,RIE,Ad Group Recall (Merged)
20230807,1773134042209280 ,SA,,,1/1/00 0:00,0,1.6885,2/8/23 16:08,0.54,Non-Auction Ads,Promote
20230807,1773135189524490 ,CA,USCA,,1/1/00 0:00,88.8677,17.1043,2/8/23 17:19,1.78,Auction Ads,auction_relation
20230807,1773142386861050 ,MX,Other,,1/1/00 0:00,63.392,26.6735,2/8/23 18:32,1.62,RIE,Ad Group Recall (Merged)
20230807,1773135455083520 ,VN,,,1/1/00 0:00,0,2.7807,2/8/23 16:29,0.54,Non-Auction Ads,Promote
20230807,1773135968024590 ,PH,Other,,1/1/00 0:00,24.88,17.2083,2/8/23 17:37,1.62,RIE,Ad Group Recall (Merged)
20230807,1773135026163710 ,VN,,,1/1/00 0:00,1.8374,1.1415,2/8/23 16:22,0.54,Non-Auction Ads,Promote
20230807,1773134455078910 ,PH,,,1/1/00 0:00,0.9226,0.6198,2/8/23 16:16,0.54,Non-Auction Ads,Promote
20230807,1773135428564000 ,VN,VN,,1/1/00 0:00,,0,2/8/23 16:13,2.14,Auction Ads,auction_relation
20230807,1773136075907090 ,PH,Other,,1/1/00 0:00,25.27,17.2083,2/8/23 17:38,1.62,RIE,Ad Group Recall (Merged)
20230807,1773135552911360 ,PT,,,1/1/00 0:00,3.2903,2.2221,2/8/23 16:30,1.53,RIE,Promote Report Recall
20230807,1773136694435850 ,TW,TW,,1/1/00 0:00,17.01,6.434,2/8/23 16:46,2.59,RIE,Ad Group Recall (Merged)
20230807,1773138006492160 ,VN,VN,,1/1/00 0:00,33.21,22.4255,2/8/23 18:09,2.13,RIE,Ad Group Recall (Merged)
20230807,1773136152755200 ,IL,,,1/1/00 0:00,7.2328,4.9279,2/8/23 16:41,0.54,Non-Auction Ads,Promote
20230807,1773137737196560 ,PH,Other,,1/1/00 0:00,27.98,17.2083,2/8/23 18:05,1.62,RIE,Ad Group Recall (Merged)
20230807,1773182376992760 ,KR,KR,,1/1/00 0:00,166.03,137.1191,3/8/23 4:51,2.18,RIE,Ad Group Recall (Merged)
20230807,1773107311029330 ,TH,TH,,1/1/00 0:00,6.6885,4.013,2/8/23 16:59,1.64,Auction Ads,auction_relation
20230807,1773140427555890 ,US,,,1/1/00 0:00,15.09,13.6412,2/8/23 17:49,0.54,Non-Auction Ads,Promote
20230807,1773136712271930 ,ID,,,1/1/00 0:00,2.3985,0.9766,2/8/23 16:51,0.54,Non-Auction Ads,Promote
20230807,1773141792595970 ,US,,,1/1/00 0:00,23.7,16.072,2/8/23 18:09,0.54,Non-Auction Ads,Promote
20230807,1773136837270530 ,VN,,,1/1/00 0:00,1.063,0.5754,2/8/23 16:55,0.54,Non-Auction Ads,Promote
20230807,1773155126757370 ,IL,,,1/1/00 0:00,53.0569,41.9836,2/8/23 21:43,1.53,RIE,Promote Report Recall
20230807,1773137117361150 ,VN,,,1/1/00 0:00,2.0446,0.5754,2/8/23 16:59,0.54,Non-Auction Ads,Promote
20230807,1773138941688830 ,JP,,,1/1/00 0:00,2.1514,6.6907,2/8/23 17:24,0.54,Non-Auction Ads,Promote
20230807,1773138345487360 ,SA,,,1/1/00 0:00,7.2932,3.0098,2/8/23 17:16,0.54,Non-Auction Ads,Promote
20230807,1773137334990840 ,VN,,,1/1/00 0:00,1.037,0.5754,2/8/23 17:01,0.54,Non-Auction Ads,Promote
20230807,1773138151624700 ,ID,,,1/1/00 0:00,2.0562,1.3345,2/8/23 17:13,0.54,Non-Auction Ads,Promote
20230807,1773137972120620 ,CA,US&CA,,1/1/00 0:00,,9.3261,2/8/23 18:07,1.81,RIE,Ad Group Recall (Merged)
20230807,1773138896578560 ,SA,,,1/1/00 0:00,5.1982,3.3867,2/8/23 17:23,0.54,Non-Auction Ads,Promote
20230807,1773139846847480 ,JP,,,1/1/00 0:00,15.3238,4.6851,2/8/23 17:39,0.54,Non-Auction Ads,Promote
20230807,1773138593018880 ,TH,,,1/1/00 0:00,7.4272,0.7597,2/8/23 17:19,0.54,Non-Auction Ads,Promote
20230807,1773141109517310 ,SA,,,1/1/00 0:00,30.5528,5.5706,2/8/23 18:00,1.53,RIE,Promote Report Recall
20230807,1773140585352190 ,IL,IL,,1/1/00 0:00,9.33,10.9345,2/8/23 18:50,1.52,Auction Ads,auction_relation
20230807,1773140371006460 ,TH,,,1/1/00 0:00,5.5655,2.2233,2/8/23 17:48,0.54,Non-Auction Ads,Promote
20230807,1773177795992590 ,US,USCA,,1/1/00 0:00,604.49,114.4111,3/8/23 4:12,1.78,Auction Ads,auction_relation
20230807,1773148128063520 ,MX,Other,,1/1/00 0:00,2.42,15.0016,2/8/23 19:43,1.62,RIE,Ad Group Recall (Merged)
20230807,1773140711768060 ,ES,ES,,1/1/00 0:00,21.2834,8.6629,2/8/23 18:39,1.79,RIE,Ad Group Recall (Merged)
20230807,1773142778670080 ,TH,,,1/1/00 0:00,3.4451,5.492,2/8/23 18:27,0.54,Non-Auction Ads,Promote
20230807,1773140821707770 ,VN,,,1/1/00 0:00,0,1.1574,2/8/23 17:54,0.54,Non-Auction Ads,Promote
20230807,1773177800394750 ,SA,,,1/1/00 0:00,107.7397,102.1771,3/8/23 3:44,1.53,RIE,Promote Report Recall
20230807,1773142992401400 ,BR,BR,,1/1/00 0:00,0,2.6922,2/8/23 18:08,1.7,RIE,Ad Group Recall (Merged)
20230807,1773141946310650 ,GB,GB,,1/1/00 0:00,12.4011,9.2961,2/8/23 19:10,1.72,RIE,Ad Group Recall (Merged)
20230807,1773141946310650 ,GB,GB,,1/1/00 0:00,12.4011,9.2961,2/8/23 19:10,1.72,RIE,Ad Group Recall (Merged)
20230807,1773142698912760 ,SA,,,1/1/00 0:00,3.7665,3.7805,2/8/23 18:28,0.54,Non-Auction Ads,Promote
20230807,1773119594241070 ,US,USCA,,1/1/00 0:00,23.37,6.208,2/8/23 19:00,1.78,Auction Ads,auction_relation
20230807,1773143114874880 ,MY,,,1/1/00 0:00,3.8048,2.4804,2/8/23 18:32,0.54,Non-Auction Ads,Promote
20230807,1773142560781310 ,TR,,,1/1/00 0:00,1.0698,0.5699,2/8/23 18:23,0.54,Non-Auction Ads,Promote
20230807,1773141860761600 ,US,US&CA,,1/1/00 0:00,25.7,17.06,2/8/23 20:44,1.81,RIE,Ad Group Recall (Merged)
20230807,1773143342718000 ,BR,BR,,1/1/00 0:00,0,2.6922,2/8/23 18:34,1.7,RIE,Ad Group Recall (Merged)
20230807,1773142757939250 ,HU,Other,,1/1/00 0:00,12.6831,6.9607,2/8/23 19:30,1.62,RIE,Ad Group Recall (Merged)
20230807,1773146177257470 ,FR,,,1/1/00 0:00,6.6583,5.7539,2/8/23 19:20,0.54,Non-Auction Ads,Promote
20230807,1773152704145420 ,US,US&CA,,1/1/00 0:00,13.69,18.5949,2/8/23 21:03,1.81,RIE,Ad Group Recall (Merged)
20230807,1773143215197180 ,ID,,,1/1/00 0:00,2.61,0.3758,2/8/23 18:33,0.54,Non-Auction Ads,Promote
20230807,1773144128237610 ,BR,BR,,1/1/00 0:00,,1.1712,2/8/23 18:44,1.7,RIE,Ad Group Recall (Merged)
20230807,1773144967846910 ,AE,,,1/1/00 0:00,4.3886,2.7301,2/8/23 19:01,0.54,Non-Auction Ads,Promote
20230807,1773144557970430 ,GR,,,1/1/00 0:00,1.6726,1.4318,2/8/23 18:55,0.54,Non-Auction Ads,Promote
20230807,1773146190354430 ,BR,,,1/1/00 0:00,2.5181,4.2323,2/8/23 19:20,1.53,RIE,Promote Report Recall
20230807,1773148965861380 ,US,,,1/1/00 0:00,19.67,9.4611,2/8/23 20:04,0.54,Non-Auction Ads,Promote
20230807,1773148765837310 ,TH,,,1/1/00 0:00,5.9077,6.8551,2/8/23 20:01,0.54,Non-Auction Ads,Promote
20230807,1773148032925690 ,TH,,,1/1/00 0:00,9.1148,3.9281,2/8/23 19:49,0.54,Non-Auction Ads,Promote
20230807,1773147212499000 ,SA,,,1/1/00 0:00,4.0436,2.199,2/8/23 19:36,0.54,Non-Auction Ads,Promote
20230807,1773147703148550 ,FI,,,1/1/00 0:00,2.4878,3.0303,2/8/23 19:45,0.54,Non-Auction Ads,Promote
20230807,1773147089832960 ,GR,,,1/1/00 0:00,1.5627,1.092,2/8/23 19:35,0.54,Non-Auction Ads,Promote
20230807,1773147842593790 ,VN,,,1/1/00 0:00,3.0442,1.6828,2/8/23 19:46,0.54,Non-Auction Ads,Promote
20230807,1773148636678140 ,VN,,,1/1/00 0:00,3.2903,2.7213,2/8/23 19:58,0.54,Non-Auction Ads,Promote
20230807,1773148096578560 ,SA,,,1/1/00 0:00,1.6074,1.5318,2/8/23 19:50,0.54,Non-Auction Ads,Promote
20230807,1773034834235400 ,US,US&CA,,1/1/00 0:00,424.5614,8.4976,2/8/23 21:00,1.81,RIE,Ad Group Recall (Merged)
20230807,1773149733592090 ,TH,TH,,1/1/00 0:00,5.3023,5.023,2/8/23 20:15,1.87,RIE,Ad Group Recall (Merged)
20230807,1773148953481230 ,IT,,,1/1/00 0:00,4.9083,4.1991,2/8/23 20:05,0.54,Non-Auction Ads,Promote
20230807,1773148847109120 ,IT,,,1/1/00 0:00,5.4808,2.7398,2/8/23 20:03,0.54,Non-Auction Ads,Promote
20230807,1773149420350490 ,PH,PH,,1/1/00 0:00,18.3782,3.3115,2/8/23 20:05,2.46,Auction Ads,auction_relation
20230807,1773154262108160 ,US,,,1/1/00 0:00,32.66,14.0467,2/8/23 21:39,1.53,RIE,Promote Report Recall
20230807,1773157356780560 ,US,US&CA,,1/1/00 0:00,0,19.5417,2/8/23 22:17,1.81,RIE,Ad Group Recall (Merged)
20230807,1773151248570360 ,SA,,,1/1/00 0:00,0,4.0816,2/8/23 20:41,0.54,Non-Auction Ads,Promote
20230807,1773157453050890 ,US,US&CA,,1/1/00 0:00,0,19.5417,2/8/23 22:18,1.81,RIE,Ad Group Recall (Merged)
20230807,1773207734941710 ,US,US&CA,,1/1/00 0:00,979.62,275.2987,3/8/23 11:37,1.81,RIE,Ad Group Recall (Merged)
20230807,1773150385570810 ,SA,,,1/1/00 0:00,3.0258,1.3857,2/8/23 20:26,0.54,Non-Auction Ads,Promote
20230807,1773149557878850 ,SA,,,1/1/00 0:00,1.1728,0.7996,2/8/23 20:17,0.54,Non-Auction Ads,Promote
20230807,1773155763715070 ,US,,,1/1/00 0:00,7.95,11.7425,2/8/23 21:54,0.54,Non-Auction Ads,Promote
20230807,1773152501665790 ,ES,,,1/1/00 0:00,5.4254,2.4,2/8/23 21:00,0.54,Non-Auction Ads,Promote
20230807,1773156399144960 ,US,,,1/1/00 0:00,23.12,12.4459,2/8/23 22:03,0.54,Non-Auction Ads,Promote
20230807,1773152827790330 ,SA,,,1/1/00 0:00,5.4726,3.3867,2/8/23 21:05,0.54,Non-Auction Ads,Promote
20230807,1773154497737730 ,DE,,,1/1/00 0:00,11.1924,7.5495,2/8/23 21:33,0.54,Non-Auction Ads,Promote
20230807,1773155064573950 ,KW,,,1/1/00 0:00,7.8483,8.1869,2/8/23 21:41,1.53,RIE,Promote Report Recall
20230807,1773156677410820 ,US,,,1/1/00 0:00,10.79,11.3765,2/8/23 22:07,0.54,Non-Auction Ads,Promote
20230807,1773248145757210 ,MX,Other,,1/1/00 0:00,629.51,470.622,3/8/23 21:56,1.62,RIE,Ad Group Recall (Merged)
20230807,1773156452910080 ,US,,,1/1/00 0:00,12.37,8.3064,2/8/23 22:03,0.54,Non-Auction Ads,Promote
20230807,1773154022040640 ,SA,,,1/1/00 0:00,0,2.2642,2/8/23 21:25,0.54,Non-Auction Ads,Promote
20230807,1773154218539010 ,SA,,,1/1/00 0:00,0,2.3955,2/8/23 21:28,0.54,Non-Auction Ads,Promote
20230807,1773159647267870 ,US,,,1/1/00 0:00,21.9,15.0902,2/8/23 22:55,0.54,Non-Auction Ads,Promote
20230807,1773158394940410 ,ID,,,1/1/00 0:00,50.8498,11.7129,2/8/23 22:33,1.53,RIE,Promote Report Recall
20230807,1773154478561280 ,SA,,,1/1/00 0:00,0.4851,2.2642,2/8/23 21:32,0.54,Non-Auction Ads,Promote
20230807,1773157881380910 ,CA,,,1/1/00 0:00,21.6457,10.5877,2/8/23 22:27,1.53,RIE,Promote Report Recall
20230807,1773157561372690 ,FR,FR,,1/1/00 0:00,53.5627,19.3304,2/8/23 23:23,1.76,RIE,Ad Group Recall (Merged)
20230807,1773143934080010 ,SA,MENA,,1/1/00 0:00,0,5.587,2/8/23 22:00,1.67,RIE,Ad Group Recall (Merged)
20230807,1773159038495740 ,JP,,,1/1/00 0:00,28.4192,12.1727,2/8/23 22:44,1.53,RIE,Promote Report Recall
20230807,1773154674976760 ,SA,,,1/1/00 0:00,2.3271,2.2642,2/8/23 21:35,0.54,Non-Auction Ads,Promote
20230807,1773154213042170 ,ID,,,1/1/00 0:00,0.8234,0.8601,2/8/23 21:30,0.54,Non-Auction Ads,Promote
20230807,1773197606273070 ,ID,ID,,1/1/00 0:00,630.48,208.005,3/8/23 9:51,2.05,RIE,Ad Group Recall (Merged)
20230807,1773155706024960 ,SA,,,1/1/00 0:00,3.2761,1.7062,2/8/23 21:52,0.54,Non-Auction Ads,Promote
20230807,1773157064263680 ,GR,,,1/1/00 0:00,11.0607,4.168,2/8/23 22:12,1.53,RIE,Promote Report Recall
20230807,1773197979950090 ,ID,ID,,1/1/00 0:00,569.3,208.005,3/8/23 9:57,2.05,RIE,Ad Group Recall (Merged)
20230807,1773156980242430 ,AE,,,1/1/00 0:00,4.4047,2.7989,2/8/23 22:12,0.54,Non-Auction Ads,Promote
20230807,1773187789178910 ,SA,MENA,,1/1/00 0:00,445.6971,105.2184,3/8/23 6:15,1.67,RIE,Ad Group Recall (Merged)
20230807,1773157231650810 ,AE,,,1/1/00 0:00,3.9038,2.7989,2/8/23 22:17,0.54,Non-Auction Ads,Promote
20230807,1773167983675420 ,MX,MX,,1/1/00 0:00,,27.6488,3/8/23 0:55,1.99,Auction Ads,auction_all
20230807,1773157327590400 ,RO,,,1/1/00 0:00,3.5864,1.8681,2/8/23 22:17,0.54,Non-Auction Ads,Promote
20230807,1773135816481790 ,ID,,,1/1/00 0:00,72.1948,6.9142,2/8/23 22:51,1.53,RIE,Promote Report Recall
20230807,1773198207702040 ,TH,TH,,1/1/00 0:00,138.37,208.005,3/8/23 10:03,1.87,RIE,Ad Group Recall (Merged)
20230807,1773158400672770 ,AU,,,1/1/00 0:00,7.9326,4.6888,2/8/23 22:34,0.54,Non-Auction Ads,Promote
20230807,1773158422273020 ,NZ,,,1/1/00 0:00,8.411,4.967,2/8/23 22:35,0.54,Non-Auction Ads,Promote
20230807,1773158299090940 ,BR,,,1/1/00 0:00,2.9264,2.7431,2/8/23 22:33,0.54,Non-Auction Ads,Promote
20230807,1773160057989170 ,BE,Other,,1/1/00 0:00,28.76,7.0873,2/8/23 23:02,1.62,RIE,Ad Group Recall (Merged)
20230807,1773157494484990 ,EG,,,1/1/00 0:00,1.5745,0.6472,2/8/23 22:20,0.54,Non-Auction Ads,Promote
20230807,1773159485868030 ,US,,,1/1/00 0:00,8.26,3.6888,2/8/23 22:52,1.53,RIE,Promote Report Recall
20230807,1773159472224250 ,VN,,,1/1/00 0:00,4.0178,1.6953,2/8/23 22:51,0.54,Non-Auction Ads,Promote
20230807,1773144424050720 ,NL,Other,,1/1/00 0:00,0,3.8064,2/8/23 23:01,1.62,RIE,Ad Group Recall (Merged)
20230807,1773159986976810 ,CA,US&CA,,1/1/00 0:00,13.5471,11.7652,2/8/23 23:57,1.81,RIE,Ad Group Recall (Merged)
20230807,1773160361104390 ,CA,,,1/1/00 0:00,10.3553,4.9755,2/8/23 23:08,0.54,Non-Auction Ads,Promote
20230807,1773161543929870 ,BE,Other,,1/1/00 0:00,0,7.0873,2/8/23 23:26,1.62,RIE,Ad Group Recall (Merged)
20230807,1773159891793920 ,TH,,,1/1/00 0:00,2.4069,1.833,2/8/23 23:00,0.54,Non-Auction Ads,Promote
20230807,1773159726692350 ,TH,,,1/1/00 0:00,3.9377,1.833,2/8/23 23:00,0.54,Non-Auction Ads,Promote
20230807,1773160898412610 ,KW,,,1/1/00 0:00,6.8359,3.5873,2/8/23 23:14,0.54,Non-Auction Ads,Promote
20230807,1773159810657280 ,TH,,,1/1/00 0:00,4.3818,1.833,2/8/23 23:01,0.54,Non-Auction Ads,Promote
20230807,1773161422362620 ,VN,,,1/1/00 0:00,0,4.1846,2/8/23 23:22,0.54,Non-Auction Ads,Promote
20230807,1773160040592380 ,TH,,,1/1/00 0:00,4.049,1.833,2/8/23 23:02,0.54,Non-Auction Ads,Promote
20230807,1773166689462280 ,FI,Other,,1/1/00 0:00,0,28.3747,3/8/23 1:43,1.62,RIE,Ad Group Recall (Merged)
20230807,1773173724466220 ,SA,MENA,,1/1/00 0:00,7.03,4.2302,2/8/23 23:38,1.67,RIE,Ad Group Recall (Merged)
20230807,1773163105028090 ,SA,,,1/1/00 0:00,4.3661,4.2072,2/8/23 23:50,0.54,Non-Auction Ads,Promote
20230807,1773161173059580 ,VN,,,1/1/00 0:00,3.4193,0.4509,2/8/23 23:19,0.54,Non-Auction Ads,Promote
20230807,1773161173059580 ,VN,,,1/1/00 0:00,3.4193,0.4509,2/8/23 23:19,0.54,Non-Auction Ads,Promote
20230807,1773161841381370 ,VN,,,1/1/00 0:00,2.8764,2.0549,2/8/23 23:28,0.54,Non-Auction Ads,Promote
20230807,1773159368767530 ,US,US&CA,,1/1/00 0:00,0.46,1.4557,2/8/23 23:28,1.81,RIE,Ad Group Recall (Merged)
20230807,1773166581749760 ,TH,,,1/1/00 0:00,13.0544,12.978,3/8/23 0:48,0.54,Non-Auction Ads,Promote
20230807,1773163262956540 ,TH,,,1/1/00 0:00,1.5438,1.833,2/8/23 23:53,0.54,Non-Auction Ads,Promote
20230807,1773162195892220 ,SA,,,1/1/00 0:00,0,0.7468,2/8/23 23:38,0.54,Non-Auction Ads,Promote
20230807,1773165637213230 ,SA,MENA,,1/1/00 0:00,138.09,5.5304,3/8/23 0:24,1.67,RIE,Ad Group Recall (Merged)
20230807,1773164089508860 ,KH,Other,,1/1/00 0:00,4.0569,1.6454,2/8/23 23:57,1.62,RIE,Ad Group Recall (Merged)
20230807,1773193623182350 ,VN,VN,,1/1/00 0:00,342.53,122.4865,3/8/23 7:33,2.13,RIE,Ad Group Recall (Merged)
20230807,1773163379383300 ,BR,,,1/1/00 0:00,1.4037,1.0639,2/8/23 23:55,0.54,Non-Auction Ads,Promote
20230807,1773163379383300 ,BR,,,1/1/00 0:00,1.4037,1.0639,2/8/23 23:55,0.54,Non-Auction Ads,Promote
20230807,1772910487704610 ,TH,TH,,1/1/00 0:00,20.82,12.3595,3/8/23 1:00,1.87,RIE,Ad Group Recall (Merged)
20230807,1773143368935470 ,TH,TH,,1/1/00 0:00,34.8336,12.3595,3/8/23 1:00,1.87,RIE,Ad Group Recall (Merged)
20230807,1773163663799300 ,BR,,,1/1/00 0:00,3.2611,1.975,2/8/23 23:59,0.54,Non-Auction Ads,Promote
20230807,1773163997089790 ,BR,,,1/1/00 0:00,0.9786,3.4228,3/8/23 0:04,0.54,Non-Auction Ads,Promote
20230807,1773163997089790 ,BR,,,1/1/00 0:00,0.9786,3.4228,3/8/23 0:04,0.54,Non-Auction Ads,Promote
20230807,1773163632947200 ,EG,,,1/1/00 0:00,1.372,0.7872,2/8/23 23:58,0.54,Non-Auction Ads,Promote
20230807,1773166221264900 ,US,,,1/1/00 0:00,19.89,7.5076,3/8/23 0:39,0.54,Non-Auction Ads,Promote
20230807,1773163783543810 ,BR,,,1/1/00 0:00,0.0205,1.572,3/8/23 0:00,0.54,Non-Auction Ads,Promote
20230807,1773164741017610 ,US,USCA,,1/1/00 0:00,17.01,8.0254,3/8/23 0:43,1.78,Auction Ads,auction_relation
20230807,1773163872173050 ,SA,,,1/1/00 0:00,1.9006,1.5863,3/8/23 0:02,0.54,Non-Auction Ads,Promote
20230807,1773165457723390 ,ID,,,1/1/00 0:00,6.5486,3.35,3/8/23 0:26,0.54,Non-Auction Ads,Promote
20230807,1773162536338430 ,US,US&CA,,1/1/00 0:00,0.11,6.0994,3/8/23 0:39,1.81,RIE,Ad Group Recall (Merged)
20230807,1773162540283930 ,US,US&CA,,1/1/00 0:00,0.07,6.0994,3/8/23 0:39,1.81,RIE,Ad Group Recall (Merged)
20230807,1773162558211100 ,US,US&CA,,1/1/00 0:00,1.31,6.0994,3/8/23 0:39,1.81,RIE,Ad Group Recall (Merged)
20230807,1773178398225440 ,JP,JP,,1/1/00 0:00,36.2543,49.8948,3/8/23 3:45,2.16,Auction Ads,auction_all
20230807,1773164323452950 ,EG,,,1/1/00 0:00,1.4641,0.6352,3/8/23 0:08,0.54,Non-Auction Ads,Promote
20230807,1773166159401980 ,ID,,,1/1/00 0:00,1.87,0.9213,3/8/23 0:37,0.54,Non-Auction Ads,Promote
20230807,1773165900025850 ,KH,,,1/1/00 0:00,0.7732,0.3809,3/8/23 0:34,0.54,Non-Auction Ads,Promote
20230807,1773169504951310 ,US,,,1/1/00 0:00,21.32,10.2268,3/8/23 1:30,0.54,Non-Auction Ads,Promote
20230807,1773167591584760 ,VN,,,1/1/00 0:00,0,5.161,3/8/23 1:00,0.54,Non-Auction Ads,Promote
20230807,1773166439839740 ,ID,,,1/1/00 0:00,2.1363,2.0401,3/8/23 0:44,0.54,Non-Auction Ads,Promote
20230807,1773166922508280 ,TH,,,1/1/00 0:00,2.9281,3.2827,3/8/23 0:51,0.54,Non-Auction Ads,Promote
20230807,1773169636668420 ,US,,,1/1/00 0:00,21.21,10.2268,3/8/23 1:32,0.54,Non-Auction Ads,Promote
20230807,1773166494898170 ,PH,,,1/1/00 0:00,3.2071,0.7898,3/8/23 0:42,0.54,Non-Auction Ads,Promote
20230807,1773169585434620 ,US,,,1/1/00 0:00,21.93,10.2268,3/8/23 1:32,0.54,Non-Auction Ads,Promote
20230807,1773169691981820 ,US,,,1/1/00 0:00,21.68,10.2268,3/8/23 1:33,0.54,Non-Auction Ads,Promote
20230807,1773168710948910 ,VN,VN,,1/1/00 0:00,0,6.2536,3/8/23 1:15,2.13,RIE,Ad Group Recall (Merged)
20230807,1773167670475770 ,TH,,,1/1/00 0:00,18.7742,3.356,3/8/23 1:02,0.54,Non-Auction Ads,Promote
20230807,1773166902102010 ,ID,,,1/1/00 0:00,1.3964,0.7634,3/8/23 0:51,0.54,Non-Auction Ads,Promote
20230807,1773171501828090 ,TW,TW,,1/1/00 0:00,80.13,17.9804,3/8/23 2:00,2.59,RIE,Ad Group Recall (Merged)
20230807,1773167741511710 ,ES,ES,,1/1/00 0:00,16.1747,15.9834,3/8/23 1:58,1.37,Auction Ads,auction_relation
20230807,1773167711004670 ,BR,,,1/1/00 0:00,3.1603,1.6317,3/8/23 1:04,0.54,Non-Auction Ads,Promote
20230807,1773168375454720 ,MY,,,1/1/00 0:00,7.2361,1.9515,3/8/23 1:12,0.54,Non-Auction Ads,Promote
20230807,1773168177580030 ,VN,,,1/1/00 0:00,0,1.5041,3/8/23 1:09,0.54,Non-Auction Ads,Promote
20230807,1773170768834560 ,US,,,1/1/00 0:00,16.73,10.8364,3/8/23 1:50,0.54,Non-Auction Ads,Promote
20230807,1773169079753730 ,ID,,,1/1/00 0:00,4.0022,2.3198,3/8/23 1:24,0.54,Non-Auction Ads,Promote
20230807,1773170811384830 ,US,,,1/1/00 0:00,15.78,10.8364,3/8/23 1:51,0.54,Non-Auction Ads,Promote
20230807,1773171553007620 ,US,,,1/1/00 0:00,18.22,13.4838,3/8/23 2:02,0.54,Non-Auction Ads,Promote
20230807,1773170893414400 ,US,,,1/1/00 0:00,10.79,10.8364,3/8/23 1:52,0.54,Non-Auction Ads,Promote
20230807,1773177036625950 ,PH,Other,,1/1/00 0:00,30.06,31.4675,3/8/23 3:11,1.62,RIE,Ad Group Recall (Merged)
20230807,1773168821684220 ,VN,,,1/1/00 0:00,0.0151,0.3407,3/8/23 1:19,0.54,Non-Auction Ads,Promote
20230807,1773169162337280 ,MY,,,1/1/00 0:00,6.3911,1.5251,3/8/23 1:27,0.54,Non-Auction Ads,Promote
20230807,1773170860461060 ,US,,,1/1/00 0:00,17.6,10.8364,3/8/23 1:53,0.54,Non-Auction Ads,Promote
20230807,1773169245090820 ,BR,,,1/1/00 0:00,0.0185,1.2673,3/8/23 1:28,0.54,Non-Auction Ads,Promote
20230807,1773170001853440 ,SG,,,1/1/00 0:00,6.1363,3.9443,3/8/23 1:44,0.54,Non-Auction Ads,Promote
20230807,1773169835960320 ,ID,,,1/1/00 0:00,4.0946,0.8465,3/8/23 1:36,0.54,Non-Auction Ads,Promote
20230807,1773173214065680 ,VN,VN,,1/1/00 0:00,38.81,15.4189,3/8/23 2:25,2.14,Auction Ads,auction_relation
20230807,1773169899878400 ,KH,,,1/1/00 0:00,1.6328,1.4886,3/8/23 1:37,0.54,Non-Auction Ads,Promote
20230807,1773170134270970 ,PH,,,1/1/00 0:00,3.2465,0.7898,3/8/23 1:40,0.54,Non-Auction Ads,Promote
20230807,1773170419103760 ,TW,TW,,1/1/00 0:00,0.29,1.9755,3/8/23 1:45,2.59,RIE,Ad Group Recall (Merged)
20230807,1773170269964280 ,SA,,,1/1/00 0:00,1.7008,0.9691,3/8/23 1:43,0.54,Non-Auction Ads,Promote
20230807,1773171999577130 ,AE,MENA,,1/1/00 0:00,3.11,5.3323,3/8/23 1:53,1.78,Auction Ads,auction_relation
20230807,1773170282742780 ,PH,,,1/1/00 0:00,0.1054,1.8268,3/8/23 1:45,0.54,Non-Auction Ads,Promote
20230807,1773170429133820 ,VN,,,1/1/00 0:00,5.9135,1.14,3/8/23 1:45,0.54,Non-Auction Ads,Promote
20230807,1773170402422780 ,VN,,,1/1/00 0:00,0.0373,1.0204,3/8/23 1:45,0.54,Non-Auction Ads,Promote
20230807,1773207506383920 ,GR,Other,,1/1/00 0:00,0,11.9647,3/8/23 2:34,1.62,RIE,Ad Group Recall (Merged)
20230807,1773174967102490 ,JP,JP,,1/1/00 0:00,,7.7699,3/8/23 2:16,2.16,Auction Ads,auction_all
20230807,1773174967102490 ,JP,JP,,1/1/00 0:00,,7.7699,3/8/23 2:16,2.16,Auction Ads,auction_all
20230807,1773174967102490 ,JP,JP,,1/1/00 0:00,,7.7699,3/8/23 2:16,2.16,Auction Ads,auction_all
20230807,1773174967102490 ,JP,JP,,1/1/00 0:00,,7.7699,3/8/23 2:16,2.16,Auction Ads,auction_all
20230807,1773170491506750 ,PH,,,1/1/00 0:00,3.4061,0.9187,3/8/23 1:46,0.54,Non-Auction Ads,Promote
20230807,1773172586019840 ,ID,,,1/1/00 0:00,3.1637,5.0001,3/8/23 2:20,0.54,Non-Auction Ads,Promote
20230807,1773172453513210 ,ID,,,1/1/00 0:00,3.5403,4.1454,3/8/23 2:18,0.54,Non-Auction Ads,Promote
20230807,1773172808096770 ,ID,,,1/1/00 0:00,3.9809,4.405,3/8/23 2:24,0.54,Non-Auction Ads,Promote
20230807,1773172808096770 ,ID,,,1/1/00 0:00,3.9809,4.405,3/8/23 2:24,0.54,Non-Auction Ads,Promote
20230807,1773172194950140 ,PH,,,1/1/00 0:00,3.2363,0.8121,3/8/23 2:14,0.54,Non-Auction Ads,Promote
20230807,1773336517801000 ,BR,BR,,1/1/00 0:00,1298.0926,1182.7726,5/8/23 3:00,1.43,Non-Auction Ads,R&F
20230807,1773172894263290 ,VN,,,1/1/00 0:00,3.3822,3.5733,3/8/23 2:25,0.54,Non-Auction Ads,Promote
20230807,1773173937163280 ,TH,TH,,1/1/00 0:00,15.09,6.3031,3/8/23 2:38,1.87,RIE,Ad Group Recall (Merged)
20230807,1773173708777470 ,SA,,,1/1/00 0:00,6.3938,6.4225,3/8/23 2:38,0.54,Non-Auction Ads,Promote
20230807,1773173708777470 ,SA,,,1/1/00 0:00,6.3938,6.4225,3/8/23 2:38,0.54,Non-Auction Ads,Promote
20230807,1773174054480890 ,TH,,,1/1/00 0:00,9.0892,7.5259,3/8/23 2:42,0.54,Non-Auction Ads,Promote
20230807,1773173554466830 ,RO,Other,,1/1/00 0:00,4.65,3.4943,3/8/23 2:34,1.62,RIE,Ad Group Recall (Merged)
20230807,1773174264164350 ,TH,,,1/1/00 0:00,8.863,7.5259,3/8/23 2:46,0.54,Non-Auction Ads,Promote
20230807,1773174333278220 ,JP,JP,,1/1/00 0:00,64.34,7.8426,3/8/23 2:46,3.21,RIE,Ad Group Recall (Merged)
20230807,1773173321299990 ,GR,,,1/1/00 0:00,2.1787,1.812,3/8/23 2:32,0.54,Non-Auction Ads,Promote
20230807,1773179250295810 ,US,,,1/1/00 0:00,90.56,29.0269,3/8/23 4:05,1.53,RIE,Promote Report Recall
20230807,1773173699260410 ,MY,,,1/1/00 0:00,9.4295,4.3353,3/8/23 2:38,0.54,Non-Auction Ads,Promote
20230807,1773172969122810 ,KH,,,1/1/00 0:00,0.9695,0.5056,3/8/23 2:25,0.54,Non-Auction Ads,Promote
20230807,1773174507413500 ,VN,VN,,1/1/00 0:00,9.4921,5.288,3/8/23 2:45,2.14,Auction Ads,auction_relation
20230807,1773173766320120 ,ID,,,1/1/00 0:00,3.0359,3.1369,3/8/23 2:39,0.54,Non-Auction Ads,Promote
20230807,1773173505741820 ,KH,,,1/1/00 0:00,0.9693,0.5056,3/8/23 2:35,0.54,Non-Auction Ads,Promote
20230807,1773172211393560 ,US,US&CA,,1/1/00 0:00,68.68,12.0509,3/8/23 3:12,1.81,RIE,Ad Group Recall (Merged)
20230807,1773173954032640 ,US,,,1/1/00 0:00,4.45,2.9984,3/8/23 2:43,0.54,Non-Auction Ads,Promote
20230807,1773177774624770 ,ID,ID,,1/1/00 0:00,6.662,12.0528,3/8/23 3:29,1.8,Auction Ads,auction_relation
20230807,1773175009929210 ,AU,,,1/1/00 0:00,12.4081,5.2763,3/8/23 2:58,0.54,Non-Auction Ads,Promote
20230807,1773174136717310 ,VN,,,1/1/00 0:00,0.004,1.7361,3/8/23 2:46,0.54,Non-Auction Ads,Promote
20230807,1773181386267650 ,US,,,1/1/00 0:00,57.33,32.7861,3/8/23 4:47,1.53,RIE,Promote Report Recall
20230807,1773174732050480 ,TH,TH,,1/1/00 0:00,3.9683,2.9582,3/8/23 2:51,1.64,Auction Ads,auction_relation
20230807,1773174282842110 ,SA,,,1/1/00 0:00,0.3439,1.8021,3/8/23 2:47,0.54,Non-Auction Ads,Promote
20230807,1773174865460270 ,TH,TH,,1/1/00 0:00,4.7963,2.9582,3/8/23 2:54,1.64,Auction Ads,auction_relation
20230807,1773174555428890 ,JP,JP,,1/1/00 0:00,7.1,2.0832,3/8/23 2:50,2.16,Auction Ads,auction_all
20230807,1773176682450970 ,US,US&CA,,1/1/00 0:00,48.55,34.76,3/8/23 4:59,1.81,RIE,Ad Group Recall (Merged)
20230807,1773176682450970 ,CA,US&CA,,1/1/00 0:00,48.55,34.76,3/8/23 4:59,1.81,RIE,Ad Group Recall (Merged)
20230807,1773174811638780 ,VN,,,1/1/00 0:00,2.7723,2.7026,3/8/23 2:54,0.54,Non-Auction Ads,Promote
20230807,1773174968919080 ,TH,TH,,1/1/00 0:00,1.426,2.9582,3/8/23 2:56,1.64,Auction Ads,auction_relation
20230807,1773226305942520 ,CA,US&CA,,1/1/00 0:00,1000.17,336.385,3/8/23 17:25,1.81,RIE,Ad Group Recall (Merged)
20230807,1773178620478480 ,KR,KR,,1/1/00 0:00,41.33,17.0433,3/8/23 3:54,2.18,RIE,Ad Group Recall (Merged)
20230807,1773175123493920 ,US,USCA,,1/1/00 0:00,7.08,14.3794,3/8/23 3:53,1.78,Auction Ads,auction_relation
20230807,1773187400647720 ,KR,KR,,1/1/00 0:00,150.68,46.6973,3/8/23 6:16,2.18,RIE,Ad Group Recall (Merged)
20230807,1773175657866240 ,AE,,,1/1/00 0:00,3.9772,3.6867,3/8/23 3:09,0.54,Non-Auction Ads,Promote
20230807,1773174148142080 ,IT,IT,,1/1/00 0:00,0,7.177,3/8/23 3:27,1.79,RIE,Ad Group Recall (Merged)
20230807,1773176522995710 ,GR,Other,,1/1/00 0:00,0,3.7204,3/8/23 3:12,1.62,RIE,Ad Group Recall (Merged)
20230807,1773175378024440 ,VN,,,1/1/00 0:00,1.9335,1.1474,3/8/23 3:03,0.54,Non-Auction Ads,Promote
20230807,1773175497958400 ,PH,,,1/1/00 0:00,3.1083,1.2076,3/8/23 3:05,0.54,Non-Auction Ads,Promote
20230807,1773211565458520 ,US,US&CA,,1/1/00 0:00,453.34,203.0513,3/8/23 11:53,1.81,RIE,Ad Group Recall (Merged)
20230807,1773176272820220 ,AE,,,1/1/00 0:00,4.2469,3.1488,3/8/23 3:18,0.54,Non-Auction Ads,Promote
20230807,1773175979926520 ,MY,,,1/1/00 0:00,2.6501,1.6253,3/8/23 3:13,0.54,Non-Auction Ads,Promote
20230807,1773175840896000 ,VN,,,1/1/00 0:00,3.1639,0.2586,3/8/23 3:12,0.54,Non-Auction Ads,Promote
20230807,1773178429088810 ,ID,ID,,1/1/00 0:00,50,10.1723,3/8/23 3:53,2.05,RIE,Ad Group Recall (Merged)
20230807,1773176008654840 ,VN,,,1/1/00 0:00,6.105,1.1574,3/8/23 3:13,0.54,Non-Auction Ads,Promote
20230807,1773263691120640 ,TW,TW,,1/1/00 0:00,986.54,452.306,4/8/23 2:28,2.59,RIE,Ad Group Recall (Merged)
20230807,1773180217544730 ,VN,VN,,1/1/00 0:00,,18.7159,3/8/23 4:19,2.14,Auction Ads,auction_relation
20230807,1773176657675260 ,ID,,,1/1/00 0:00,1.9874,0.8851,3/8/23 3:24,0.54,Non-Auction Ads,Promote
20230807,1773178176381040 ,VN,VN,,1/1/00 0:00,0,5.8708,3/8/23 3:48,2.13,RIE,Ad Group Recall (Merged)
20230807,1773178408600570 ,TH,,,1/1/00 0:00,9.9448,8.2745,3/8/23 3:53,0.54,Non-Auction Ads,Promote
20230807,1773180159338520 ,TW,TW,,1/1/00 0:00,94,17.0433,3/8/23 4:19,2.59,RIE,Ad Group Recall (Merged)
20230807,1773179155260460 ,ID,ID,,1/1/00 0:00,7.46,11.7932,3/8/23 4:01,2.05,RIE,Ad Group Recall (Merged)
20230807,1773177328752640 ,ID,,,1/1/00 0:00,0.8117,1.5997,3/8/23 3:35,0.54,Non-Auction Ads,Promote
20230807,1773179187009550 ,VN,VN,,1/1/00 0:00,6.0848,10.6107,3/8/23 4:01,2.14,Auction Ads,auction_relation
20230807,1773177435742210 ,PH,,,1/1/00 0:00,4.416,1.0196,3/8/23 3:36,0.54,Non-Auction Ads,Promote
20230807,1773200295885840 ,NZ,Other,,1/1/00 0:00,197.16,1.6043,3/8/23 3:36,1.62,RIE,Ad Group Recall (Merged)
20230807,1773200295885840 ,NZ,NZ,,1/1/00 0:00,197.16,1.6043,3/8/23 3:36,1.58,Auction Ads,auction_relation
20230807,1773179953377280 ,US,,,1/1/00 0:00,4.25,14.94,3/8/23 4:18,0.54,Non-Auction Ads,Promote
20230807,1773178051896370 ,VN,VN,,1/1/00 0:00,40.5632,1.5618,3/8/23 3:42,2.13,RIE,Ad Group Recall (Merged)
20230807,1773177979834370 ,VN,,,1/1/00 0:00,0.8379,1.8935,3/8/23 3:46,0.54,Non-Auction Ads,Promote
20230807,1773206198705200 ,BR,BR,,1/1/00 0:00,103.4115,198.0201,3/8/23 12:01,1.7,RIE,Ad Group Recall (Merged)
20230807,1773178791190530 ,TH,,,1/1/00 0:00,8.0086,7.7853,3/8/23 4:01,0.54,Non-Auction Ads,Promote
20230807,1773179024891900 ,ID,,,1/1/00 0:00,12.8555,8.4353,3/8/23 4:02,0.54,Non-Auction Ads,Promote
20230807,1773178040795130 ,ID,,,1/1/00 0:00,3.1918,1.1693,3/8/23 3:47,0.54,Non-Auction Ads,Promote
20230807,1773196421922850 ,BR,BR,,1/1/00 0:00,1385.22,40.3804,3/8/23 6:27,1.7,RIE,Ad Group Recall (Merged)
20230807,1773178042869760 ,ID,,,1/1/00 0:00,1.612,0.6348,3/8/23 3:50,0.54,Non-Auction Ads,Promote
20230807,1773181873927180 ,MY,MY,,1/1/00 0:00,10.53,14.3846,3/8/23 4:35,2.3,RIE,Ad Group Recall (Merged)
20230807,1773106212321280 ,TH,TH,,1/1/00 0:00,8.9421,4.013,3/8/23 4:00,1.64,Auction Ads,auction_relation
20230807,1773178308655170 ,KH,,,1/1/00 0:00,0.6428,0.3547,3/8/23 3:51,0.54,Non-Auction Ads,Promote
20230807,1773178460877820 ,VN,,,1/1/00 0:00,0.7957,1.666,3/8/23 3:53,0.54,Non-Auction Ads,Promote
20230807,1773178548866040 ,MY,,,1/1/00 0:00,4.448,2.4775,3/8/23 3:58,0.54,Non-Auction Ads,Promote
20230807,1773180567245820 ,SA,,,1/1/00 0:00,0,12.0618,3/8/23 4:27,1.53,RIE,Promote Report Recall
20230807,1773190793101320 ,KR,KR,,1/1/00 0:00,185.6604,49.4457,3/8/23 7:06,2.18,RIE,Ad Group Recall (Merged)
20230807,1773180140804110 ,ID,ID,,1/1/00 0:00,45.79,10.1723,3/8/23 4:20,2.05,RIE,Ad Group Recall (Merged)
20230807,1773178279842810 ,ID,,,1/1/00 0:00,1.6368,0.7855,3/8/23 3:53,0.54,Non-Auction Ads,Promote
20230807,1773178935052280 ,ID,,,1/1/00 0:00,6.5157,3.927,3/8/23 4:03,0.54,Non-Auction Ads,Promote
20230807,1773141360671790 ,CA,US&CA,,1/1/00 0:00,36.47,16.6933,3/8/23 5:00,1.81,RIE,Ad Group Recall (Merged)
20230807,1773182241250350 ,MY,MY,,1/1/00 0:00,10.323,5.6953,3/8/23 4:16,2.3,RIE,Ad Group Recall (Merged)
20230807,1773179322620930 ,SA,,,1/1/00 0:00,2.5884,2.5392,3/8/23 4:08,0.54,Non-Auction Ads,Promote
20230807,1773182265502730 ,KH,Other,,1/1/00 0:00,63.7675,10.335,3/8/23 4:40,1.62,RIE,Ad Group Recall (Merged)
20230807,1773144051221550 ,MX,Other,,1/1/00 0:00,35.9907,24.1765,3/8/23 6:00,1.62,RIE,Ad Group Recall (Merged)
20230807,1773179610045440 ,SA,,,1/1/00 0:00,0.08,1.6018,3/8/23 4:12,0.54,Non-Auction Ads,Promote
20230807,1773179774093310 ,ID,,,1/1/00 0:00,3.286,1.7455,3/8/23 4:14,0.54,Non-Auction Ads,Promote
20230807,1773179837988890 ,KH,Other,,1/1/00 0:00,2.67,2.0615,3/8/23 4:15,1.62,RIE,Ad Group Recall (Merged)
20230807,1773191220615200 ,KZ,KZ,,1/1/00 0:00,39.32,44.5312,3/8/23 7:12,2,Auction Ads,auction_relation
20230807,1773179771996160 ,VN,,,1/1/00 0:00,0.7428,1.4901,3/8/23 4:14,0.54,Non-Auction Ads,Promote
20230807,1773195298074620 ,CO,Other,,1/1/00 0:00,9.47,3.5372,3/8/23 4:19,1.62,RIE,Ad Group Recall (Merged)
20230807,1773183779278850 ,US,,,1/1/00 0:00,26.35,14.2968,3/8/23 5:18,0.54,Non-Auction Ads,Promote
20230807,1773180359174140 ,TH,,,1/1/00 0:00,7.2195,2.3697,3/8/23 4:24,0.54,Non-Auction Ads,Promote
20230807,1773180100602880 ,MY,,,1/1/00 0:00,3.2779,2.2768,3/8/23 4:24,0.54,Non-Auction Ads,Promote
20230807,1773180503000060 ,VN,,,1/1/00 0:00,0.8522,1.7803,3/8/23 4:25,0.54,Non-Auction Ads,Promote
20230807,1773181582618620 ,VN,,,1/1/00 0:00,0.715,4.0847,3/8/23 4:43,0.54,Non-Auction Ads,Promote
20230807,1773188020764700 ,TW,TW,,1/1/00 0:00,64.27,22.6521,3/8/23 6:19,0.95,Auction Ads,auction_relation
20230807,1773133337698350 ,SE,Other,,1/1/00 0:00,0,5.5985,3/8/23 4:54,1.62,RIE,Ad Group Recall (Merged)
20230807,1773181035398140 ,PH,,,1/1/00 0:00,3.4172,1.7932,3/8/23 4:35,0.54,Non-Auction Ads,Promote
20230807,1773183924617230 ,ID,ID,,1/1/00 0:00,9.53,10.1723,3/8/23 5:20,2.05,RIE,Ad Group Recall (Merged)
20230807,1773181189003260 ,VN,,,1/1/00 0:00,0.5103,1.1389,3/8/23 4:36,0.54,Non-Auction Ads,Promote
20230807,1773174535201820 ,QA,Other,,1/1/00 0:00,0,1.7865,3/8/23 4:49,1.62,RIE,Ad Group Recall (Merged)
20230807,1773106706674730 ,TH,TH,,1/1/00 0:00,8.9418,4.013,3/8/23 5:00,1.64,Auction Ads,auction_relation
20230807,1773187233117200 ,ID,ID,,1/1/00 0:00,338.11,10.808,3/8/23 5:52,2.05,RIE,Ad Group Recall (Merged)
20230807,1773182229403650 ,ID,,,1/1/00 0:00,4.0444,1.1907,3/8/23 4:59,0.54,Non-Auction Ads,Promote
20230807,1773182985373690 ,VN,,,1/1/00 0:00,6.8151,3.5392,3/8/23 5:05,0.54,Non-Auction Ads,Promote
20230807,1773186813034500 ,US,,,1/1/00 0:00,0.05,13.303,3/8/23 6:05,0.54,Non-Auction Ads,Promote
20230807,1773183359712250 ,ID,,,1/1/00 0:00,4.6726,1.543,3/8/23 5:12,0.54,Non-Auction Ads,Promote
20230807,1773182863634490 ,ID,,,1/1/00 0:00,0.9261,0.4989,3/8/23 5:02,1.53,RIE,Promote Report Recall
20230807,1773183941473280 ,ID,,,1/1/00 0:00,3.3617,3.2415,3/8/23 5:22,0.54,Non-Auction Ads,Promote
20230807,1773200575922200 ,AU,AU,,1/1/00 0:00,141.4174,108.5539,3/8/23 9:43,1.84,Auction Ads,auction_relation
20230807,1773183776093180 ,KH,,,1/1/00 0:00,0.9942,0.5056,3/8/23 5:17,0.54,Non-Auction Ads,Promote
20230807,1773184397775870 ,MY,,,1/1/00 0:00,7.5965,3.0931,3/8/23 5:28,0.54,Non-Auction Ads,Promote
20230807,1773183818959870 ,KH,,,1/1/00 0:00,0.992,0.5056,3/8/23 5:19,0.54,Non-Auction Ads,Promote
20230807,1773184361151490 ,IL,,,1/1/00 0:00,3.784,2.7672,3/8/23 5:32,0.54,Non-Auction Ads,Promote
20230807,1773184119792640 ,MY,,,1/1/00 0:00,6.5535,1.0502,3/8/23 5:23,0.54,Non-Auction Ads,Promote
20230807,1773184373309440 ,ID,,,1/1/00 0:00,3.7681,1.635,3/8/23 5:27,0.54,Non-Auction Ads,Promote
20230807,1773184171632640 ,TH,,,1/1/00 0:00,5.0576,0.9134,3/8/23 5:25,0.54,Non-Auction Ads,Promote
20230807,1773184701207550 ,TH,,,1/1/00 0:00,1.5745,2.3048,3/8/23 5:33,0.54,Non-Auction Ads,Promote
20230807,1773193538689070 ,IT,IT,,1/1/00 0:00,1.06,40.9528,3/8/23 7:31,1.79,RIE,Ad Group Recall (Merged)
20230807,1773184543492090 ,ID,,,1/1/00 0:00,4.0744,1.4204,3/8/23 5:37,0.54,Non-Auction Ads,Promote
20230807,1773182342139900 ,AU,AU,,1/1/00 0:00,9.1,2.226,3/8/23 5:53,1.84,RIE,Ad Group Recall (Merged)
20230807,1773191504228350 ,TH,TH,,1/1/00 0:00,,35.5209,3/8/23 7:19,1.64,Auction Ads,auction_relation
20230807,1773185900428290 ,ID,,,1/1/00 0:00,4.0828,0.5254,3/8/23 5:51,1.53,RIE,Promote Report Recall
20230807,1773184460507180 ,US,USCA,,1/1/00 0:00,19.59,11.901,3/8/23 6:23,1.78,Auction Ads,auction_relation
20230807,1773184460507180 ,CA,USCA,,1/1/00 0:00,19.59,11.901,3/8/23 6:23,1.78,Auction Ads,auction_relation
20230807,1773188390073340 ,SA,,,1/1/00 0:00,2.788,14.2319,3/8/23 6:31,0.54,Non-Auction Ads,Promote
20230807,1773186043180030 ,MY,,,1/1/00 0:00,5.93,1.4256,3/8/23 5:53,0.54,Non-Auction Ads,Promote
20230807,1773182449889290 ,CA,US&CA,,1/1/00 0:00,16.09,2.226,3/8/23 5:54,1.81,RIE,Ad Group Recall (Merged)
20230807,1773182449889290 ,US,US&CA,,1/1/00 0:00,16.09,2.226,3/8/23 5:54,1.81,RIE,Ad Group Recall (Merged)
20230807,1773182530849790 ,AU,AU,,1/1/00 0:00,0.05,2.226,3/8/23 5:56,1.84,RIE,Ad Group Recall (Merged)
20230807,1773189304175630 ,BR,BR,,1/1/00 0:00,83.92,19.3436,3/8/23 6:43,1.7,RIE,Ad Group Recall (Merged)
20230807,1773187794259970 ,VN,,,1/1/00 0:00,1.3806,8.8818,3/8/23 6:22,0.54,Non-Auction Ads,Promote
20230807,1773184639384670 ,US,USCA,,1/1/00 0:00,20.07,11.901,3/8/23 6:29,1.78,Auction Ads,auction_relation
20230807,1773184639384670 ,CA,USCA,,1/1/00 0:00,20.07,11.901,3/8/23 6:29,1.78,Auction Ads,auction_relation
20230807,1773187914375160 ,VN,,,1/1/00 0:00,1.5572,8.8818,3/8/23 6:23,0.54,Non-Auction Ads,Promote
20230807,1773186404612090 ,MY,,,1/1/00 0:00,6.9223,1.4256,3/8/23 6:01,0.54,Non-Auction Ads,Promote
20230807,1773186987551740 ,VN,,,1/1/00 0:00,1.8978,2.1032,3/8/23 6:08,0.54,Non-Auction Ads,Promote
20230807,1773188420942860 ,ID,ID,,1/1/00 0:00,140.01,10.808,3/8/23 6:30,2.05,RIE,Ad Group Recall (Merged)
20230807,1773187901390880 ,ID,ID,,1/1/00 0:00,6.4636,4.8373,3/8/23 6:18,1.8,Auction Ads,auction_relation
20230807,1773187900796920 ,PK,Other,,1/1/00 0:00,19.8,5,3/8/23 6:19,1.62,RIE,Ad Group Recall (Merged)
20230807,1773188185336880 ,AE,MENA,,1/1/00 0:00,0,1.7915,3/8/23 6:10,1.67,RIE,Ad Group Recall (Merged)
20230807,1773192510714880 ,KR,KR,,1/1/00 0:00,147.1715,34.839,3/8/23 7:32,2.18,RIE,Ad Group Recall (Merged)
20230807,1773187044042750 ,VN,,,1/1/00 0:00,2.9105,0.4489,3/8/23 6:09,0.54,Non-Auction Ads,Promote
20230807,1773187036075010 ,VN,,,1/1/00 0:00,1.9369,0.7749,3/8/23 6:09,0.54,Non-Auction Ads,Promote
20230807,1773187338710010 ,ID,,,1/1/00 0:00,3.1787,1.5252,3/8/23 6:14,0.54,Non-Auction Ads,Promote
20230807,1773188227682300 ,PK,Other,,1/1/00 0:00,20.2,5,3/8/23 6:22,1.62,RIE,Ad Group Recall (Merged)
20230807,1773220081918970 ,US,US&CA,,1/1/00 0:00,3427.43,275.6594,3/8/23 16:45,1.81,RIE,Ad Group Recall (Merged)
20230807,1773189727676410 ,KH,Other,,1/1/00 0:00,49.95,13.5885,3/8/23 6:48,1.62,RIE,Ad Group Recall (Merged)
20230807,1773226900839420 ,SA,MENA,,1/1/00 0:00,290.21,268.54,3/8/23 16:26,1.67,RIE,Ad Group Recall (Merged)
20230807,1773188932392990 ,ID,ID,,1/1/00 0:00,146.82,10.808,3/8/23 6:38,2.05,RIE,Ad Group Recall (Merged)
20230807,1773187695362050 ,ID,,,1/1/00 0:00,2.1028,0.9924,3/8/23 6:21,0.54,Non-Auction Ads,Promote
20230807,1773187846744060 ,PH,,,1/1/00 0:00,1.0288,0.7366,3/8/23 6:21,0.54,Non-Auction Ads,Promote
20230807,1773188704375810 ,SA,MENA,,1/1/00 0:00,0,4.9564,3/8/23 6:33,1.67,RIE,Ad Group Recall (Merged)
20230807,1773188052957180 ,MY,,,1/1/00 0:00,2.5377,1.594,3/8/23 6:25,0.54,Non-Auction Ads,Promote
20230807,1773149927231480 ,BR,BR,,1/1/00 0:00,0,9.5436,3/8/23 7:00,1.7,RIE,Ad Group Recall (Merged)
20230807,1773189081638910 ,AU,AU,,1/1/00 0:00,3.75,4.7756,3/8/23 6:39,1.84,Auction Ads,auction_relation
20230807,1773192056685610 ,JP,JP,,1/1/00 0:00,20.6,18.5836,3/8/23 7:14,3.21,RIE,Ad Group Recall (Merged)
20230807,1773192056666140 ,IT,IT,,1/1/00 0:00,3.56,18.5836,3/8/23 7:14,1.79,RIE,Ad Group Recall (Merged)
20230807,1773192056685610 ,SG,Other,,1/1/00 0:00,20.6,18.5836,3/8/23 7:14,1.62,RIE,Ad Group Recall (Merged)
20230807,1773192021888030 ,SG,Other,,1/1/00 0:00,20.33,18.5836,3/8/23 7:14,1.62,RIE,Ad Group Recall (Merged)
20230807,1773192056685610 ,CA,US&CA,,1/1/00 0:00,20.6,18.5836,3/8/23 7:14,1.81,RIE,Ad Group Recall (Merged)
20230807,1773192021878780 ,GB,GB,,1/1/00 0:00,20.47,18.5836,3/8/23 7:14,1.72,RIE,Ad Group Recall (Merged)
20230807,1773192056685610 ,GB,GB,,1/1/00 0:00,20.6,18.5836,3/8/23 7:14,1.72,RIE,Ad Group Recall (Merged)
20230807,1773192056685610 ,AU,AU,,1/1/00 0:00,20.6,18.5836,3/8/23 7:14,1.84,RIE,Ad Group Recall (Merged)
20230807,1773192021878780 ,AU,AU,,1/1/00 0:00,20.47,18.5836,3/8/23 7:14,1.84,RIE,Ad Group Recall (Merged)
20230807,1773192056685610 ,IT,IT,,1/1/00 0:00,20.6,18.5836,3/8/23 7:14,1.79,RIE,Ad Group Recall (Merged)
20230807,1773192021888030 ,AU,AU,,1/1/00 0:00,20.33,18.5836,3/8/23 7:14,1.84,RIE,Ad Group Recall (Merged)
20230807,1773192021888030 ,GB,GB,,1/1/00 0:00,20.33,18.5836,3/8/23 7:14,1.72,RIE,Ad Group Recall (Merged)
20230807,1773192021896210 ,IT,IT,,1/1/00 0:00,19.76,18.5836,3/8/23 7:14,1.79,RIE,Ad Group Recall (Merged)
20230807,1773192056685610 ,TW,TW,,1/1/00 0:00,20.6,18.5836,3/8/23 7:14,2.59,RIE,Ad Group Recall (Merged)
20230807,1773192021888030 ,IT,IT,,1/1/00 0:00,20.33,18.5836,3/8/23 7:14,1.79,RIE,Ad Group Recall (Merged)
20230807,1773192056685610 ,US,US&CA,,1/1/00 0:00,20.6,18.5836,3/8/23 7:14,1.81,RIE,Ad Group Recall (Merged)
20230807,1773189181566970 ,TH,TH,,1/1/00 0:00,11.11,4.8119,3/8/23 6:42,1.87,RIE,Ad Group Recall (Merged)
20230807,1773189178660860 ,VN,,,1/1/00 0:00,1.7237,5.6333,3/8/23 6:44,0.54,Non-Auction Ads,Promote
20230807,1773193043774510 ,KR,KR,,1/1/00 0:00,15.8731,36.7985,3/8/23 7:39,2.18,RIE,Ad Group Recall (Merged)
20230807,1773215759409170 ,US,USCA,,1/1/00 0:00,404.86,61.3054,3/8/23 8:37,1.78,Auction Ads,auction_relation
20230807,1773190170826780 ,TH,TH,,1/1/00 0:00,5.8299,5.6565,3/8/23 6:52,1.64,Auction Ads,auction_relation
20230807,1773188660789260 ,FI,Others,,1/1/00 0:00,18.45,1.7237,3/8/23 6:33,1.56,Auction Ads,auction_all
20230807,1773188660789260 ,DK,DK,,1/1/00 0:00,18.45,1.7237,3/8/23 6:33,1.31,Auction Ads,auction_relation
20230807,1773188660789260 ,SA,MENA,,1/1/00 0:00,18.45,1.7237,3/8/23 6:33,1.78,Auction Ads,auction_relation
20230807,1773188660789260 ,NO,Others,,1/1/00 0:00,18.45,1.7237,3/8/23 6:33,1.56,Auction Ads,auction_all
20230807,1773188660789260 ,AE,MENA,,1/1/00 0:00,18.45,1.7237,3/8/23 6:33,1.78,Auction Ads,auction_relation
20230807,1773188660789260 ,IE,IE,,1/1/00 0:00,18.45,1.7237,3/8/23 6:33,1.52,Auction Ads,auction_relation
20230807,1773188660789260 ,MA,MA,,1/1/00 0:00,18.45,1.7237,3/8/23 6:33,1.51,Auction Ads,auction_relation
20230807,1773188660789260 ,LB,Others,,1/1/00 0:00,18.45,1.7237,3/8/23 6:33,1.56,Auction Ads,auction_all
20230807,1773188660789260 ,QA,Others,,1/1/00 0:00,18.45,1.7237,3/8/23 6:33,1.56,Auction Ads,auction_all
20230807,1773189660917770 ,HU,Other,,1/1/00 0:00,9.08,3.3213,3/8/23 6:50,1.62,RIE,Ad Group Recall (Merged)
20230807,1773189262114810 ,KH,,,1/1/00 0:00,0.9885,0.844,3/8/23 6:44,0.54,Non-Auction Ads,Promote
20230807,1773190545384480 ,AU,AU,,1/1/00 0:00,12.2105,3.2573,3/8/23 7:04,1.84,Auction Ads,auction_relation
20230807,1773190323656700 ,AE,,,1/1/00 0:00,0.6695,2.0039,3/8/23 7:01,0.54,Non-Auction Ads,Promote
20230807,1773190059463680 ,TR,,,1/1/00 0:00,1.4307,0.5705,3/8/23 6:58,0.54,Non-Auction Ads,Promote
20230807,1773194025319420 ,SA,MENA,,1/1/00 0:00,424.11,35.6669,3/8/23 7:57,1.67,RIE,Ad Group Recall (Merged)
20230807,1773191675581440 ,BR,BR,,1/1/00 0:00,20.1,11.0716,3/8/23 7:20,1.7,RIE,Ad Group Recall (Merged)
20230807,1773190569121790 ,PH,,,1/1/00 0:00,4.1355,0.522,3/8/23 7:06,0.54,Non-Auction Ads,Promote
20230807,1773190608681980 ,ID,,,1/1/00 0:00,1.2774,0.684,3/8/23 7:08,0.54,Non-Auction Ads,Promote
20230807,1773192826687500 ,KH,Other,,1/1/00 0:00,23.79,0.3514,3/8/23 7:12,1.62,RIE,Ad Group Recall (Merged)
20230807,1773192826687500 ,KH,KH,,1/1/00 0:00,23.79,0.3514,3/8/23 7:12,1.5,Auction Ads,auction_relation
20230807,1773194358043660 ,CH,Other,,1/1/00 0:00,78.1245,58.3762,3/8/23 9:00,1.62,RIE,Ad Group Recall (Merged)
20230807,1773192533207070 ,TH,TH,,1/1/00 0:00,53.9059,9.5306,3/8/23 7:31,1.64,Auction Ads,auction_relation
20230807,1773191225340930 ,FI,,,1/1/00 0:00,4.3914,4.5177,3/8/23 7:17,0.54,Non-Auction Ads,Promote
20230807,1773191409053730 ,HU,Other,,1/1/00 0:00,2.66,3.5102,3/8/23 7:18,1.62,RIE,Ad Group Recall (Merged)
20230807,1773192275328010 ,ID,ID,,1/1/00 0:00,36.01,10.1723,3/8/23 7:33,2.05,RIE,Ad Group Recall (Merged)
20230807,1773191674551300 ,ES,,,1/1/00 0:00,7.6923,4.5911,3/8/23 7:24,0.54,Non-Auction Ads,Promote
20230807,1773192472211500 ,SA,MENA,,1/1/00 0:00,0.92,8.7857,3/8/23 7:32,1.67,RIE,Ad Group Recall (Merged)
20230807,1773207231383550 ,US,US&CA,,1/1/00 0:00,0,5.3719,3/8/23 7:28,1.81,RIE,Ad Group Recall (Merged)
20230807,1773309455686650 ,US,US&CA,,1/1/00 0:00,2077.32,824.1409,4/8/23 15:21,1.81,RIE,Ad Group Recall (Merged)
20230807,1773193410946110 ,CA,US&CA,,1/1/00 0:00,19.91,18.5836,3/8/23 7:36,1.81,RIE,Ad Group Recall (Merged)
20230807,1773193410958410 ,GB,GB,,1/1/00 0:00,19.27,18.5836,3/8/23 7:36,1.72,RIE,Ad Group Recall (Merged)
20230807,1773193410946110 ,US,US&CA,,1/1/00 0:00,19.91,18.5836,3/8/23 7:36,1.81,RIE,Ad Group Recall (Merged)
20230807,1773193410946110 ,AU,AU,,1/1/00 0:00,19.91,18.5836,3/8/23 7:36,1.84,RIE,Ad Group Recall (Merged)
20230807,1773193410958410 ,AU,AU,,1/1/00 0:00,19.27,18.5836,3/8/23 7:36,1.84,RIE,Ad Group Recall (Merged)
20230807,1773193410958410 ,JP,JP,,1/1/00 0:00,19.27,18.5836,3/8/23 7:36,3.21,RIE,Ad Group Recall (Merged)
20230807,1773193410958410 ,FR,FR,,1/1/00 0:00,19.27,18.5836,3/8/23 7:36,1.76,RIE,Ad Group Recall (Merged)
20230807,1773193414891550 ,GB,GB,,1/1/00 0:00,20.74,18.5836,3/8/23 7:36,1.72,RIE,Ad Group Recall (Merged)
20230807,1773193410958410 ,CA,US&CA,,1/1/00 0:00,19.27,18.5836,3/8/23 7:36,1.81,RIE,Ad Group Recall (Merged)
20230807,1773193414891550 ,CA,US&CA,,1/1/00 0:00,20.74,18.5836,3/8/23 7:36,1.81,RIE,Ad Group Recall (Merged)
20230807,1773193410958410 ,IT,IT,,1/1/00 0:00,19.27,18.5836,3/8/23 7:36,1.79,RIE,Ad Group Recall (Merged)
20230807,1773193410946110 ,JP,JP,,1/1/00 0:00,19.91,18.5836,3/8/23 7:36,3.21,RIE,Ad Group Recall (Merged)
20230807,1773193414891550 ,JP,JP,,1/1/00 0:00,20.74,18.5836,3/8/23 7:36,3.21,RIE,Ad Group Recall (Merged)
20230807,1773193410958410 ,US,US&CA,,1/1/00 0:00,19.27,18.5836,3/8/23 7:36,1.81,RIE,Ad Group Recall (Merged)
20230807,1773193414891550 ,KR,KR,,1/1/00 0:00,20.74,18.5836,3/8/23 7:36,2.18,RIE,Ad Group Recall (Merged)
20230807,1773193414891550 ,US,US&CA,,1/1/00 0:00,20.74,18.5836,3/8/23 7:36,1.81,RIE,Ad Group Recall (Merged)
20230807,1773193410946110 ,KR,KR,,1/1/00 0:00,19.91,18.5836,3/8/23 7:36,2.18,RIE,Ad Group Recall (Merged)
20230807,1773193414891550 ,AU,AU,,1/1/00 0:00,20.74,18.5836,3/8/23 7:36,1.84,RIE,Ad Group Recall (Merged)
20230807,1773193410958410 ,KR,KR,,1/1/00 0:00,19.27,18.5836,3/8/23 7:36,2.18,RIE,Ad Group Recall (Merged)
20230807,1773193410946110 ,FR,FR,,1/1/00 0:00,19.91,18.5836,3/8/23 7:36,1.76,RIE,Ad Group Recall (Merged)
20230807,1773193410946110 ,IT,IT,,1/1/00 0:00,19.91,18.5836,3/8/23 7:36,1.79,RIE,Ad Group Recall (Merged)
20230807,1773193410958410 ,SG,Other,,1/1/00 0:00,19.27,18.5836,3/8/23 7:36,1.62,RIE,Ad Group Recall (Merged)
20230807,1773193414891550 ,SG,Other,,1/1/00 0:00,20.74,18.5836,3/8/23 7:36,1.62,RIE,Ad Group Recall (Merged)
20230807,1773192055868490 ,AU,AU,,1/1/00 0:00,,3.2573,3/8/23 7:26,1.84,Auction Ads,auction_relation
20230807,1773196338052110 ,AU,AU,,1/1/00 0:00,23.3867,23.8839,3/8/23 7:48,1.84,Auction Ads,auction_relation
20230807,1773192766757900 ,IT,IT,,1/1/00 0:00,20.84,18.5836,3/8/23 7:39,1.79,RIE,Ad Group Recall (Merged)
20230807,1773192153038880 ,BE,,,1/1/00 0:00,4.3802,3.6868,3/8/23 7:30,0.54,Non-Auction Ads,Promote
20230807,1773193431064600 ,AU,AU,,1/1/00 0:00,,3.2573,3/8/23 7:29,1.84,Auction Ads,auction_relation
20230807,1773191789903870 ,PH,,,1/1/00 0:00,2.0313,1.9526,3/8/23 7:26,0.54,Non-Auction Ads,Promote
20230807,1773192113385470 ,VN,,,1/1/00 0:00,4.6205,1.7033,3/8/23 7:31,0.54,Non-Auction Ads,Promote
20230807,1773195853847550 ,US,US&CA,,1/1/00 0:00,6101.06,41.1966,3/8/23 8:39,1.81,RIE,Ad Group Recall (Merged)
20230807,1773192227321850 ,VN,,,1/1/00 0:00,0,1.249,3/8/23 7:31,0.54,Non-Auction Ads,Promote
20230807,1773195981916160 ,ID,ID,,1/1/00 0:00,55.31,55.2903,3/8/23 9:15,2.05,RIE,Ad Group Recall (Merged)
20230807,1773192458753020 ,SA,,,1/1/00 0:00,2.3112,0.8554,3/8/23 7:36,0.54,Non-Auction Ads,Promote
20230807,1773194919151720 ,ES,ES,,1/1/00 0:00,77.1909,48.4237,3/8/23 9:03,1.79,RIE,Ad Group Recall (Merged)
20230807,1773189158054920 ,MX,MX,,1/1/00 0:00,24.79,12,3/8/23 7:40,1.99,Auction Ads,auction_all
20230807,1773194008766490 ,AE,MENA,,1/1/00 0:00,101.56,14.8676,3/8/23 7:55,1.67,RIE,Ad Group Recall (Merged)
20230807,1773191023915050 ,CA,US&CA,,1/1/00 0:00,0,16.6078,3/8/23 8:00,1.81,RIE,Ad Group Recall (Merged)
20230807,1773191023915050 ,US,US&CA,,1/1/00 0:00,0,16.6078,3/8/23 8:00,1.81,RIE,Ad Group Recall (Merged)
20230807,1773194793107550 ,AE,MENA,,1/1/00 0:00,0,21.4809,3/8/23 8:08,1.67,RIE,Ad Group Recall (Merged)
20230807,1773194793107550 ,ZA,Other,,1/1/00 0:00,0,21.4809,3/8/23 8:08,1.62,RIE,Ad Group Recall (Merged)
20230807,1773194793107550 ,QA,Other,,1/1/00 0:00,0,21.4809,3/8/23 8:08,1.62,RIE,Ad Group Recall (Merged)
20230807,1773194793107550 ,EG,MENA,,1/1/00 0:00,0,21.4809,3/8/23 8:08,1.67,RIE,Ad Group Recall (Merged)
20230807,1773196364362800 ,MY,MY,,1/1/00 0:00,69.91,55.2903,3/8/23 9:36,2.3,RIE,Ad Group Recall (Merged)
20230807,1773195033892890 ,PH,Other,,1/1/00 0:00,41.98,22.4219,3/8/23 8:18,1.62,RIE,Ad Group Recall (Merged)
20230807,1773195533608970 ,ZA,Other,,1/1/00 0:00,54.8101,45.9684,3/8/23 9:10,1.62,RIE,Ad Group Recall (Merged)
20230807,1773176828083230 ,KZ,Other,,1/1/00 0:00,184.67,22.5138,3/8/23 8:20,1.62,RIE,Ad Group Recall (Merged)
20230807,1773176828083230 ,BY,Other,,1/1/00 0:00,184.67,22.5138,3/8/23 8:20,1.62,RIE,Ad Group Recall (Merged)
20230807,1773176828083230 ,KZ,Other,,1/1/00 0:00,184.67,22.5138,3/8/23 8:20,1.62,RIE,Ad Group Recall (Merged)
20230807,1773192690114560 ,VN,,,1/1/00 0:00,1.8545,5.4334,3/8/23 7:41,0.54,Non-Auction Ads,Promote
20230807,1773192434908160 ,SA,,,1/1/00 0:00,0.1281,3.167,3/8/23 7:36,0.54,Non-Auction Ads,Promote
20230807,1773195385669680 ,PH,Other,,1/1/00 0:00,14.2,22.4219,3/8/23 8:22,1.62,RIE,Ad Group Recall (Merged)
20230807,1771383391727610 ,SE,Other,,1/1/00 0:00,68.4131,41.7123,3/8/23 9:10,1.62,RIE,Ad Group Recall (Merged)
20230807,1773192784187390 ,SA,,,1/1/00 0:00,0,2.1467,3/8/23 7:41,0.54,Non-Auction Ads,Promote
20230807,1773193111988220 ,MY,MY,,1/1/00 0:00,3.6205,2.1662,3/8/23 7:43,2.31,Auction Ads,auction_relation
20230807,1773192773552130 ,ID,,,1/1/00 0:00,2.3321,1.1898,3/8/23 7:42,0.54,Non-Auction Ads,Promote
20230807,1773192944478200 ,VN,,,1/1/00 0:00,0.1506,0.9848,3/8/23 7:44,0.54,Non-Auction Ads,Promote
20230807,1773192944478200 ,VN,,,1/1/00 0:00,0.1506,0.9848,3/8/23 7:44,0.54,Non-Auction Ads,Promote
20230807,1773193235943420 ,ID,,,1/1/00 0:00,3.8846,1.2288,3/8/23 7:47,0.54,Non-Auction Ads,Promote
20230807,1773193200546810 ,SA,,,1/1/00 0:00,3.2307,1.9676,3/8/23 7:48,0.54,Non-Auction Ads,Promote
20230807,1773193094458430 ,PH,,,1/1/00 0:00,1.2798,0.6672,3/8/23 7:46,0.54,Non-Auction Ads,Promote
20230807,1773193094458430 ,PH,,,1/1/00 0:00,1.2798,0.6672,3/8/23 7:46,0.54,Non-Auction Ads,Promote
20230807,1773193898807340 ,ES,,,1/1/00 0:00,4.2585,2.0937,3/8/23 7:58,0.54,Non-Auction Ads,Promote
20230807,1773196438449180 ,US,US&CA,,1/1/00 0:00,35.1,3.9758,3/8/23 8:00,1.81,RIE,Ad Group Recall (Merged)
20230807,1773196438449180 ,CA,US&CA,,1/1/00 0:00,35.1,3.9758,3/8/23 8:00,1.81,RIE,Ad Group Recall (Merged)
20230807,1773194596231210 ,SA,MENA,,1/1/00 0:00,80.73,6.4915,3/8/23 8:07,1.67,RIE,Ad Group Recall (Merged)
20230807,1773196705635370 ,KH,Other,,1/1/00 0:00,19.38,15.9954,3/8/23 8:27,1.62,RIE,Ad Group Recall (Merged)
20230807,1773193737046010 ,ID,,,1/1/00 0:00,4.0622,0.7205,3/8/23 7:58,0.54,Non-Auction Ads,Promote
20230807,1773220859133950 ,DE,DE,,1/1/00 0:00,0,2.5858,3/8/23 8:00,1.6,RIE,Ad Group Recall (Merged)
20230807,1773218975872010 ,GR,Other,,1/1/00 0:00,0,2.5858,3/8/23 8:00,1.62,RIE,Ad Group Recall (Merged)
20230807,1773206222348280 ,ZA,Other,,1/1/00 0:00,19.01,2.1246,3/8/23 8:00,1.62,RIE,Ad Group Recall (Merged)
20230807,1773193975103480 ,VN,,,1/1/00 0:00,0.3036,2.6212,3/8/23 8:00,0.54,Non-Auction Ads,Promote
20230807,1773194224819200 ,VN,,,1/1/00 0:00,2.5821,1.5004,3/8/23 8:04,0.54,Non-Auction Ads,Promote
20230807,1773194166340610 ,SA,,,1/1/00 0:00,0.2239,1.6483,3/8/23 8:04,0.54,Non-Auction Ads,Promote
20230807,1773196265018400 ,JP,JP,,1/1/00 0:00,1.82,14.22,3/8/23 8:36,3.21,RIE,Ad Group Recall (Merged)
20230807,1773194581680130 ,MY,,,1/1/00 0:00,5.214,0.955,3/8/23 8:10,1.53,RIE,Promote Report Recall
20230807,1773191187353680 ,TR,TR,,1/1/00 0:00,2.4531,1.244,3/8/23 8:12,1.63,RIE,Ad Group Recall (Merged)
20230807,1773192045623310 ,VN,VN,,1/1/00 0:00,19.8821,19.3395,3/8/23 8:55,2.13,RIE,Ad Group Recall (Merged)
20230807,1773194541796350 ,ID,,,1/1/00 0:00,2.8677,1.9066,3/8/23 8:16,0.54,Non-Auction Ads,Promote
20230807,1773192150792220 ,US,US&CA,,1/1/00 0:00,4.77,7.6856,3/8/23 8:29,1.81,RIE,Ad Group Recall (Merged)
20230807,1773194807915520 ,KH,,,1/1/00 0:00,0.8534,0.6909,3/8/23 8:14,0.54,Non-Auction Ads,Promote
20230807,1773195100040190 ,TH,,,1/1/00 0:00,8.2653,1.3413,3/8/23 8:18,0.54,Non-Auction Ads,Promote
20230807,1773195858562090 ,MY,MY,,1/1/00 0:00,1.34,2.982,3/8/23 8:21,2.3,RIE,Ad Group Recall (Merged)
20230807,1773195463824410 ,TH,TH,,1/1/00 0:00,28.2705,3.2381,3/8/23 8:22,1.64,Auction Ads,auction_relation
20230807,1773195463824410 ,TH,TH,,1/1/00 0:00,28.2705,3.2381,3/8/23 8:22,1.64,Auction Ads,auction_relation
20230807,1773195177243640 ,ID,,,1/1/00 0:00,1.497,1.4689,3/8/23 8:21,0.54,Non-Auction Ads,Promote
20230807,1773196923891770 ,VN,VN,,1/1/00 0:00,8.4188,9.3416,3/8/23 8:43,2.14,Auction Ads,auction_relation
20230807,1773195375500290 ,VN,,,1/1/00 0:00,1.8818,2.0394,3/8/23 8:22,0.54,Non-Auction Ads,Promote
20230807,1773195410326530 ,TH,,,1/1/00 0:00,9.1722,2.3137,3/8/23 8:23,0.54,Non-Auction Ads,Promote
20230807,1773195391092730 ,ID,,,1/1/00 0:00,1.6395,1.0064,3/8/23 8:22,0.54,Non-Auction Ads,Promote
20230807,1773196486581280 ,AU,AU,,1/1/00 0:00,23.9,3.2083,3/8/23 8:30,1.84,RIE,Ad Group Recall (Merged)
20230807,1773195748363260 ,SA,,,1/1/00 0:00,4.9021,3.438,3/8/23 8:32,0.54,Non-Auction Ads,Promote
20230807,1773196035666940 ,ID,,,1/1/00 0:00,1.0064,1.0693,3/8/23 8:32,0.54,Non-Auction Ads,Promote
20230807,1773195930408000 ,VN,,,1/1/00 0:00,0,0.8655,3/8/23 8:32,0.54,Non-Auction Ads,Promote
20230807,1773197400997900 ,CZ,Other,,1/1/00 0:00,19.83,9.4428,3/8/23 8:52,1.62,RIE,Ad Group Recall (Merged)
20230807,1773203554023420 ,CA,US&CA,,1/1/00 0:00,49.34,43.9763,3/8/23 10:27,1.81,RIE,Ad Group Recall (Merged)
20230807,1773196336242810 ,PH,,,1/1/00 0:00,2.514,2.4138,3/8/23 8:38,0.54,Non-Auction Ads,Promote
20230807,1773196985749530 ,AE,MENA,,1/1/00 0:00,21.09,3.9129,3/8/23 8:44,1.67,RIE,Ad Group Recall (Merged)
20230807,1773192714690560 ,AE,MENA,,1/1/00 0:00,2.3331,1.244,3/8/23 8:38,1.67,RIE,Ad Group Recall (Merged)
20230807,1773192714690560 ,TR,TR,,1/1/00 0:00,2.3331,1.244,3/8/23 8:38,1.63,RIE,Ad Group Recall (Merged)
20230807,1773195169307680 ,EG,MENA,,1/1/00 0:00,2.1911,8.3721,3/8/23 8:59,1.67,RIE,Ad Group Recall (Merged)
20230807,1773196520135680 ,PL,,,1/1/00 0:00,2.7733,1.1888,3/8/23 8:40,0.54,Non-Auction Ads,Promote
20230807,1773197278698530 ,GR,Other,,1/1/00 0:00,,4.488,3/8/23 8:48,1.62,RIE,Ad Group Recall (Merged)
20230807,1773197259185200 ,GR,Other,,1/1/00 0:00,,4.488,3/8/23 8:48,1.62,RIE,Ad Group Recall (Merged)
20230807,1773200559373320 ,ID,ID,,1/1/00 0:00,75.29,23.6561,3/8/23 9:38,2.05,RIE,Ad Group Recall (Merged)
20230807,1773196406879290 ,MY,,,1/1/00 0:00,3.3875,1.1153,3/8/23 8:42,1.53,RIE,Promote Report Recall
20230807,1773200830767100 ,US,US&CA,,1/1/00 0:00,0,24.2116,3/8/23 9:48,1.81,RIE,Ad Group Recall (Merged)
20230807,1773197333941280 ,GR,Other,,1/1/00 0:00,,4.488,3/8/23 8:52,1.62,RIE,Ad Group Recall (Merged)
20230807,1773197262373900 ,GR,Other,,1/1/00 0:00,,4.488,3/8/23 8:52,1.62,RIE,Ad Group Recall (Merged)
20230807,1773196787405820 ,ID,,,1/1/00 0:00,2.0642,1.7693,3/8/23 8:46,0.54,Non-Auction Ads,Promote
20230807,1773198360980490 ,MY,MY,,1/1/00 0:00,17.7373,2.0873,3/8/23 8:48,2.31,Auction Ads,auction_relation
20230807,1773196656445440 ,PL,,,1/1/00 0:00,2.7625,1.1888,3/8/23 8:45,0.54,Non-Auction Ads,Promote
20230807,1773205366056960 ,DE,DE,,1/1/00 0:00,417.6649,97.1653,3/8/23 12:30,1.6,RIE,Ad Group Recall (Merged)
20230807,1773195679796220 ,PL,PL,,1/1/00 0:00,14.3179,14.1285,3/8/23 9:25,1.84,RIE,Ad Group Recall (Merged)
20230807,1773139548362750 ,SA,,,1/1/00 0:00,28.6518,8.0062,3/8/23 9:05,1.53,RIE,Promote Report Recall
20230807,1773199922496540 ,BE,Other,,1/1/00 0:00,0,12.1134,3/8/23 9:18,1.62,RIE,Ad Group Recall (Merged)
20230807,1773197065364480 ,ID,,,1/1/00 0:00,1.2111,1.0107,3/8/23 8:54,0.54,Non-Auction Ads,Promote
20230807,1773197574834170 ,ID,,,1/1/00 0:00,2.1772,1.9761,3/8/23 8:59,0.54,Non-Auction Ads,Promote
20230807,1773198345515050 ,TH,TH,,1/1/00 0:00,51.22,6.7255,3/8/23 9:05,1.87,RIE,Ad Group Recall (Merged)
20230807,1773198614491150 ,IT,IT,,1/1/00 0:00,1.54,3.3503,3/8/23 9:02,1.79,RIE,Ad Group Recall (Merged)
20230807,1773198614491150 ,IT,IT,,1/1/00 0:00,1.54,3.3503,3/8/23 9:02,1.79,RIE,Ad Group Recall (Merged)
20230807,1773197736620030 ,VN,,,1/1/00 0:00,4.6564,0.9395,3/8/23 8:59,0.54,Non-Auction Ads,Promote
20230807,1773198622842920 ,IT,IT,,1/1/00 0:00,5.91,3.3503,3/8/23 9:02,1.79,RIE,Ad Group Recall (Merged)
20230807,1773202786069600 ,GR,Other,,1/1/00 0:00,0,52.7063,3/8/23 11:15,1.62,RIE,Ad Group Recall (Merged)
20230807,1773198089720830 ,VN,,,1/1/00 0:00,0,3.1571,3/8/23 9:04,0.54,Non-Auction Ads,Promote
20230807,1773200565059610 ,BR,BR,,1/1/00 0:00,2.88,36.2222,3/8/23 10:38,1.7,RIE,Ad Group Recall (Merged)
20230807,1773197848857600 ,SA,,,1/1/00 0:00,4.8916,2.4152,3/8/23 9:03,0.54,Non-Auction Ads,Promote
20230807,1773197984409660 ,VN,,,1/1/00 0:00,0.175,1.0458,3/8/23 9:03,0.54,Non-Auction Ads,Promote
20230807,1773198222319610 ,SG,,,1/1/00 0:00,3.9711,3.5436,3/8/23 9:08,1.53,RIE,Promote Report Recall
20230807,1773196465464370 ,FI,Other,,1/1/00 0:00,0,10.887,3/8/23 9:37,1.62,RIE,Ad Group Recall (Merged)
20230807,1773199718366220 ,TH,TH,,1/1/00 0:00,49.26,6.7255,3/8/23 9:27,1.64,Auction Ads,auction_relation
20230807,1773198095557630 ,PH,,,1/1/00 0:00,1.5005,0.3934,3/8/23 9:04,0.54,Non-Auction Ads,Promote
20230807,1773213523129370 ,US,USCA,,1/1/00 0:00,0.67,1.651,3/8/23 9:10,1.78,Auction Ads,auction_relation
20230807,1773199684923390 ,SA,,,1/1/00 0:00,0,7.3865,3/8/23 9:31,0.54,Non-Auction Ads,Promote
20230807,1773198591830010 ,VN,,,1/1/00 0:00,0,1.0697,3/8/23 9:12,0.54,Non-Auction Ads,Promote
20230807,1773198717646860 ,GR,,,1/1/00 0:00,2.2776,0.8086,3/8/23 9:14,0.54,Non-Auction Ads,Promote
20230807,1773199246614530 ,FR,,,1/1/00 0:00,7.2411,1.7337,3/8/23 9:23,0.54,Non-Auction Ads,Promote
20230807,1773201514430480 ,BR,BR,,1/1/00 0:00,30.3,12.2422,3/8/23 9:56,1.7,RIE,Ad Group Recall (Merged)
20230807,1773202204560400 ,MY,MY,,1/1/00 0:00,20.2,10.8523,3/8/23 9:55,2.31,Auction Ads,auction_relation
20230807,1773200825352210 ,VN,VN,,1/1/00 0:00,10.5886,5.7459,3/8/23 9:37,2.13,RIE,Ad Group Recall (Merged)
20230807,1773214412698670 ,GB,GB,,1/1/00 0:00,1.68,0.6629,3/8/23 9:24,1.76,Auction Ads,auction_relation
20230807,1773202568359980 ,TH,TH,,1/1/00 0:00,19.87,16.6002,3/8/23 10:05,1.87,RIE,Ad Group Recall (Merged)
20230807,1773200580646960 ,EG,MENA,,1/1/00 0:00,261.07,5.9712,3/8/23 9:38,1.67,RIE,Ad Group Recall (Merged)
20230807,1773201556678700 ,MY,MY,,1/1/00 0:00,25.71,12.9749,3/8/23 9:59,2.3,RIE,Ad Group Recall (Merged)
20230807,1773197163448320 ,LB,Other,,1/1/00 0:00,20.29,6.8454,3/8/23 9:46,1.62,RIE,Ad Group Recall (Merged)
20230807,1773202287865870 ,PH,Other,,1/1/00 0:00,26.34,17.2083,3/8/23 10:11,1.62,RIE,Ad Group Recall (Merged)
20230807,1773202312673320 ,PH,Other,,1/1/00 0:00,25.08,17.2083,3/8/23 10:11,1.62,RIE,Ad Group Recall (Merged)
20230807,1773199503034360 ,VN,,,1/1/00 0:00,2.0985,0.3734,3/8/23 9:28,0.54,Non-Auction Ads,Promote
20230807,1773199582558210 ,VN,,,1/1/00 0:00,2.0822,0.3734,3/8/23 9:28,0.54,Non-Auction Ads,Promote
20230807,1773200403575820 ,CA,US&CA,,1/1/00 0:00,32.9356,20.1618,3/8/23 10:22,1.81,RIE,Ad Group Recall (Merged)
20230807,1773202944015360 ,FR,,,1/1/00 0:00,76.2914,18.8151,3/8/23 10:22,1.53,RIE,Promote Report Recall
20230807,1773196320074800 ,US,US&CA,,1/1/00 0:00,43.19,2.226,3/8/23 9:35,1.81,RIE,Ad Group Recall (Merged)
20230807,1773196320074800 ,CA,US&CA,,1/1/00 0:00,43.19,2.226,3/8/23 9:35,1.81,RIE,Ad Group Recall (Merged)
20230807,1773196299019280 ,US,US&CA,,1/1/00 0:00,2.11,1.1588,3/8/23 9:35,1.81,RIE,Ad Group Recall (Merged)
20230807,1773199756567550 ,KH,,,1/1/00 0:00,0.4781,0.2889,3/8/23 9:32,0.54,Non-Auction Ads,Promote
20230807,1773203083408380 ,MY,MY,,1/1/00 0:00,49.67,14.3846,3/8/23 10:12,2.3,RIE,Ad Group Recall (Merged)
20230807,1773200174099460 ,GR,,,1/1/00 0:00,2.0684,0.9301,3/8/23 9:38,0.54,Non-Auction Ads,Promote
20230807,1773201006177280 ,AE,,,1/1/00 0:00,1.9845,5.0935,3/8/23 9:52,0.54,Non-Auction Ads,Promote
20230807,1773201178248190 ,TH,,,1/1/00 0:00,3.7818,5.5783,3/8/23 9:56,0.54,Non-Auction Ads,Promote
20230807,1773232291877920 ,PE,Other,,1/1/00 0:00,259.26,192.7275,3/8/23 17:19,1.62,RIE,Ad Group Recall (Merged)
20230807,1773201207683070 ,MY,,,1/1/00 0:00,4.6586,4.1328,3/8/23 9:55,0.54,Non-Auction Ads,Promote
20230807,1773200820333560 ,VN,,,1/1/00 0:00,0.8908,1.3621,3/8/23 9:49,0.54,Non-Auction Ads,Promote
20230807,1773178368433160 ,TH,TH,,1/1/00 0:00,1083.751,807.8407,4/8/23 17:00,0.97,Non-Auction Ads,R&F
20230807,1773200205881360 ,US,US&CA,,1/1/00 0:00,43.63,12.4222,3/8/23 10:19,1.81,RIE,Ad Group Recall (Merged)
20230807,1773216046381100 ,US,USCA,,1/1/00 0:00,431.79,61.3054,3/8/23 11:46,1.78,Auction Ads,auction_relation
20230807,1773200894803960 ,VN,,,1/1/00 0:00,5.1589,0.9634,3/8/23 9:50,0.54,Non-Auction Ads,Promote
20230807,1773202827763710 ,VN,,,1/1/00 0:00,6.2486,11.916,3/8/23 10:21,0.54,Non-Auction Ads,Promote
20230807,1773203110669340 ,NO,Other,,1/1/00 0:00,130.54,52.7063,3/8/23 11:22,1.62,RIE,Ad Group Recall (Merged)
20230807,1773203110669340 ,CH,Other,,1/1/00 0:00,130.54,52.7063,3/8/23 11:22,1.62,RIE,Ad Group Recall (Merged)
20230807,1773203110669340 ,GR,Other,,1/1/00 0:00,130.54,52.7063,3/8/23 11:22,1.62,RIE,Ad Group Recall (Merged)
20230807,1773201474952190 ,ID,,,1/1/00 0:00,2.0959,4.1044,3/8/23 10:00,0.54,Non-Auction Ads,Promote
20230807,1773201283209220 ,RO,,,1/1/00 0:00,2.0975,2.1116,3/8/23 9:56,0.54,Non-Auction Ads,Promote
20230807,1773202707779580 ,KH,Other,,1/1/00 0:00,25.28,8.0657,3/8/23 10:18,1.62,RIE,Ad Group Recall (Merged)
20230807,1773201932497920 ,MY,MY,,1/1/00 0:00,3.5021,2.9322,3/8/23 10:03,2.31,Auction Ads,auction_relation
20230807,1773201475191800 ,VN,,,1/1/00 0:00,6.368,1.1574,3/8/23 9:58,0.54,Non-Auction Ads,Promote
20230807,1773203063421950 ,GB,,,1/1/00 0:00,18.0279,9.3099,3/8/23 10:23,0.54,Non-Auction Ads,Promote
20230807,1773201843595260 ,CA,US&CA,,1/1/00 0:00,38.43,2.6463,3/8/23 10:04,1.81,RIE,Ad Group Recall (Merged)
20230807,1773204279750670 ,US,US&CA,,1/1/00 0:00,20.25,14.4728,3/8/23 10:39,1.81,RIE,Ad Group Recall (Merged)
20230807,1773201773958200 ,PH,,,1/1/00 0:00,2.82,0.8267,3/8/23 10:03,0.54,Non-Auction Ads,Promote
20230807,1773202227438600 ,AE,MENA,,1/1/00 0:00,,1.5645,3/8/23 10:09,1.67,RIE,Ad Group Recall (Merged)
20230807,1773205254892570 ,US,US&CA,,1/1/00 0:00,13.6,15.8486,3/8/23 10:54,1.81,RIE,Ad Group Recall (Merged)
20230807,1773204234314770 ,TH,TH,,1/1/00 0:00,12.9211,11.885,3/8/23 10:40,1.64,Auction Ads,auction_relation
20230807,1773202364056570 ,VN,,,1/1/00 0:00,0.9569,1.321,3/8/23 10:13,0.54,Non-Auction Ads,Promote
20230807,1773202599586830 ,US,US&CA,,1/1/00 0:00,9.67,13.5432,3/8/23 10:50,1.81,RIE,Ad Group Recall (Merged)
20230807,1773203163377670 ,IT,,,1/1/00 0:00,5.018,2.872,3/8/23 10:26,0.54,Non-Auction Ads,Promote
20230807,1773203658362910 ,KZ,Other,,1/1/00 0:00,20.09,3.9178,3/8/23 10:31,1.62,RIE,Ad Group Recall (Merged)
20230807,1773202988461050 ,PH,,,1/1/00 0:00,3.4843,0.9187,3/8/23 10:22,0.54,Non-Auction Ads,Promote
20230807,1773203134861310 ,SA,,,1/1/00 0:00,0.4612,2.5131,3/8/23 10:26,0.54,Non-Auction Ads,Promote
20230807,1773202993135610 ,PH,,,1/1/00 0:00,0.9376,0.3694,3/8/23 10:22,1.53,RIE,Promote Report Recall
20230807,1773201977409530 ,GB,GB,,1/1/00 0:00,54.93,13.5715,3/8/23 10:58,1.72,RIE,Ad Group Recall (Merged)
20230807,1773215341679640 ,BE,Other,,1/1/00 0:00,16.38,7.8689,3/8/23 10:39,1.62,RIE,Ad Group Recall (Merged)
20230807,1773205693644830 ,MX,Other,,1/1/00 0:00,324,52.3379,3/8/23 12:02,1.62,RIE,Ad Group Recall (Merged)
20230807,1773205693644830 ,KZ,Other,,1/1/00 0:00,324,52.3379,3/8/23 12:02,1.62,RIE,Ad Group Recall (Merged)
20230807,1773203507842050 ,IL,,,1/1/00 0:00,4.9229,2.776,3/8/23 10:32,0.54,Non-Auction Ads,Promote
20230807,1773218626474060 ,US,USCA,,1/1/00 0:00,0.41,1.651,3/8/23 10:31,1.78,Auction Ads,auction_relation
20230807,1773203588174840 ,IL,,,1/1/00 0:00,1.3792,2.7395,3/8/23 10:33,0.54,Non-Auction Ads,Promote
20230807,1773204277413900 ,VN,VN,,1/1/00 0:00,17.903,2.745,3/8/23 10:36,2.13,RIE,Ad Group Recall (Merged)
20230807,1773203834519550 ,IL,,,1/1/00 0:00,4.8659,2.6884,3/8/23 10:37,0.54,Non-Auction Ads,Promote
20230807,1773204079494190 ,AE,MENA,,1/1/00 0:00,0,3.0651,3/8/23 10:37,1.67,RIE,Ad Group Recall (Merged)
20230807,1773203581980670 ,PL,,,1/1/00 0:00,0.6605,1.3467,3/8/23 10:34,1.53,RIE,Promote Report Recall
20230807,1773207681992700 ,GB,GB,,1/1/00 0:00,157.8733,61.2457,3/8/23 12:36,1.72,RIE,Ad Group Recall (Merged)
20230807,1773203860740090 ,TH,,,1/1/00 0:00,8.9693,1.4835,3/8/23 10:38,0.54,Non-Auction Ads,Promote
20230807,1773204300973100 ,IT,IT,,1/1/00 0:00,3.09,1.782,3/8/23 10:39,1.79,RIE,Ad Group Recall (Merged)
20230807,1773183596711950 ,TR,TR,,1/1/00 0:00,187.14,224.8988,3/8/23 21:00,1.43,Non-Auction Ads,R&F
20230807,1773204179220480 ,SA,,,1/1/00 0:00,3.2091,1.2253,3/8/23 10:42,0.54,Non-Auction Ads,Promote
20230807,1773205679518760 ,PL,PL,,1/1/00 0:00,9.8,6.5929,3/8/23 11:03,1.84,RIE,Ad Group Recall (Merged)
20230807,1773204265957370 ,SA,,,1/1/00 0:00,4.1127,1.8361,3/8/23 10:45,0.54,Non-Auction Ads,Promote
20230807,1773205013166080 ,TH,,,1/1/00 0:00,4.4831,2.6393,3/8/23 10:56,0.54,Non-Auction Ads,Promote
20230807,1773207557885950 ,FI,Other,,1/1/00 0:00,0,52.7063,3/8/23 12:30,1.62,RIE,Ad Group Recall (Merged)
20230807,1773204912806910 ,VN,,,1/1/00 0:00,1.9484,1.3978,3/8/23 10:54,0.54,Non-Auction Ads,Promote
20230807,1773204663480320 ,ID,,,1/1/00 0:00,2.0984,0.4243,3/8/23 10:50,0.54,Non-Auction Ads,Promote
20230807,1773205049839610 ,SA,,,1/1/00 0:00,0.5119,2.4568,3/8/23 10:57,0.54,Non-Auction Ads,Promote
20230807,1773205082136570 ,SA,,,1/1/00 0:00,0.1973,1.5361,3/8/23 10:56,0.54,Non-Auction Ads,Promote
20230807,1773205564216380 ,VN,,,1/1/00 0:00,7.9172,2.912,3/8/23 11:03,0.54,Non-Auction Ads,Promote
20230807,1773205274899450 ,MY,,,1/1/00 0:00,1.3283,1.7257,3/8/23 11:01,0.54,Non-Auction Ads,Promote
20230807,1773202682958880 ,FI,Others,,1/1/00 0:00,51.68,8.3012,3/8/23 11:12,1.56,Auction Ads,auction_all
20230807,1773202682958880 ,NO,Others,,1/1/00 0:00,51.68,8.3012,3/8/23 11:12,1.56,Auction Ads,auction_all
20230807,1773202682958880 ,IE,IE,,1/1/00 0:00,51.68,8.3012,3/8/23 11:12,1.52,Auction Ads,auction_relation
20230807,1773202682958880 ,FI,Others,,1/1/00 0:00,51.68,8.3012,3/8/23 11:12,1.56,Auction Ads,auction_all
20230807,1773205586878460 ,AE,,,1/1/00 0:00,6.5883,2.5593,3/8/23 11:05,0.54,Non-Auction Ads,Promote
20230807,1773205461654530 ,ID,,,1/1/00 0:00,2.6169,3.2995,3/8/23 11:08,0.54,Non-Auction Ads,Promote
20230807,1773205830556670 ,ID,,,1/1/00 0:00,12.9558,1.6439,3/8/23 11:08,1.53,RIE,Promote Report Recall
20230807,1773205674148870 ,EG,,,1/1/00 0:00,0,1.309,3/8/23 11:08,0.54,Non-Auction Ads,Promote
20230807,1773182921245690 ,ID,,,1/1/00 0:00,2.2083,0.314,3/8/23 11:05,0.54,Non-Auction Ads,Promote
20230807,1773205887418370 ,VN,,,1/1/00 0:00,3.3788,3.0173,3/8/23 11:11,0.54,Non-Auction Ads,Promote
20230807,1773206457223170 ,DE,,,1/1/00 0:00,11.28,6.2912,3/8/23 11:17,0.54,Non-Auction Ads,Promote
20230807,1773205807320060 ,TR,,,1/1/00 0:00,0.8696,1.3327,3/8/23 11:08,0.54,Non-Auction Ads,Promote
20230807,1773208485958680 ,GR,Other,,1/1/00 0:00,323.24,52.7063,3/8/23 12:48,1.62,RIE,Ad Group Recall (Merged)
20230807,1773208485958680 ,IE,Other,,1/1/00 0:00,323.24,52.7063,3/8/23 12:48,1.62,RIE,Ad Group Recall (Merged)
20230807,1773205964477440 ,PH,,,1/1/00 0:00,1.8069,0.7992,3/8/23 11:10,0.54,Non-Auction Ads,Promote
20230807,1773205934470140 ,ID,,,1/1/00 0:00,4.1046,0.8457,3/8/23 11:11,0.54,Non-Auction Ads,Promote
20230807,1773205979251710 ,RO,,,1/1/00 0:00,0.6346,1.3783,3/8/23 11:11,0.54,Non-Auction Ads,Promote
20230807,1773230368695310 ,EC,Other,,1/1/00 0:00,176.97,151.5175,3/8/23 16:53,1.62,RIE,Ad Group Recall (Merged)
20230807,1773206223098880 ,VN,,,1/1/00 0:00,0.8156,0.8401,3/8/23 11:14,1.53,RIE,Promote Report Recall
20230807,1773206491302910 ,VN,,,1/1/00 0:00,0,1.3195,3/8/23 11:18,0.54,Non-Auction Ads,Promote
20230807,1773203304154160 ,CA,US&CA,,1/1/00 0:00,11.48,19.7675,3/8/23 11:24,1.81,RIE,Ad Group Recall (Merged)
20230807,1773237628442650 ,BR,BR,,1/1/00 0:00,697.5036,190.1491,3/8/23 19:29,1.99,Auction Ads,auction_all
20230807,1773207758810160 ,FR,FR,,1/1/00 0:00,49.92,42.1631,3/8/23 12:37,1.76,RIE,Ad Group Recall (Merged)
20230807,1773209223590910 ,FI,Other,,1/1/00 0:00,69.4767,45.2345,3/8/23 12:57,1.62,RIE,Ad Group Recall (Merged)
20230807,1773205218038830 ,FI,Other,,1/1/00 0:00,0,21.1247,3/8/23 11:54,1.62,RIE,Ad Group Recall (Merged)
20230807,1773208304407580 ,US,US&CA,,1/1/00 0:00,0,16.7407,3/8/23 11:43,1.81,RIE,Ad Group Recall (Merged)
20230807,1773208799912960 ,DE,DE,,1/1/00 0:00,7.2289,17.3424,3/8/23 11:50,1.01,Auction Ads,auction_relation
20230807,1773207852741640 ,AE,MENA,,1/1/00 0:00,32.73,5.233,3/8/23 11:19,1.78,Auction Ads,auction_relation
20230807,1773207852741640 ,SE,SE,,1/1/00 0:00,32.73,5.233,3/8/23 11:19,1.4,Auction Ads,auction_relation
20230807,1773207852741640 ,ES,ES,,1/1/00 0:00,32.73,5.233,3/8/23 11:19,1.37,Auction Ads,auction_relation
20230807,1773207852741640 ,PL,PL,,1/1/00 0:00,32.73,5.233,3/8/23 11:19,1.64,Auction Ads,auction_relation
20230807,1773207852741640 ,IT,IT,,1/1/00 0:00,32.73,5.233,3/8/23 11:19,1.36,Auction Ads,auction_relation
20230807,1773207852741640 ,PK,PK,,1/1/00 0:00,32.73,5.233,3/8/23 11:19,1.36,Auction Ads,auction_relation
20230807,1773207852741640 ,GR,GR,,1/1/00 0:00,32.73,5.233,3/8/23 11:19,2.11,Auction Ads,auction_relation
20230807,1773207852741640 ,MA,MA,,1/1/00 0:00,32.73,5.233,3/8/23 11:19,1.51,Auction Ads,auction_relation
20230807,1773207852741640 ,ZA,ZA,,1/1/00 0:00,32.73,5.233,3/8/23 11:19,1.4,Auction Ads,auction_relation
20230807,1773207852741640 ,CA,USCA,,1/1/00 0:00,32.73,5.233,3/8/23 11:19,1.78,Auction Ads,auction_relation
20230807,1773207852741640 ,SA,MENA,,1/1/00 0:00,32.73,5.233,3/8/23 11:19,1.78,Auction Ads,auction_relation
20230807,1773207852741640 ,AU,AU,,1/1/00 0:00,32.73,5.233,3/8/23 11:19,1.84,Auction Ads,auction_relation
20230807,1773207852741640 ,NO,Others,,1/1/00 0:00,32.73,5.233,3/8/23 11:19,1.56,Auction Ads,auction_all
20230807,1773207852741640 ,NL,NL,,1/1/00 0:00,32.73,5.233,3/8/23 11:19,1.19,Auction Ads,auction_relation
20230807,1773207852741640 ,PH,PH,,1/1/00 0:00,32.73,5.233,3/8/23 11:19,2.46,Auction Ads,auction_relation
20230807,1773207852741640 ,KZ,KZ,,1/1/00 0:00,32.73,5.233,3/8/23 11:19,2,Auction Ads,auction_relation
20230807,1773207852741640 ,IQ,Others,,1/1/00 0:00,32.73,5.233,3/8/23 11:19,1.56,Auction Ads,auction_all
20230807,1773207852741640 ,MA,MA,,1/1/00 0:00,32.73,5.233,3/8/23 11:19,1.51,Auction Ads,auction_relation
20230807,1773207852741640 ,HU,Others,,1/1/00 0:00,32.73,5.233,3/8/23 11:19,1.56,Auction Ads,auction_all
20230807,1773207852741640 ,TH,TH,,1/1/00 0:00,32.73,5.233,3/8/23 11:19,1.64,Auction Ads,auction_relation
20230807,1773207852741640 ,KH,KH,,1/1/00 0:00,32.73,5.233,3/8/23 11:19,1.5,Auction Ads,auction_relation
20230807,1773207852741640 ,JO,Others,,1/1/00 0:00,32.73,5.233,3/8/23 11:19,1.56,Auction Ads,auction_all
20230807,1773207852741640 ,GR,GR,,1/1/00 0:00,32.73,5.233,3/8/23 11:19,2.11,Auction Ads,auction_relation
20230807,1773207852741640 ,MY,MY,,1/1/00 0:00,32.73,5.233,3/8/23 11:19,2.31,Auction Ads,auction_relation
20230807,1773207852741640 ,SG,SG,,1/1/00 0:00,32.73,5.233,3/8/23 11:19,1.94,Auction Ads,auction_relation
20230807,1773207852741640 ,ID,ID,,1/1/00 0:00,32.73,5.233,3/8/23 11:19,1.8,Auction Ads,auction_relation
20230807,1773207852741640 ,BE,BE,,1/1/00 0:00,32.73,5.233,3/8/23 11:19,1.15,Auction Ads,auction_relation
20230807,1773207852741640 ,LB,Others,,1/1/00 0:00,32.73,5.233,3/8/23 11:19,1.56,Auction Ads,auction_all
20230807,1773207852741640 ,CH,CH,,1/1/00 0:00,32.73,5.233,3/8/23 11:19,0.93,Auction Ads,auction_relation
20230807,1773207852741640 ,CZ,CZ,,1/1/00 0:00,32.73,5.233,3/8/23 11:19,1.9,Auction Ads,auction_relation
20230807,1773207852741640 ,LB,Others,,1/1/00 0:00,32.73,5.233,3/8/23 11:19,1.56,Auction Ads,auction_all
20230807,1773207852741640 ,FI,Others,,1/1/00 0:00,32.73,5.233,3/8/23 11:19,1.56,Auction Ads,auction_all
20230807,1773207852741640 ,NZ,NZ,,1/1/00 0:00,32.73,5.233,3/8/23 11:19,1.58,Auction Ads,auction_relation
20230807,1773207852741640 ,PT,PT,,1/1/00 0:00,32.73,5.233,3/8/23 11:19,1.98,Auction Ads,auction_relation
20230807,1773207852741640 ,FR,FR,,1/1/00 0:00,32.73,5.233,3/8/23 11:19,1.97,Auction Ads,auction_relation
20230807,1773207852741640 ,GB,GB,,1/1/00 0:00,32.73,5.233,3/8/23 11:19,1.76,Auction Ads,auction_relation
20230807,1773207852741640 ,DK,DK,,1/1/00 0:00,32.73,5.233,3/8/23 11:19,1.31,Auction Ads,auction_relation
20230807,1773207852741640 ,GB,GB,,1/1/00 0:00,32.73,5.233,3/8/23 11:19,1.76,Auction Ads,auction_relation
20230807,1773207852741640 ,US,USCA,,1/1/00 0:00,32.73,5.233,3/8/23 11:19,1.78,Auction Ads,auction_relation
20230807,1773206582785020 ,VN,,,1/1/00 0:00,0,1.889,3/8/23 11:20,0.54,Non-Auction Ads,Promote
20230807,1773210305524780 ,JP,JP,,1/1/00 0:00,88.1735,19.8449,3/8/23 12:20,3.21,RIE,Ad Group Recall (Merged)
20230807,1773211028231210 ,NZ,Other,,1/1/00 0:00,133.46,49.2838,3/8/23 13:28,1.62,RIE,Ad Group Recall (Merged)
20230807,1773206612616190 ,GR,,,1/1/00 0:00,2.2448,1.6131,3/8/23 11:21,0.54,Non-Auction Ads,Promote
20230807,1773206536636410 ,MY,,,1/1/00 0:00,5.7126,1.9535,3/8/23 11:21,0.54,Non-Auction Ads,Promote
20230807,1773206883537950 ,GB,GB,,1/1/00 0:00,19.93,15.2664,3/8/23 12:04,1.76,Auction Ads,auction_relation
20230807,1773209015121920 ,US,,,1/1/00 0:00,11.81,11.1991,3/8/23 12:00,0.54,Non-Auction Ads,Promote
20230807,1773206878324730 ,VN,,,1/1/00 0:00,1.8994,1.5403,3/8/23 11:26,0.54,Non-Auction Ads,Promote
20230807,1773210782107660 ,CO,Other,,1/1/00 0:00,30.14,15.2664,3/8/23 12:11,1.62,RIE,Ad Group Recall (Merged)
20230807,1773206946861050 ,TH,,,1/1/00 0:00,4.8117,0.7598,3/8/23 11:25,0.54,Non-Auction Ads,Promote
20230807,1773207414880270 ,ES,,,1/1/00 0:00,0.9467,3.0678,3/8/23 11:34,0.54,Non-Auction Ads,Promote
20230807,1773213158658080 ,IQ,Other,,1/1/00 0:00,66.88,29.709,3/8/23 12:57,1.62,RIE,Ad Group Recall (Merged)
20230807,1773207015741440 ,ID,,,1/1/00 0:00,4.1248,0.9849,3/8/23 11:26,0.54,Non-Auction Ads,Promote
20230807,1773207404234750 ,MY,,,1/1/00 0:00,6.4149,1.3943,3/8/23 11:33,0.54,Non-Auction Ads,Promote
20230807,1773207440201720 ,PH,,,1/1/00 0:00,1.7815,0.7272,3/8/23 11:33,0.54,Non-Auction Ads,Promote
20230807,1773207457933310 ,SA,,,1/1/00 0:00,4.7905,2.196,3/8/23 11:38,0.54,Non-Auction Ads,Promote
20230807,1773211503006730 ,SA,MENA,,1/1/00 0:00,19.9736,17.529,3/8/23 12:29,1.78,Auction Ads,auction_relation
20230807,1773207471645690 ,PH,,,1/1/00 0:00,3.1087,0.3917,3/8/23 11:33,0.54,Non-Auction Ads,Promote
20230807,1773207814885370 ,PH,,,1/1/00 0:00,1.9199,1.7019,3/8/23 11:39,0.54,Non-Auction Ads,Promote
20230807,1773211831958520 ,PE,Other,,1/1/00 0:00,250.77,21.803,3/8/23 12:40,1.62,RIE,Ad Group Recall (Merged)
20230807,1773211831958520 ,AR,Other,,1/1/00 0:00,250.77,21.803,3/8/23 12:40,1.62,RIE,Ad Group Recall (Merged)
20230807,1773207916738560 ,TH,,,1/1/00 0:00,1.3536,1.805,3/8/23 11:43,0.54,Non-Auction Ads,Promote
20230807,1773208417464320 ,SA,,,1/1/00 0:00,0,2.5085,3/8/23 11:49,0.54,Non-Auction Ads,Promote
20230807,1773208651815930 ,VN,,,1/1/00 0:00,3.7152,3.9373,3/8/23 11:53,0.54,Non-Auction Ads,Promote
20230807,1773208182606850 ,MY,,,1/1/00 0:00,3.3809,1.0755,3/8/23 11:46,1.53,RIE,Promote Report Recall
20230807,1773208918998010 ,SA,,,1/1/00 0:00,4.9206,4.0676,3/8/23 11:58,0.54,Non-Auction Ads,Promote
20230807,1773209222199330 ,NL,,,1/1/00 0:00,10.6089,6.0953,3/8/23 12:02,0.54,Non-Auction Ads,Promote
20230807,1773208526027770 ,BR,BR,,1/1/00 0:00,0,0.9528,3/8/23 11:51,1.7,RIE,Ad Group Recall (Merged)
20230807,1773208987159550 ,ID,,,1/1/00 0:00,4.0138,3.3613,3/8/23 12:00,0.54,Non-Auction Ads,Promote
20230807,1773208700940290 ,TH,,,1/1/00 0:00,3.3558,1.7588,3/8/23 11:54,0.54,Non-Auction Ads,Promote
20230807,1773170989430800 ,US,US&CA,,1/1/00 0:00,0,13.4529,3/8/23 12:30,1.81,RIE,Ad Group Recall (Merged)
20230807,1773212785233920 ,BH,Other,,1/1/00 0:00,62.57,49.2838,3/8/23 13:50,1.62,RIE,Ad Group Recall (Merged)
20230807,1773212785233920 ,AE,MENA,,1/1/00 0:00,62.57,49.2838,3/8/23 13:50,1.67,RIE,Ad Group Recall (Merged)
20230807,1773209524060160 ,AE,,,1/1/00 0:00,7.7783,5.2947,3/8/23 12:06,0.54,Non-Auction Ads,Promote
20230807,1773210735567880 ,US,US&CA,,1/1/00 0:00,369.9672,8.4976,3/8/23 12:23,1.81,RIE,Ad Group Recall (Merged)
20230807,1773218095242240 ,JP,JP,,1/1/00 0:00,23.5727,57.1164,3/8/23 14:21,3.21,RIE,Ad Group Recall (Merged)
20230807,1773207806947370 ,GB,GB,,1/1/00 0:00,43.3,13.7796,3/8/23 12:37,1.72,RIE,Ad Group Recall (Merged)
20230807,1773172550799360 ,GR,GR,,1/1/00 0:00,233.88,22.5138,3/8/23 13:00,2.11,Auction Ads,auction_relation
20230807,1773172550799360 ,DK,DK,,1/1/00 0:00,233.88,22.5138,3/8/23 13:00,1.31,Auction Ads,auction_relation
20230807,1773172550799360 ,BE,BE,,1/1/00 0:00,233.88,22.5138,3/8/23 13:00,1.15,Auction Ads,auction_relation
20230807,1773172550799360 ,NL,NL,,1/1/00 0:00,233.88,22.5138,3/8/23 13:00,1.19,Auction Ads,auction_relation
20230807,1773172550799360 ,NO,Others,,1/1/00 0:00,233.88,22.5138,3/8/23 13:00,1.56,Auction Ads,auction_all
20230807,1773172550799360 ,SE,SE,,1/1/00 0:00,233.88,22.5138,3/8/23 13:00,1.4,Auction Ads,auction_relation
20230807,1773209240394750 ,BR,,,1/1/00 0:00,1.615,1.4212,3/8/23 12:03,0.54,Non-Auction Ads,Promote
20230807,1773209500456960 ,SA,,,1/1/00 0:00,3.2493,2.8078,3/8/23 12:08,0.54,Non-Auction Ads,Promote
20230807,1773213655827450 ,SA,MENA,,1/1/00 0:00,30.5362,23.3367,3/8/23 13:04,1.78,Auction Ads,auction_relation
20230807,1773209320724480 ,VN,,,1/1/00 0:00,0.6017,0.8157,3/8/23 12:05,0.54,Non-Auction Ads,Promote
20230807,1773210133211140 ,VN,,,1/1/00 0:00,2.7741,2.7799,3/8/23 12:17,0.54,Non-Auction Ads,Promote
20230807,1773209617422330 ,MY,,,1/1/00 0:00,0.1537,1.0306,3/8/23 12:09,0.54,Non-Auction Ads,Promote
20230807,1773210596323330 ,RO,,,1/1/00 0:00,10.3471,5.085,3/8/23 12:26,1.53,RIE,Promote Report Recall
20230807,1773214084641800 ,MA,Other,,1/1/00 0:00,57.0514,22.908,3/8/23 13:14,1.62,RIE,Ad Group Recall (Merged)
20230807,1773210490737660 ,IL,,,1/1/00 0:00,3.5957,1.1175,3/8/23 12:22,0.54,Non-Auction Ads,Promote
20230807,1773210481428480 ,PH,,,1/1/00 0:00,3.8001,0.4926,3/8/23 12:22,0.54,Non-Auction Ads,Promote
20230807,1773163619690490 ,ID,,,1/1/00 0:00,3.8714,1.6756,3/8/23 12:25,0.54,Non-Auction Ads,Promote
20230807,1773210789073920 ,ID,,,1/1/00 0:00,2.4577,2.895,3/8/23 12:28,0.54,Non-Auction Ads,Promote
20230807,1773210784617470 ,SA,,,1/1/00 0:00,3.948,1.4362,3/8/23 12:26,0.54,Non-Auction Ads,Promote
20230807,1773214248431640 ,SA,MENA,,1/1/00 0:00,39.241,24.1159,3/8/23 13:18,1.67,RIE,Ad Group Recall (Merged)
20230807,1773211210003450 ,MY,,,1/1/00 0:00,4.0835,5.3406,3/8/23 12:34,0.54,Non-Auction Ads,Promote
20230807,1773210845188090 ,VN,,,1/1/00 0:00,3.1752,2.7957,3/8/23 12:30,0.54,Non-Auction Ads,Promote
20230807,1773210825879550 ,BR,,,1/1/00 0:00,3.4883,3.0423,3/8/23 12:31,0.54,Non-Auction Ads,Promote
20230807,1773282846787600 ,NZ,Other,,1/1/00 0:00,975.89,385.2787,4/8/23 8:28,1.62,RIE,Ad Group Recall (Merged)
20230807,1773249833800700 ,US,USCA,,1/1/00 0:00,63.68,209.8263,3/8/23 23:43,1.78,Auction Ads,auction_relation
20230807,1773211407632430 ,PL,PL,,1/1/00 0:00,21.5496,18.441,3/8/23 13:14,1.64,Auction Ads,auction_relation
20230807,1773216061514770 ,US,USCA,,1/1/00 0:00,110.23,61.3054,3/8/23 14:46,1.78,Auction Ads,auction_relation
20230807,1773216049758210 ,US,US&CA,,1/1/00 0:00,409.84,61.3054,3/8/23 14:46,1.81,RIE,Ad Group Recall (Merged)
20230807,1773216061538330 ,US,USCA,,1/1/00 0:00,110.15,61.3054,3/8/23 14:46,1.78,Auction Ads,auction_relation
20230807,1773213214427130 ,US,US&CA,,1/1/00 0:00,32.43,17.2524,3/8/23 13:15,1.81,RIE,Ad Group Recall (Merged)
20230807,1773250141240350 ,US,USCA,,1/1/00 0:00,102.21,209.8263,3/8/23 23:49,1.78,Auction Ads,auction_relation
20230807,1773214669143050 ,BR,BR,,1/1/00 0:00,27.8768,13.0647,3/8/23 13:12,1.7,RIE,Ad Group Recall (Merged)
20230807,1773213533045760 ,AE,MENA,,1/1/00 0:00,0,17.2524,3/8/23 13:20,1.67,RIE,Ad Group Recall (Merged)
20230807,1773213533045760 ,QA,Other,,1/1/00 0:00,0,17.2524,3/8/23 13:20,1.62,RIE,Ad Group Recall (Merged)
20230807,1773212243516410 ,VN,,,1/1/00 0:00,0,3.3419,3/8/23 12:51,0.54,Non-Auction Ads,Promote
20230807,1773211755744250 ,ID,,,1/1/00 0:00,0.3641,0.8076,3/8/23 12:43,0.54,Non-Auction Ads,Promote
20230807,1773212819162110 ,IQ,Others,,1/1/00 0:00,0,3.4903,3/8/23 12:56,1.56,Auction Ads,auction_all
20230807,1773214289806360 ,ES,ES,,1/1/00 0:00,30.8662,14.394,3/8/23 13:18,1.79,RIE,Ad Group Recall (Merged)
20230807,1773212105939960 ,ID,,,1/1/00 0:00,0.8822,1.1683,3/8/23 12:50,0.54,Non-Auction Ads,Promote
20230807,1773178432134160 ,US,US&CA,,1/1/00 0:00,184.81,85.1493,3/8/23 16:00,1.81,RIE,Ad Group Recall (Merged)
20230807,1773221190450190 ,BR,BR,,1/1/00 0:00,174.78,64.4567,3/8/23 15:07,1.7,RIE,Ad Group Recall (Merged)
20230807,1773212483848190 ,PL,,,1/1/00 0:00,0.5286,1.1623,3/8/23 12:55,0.54,Non-Auction Ads,Promote
20230807,1773212410897410 ,TR,,,1/1/00 0:00,1.6512,0.475,3/8/23 12:53,0.54,Non-Auction Ads,Promote
20230807,1773212884731900 ,PH,,,1/1/00 0:00,30.1908,5.9044,3/8/23 13:00,1.53,RIE,Promote Report Recall
20230807,1773213964946440 ,QA,Other,,1/1/00 0:00,963.86,17.2524,3/8/23 13:27,1.62,RIE,Ad Group Recall (Merged)
20230807,1773213964946440 ,AE,MENA,,1/1/00 0:00,963.86,17.2524,3/8/23 13:27,1.67,RIE,Ad Group Recall (Merged)
20230807,1773221829533710 ,US,US&CA,,1/1/00 0:00,395.45,89.3123,3/8/23 16:18,1.81,RIE,Ad Group Recall (Merged)
20230807,1773212665635840 ,PH,,,1/1/00 0:00,3.2519,0.8274,3/8/23 12:56,0.54,Non-Auction Ads,Promote
20230807,1773213002855420 ,GR,,,1/1/00 0:00,8.5403,4.8682,3/8/23 13:01,1.53,RIE,Promote Report Recall
20230807,1773215010004990 ,US,,,1/1/00 0:00,2.84,19.7723,3/8/23 13:35,0.54,Non-Auction Ads,Promote
20230807,1773129961845810 ,US,US&CA,,1/1/00 0:00,346.62,79.4526,3/8/23 16:00,1.81,RIE,Ad Group Recall (Merged)
20230807,1773213125127230 ,DE,,,1/1/00 0:00,3.3362,4.3647,3/8/23 13:05,0.54,Non-Auction Ads,Promote
20230807,1773213097041920 ,VN,,,1/1/00 0:00,0,3.9231,3/8/23 13:04,0.54,Non-Auction Ads,Promote
20230807,1773212872431610 ,TH,,,1/1/00 0:00,12.2803,1.0229,3/8/23 13:01,0.54,Non-Auction Ads,Promote
20230807,1773215150369790 ,US,,,1/1/00 0:00,13.82,16.072,3/8/23 13:35,0.54,Non-Auction Ads,Promote
20230807,1773213650724860 ,PH,,,1/1/00 0:00,3.3456,2.6818,3/8/23 13:13,0.54,Non-Auction Ads,Promote
20230807,1773208562656290 ,ID,ID,,1/1/00 0:00,9.21,0.8912,3/8/23 13:10,2.05,RIE,Ad Group Recall (Merged)
20230807,1773213526560760 ,AE,,,1/1/00 0:00,1.6688,1.2755,3/8/23 13:10,0.54,Non-Auction Ads,Promote
20230807,1773213865961470 ,IE,Other,,1/1/00 0:00,13.68,12.7806,3/8/23 13:30,1.62,RIE,Ad Group Recall (Merged)
20230807,1773213865961470 ,GB,GB,,1/1/00 0:00,13.68,12.7806,3/8/23 13:30,1.72,RIE,Ad Group Recall (Merged)
20230807,1773213865961470 ,HU,Other,,1/1/00 0:00,13.68,12.7806,3/8/23 13:30,1.62,RIE,Ad Group Recall (Merged)
20230807,1773213865961470 ,NZ,Other,,1/1/00 0:00,13.68,12.7806,3/8/23 13:30,1.62,RIE,Ad Group Recall (Merged)
20230807,1773213865961470 ,PL,PL,,1/1/00 0:00,13.68,12.7806,3/8/23 13:30,1.84,RIE,Ad Group Recall (Merged)
20230807,1773213934583850 ,TR,TR,,1/1/00 0:00,27.3951,1.4904,3/8/23 13:12,1.63,RIE,Ad Group Recall (Merged)
20230807,1773214962823180 ,HU,Other,,1/1/00 0:00,13.02,12.7806,3/8/23 13:45,1.62,RIE,Ad Group Recall (Merged)
20230807,1773211784435710 ,UY,Others,,1/1/00 0:00,29.58,15.2664,3/8/23 13:47,1.56,Auction Ads,auction_all
20230807,1773215008575600 ,FR,,,1/1/00 0:00,11.3244,9.703,3/8/23 13:33,0.54,Non-Auction Ads,Promote
20230807,1773213939030010 ,KH,,,1/1/00 0:00,1.0029,0.3378,3/8/23 13:17,0.54,Non-Auction Ads,Promote
20230807,1773164792354810 ,MX,Other,,1/1/00 0:00,391.4055,83.1737,3/8/23 16:40,1.62,RIE,Ad Group Recall (Merged)
20230807,1773226639049720 ,ES,ES,,1/1/00 0:00,2200.5946,108.0147,3/8/23 18:00,1.79,RIE,Ad Group Recall (Merged)
20230807,1773214248866810 ,VN,,,1/1/00 0:00,0,2.6378,3/8/23 13:21,0.54,Non-Auction Ads,Promote
20230807,1773215063871490 ,FR,,,1/1/00 0:00,10.9495,9.703,3/8/23 13:35,0.54,Non-Auction Ads,Promote
20230807,1773214282333180 ,SA,,,1/1/00 0:00,0,2.7992,3/8/23 13:24,0.54,Non-Auction Ads,Promote
20230807,1773214037855230 ,VN,,,1/1/00 0:00,0,0.737,3/8/23 13:21,0.54,Non-Auction Ads,Promote
20230807,1773214292048890 ,VN,,,1/1/00 0:00,0,2.6378,3/8/23 13:25,0.54,Non-Auction Ads,Promote
20230807,1773215105356800 ,FR,,,1/1/00 0:00,11.214,9.703,3/8/23 13:36,0.54,Non-Auction Ads,Promote
20230807,1773214224897020 ,VN,,,1/1/00 0:00,1.9697,0.9713,3/8/23 13:22,0.54,Non-Auction Ads,Promote
20230807,1773214832391200 ,KW,Others,,1/1/00 0:00,9.8,4.2461,3/8/23 13:28,1.56,Auction Ads,auction_all
20230807,1773214832391200 ,AE,MENA,,1/1/00 0:00,9.8,4.2461,3/8/23 13:28,1.78,Auction Ads,auction_relation
20230807,1773215201432590 ,FR,,,1/1/00 0:00,11.3352,9.703,3/8/23 13:37,0.54,Non-Auction Ads,Promote
20230807,1773214324224000 ,TR,,,1/1/00 0:00,0.7423,0.4045,3/8/23 13:23,1.53,RIE,Promote Report Recall
20230807,1773212193717240 ,AE,MENA,,1/1/00 0:00,3.6852,10.5635,3/8/23 13:48,1.67,RIE,Ad Group Recall (Merged)
20230807,1773285314667530 ,VN,VN,,1/1/00 0:00,809.11,345.7911,4/8/23 8:08,2.13,RIE,Ad Group Recall (Merged)
20230807,1773213460308990 ,MY,,,1/1/00 0:00,12.8935,4.9069,3/8/23 13:36,1.53,RIE,Promote Report Recall
20230807,1773214826718200 ,AE,,,1/1/00 0:00,7.566,2.7446,3/8/23 13:32,0.54,Non-Auction Ads,Promote
20230807,1772852687679500 ,BE,Other,,1/1/00 0:00,29.507,25.4065,3/8/23 14:29,1.62,RIE,Ad Group Recall (Merged)
20230807,1773218496796720 ,KZ,Other,,1/1/00 0:00,46.05,18.3306,3/8/23 14:18,1.62,RIE,Ad Group Recall (Merged)
20230807,1773218088139810 ,BR,BR,,1/1/00 0:00,18.8485,14.9093,3/8/23 14:19,1.7,RIE,Ad Group Recall (Merged)
20230807,1773215800717310 ,CA,,,1/1/00 0:00,1.5478,2.8107,3/8/23 13:46,1.53,RIE,Promote Report Recall
20230807,1773215662458880 ,VN,,,1/1/00 0:00,0,1.4531,3/8/23 13:45,0.54,Non-Auction Ads,Promote
20230807,1773215708683260 ,PH,,,1/1/00 0:00,3.7105,2.7382,3/8/23 13:47,0.54,Non-Auction Ads,Promote
20230807,1773215564976130 ,SA,,,1/1/00 0:00,3.5721,1.4513,3/8/23 13:45,0.54,Non-Auction Ads,Promote
20230807,1773215754253310 ,PH,,,1/1/00 0:00,3.2767,0.7656,3/8/23 13:45,0.54,Non-Auction Ads,Promote
20230807,1773182213498920 ,US,US&CA,,1/1/00 0:00,21.5033,7.7414,3/8/23 14:00,1.81,RIE,Ad Group Recall (Merged)
20230807,1773227679999020 ,AE,MENA,,1/1/00 0:00,5.6,4.9364,3/8/23 13:54,1.67,RIE,Ad Group Recall (Merged)
20230807,1773215968347130 ,VN,,,1/1/00 0:00,4.0797,3.1201,3/8/23 13:50,0.54,Non-Auction Ads,Promote
20230807,1773113541170190 ,PH,PH,,1/1/00 0:00,79.5,56.8305,3/8/23 16:00,2.46,Auction Ads,auction_relation
20230807,1773215842069500 ,PH,,,1/1/00 0:00,3.3126,0.7656,3/8/23 13:47,0.54,Non-Auction Ads,Promote
20230807,1773216420001790 ,SA,,,1/1/00 0:00,5.8296,4.3132,3/8/23 13:57,0.54,Non-Auction Ads,Promote
20230807,1773215900321790 ,ID,,,1/1/00 0:00,1.0697,0.8591,3/8/23 13:49,0.54,Non-Auction Ads,Promote
20230807,1773216892870650 ,ID,,,1/1/00 0:00,1.9283,4.6159,3/8/23 14:04,0.54,Non-Auction Ads,Promote
20230807,1773217846198270 ,NL,,,1/1/00 0:00,11.0714,9.4621,3/8/23 14:19,0.54,Non-Auction Ads,Promote
20230807,1773220880908330 ,NZ,Other,,1/1/00 0:00,495.66,33.4767,3/8/23 15:02,1.62,RIE,Ad Group Recall (Merged)
20230807,1773220880908330 ,NZ,NZ,,1/1/00 0:00,495.66,33.4767,3/8/23 15:02,1.58,Auction Ads,auction_relation
20230807,1773216052115450 ,PH,,,1/1/00 0:00,2.2062,0.5197,3/8/23 13:52,0.54,Non-Auction Ads,Promote
20230807,1773216518059000 ,MY,,,1/1/00 0:00,6.6898,2.6213,3/8/23 13:59,0.54,Non-Auction Ads,Promote
20230807,1773213614395440 ,LB,Other,,1/1/00 0:00,23.44,4.5068,3/8/23 14:06,1.62,RIE,Ad Group Recall (Merged)
20230807,1773216356740090 ,MY,,,1/1/00 0:00,4.4921,0.7699,3/8/23 13:56,0.54,Non-Auction Ads,Promote
20230807,1773216450396160 ,ID,,,1/1/00 0:00,2.8378,1.5426,3/8/23 13:58,0.54,Non-Auction Ads,Promote
20230807,1773217539335160 ,ID,,,1/1/00 0:00,19.6596,4.9069,3/8/23 14:15,1.53,RIE,Promote Report Recall
20230807,1773101215981580 ,US,US&CA,,1/1/00 0:00,153.53,51.6818,3/8/23 16:00,1.81,RIE,Ad Group Recall (Merged)
20230807,1773214377188400 ,CL,Other,,1/1/00 0:00,17.46,8.8744,3/8/23 14:22,1.62,RIE,Ad Group Recall (Merged)
20230807,1773219054987290 ,MY,MY,,1/1/00 0:00,,0.5573,3/8/23 14:06,2.31,Auction Ads,auction_relation
20230807,1773217559986180 ,BR,,,1/1/00 0:00,2.6679,1.9219,3/8/23 14:15,0.54,Non-Auction Ads,Promote
20230807,1773217418711040 ,TR,,,1/1/00 0:00,0.6026,0.4751,3/8/23 14:12,0.54,Non-Auction Ads,Promote
20230807,1773217508254740 ,BR,,,1/1/00 0:00,3.3526,1.5212,3/8/23 14:15,0.54,Non-Auction Ads,Promote
20230807,1773217621425150 ,VN,,,1/1/00 0:00,2.8631,1.0897,3/8/23 14:15,0.54,Non-Auction Ads,Promote
20230807,1773218761822220 ,IT,IT,,1/1/00 0:00,11.8,8.9068,3/8/23 14:28,1.79,RIE,Ad Group Recall (Merged)
20230807,1773217622451200 ,BR,,,1/1/00 0:00,3.5871,1.6287,3/8/23 14:16,0.54,Non-Auction Ads,Promote
20230807,1773215741074440 ,CA,US&CA,,1/1/00 0:00,37.76,16.2651,3/8/23 14:42,1.81,RIE,Ad Group Recall (Merged)
20230807,1773215741074440 ,NZ,Other,,1/1/00 0:00,37.76,16.2651,3/8/23 14:42,1.62,RIE,Ad Group Recall (Merged)
20230807,1773217671901180 ,VN,,,1/1/00 0:00,4.3393,1.0897,3/8/23 14:16,0.54,Non-Auction Ads,Promote
20230807,1773182388360190 ,US,US&CA,,1/1/00 0:00,15.58,8.1655,3/8/23 14:30,1.81,RIE,Ad Group Recall (Merged)
20230807,1773217926027290 ,US,US&CA,,1/1/00 0:00,77.53,14.5508,3/8/23 14:44,1.81,RIE,Ad Group Recall (Merged)
20230807,1773219357758480 ,TR,TR,,1/1/00 0:00,157.7598,7.4106,3/8/23 14:31,0.83,Auction Ads,auction_relation
20230807,1773217979590650 ,KH,,,1/1/00 0:00,0.9988,0.3727,3/8/23 14:21,0.54,Non-Auction Ads,Promote
20230807,1773218633989230 ,UY,Other,,1/1/00 0:00,210.55,31.8279,3/8/23 15:25,1.62,RIE,Ad Group Recall (Merged)
20230807,1773218633989230 ,BR,BR,,1/1/00 0:00,210.55,31.8279,3/8/23 15:25,1.7,RIE,Ad Group Recall (Merged)
20230807,1773217885449210 ,KH,,,1/1/00 0:00,0.9349,0.5726,3/8/23 14:21,0.54,Non-Auction Ads,Promote
20230807,1773218038990840 ,KH,,,1/1/00 0:00,0.9978,0.5726,3/8/23 14:22,0.54,Non-Auction Ads,Promote
20230807,1773218692977670 ,DE,,,1/1/00 0:00,11.347,7.1086,3/8/23 14:32,0.54,Non-Auction Ads,Promote
20230807,1773218145546240 ,KH,,,1/1/00 0:00,0.9484,0.5427,3/8/23 14:24,0.54,Non-Auction Ads,Promote
20230807,1773218191283260 ,QA,,,1/1/00 0:00,2.596,1.0938,3/8/23 14:25,0.54,Non-Auction Ads,Promote
20230807,1773218159964160 ,KH,,,1/1/00 0:00,0.9619,0.595,3/8/23 14:24,0.54,Non-Auction Ads,Promote
20230807,1773219965883410 ,US,US&CA,,1/1/00 0:00,153.12,37.8448,3/8/23 15:50,1.81,RIE,Ad Group Recall (Merged)
20230807,1773217588713470 ,PH,,,1/1/00 0:00,1.8645,0.2622,3/8/23 14:26,0.54,Non-Auction Ads,Promote
20230807,1773218289009660 ,KH,,,1/1/00 0:00,0.9458,0.595,3/8/23 14:26,0.54,Non-Auction Ads,Promote
20230807,1773216364008450 ,SE,Other,,1/1/00 0:00,37.49,16.2651,3/8/23 14:54,1.62,RIE,Ad Group Recall (Merged)
20230807,1773216364008450 ,FR,FR,,1/1/00 0:00,37.49,16.2651,3/8/23 14:54,1.76,RIE,Ad Group Recall (Merged)
20230807,1773216364008450 ,NZ,Other,,1/1/00 0:00,37.49,16.2651,3/8/23 14:54,1.62,RIE,Ad Group Recall (Merged)
20230807,1773216364008450 ,FI,Other,,1/1/00 0:00,37.49,16.2651,3/8/23 14:54,1.62,RIE,Ad Group Recall (Merged)
20230807,1773216364008450 ,NO,Other,,1/1/00 0:00,37.49,16.2651,3/8/23 14:54,1.62,RIE,Ad Group Recall (Merged)
20230807,1773216364008450 ,IE,Other,,1/1/00 0:00,37.49,16.2651,3/8/23 14:54,1.62,RIE,Ad Group Recall (Merged)
20230807,1773218280514560 ,PH,,,1/1/00 0:00,3.2415,0.3143,3/8/23 14:27,0.54,Non-Auction Ads,Promote
20230807,1773218578589690 ,ID,,,1/1/00 0:00,1.9908,1.4487,3/8/23 14:30,0.54,Non-Auction Ads,Promote
20230807,1773218538593280 ,VN,,,1/1/00 0:00,0.5794,0.8239,3/8/23 14:31,1.53,RIE,Promote Report Recall
20230807,1773218613855230 ,ES,,,1/1/00 0:00,4.5448,1.6052,3/8/23 14:32,0.54,Non-Auction Ads,Promote
20230807,1773218629998590 ,KW,,,1/1/00 0:00,3.0751,2.7465,3/8/23 14:33,0.54,Non-Auction Ads,Promote
20230807,1773218684847100 ,PH,,,1/1/00 0:00,0.1704,1.0886,3/8/23 14:33,0.54,Non-Auction Ads,Promote
20230807,1773218892251130 ,PH,,,1/1/00 0:00,1.6496,3.0143,3/8/23 14:37,0.54,Non-Auction Ads,Promote
20230807,1773218801197060 ,HU,,,1/1/00 0:00,2.9995,2.1698,3/8/23 14:36,0.54,Non-Auction Ads,Promote
20230807,1773218995914750 ,MY,,,1/1/00 0:00,6.5689,3.6798,3/8/23 14:38,0.54,Non-Auction Ads,Promote
20230807,1773223707071490 ,US,,,1/1/00 0:00,50.43,32.553,3/8/23 15:53,0.54,Non-Auction Ads,Promote
20230807,1773219022243840 ,MY,,,1/1/00 0:00,3.9827,2.6256,3/8/23 14:38,0.54,Non-Auction Ads,Promote
20230807,1773218875762690 ,ES,,,1/1/00 0:00,0.782,1.7376,3/8/23 14:37,0.54,Non-Auction Ads,Promote
20230807,1773218750871550 ,KH,,,1/1/00 0:00,0.9695,0.5877,3/8/23 14:34,0.54,Non-Auction Ads,Promote
20230807,1773238848535550 ,MX,Other,,1/1/00 0:00,411.8116,95.0864,3/8/23 19:28,1.62,RIE,Ad Group Recall (Merged)
20230807,1773238848535550 ,MX,Other,,1/1/00 0:00,411.8116,95.0864,3/8/23 19:28,1.62,RIE,Ad Group Recall (Merged)
20230807,1773219013052410 ,VN,,,1/1/00 0:00,0,1.9928,3/8/23 14:38,0.54,Non-Auction Ads,Promote
20230807,1773219092912130 ,EG,,,1/1/00 0:00,0.5488,1.9147,3/8/23 14:40,0.54,Non-Auction Ads,Promote
20230807,1773219303855100 ,ID,,,1/1/00 0:00,2.0749,0.7398,3/8/23 14:42,0.54,Non-Auction Ads,Promote
20230807,1773219540096000 ,PH,,,1/1/00 0:00,3.2489,0.7669,3/8/23 14:45,0.54,Non-Auction Ads,Promote
20230807,1773224731216900 ,US,,,1/1/00 0:00,19.58,34.625,3/8/23 16:09,0.54,Non-Auction Ads,Promote
20230807,1773219578127360 ,PH,,,1/1/00 0:00,3.3326,0.7669,3/8/23 14:46,0.54,Non-Auction Ads,Promote
20230807,1773219824380930 ,KH,,,1/1/00 0:00,0.9705,2.0187,3/8/23 14:50,0.54,Non-Auction Ads,Promote
20230807,1773221952473090 ,US,,,1/1/00 0:00,26.25,16.3065,3/8/23 15:24,0.54,Non-Auction Ads,Promote
20230807,1773219923280890 ,KW,,,1/1/00 0:00,1.1064,1.5893,3/8/23 14:52,0.54,Non-Auction Ads,Promote
20230807,1773219659840510 ,VN,,,1/1/00 0:00,0,1.9928,3/8/23 14:53,0.54,Non-Auction Ads,Promote
20230807,1773220052141050 ,VN,,,1/1/00 0:00,0,0.9311,3/8/23 14:53,0.54,Non-Auction Ads,Promote
20230807,1773229489546290 ,TR,TR,,1/1/00 0:00,38.3483,38.9487,3/8/23 16:42,1.63,RIE,Ad Group Recall (Merged)
20230807,1773220507368440 ,VN,,,1/1/00 0:00,6.2646,3.887,3/8/23 15:01,0.54,Non-Auction Ads,Promote
20230807,1773223644200960 ,DE,,,1/1/00 0:00,11.6911,22.3319,3/8/23 15:52,1.53,RIE,Promote Report Recall
20230807,1773220249434110 ,VN,,,1/1/00 0:00,0,2.4027,3/8/23 14:58,0.54,Non-Auction Ads,Promote
20230807,1773220611660800 ,AE,,,1/1/00 0:00,2.6626,5.3238,3/8/23 15:03,0.54,Non-Auction Ads,Promote
20230807,1773220227351550 ,SA,,,1/1/00 0:00,2.8308,1.3137,3/8/23 14:57,0.54,Non-Auction Ads,Promote
20230807,1773220307604480 ,KW,,,1/1/00 0:00,6.3548,2.0058,3/8/23 15:01,0.54,Non-Auction Ads,Promote
20230807,1773221590834170 ,TH,,,1/1/00 0:00,4.9645,8.5761,3/8/23 15:18,0.54,Non-Auction Ads,Promote
20230807,1773221637836810 ,PK,Other,,1/1/00 0:00,0,5.3816,3/8/23 15:11,1.62,RIE,Ad Group Recall (Merged)
20230807,1773220552900600 ,VN,,,1/1/00 0:00,1.9496,0.6865,3/8/23 15:02,0.54,Non-Auction Ads,Promote
20230807,1773217798968360 ,US,US&CA,,1/1/00 0:00,0,4.4603,3/8/23 15:12,1.81,RIE,Ad Group Recall (Merged)
20230807,1773220913596410 ,SA,,,1/1/00 0:00,2.631,2.2565,3/8/23 15:08,0.54,Non-Auction Ads,Promote
20230807,1773220666854400 ,PH,,,1/1/00 0:00,0.9743,0.6961,3/8/23 15:03,0.54,Non-Auction Ads,Promote
20230807,1773221052365820 ,SA,,,1/1/00 0:00,2.7803,2.2565,3/8/23 15:10,0.54,Non-Auction Ads,Promote
20230807,1773199545581560 ,KH,Other,,1/1/00 0:00,3.05,5.9777,3/8/23 15:19,1.62,RIE,Ad Group Recall (Merged)
20230807,1773223414240260 ,US,,,1/1/00 0:00,24.18,14.75,3/8/23 15:48,0.54,Non-Auction Ads,Promote
20230807,1773225049949230 ,SA,MENA,,1/1/00 0:00,6.0563,8.9668,3/8/23 15:29,1.67,RIE,Ad Group Recall (Merged)
20230807,1773221033470970 ,ID,,,1/1/00 0:00,3.8783,0.4766,3/8/23 15:09,0.54,Non-Auction Ads,Promote
20230807,1773221144545280 ,SA,,,1/1/00 0:00,2.6497,2.2565,3/8/23 15:13,0.54,Non-Auction Ads,Promote
20230807,1773221009080320 ,ID,,,1/1/00 0:00,1.4958,0.8601,3/8/23 15:10,0.54,Non-Auction Ads,Promote
20230807,1773217928464410 ,GR,Other,,1/1/00 0:00,5.4373,2.9283,3/8/23 15:18,1.62,RIE,Ad Group Recall (Merged)
20230807,1773217928464410 ,GR,Other,,1/1/00 0:00,5.4373,2.9283,3/8/23 15:18,1.62,RIE,Ad Group Recall (Merged)
20230807,1773221546179580 ,ID,,,1/1/00 0:00,0.9095,0.8601,3/8/23 15:19,0.54,Non-Auction Ads,Promote
20230807,1773218423245850 ,US,US&CA,,1/1/00 0:00,,1.5741,3/8/23 15:21,1.81,RIE,Ad Group Recall (Merged)
20230807,1773222263816190 ,VN,,,1/1/00 0:00,0,4.7948,3/8/23 15:30,0.54,Non-Auction Ads,Promote
20230807,1773223019565100 ,BR,BR,,1/1/00 0:00,6.4821,5.3519,3/8/23 15:33,1.7,RIE,Ad Group Recall (Merged)
20230807,1773223073994750 ,SA,,,1/1/00 0:00,0.088,6.9552,3/8/23 15:42,0.54,Non-Auction Ads,Promote
20230807,1773221919921150 ,KH,,,1/1/00 0:00,0.9518,0.2336,3/8/23 15:24,0.54,Non-Auction Ads,Promote
20230807,1773222169099260 ,VN,,,1/1/00 0:00,0,0.9897,3/8/23 15:27,0.54,Non-Auction Ads,Promote
20230807,1773222433001470 ,TH,,,1/1/00 0:00,5.2389,2.1533,3/8/23 15:31,0.54,Non-Auction Ads,Promote
20230807,1773222456034320 ,BR,BR,,1/1/00 0:00,0,0.8572,3/8/23 15:30,1.99,Auction Ads,auction_all
20230807,1773222730848250 ,GR,Other,,1/1/00 0:00,2.26,3.6507,3/8/23 15:35,1.62,RIE,Ad Group Recall (Merged)
20230807,1773222417849340 ,TR,,,1/1/00 0:00,2.2171,1.8858,3/8/23 15:32,0.54,Non-Auction Ads,Promote
20230807,1773225044128780 ,FR,FR,,1/1/00 0:00,3.55,14.3882,3/8/23 16:09,1.76,RIE,Ad Group Recall (Merged)
20230807,1773222332862590 ,KH,,,1/1/00 0:00,0.9529,0.7786,3/8/23 15:31,0.54,Non-Auction Ads,Promote
20230807,1773222480438270 ,SA,,,1/1/00 0:00,0.7597,1.2061,3/8/23 15:33,0.54,Non-Auction Ads,Promote
20230807,1773222580887550 ,SA,,,1/1/00 0:00,0.9196,1.2061,3/8/23 15:35,0.54,Non-Auction Ads,Promote
20230807,1773223371921410 ,VN,,,1/1/00 0:00,0,1.6544,3/8/23 15:47,0.54,Non-Auction Ads,Promote
20230807,1773223379600380 ,VN,,,1/1/00 0:00,3.2755,1.9818,3/8/23 15:47,0.54,Non-Auction Ads,Promote
20230807,1773221381221370 ,SA,MENA,,1/1/00 0:00,8.6064,9.4112,3/8/23 16:02,1.67,RIE,Ad Group Recall (Merged)
20230807,1773209554597930 ,SA,MENA,,1/1/00 0:00,213.35,87.0355,3/8/23 21:00,1.67,RIE,Ad Group Recall (Merged)
20230807,1773223444722690 ,ID,,,1/1/00 0:00,4.4758,1.4078,3/8/23 15:49,0.54,Non-Auction Ads,Promote
20230807,1773224031801340 ,MY,,,1/1/00 0:00,5.1463,4.2461,3/8/23 15:58,0.54,Non-Auction Ads,Promote
20230807,1773223521446910 ,VN,,,1/1/00 0:00,4.7824,0.6857,3/8/23 15:50,0.54,Non-Auction Ads,Promote
20230807,1773223901892610 ,VN,,,1/1/00 0:00,0,2.1682,3/8/23 15:55,0.54,Non-Auction Ads,Promote
20230807,1773224016348160 ,SA,,,1/1/00 0:00,4.2648,2.0338,3/8/23 15:57,0.54,Non-Auction Ads,Promote
20230807,1773232468675630 ,BR,BR,,1/1/00 0:00,0,42.9782,3/8/23 18:10,1.7,RIE,Ad Group Recall (Merged)
20230807,1773225504788510 ,TW,TW,,1/1/00 0:00,11.04,9.2533,3/8/23 16:16,2.59,RIE,Ad Group Recall (Merged)
20230807,1773223895672830 ,EG,,,1/1/00 0:00,0.2889,0.2335,3/8/23 15:55,1.53,RIE,Promote Report Recall
20230807,1773221618275360 ,PL,PL,,1/1/00 0:00,19.7962,7.6505,3/8/23 16:16,1.64,Auction Ads,auction_relation
20230807,1773226136966190 ,PE,Other,,1/1/00 0:00,81.07,8.0813,3/8/23 16:23,1.62,RIE,Ad Group Recall (Merged)
20230807,1773225108145150 ,SA,,,1/1/00 0:00,6.1632,5.9226,3/8/23 16:16,0.54,Non-Auction Ads,Promote
20230807,1773224414486530 ,MY,,,1/1/00 0:00,2.0703,3.5393,3/8/23 16:07,0.54,Non-Auction Ads,Promote
20230807,1773224558269440 ,SA,,,1/1/00 0:00,12.9848,2.1941,3/8/23 16:05,0.54,Non-Auction Ads,Promote
20230807,1773224212332540 ,VN,,,1/1/00 0:00,0,0.9053,3/8/23 16:01,0.54,Non-Auction Ads,Promote
20230807,1773226139140110 ,PE,Other,,1/1/00 0:00,77.32,8.0813,3/8/23 16:30,1.62,RIE,Ad Group Recall (Merged)
20230807,1773282750069760 ,TH,TH,,1/1/00 0:00,69.39,257.452,4/8/23 7:29,1.87,RIE,Ad Group Recall (Merged)
20230807,1773224473864190 ,SA,,,1/1/00 0:00,2.1113,1.6058,3/8/23 16:05,0.54,Non-Auction Ads,Promote
20230807,1773224635077630 ,VN,,,1/1/00 0:00,2.7413,1.8688,3/8/23 16:06,0.54,Non-Auction Ads,Promote
20230807,1773226475186170 ,MX,Other,,1/1/00 0:00,20.14,8.0813,3/8/23 16:34,1.62,RIE,Ad Group Recall (Merged)
20230807,1773228702626810 ,CO,Other,,1/1/00 0:00,7.23,11.1607,3/8/23 16:46,1.62,RIE,Ad Group Recall (Merged)
20230807,1773225626003460 ,BR,,,1/1/00 0:00,3.0514,2.0319,3/8/23 16:22,0.54,Non-Auction Ads,Promote
20230807,1773105131515900 ,NL,Other,,1/1/00 0:00,27,4.695,3/8/23 16:30,1.62,RIE,Ad Group Recall (Merged)
20230807,1773105131515900 ,NL,Other,,1/1/00 0:00,27,4.695,3/8/23 16:30,1.62,RIE,Ad Group Recall (Merged)
20230807,1773224007529520 ,MX,Other,,1/1/00 0:00,8.67,7.0626,3/8/23 16:42,1.62,RIE,Ad Group Recall (Merged)
20230807,1773225958988800 ,SA,,,1/1/00 0:00,5.198,2.1589,3/8/23 16:29,0.54,Non-Auction Ads,Promote
20230807,1773227290324990 ,IL,,,1/1/00 0:00,27.6358,10.1642,3/8/23 16:50,1.53,RIE,Promote Report Recall
20230807,1773225786135550 ,BR,,,1/1/00 0:00,0.0718,1.0104,3/8/23 16:28,0.54,Non-Auction Ads,Promote
20230807,1773227295106090 ,PH,Other,,1/1/00 0:00,4.29,8.0813,3/8/23 16:48,1.62,RIE,Ad Group Recall (Merged)
20230807,1773226174937090 ,BR,,,1/1/00 0:00,4.484,2.4508,3/8/23 16:34,0.54,Non-Auction Ads,Promote
20230807,1773226096681980 ,SA,,,1/1/00 0:00,1.8365,1.6088,3/8/23 16:31,0.54,Non-Auction Ads,Promote
20230807,1773226369638400 ,CA,,,1/1/00 0:00,2.1687,1.8956,3/8/23 16:38,1.53,RIE,Promote Report Recall
20230807,1773226489627650 ,VN,,,1/1/00 0:00,0.7871,1.2999,3/8/23 16:37,0.54,Non-Auction Ads,Promote
20230807,1773234235551790 ,US,US&CA,,1/1/00 0:00,31.14,52.1259,3/8/23 19:38,1.81,RIE,Ad Group Recall (Merged)
20230807,1773226997189630 ,SA,,,1/1/00 0:00,2.9295,2.4663,3/8/23 16:44,0.54,Non-Auction Ads,Promote
20230807,1773232216371200 ,FR,FR,,1/1/00 0:00,89.43,26.9423,3/8/23 18:04,1.76,RIE,Ad Group Recall (Merged)
20230807,1773231697041410 ,US,,,1/1/00 0:00,44.27,23.6913,3/8/23 18:00,0.54,Non-Auction Ads,Promote
20230807,1773227203297280 ,KW,,,1/1/00 0:00,6.4002,4.1068,3/8/23 16:50,0.54,Non-Auction Ads,Promote
20230807,1773227270629370 ,IL,,,1/1/00 0:00,3.2508,2.449,3/8/23 16:49,0.54,Non-Auction Ads,Promote
20230807,1773228780094460 ,MX,Other,,1/1/00 0:00,7.38,11.1607,3/8/23 17:12,1.62,RIE,Ad Group Recall (Merged)
20230807,1773228780094460 ,HU,Other,,1/1/00 0:00,7.38,11.1607,3/8/23 17:12,1.62,RIE,Ad Group Recall (Merged)
20230807,1773228780094460 ,CZ,Other,,1/1/00 0:00,7.38,11.1607,3/8/23 17:12,1.62,RIE,Ad Group Recall (Merged)
20230807,1773228780094460 ,RO,Other,,1/1/00 0:00,7.38,11.1607,3/8/23 17:12,1.62,RIE,Ad Group Recall (Merged)
20230807,1773228780094460 ,PE,Other,,1/1/00 0:00,7.38,11.1607,3/8/23 17:12,1.62,RIE,Ad Group Recall (Merged)
20230807,1773228780094460 ,EC,Other,,1/1/00 0:00,7.38,11.1607,3/8/23 17:12,1.62,RIE,Ad Group Recall (Merged)
20230807,1773235805038640 ,TR,TR,,1/1/00 0:00,37.4383,38.9487,3/8/23 19:02,1.63,RIE,Ad Group Recall (Merged)
20230807,1773227724178460 ,VN,VN,,1/1/00 0:00,2.8649,1.5075,3/8/23 16:49,2.14,Auction Ads,auction_relation
20230807,1773226142631930 ,IT,IT,,1/1/00 0:00,31.05,12.6655,3/8/23 17:28,1.79,RIE,Ad Group Recall (Merged)
20230807,1773227748707330 ,VN,,,1/1/00 0:00,0,2.2268,3/8/23 16:56,0.54,Non-Auction Ads,Promote
20230807,1773227508288510 ,VN,,,1/1/00 0:00,0.9252,1.336,3/8/23 16:53,0.54,Non-Auction Ads,Promote
20230807,1773228360006670 ,ID,ID,,1/1/00 0:00,7.5323,3.5869,3/8/23 17:00,1.8,Auction Ads,auction_relation
20230807,1773228360006670 ,ID,ID,,1/1/00 0:00,7.5323,3.5869,3/8/23 17:00,1.8,Auction Ads,auction_relation
20230807,1773227558882300 ,VN,,,1/1/00 0:00,0,0.345,3/8/23 16:53,0.54,Non-Auction Ads,Promote
20230807,1773230413590530 ,US,,,1/1/00 0:00,26.2,16.2254,3/8/23 17:41,0.54,Non-Auction Ads,Promote
20230807,1773228009527290 ,MY,,,1/1/00 0:00,11.0675,3.661,3/8/23 17:01,0.54,Non-Auction Ads,Promote
20230807,1773228304465920 ,VN,,,1/1/00 0:00,4.0158,3.646,3/8/23 17:06,0.54,Non-Auction Ads,Promote
20230807,1773226693812220 ,ID,ID,,1/1/00 0:00,63.4759,1.6773,3/8/23 17:00,1.8,Auction Ads,auction_relation
20230807,1773228284665860 ,BR,,,1/1/00 0:00,3.261,2.0717,3/8/23 17:06,0.54,Non-Auction Ads,Promote
20230807,1773228469905400 ,SA,,,1/1/00 0:00,7.1918,2.0788,3/8/23 17:07,0.54,Non-Auction Ads,Promote
20230807,1773229985518670 ,DE,,,1/1/00 0:00,10.7417,9.4988,3/8/23 17:32,0.54,Non-Auction Ads,Promote
20230807,1773229903713280 ,US,,,1/1/00 0:00,10.6,6.9377,3/8/23 17:31,1.53,RIE,Promote Report Recall
20230807,1773229066547200 ,BR,,,1/1/00 0:00,4.1799,3.6657,3/8/23 17:19,0.54,Non-Auction Ads,Promote
20230807,1773217874793520 ,GB,GB,,1/1/00 0:00,0,56.0172,3/8/23 21:00,1.72,RIE,Ad Group Recall (Merged)
20230807,1773230603618320 ,TH,TH,,1/1/00 0:00,11.4318,8.9865,3/8/23 17:39,1.87,RIE,Ad Group Recall (Merged)
20230807,1773231761808380 ,PL,PL,,1/1/00 0:00,29.8081,23.3125,3/8/23 18:49,1.64,Auction Ads,auction_relation
20230807,1773229968385020 ,NL,,,1/1/00 0:00,7.0765,6.5735,3/8/23 17:33,0.54,Non-Auction Ads,Promote
20230807,1773229031997440 ,PH,,,1/1/00 0:00,2.7388,1.2672,3/8/23 17:17,0.54,Non-Auction Ads,Promote
20230807,1773248662071310 ,CA,US&CA,,1/1/00 0:00,46.559,77.8297,3/8/23 22:27,1.81,RIE,Ad Group Recall (Merged)
20230807,1773248662071310 ,CA,US&CA,,1/1/00 0:00,46.559,77.8297,3/8/23 22:27,1.81,RIE,Ad Group Recall (Merged)
20230807,1773229778703360 ,SA,,,1/1/00 0:00,0,2.2576,3/8/23 17:28,0.54,Non-Auction Ads,Promote
20230807,1773229399241720 ,VN,,,1/1/00 0:00,0,0.832,3/8/23 17:22,0.54,Non-Auction Ads,Promote
20230807,1773230041752580 ,FR,,,1/1/00 0:00,7.5863,4.8816,3/8/23 17:33,0.54,Non-Auction Ads,Promote
20230807,1773230070685760 ,IT,,,1/1/00 0:00,5.5797,4.7125,3/8/23 17:34,0.54,Non-Auction Ads,Promote
20230807,1773235198985220 ,US,,,1/1/00 0:00,28.89,22.23,3/8/23 18:55,0.54,Non-Auction Ads,Promote
20230807,1773229736428540 ,SA,,,1/1/00 0:00,8.066,0.9092,3/8/23 17:29,0.54,Non-Auction Ads,Promote
20230807,1773229828586490 ,SA,,,1/1/00 0:00,2.5055,1.1365,3/8/23 17:30,0.54,Non-Auction Ads,Promote
20230807,1773229903348740 ,BR,,,1/1/00 0:00,0.4741,1.9465,3/8/23 17:32,0.54,Non-Auction Ads,Promote
20230807,1773229981050880 ,BR,,,1/1/00 0:00,1.5963,1.9858,3/8/23 17:33,0.54,Non-Auction Ads,Promote
20230807,1773230123649020 ,AE,,,1/1/00 0:00,0,2.2289,3/8/23 17:35,0.54,Non-Auction Ads,Promote
20230807,1773230603296810 ,MX,Other,,1/1/00 0:00,2.3873,2.0537,3/8/23 17:40,1.62,RIE,Ad Group Recall (Merged)
20230807,1773234142245920 ,GB,,,1/1/00 0:00,23.5226,12.5219,3/8/23 18:37,0.54,Non-Auction Ads,Promote
20230807,1773231225644030 ,SA,,,1/1/00 0:00,2.9752,1.3102,3/8/23 17:51,1.53,RIE,Promote Report Recall
20230807,1773231681510400 ,BR,,,1/1/00 0:00,0.9254,3.0878,3/8/23 18:00,0.54,Non-Auction Ads,Promote
20230807,1773231226340350 ,VN,,,1/1/00 0:00,0.6052,1.7337,3/8/23 17:55,0.54,Non-Auction Ads,Promote
20230807,1773195105880060 ,ZA,ZA,,1/1/00 0:00,23.1879,1.8277,3/8/23 18:00,1.4,Auction Ads,auction_relation
20230807,1773231349616640 ,TH,,,1/1/00 0:00,12.4737,0.9654,3/8/23 17:53,0.54,Non-Auction Ads,Promote
20230807,1773231654718460 ,SA,,,1/1/00 0:00,3.14,2.3576,3/8/23 18:00,0.54,Non-Auction Ads,Promote
20230807,1773232030216190 ,SA,,,1/1/00 0:00,4.5742,3.7904,3/8/23 18:04,0.54,Non-Auction Ads,Promote
20230807,1773193094129660 ,ZA,ZA,,1/1/00 0:00,23.5835,1.8277,3/8/23 18:00,1.4,Auction Ads,auction_relation
20230807,1773236332113920 ,US,,,1/1/00 0:00,27.36,21.54,3/8/23 19:13,0.54,Non-Auction Ads,Promote
20230807,1773233017018370 ,ID,,,1/1/00 0:00,5.815,5.6099,3/8/23 18:21,0.54,Non-Auction Ads,Promote
20230807,1773232747725820 ,SA,,,1/1/00 0:00,5.2193,3.7904,3/8/23 18:17,0.54,Non-Auction Ads,Promote
20230807,1773231823548410 ,ID,,,1/1/00 0:00,1.1584,0.927,3/8/23 18:03,1.53,RIE,Promote Report Recall
20230807,1773148346093580 ,FR,FR,,1/1/00 0:00,20.2211,25.0698,3/8/23 19:34,1.97,Auction Ads,auction_relation
20230807,1773223366286380 ,US,USCA,,1/1/00 0:00,333.65,85.3149,4/8/23 0:00,1.78,Auction Ads,auction_relation
20230807,1773232054286330 ,MY,,,1/1/00 0:00,10.9399,0.4743,3/8/23 18:05,0.54,Non-Auction Ads,Promote
20230807,1773232892731390 ,BR,,,1/1/00 0:00,3.5605,2.8728,3/8/23 18:21,0.54,Non-Auction Ads,Promote
20230807,1773232900870160 ,BR,,,1/1/00 0:00,2.557,2.8954,3/8/23 18:21,0.54,Non-Auction Ads,Promote
20230807,1773232803369980 ,ID,,,1/1/00 0:00,3.3766,0.9766,3/8/23 18:17,0.54,Non-Auction Ads,Promote
20230807,1773233004948540 ,PH,,,1/1/00 0:00,0,1.3586,3/8/23 18:19,1.53,RIE,Promote Report Recall
20230807,1773256419300350 ,US,US&CA,,1/1/00 0:00,785.64,88.8082,4/8/23 0:31,1.81,RIE,Ad Group Recall (Merged)
20230807,1773234013334520 ,TH,,,1/1/00 0:00,11.7639,4.6366,3/8/23 18:35,0.54,Non-Auction Ads,Promote
20230807,1773236068708350 ,US,,,1/1/00 0:00,32.02,15.7177,3/8/23 19:09,0.54,Non-Auction Ads,Promote
20230807,1773233132226560 ,AE,,,1/1/00 0:00,2.657,1.6471,3/8/23 18:22,1.53,RIE,Promote Report Recall
20230807,1773233904549890 ,BR,,,1/1/00 0:00,3.433,2.9088,3/8/23 18:35,0.54,Non-Auction Ads,Promote
20230807,1773235294881790 ,US,,,1/1/00 0:00,8.57,7.7473,3/8/23 18:57,0.54,Non-Auction Ads,Promote
20230807,1773234494053390 ,VN,VN,,1/1/00 0:00,0,0.8009,3/8/23 18:29,2.13,RIE,Ad Group Recall (Merged)
20230807,1773237908827170 ,EC,Other,,1/1/00 0:00,3.19,18.355,3/8/23 19:30,1.62,RIE,Ad Group Recall (Merged)
20230807,1773243477333040 ,GB,GB,,1/1/00 0:00,198.55,52.4829,3/8/23 21:59,1.72,RIE,Ad Group Recall (Merged)
20230807,1773233941143550 ,TR,,,1/1/00 0:00,1.8154,1.0263,3/8/23 18:35,0.54,Non-Auction Ads,Promote
20230807,1773235566630930 ,VN,VN,,1/1/00 0:00,42.5966,7.8857,3/8/23 19:00,2.13,RIE,Ad Group Recall (Merged)
20230807,1773234089125880 ,TR,,,1/1/00 0:00,1.9437,1.0263,3/8/23 18:38,0.54,Non-Auction Ads,Promote
20230807,1773234675032070 ,RO,,,1/1/00 0:00,2.9708,1.8203,3/8/23 18:47,0.54,Non-Auction Ads,Promote
20230807,1773235095913470 ,SA,,,1/1/00 0:00,5.51,3.5521,3/8/23 18:54,0.54,Non-Auction Ads,Promote
20230807,1773234667785220 ,HU,,,1/1/00 0:00,3.0954,2.1698,3/8/23 18:49,0.54,Non-Auction Ads,Promote
20230807,1773235924592640 ,US,,,1/1/00 0:00,11.39,9.1905,3/8/23 19:06,0.54,Non-Auction Ads,Promote
20230807,1773234990408700 ,PH,,,1/1/00 0:00,8.0408,2.152,3/8/23 18:52,0.54,Non-Auction Ads,Promote
20230807,1773235023024130 ,BR,,,1/1/00 0:00,0.318,2.9861,3/8/23 18:55,0.54,Non-Auction Ads,Promote
20230807,1773234654430210 ,BR,,,1/1/00 0:00,3.739,1.7156,3/8/23 18:49,0.54,Non-Auction Ads,Promote
20230807,1773235410403320 ,AE,,,1/1/00 0:00,7.4381,4.5899,3/8/23 18:58,0.54,Non-Auction Ads,Promote
20230807,1773235397691390 ,PH,,,1/1/00 0:00,3.7978,2.152,3/8/23 18:58,0.54,Non-Auction Ads,Promote
20230807,1773235452049400 ,PH,,,1/1/00 0:00,3.703,2.152,3/8/23 18:58,0.54,Non-Auction Ads,Promote
20230807,1773235556614150 ,IT,,,1/1/00 0:00,4.2372,2.7932,3/8/23 19:00,0.54,Non-Auction Ads,Promote
20230807,1773218151625740 ,DE,DE,,1/1/00 0:00,0,60.049,3/8/23 23:01,1.6,RIE,Ad Group Recall (Merged)
20230807,1773235673280510 ,GR,,,1/1/00 0:00,2.2779,1.4486,3/8/23 19:02,0.54,Non-Auction Ads,Promote
20230807,1773244826480650 ,ES,ES,,1/1/00 0:00,,47.7326,3/8/23 22:18,1.37,Auction Ads,auction_relation
20230807,1773235748969470 ,PH,,,1/1/00 0:00,12.1371,2.152,3/8/23 19:03,0.54,Non-Auction Ads,Promote
20230807,1773235680998400 ,IT,,,1/1/00 0:00,6.0858,1.6668,3/8/23 19:03,0.54,Non-Auction Ads,Promote
20230807,1773235807648770 ,TH,,,1/1/00 0:00,7.4666,2.0423,3/8/23 19:04,0.54,Non-Auction Ads,Promote
20230807,1773265342018570 ,TW,TW,,1/1/00 0:00,193.63,95.104,4/8/23 2:08,2.59,RIE,Ad Group Recall (Merged)
20230807,1773236861636610 ,KW,,,1/1/00 0:00,4.523,5.3712,3/8/23 19:22,0.54,Non-Auction Ads,Promote
20230807,1773248639693820 ,TR,TR,,1/1/00 0:00,22.2245,16.5626,3/8/23 20:10,1.63,RIE,Ad Group Recall (Merged)
20230807,1773239487318010 ,KR,KR,,1/1/00 0:00,31.4,22.78,3/8/23 20:47,2.37,Auction Ads,auction_relation
20230807,1773236200175610 ,AE,,,1/1/00 0:00,10.8086,3.3321,3/8/23 19:11,0.54,Non-Auction Ads,Promote
20230807,1773235798809600 ,GR,,,1/1/00 0:00,1.7386,1.4486,3/8/23 19:04,0.54,Non-Auction Ads,Promote
20230807,1773235831566330 ,SA,,,1/1/00 0:00,1.5061,1.9818,3/8/23 19:07,0.54,Non-Auction Ads,Promote
20230807,1773236842499070 ,SA,,,1/1/00 0:00,0,2.7107,3/8/23 19:21,0.54,Non-Auction Ads,Promote
20230807,1773236676692990 ,US,,,1/1/00 0:00,3.57,2.0705,3/8/23 19:18,0.54,Non-Auction Ads,Promote
20230807,1773241708809230 ,AU,AU,,1/1/00 0:00,3.3648,16.5577,3/8/23 20:37,1.84,Auction Ads,auction_relation
20230807,1773236977025020 ,AE,,,1/1/00 0:00,6.1613,2.5978,3/8/23 19:23,0.54,Non-Auction Ads,Promote
20230807,1773241794318350 ,AU,AU,,1/1/00 0:00,9.5294,16.5577,3/8/23 20:39,1.84,Auction Ads,auction_relation
20230807,1773241897538560 ,AU,AU,,1/1/00 0:00,6.67,16.5577,3/8/23 20:41,1.84,Auction Ads,auction_relation
20230807,1773237497711610 ,SA,MENA,,1/1/00 0:00,0,2.4387,3/8/23 19:27,1.67,RIE,Ad Group Recall (Merged)
20230807,1773242000282670 ,AU,AU,,1/1/00 0:00,21.5111,16.5577,3/8/23 20:42,1.84,Auction Ads,auction_relation
20230807,1773237638894590 ,KW,,,1/1/00 0:00,9.7452,5.468,3/8/23 19:36,0.54,Non-Auction Ads,Promote
20230807,1773237321784320 ,BR,,,1/1/00 0:00,3.4086,3.5517,3/8/23 19:30,0.54,Non-Auction Ads,Promote
20230807,1773237157963810 ,ES,,,1/1/00 0:00,2.312,1.7711,3/8/23 19:27,0.54,Non-Auction Ads,Promote
20230807,1773237389757470 ,KR,KR,,1/1/00 0:00,0,5.8749,3/8/23 19:39,2.37,Auction Ads,auction_relation
20230807,1773242207866890 ,AU,AU,,1/1/00 0:00,8.5765,16.5577,3/8/23 20:44,1.84,Auction Ads,auction_relation
20230807,1773242286189600 ,AU,AU,,1/1/00 0:00,7.1041,16.5577,3/8/23 20:46,1.84,Auction Ads,auction_relation
20230807,1773238191349760 ,CA,,,1/1/00 0:00,13.9074,5.4296,3/8/23 19:42,0.54,Non-Auction Ads,Promote
20230807,1773237447277580 ,US,US&CA,,1/1/00 0:00,0,2.8321,3/8/23 19:30,1.81,RIE,Ad Group Recall (Merged)
20230807,1773242341663760 ,AU,AU,,1/1/00 0:00,25.0791,16.5577,3/8/23 20:47,1.84,Auction Ads,auction_relation
20230807,1773242341663760 ,AU,AU,,1/1/00 0:00,25.0791,16.5577,3/8/23 20:47,1.84,Auction Ads,auction_relation
20230807,1773242383318050 ,AU,AU,,1/1/00 0:00,1.5905,16.5577,3/8/23 20:48,1.84,Auction Ads,auction_relation
20230807,1773238311473200 ,TH,TH,,1/1/00 0:00,3.1867,4.1799,3/8/23 19:43,1.87,RIE,Ad Group Recall (Merged)
20230807,1773240892901380 ,US,,,1/1/00 0:00,2.4,10.1412,3/8/23 20:26,0.54,Non-Auction Ads,Promote
20230807,1773237904232450 ,IL,,,1/1/00 0:00,3.0921,2.5045,3/8/23 19:42,0.54,Non-Auction Ads,Promote
20230807,1773238556738560 ,SA,,,1/1/00 0:00,3.4892,4,3/8/23 19:48,0.54,Non-Auction Ads,Promote
20230807,1773238906936320 ,SA,,,1/1/00 0:00,6.544,4,3/8/23 19:54,0.54,Non-Auction Ads,Promote
20230807,1773243665368080 ,US,US&CA,,1/1/00 0:00,39.7,34.4185,3/8/23 22:04,1.81,RIE,Ad Group Recall (Merged)
20230807,1773240536240130 ,US,,,1/1/00 0:00,14.6,7.1483,3/8/23 20:20,0.54,Non-Auction Ads,Promote
20230807,1773245402831920 ,NZ,Other,,1/1/00 0:00,55,38.0825,3/8/23 22:22,1.62,RIE,Ad Group Recall (Merged)
20230807,1773245402831920 ,ES,ES,,1/1/00 0:00,55,38.0825,3/8/23 22:22,1.79,RIE,Ad Group Recall (Merged)
20230807,1773245402831920 ,FR,FR,,1/1/00 0:00,55,38.0825,3/8/23 22:22,1.76,RIE,Ad Group Recall (Merged)
20230807,1773245402831920 ,TR,TR,,1/1/00 0:00,55,38.0825,3/8/23 22:22,1.63,RIE,Ad Group Recall (Merged)
20230807,1773245402831920 ,IT,IT,,1/1/00 0:00,55,38.0825,3/8/23 22:22,1.79,RIE,Ad Group Recall (Merged)
20230807,1773245402831920 ,HU,Other,,1/1/00 0:00,55,38.0825,3/8/23 22:22,1.62,RIE,Ad Group Recall (Merged)
20230807,1773238263297030 ,BR,,,1/1/00 0:00,2.7417,1.3881,3/8/23 19:46,0.54,Non-Auction Ads,Promote
20230807,1773243391058960 ,US,,,1/1/00 0:00,14.68,18.7193,3/8/23 21:05,0.54,Non-Auction Ads,Promote
20230807,1773228304550910 ,ID,ID,,1/1/00 0:00,21.6767,2.2893,3/8/23 20:00,2.05,RIE,Ad Group Recall (Merged)
20230807,1773238664830980 ,EG,,,1/1/00 0:00,0,0.9423,3/8/23 19:50,0.54,Non-Auction Ads,Promote
20230807,1773152254317570 ,MX,MX,,1/1/00 0:00,13.2924,4.0708,3/8/23 20:17,1.99,Auction Ads,auction_all
20230807,1773239052197880 ,EG,,,1/1/00 0:00,1.6339,1.0859,3/8/23 19:57,0.54,Non-Auction Ads,Promote
20230807,1773239340957700 ,IT,,,1/1/00 0:00,5.4589,1.4432,3/8/23 20:01,0.54,Non-Auction Ads,Promote
20230807,1773254355794990 ,JP,JP,,1/1/00 0:00,224.8441,55.4006,3/8/23 23:52,3.21,RIE,Ad Group Recall (Merged)
20230807,1773241730277380 ,US,,,1/1/00 0:00,10.39,4.6515,3/8/23 20:38,1.53,RIE,Promote Report Recall
20230807,1773239764642810 ,ID,,,1/1/00 0:00,3.9621,0.8271,3/8/23 20:07,0.54,Non-Auction Ads,Promote
20230807,1773244018749470 ,IT,IT,,1/1/00 0:00,6.3304,16.6728,3/8/23 21:12,1.79,RIE,Ad Group Recall (Merged)
20230807,1773239606549500 ,KH,,,1/1/00 0:00,0.834,0.2005,3/8/23 20:05,0.54,Non-Auction Ads,Promote
20230807,1773240862825470 ,SA,,,1/1/00 0:00,1.9512,2.7217,3/8/23 20:25,0.54,Non-Auction Ads,Promote
20230807,1773239783781370 ,ID,,,1/1/00 0:00,3.97,0.8271,3/8/23 20:07,0.54,Non-Auction Ads,Promote
20230807,1773244096634920 ,IT,IT,,1/1/00 0:00,0,16.6728,3/8/23 21:15,1.79,RIE,Ad Group Recall (Merged)
20230807,1773241622198270 ,ES,,,1/1/00 0:00,2.7188,1.9602,3/8/23 20:37,0.54,Non-Auction Ads,Promote
20230807,1773241927568380 ,SA,,,1/1/00 0:00,3.6812,1.9511,3/8/23 20:42,0.54,Non-Auction Ads,Promote
20230807,1773242561530920 ,SA,MENA,,1/1/00 0:00,18.54,18.56,3/8/23 21:40,1.78,Auction Ads,auction_relation
20230807,1773242561530920 ,QA,Others,,1/1/00 0:00,18.54,18.56,3/8/23 21:40,1.56,Auction Ads,auction_all
20230807,1773242561530920 ,AE,MENA,,1/1/00 0:00,18.54,18.56,3/8/23 21:40,1.78,Auction Ads,auction_relation
20230807,1773242561530920 ,EG,MENA,,1/1/00 0:00,18.54,18.56,3/8/23 21:40,1.78,Auction Ads,auction_relation
20230807,1773242561530920 ,KW,Others,,1/1/00 0:00,18.54,18.56,3/8/23 21:40,1.56,Auction Ads,auction_all
20230807,1773242561530920 ,MA,MA,,1/1/00 0:00,18.54,18.56,3/8/23 21:40,1.51,Auction Ads,auction_relation
20230807,1773241913661440 ,BR,,,1/1/00 0:00,2.6513,1.4788,3/8/23 20:42,0.54,Non-Auction Ads,Promote
20230807,1773244288011310 ,US,,,1/1/00 0:00,16.43,13.2366,3/8/23 21:20,0.54,Non-Auction Ads,Promote
20230807,1773242150700030 ,CA,,,1/1/00 0:00,2.7295,3.7756,3/8/23 20:49,1.53,RIE,Promote Report Recall
20230807,1773242895262720 ,KW,,,1/1/00 0:00,0,2.326,3/8/23 20:56,0.54,Non-Auction Ads,Promote
20230807,1773262661121070 ,MY,MY,,1/1/00 0:00,60.18,69.3108,4/8/23 1:59,2.3,RIE,Ad Group Recall (Merged)
20230807,1773218155962400 ,SA,MENA,,1/1/00 0:00,0,3.85,3/8/23 21:00,1.78,Auction Ads,auction_relation
20230807,1773218155962400 ,SA,MENA,,1/1/00 0:00,0,3.85,3/8/23 21:00,1.78,Auction Ads,auction_relation
20230807,1773242739976190 ,RO,,,1/1/00 0:00,1.4442,1.7314,3/8/23 20:56,0.54,Non-Auction Ads,Promote
20230807,1773226295225390 ,IT,IT,,1/1/00 0:00,347.2922,32.504,3/8/23 23:00,1.79,RIE,Ad Group Recall (Merged)
20230807,1773243047720960 ,SA,,,1/1/00 0:00,6.7469,2.7156,3/8/23 21:00,0.54,Non-Auction Ads,Promote
20230807,1773243192084480 ,CZ,,,1/1/00 0:00,5.9178,3.5078,3/8/23 21:02,0.54,Non-Auction Ads,Promote
20230807,1773245258159100 ,US,,,1/1/00 0:00,6.81,9.1727,3/8/23 21:36,0.54,Non-Auction Ads,Promote
20230807,1773243431548990 ,AU,,,1/1/00 0:00,17.4673,4.8758,3/8/23 21:06,0.54,Non-Auction Ads,Promote
20230807,1773247733330940 ,GB,,,1/1/00 0:00,26.0348,19.9296,3/8/23 22:15,0.54,Non-Auction Ads,Promote
20230807,1773243179857920 ,PH,,,1/1/00 0:00,3.4118,1.6833,3/8/23 21:01,0.54,Non-Auction Ads,Promote
20230807,1773250474142750 ,US,US&CA,,1/1/00 0:00,50.46,43.1489,3/8/23 23:54,1.81,RIE,Ad Group Recall (Merged)
20230807,1773243317636090 ,SA,,,1/1/00 0:00,2.0044,1.6845,3/8/23 21:05,0.54,Non-Auction Ads,Promote
20230807,1773243327611900 ,QA,,,1/1/00 0:00,4.0253,1.0533,3/8/23 21:04,0.54,Non-Auction Ads,Promote
20230807,1773244558398470 ,CA,,,1/1/00 0:00,10.4384,6.0633,3/8/23 21:24,0.54,Non-Auction Ads,Promote
20230807,1773222176453680 ,IL,IL,,1/1/00 0:00,20.29,14.9775,3/8/23 22:00,1.52,Auction Ads,auction_relation
20230807,1773222176453680 ,IL,IL,,1/1/00 0:00,20.29,14.9775,3/8/23 22:00,1.52,Auction Ads,auction_relation
20230807,1773243417929730 ,TR,,,1/1/00 0:00,1.9692,1.5465,3/8/23 21:07,0.54,Non-Auction Ads,Promote
20230807,1773244381312000 ,IT,,,1/1/00 0:00,1.9931,4.4853,3/8/23 21:22,0.54,Non-Auction Ads,Promote
20230807,1773243598123010 ,ES,,,1/1/00 0:00,5.6672,1.1591,3/8/23 21:08,0.54,Non-Auction Ads,Promote
20230807,1773243897969660 ,SA,,,1/1/00 0:00,3.8731,1.7062,3/8/23 21:13,0.54,Non-Auction Ads,Promote
20230807,1773251229700130 ,MX,Other,,1/1/00 0:00,59.6109,26.6735,3/8/23 23:07,1.62,RIE,Ad Group Recall (Merged)
20230807,1773244192172030 ,SA,,,1/1/00 0:00,1.4208,1.1671,3/8/23 21:18,0.54,Non-Auction Ads,Promote
20230807,1773245343897600 ,US,,,1/1/00 0:00,5.28,3.4308,3/8/23 21:37,0.54,Non-Auction Ads,Promote
20230807,1773245408039940 ,PT,,,1/1/00 0:00,2.2337,0.9964,3/8/23 21:36,0.54,Non-Auction Ads,Promote
20230807,1773246307286060 ,BR,BR,,1/1/00 0:00,0,1.5327,3/8/23 21:38,1.7,RIE,Ad Group Recall (Merged)
20230807,1773246012692480 ,ES,,,1/1/00 0:00,6.6471,3.9089,3/8/23 21:46,0.54,Non-Auction Ads,Promote
20230807,1773245921987580 ,BR,,,1/1/00 0:00,1.1758,2.7191,3/8/23 21:47,0.54,Non-Auction Ads,Promote
20230807,1773246090556470 ,EG,,,1/1/00 0:00,3.3367,2.6858,3/8/23 21:48,0.54,Non-Auction Ads,Promote
20230807,1773245585585150 ,VN,,,1/1/00 0:00,0,0.8742,3/8/23 21:40,0.54,Non-Auction Ads,Promote
20230807,1773253574166530 ,GB,,,1/1/00 0:00,38.1846,28.0251,3/8/23 23:46,0.54,Non-Auction Ads,Promote
20230807,1773246423792640 ,BR,BR,,1/1/00 0:00,0,1.5327,3/8/23 21:52,1.7,RIE,Ad Group Recall (Merged)
20230807,1773246402545660 ,BR,BR,,1/1/00 0:00,0,1.5327,3/8/23 21:52,1.7,RIE,Ad Group Recall (Merged)
20230807,1773246393478140 ,BR,BR,,1/1/00 0:00,0,1.5327,3/8/23 21:52,1.7,RIE,Ad Group Recall (Merged)
20230807,1773246556887040 ,TR,,,1/1/00 0:00,3.5915,1.184,3/8/23 21:56,0.54,Non-Auction Ads,Promote
20230807,1773261502342140 ,NO,Other,,1/1/00 0:00,267.6008,66.9086,4/8/23 2:50,1.62,RIE,Ad Group Recall (Merged)
20230807,1773250389360650 ,BR,BR,,1/1/00 0:00,46.5862,11.676,3/8/23 22:55,1.99,Auction Ads,auction_all
20230807,1773248433667070 ,SA,,,1/1/00 0:00,8.8447,7.8366,3/8/23 22:25,0.54,Non-Auction Ads,Promote
20230807,1773246822246400 ,EG,,,1/1/00 0:00,0,1.8905,3/8/23 22:01,0.54,Non-Auction Ads,Promote
20230807,1773248647228410 ,SA,,,1/1/00 0:00,0.0746,8.3186,3/8/23 22:29,0.54,Non-Auction Ads,Promote
20230807,1773248079116280 ,SA,,,1/1/00 0:00,0,2.5037,3/8/23 22:20,0.54,Non-Auction Ads,Promote
20230807,1773238960505850 ,FR,FR,,1/1/00 0:00,12.76,11.3182,3/8/23 23:00,1.76,RIE,Ad Group Recall (Merged)
20230807,1773221671103490 ,ID,ID,,1/1/00 0:00,0.5769,0.4476,3/8/23 22:07,2.05,RIE,Ad Group Recall (Merged)
20230807,1773221671103490 ,ID,ID,,1/1/00 0:00,0.5769,0.4476,3/8/23 22:07,2.05,RIE,Ad Group Recall (Merged)
20230807,1773250578446350 ,MA,Other,,1/1/00 0:00,11.6332,8.3373,3/8/23 22:55,1.62,RIE,Ad Group Recall (Merged)
20230807,1773251080403970 ,US,,,1/1/00 0:00,18.47,10.3658,3/8/23 23:08,0.54,Non-Auction Ads,Promote
20230807,1773248673689600 ,BR,,,1/1/00 0:00,0.7388,2.6989,3/8/23 22:30,0.54,Non-Auction Ads,Promote
20230807,1773249703707710 ,SA,,,1/1/00 0:00,0.048,2.8705,3/8/23 22:45,0.54,Non-Auction Ads,Promote
20230807,1773205188984860 ,CH,Other,,1/1/00 0:00,21.6284,7.0179,3/8/23 23:00,1.62,RIE,Ad Group Recall (Merged)
20230807,1773266528819240 ,ID,ID,,1/1/00 0:00,64.6013,66.2057,4/8/23 3:09,1.8,Auction Ads,auction_relation
20230807,1773251940979710 ,US,,,1/1/00 0:00,20.88,10.1725,3/8/23 23:21,0.54,Non-Auction Ads,Promote
20230807,1773248943494160 ,ES,ES,,1/1/00 0:00,17.9946,11.5028,3/8/23 23:28,1.79,RIE,Ad Group Recall (Merged)
20230807,1773249795478520 ,PH,,,1/1/00 0:00,1.8056,1.2607,3/8/23 22:50,0.54,Non-Auction Ads,Promote
20230807,1773251400454140 ,GB,,,1/1/00 0:00,3.8379,8.8069,3/8/23 23:13,0.54,Non-Auction Ads,Promote
20230807,1773250105136120 ,TR,,,1/1/00 0:00,0.8363,1.0564,3/8/23 22:52,0.54,Non-Auction Ads,Promote
20230807,1773250126928900 ,BR,,,1/1/00 0:00,3.2586,1.4584,3/8/23 22:53,0.54,Non-Auction Ads,Promote
20230807,1773240969530360 ,BR,BR,,1/1/00 0:00,438.6327,61.3266,4/8/23 3:00,1.43,Non-Auction Ads,R&F
20230807,1773250344232960 ,ES,,,1/1/00 0:00,6.6908,1.0539,3/8/23 22:55,0.54,Non-Auction Ads,Promote
20230807,1773252747304990 ,US,US&CA,,1/1/00 0:00,0,22.8221,4/8/23 0:33,1.81,RIE,Ad Group Recall (Merged)
20230807,1773219844616190 ,SA,MENA,,1/1/00 0:00,11.14,1.741,3/8/23 23:00,1.67,RIE,Ad Group Recall (Merged)
20230807,1773243065348130 ,SA,MENA,,1/1/00 0:00,6.98,1.3136,3/8/23 23:00,1.67,RIE,Ad Group Recall (Merged)
20230807,1773252859066370 ,AU,,,1/1/00 0:00,9.7394,9.2647,3/8/23 23:37,0.54,Non-Auction Ads,Promote
20230807,1773248570672160 ,FR,FR,,1/1/00 0:00,85.444,19.3304,4/8/23 0:30,1.76,RIE,Ad Group Recall (Merged)
20230807,1773250470499330 ,BR,,,1/1/00 0:00,1.7092,1.5732,3/8/23 23:02,0.54,Non-Auction Ads,Promote
20230807,1773250470499330 ,BR,,,1/1/00 0:00,1.7092,1.5732,3/8/23 23:02,0.54,Non-Auction Ads,Promote
20230807,1773251287872510 ,SA,,,1/1/00 0:00,4.2542,2.2249,3/8/23 23:11,0.54,Non-Auction Ads,Promote
20230807,1773262373708850 ,AU,AU,,1/1/00 0:00,102.7566,33.9713,4/8/23 1:54,1.84,RIE,Ad Group Recall (Merged)
20230807,1773263620237320 ,VN,VN,,1/1/00 0:00,133.3,37.7865,4/8/23 2:22,2.13,RIE,Ad Group Recall (Merged)
20230807,1773251406234630 ,EG,,,1/1/00 0:00,1.9574,0.9661,3/8/23 23:14,0.54,Non-Auction Ads,Promote
20230807,1773252149985280 ,ES,,,1/1/00 0:00,4.1603,2.0572,3/8/23 23:25,0.54,Non-Auction Ads,Promote
20230807,1773252142490620 ,SA,,,1/1/00 0:00,5.3607,1.6296,3/8/23 23:24,0.54,Non-Auction Ads,Promote
20230807,1773251807322110 ,BR,,,1/1/00 0:00,1.4984,0.9481,3/8/23 23:23,1.53,RIE,Promote Report Recall
20230807,1772708707061790 ,US,US&CA,,1/1/00 0:00,0,14.5847,4/8/23 0:26,1.81,RIE,Ad Group Recall (Merged)
20230807,1773253046893560 ,SA,,,1/1/00 0:00,5.4003,4.1181,3/8/23 23:39,0.54,Non-Auction Ads,Promote
20230807,1773252362597380 ,BR,,,1/1/00 0:00,2.2101,1.4297,3/8/23 23:28,0.54,Non-Auction Ads,Promote
20230807,1773284203990010 ,MY,MY,,1/1/00 0:00,199.01,151.4392,4/8/23 7:47,2.3,RIE,Ad Group Recall (Merged)
20230807,1773252968916990 ,VN,,,1/1/00 0:00,5.6676,2.0549,3/8/23 23:38,0.54,Non-Auction Ads,Promote
20230807,1773252889881600 ,PH,,,1/1/00 0:00,3.5181,1.1245,3/8/23 23:35,0.54,Non-Auction Ads,Promote
20230807,1773257172965420 ,SA,MENA,,1/1/00 0:00,5.31,14.0807,4/8/23 0:36,1.67,RIE,Ad Group Recall (Merged)
20230807,1773250075428860 ,SA,MENA,,1/1/00 0:00,0,1.8919,3/8/23 23:43,1.67,RIE,Ad Group Recall (Merged)
20230807,1773253071355900 ,ID,,,1/1/00 0:00,1.4263,1.0803,3/8/23 23:42,0.54,Non-Auction Ads,Promote
20230807,1773262827604010 ,US,USCA,,1/1/00 0:00,16.19,15.8161,4/8/23 1:05,1.78,Auction Ads,auction_relation
20230807,1773262827604010 ,US,USCA,,1/1/00 0:00,16.19,15.8161,4/8/23 1:05,1.78,Auction Ads,auction_relation
20230807,1773253686699010 ,BR,,,1/1/00 0:00,0.907,3.3587,3/8/23 23:49,0.54,Non-Auction Ads,Promote
20230807,1773253127006200 ,KH,,,1/1/00 0:00,0.9951,0.2641,3/8/23 23:40,0.54,Non-Auction Ads,Promote
20230807,1773254407581690 ,VN,,,1/1/00 0:00,5.3269,6.016,4/8/23 0:01,0.54,Non-Auction Ads,Promote
20230807,1773254897373180 ,SA,,,1/1/00 0:00,0,6.8106,4/8/23 0:07,0.54,Non-Auction Ads,Promote
20230807,1773253561077760 ,VN,,,1/1/00 0:00,0,1.249,3/8/23 23:46,0.54,Non-Auction Ads,Promote
20230807,1773253344513020 ,ID,,,1/1/00 0:00,3.7235,0.0707,3/8/23 23:44,0.54,Non-Auction Ads,Promote
20230807,1773255349668890 ,AE,MENA,,1/1/00 0:00,0,7.1334,4/8/23 0:14,1.67,RIE,Ad Group Recall (Merged)
20230807,1773253690740730 ,IE,,,1/1/00 0:00,3.3269,1.39,3/8/23 23:50,1.53,RIE,Promote Report Recall
20230807,1773260422639620 ,US,,,1/1/00 0:00,16.84,21.1393,4/8/23 1:39,0.54,Non-Auction Ads,Promote
20230807,1773268409377800 ,TH,TH,,1/1/00 0:00,136.5863,60.8196,4/8/23 3:37,1.64,Auction Ads,auction_relation
20230807,1773253722998780 ,EG,,,1/1/00 0:00,0,0.2744,3/8/23 23:52,0.54,Non-Auction Ads,Promote
20230807,1773283291504680 ,AR,Other,,1/1/00 0:00,110.02,168.2401,4/8/23 8:22,1.62,RIE,Ad Group Recall (Merged)
20230807,1773283291504680 ,AR,Other,,1/1/00 0:00,110.02,168.2401,4/8/23 8:22,1.62,RIE,Ad Group Recall (Merged)
20230807,1773259571457020 ,JP,,,1/1/00 0:00,21.8036,15.2242,4/8/23 1:22,0.54,Non-Auction Ads,Promote
20230807,1773254548047870 ,EG,,,1/1/00 0:00,1.8494,1.8858,4/8/23 0:02,0.54,Non-Auction Ads,Promote
20230807,1773254595533820 ,AU,,,1/1/00 0:00,2.8191,2.3012,4/8/23 0:03,1.53,RIE,Promote Report Recall
20230807,1773254816437250 ,EG,,,1/1/00 0:00,0.0006,2.421,4/8/23 0:07,0.54,Non-Auction Ads,Promote
20230807,1773257700325380 ,BR,,,1/1/00 0:00,1.4015,5.3545,4/8/23 1:00,0.54,Non-Auction Ads,Promote
20230807,1773255137042430 ,MY,,,1/1/00 0:00,6.5097,0.6537,4/8/23 0:12,0.54,Non-Auction Ads,Promote
20230807,1773255604977660 ,PH,,,1/1/00 0:00,1.8405,0.6835,4/8/23 0:18,0.54,Non-Auction Ads,Promote
20230807,1773263779510270 ,US,,,1/1/00 0:00,3.99,22.5367,4/8/23 2:31,0.54,Non-Auction Ads,Promote
20230807,1773256078804990 ,PE,PE,,1/1/00 0:00,7.6924,2.2268,4/8/23 0:55,1.68,Auction Ads,auction_all
20230807,1773258039208960 ,BR,,,1/1/00 0:00,1.465,3.4662,4/8/23 1:03,0.54,Non-Auction Ads,Promote
20230807,1773254771184640 ,BR,BR,,1/1/00 0:00,178.52,5.0364,4/8/23 1:06,1.7,RIE,Ad Group Recall (Merged)
20230807,1773255591672860 ,ZA,Other,,1/1/00 0:00,0,3.1598,4/8/23 1:03,1.62,RIE,Ad Group Recall (Merged)
20230807,1773258748271610 ,VN,,,1/1/00 0:00,6.351,6.3988,4/8/23 1:11,0.54,Non-Auction Ads,Promote
20230807,1773254889912350 ,BR,BR,,1/1/00 0:00,178.7,5.0364,4/8/23 1:07,1.7,RIE,Ad Group Recall (Merged)
20230807,1773265959736430 ,US,USCA,,1/1/00 0:00,19.24,15.8161,4/8/23 2:02,1.78,Auction Ads,auction_relation
20230807,1773257929947130 ,ID,,,1/1/00 0:00,2.0893,0.2998,4/8/23 0:56,0.54,Non-Auction Ads,Promote
20230807,1773259876552700 ,TH,,,1/1/00 0:00,8.411,8.3299,4/8/23 1:29,0.54,Non-Auction Ads,Promote
20230807,1773258503585790 ,VN,,,1/1/00 0:00,4.4993,0.9759,4/8/23 1:04,0.54,Non-Auction Ads,Promote
20230807,1773258808802300 ,ID,,,1/1/00 0:00,1.4853,4.1414,4/8/23 1:12,0.54,Non-Auction Ads,Promote
20230807,1773264027781120 ,US,,,1/1/00 0:00,19.74,19.065,4/8/23 2:33,0.54,Non-Auction Ads,Promote
20230807,1773259024761850 ,PH,,,1/1/00 0:00,4.3767,3.0754,4/8/23 1:13,0.54,Non-Auction Ads,Promote
20230807,1773258482256890 ,VN,,,1/1/00 0:00,0,0.3092,4/8/23 1:06,0.54,Non-Auction Ads,Promote
20230807,1773259839505400 ,SA,,,1/1/00 0:00,0.0293,4.0284,4/8/23 1:26,0.54,Non-Auction Ads,Promote
20230807,1773258644030460 ,ID,,,1/1/00 0:00,5.6104,0.9727,4/8/23 1:09,0.54,Non-Auction Ads,Promote
20230807,1773081043739640 ,US,USCA,,1/1/00 0:00,2041.34,93.2158,4/8/23 6:00,1.78,Auction Ads,auction_relation
20230807,1773259039150080 ,ID,,,1/1/00 0:00,1.8851,2.0632,4/8/23 1:17,0.54,Non-Auction Ads,Promote
20230807,1773259386844190 ,EG,,,1/1/00 0:00,0.0149,2.3079,4/8/23 1:22,0.54,Non-Auction Ads,Promote
20230807,1773265576898590 ,VN,VN,,1/1/00 0:00,70.22,55.2903,4/8/23 3:56,2.13,RIE,Ad Group Recall (Merged)
20230807,1773081433680940 ,US,USCA,,1/1/00 0:00,1628.89,93.2158,4/8/23 6:00,1.78,Auction Ads,auction_relation
20230807,1773264583650330 ,KR,KR,,1/1/00 0:00,288.49,17.0433,4/8/23 2:40,2.18,RIE,Ad Group Recall (Merged)
20230807,1773081707318280 ,US,USCA,,1/1/00 0:00,1320.17,93.2158,4/8/23 6:00,1.78,Auction Ads,auction_relation
20230807,1773259839647740 ,VN,,,1/1/00 0:00,29.1811,2.9767,4/8/23 1:26,1.53,RIE,Promote Report Recall
20230807,1773262796526590 ,US,,,1/1/00 0:00,38.91,13.1966,4/8/23 2:15,0.54,Non-Auction Ads,Promote
20230807,1773262264256510 ,JP,JP,,1/1/00 0:00,65.11,9.5873,4/8/23 2:04,3.21,RIE,Ad Group Recall (Merged)
20230807,1773259904877560 ,SA,,,1/1/00 0:00,3.9877,1.8021,4/8/23 1:28,0.54,Non-Auction Ads,Promote
20230807,1773262923976730 ,MY,MY,,1/1/00 0:00,16.41,2.9049,4/8/23 1:34,2.3,RIE,Ad Group Recall (Merged)
20230807,1773265898933260 ,PH,Other,,1/1/00 0:00,70.33,55.2903,4/8/23 4:01,1.62,RIE,Ad Group Recall (Merged)
20230807,1773264541252620 ,BR,BR,,1/1/00 0:00,69.32,14.0741,4/8/23 2:40,1.7,RIE,Ad Group Recall (Merged)
20230807,1773262367911930 ,PH,,,1/1/00 0:00,9.3877,9.4513,4/8/23 2:11,0.54,Non-Auction Ads,Promote
20230807,1773260208450560 ,KH,,,1/1/00 0:00,0.9757,0.4858,4/8/23 1:32,0.54,Non-Auction Ads,Promote
20230807,1773261360245760 ,ID,ID,,1/1/00 0:00,6.4277,1.5393,4/8/23 1:38,1.8,Auction Ads,auction_relation
20230807,1773260666267650 ,TH,,,1/1/00 0:00,11.1313,2.3617,4/8/23 1:39,0.54,Non-Auction Ads,Promote
20230807,1773260511024130 ,KH,,,1/1/00 0:00,0.9882,0.4858,4/8/23 1:37,0.54,Non-Auction Ads,Promote
20230807,1773261713097740 ,SA,MENA,,1/1/00 0:00,0,3.8387,4/8/23 1:54,1.67,RIE,Ad Group Recall (Merged)
20230807,1773260258810880 ,ID,,,1/1/00 0:00,3.9772,0.4283,4/8/23 1:38,1.53,RIE,Promote Report Recall
20230807,1773260749229050 ,VN,,,1/1/00 0:00,0.0579,1.3838,4/8/23 1:41,0.54,Non-Auction Ads,Promote
20230807,1773260830675960 ,ID,,,1/1/00 0:00,1.9728,0.9539,4/8/23 1:43,0.54,Non-Auction Ads,Promote
20230807,1773265312553980 ,AU,AU,,1/1/00 0:00,197.58,22.2936,4/8/23 2:54,1.84,Auction Ads,auction_relation
20230807,1773265312553980 ,AU,AU,,1/1/00 0:00,197.58,22.2936,4/8/23 2:54,1.84,Auction Ads,auction_relation
20230807,1773261027654650 ,TR,,,1/1/00 0:00,2.2198,0.4667,4/8/23 1:46,0.54,Non-Auction Ads,Promote
20230807,1773261371687930 ,ID,,,1/1/00 0:00,3.8116,0.6171,4/8/23 1:50,0.54,Non-Auction Ads,Promote
20230807,1773261407078400 ,ID,,,1/1/00 0:00,4.0806,0.9006,4/8/23 1:52,0.54,Non-Auction Ads,Promote
20230807,1773268640345130 ,PE,Other,,1/1/00 0:00,7.9171,7.3739,4/8/23 2:31,1.62,RIE,Ad Group Recall (Merged)
20230807,1773262269939760 ,SA,MENA,,1/1/00 0:00,0,1.1252,4/8/23 2:05,1.67,RIE,Ad Group Recall (Merged)
20230807,1773262401827870 ,ID,ID,,1/1/00 0:00,5.64,0.8995,4/8/23 2:07,2.05,RIE,Ad Group Recall (Merged)
20230807,1773262523340810 ,SA,MENA,,1/1/00 0:00,,1.1252,4/8/23 2:08,1.67,RIE,Ad Group Recall (Merged)
20230807,1773265288999950 ,US,USCA,,1/1/00 0:00,344.34,15.8161,4/8/23 2:50,1.78,Auction Ads,auction_relation
20230807,1773261699940360 ,US,USCA,,1/1/00 0:00,3.73,18.3197,4/8/23 2:55,1.78,Auction Ads,auction_relation
20230807,1773263233786890 ,SA,MENA,,1/1/00 0:00,5.96,1.1252,4/8/23 2:19,1.67,RIE,Ad Group Recall (Merged)
20230807,1773264051241980 ,VN,,,1/1/00 0:00,7.8075,2.2437,4/8/23 2:33,0.54,Non-Auction Ads,Promote
20230807,1773263361281020 ,US,US&CA,,1/1/00 0:00,17.86,21.8771,4/8/23 3:14,1.81,RIE,Ad Group Recall (Merged)
20230807,1773232522543120 ,AR,Other,,1/1/00 0:00,19.2797,15.5629,4/8/23 3:00,1.62,RIE,Ad Group Recall (Merged)
20230807,1773264831434750 ,GR,Other,,1/1/00 0:00,,3.4854,4/8/23 2:45,1.62,RIE,Ad Group Recall (Merged)
20230807,1773264817002510 ,GR,Other,,1/1/00 0:00,,3.4854,4/8/23 2:45,1.62,RIE,Ad Group Recall (Merged)
20230807,1773264750662670 ,GR,Other,,1/1/00 0:00,,3.4854,4/8/23 2:45,1.62,RIE,Ad Group Recall (Merged)
20230807,1773264828231730 ,GR,Other,,1/1/00 0:00,,3.4854,4/8/23 2:45,1.62,RIE,Ad Group Recall (Merged)
20230807,1773264851000330 ,GR,Other,,1/1/00 0:00,,3.4854,4/8/23 2:45,1.62,RIE,Ad Group Recall (Merged)
20230807,1773264842938410 ,GR,Other,,1/1/00 0:00,,3.4854,4/8/23 2:45,1.62,RIE,Ad Group Recall (Merged)
20230807,1773264839697400 ,TH,,,1/1/00 0:00,8.2343,3.5536,4/8/23 2:46,0.54,Non-Auction Ads,Promote
20230807,1773266107522080 ,EC,Other,,1/1/00 0:00,15.44,9.2669,4/8/23 2:50,1.62,RIE,Ad Group Recall (Merged)
20230807,1773275479512060 ,US,USCA,,1/1/00 0:00,800.1,85.8971,4/8/23 6:32,1.78,Auction Ads,auction_relation
20230807,1773266663318560 ,TW,TW,,1/1/00 0:00,10.71,17.0433,4/8/23 3:13,0.95,Auction Ads,auction_relation
20230807,1773266663308290 ,TW,TW,,1/1/00 0:00,41.48,17.0433,4/8/23 3:13,0.95,Auction Ads,auction_relation
20230807,1773266687684650 ,TW,TW,,1/1/00 0:00,109.03,17.0433,4/8/23 3:13,0.95,Auction Ads,auction_relation
20230807,1773264797510650 ,TH,,,1/1/00 0:00,6.3982,1.6771,4/8/23 2:47,0.54,Non-Auction Ads,Promote
20230807,1773264209409020 ,SA,,,1/1/00 0:00,1.6604,1.642,4/8/23 2:47,1.53,RIE,Promote Report Recall
20230807,1773264793245690 ,VN,,,1/1/00 0:00,5.57,0.7326,4/8/23 2:46,0.54,Non-Auction Ads,Promote
20230807,1773266104028160 ,TH,,,1/1/00 0:00,1.1064,11.7668,4/8/23 3:08,0.54,Non-Auction Ads,Promote
20230807,1773265010930700 ,GR,Other,,1/1/00 0:00,,3.4854,4/8/23 2:48,1.62,RIE,Ad Group Recall (Merged)
20230807,1773265044456480 ,GR,Other,,1/1/00 0:00,,3.4854,4/8/23 2:48,1.62,RIE,Ad Group Recall (Merged)
20230807,1773265035722800 ,GR,Other,,1/1/00 0:00,,3.4854,4/8/23 2:48,1.62,RIE,Ad Group Recall (Merged)
20230807,1773265000956930 ,GR,Other,,1/1/00 0:00,,3.4854,4/8/23 2:48,1.62,RIE,Ad Group Recall (Merged)
20230807,1773265016954910 ,GR,Other,,1/1/00 0:00,,3.4854,4/8/23 2:48,1.62,RIE,Ad Group Recall (Merged)
20230807,1773265038678040 ,GR,Other,,1/1/00 0:00,,3.4854,4/8/23 2:48,1.62,RIE,Ad Group Recall (Merged)
20230807,1773265001065490 ,GR,Other,,1/1/00 0:00,,3.4854,4/8/23 2:48,1.62,RIE,Ad Group Recall (Merged)
20230807,1773265016974360 ,GR,Other,,1/1/00 0:00,,3.4854,4/8/23 2:48,1.62,RIE,Ad Group Recall (Merged)
20230807,1773265028738060 ,GR,Other,,1/1/00 0:00,,3.4854,4/8/23 2:48,1.62,RIE,Ad Group Recall (Merged)
20230807,1773265014208560 ,GR,Other,,1/1/00 0:00,,3.4854,4/8/23 2:48,1.62,RIE,Ad Group Recall (Merged)
20230807,1773267707545600 ,US,,,1/1/00 0:00,25.61,21.1167,4/8/23 3:33,0.54,Non-Auction Ads,Promote
20230807,1773265082549250 ,PH,,,1/1/00 0:00,0.7937,1.9521,4/8/23 2:50,0.54,Non-Auction Ads,Promote
20230807,1773265160953850 ,PH,,,1/1/00 0:00,3.1458,2.1932,4/8/23 2:52,0.54,Non-Auction Ads,Promote
20230807,1773266604712960 ,SA,,,1/1/00 0:00,0.9491,10.8801,4/8/23 3:14,0.54,Non-Auction Ads,Promote
20230807,1773275611654170 ,JP,JP,,1/1/00 0:00,490.2152,44.7362,4/8/23 4:46,3.21,RIE,Ad Group Recall (Merged)
20230807,1773265332226090 ,IQ,Other,,1/1/00 0:00,3.64,0.7894,4/8/23 2:52,1.62,RIE,Ad Group Recall (Merged)
20230807,1773265425572890 ,VN,VN,,1/1/00 0:00,0,0.9392,4/8/23 2:53,2.13,RIE,Ad Group Recall (Merged)
20230807,1773266105213950 ,TH,,,1/1/00 0:00,5.0829,3.4892,4/8/23 3:07,0.54,Non-Auction Ads,Promote
20230807,1773265542140920 ,VN,,,1/1/00 0:00,0.5393,0.9846,4/8/23 2:56,0.54,Non-Auction Ads,Promote
20230807,1773266084861950 ,SA,,,1/1/00 0:00,3.5059,2.1128,4/8/23 3:06,0.54,Non-Auction Ads,Promote
20230807,1773266154286080 ,ID,,,1/1/00 0:00,3.9332,0.6296,4/8/23 3:07,0.54,Non-Auction Ads,Promote
20230807,1773266245313530 ,MY,,,1/1/00 0:00,6.6678,2.6494,4/8/23 3:10,0.54,Non-Auction Ads,Promote
20230807,1773266192122880 ,ID,,,1/1/00 0:00,4.0002,0.9241,4/8/23 3:08,0.54,Non-Auction Ads,Promote
20230807,1773268179998730 ,TW,TW,,1/1/00 0:00,17.06,14.5459,4/8/23 3:37,2.59,RIE,Ad Group Recall (Merged)
20230807,1773266272687100 ,VN,,,1/1/00 0:00,0.1946,0.3437,4/8/23 3:09,0.54,Non-Auction Ads,Promote
20230807,1773267010419740 ,TH,TH,,1/1/00 0:00,574.8,4.1199,4/8/23 3:15,1.87,RIE,Ad Group Recall (Merged)
20230807,1773266698517560 ,MY,,,1/1/00 0:00,0.314,4.8055,4/8/23 3:17,0.54,Non-Auction Ads,Promote
20230807,1773266479887360 ,VN,,,1/1/00 0:00,5.6527,0.8581,4/8/23 3:11,0.54,Non-Auction Ads,Promote
20230807,1773266573732860 ,VN,,,1/1/00 0:00,0.9289,2.2274,4/8/23 3:14,0.54,Non-Auction Ads,Promote
20230807,1773267475698690 ,SA,,,1/1/00 0:00,0.9409,8.8012,4/8/23 3:27,0.54,Non-Auction Ads,Promote
20230807,1773268497203200 ,TH,TH,,1/1/00 0:00,94.74,10.1454,4/8/23 3:32,1.87,RIE,Ad Group Recall (Merged)
20230807,1773266749237310 ,BR,,,1/1/00 0:00,0.9008,2.9445,4/8/23 3:16,0.54,Non-Auction Ads,Promote
20230807,1773267327873020 ,PL,PL,,1/1/00 0:00,0.23,3.4885,4/8/23 3:19,1.84,RIE,Ad Group Recall (Merged)
20230807,1773275978975280 ,PH,Other,,1/1/00 0:00,512.04,48.6619,4/8/23 5:33,1.62,RIE,Ad Group Recall (Merged)
20230807,1773267227672570 ,VN,,,1/1/00 0:00,11.0945,4.1311,4/8/23 3:23,0.54,Non-Auction Ads,Promote
20230807,1773266930458670 ,SA,MENA,,1/1/00 0:00,1.42,1.4856,4/8/23 3:19,1.67,RIE,Ad Group Recall (Merged)
20230807,1773267101044730 ,MY,,,1/1/00 0:00,4.7596,2.9017,4/8/23 3:23,0.54,Non-Auction Ads,Promote
20230807,1773266478152700 ,ID,,,1/1/00 0:00,3.2684,3.2594,4/8/23 3:24,0.54,Non-Auction Ads,Promote
20230807,1773267227937790 ,BR,,,1/1/00 0:00,0.197,4.0716,4/8/23 3:25,0.54,Non-Auction Ads,Promote
20230807,1773267368738830 ,ID,ID,,1/1/00 0:00,17.8391,1.2815,4/8/23 3:21,1.8,Auction Ads,auction_relation
20230807,1773266005470210 ,CA,,,1/1/00 0:00,2.3705,4.2607,4/8/23 3:32,1.53,RIE,Promote Report Recall
20230807,1773271685682170 ,KR,KR,,1/1/00 0:00,48.55,12.8494,4/8/23 3:55,2.18,RIE,Ad Group Recall (Merged)
20230807,1773267179163640 ,ID,,,1/1/00 0:00,7.5385,0.4487,4/8/23 3:25,0.54,Non-Auction Ads,Promote
20230807,1773267428748280 ,ID,,,1/1/00 0:00,6.0295,0.882,4/8/23 3:27,0.54,Non-Auction Ads,Promote
20230807,1773267272105980 ,VN,,,1/1/00 0:00,0.6851,1.0793,4/8/23 3:28,0.54,Non-Auction Ads,Promote
20230807,1773267683703810 ,VN,,,1/1/00 0:00,2.0438,0.9307,4/8/23 3:31,0.54,Non-Auction Ads,Promote
20230807,1773268082828280 ,VN,,,1/1/00 0:00,6.0206,1.874,4/8/23 3:37,0.54,Non-Auction Ads,Promote
20230807,1773268774617130 ,SA,MENA,,1/1/00 0:00,7.8,3.9336,4/8/23 3:46,1.67,RIE,Ad Group Recall (Merged)
20230807,1773277964803120 ,ID,ID,,1/1/00 0:00,59.84,72.4267,4/8/23 7:14,2.05,RIE,Ad Group Recall (Merged)
20230807,1773268565039100 ,VN,,,1/1/00 0:00,4.7097,2.4512,4/8/23 3:44,0.54,Non-Auction Ads,Promote
20230807,1773268821706750 ,MY,MY,,1/1/00 0:00,4.4414,2.7511,4/8/23 3:45,2.31,Auction Ads,auction_relation
20230807,1773278740933680 ,PK,Other,,1/1/00 0:00,47.62,72.4267,4/8/23 7:19,1.62,RIE,Ad Group Recall (Merged)
20230807,1773268450340860 ,ID,,,1/1/00 0:00,2.4101,1.0223,4/8/23 3:44,0.54,Non-Auction Ads,Promote
20230807,1773268725415970 ,US,US&CA,,1/1/00 0:00,0,2.9983,4/8/23 3:46,1.81,RIE,Ad Group Recall (Merged)
20230807,1773269189511180 ,IQ,Other,,1/1/00 0:00,0,5.683,4/8/23 3:50,1.62,RIE,Ad Group Recall (Merged)
20230807,1773269048947710 ,TW,TW,,1/1/00 0:00,5.61,4.7817,4/8/23 3:49,2.59,RIE,Ad Group Recall (Merged)
20230807,1773269467736060 ,US,,,1/1/00 0:00,5.9,10.6169,4/8/23 4:01,0.54,Non-Auction Ads,Promote
20230807,1773268516395010 ,BR,,,1/1/00 0:00,4.0503,0.8343,4/8/23 3:45,0.54,Non-Auction Ads,Promote
20230807,1773268759209980 ,VN,,,1/1/00 0:00,3.7431,3.1646,4/8/23 3:49,0.54,Non-Auction Ads,Promote
20230807,1773268958013440 ,TH,,,1/1/00 0:00,8.6585,5.147,4/8/23 3:53,0.54,Non-Auction Ads,Promote
20230807,1773269302382620 ,MY,MY,,1/1/00 0:00,73.74,4.2199,4/8/23 3:51,2.3,RIE,Ad Group Recall (Merged)
20230807,1773269225861160 ,ID,ID,,1/1/00 0:00,44.1,4.2199,4/8/23 3:51,2.05,RIE,Ad Group Recall (Merged)
20230807,1773268781988860 ,SA,,,1/1/00 0:00,3.7503,1.267,4/8/23 3:48,0.54,Non-Auction Ads,Promote
20230807,1773269302536190 ,TH,,,1/1/00 0:00,8.7397,5.147,4/8/23 3:57,0.54,Non-Auction Ads,Promote
20230807,1773268742778880 ,ID,,,1/1/00 0:00,1.205,0.8713,4/8/23 3:48,0.54,Non-Auction Ads,Promote
20230807,1772723883570220 ,US,US&CA,,1/1/00 0:00,0,14.5847,4/8/23 4:26,1.81,RIE,Ad Group Recall (Merged)
20230807,1772723934883840 ,US,US&CA,,1/1/00 0:00,126.52,14.5847,4/8/23 4:26,1.81,RIE,Ad Group Recall (Merged)
20230807,1773263874045970 ,SA,MENA,,1/1/00 0:00,19.84,3.9129,4/8/23 4:00,1.67,RIE,Ad Group Recall (Merged)
20230807,1773269162074110 ,PH,,,1/1/00 0:00,4.3433,0.7172,4/8/23 3:55,0.54,Non-Auction Ads,Promote
20230807,1773270198172670 ,TH,,,1/1/00 0:00,13.8164,7.5146,4/8/23 4:12,0.54,Non-Auction Ads,Promote
20230807,1773269352737790 ,VN,,,1/1/00 0:00,6.1384,1.8338,4/8/23 3:57,0.54,Non-Auction Ads,Promote
20230807,1773269255143420 ,VN,,,1/1/00 0:00,0.1463,1.0348,4/8/23 3:57,0.54,Non-Auction Ads,Promote
20230807,1773271739003930 ,TW,TW,,1/1/00 0:00,2.14,12.5756,4/8/23 4:27,0.95,Auction Ads,auction_relation
20230807,1773270281426940 ,TH,,,1/1/00 0:00,12.2359,7.5146,4/8/23 4:13,0.54,Non-Auction Ads,Promote
20230807,1773271869335550 ,CA,,,1/1/00 0:00,15.1332,14.0951,4/8/23 4:38,0.54,Non-Auction Ads,Promote
20230807,1773269256428540 ,ID,,,1/1/00 0:00,2.0539,1.0455,4/8/23 3:58,1.53,RIE,Promote Report Recall
20230807,1773269750321180 ,RO,Other,,1/1/00 0:00,20.65,3.1185,4/8/23 4:02,1.62,RIE,Ad Group Recall (Merged)
20230807,1773269457511420 ,VN,,,1/1/00 0:00,4.9478,1.1005,4/8/23 3:59,0.54,Non-Auction Ads,Promote
20230807,1773271388620820 ,GB,,,1/1/00 0:00,18.2699,11.7422,4/8/23 4:30,0.54,Non-Auction Ads,Promote
20230807,1773270811925500 ,SA,MENA,,1/1/00 0:00,0,3.1909,4/8/23 4:08,1.78,Auction Ads,auction_relation
20230807,1773270196471800 ,TH,,,1/1/00 0:00,6.3821,3.7841,4/8/23 4:10,0.54,Non-Auction Ads,Promote
20230807,1773269668227070 ,ID,,,1/1/00 0:00,3.2137,1.371,4/8/23 4:04,1.53,RIE,Promote Report Recall
20230807,1773262142989360 ,CA,US&CA,,1/1/00 0:00,29.24,18.0011,4/8/23 5:00,1.81,RIE,Ad Group Recall (Merged)
20230807,1773270089852930 ,VN,,,1/1/00 0:00,0.69,1.8546,4/8/23 4:09,0.54,Non-Auction Ads,Promote
20230807,1773271057419270 ,US,,,1/1/00 0:00,32.25,6.7715,4/8/23 4:25,0.54,Non-Auction Ads,Promote
20230807,1773269775164410 ,KH,,,1/1/00 0:00,0.9612,0.3735,4/8/23 4:04,0.54,Non-Auction Ads,Promote
20230807,1773273403035690 ,TH,TH,,1/1/00 0:00,14.577,14.49,4/8/23 4:54,1.64,Auction Ads,auction_relation
20230807,1773270599883790 ,TH,TH,,1/1/00 0:00,16.2836,2.598,4/8/23 4:12,1.64,Auction Ads,auction_relation
20230807,1773269963016190 ,VN,,,1/1/00 0:00,6.1318,0.6598,4/8/23 4:10,0.54,Non-Auction Ads,Promote
20230807,1773270710181890 ,TH,,,1/1/00 0:00,7.2014,3.0868,4/8/23 4:20,0.54,Non-Auction Ads,Promote
20230807,1773274695595020 ,ID,ID,,1/1/00 0:00,13.2481,7.1648,4/8/23 4:29,1.8,Auction Ads,auction_relation
20230807,1773284198833150 ,GB,GB,,1/1/00 0:00,409.41,109.8802,4/8/23 8:48,1.76,Auction Ads,auction_relation
20230807,1773284198833150 ,NZ,NZ,,1/1/00 0:00,409.41,109.8802,4/8/23 8:48,1.58,Auction Ads,auction_relation
20230807,1773269742862330 ,AE,MENA,,1/1/00 0:00,0,9.7167,4/8/23 4:44,1.67,RIE,Ad Group Recall (Merged)
20230807,1773270670555130 ,ID,,,1/1/00 0:00,3.5729,2.564,4/8/23 4:20,0.54,Non-Auction Ads,Promote
20230807,1773271564152880 ,SA,MENA,,1/1/00 0:00,3.0756,3.1909,4/8/23 4:24,1.67,RIE,Ad Group Recall (Merged)
20230807,1773268643102720 ,PH,,,1/1/00 0:00,3.4903,0.6546,4/8/23 4:15,0.54,Non-Auction Ads,Promote
20230807,1773272406363130 ,JP,JP,,1/1/00 0:00,0,8.2164,4/8/23 4:43,2.16,Auction Ads,auction_all
20230807,1773270754693120 ,PH,,,1/1/00 0:00,2.76,0.6132,4/8/23 4:21,1.53,RIE,Promote Report Recall
20230807,1773271023241210 ,ID,,,1/1/00 0:00,3.2503,2.1881,4/8/23 4:26,0.54,Non-Auction Ads,Promote
20230807,1773284746184700 ,BR,BR,,1/1/00 0:00,0,73.0001,4/8/23 7:59,1.7,RIE,Ad Group Recall (Merged)
20230807,1773271207553020 ,KH,,,1/1/00 0:00,0.9326,0.3512,4/8/23 4:26,0.54,Non-Auction Ads,Promote
20230807,1773271731962880 ,MY,,,1/1/00 0:00,2.7486,1.5423,4/8/23 4:36,0.54,Non-Auction Ads,Promote
20230807,1773266080012290 ,US,US&CA,,1/1/00 0:00,42.09,7.4671,4/8/23 5:00,1.81,RIE,Ad Group Recall (Merged)
20230807,1773273507271680 ,SA,,,1/1/00 0:00,9.511,9.2208,4/8/23 5:04,0.54,Non-Auction Ads,Promote
20230807,1773272195682300 ,MY,,,1/1/00 0:00,1.3502,2.4654,4/8/23 4:45,0.54,Non-Auction Ads,Promote
20230807,1773271934014460 ,VN,,,1/1/00 0:00,0.3143,0.7614,4/8/23 4:39,0.54,Non-Auction Ads,Promote
20230807,1773272104134650 ,VN,,,1/1/00 0:00,1.0299,1.0731,4/8/23 4:41,0.54,Non-Auction Ads,Promote
20230807,1773272646069250 ,ID,,,1/1/00 0:00,4.4223,2.564,4/8/23 4:50,0.54,Non-Auction Ads,Promote
20230807,1773272385035260 ,SA,,,1/1/00 0:00,0.8556,1.994,4/8/23 4:47,0.54,Non-Auction Ads,Promote
20230807,1773272631283710 ,KH,,,1/1/00 0:00,1.1227,1.9675,4/8/23 4:50,0.54,Non-Auction Ads,Promote
20230807,1773222749879340 ,US,US&CA,,1/1/00 0:00,,10.7939,4/8/23 5:24,1.81,RIE,Ad Group Recall (Merged)
20230807,1773281635320860 ,NL,NL,,1/1/00 0:00,21.9683,75.3708,4/8/23 8:09,1.19,Auction Ads,auction_relation
20230807,1773281635320860 ,BE,BE,,1/1/00 0:00,21.9683,75.3708,4/8/23 8:09,1.15,Auction Ads,auction_relation
20230807,1773272787141630 ,VN,,,1/1/00 0:00,3.1341,1.5025,4/8/23 4:53,0.54,Non-Auction Ads,Promote
20230807,1773273655341060 ,IT,,,1/1/00 0:00,5.9541,6.132,4/8/23 5:07,0.54,Non-Auction Ads,Promote
20230807,1773274381677570 ,US,,,1/1/00 0:00,10.23,8.2297,4/8/23 5:19,1.53,RIE,Promote Report Recall
20230807,1773273128022040 ,GB,GB,,1/1/00 0:00,1.59,0.6629,4/8/23 4:57,1.76,Auction Ads,auction_relation
20230807,1773228287635470 ,ID,ID,,1/1/00 0:00,65.8707,1.6773,4/8/23 5:00,1.8,Auction Ads,auction_relation
20230807,1773228287635470 ,ID,ID,,1/1/00 0:00,65.8707,1.6773,4/8/23 5:00,1.8,Auction Ads,auction_relation
20230807,1773270200697850 ,BE,Other,,1/1/00 0:00,23.1129,5.3451,4/8/23 5:10,1.62,RIE,Ad Group Recall (Merged)
20230807,1773270200697850 ,NL,Other,,1/1/00 0:00,23.1129,5.3451,4/8/23 5:10,1.62,RIE,Ad Group Recall (Merged)
20230807,1773274060818430 ,TH,,,1/1/00 0:00,17.0491,6.5569,4/8/23 5:18,0.54,Non-Auction Ads,Promote
20230807,1773273331833850 ,MY,,,1/1/00 0:00,5.0056,1.8842,4/8/23 5:00,0.54,Non-Auction Ads,Promote
20230807,1773274542673920 ,VN,VN,,1/1/00 0:00,13.4,2.22,4/8/23 5:01,2.13,RIE,Ad Group Recall (Merged)
20230807,1773217195850750 ,SA,,,1/1/00 0:00,21.7564,14.2325,4/8/23 5:45,1.53,RIE,Promote Report Recall
20230807,1773282166103040 ,PH,Other,,1/1/00 0:00,100.53,43.9895,4/8/23 7:21,1.62,RIE,Ad Group Recall (Merged)
20230807,1773292605970460 ,US,US&CA,,1/1/00 0:00,590.68,205.3657,4/8/23 10:04,1.81,RIE,Ad Group Recall (Merged)
20230807,1773285169088620 ,SE,Other,,1/1/00 0:00,2028.12,97.7246,4/8/23 8:54,1.62,RIE,Ad Group Recall (Merged)
20230807,1773273438836730 ,QA,,,1/1/00 0:00,1.3475,1.017,4/8/23 5:04,0.54,Non-Auction Ads,Promote
20230807,1773275210979360 ,JP,JP,,1/1/00 0:00,,6.3767,4/8/23 5:28,2.16,Auction Ads,auction_all
20230807,1773279589738530 ,JP,JP,,1/1/00 0:00,22.14,29.356,4/8/23 6:38,3.21,RIE,Ad Group Recall (Merged)
20230807,1773305361144880 ,NL,Other,,1/1/00 0:00,29.29,5.6708,4/8/23 5:28,1.62,RIE,Ad Group Recall (Merged)
20230807,1773274023604220 ,MY,,,1/1/00 0:00,6.5072,1.3703,4/8/23 5:13,0.54,Non-Auction Ads,Promote
20230807,1773274008987640 ,ID,,,1/1/00 0:00,4.5655,0.9308,4/8/23 5:12,0.54,Non-Auction Ads,Promote
20230807,1773274671281150 ,MY,,,1/1/00 0:00,4.4457,2.5927,4/8/23 5:22,0.54,Non-Auction Ads,Promote
20230807,1773274935454720 ,MY,,,1/1/00 0:00,1.5236,3.8371,4/8/23 5:27,0.54,Non-Auction Ads,Promote
20230807,1773274869993470 ,MY,,,1/1/00 0:00,4.7313,2.6533,4/8/23 5:26,0.54,Non-Auction Ads,Promote
20230807,1773274387709950 ,VN,,,1/1/00 0:00,1.2898,0.4945,4/8/23 5:18,0.54,Non-Auction Ads,Promote
20230807,1773276397758460 ,US,,,1/1/00 0:00,12.51,9.3206,4/8/23 5:50,0.54,Non-Auction Ads,Promote
20230807,1773274881559550 ,VN,,,1/1/00 0:00,4.0663,1.0808,4/8/23 5:26,0.54,Non-Auction Ads,Promote
20230807,1773275607220220 ,IT,,,1/1/00 0:00,5.3594,3.2866,4/8/23 5:36,0.54,Non-Auction Ads,Promote
20230807,1773277411486730 ,VN,VN,,1/1/00 0:00,103.1425,10.471,4/8/23 6:03,2.14,Auction Ads,auction_relation
20230807,1773276948798510 ,ES,ES,,1/1/00 0:00,16.77,7.7437,4/8/23 5:55,1.79,RIE,Ad Group Recall (Merged)
20230807,1773275354159100 ,TH,,,1/1/00 0:00,6.1997,0.953,4/8/23 5:33,0.54,Non-Auction Ads,Promote
20230807,1773277435981840 ,VN,VN,,1/1/00 0:00,61.3569,10.471,4/8/23 6:04,2.14,Auction Ads,auction_relation
20230807,1773275489095680 ,VN,,,1/1/00 0:00,5.6352,1.3918,4/8/23 5:36,0.54,Non-Auction Ads,Promote
20230807,1773275888631800 ,VN,,,1/1/00 0:00,3.9036,2.7169,4/8/23 5:41,0.54,Non-Auction Ads,Promote
20230807,1773277622495230 ,VN,VN,,1/1/00 0:00,62.6171,10.471,4/8/23 6:06,2.14,Auction Ads,auction_relation
20230807,1773275496418300 ,ID,,,1/1/00 0:00,2.1975,1.1313,4/8/23 5:37,0.54,Non-Auction Ads,Promote
20230807,1773276008669180 ,TH,,,1/1/00 0:00,4.9624,2.6847,4/8/23 5:43,0.54,Non-Auction Ads,Promote
20230807,1773275896678400 ,VN,,,1/1/00 0:00,0.4123,2.0903,4/8/23 5:42,1.53,RIE,Promote Report Recall
20230807,1773280397748250 ,SG,Other,,1/1/00 0:00,40.8468,40.4879,4/8/23 7:33,1.62,RIE,Ad Group Recall (Merged)
20230807,1773275629022210 ,ID,,,1/1/00 0:00,2.053,0.6433,4/8/23 5:38,0.54,Non-Auction Ads,Promote
20230807,1773277963552880 ,VN,VN,,1/1/00 0:00,111.9305,10.471,4/8/23 6:11,2.14,Auction Ads,auction_relation
20230807,1773276158978060 ,SA,MENA,,1/1/00 0:00,0.38,2.6482,4/8/23 5:45,1.67,RIE,Ad Group Recall (Merged)
20230807,1773278024720400 ,VN,VN,,1/1/00 0:00,63.2745,10.471,4/8/23 6:13,2.14,Auction Ads,auction_relation
20230807,1773230000922620 ,BR,,,1/1/00 0:00,4.2043,1.7678,4/8/23 5:44,0.54,Non-Auction Ads,Promote
20230807,1773275940671490 ,VN,,,1/1/00 0:00,3.6502,1.2857,4/8/23 5:43,0.54,Non-Auction Ads,Promote
20230807,1773283250451450 ,US,US&CA,,1/1/00 0:00,494.33,32.3245,4/8/23 7:22,1.81,RIE,Ad Group Recall (Merged)
20230807,1773278941433900 ,NO,Others,,1/1/00 0:00,31.8617,34.1947,4/8/23 7:25,1.56,Auction Ads,auction_all
20230807,1773277223126010 ,MY,,,1/1/00 0:00,1.9343,5.9401,4/8/23 6:03,0.54,Non-Auction Ads,Promote
20230807,1773276206769150 ,ID,,,1/1/00 0:00,3.8373,1.0649,4/8/23 5:48,0.54,Non-Auction Ads,Promote
20230807,1773280591009820 ,TH,TH,,1/1/00 0:00,39.83,16.6002,4/8/23 6:33,1.87,RIE,Ad Group Recall (Merged)
20230807,1773276904983550 ,KH,,,1/1/00 0:00,0.9772,0.6004,4/8/23 5:59,0.54,Non-Auction Ads,Promote
20230807,1773277626292220 ,AE,,,1/1/00 0:00,13.2339,4.4992,4/8/23 6:10,0.54,Non-Auction Ads,Promote
20230807,1773278824364030 ,AU,,,1/1/00 0:00,20.3861,8.7684,4/8/23 6:29,0.54,Non-Auction Ads,Promote
20230807,1773277856474110 ,VN,,,1/1/00 0:00,6.4479,5.9132,4/8/23 6:17,0.54,Non-Auction Ads,Promote
20230807,1773279411984430 ,VN,VN,,1/1/00 0:00,31.23,33.2546,4/8/23 7:36,2.13,RIE,Ad Group Recall (Merged)
20230807,1773277370825720 ,ID,,,1/1/00 0:00,4.0791,0.4426,4/8/23 6:05,0.54,Non-Auction Ads,Promote
20230807,1773291491198000 ,ES,ES,,1/1/00 0:00,21.7467,17.7343,4/8/23 7:01,1.79,RIE,Ad Group Recall (Merged)
20230807,1773277536286720 ,PH,,,1/1/00 0:00,3.4458,0.7669,4/8/23 6:07,0.54,Non-Auction Ads,Promote
20230807,1773276016762910 ,US,US&CA,,1/1/00 0:00,10.61,13.5432,4/8/23 6:43,1.81,RIE,Ad Group Recall (Merged)
20230807,1773278314621960 ,KW,Other,,1/1/00 0:00,,3.3124,4/8/23 6:16,1.62,RIE,Ad Group Recall (Merged)
20230807,1773278046629890 ,KW,,,1/1/00 0:00,6.41,3.5873,4/8/23 6:16,0.54,Non-Auction Ads,Promote
20230807,1773276531119100 ,ID,,,1/1/00 0:00,2.8392,0.6122,4/8/23 6:08,0.54,Non-Auction Ads,Promote
20230807,1773278375630840 ,VN,,,1/1/00 0:00,8.2677,4.4949,4/8/23 6:21,0.54,Non-Auction Ads,Promote
20230807,1773285049316350 ,TW,TW,,1/1/00 0:00,15.03,40,4/8/23 7:57,2.59,RIE,Ad Group Recall (Merged)
20230807,1773277964156960 ,KR,KR,,1/1/00 0:00,0,0.0017,4/8/23 6:14,2.18,RIE,Ad Group Recall (Merged)
20230807,1773277881655290 ,KH,,,1/1/00 0:00,1.0098,0.3453,4/8/23 6:14,0.54,Non-Auction Ads,Promote
20230807,1773278911713340 ,VN,,,1/1/00 0:00,1.8042,5.7892,4/8/23 6:30,0.54,Non-Auction Ads,Promote
20230807,1773280401020960 ,US,,,1/1/00 0:00,15.76,11.3441,4/8/23 6:53,1.53,RIE,Promote Report Recall
20230807,1773278997714990 ,ID,ID,,1/1/00 0:00,2.0607,3.3257,4/8/23 6:28,1.8,Auction Ads,auction_relation
20230807,1773289807685660 ,TW,TW,,1/1/00 0:00,210.23,125.8679,4/8/23 9:22,0.95,Auction Ads,auction_relation
20230807,1773278694977530 ,KW,,,1/1/00 0:00,5.0176,2.5835,4/8/23 6:25,0.54,Non-Auction Ads,Promote
20230807,1773278592337920 ,KW,Other,,1/1/00 0:00,0,0.4496,4/8/23 6:16,1.62,RIE,Ad Group Recall (Merged)
20230807,1773279482916890 ,GB,GB,,1/1/00 0:00,101.54,28.3825,4/8/23 7:38,1.72,RIE,Ad Group Recall (Merged)
20230807,1773278671826990 ,KW,Other,,1/1/00 0:00,,0.4496,4/8/23 6:25,1.62,RIE,Ad Group Recall (Merged)
20230807,1773278526247930 ,KH,,,1/1/00 0:00,0.9808,0.5057,4/8/23 6:25,0.54,Non-Auction Ads,Promote
20230807,1773278912234490 ,VN,,,1/1/00 0:00,1.1864,1.6268,4/8/23 6:29,0.54,Non-Auction Ads,Promote
20230807,1773280669984770 ,CA,,,1/1/00 0:00,9.0694,8.9165,4/8/23 6:59,0.54,Non-Auction Ads,Promote
20230807,1773278900500480 ,AU,,,1/1/00 0:00,5.4676,2.4343,4/8/23 6:31,1.53,RIE,Promote Report Recall
20230807,1773278925256700 ,ID,,,1/1/00 0:00,2.236,1.8393,4/8/23 6:31,0.54,Non-Auction Ads,Promote
20230807,1773278970542090 ,SA,MENA,,1/1/00 0:00,0,0.891,4/8/23 6:29,1.67,RIE,Ad Group Recall (Merged)
20230807,1773232565454850 ,ZA,Other,,1/1/00 0:00,6.5,9.0981,4/8/23 7:00,1.62,RIE,Ad Group Recall (Merged)
20230807,1773283966671920 ,KR,KR,,1/1/00 0:00,86.09,29.356,4/8/23 7:49,2.18,RIE,Ad Group Recall (Merged)
20230807,1773279100997630 ,VN,,,1/1/00 0:00,3.8339,1.2402,4/8/23 6:32,0.54,Non-Auction Ads,Promote
20230807,1773279063194620 ,ID,,,1/1/00 0:00,1.1462,0.2818,4/8/23 6:33,0.54,Non-Auction Ads,Promote
20230807,1773279136536570 ,PH,,,1/1/00 0:00,7.2877,0.5404,4/8/23 6:34,0.54,Non-Auction Ads,Promote
20230807,1773279289911290 ,KH,,,1/1/00 0:00,0.9814,0.5311,4/8/23 6:36,0.54,Non-Auction Ads,Promote
20230807,1773280448426030 ,PL,PL,,1/1/00 0:00,0.06,2.5231,4/8/23 6:52,1.84,RIE,Ad Group Recall (Merged)
20230807,1773279486929920 ,VN,,,1/1/00 0:00,0,1.0789,4/8/23 6:39,0.54,Non-Auction Ads,Promote
20230807,1773280989696000 ,PL,PL,,1/1/00 0:00,0.08,2.5231,4/8/23 6:56,1.84,RIE,Ad Group Recall (Merged)
20230807,1773279341878270 ,VN,,,1/1/00 0:00,0.9956,0.3289,4/8/23 6:39,0.54,Non-Auction Ads,Promote
20230807,1773276337641480 ,BR,BR,,1/1/00 0:00,8.0499,4.0038,4/8/23 7:00,1.7,RIE,Ad Group Recall (Merged)
20230807,1773281741762560 ,VN,VN,,1/1/00 0:00,0,8.846,4/8/23 7:12,2.13,RIE,Ad Group Recall (Merged)
20230807,1773281981517870 ,NL,Other,,1/1/00 0:00,1954.3,35.8188,4/8/23 8:04,1.62,RIE,Ad Group Recall (Merged)
20230807,1773281981517870 ,IE,Other,,1/1/00 0:00,1954.3,35.8188,4/8/23 8:04,1.62,RIE,Ad Group Recall (Merged)
20230807,1773281981517870 ,GB,GB,,1/1/00 0:00,1954.3,35.8188,4/8/23 8:04,1.72,RIE,Ad Group Recall (Merged)
20230807,1773282943719420 ,ID,ID,,1/1/00 0:00,6.16,12.055,4/8/23 7:23,2.05,RIE,Ad Group Recall (Merged)
20230807,1773281376677920 ,MY,MY,,1/1/00 0:00,4.22,6.3212,4/8/23 7:09,2.3,RIE,Ad Group Recall (Merged)
20230807,1773281101058040 ,ID,,,1/1/00 0:00,3.6131,3.7231,4/8/23 7:06,0.54,Non-Auction Ads,Promote
20230807,1773283240489020 ,VN,VN,,1/1/00 0:00,25.4685,17.3413,4/8/23 7:36,2.14,Auction Ads,auction_relation
20230807,1773281058743290 ,VN,,,1/1/00 0:00,1.4775,1.8873,4/8/23 7:04,0.54,Non-Auction Ads,Promote
20230807,1773283092821020 ,GB,GB,,1/1/00 0:00,39.39,11.1458,4/8/23 7:26,1.76,Auction Ads,auction_relation
20230807,1773278891509770 ,PH,Other,,1/1/00 0:00,13.6409,0.5808,4/8/23 7:00,1.62,RIE,Ad Group Recall (Merged)
20230807,1773281059314690 ,ID,,,1/1/00 0:00,1.3065,0.8313,4/8/23 7:05,0.54,Non-Auction Ads,Promote
20230807,1773281428452410 ,VN,,,1/1/00 0:00,4.1456,3.2648,4/8/23 7:09,0.54,Non-Auction Ads,Promote
20230807,1773281430608890 ,SA,,,1/1/00 0:00,4.5876,2.414,4/8/23 7:09,0.54,Non-Auction Ads,Promote
20230807,1773282034005020 ,AE,MENA,,1/1/00 0:00,0,0.4649,4/8/23 7:07,1.67,RIE,Ad Group Recall (Merged)
20230807,1773282034005020 ,KW,Other,,1/1/00 0:00,0,0.4649,4/8/23 7:07,1.62,RIE,Ad Group Recall (Merged)
20230807,1773283564290050 ,US,,,1/1/00 0:00,55.55,15.4985,4/8/23 7:44,1.53,RIE,Promote Report Recall
20230807,1773281288074240 ,EG,,,1/1/00 0:00,0,0.6466,4/8/23 7:08,0.54,Non-Auction Ads,Promote
20230807,1773281945974780 ,VN,,,1/1/00 0:00,6.0469,0.3343,4/8/23 7:17,0.54,Non-Auction Ads,Promote
20230807,1773283233769480 ,US,USCA,,1/1/00 0:00,,6.9674,4/8/23 7:29,1.78,Auction Ads,auction_relation
20230807,1773282087462910 ,KW,Other,,1/1/00 0:00,0,0.4649,4/8/23 7:19,1.62,RIE,Ad Group Recall (Merged)
20230807,1773282087462910 ,AE,MENA,,1/1/00 0:00,0,0.4649,4/8/23 7:19,1.67,RIE,Ad Group Recall (Merged)
20230807,1773282167132160 ,ID,,,1/1/00 0:00,2.4353,1.0445,4/8/23 7:23,0.54,Non-Auction Ads,Promote
20230807,1773280701815840 ,US,US&CA,,1/1/00 0:00,,16.4857,4/8/23 7:57,1.81,RIE,Ad Group Recall (Merged)
20230807,1773282844307460 ,IT,,,1/1/00 0:00,7.2856,5.0477,4/8/23 7:31,0.54,Non-Auction Ads,Promote
20230807,1773283221976090 ,FR,FR,,1/1/00 0:00,14.48,7.0926,4/8/23 7:36,1.76,RIE,Ad Group Recall (Merged)
20230807,1773282715735050 ,GR,Other,,1/1/00 0:00,0,3.998,4/8/23 7:29,1.62,RIE,Ad Group Recall (Merged)
20230807,1773282725234680 ,GR,Other,,1/1/00 0:00,0,3.998,4/8/23 7:29,1.62,RIE,Ad Group Recall (Merged)
20230807,1773282714658850 ,GR,Other,,1/1/00 0:00,0,3.998,4/8/23 7:29,1.62,RIE,Ad Group Recall (Merged)
20230807,1773284699425810 ,KR,KR,,1/1/00 0:00,4.26,17.0433,4/8/23 7:59,2.18,RIE,Ad Group Recall (Merged)
20230807,1773282269631480 ,KH,,,1/1/00 0:00,0.9914,0.4091,4/8/23 7:23,0.54,Non-Auction Ads,Promote
20230807,1773282269128700 ,PH,,,1/1/00 0:00,3.2133,0.4077,4/8/23 7:24,0.54,Non-Auction Ads,Promote
20230807,1773282406401020 ,TR,,,1/1/00 0:00,2.459,0.7019,4/8/23 7:26,0.54,Non-Auction Ads,Promote
20230807,1773282958132220 ,QA,,,1/1/00 0:00,5.8557,3.9146,4/8/23 7:34,0.54,Non-Auction Ads,Promote
20230807,1773278784994300 ,US,US&CA,,1/1/00 0:00,92.82,16.6078,4/8/23 8:00,1.81,RIE,Ad Group Recall (Merged)
20230807,1773278883548170 ,CA,US&CA,,1/1/00 0:00,94.58,16.6078,4/8/23 8:00,1.81,RIE,Ad Group Recall (Merged)
20230807,1773278883548170 ,CA,US&CA,,1/1/00 0:00,94.58,16.6078,4/8/23 8:00,1.81,RIE,Ad Group Recall (Merged)
20230807,1773278891525120 ,AU,AU,,1/1/00 0:00,91.73,16.6078,4/8/23 8:00,1.84,RIE,Ad Group Recall (Merged)
20230807,1773283800716320 ,GB,GB,,1/1/00 0:00,,6.9674,4/8/23 7:46,1.76,Auction Ads,auction_relation
20230807,1773285125711870 ,TW,TW,,1/1/00 0:00,25.94,11.3769,4/8/23 7:54,0.95,Auction Ads,auction_relation
20230807,1773283563697180 ,VN,VN,,1/1/00 0:00,0.0017,4.7744,4/8/23 7:40,2.14,Auction Ads,auction_relation
20230807,1773282862382080 ,MY,,,1/1/00 0:00,6.5224,1.2841,4/8/23 7:32,0.54,Non-Auction Ads,Promote
20230807,1773287613483000 ,ID,ID,,1/1/00 0:00,190.98,37.8199,4/8/23 8:30,1.8,Auction Ads,auction_relation
20230807,1773283782746110 ,VN,,,1/1/00 0:00,2.7911,6.8189,4/8/23 7:48,0.54,Non-Auction Ads,Promote
20230807,1773284006512640 ,AU,AU,,1/1/00 0:00,,6.9674,4/8/23 7:49,1.84,Auction Ads,auction_relation
20230807,1773283311406080 ,BR,,,1/1/00 0:00,1.0054,2.703,4/8/23 7:40,0.54,Non-Auction Ads,Promote
20230807,1773286849573890 ,KH,KH,,1/1/00 0:00,36.64,26.3355,4/8/23 8:21,1.5,Auction Ads,auction_relation
20230807,1773283934678060 ,VN,VN,,1/1/00 0:00,,4.5799,4/8/23 7:48,2.14,Auction Ads,auction_relation
20230807,1773284280644650 ,NZ,NZ,,1/1/00 0:00,,6.9674,4/8/23 7:54,1.58,Auction Ads,auction_relation
20230807,1773284462444550 ,DE,,,1/1/00 0:00,12.3702,8.8383,4/8/23 7:58,0.54,Non-Auction Ads,Promote
20230807,1773283349938170 ,MY,,,1/1/00 0:00,1.9144,0.7213,4/8/23 7:41,0.54,Non-Auction Ads,Promote
20230807,1773283818222590 ,PH,,,1/1/00 0:00,3.1096,2.0163,4/8/23 7:47,0.54,Non-Auction Ads,Promote
20230807,1773283850720250 ,ID,,,1/1/00 0:00,4.6016,1.2985,4/8/23 7:52,0.54,Non-Auction Ads,Promote
20230807,1773284009199610 ,VN,,,1/1/00 0:00,4.8701,0.4441,4/8/23 7:51,0.54,Non-Auction Ads,Promote
20230807,1773284685771800 ,NZ,NZ,,1/1/00 0:00,,6.9674,4/8/23 8:00,1.58,Auction Ads,auction_relation
20230807,1773284117057540 ,RO,,,1/1/00 0:00,2.0799,2.1406,4/8/23 7:54,0.54,Non-Auction Ads,Promote
20230807,1773284040953850 ,VN,,,1/1/00 0:00,5.0018,0.4441,4/8/23 7:52,0.54,Non-Auction Ads,Promote
20230807,1773284535196760 ,TH,TH,,1/1/00 0:00,5.8092,3.1465,4/8/23 7:58,1.87,RIE,Ad Group Recall (Merged)
20230807,1773288731424810 ,BR,BR,,1/1/00 0:00,41.72,45.9425,4/8/23 9:04,1.7,RIE,Ad Group Recall (Merged)
20230807,1773285603162130 ,NL,Other,,1/1/00 0:00,0,61.0895,4/8/23 9:12,1.62,RIE,Ad Group Recall (Merged)
20230807,1773284713973760 ,VN,,,1/1/00 0:00,9.2709,2.7592,4/8/23 8:01,0.54,Non-Auction Ads,Promote
20230807,1773284604569600 ,ID,,,1/1/00 0:00,1.9498,0.9056,4/8/23 8:01,0.54,Non-Auction Ads,Promote
20230807,1773284733687810 ,VN,,,1/1/00 0:00,8.359,2.5509,4/8/23 8:02,0.54,Non-Auction Ads,Promote
20230807,1773285413556250 ,TH,TH,,1/1/00 0:00,48.28,5.8453,4/8/23 8:08,1.87,RIE,Ad Group Recall (Merged)
20230807,1773284733287480 ,SA,,,1/1/00 0:00,0,1.4172,4/8/23 8:01,0.54,Non-Auction Ads,Promote
20230807,1773290060299310 ,US,US&CA,,1/1/00 0:00,25.71,7.5,4/8/23 8:16,1.81,RIE,Ad Group Recall (Merged)
20230807,1773284818750460 ,TR,,,1/1/00 0:00,0.082,0.6894,4/8/23 8:04,0.54,Non-Auction Ads,Promote
20230807,1773281053940730 ,VN,,,1/1/00 0:00,1.521,2.7705,4/8/23 8:07,0.54,Non-Auction Ads,Promote
20230807,1773285991659520 ,TR,TR,,1/1/00 0:00,57.7367,6.7938,4/8/23 8:16,1.63,RIE,Ad Group Recall (Merged)
20230807,1773284998377470 ,SA,,,1/1/00 0:00,0,1.5995,4/8/23 8:07,0.54,Non-Auction Ads,Promote
20230807,1773285652827130 ,FR,FR,,1/1/00 0:00,6.66,4.6953,4/8/23 8:15,1.76,RIE,Ad Group Recall (Merged)
20230807,1773285682122750 ,TH,TH,,1/1/00 0:00,26.16,5.8453,4/8/23 8:16,1.87,RIE,Ad Group Recall (Merged)
20230807,1773285253828610 ,VN,,,1/1/00 0:00,9.5282,3.4262,4/8/23 8:10,1.53,RIE,Promote Report Recall
20230807,1773286082378780 ,JP,JP,,1/1/00 0:00,133.19,80.3645,4/8/23 9:22,3.21,RIE,Ad Group Recall (Merged)
20230807,1773287507375130 ,ES,ES,,1/1/00 0:00,70.44,21.7805,4/8/23 8:44,1.79,RIE,Ad Group Recall (Merged)
20230807,1773285169556480 ,VN,,,1/1/00 0:00,0,0.932,4/8/23 8:08,0.54,Non-Auction Ads,Promote
20230807,1773285748034560 ,DE,,,1/1/00 0:00,11.0825,4.6213,4/8/23 8:18,1.53,RIE,Promote Report Recall
20230807,1773282332344370 ,US,US&CA,,1/1/00 0:00,0.2244,9.2635,4/8/23 8:22,1.81,RIE,Ad Group Recall (Merged)
20230807,1773286171741180 ,TH,TH,,1/1/00 0:00,2.5854,7.8324,4/8/23 8:22,1.87,RIE,Ad Group Recall (Merged)
20230807,1773286020491280 ,US,US&CA,,1/1/00 0:00,1.39,6.9674,4/8/23 8:20,1.81,RIE,Ad Group Recall (Merged)
20230807,1773286020491280 ,US,USCA,,1/1/00 0:00,1.39,6.9674,4/8/23 8:20,1.78,Auction Ads,auction_relation
20230807,1773292410838040 ,VN,VN,,1/1/00 0:00,94.85,129.1744,4/8/23 9:58,2.14,Auction Ads,auction_relation
20230807,1773289261646850 ,ID,ID,,1/1/00 0:00,480.49,34.8697,4/8/23 9:04,2.05,RIE,Ad Group Recall (Merged)
20230807,1773288339603470 ,VN,VN,,1/1/00 0:00,37.3965,20.741,4/8/23 8:45,2.14,Auction Ads,auction_relation
20230807,1773285275187200 ,ID,,,1/1/00 0:00,4.0045,0.561,4/8/23 8:12,0.54,Non-Auction Ads,Promote
20230807,1773285832481790 ,VN,,,1/1/00 0:00,0,3.9298,4/8/23 8:20,0.54,Non-Auction Ads,Promote
20230807,1773285817530370 ,SA,,,1/1/00 0:00,8.5217,3.7917,4/8/23 8:20,0.54,Non-Auction Ads,Promote
20230807,1773286495792130 ,GB,,,1/1/00 0:00,26.5948,13.1863,4/8/23 8:30,0.54,Non-Auction Ads,Promote
20230807,1773285711329280 ,BR,,,1/1/00 0:00,1.6455,1.1967,4/8/23 8:18,0.54,Non-Auction Ads,Promote
20230807,1773283477146650 ,US,US&CA,,1/1/00 0:00,33.06,16.2004,4/8/23 8:38,1.81,RIE,Ad Group Recall (Merged)
20230807,1773283477146650 ,US,US&CA,,1/1/00 0:00,33.06,16.2004,4/8/23 8:38,1.81,RIE,Ad Group Recall (Merged)
20230807,1773286206169120 ,NZ,NZ,,1/1/00 0:00,,6.9674,4/8/23 8:25,1.58,Auction Ads,auction_relation
20230807,1773285809960960 ,VN,,,1/1/00 0:00,6.247,0.9721,4/8/23 8:19,0.54,Non-Auction Ads,Promote
20230807,1773287788367900 ,ID,ID,,1/1/00 0:00,1739.09,17.5371,4/8/23 8:46,2.05,RIE,Ad Group Recall (Merged)
20230807,1773285678077950 ,VN,,,1/1/00 0:00,1.0755,0.8522,4/8/23 8:19,1.53,RIE,Promote Report Recall
20230807,1773286349445150 ,ZA,ZA,,1/1/00 0:00,,6.9674,4/8/23 8:27,1.4,Auction Ads,auction_relation
20230807,1773288047764480 ,FR,FR,,1/1/00 0:00,25.48,21.7805,4/8/23 8:53,1.76,RIE,Ad Group Recall (Merged)
20230807,1773286177216560 ,NO,Others,,1/1/00 0:00,0.96,4.5096,4/8/23 8:23,1.56,Auction Ads,auction_all
20230807,1773286177216560 ,DK,DK,,1/1/00 0:00,0.96,4.5096,4/8/23 8:23,1.31,Auction Ads,auction_relation
20230807,1773286068338680 ,SA,,,1/1/00 0:00,0.04,4.4868,4/8/23 8:25,0.54,Non-Auction Ads,Promote
20230807,1773296239075370 ,PH,PH,,1/1/00 0:00,20.52,4.7853,4/8/23 8:28,2.46,Auction Ads,auction_relation
20230807,1773286101596160 ,AE,,,1/1/00 0:00,2.995,1.6531,4/8/23 8:25,0.54,Non-Auction Ads,Promote
20230807,1773284825660450 ,HU,Other,,1/1/00 0:00,46.16,4.7467,4/8/23 8:30,1.62,RIE,Ad Group Recall (Merged)
20230807,1773284743330850 ,HU,Other,,1/1/00 0:00,57.79,4.7467,4/8/23 8:30,1.62,RIE,Ad Group Recall (Merged)
20230807,1773284740632590 ,HU,Other,,1/1/00 0:00,129.88,4.7467,4/8/23 8:30,1.62,RIE,Ad Group Recall (Merged)
20230807,1773286084261890 ,VN,,,1/1/00 0:00,1.3144,1.7842,4/8/23 8:28,0.54,Non-Auction Ads,Promote
20230807,1773284305915950 ,TH,TH,,1/1/00 0:00,,4.613,4/8/23 8:30,1.64,Auction Ads,auction_relation
20230807,1773286243852290 ,VN,,,1/1/00 0:00,5.8581,0.938,4/8/23 8:27,0.54,Non-Auction Ads,Promote
20230807,1773291726347310 ,MY,MY,,1/1/00 0:00,172.46,111.4981,4/8/23 9:46,2.3,RIE,Ad Group Recall (Merged)
20230807,1773286373944320 ,VN,,,1/1/00 0:00,2.9658,0.938,4/8/23 8:28,0.54,Non-Auction Ads,Promote
20230807,1773287534303280 ,MY,MY,,1/1/00 0:00,20.11,7.1015,4/8/23 8:43,2.3,RIE,Ad Group Recall (Merged)
20230807,1773287000084490 ,AE,MENA,,1/1/00 0:00,,2.9676,4/8/23 8:34,1.67,RIE,Ad Group Recall (Merged)
20230807,1773294037189680 ,KR,KR,,1/1/00 0:00,19.3,84.687,4/8/23 9:29,2.18,RIE,Ad Group Recall (Merged)
20230807,1773286799457310 ,KR,KR,,1/1/00 0:00,,1.7054,4/8/23 8:31,2.37,Auction Ads,auction_relation
20230807,1773294131683340 ,KR,KR,,1/1/00 0:00,20.04,84.687,4/8/23 9:30,2.18,RIE,Ad Group Recall (Merged)
20230807,1773293322060800 ,KR,KR,,1/1/00 0:00,282.12,39.1199,4/8/23 9:14,2.18,RIE,Ad Group Recall (Merged)
20230807,1773286827792380 ,VN,,,1/1/00 0:00,2.6318,1.8224,4/8/23 8:35,0.54,Non-Auction Ads,Promote
20230807,1773284815629340 ,US,US&CA,,1/1/00 0:00,0,6.609,4/8/23 8:48,1.81,RIE,Ad Group Recall (Merged)
20230807,1773284815629340 ,CA,US&CA,,1/1/00 0:00,0,6.609,4/8/23 8:48,1.81,RIE,Ad Group Recall (Merged)
20230807,1773286649398270 ,PH,,,1/1/00 0:00,3.1316,0.2755,4/8/23 8:32,0.54,Non-Auction Ads,Promote
20230807,1773286931026940 ,PH,,,1/1/00 0:00,5.953,1.4779,4/8/23 8:36,0.54,Non-Auction Ads,Promote
20230807,1773286887559160 ,PH,,,1/1/00 0:00,3.2265,0.6207,4/8/23 8:36,0.54,Non-Auction Ads,Promote
20230807,1773283711126570 ,IT,IT,,1/1/00 0:00,2.66,1.782,4/8/23 8:44,1.79,RIE,Ad Group Recall (Merged)
20230807,1773288428614770 ,ID,ID,,1/1/00 0:00,6.2166,8.7938,4/8/23 8:55,1.8,Auction Ads,auction_relation
20230807,1773287928746050 ,SA,MENA,,1/1/00 0:00,0,2.0532,4/8/23 8:47,1.67,RIE,Ad Group Recall (Merged)
20230807,1773288416413690 ,SG,,,1/1/00 0:00,22.6272,12.6084,4/8/23 9:02,0.54,Non-Auction Ads,Promote
20230807,1773287588900860 ,TH,,,1/1/00 0:00,13.764,1.7,4/8/23 8:48,0.54,Non-Auction Ads,Promote
20230807,1773287748886530 ,ID,,,1/1/00 0:00,1.1371,1.0819,4/8/23 8:50,1.53,RIE,Promote Report Recall
20230807,1773287737765890 ,VN,,,1/1/00 0:00,2.1794,1.4877,4/8/23 8:51,0.54,Non-Auction Ads,Promote
20230807,1773287745037310 ,ID,,,1/1/00 0:00,3.7251,0.7007,4/8/23 8:50,0.54,Non-Auction Ads,Promote
20230807,1773289299987450 ,DE,DE,,1/1/00 0:00,394.7478,87.743,4/8/23 9:37,1.01,Auction Ads,auction_relation
20230807,1773287395640320 ,ID,,,1/1/00 0:00,3.4757,1.1728,4/8/23 8:52,0.54,Non-Auction Ads,Promote
20230807,1773287945489400 ,MY,,,1/1/00 0:00,4.4874,1.6734,4/8/23 8:54,0.54,Non-Auction Ads,Promote
20230807,1773288490952750 ,ID,ID,,1/1/00 0:00,3.0769,5.0114,4/8/23 8:58,1.8,Auction Ads,auction_relation
20230807,1773287724210170 ,VN,,,1/1/00 0:00,0,0.263,4/8/23 8:51,0.54,Non-Auction Ads,Promote
20230807,1773288149963770 ,ID,,,1/1/00 0:00,20.8439,2.7895,4/8/23 8:57,0.54,Non-Auction Ads,Promote
20230807,1773288198927360 ,VN,,,1/1/00 0:00,17.7116,2.7807,4/8/23 8:57,0.54,Non-Auction Ads,Promote
20230807,1773276795677710 ,JP,JP,,1/1/00 0:00,44.1916,5.5276,4/8/23 9:00,2.16,Auction Ads,auction_all
20230807,1773288268546040 ,ID,,,1/1/00 0:00,18.8647,2.7895,4/8/23 8:58,0.54,Non-Auction Ads,Promote
20230807,1773259503166490 ,US,US&CA,,1/1/00 0:00,,3.9256,4/8/23 9:00,1.81,RIE,Ad Group Recall (Merged)
20230807,1773259861917710 ,US,US&CA,,1/1/00 0:00,,3.9256,4/8/23 9:00,1.81,RIE,Ad Group Recall (Merged)
20230807,1773288206389250 ,QA,,,1/1/00 0:00,2.4882,1.6263,4/8/23 8:58,0.54,Non-Auction Ads,Promote
20230807,1773288357013500 ,AE,,,1/1/00 0:00,5.6844,5.365,4/8/23 9:03,0.54,Non-Auction Ads,Promote
20230807,1773294750465050 ,KR,KR,,1/1/00 0:00,20.22,84.687,4/8/23 9:41,2.18,RIE,Ad Group Recall (Merged)
20230807,1773288630853660 ,SA,MENA,,1/1/00 0:00,0,2.0532,4/8/23 9:01,1.67,RIE,Ad Group Recall (Merged)
20230807,1773286731313180 ,US,US&CA,,1/1/00 0:00,100.63,49.2838,4/8/23 9:25,1.81,RIE,Ad Group Recall (Merged)
20230807,1773219238566930 ,GB,GB,,1/1/00 0:00,,0,4/8/23 9:00,1.76,Auction Ads,auction_relation
20230807,1773288786299910 ,ES,,,1/1/00 0:00,2.0474,5.7171,4/8/23 9:09,0.54,Non-Auction Ads,Promote
20230807,1773288510209020 ,IL,,,1/1/00 0:00,1.6853,0.6971,4/8/23 9:02,1.53,RIE,Promote Report Recall
20230807,1773288812057710 ,FI,,,1/1/00 0:00,1.8721,2.987,4/8/23 9:07,0.54,Non-Auction Ads,Promote
20230807,1773289398095870 ,TR,TR,,1/1/00 0:00,25,21.7805,4/8/23 9:14,1.63,RIE,Ad Group Recall (Merged)
20230807,1773284914363410 ,DE,DE,,1/1/00 0:00,6.581,1.0628,4/8/23 9:04,1.01,Auction Ads,auction_relation
20230807,1773288852840450 ,ID,,,1/1/00 0:00,1.677,2.8978,4/8/23 9:08,0.54,Non-Auction Ads,Promote
20230807,1773288808424460 ,SA,MENA,,1/1/00 0:00,0,2.0532,4/8/23 9:04,1.67,RIE,Ad Group Recall (Merged)
20230807,1773288950681600 ,MY,,,1/1/00 0:00,9.9955,3.3995,4/8/23 9:08,1.53,RIE,Promote Report Recall
20230807,1773288627972090 ,ID,,,1/1/00 0:00,1.2589,0.987,4/8/23 9:08,1.53,RIE,Promote Report Recall
20230807,1773288894501880 ,VN,,,1/1/00 0:00,2.5226,1.7079,4/8/23 9:10,0.54,Non-Auction Ads,Promote
20230807,1773289313230860 ,SA,MENA,,1/1/00 0:00,16.03,13.0892,4/8/23 9:12,1.67,RIE,Ad Group Recall (Merged)
20230807,1773290403363890 ,ID,ID,,1/1/00 0:00,100,14.3977,4/8/23 9:18,2.05,RIE,Ad Group Recall (Merged)
20230807,1773290586348590 ,ID,ID,,1/1/00 0:00,55.41,14.3977,4/8/23 9:18,2.05,RIE,Ad Group Recall (Merged)
20230807,1773312550771710 ,US,USCA,,1/1/00 0:00,244.68,295.0372,4/8/23 16:20,1.78,Auction Ads,auction_relation
20230807,1773289191925770 ,TR,TR,,1/1/00 0:00,5.98,4.5096,4/8/23 9:11,0.83,Auction Ads,auction_relation
20230807,1773289191925770 ,CH,CH,,1/1/00 0:00,5.98,4.5096,4/8/23 9:11,0.93,Auction Ads,auction_relation
20230807,1773289191925770 ,IE,IE,,1/1/00 0:00,5.98,4.5096,4/8/23 9:11,1.52,Auction Ads,auction_relation
20230807,1773289191925770 ,GB,GB,,1/1/00 0:00,5.98,4.5096,4/8/23 9:11,1.76,Auction Ads,auction_relation
20230807,1773289191925770 ,SE,SE,,1/1/00 0:00,5.98,4.5096,4/8/23 9:11,1.4,Auction Ads,auction_relation
20230807,1773289191925770 ,PK,PK,,1/1/00 0:00,5.98,4.5096,4/8/23 9:11,1.36,Auction Ads,auction_relation
20230807,1773289191925770 ,BE,BE,,1/1/00 0:00,5.98,4.5096,4/8/23 9:11,1.15,Auction Ads,auction_relation
20230807,1773289191925770 ,KZ,KZ,,1/1/00 0:00,5.98,4.5096,4/8/23 9:11,2,Auction Ads,auction_relation
20230807,1773289191925770 ,AU,AU,,1/1/00 0:00,5.98,4.5096,4/8/23 9:11,1.84,Auction Ads,auction_relation
20230807,1773289191925770 ,PE,PE,,1/1/00 0:00,5.98,4.5096,4/8/23 9:11,1.68,Auction Ads,auction_all
20230807,1773289191925770 ,AT,AT,,1/1/00 0:00,5.98,4.5096,4/8/23 9:11,0.89,Auction Ads,auction_relation
20230807,1773289191925770 ,RO,RO,,1/1/00 0:00,5.98,4.5096,4/8/23 9:11,1.94,Auction Ads,auction_relation
20230807,1773289191925770 ,NL,NL,,1/1/00 0:00,5.98,4.5096,4/8/23 9:11,1.19,Auction Ads,auction_relation
20230807,1773289191925770 ,ZA,ZA,,1/1/00 0:00,5.98,4.5096,4/8/23 9:11,1.4,Auction Ads,auction_relation
20230807,1773289191925770 ,DK,DK,,1/1/00 0:00,5.98,4.5096,4/8/23 9:11,1.31,Auction Ads,auction_relation
20230807,1773289191925770 ,SA,MENA,,1/1/00 0:00,5.98,4.5096,4/8/23 9:11,1.78,Auction Ads,auction_relation
20230807,1773289191925770 ,PL,PL,,1/1/00 0:00,5.98,4.5096,4/8/23 9:11,1.64,Auction Ads,auction_relation
20230807,1773289191925770 ,CZ,CZ,,1/1/00 0:00,5.98,4.5096,4/8/23 9:11,1.9,Auction Ads,auction_relation
20230807,1773289191925770 ,BR,BR,,1/1/00 0:00,5.98,4.5096,4/8/23 9:11,1.99,Auction Ads,auction_all
20230807,1773289191925770 ,IT,IT,,1/1/00 0:00,5.98,4.5096,4/8/23 9:11,1.36,Auction Ads,auction_relation
20230807,1773289191925770 ,JO,Others,,1/1/00 0:00,5.98,4.5096,4/8/23 9:11,1.56,Auction Ads,auction_all
20230807,1773289191925770 ,NZ,NZ,,1/1/00 0:00,5.98,4.5096,4/8/23 9:11,1.58,Auction Ads,auction_relation
20230807,1773289191925770 ,FR,FR,,1/1/00 0:00,5.98,4.5096,4/8/23 9:11,1.97,Auction Ads,auction_relation
20230807,1773289191925770 ,PT,PT,,1/1/00 0:00,5.98,4.5096,4/8/23 9:11,1.98,Auction Ads,auction_relation
20230807,1773289191925770 ,ES,ES,,1/1/00 0:00,5.98,4.5096,4/8/23 9:11,1.37,Auction Ads,auction_relation
20230807,1773289191925770 ,DE,DE,,1/1/00 0:00,5.98,4.5096,4/8/23 9:11,1.01,Auction Ads,auction_relation
20230807,1773289191925770 ,EG,MENA,,1/1/00 0:00,5.98,4.5096,4/8/23 9:11,1.78,Auction Ads,auction_relation
20230807,1773289191925770 ,PK,PK,,1/1/00 0:00,5.98,4.5096,4/8/23 9:11,1.36,Auction Ads,auction_relation
20230807,1773289191925770 ,IQ,Others,,1/1/00 0:00,5.98,4.5096,4/8/23 9:11,1.56,Auction Ads,auction_all
20230807,1773289191925770 ,IL,IL,,1/1/00 0:00,5.98,4.5096,4/8/23 9:11,1.52,Auction Ads,auction_relation
20230807,1773289191925770 ,GR,GR,,1/1/00 0:00,5.98,4.5096,4/8/23 9:11,2.11,Auction Ads,auction_relation
20230807,1773285993455650 ,US,US&CA,,1/1/00 0:00,,4.2681,4/8/23 9:12,1.81,RIE,Ad Group Recall (Merged)
20230807,1773289215992830 ,VN,,,1/1/00 0:00,2.7084,1.4916,4/8/23 9:13,0.54,Non-Auction Ads,Promote
20230807,1773289218582530 ,VN,,,1/1/00 0:00,0,2.1765,4/8/23 9:14,0.54,Non-Auction Ads,Promote
20230807,1773289172347900 ,TH,,,1/1/00 0:00,8.7248,0.9455,4/8/23 9:13,0.54,Non-Auction Ads,Promote
20230807,1773289205346300 ,VN,,,1/1/00 0:00,0,1.1919,4/8/23 9:14,0.54,Non-Auction Ads,Promote
20230807,1773289638682620 ,DK,DK,,1/1/00 0:00,0,4.5096,4/8/23 9:16,1.31,Auction Ads,auction_relation
20230807,1773289638682620 ,NO,Others,,1/1/00 0:00,0,4.5096,4/8/23 9:16,1.56,Auction Ads,auction_all
20230807,1773289401347070 ,AE,,,1/1/00 0:00,0.6043,4.132,4/8/23 9:18,0.54,Non-Auction Ads,Promote
20230807,1773289681920000 ,BR,BR,,1/1/00 0:00,,0.3756,4/8/23 9:16,1.7,RIE,Ad Group Recall (Merged)
20230807,1773289681928220 ,BR,BR,,1/1/00 0:00,0,0.3756,4/8/23 9:16,1.7,RIE,Ad Group Recall (Merged)
20230807,1773289503815690 ,VN,VN,,1/1/00 0:00,,1.0666,4/8/23 9:16,2.14,Auction Ads,auction_relation
20230807,1773289503815690 ,VN,VN,,1/1/00 0:00,,1.0666,4/8/23 9:16,2.14,Auction Ads,auction_relation
20230807,1773289503815690 ,VN,VN,,1/1/00 0:00,,1.0666,4/8/23 9:16,2.14,Auction Ads,auction_relation
20230807,1773289503815690 ,VN,VN,,1/1/00 0:00,,1.0666,4/8/23 9:16,2.14,Auction Ads,auction_relation
20230807,1773289569695740 ,ID,ID,,1/1/00 0:00,23.56,1.4879,4/8/23 9:17,1.8,Auction Ads,auction_relation
20230807,1773289653650430 ,IT,,,1/1/00 0:00,7.3731,2.8495,4/8/23 9:20,0.54,Non-Auction Ads,Promote
20230807,1773289682636800 ,TH,,,1/1/00 0:00,2.0606,1.6814,4/8/23 9:20,1.53,RIE,Promote Report Recall
20230807,1773289843309570 ,ID,,,1/1/00 0:00,10.1521,8.2643,4/8/23 9:23,1.53,RIE,Promote Report Recall
20230807,1773289835707400 ,IQ,Others,,1/1/00 0:00,11.67,4.5096,4/8/23 9:21,1.56,Auction Ads,auction_all
20230807,1773289835707400 ,TR,TR,,1/1/00 0:00,11.67,4.5096,4/8/23 9:21,0.83,Auction Ads,auction_relation
20230807,1773289835707400 ,RO,RO,,1/1/00 0:00,11.67,4.5096,4/8/23 9:21,1.94,Auction Ads,auction_relation
20230807,1773289835707400 ,EG,MENA,,1/1/00 0:00,11.67,4.5096,4/8/23 9:21,1.78,Auction Ads,auction_relation
20230807,1773289835707400 ,GR,GR,,1/1/00 0:00,11.67,4.5096,4/8/23 9:21,2.11,Auction Ads,auction_relation
20230807,1773289835707400 ,NO,Others,,1/1/00 0:00,11.67,4.5096,4/8/23 9:21,1.56,Auction Ads,auction_all
20230807,1773289835707400 ,CZ,CZ,,1/1/00 0:00,11.67,4.5096,4/8/23 9:21,1.9,Auction Ads,auction_relation
20230807,1773289835707400 ,IE,IE,,1/1/00 0:00,11.67,4.5096,4/8/23 9:21,1.52,Auction Ads,auction_relation
20230807,1773289835707400 ,PK,PK,,1/1/00 0:00,11.67,4.5096,4/8/23 9:21,1.36,Auction Ads,auction_relation
20230807,1773289835707400 ,PH,PH,,1/1/00 0:00,11.67,4.5096,4/8/23 9:21,2.46,Auction Ads,auction_relation
20230807,1773289835707400 ,FI,Others,,1/1/00 0:00,11.67,4.5096,4/8/23 9:21,1.56,Auction Ads,auction_all
20230807,1773289835707400 ,BR,BR,,1/1/00 0:00,11.67,4.5096,4/8/23 9:21,1.99,Auction Ads,auction_all
20230807,1773289835707400 ,PL,PL,,1/1/00 0:00,11.67,4.5096,4/8/23 9:21,1.64,Auction Ads,auction_relation
20230807,1773289835707400 ,ZA,ZA,,1/1/00 0:00,11.67,4.5096,4/8/23 9:21,1.4,Auction Ads,auction_relation
20230807,1773289835707400 ,KZ,KZ,,1/1/00 0:00,11.67,4.5096,4/8/23 9:21,2,Auction Ads,auction_relation
20230807,1773289835707400 ,AU,AU,,1/1/00 0:00,11.67,4.5096,4/8/23 9:21,1.84,Auction Ads,auction_relation
20230807,1773289835707400 ,TH,TH,,1/1/00 0:00,11.67,4.5096,4/8/23 9:21,1.64,Auction Ads,auction_relation
20230807,1773289835707400 ,SA,MENA,,1/1/00 0:00,11.67,4.5096,4/8/23 9:21,1.78,Auction Ads,auction_relation
20230807,1773289835707400 ,AT,AT,,1/1/00 0:00,11.67,4.5096,4/8/23 9:21,0.89,Auction Ads,auction_relation
20230807,1773289835707400 ,ID,ID,,1/1/00 0:00,11.67,4.5096,4/8/23 9:21,1.8,Auction Ads,auction_relation
20230807,1773289835707400 ,SE,SE,,1/1/00 0:00,11.67,4.5096,4/8/23 9:21,1.4,Auction Ads,auction_relation
20230807,1773289835707400 ,BE,BE,,1/1/00 0:00,11.67,4.5096,4/8/23 9:21,1.15,Auction Ads,auction_relation
20230807,1773289835707400 ,DE,DE,,1/1/00 0:00,11.67,4.5096,4/8/23 9:21,1.01,Auction Ads,auction_relation
20230807,1773289835707400 ,CH,CH,,1/1/00 0:00,11.67,4.5096,4/8/23 9:21,0.93,Auction Ads,auction_relation
20230807,1773289835707400 ,IT,IT,,1/1/00 0:00,11.67,4.5096,4/8/23 9:21,1.36,Auction Ads,auction_relation
20230807,1773289835707400 ,FR,FR,,1/1/00 0:00,11.67,4.5096,4/8/23 9:21,1.97,Auction Ads,auction_relation
20230807,1773289835707400 ,DK,DK,,1/1/00 0:00,11.67,4.5096,4/8/23 9:21,1.31,Auction Ads,auction_relation
20230807,1773289835707400 ,MY,MY,,1/1/00 0:00,11.67,4.5096,4/8/23 9:21,2.31,Auction Ads,auction_relation
20230807,1773289835707400 ,EG,MENA,,1/1/00 0:00,11.67,4.5096,4/8/23 9:21,1.78,Auction Ads,auction_relation
20230807,1773289835707400 ,JO,Others,,1/1/00 0:00,11.67,4.5096,4/8/23 9:21,1.56,Auction Ads,auction_all
20230807,1773289835707400 ,PT,PT,,1/1/00 0:00,11.67,4.5096,4/8/23 9:21,1.98,Auction Ads,auction_relation
20230807,1773289835707400 ,IL,IL,,1/1/00 0:00,11.67,4.5096,4/8/23 9:21,1.52,Auction Ads,auction_relation
20230807,1773289835707400 ,KH,KH,,1/1/00 0:00,11.67,4.5096,4/8/23 9:21,1.5,Auction Ads,auction_relation
20230807,1773289835707400 ,DK,DK,,1/1/00 0:00,11.67,4.5096,4/8/23 9:21,1.31,Auction Ads,auction_relation
20230807,1773289835707400 ,NL,NL,,1/1/00 0:00,11.67,4.5096,4/8/23 9:21,1.19,Auction Ads,auction_relation
20230807,1773289835707400 ,ES,ES,,1/1/00 0:00,11.67,4.5096,4/8/23 9:21,1.37,Auction Ads,auction_relation
20230807,1773289835707400 ,NO,Others,,1/1/00 0:00,11.67,4.5096,4/8/23 9:21,1.56,Auction Ads,auction_all
20230807,1773290064185340 ,IQ,Other,,1/1/00 0:00,51.76,72.4267,4/8/23 10:25,1.62,RIE,Ad Group Recall (Merged)
20230807,1773290172760090 ,SA,MENA,,1/1/00 0:00,121.34,7.9011,4/8/23 9:25,1.67,RIE,Ad Group Recall (Merged)
20230807,1773286141596670 ,US,US&CA,,1/1/00 0:00,50.09,4.1047,4/8/23 9:21,1.81,RIE,Ad Group Recall (Merged)
20230807,1773289962820600 ,ID,ID,,1/1/00 0:00,7.12,4.5096,4/8/23 9:24,1.8,Auction Ads,auction_relation
20230807,1773289962820600 ,EC,Others,,1/1/00 0:00,7.12,4.5096,4/8/23 9:24,1.56,Auction Ads,auction_all
20230807,1773289962820600 ,TR,TR,,1/1/00 0:00,7.12,4.5096,4/8/23 9:24,0.83,Auction Ads,auction_relation
20230807,1773291899811870 ,JP,JP,,1/1/00 0:00,136.346,50.4462,4/8/23 9:53,2.16,Auction Ads,auction_all
20230807,1773290073205760 ,QA,,,1/1/00 0:00,1.9669,3.2422,4/8/23 9:28,0.54,Non-Auction Ads,Promote
20230807,1773289899717630 ,TH,,,1/1/00 0:00,8.6117,2.326,4/8/23 9:26,0.54,Non-Auction Ads,Promote
20230807,1773305228858410 ,US,USCA,,1/1/00 0:00,1.72,1.651,4/8/23 9:27,1.78,Auction Ads,auction_relation
20230807,1773290062428160 ,ID,,,1/1/00 0:00,2.3132,1.9592,4/8/23 9:28,0.54,Non-Auction Ads,Promote
20230807,1773290260935710 ,NO,Others,,1/1/00 0:00,5.77,4.5096,4/8/23 9:28,1.56,Auction Ads,auction_all
20230807,1773290260935710 ,GB,GB,,1/1/00 0:00,5.77,4.5096,4/8/23 9:28,1.76,Auction Ads,auction_relation
20230807,1773290260935710 ,KH,KH,,1/1/00 0:00,5.77,4.5096,4/8/23 9:28,1.5,Auction Ads,auction_relation
20230807,1773290260935710 ,DK,DK,,1/1/00 0:00,5.77,4.5096,4/8/23 9:28,1.31,Auction Ads,auction_relation
20230807,1773290260935710 ,MY,MY,,1/1/00 0:00,5.77,4.5096,4/8/23 9:28,2.31,Auction Ads,auction_relation
20230807,1773290260935710 ,TR,TR,,1/1/00 0:00,5.77,4.5096,4/8/23 9:28,0.83,Auction Ads,auction_relation
20230807,1773290260935710 ,ZA,ZA,,1/1/00 0:00,5.77,4.5096,4/8/23 9:28,1.4,Auction Ads,auction_relation
20230807,1773290260935710 ,KZ,KZ,,1/1/00 0:00,5.77,4.5096,4/8/23 9:28,2,Auction Ads,auction_relation
20230807,1773290260935710 ,SA,MENA,,1/1/00 0:00,5.77,4.5096,4/8/23 9:28,1.78,Auction Ads,auction_relation
20230807,1773290260935710 ,IQ,Others,,1/1/00 0:00,5.77,4.5096,4/8/23 9:28,1.56,Auction Ads,auction_all
20230807,1773290260935710 ,TW,TW,,1/1/00 0:00,5.77,4.5096,4/8/23 9:28,0.95,Auction Ads,auction_relation
20230807,1773290260935710 ,AT,AT,,1/1/00 0:00,5.77,4.5096,4/8/23 9:28,0.89,Auction Ads,auction_relation
20230807,1773290260935710 ,IL,IL,,1/1/00 0:00,5.77,4.5096,4/8/23 9:28,1.52,Auction Ads,auction_relation
20230807,1773290260935710 ,CZ,CZ,,1/1/00 0:00,5.77,4.5096,4/8/23 9:28,1.9,Auction Ads,auction_relation
20230807,1773290260935710 ,JO,Others,,1/1/00 0:00,5.77,4.5096,4/8/23 9:28,1.56,Auction Ads,auction_all
20230807,1773290260935710 ,IE,IE,,1/1/00 0:00,5.77,4.5096,4/8/23 9:28,1.52,Auction Ads,auction_relation
20230807,1773290260935710 ,IT,IT,,1/1/00 0:00,5.77,4.5096,4/8/23 9:28,1.36,Auction Ads,auction_relation
20230807,1773290260935710 ,PL,PL,,1/1/00 0:00,5.77,4.5096,4/8/23 9:28,1.64,Auction Ads,auction_relation
20230807,1773290260935710 ,IQ,Others,,1/1/00 0:00,5.77,4.5096,4/8/23 9:28,1.56,Auction Ads,auction_all
20230807,1773290260935710 ,PT,PT,,1/1/00 0:00,5.77,4.5096,4/8/23 9:28,1.98,Auction Ads,auction_relation
20230807,1773290260935710 ,NL,NL,,1/1/00 0:00,5.77,4.5096,4/8/23 9:28,1.19,Auction Ads,auction_relation
20230807,1773290260935710 ,FI,Others,,1/1/00 0:00,5.77,4.5096,4/8/23 9:28,1.56,Auction Ads,auction_all
20230807,1773290260935710 ,SE,SE,,1/1/00 0:00,5.77,4.5096,4/8/23 9:28,1.4,Auction Ads,auction_relation
20230807,1773290260935710 ,DE,DE,,1/1/00 0:00,5.77,4.5096,4/8/23 9:28,1.01,Auction Ads,auction_relation
20230807,1773290260935710 ,NO,Others,,1/1/00 0:00,5.77,4.5096,4/8/23 9:28,1.56,Auction Ads,auction_all
20230807,1773290260935710 ,GR,GR,,1/1/00 0:00,5.77,4.5096,4/8/23 9:28,2.11,Auction Ads,auction_relation
20230807,1773290260935710 ,HU,Others,,1/1/00 0:00,5.77,4.5096,4/8/23 9:28,1.56,Auction Ads,auction_all
20230807,1773290260935710 ,EG,MENA,,1/1/00 0:00,5.77,4.5096,4/8/23 9:28,1.78,Auction Ads,auction_relation
20230807,1773290260935710 ,RO,RO,,1/1/00 0:00,5.77,4.5096,4/8/23 9:28,1.94,Auction Ads,auction_relation
20230807,1773290260935710 ,CH,CH,,1/1/00 0:00,5.77,4.5096,4/8/23 9:28,0.93,Auction Ads,auction_relation
20230807,1773290260935710 ,BE,BE,,1/1/00 0:00,5.77,4.5096,4/8/23 9:28,1.15,Auction Ads,auction_relation
20230807,1773290260935710 ,PK,PK,,1/1/00 0:00,5.77,4.5096,4/8/23 9:28,1.36,Auction Ads,auction_relation
20230807,1773290260935710 ,ID,ID,,1/1/00 0:00,5.77,4.5096,4/8/23 9:28,1.8,Auction Ads,auction_relation
20230807,1773290260935710 ,FR,FR,,1/1/00 0:00,5.77,4.5096,4/8/23 9:28,1.97,Auction Ads,auction_relation
20230807,1773290260935710 ,DK,DK,,1/1/00 0:00,5.77,4.5096,4/8/23 9:28,1.31,Auction Ads,auction_relation
20230807,1773290260935710 ,ES,ES,,1/1/00 0:00,5.77,4.5096,4/8/23 9:28,1.37,Auction Ads,auction_relation
20230807,1773290260935710 ,JP,JP,,1/1/00 0:00,5.77,4.5096,4/8/23 9:28,2.16,Auction Ads,auction_all
20230807,1773291705208880 ,PH,Other,,1/1/00 0:00,46.06,32.1976,4/8/23 9:53,1.62,RIE,Ad Group Recall (Merged)
20230807,1773290520105980 ,AE,MENA,,1/1/00 0:00,0.57,4.5387,4/8/23 9:30,1.67,RIE,Ad Group Recall (Merged)
20230807,1773290595407900 ,VN,VN,,1/1/00 0:00,19.77,3.0833,4/8/23 9:28,2.13,RIE,Ad Group Recall (Merged)
20230807,1773290893033470 ,GB,GB,,1/1/00 0:00,19.32,11.1458,4/8/23 9:35,1.76,Auction Ads,auction_relation
20230807,1773290081148930 ,IL,,,1/1/00 0:00,1.4832,1.6375,4/8/23 9:29,1.53,RIE,Promote Report Recall
20230807,1773290359193600 ,MY,,,1/1/00 0:00,6.9991,5.792,4/8/23 9:32,0.54,Non-Auction Ads,Promote
20230807,1773290353646620 ,NL,NL,,1/1/00 0:00,6.42,4.5096,4/8/23 9:30,1.19,Auction Ads,auction_relation
20230807,1773290353646620 ,NO,Others,,1/1/00 0:00,6.42,4.5096,4/8/23 9:30,1.56,Auction Ads,auction_all
20230807,1773290353646620 ,IT,IT,,1/1/00 0:00,6.42,4.5096,4/8/23 9:30,1.36,Auction Ads,auction_relation
20230807,1773290353646620 ,ZA,ZA,,1/1/00 0:00,6.42,4.5096,4/8/23 9:30,1.4,Auction Ads,auction_relation
20230807,1773290353646620 ,SA,MENA,,1/1/00 0:00,6.42,4.5096,4/8/23 9:30,1.78,Auction Ads,auction_relation
20230807,1773290353646620 ,TW,TW,,1/1/00 0:00,6.42,4.5096,4/8/23 9:30,0.95,Auction Ads,auction_relation
20230807,1773290353646620 ,DE,DE,,1/1/00 0:00,6.42,4.5096,4/8/23 9:30,1.01,Auction Ads,auction_relation
20230807,1773290353646620 ,DK,DK,,1/1/00 0:00,6.42,4.5096,4/8/23 9:30,1.31,Auction Ads,auction_relation
20230807,1773290353646620 ,EG,MENA,,1/1/00 0:00,6.42,4.5096,4/8/23 9:30,1.78,Auction Ads,auction_relation
20230807,1773290353646620 ,DE,DE,,1/1/00 0:00,6.42,4.5096,4/8/23 9:30,1.01,Auction Ads,auction_relation
20230807,1773290353646620 ,GR,GR,,1/1/00 0:00,6.42,4.5096,4/8/23 9:30,2.11,Auction Ads,auction_relation
20230807,1773290353646620 ,ES,ES,,1/1/00 0:00,6.42,4.5096,4/8/23 9:30,1.37,Auction Ads,auction_relation
20230807,1773290353646620 ,RO,RO,,1/1/00 0:00,6.42,4.5096,4/8/23 9:30,1.94,Auction Ads,auction_relation
20230807,1773286873984010 ,SA,MENA,,1/1/00 0:00,,3.9129,4/8/23 9:34,1.67,RIE,Ad Group Recall (Merged)
20230807,1773330941553680 ,DE,DE,,1/1/00 0:00,1134.44,355.4765,4/8/23 21:14,1.6,RIE,Ad Group Recall (Merged)
20230807,1773290292239360 ,VN,,,1/1/00 0:00,1.9736,0.897,4/8/23 9:31,0.54,Non-Auction Ads,Promote
20230807,1773290352910330 ,VN,,,1/1/00 0:00,0,0.3249,4/8/23 9:32,0.54,Non-Auction Ads,Promote
20230807,1773293099770890 ,TR,TR,,1/1/00 0:00,9.8853,31.9352,4/8/23 10:11,1.63,RIE,Ad Group Recall (Merged)
20230807,1773290554562560 ,QA,,,1/1/00 0:00,1.8165,0.9557,4/8/23 9:35,0.54,Non-Auction Ads,Promote
20230807,1773293180240910 ,TR,TR,,1/1/00 0:00,6.4217,31.9352,4/8/23 10:15,1.63,RIE,Ad Group Recall (Merged)
20230807,1773290870427650 ,US,,,1/1/00 0:00,3.95,4.3533,4/8/23 9:40,1.53,RIE,Promote Report Recall
20230807,1773298608864270 ,BR,BR,,1/1/00 0:00,86,75.4432,4/8/23 11:37,1.7,RIE,Ad Group Recall (Merged)
20230807,1773238873351210 ,US,US&CA,,1/1/00 0:00,676.99,186.639,4/8/23 15:07,1.81,RIE,Ad Group Recall (Merged)
20230807,1773290464206840 ,VN,,,1/1/00 0:00,1.7727,1.5061,4/8/23 9:36,0.54,Non-Auction Ads,Promote
20230807,1773292772882430 ,MA,Other,,1/1/00 0:00,88.36,26.5721,4/8/23 10:07,1.62,RIE,Ad Group Recall (Merged)
20230807,1773290756669450 ,SA,MENA,,1/1/00 0:00,235.28,0.564,4/8/23 9:36,1.67,RIE,Ad Group Recall (Merged)
20230807,1773302445276170 ,BR,BR,,1/1/00 0:00,309.8742,92.3998,4/8/23 12:20,1.7,RIE,Ad Group Recall (Merged)
20230807,1773291080780840 ,ID,ID,,1/1/00 0:00,59.98,1.4879,4/8/23 9:40,1.8,Auction Ads,auction_relation
20230807,1773290922460160 ,TH,,,1/1/00 0:00,8.3471,3.2617,4/8/23 9:41,0.54,Non-Auction Ads,Promote
20230807,1773291007845420 ,AE,MENA,,1/1/00 0:00,235.33,0.564,4/8/23 9:40,1.67,RIE,Ad Group Recall (Merged)
20230807,1773290956699680 ,KR,KR,,1/1/00 0:00,1.13,0.7026,4/8/23 9:40,2.18,RIE,Ad Group Recall (Merged)
20230807,1773293925579800 ,BR,BR,,1/1/00 0:00,52.56,3.4081,4/8/23 9:43,1.7,RIE,Ad Group Recall (Merged)
20230807,1773291790546960 ,BR,BR,,1/1/00 0:00,0,10.9761,4/8/23 9:51,1.7,RIE,Ad Group Recall (Merged)
20230807,1773291066297350 ,GR,,,1/1/00 0:00,3.0484,3.1937,4/8/23 9:43,0.54,Non-Auction Ads,Promote
20230807,1773291149852700 ,MY,MY,,1/1/00 0:00,230.88,0.564,4/8/23 9:42,2.3,RIE,Ad Group Recall (Merged)
20230807,1773291149852700 ,TH,TH,,1/1/00 0:00,230.88,0.564,4/8/23 9:42,1.87,RIE,Ad Group Recall (Merged)
20230807,1773288349553680 ,US,US&CA,,1/1/00 0:00,13.58,11.956,4/8/23 9:58,1.81,RIE,Ad Group Recall (Merged)
20230807,1773291162783790 ,KR,KR,,1/1/00 0:00,0.68,0.7026,4/8/23 9:43,2.18,RIE,Ad Group Recall (Merged)
20230807,1773291137428520 ,KR,KR,,1/1/00 0:00,0.62,0.7026,4/8/23 9:43,2.18,RIE,Ad Group Recall (Merged)
20230807,1773291133299760 ,KR,KR,,1/1/00 0:00,0.18,0.7026,4/8/23 9:43,2.18,RIE,Ad Group Recall (Merged)
20230807,1773292695358510 ,SG,Other,,1/1/00 0:00,152.47,12.7504,4/8/23 10:01,1.62,RIE,Ad Group Recall (Merged)
20230807,1773270664259600 ,BR,BR,,1/1/00 0:00,0,0.4221,4/8/23 9:45,1.7,RIE,Ad Group Recall (Merged)
20230807,1773291258848250 ,QA,,,1/1/00 0:00,5.4797,5.1599,4/8/23 9:46,0.54,Non-Auction Ads,Promote
20230807,1773332326567970 ,ZA,Other,,1/1/00 0:00,227.36,355.4765,4/8/23 21:39,1.62,RIE,Ad Group Recall (Merged)
20230807,1773294220877820 ,SG,,,1/1/00 0:00,36.5794,31.718,4/8/23 10:35,0.54,Non-Auction Ads,Promote
20230807,1773291301475360 ,KR,KR,,1/1/00 0:00,0.12,0.7283,4/8/23 9:45,2.18,RIE,Ad Group Recall (Merged)
20230807,1773291301475360 ,KR,KR,,1/1/00 0:00,0.12,0.7283,4/8/23 9:45,2.18,RIE,Ad Group Recall (Merged)
20230807,1773291262256130 ,KR,KR,,1/1/00 0:00,0.17,0.7283,4/8/23 9:45,2.18,RIE,Ad Group Recall (Merged)
20230807,1773291257998330 ,KR,KR,,1/1/00 0:00,1.37,0.7283,4/8/23 9:45,2.18,RIE,Ad Group Recall (Merged)
20230807,1773291283112970 ,KR,KR,,1/1/00 0:00,0.02,0.7283,4/8/23 9:45,2.18,RIE,Ad Group Recall (Merged)
20230807,1773291087814660 ,EG,,,1/1/00 0:00,0,0.7585,4/8/23 9:45,0.54,Non-Auction Ads,Promote
20230807,1773291954641970 ,TH,TH,,1/1/00 0:00,18.7522,3.6215,4/8/23 9:49,1.64,Auction Ads,auction_relation
20230807,1773291308419120 ,AE,MENA,,1/1/00 0:00,4.83,2.0665,4/8/23 9:45,1.67,RIE,Ad Group Recall (Merged)
20230807,1773291535376380 ,TH,,,1/1/00 0:00,12.6636,4.16,4/8/23 9:50,0.54,Non-Auction Ads,Promote
20230807,1773291317697560 ,ID,ID,,1/1/00 0:00,230.85,0.564,4/8/23 9:45,2.05,RIE,Ad Group Recall (Merged)
20230807,1773291317697560 ,IQ,Other,,1/1/00 0:00,230.85,0.564,4/8/23 9:45,1.62,RIE,Ad Group Recall (Merged)
20230807,1773291317697560 ,VN,VN,,1/1/00 0:00,230.85,0.564,4/8/23 9:45,2.13,RIE,Ad Group Recall (Merged)
20230807,1773291609417720 ,NL,NL,,1/1/00 0:00,33.3569,42.4455,4/8/23 10:47,1.19,Auction Ads,auction_relation
20230807,1773292120376320 ,TH,TH,,1/1/00 0:00,18.3392,3.6215,4/8/23 9:57,1.64,Auction Ads,auction_relation
20230807,1773291486395450 ,VN,,,1/1/00 0:00,2.0334,1.0226,4/8/23 9:50,0.54,Non-Auction Ads,Promote
20230807,1773293006386190 ,GB,,,1/1/00 0:00,26.4802,16.519,4/8/23 10:14,0.54,Non-Auction Ads,Promote
20230807,1773292090498140 ,KR,KR,,1/1/00 0:00,0.04,3.2825,4/8/23 9:57,2.18,RIE,Ad Group Recall (Merged)
20230807,1773292676900880 ,PH,PH,,1/1/00 0:00,18.0752,7.1329,4/8/23 10:02,2.46,Auction Ads,auction_relation
20230807,1773292261023740 ,VN,,,1/1/00 0:00,4.1637,7.3299,4/8/23 10:02,0.54,Non-Auction Ads,Promote
20230807,1773292230283310 ,TH,TH,,1/1/00 0:00,18.9503,3.6215,4/8/23 9:59,1.64,Auction Ads,auction_relation
20230807,1773291983410220 ,KR,KR,,1/1/00 0:00,0.36,0.5126,4/8/23 9:56,2.18,RIE,Ad Group Recall (Merged)
20230807,1773292079852540 ,ID,,,1/1/00 0:00,2.2376,1.7949,4/8/23 9:59,0.54,Non-Auction Ads,Promote
20230807,1773292412030970 ,TH,TH,,1/1/00 0:00,14.2001,3.6215,4/8/23 10:02,1.64,Auction Ads,auction_relation
20230807,1773292162661370 ,IL,,,1/1/00 0:00,4.0307,2.364,4/8/23 10:02,1.53,RIE,Promote Report Recall
20230807,1773292466308200 ,KR,KR,,1/1/00 0:00,0.22,3.2825,4/8/23 10:04,2.18,RIE,Ad Group Recall (Merged)
20230807,1773293646675980 ,VN,VN,,1/1/00 0:00,25.12,10.3815,4/8/23 10:19,2.14,Auction Ads,auction_relation
20230807,1773292409074690 ,PT,,,1/1/00 0:00,2.9385,3.2499,4/8/23 10:05,0.54,Non-Auction Ads,Promote
20230807,1773290154427400 ,US,US&CA,,1/1/00 0:00,0.02,10.6124,4/8/23 10:22,1.81,RIE,Ad Group Recall (Merged)
20230807,1773294980930600 ,HU,Others,,1/1/00 0:00,47.2,26.9127,4/8/23 10:39,1.56,Auction Ads,auction_all
20230807,1773294980930600 ,DE,DE,,1/1/00 0:00,47.2,26.9127,4/8/23 10:39,1.01,Auction Ads,auction_relation
20230807,1773294980930600 ,IT,IT,,1/1/00 0:00,47.2,26.9127,4/8/23 10:39,1.36,Auction Ads,auction_relation
20230807,1773294980930600 ,NO,Others,,1/1/00 0:00,47.2,26.9127,4/8/23 10:39,1.56,Auction Ads,auction_all
20230807,1773294980930600 ,AU,AU,,1/1/00 0:00,47.2,26.9127,4/8/23 10:39,1.84,Auction Ads,auction_relation
20230807,1773294980930600 ,CH,CH,,1/1/00 0:00,47.2,26.9127,4/8/23 10:39,0.93,Auction Ads,auction_relation
20230807,1773294980930600 ,BE,BE,,1/1/00 0:00,47.2,26.9127,4/8/23 10:39,1.15,Auction Ads,auction_relation
20230807,1773294980930600 ,NL,NL,,1/1/00 0:00,47.2,26.9127,4/8/23 10:39,1.19,Auction Ads,auction_relation
20230807,1773294980930600 ,GB,GB,,1/1/00 0:00,47.2,26.9127,4/8/23 10:39,1.76,Auction Ads,auction_relation
20230807,1773294980930600 ,AT,AT,,1/1/00 0:00,47.2,26.9127,4/8/23 10:39,0.89,Auction Ads,auction_relation
20230807,1773294980930600 ,DK,DK,,1/1/00 0:00,47.2,26.9127,4/8/23 10:39,1.31,Auction Ads,auction_relation
20230807,1773294980930600 ,SE,SE,,1/1/00 0:00,47.2,26.9127,4/8/23 10:39,1.4,Auction Ads,auction_relation
20230807,1773294980930600 ,PL,PL,,1/1/00 0:00,47.2,26.9127,4/8/23 10:39,1.64,Auction Ads,auction_relation
20230807,1773292437901310 ,KR,KR,,1/1/00 0:00,0.24,0.5126,4/8/23 10:03,2.18,RIE,Ad Group Recall (Merged)
20230807,1773292427069490 ,KR,KR,,1/1/00 0:00,0.27,0.5126,4/8/23 10:03,2.18,RIE,Ad Group Recall (Merged)
20230807,1773292459311120 ,KR,KR,,1/1/00 0:00,0.59,0.5126,4/8/23 10:03,2.18,RIE,Ad Group Recall (Merged)
20230807,1773293860918270 ,GB,GB,,1/1/00 0:00,29.35,10.4451,4/8/23 10:23,1.72,RIE,Ad Group Recall (Merged)
20230807,1773293860918270 ,IE,Other,,1/1/00 0:00,29.35,10.4451,4/8/23 10:23,1.62,RIE,Ad Group Recall (Merged)
20230807,1773291054155770 ,NO,Others,,1/1/00 0:00,26.7821,17.4928,4/8/23 10:35,1.56,Auction Ads,auction_all
20230807,1773291054155770 ,DK,DK,,1/1/00 0:00,26.7821,17.4928,4/8/23 10:35,1.31,Auction Ads,auction_relation
20230807,1773293605376030 ,GR,Other,,1/1/00 0:00,0,5.6897,4/8/23 10:19,1.62,RIE,Ad Group Recall (Merged)
20230807,1773292626139130 ,VN,,,1/1/00 0:00,7.9634,1.4731,4/8/23 10:07,0.54,Non-Auction Ads,Promote
20230807,1773292661155890 ,KR,KR,,1/1/00 0:00,0.78,0.0238,4/8/23 10:07,2.18,RIE,Ad Group Recall (Merged)
20230807,1773292687205400 ,KR,KR,,1/1/00 0:00,0,0.0238,4/8/23 10:07,2.18,RIE,Ad Group Recall (Merged)
20230807,1773292626302970 ,KR,KR,,1/1/00 0:00,0.27,0.0238,4/8/23 10:07,2.18,RIE,Ad Group Recall (Merged)
20230807,1773292687205400 ,KR,KR,,1/1/00 0:00,0,0.0238,4/8/23 10:07,2.18,RIE,Ad Group Recall (Merged)
20230807,1773293526877180 ,KW,,,1/1/00 0:00,6.4852,5.9805,4/8/23 10:22,0.54,Non-Auction Ads,Promote
20230807,1773292798995450 ,VN,,,1/1/00 0:00,3.0935,0.5726,4/8/23 10:10,0.54,Non-Auction Ads,Promote
20230807,1773294227212280 ,AU,,,1/1/00 0:00,19.0295,12.8118,4/8/23 10:34,1.53,RIE,Promote Report Recall
20230807,1773292765309950 ,VN,,,1/1/00 0:00,3.9723,0.2005,4/8/23 10:10,0.54,Non-Auction Ads,Promote
20230807,1773294778902560 ,PH,Other,,1/1/00 0:00,50,22.4219,4/8/23 10:42,1.62,RIE,Ad Group Recall (Merged)
20230807,1773292865946670 ,KR,KR,,1/1/00 0:00,15.38,0.8314,4/8/23 10:12,2.18,RIE,Ad Group Recall (Merged)
20230807,1773292871405600 ,KR,KR,,1/1/00 0:00,0,0.8314,4/8/23 10:12,2.18,RIE,Ad Group Recall (Merged)
20230807,1773293936019500 ,ES,ES,,1/1/00 0:00,24.79,7.5554,4/8/23 10:26,1.79,RIE,Ad Group Recall (Merged)
20230807,1773293945124870 ,FR,,,1/1/00 0:00,11.5005,8.1908,4/8/23 10:28,0.54,Non-Auction Ads,Promote
20230807,1773293129216000 ,BR,,,1/1/00 0:00,2.1507,1.8635,4/8/23 10:19,0.54,Non-Auction Ads,Promote
20230807,1773293554911230 ,VN,,,1/1/00 0:00,0,2.8574,4/8/23 10:22,0.54,Non-Auction Ads,Promote
20230807,1773294069402630 ,FR,,,1/1/00 0:00,11.0378,8.1908,4/8/23 10:30,0.54,Non-Auction Ads,Promote
20230807,1773298874244140 ,JO,Other,,1/1/00 0:00,204.73,45.8564,4/8/23 11:46,1.62,RIE,Ad Group Recall (Merged)
20230807,1773293863830540 ,ID,ID,,1/1/00 0:00,7.4136,3.3217,4/8/23 10:26,1.8,Auction Ads,auction_relation
20230807,1773298900495360 ,TR,TR,,1/1/00 0:00,27.9009,63.3977,4/8/23 12:24,1.63,RIE,Ad Group Recall (Merged)
20230807,1773293764335610 ,ID,ID,,1/1/00 0:00,5.79,1.5341,4/8/23 10:23,2.05,RIE,Ad Group Recall (Merged)
20230807,1773293775669250 ,SA,,,1/1/00 0:00,5.8964,2.8807,4/8/23 10:26,0.54,Non-Auction Ads,Promote
20230807,1773298332357640 ,TR,TR,,1/1/00 0:00,173.2891,63.3977,4/8/23 12:25,1.63,RIE,Ad Group Recall (Merged)
20230807,1773294573154330 ,FI,Others,,1/1/00 0:00,24.5,6.0186,4/8/23 10:31,1.56,Auction Ads,auction_all
20230807,1773294573154330 ,GB,GB,,1/1/00 0:00,24.5,6.0186,4/8/23 10:31,1.76,Auction Ads,auction_relation
20230807,1773294573154330 ,DE,DE,,1/1/00 0:00,24.5,6.0186,4/8/23 10:31,1.01,Auction Ads,auction_relation
20230807,1773293687044090 ,ID,,,1/1/00 0:00,3.832,1.2656,4/8/23 10:25,0.54,Non-Auction Ads,Promote
20230807,1773294739596280 ,PH,Other,,1/1/00 0:00,3.54,15.2619,4/8/23 10:41,1.62,RIE,Ad Group Recall (Merged)
20230807,1773294048889850 ,VN,,,1/1/00 0:00,0,4.5923,4/8/23 10:31,0.54,Non-Auction Ads,Promote
20230807,1773293208049690 ,US,US&CA,,1/1/00 0:00,93.43,18.3237,4/8/23 10:46,1.81,RIE,Ad Group Recall (Merged)
20230807,1773294328212510 ,US,,,1/1/00 0:00,7.24,7.3446,4/8/23 10:35,0.54,Non-Auction Ads,Promote
20230807,1773306004870190 ,JP,JP,,1/1/00 0:00,1308.9252,105.326,4/8/23 13:39,3.21,RIE,Ad Group Recall (Merged)
20230807,1773293898349560 ,PH,,,1/1/00 0:00,3.6619,0.4092,4/8/23 10:27,0.54,Non-Auction Ads,Promote
20230807,1773294097963010 ,MY,,,1/1/00 0:00,4.5178,3.1802,4/8/23 10:32,0.54,Non-Auction Ads,Promote
20230807,1773294394756100 ,IT,,,1/1/00 0:00,1.7067,3.1272,4/8/23 10:35,0.54,Non-Auction Ads,Promote
20230807,1773297205157930 ,GB,GB,,1/1/00 0:00,22.1199,44.8211,4/8/23 12:01,1.72,RIE,Ad Group Recall (Merged)
20230807,1773294325584890 ,TH,,,1/1/00 0:00,9.5511,1.2468,4/8/23 10:34,0.54,Non-Auction Ads,Promote
20230807,1773300047906850 ,BH,Other,,1/1/00 0:00,850.6,45.8564,4/8/23 12:05,1.62,RIE,Ad Group Recall (Merged)
20230807,1773294400741370 ,SA,,,1/1/00 0:00,0,1.6627,4/8/23 10:37,0.54,Non-Auction Ads,Promote
20230807,1773294357143550 ,TR,,,1/1/00 0:00,2.3487,0.4871,4/8/23 10:36,0.54,Non-Auction Ads,Promote
20230807,1773299655317520 ,AE,MENA,,1/1/00 0:00,90.88,34.2275,4/8/23 11:48,1.67,RIE,Ad Group Recall (Merged)
20230807,1773296293839890 ,SA,MENA,,1/1/00 0:00,180.78,17.5698,4/8/23 11:04,1.67,RIE,Ad Group Recall (Merged)
20230807,1773296055103490 ,SA,MENA,,1/1/00 0:00,59.86,15.2619,4/8/23 11:02,1.67,RIE,Ad Group Recall (Merged)
20230807,1773353450311710 ,KR,KR,,1/1/00 0:00,2777.73,405.175,5/8/23 2:07,2.18,RIE,Ad Group Recall (Merged)
20230807,1773293394445310 ,US,US&CA,,1/1/00 0:00,39.08,19.7544,4/8/23 11:13,1.81,RIE,Ad Group Recall (Merged)
20230807,1773300088686620 ,SE,SE,,1/1/00 0:00,,5.2325,4/8/23 10:45,1.4,Auction Ads,auction_relation
20230807,1773300088686620 ,CH,CH,,1/1/00 0:00,,5.2325,4/8/23 10:45,0.93,Auction Ads,auction_relation
20230807,1773300088686620 ,FI,Others,,1/1/00 0:00,,5.2325,4/8/23 10:45,1.56,Auction Ads,auction_all
20230807,1773300088686620 ,GB,GB,,1/1/00 0:00,,5.2325,4/8/23 10:45,1.76,Auction Ads,auction_relation
20230807,1773300088686620 ,US,USCA,,1/1/00 0:00,,5.2325,4/8/23 10:45,1.78,Auction Ads,auction_relation
20230807,1773300088686620 ,CA,USCA,,1/1/00 0:00,,5.2325,4/8/23 10:45,1.78,Auction Ads,auction_relation
20230807,1773294577865730 ,PH,,,1/1/00 0:00,1.789,0.7935,4/8/23 10:39,0.54,Non-Auction Ads,Promote
20230807,1773297036564480 ,SG,,,1/1/00 0:00,27.263,20.5005,4/8/23 11:20,0.54,Non-Auction Ads,Promote
20230807,1773295155612720 ,GR,Other,,1/1/00 0:00,31.94,4.3398,4/8/23 10:47,1.62,RIE,Ad Group Recall (Merged)
20230807,1773295162843180 ,GR,Other,,1/1/00 0:00,12.34,4.3398,4/8/23 10:47,1.62,RIE,Ad Group Recall (Merged)
20230807,1773295152752730 ,GR,Other,,1/1/00 0:00,36.87,4.3398,4/8/23 10:47,1.62,RIE,Ad Group Recall (Merged)
20230807,1773295175999490 ,SA,,,1/1/00 0:00,0,4.376,4/8/23 10:47,0.54,Non-Auction Ads,Promote
20230807,1773238929654790 ,BR,,,1/1/00 0:00,2.8336,1.5669,4/8/23 10:47,0.54,Non-Auction Ads,Promote
20230807,1773295316918270 ,CZ,,,1/1/00 0:00,5.4919,3.9669,4/8/23 10:50,0.54,Non-Auction Ads,Promote
20230807,1773295322361850 ,VN,,,1/1/00 0:00,0,3.3657,4/8/23 10:51,0.54,Non-Auction Ads,Promote
20230807,1773295099967490 ,RO,,,1/1/00 0:00,23.013,3.8852,4/8/23 10:57,1.53,RIE,Promote Report Recall
20230807,1773295918906400 ,EG,MENA,,1/1/00 0:00,37.1205,21.5589,4/8/23 11:45,1.67,RIE,Ad Group Recall (Merged)
20230807,1773296691850250 ,TH,TH,,1/1/00 0:00,4.4859,4.2595,4/8/23 11:01,1.87,RIE,Ad Group Recall (Merged)
20230807,1773295191998460 ,VN,,,1/1/00 0:00,4.7892,1.2854,4/8/23 10:52,0.54,Non-Auction Ads,Promote
20230807,1773295467877370 ,KH,,,1/1/00 0:00,1.6879,1.5538,4/8/23 10:54,0.54,Non-Auction Ads,Promote
20230807,1773296026345470 ,VN,,,1/1/00 0:00,9.0559,3.2877,4/8/23 11:02,0.54,Non-Auction Ads,Promote
20230807,1773292942634010 ,NO,Other,,1/1/00 0:00,3.27,7.0558,4/8/23 11:07,1.62,RIE,Ad Group Recall (Merged)
20230807,1773292942634010 ,SE,Other,,1/1/00 0:00,3.27,7.0558,4/8/23 11:07,1.62,RIE,Ad Group Recall (Merged)
20230807,1773292947630080 ,NO,Other,,1/1/00 0:00,3.07,7.0558,4/8/23 11:07,1.62,RIE,Ad Group Recall (Merged)
20230807,1773292942634010 ,DK,Other,,1/1/00 0:00,3.27,7.0558,4/8/23 11:07,1.62,RIE,Ad Group Recall (Merged)
20230807,1773292947630080 ,SE,Other,,1/1/00 0:00,3.07,7.0558,4/8/23 11:07,1.62,RIE,Ad Group Recall (Merged)
20230807,1773292947630080 ,FI,Other,,1/1/00 0:00,3.07,7.0558,4/8/23 11:07,1.62,RIE,Ad Group Recall (Merged)
20230807,1773292942634010 ,FI,Other,,1/1/00 0:00,3.27,7.0558,4/8/23 11:07,1.62,RIE,Ad Group Recall (Merged)
20230807,1773292947630080 ,DK,Other,,1/1/00 0:00,3.07,7.0558,4/8/23 11:07,1.62,RIE,Ad Group Recall (Merged)
20230807,1773296459759630 ,DE,,,1/1/00 0:00,11.2252,7.7795,4/8/23 11:09,0.54,Non-Auction Ads,Promote
20230807,1773293091576860 ,CA,USCA,,1/1/00 0:00,2.37,0.4936,4/8/23 11:00,1.78,Auction Ads,auction_relation
20230807,1773296190076920 ,VN,,,1/1/00 0:00,4.5192,2.2955,4/8/23 11:04,0.54,Non-Auction Ads,Promote
20230807,1773302342854670 ,ZA,Other,,1/1/00 0:00,11.5586,29.3665,4/8/23 12:09,1.62,RIE,Ad Group Recall (Merged)
20230807,1773296970885150 ,ID,ID,,1/1/00 0:00,15.7136,8.1229,4/8/23 11:14,1.8,Auction Ads,auction_relation
20230807,1773296111832070 ,EG,,,1/1/00 0:00,0,0.4116,4/8/23 11:03,0.54,Non-Auction Ads,Promote
20230807,1773334052409370 ,US,USCA,,1/1/00 0:00,203.63,310.7048,4/8/23 22:05,1.78,Auction Ads,auction_relation
20230807,1773297057068030 ,TH,,,1/1/00 0:00,5.654,8.3344,4/8/23 11:20,0.54,Non-Auction Ads,Promote
20230807,1773296488066050 ,VN,,,1/1/00 0:00,5.8756,2.98,4/8/23 11:08,0.54,Non-Auction Ads,Promote
20230807,1773299363052590 ,US,US&CA,,1/1/00 0:00,0,16.7407,4/8/23 11:52,1.81,RIE,Ad Group Recall (Merged)
20230807,1773296700776440 ,IL,,,1/1/00 0:00,5.0458,4.3824,4/8/23 11:13,0.54,Non-Auction Ads,Promote
20230807,1773296775883820 ,TR,TR,,1/1/00 0:00,2.4812,2.9591,4/8/23 11:12,1.63,RIE,Ad Group Recall (Merged)
20230807,1773296491342840 ,PH,,,1/1/00 0:00,3.323,0.7669,4/8/23 11:08,0.54,Non-Auction Ads,Promote
20230807,1773296765176830 ,FI,,,1/1/00 0:00,4.666,4.1102,4/8/23 11:15,0.54,Non-Auction Ads,Promote
20230807,1773297143384060 ,VN,,,1/1/00 0:00,6.0297,4.9502,4/8/23 11:19,0.54,Non-Auction Ads,Promote
20230807,1773296610667540 ,EG,,,1/1/00 0:00,0.8574,1.5775,4/8/23 11:12,0.54,Non-Auction Ads,Promote
20230807,1773297098996780 ,MX,Other,,1/1/00 0:00,0,3.3493,4/8/23 11:17,1.62,RIE,Ad Group Recall (Merged)
20230807,1773296848549880 ,VN,,,1/1/00 0:00,5.2629,1.0229,4/8/23 11:14,0.54,Non-Auction Ads,Promote
20230807,1773300013803520 ,US,,,1/1/00 0:00,0,18.9538,4/8/23 12:06,0.54,Non-Auction Ads,Promote
20230807,1773297712216070 ,US,,,1/1/00 0:00,3.64,3.5885,4/8/23 11:28,0.54,Non-Auction Ads,Promote
20230807,1773298113952770 ,SA,,,1/1/00 0:00,2.4311,3.9917,4/8/23 11:36,0.54,Non-Auction Ads,Promote
20230807,1773297414462460 ,ID,,,1/1/00 0:00,5.3776,1.6856,4/8/23 11:24,0.54,Non-Auction Ads,Promote
20230807,1773297527369730 ,BR,,,1/1/00 0:00,5.8216,1.5522,4/8/23 11:27,0.54,Non-Auction Ads,Promote
20230807,1773297560823810 ,VN,,,1/1/00 0:00,1.517,1.8165,4/8/23 11:27,1.53,RIE,Promote Report Recall
20230807,1773297696374790 ,ES,,,1/1/00 0:00,1.585,2.5604,4/8/23 11:29,0.54,Non-Auction Ads,Promote
20230807,1773299509551150 ,KR,KR,,1/1/00 0:00,0,10.258,4/8/23 11:56,2.18,RIE,Ad Group Recall (Merged)
20230807,1773299514360880 ,KR,KR,,1/1/00 0:00,0,10.258,4/8/23 11:56,2.18,RIE,Ad Group Recall (Merged)
20230807,1773299274359810 ,IL,,,1/1/00 0:00,9.1433,8.6071,4/8/23 11:55,0.54,Non-Auction Ads,Promote
20230807,1773299453928450 ,NL,,,1/1/00 0:00,11.2803,10.6521,4/8/23 11:56,0.54,Non-Auction Ads,Promote
20230807,1773324003996680 ,US,US&CA,,1/1/00 0:00,1456.51,272.1258,4/8/23 21:00,1.81,RIE,Ad Group Recall (Merged)
20230807,1773298059999230 ,VN,,,1/1/00 0:00,9.7959,1.536,4/8/23 11:36,0.54,Non-Auction Ads,Promote
20230807,1773298212458490 ,PH,,,1/1/00 0:00,3.2517,1.8104,4/8/23 11:37,0.54,Non-Auction Ads,Promote
20230807,1773299911299120 ,TR,TR,,1/1/00 0:00,0.4204,3.9826,4/8/23 11:45,1.63,RIE,Ad Group Recall (Merged)
20230807,1773297898734610 ,US,US&CA,,1/1/00 0:00,53.25,22.947,4/8/23 12:25,1.81,RIE,Ad Group Recall (Merged)
20230807,1773298405638140 ,MY,,,1/1/00 0:00,8.4896,1.4342,4/8/23 11:40,0.54,Non-Auction Ads,Promote
20230807,1773298785425450 ,IT,IT,,1/1/00 0:00,241.4202,28.3747,4/8/23 12:40,1.79,RIE,Ad Group Recall (Merged)
20230807,1773298590000130 ,VN,,,1/1/00 0:00,0,2.1065,4/8/23 11:44,0.54,Non-Auction Ads,Promote
20230807,1773319356173330 ,VN,VN,,1/1/00 0:00,271.56,207.2369,4/8/23 18:00,2.14,Auction Ads,auction_relation
20230807,1773298690900990 ,VN,,,1/1/00 0:00,0,1.1294,4/8/23 11:43,0.54,Non-Auction Ads,Promote
20230807,1773298678920190 ,ID,,,1/1/00 0:00,3.9227,0.5281,4/8/23 11:44,0.54,Non-Auction Ads,Promote
20230807,1773299216996350 ,EG,,,1/1/00 0:00,2.2157,1.8143,4/8/23 11:52,0.54,Non-Auction Ads,Promote
20230807,1773299511317500 ,VN,,,1/1/00 0:00,1.2562,5.0515,4/8/23 11:57,0.54,Non-Auction Ads,Promote
20230807,1773299512179710 ,PH,,,1/1/00 0:00,3.7601,3.3304,4/8/23 11:56,0.54,Non-Auction Ads,Promote
20230807,1773299445587960 ,ID,,,1/1/00 0:00,27.3452,1.936,4/8/23 11:55,1.53,RIE,Promote Report Recall
20230807,1773299227679740 ,VN,,,1/1/00 0:00,1.8125,0.2132,4/8/23 11:52,1.53,RIE,Promote Report Recall
20230807,1773299328550910 ,KH,,,1/1/00 0:00,1.4453,1.0059,4/8/23 11:53,0.54,Non-Auction Ads,Promote
20230807,1773299556321280 ,DE,,,1/1/00 0:00,34.8215,11.8493,4/8/23 12:14,1.53,RIE,Promote Report Recall
20230807,1773299741583360 ,SA,,,1/1/00 0:00,0,5.7367,4/8/23 12:01,0.54,Non-Auction Ads,Promote
20230807,1773299413721080 ,TH,,,1/1/00 0:00,10.9758,2.3416,4/8/23 11:58,0.54,Non-Auction Ads,Promote
20230807,1772513911756830 ,ES,ES,,1/1/00 0:00,2.07,2.3889,4/8/23 12:00,1.79,RIE,Ad Group Recall (Merged)
20230807,1773311532089450 ,CO,Other,,1/1/00 0:00,118.2604,103.0323,4/8/23 15:06,1.62,RIE,Ad Group Recall (Merged)
20230807,1773299950268430 ,DE,,,1/1/00 0:00,9.7531,4.9965,4/8/23 12:06,0.54,Non-Auction Ads,Promote
20230807,1773299773575160 ,VN,,,1/1/00 0:00,8.0431,2.0575,4/8/23 12:01,0.54,Non-Auction Ads,Promote
20230807,1773300131611650 ,SA,,,1/1/00 0:00,5.5339,5.6837,4/8/23 12:08,0.54,Non-Auction Ads,Promote
20230807,1773297576258570 ,IT,IT,,1/1/00 0:00,0,11.5139,4/8/23 12:22,1.79,RIE,Ad Group Recall (Merged)
20230807,1773299611346940 ,ID,,,1/1/00 0:00,2.1632,0.5337,4/8/23 12:01,1.53,RIE,Promote Report Recall
20230807,1773299861982220 ,EG,,,1/1/00 0:00,0,0.7202,4/8/23 12:02,0.54,Non-Auction Ads,Promote
20230807,1773300221522940 ,VN,,,1/1/00 0:00,3.3572,1.1819,4/8/23 12:08,0.54,Non-Auction Ads,Promote
20230807,1773300057100290 ,ID,,,1/1/00 0:00,6.3619,0.7273,4/8/23 12:07,0.54,Non-Auction Ads,Promote
20230807,1773308762791950 ,IT,IT,,1/1/00 0:00,40.7542,106.6576,4/8/23 15:19,1.36,Auction Ads,auction_relation
20230807,1773300131824640 ,SA,,,1/1/00 0:00,3.2226,1.6242,4/8/23 12:10,0.54,Non-Auction Ads,Promote
20230807,1773300469554170 ,PH,,,1/1/00 0:00,4.0054,0.8803,4/8/23 12:12,0.54,Non-Auction Ads,Promote
20230807,1773300421029890 ,BR,,,1/1/00 0:00,1.3235,1.3239,4/8/23 12:14,0.54,Non-Auction Ads,Promote
20230807,1773300944295930 ,SA,MENA,,1/1/00 0:00,0,2.7801,4/8/23 12:17,1.67,RIE,Ad Group Recall (Merged)
20230807,1773293257673760 ,CA,USCA,,1/1/00 0:00,3.62,0.4936,4/8/23 12:15,1.78,Auction Ads,auction_relation
20230807,1773301308971050 ,TH,TH,,1/1/00 0:00,,4.0098,4/8/23 12:23,1.64,Auction Ads,auction_relation
20230807,1773301375989790 ,GB,GB,,1/1/00 0:00,3.6214,0.1741,4/8/23 12:15,1.76,Auction Ads,auction_relation
20230807,1773297635658780 ,BR,BR,,1/1/00 0:00,0,1.1526,4/8/23 12:20,1.7,RIE,Ad Group Recall (Merged)
20230807,1773301227120640 ,ID,,,1/1/00 0:00,3.5415,2.7289,4/8/23 12:24,0.54,Non-Auction Ads,Promote
20230807,1773310396740620 ,JP,JP,,1/1/00 0:00,400.45,115.8082,4/8/23 15:55,3.21,RIE,Ad Group Recall (Merged)
20230807,1773303871478830 ,MX,Other,,1/1/00 0:00,57.7684,20.9654,4/8/23 12:56,1.62,RIE,Ad Group Recall (Merged)
20230807,1773301050775550 ,PH,,,1/1/00 0:00,1.9635,0.6582,4/8/23 12:21,0.54,Non-Auction Ads,Promote
20230807,1773301050775550 ,PH,,,1/1/00 0:00,1.9635,0.6582,4/8/23 12:21,0.54,Non-Auction Ads,Promote
20230807,1773301874157600 ,DE,,,1/1/00 0:00,11.457,6.5038,4/8/23 12:34,0.54,Non-Auction Ads,Promote
20230807,1773302180969470 ,US,,,1/1/00 0:00,38.82,8.0775,4/8/23 12:40,1.53,RIE,Promote Report Recall
20230807,1773302135728130 ,SA,,,1/1/00 0:00,0,5.998,4/8/23 12:38,0.54,Non-Auction Ads,Promote
20230807,1773301336235010 ,VN,,,1/1/00 0:00,0,2.0687,4/8/23 12:26,0.54,Non-Auction Ads,Promote
20230807,1773301601556480 ,PH,,,1/1/00 0:00,3.0285,1.6485,4/8/23 12:30,0.54,Non-Auction Ads,Promote
20230807,1773301089462270 ,VN,,,1/1/00 0:00,1.2172,0.7516,4/8/23 12:26,0.54,Non-Auction Ads,Promote
20230807,1773301611078660 ,BR,,,1/1/00 0:00,3.5639,1.4748,4/8/23 12:32,1.53,RIE,Promote Report Recall
20230807,1773301982863360 ,HU,,,1/1/00 0:00,2.2725,2.2914,4/8/23 12:37,0.54,Non-Auction Ads,Promote
20230807,1773302360002560 ,SA,,,1/1/00 0:00,0,3.9364,4/8/23 12:42,0.54,Non-Auction Ads,Promote
20230807,1773301966570490 ,PH,,,1/1/00 0:00,1.4057,1.309,4/8/23 12:37,0.54,Non-Auction Ads,Promote
20230807,1773302098274310 ,BR,,,1/1/00 0:00,0.5622,4.1069,4/8/23 12:44,0.54,Non-Auction Ads,Promote
20230807,1773302437048320 ,SA,,,1/1/00 0:00,1.7622,4.4776,4/8/23 12:45,0.54,Non-Auction Ads,Promote
20230807,1773303890287680 ,AU,,,1/1/00 0:00,3.4433,16.551,4/8/23 13:06,0.54,Non-Auction Ads,Promote
20230807,1773308633503770 ,IQ,Other,,1/1/00 0:00,585.8707,58.5141,4/8/23 14:20,1.62,RIE,Ad Group Recall (Merged)
20230807,1773302570825730 ,VN,,,1/1/00 0:00,0,3.561,4/8/23 12:46,0.54,Non-Auction Ads,Promote
20230807,1773302338213880 ,EG,,,1/1/00 0:00,0,0.8354,4/8/23 12:42,0.54,Non-Auction Ads,Promote
20230807,1773302397636610 ,SA,,,1/1/00 0:00,0,1.2185,4/8/23 12:43,0.54,Non-Auction Ads,Promote
20230807,1773302367394820 ,HU,,,1/1/00 0:00,1.319,1.2802,4/8/23 12:44,0.54,Non-Auction Ads,Promote
20230807,1773302742330360 ,VN,,,1/1/00 0:00,9.0231,3.2961,4/8/23 12:48,0.54,Non-Auction Ads,Promote
20230807,1773302805169150 ,SA,,,1/1/00 0:00,3.1481,3.7126,4/8/23 12:49,0.54,Non-Auction Ads,Promote
20230807,1773302961561720 ,SA,,,1/1/00 0:00,11.7817,6.2359,4/8/23 12:53,0.54,Non-Auction Ads,Promote
20230807,1773303282728960 ,US,,,1/1/00 0:00,6.8,9.5172,4/8/23 12:57,0.54,Non-Auction Ads,Promote
20230807,1773302719328350 ,AE,MENA,,1/1/00 0:00,60.93,1.4378,4/8/23 12:47,1.67,RIE,Ad Group Recall (Merged)
20230807,1773302464337920 ,TR,,,1/1/00 0:00,0.8023,0.5555,4/8/23 12:46,1.53,RIE,Promote Report Recall
20230807,1773302905377790 ,VN,,,1/1/00 0:00,4.2379,4.4182,4/8/23 12:52,0.54,Non-Auction Ads,Promote
20230807,1773302867437560 ,SA,,,1/1/00 0:00,2.1031,3.0487,4/8/23 12:51,0.54,Non-Auction Ads,Promote
20230807,1773302790662140 ,PH,,,1/1/00 0:00,3.8488,2.4474,4/8/23 12:50,0.54,Non-Auction Ads,Promote
20230807,1773302706280450 ,RO,,,1/1/00 0:00,1.9357,1.0483,4/8/23 12:48,0.54,Non-Auction Ads,Promote
20230807,1773302695953400 ,KW,,,1/1/00 0:00,1.4674,3.0361,4/8/23 12:51,0.54,Non-Auction Ads,Promote
20230807,1773303185064960 ,SA,,,1/1/00 0:00,0,6.511,4/8/23 12:56,0.54,Non-Auction Ads,Promote
20230807,1773302845606910 ,VN,,,1/1/00 0:00,4.3046,0.7208,4/8/23 12:50,0.54,Non-Auction Ads,Promote
20230807,1773303632065600 ,US,,,1/1/00 0:00,7.37,8.0593,4/8/23 13:02,0.54,Non-Auction Ads,Promote
20230807,1773302983230460 ,AE,,,1/1/00 0:00,8.1459,3.369,4/8/23 12:54,0.54,Non-Auction Ads,Promote
20230807,1773310719649790 ,US,,,1/1/00 0:00,50.05,68.6935,4/8/23 14:55,1.53,RIE,Promote Report Recall
20230807,1773302936607740 ,VN,,,1/1/00 0:00,2.0038,1.0111,4/8/23 12:51,0.54,Non-Auction Ads,Promote
20230807,1773303124424700 ,VN,,,1/1/00 0:00,0,4.4182,4/8/23 12:56,0.54,Non-Auction Ads,Promote
20230807,1773303038054400 ,VN,,,1/1/00 0:00,0,1.8546,4/8/23 12:54,0.54,Non-Auction Ads,Promote
20230807,1773302994985980 ,VN,,,1/1/00 0:00,1.837,1.3813,4/8/23 12:53,1.53,RIE,Promote Report Recall
20230807,1773300282521630 ,GB,GB,,1/1/00 0:00,1.73,7.9386,4/8/23 13:07,1.72,RIE,Ad Group Recall (Merged)
20230807,1773303365601310 ,MX,Other,,1/1/00 0:00,144.5665,37.0828,4/8/23 13:54,1.62,RIE,Ad Group Recall (Merged)
20230807,1773303169116160 ,PH,,,1/1/00 0:00,4.1164,0.7169,4/8/23 12:55,0.54,Non-Auction Ads,Promote
20230807,1773303055490050 ,ID,,,1/1/00 0:00,2.1269,0.6324,4/8/23 12:55,0.54,Non-Auction Ads,Promote
20230807,1773303299004410 ,SA,,,1/1/00 0:00,1.2022,2.0764,4/8/23 12:59,0.54,Non-Auction Ads,Promote
20230807,1773300124679180 ,CA,US&CA,,1/1/00 0:00,0,2.7811,4/8/23 13:02,1.81,RIE,Ad Group Recall (Merged)
20230807,1773304490863660 ,ES,ES,,1/1/00 0:00,245.02,17.2524,4/8/23 13:26,1.79,RIE,Ad Group Recall (Merged)
20230807,1773304490863660 ,US,US&CA,,1/1/00 0:00,245.02,17.2524,4/8/23 13:26,1.81,RIE,Ad Group Recall (Merged)
20230807,1773304304302080 ,NL,,,1/1/00 0:00,11.1379,7.8884,4/8/23 13:13,0.54,Non-Auction Ads,Promote
20230807,1773237806166030 ,PE,Other,,1/1/00 0:00,0,0.9112,4/8/23 13:00,1.62,RIE,Ad Group Recall (Merged)
20230807,1773304280911870 ,SA,,,1/1/00 0:00,0,6.6743,4/8/23 13:12,0.54,Non-Auction Ads,Promote
20230807,1773304837479440 ,IQ,Others,,1/1/00 0:00,19.34,5.1091,4/8/23 13:09,1.56,Auction Ads,auction_all
20230807,1773304837479440 ,IQ,Others,,1/1/00 0:00,19.34,5.1091,4/8/23 13:09,1.56,Auction Ads,auction_all
20230807,1773303853704190 ,VN,,,1/1/00 0:00,5.8071,2.5437,4/8/23 13:06,0.54,Non-Auction Ads,Promote
20230807,1773303739843590 ,FR,,,1/1/00 0:00,10.5319,1.9951,4/8/23 13:05,0.54,Non-Auction Ads,Promote
20230807,1773303580857360 ,PT,,,1/1/00 0:00,2.3991,0.8206,4/8/23 13:02,0.54,Non-Auction Ads,Promote
20230807,1773303978318850 ,VN,,,1/1/00 0:00,5.6406,2.2925,4/8/23 13:08,0.54,Non-Auction Ads,Promote
20230807,1773304168368190 ,US,,,1/1/00 0:00,4.94,4.1567,4/8/23 13:12,1.53,RIE,Promote Report Recall
20230807,1773304002864130 ,IL,,,1/1/00 0:00,1.9288,1.9789,4/8/23 13:09,0.54,Non-Auction Ads,Promote
20230807,1773304356236290 ,US,,,1/1/00 0:00,2,5.7671,4/8/23 13:15,1.53,RIE,Promote Report Recall
20230807,1773304148697090 ,ID,,,1/1/00 0:00,10.806,2.2999,4/8/23 13:10,0.54,Non-Auction Ads,Promote
20230807,1773300431246380 ,ES,ES,,1/1/00 0:00,19.92,1.7464,4/8/23 13:12,1.79,RIE,Ad Group Recall (Merged)
20230807,1773304431897600 ,BR,,,1/1/00 0:00,1.6393,4.0374,4/8/23 13:17,0.54,Non-Auction Ads,Promote
20230807,1773304271858680 ,VN,,,1/1/00 0:00,0,2.0105,4/8/23 13:13,0.54,Non-Auction Ads,Promote
20230807,1773304455743490 ,VN,,,1/1/00 0:00,0,2.712,4/8/23 13:15,0.54,Non-Auction Ads,Promote
20230807,1773306431624220 ,US,US&CA,,1/1/00 0:00,21.8,19.4643,4/8/23 13:39,1.81,RIE,Ad Group Recall (Merged)
20230807,1773304597001220 ,IT,,,1/1/00 0:00,0.3414,2.3341,4/8/23 13:18,0.54,Non-Auction Ads,Promote
20230807,1773304597001220 ,IT,,,1/1/00 0:00,0.3414,2.3341,4/8/23 13:18,0.54,Non-Auction Ads,Promote
20230807,1773305632141330 ,DE,,,1/1/00 0:00,15.6607,13.7809,4/8/23 13:35,0.54,Non-Auction Ads,Promote
20230807,1773305403668480 ,DE,,,1/1/00 0:00,9.3544,10.5754,4/8/23 13:32,0.54,Non-Auction Ads,Promote
20230807,1773304529910780 ,ID,,,1/1/00 0:00,3.9694,0.8379,4/8/23 13:18,0.54,Non-Auction Ads,Promote
20230807,1773311503490160 ,US,USCA,,1/1/00 0:00,19.67,100.6607,4/8/23 16:03,1.78,Auction Ads,auction_relation
20230807,1773304456578050 ,MY,,,1/1/00 0:00,4.999,0.085,4/8/23 13:18,1.53,RIE,Promote Report Recall
20230807,1773304705964030 ,IL,,,1/1/00 0:00,1.2803,1.6418,4/8/23 13:19,1.53,RIE,Promote Report Recall
20230807,1773304777324590 ,GR,Other,,1/1/00 0:00,14.58,2.4718,4/8/23 13:19,1.62,RIE,Ad Group Recall (Merged)
20230807,1773304780804110 ,GR,Other,,1/1/00 0:00,14.48,2.4718,4/8/23 13:19,1.62,RIE,Ad Group Recall (Merged)
20230807,1773304808282110 ,GR,Other,,1/1/00 0:00,11.23,2.4718,4/8/23 13:20,1.62,RIE,Ad Group Recall (Merged)
20230807,1773304705985530 ,MY,,,1/1/00 0:00,3.8861,3.2854,4/8/23 13:21,0.54,Non-Auction Ads,Promote
20230807,1773304445477890 ,BR,,,1/1/00 0:00,0.7695,3.6222,4/8/23 13:21,0.54,Non-Auction Ads,Promote
20230807,1773304791297020 ,VN,,,1/1/00 0:00,6.1955,2.0819,4/8/23 13:20,0.54,Non-Auction Ads,Promote
20230807,1773304991369210 ,TH,,,1/1/00 0:00,12.0576,1.7888,4/8/23 13:24,1.53,RIE,Promote Report Recall
20230807,1773304944674810 ,VN,,,1/1/00 0:00,4.4496,1.2219,4/8/23 13:23,0.54,Non-Auction Ads,Promote
20230807,1773305411916800 ,MY,,,1/1/00 0:00,7.8114,4.0786,4/8/23 13:30,0.54,Non-Auction Ads,Promote
20230807,1773320910892060 ,US,US&CA,,1/1/00 0:00,111.18,168.4124,4/8/23 18:36,1.81,RIE,Ad Group Recall (Merged)
20230807,1773314034360350 ,EC,Others,,1/1/00 0:00,36.67,71.9974,4/8/23 15:41,1.56,Auction Ads,auction_all
20230807,1773302264634370 ,US,USCA,,1/1/00 0:00,15.71,8.1819,4/8/23 13:35,1.78,Auction Ads,auction_relation
20230807,1773305380293630 ,VN,,,1/1/00 0:00,0,3.5363,4/8/23 13:31,0.54,Non-Auction Ads,Promote
20230807,1773305134501890 ,ID,,,1/1/00 0:00,3.9598,1.8966,4/8/23 13:28,0.54,Non-Auction Ads,Promote
20230807,1773305423780860 ,MY,,,1/1/00 0:00,1.9167,3.547,4/8/23 13:31,0.54,Non-Auction Ads,Promote
20230807,1773304987870210 ,ID,,,1/1/00 0:00,3.6507,0.4472,4/8/23 13:24,0.54,Non-Auction Ads,Promote
20230807,1773321016454140 ,US,US&CA,,1/1/00 0:00,189.03,168.4124,4/8/23 18:37,1.81,RIE,Ad Group Recall (Merged)
20230807,1773305336375320 ,KH,Other,,1/1/00 0:00,70.33,27.0646,4/8/23 14:14,1.62,RIE,Ad Group Recall (Merged)
20230807,1773305490570240 ,MY,,,1/1/00 0:00,4.6698,3.547,4/8/23 13:32,0.54,Non-Auction Ads,Promote
20230807,1773305776735260 ,AU,AU,,1/1/00 0:00,0.138,2.9603,4/8/23 13:32,1.84,Auction Ads,auction_relation
20230807,1773305776735260 ,NZ,NZ,,1/1/00 0:00,0.138,2.9603,4/8/23 13:32,1.58,Auction Ads,auction_relation
20230807,1773305296749560 ,VN,,,1/1/00 0:00,0,0.7733,4/8/23 13:28,0.54,Non-Auction Ads,Promote
20230807,1773303670175760 ,PL,PL,,1/1/00 0:00,0.121,19.876,4/8/23 13:59,1.84,RIE,Ad Group Recall (Merged)
20230807,1773305578882040 ,MY,,,1/1/00 0:00,4.6434,3.547,4/8/23 13:33,0.54,Non-Auction Ads,Promote
20230807,1773308352736270 ,SA,MENA,,1/1/00 0:00,89.88,26.5717,4/8/23 14:16,1.67,RIE,Ad Group Recall (Merged)
20230807,1773305783708670 ,FR,,,1/1/00 0:00,3.7546,5.9904,4/8/23 13:36,0.54,Non-Auction Ads,Promote
20230807,1773305642639360 ,MY,,,1/1/00 0:00,5.0187,3.547,4/8/23 13:35,0.54,Non-Auction Ads,Promote
20230807,1773305341517820 ,SA,,,1/1/00 0:00,2.6736,1.801,4/8/23 13:33,0.54,Non-Auction Ads,Promote
20230807,1773307786681380 ,US,,,1/1/00 0:00,79.95,20.807,4/8/23 14:08,1.53,RIE,Promote Report Recall
20230807,1773305600082940 ,VN,,,1/1/00 0:00,0.2604,2.0496,4/8/23 13:34,0.54,Non-Auction Ads,Promote
20230807,1773305594430460 ,ID,,,1/1/00 0:00,2.99,0.4472,4/8/23 13:33,0.54,Non-Auction Ads,Promote
20230807,1773306001834000 ,SA,MENA,,1/1/00 0:00,,2.6883,4/8/23 13:36,1.67,RIE,Ad Group Recall (Merged)
20230807,1773303496838140 ,CA,US&CA,,1/1/00 0:00,54.39,14.7373,4/8/23 13:59,1.81,RIE,Ad Group Recall (Merged)
20230807,1773305869143040 ,FI,,,1/1/00 0:00,6.5816,3.41,4/8/23 13:38,0.54,Non-Auction Ads,Promote
20230807,1773305731512320 ,ID,,,1/1/00 0:00,0.6926,0.4472,4/8/23 13:36,0.54,Non-Auction Ads,Promote
20230807,1773309172054010 ,SA,MENA,,1/1/00 0:00,84.75,26.5717,4/8/23 14:29,1.67,RIE,Ad Group Recall (Merged)
20230807,1773305960603640 ,MY,,,1/1/00 0:00,4.5336,3.547,4/8/23 13:40,0.54,Non-Auction Ads,Promote
20230807,1773305876928510 ,VN,,,1/1/00 0:00,2.9522,0.746,4/8/23 13:38,0.54,Non-Auction Ads,Promote
20230807,1773306203739130 ,SA,,,1/1/00 0:00,2.6096,5.2613,4/8/23 13:44,0.54,Non-Auction Ads,Promote
20230807,1773305905783810 ,KW,,,1/1/00 0:00,3.1238,2.1281,4/8/23 13:39,0.54,Non-Auction Ads,Promote
20230807,1773305827786750 ,MY,,,1/1/00 0:00,11.1619,0.5141,4/8/23 13:38,0.54,Non-Auction Ads,Promote
20230807,1773306726420480 ,AE,,,1/1/00 0:00,5.1484,7.9561,4/8/23 13:52,0.54,Non-Auction Ads,Promote
20230807,1773306545549310 ,CA,,,1/1/00 0:00,0.3365,7.0263,4/8/23 13:50,0.54,Non-Auction Ads,Promote
20230807,1773306770399230 ,AE,,,1/1/00 0:00,4.2283,7.9561,4/8/23 13:54,0.54,Non-Auction Ads,Promote
20230807,1773306177400880 ,PH,PH,,1/1/00 0:00,2.36,1.0732,4/8/23 13:40,2.46,Auction Ads,auction_relation
20230807,1773281842028540 ,EG,,,1/1/00 0:00,1.0404,0.9443,4/8/23 13:40,0.54,Non-Auction Ads,Promote
20230807,1773306001533950 ,PH,,,1/1/00 0:00,3.3414,0.8442,4/8/23 13:41,0.54,Non-Auction Ads,Promote
20230807,1773306312466450 ,PH,PH,,1/1/00 0:00,5.33,1.0732,4/8/23 13:43,2.46,Auction Ads,auction_relation
20230807,1773312142163980 ,US,US&CA,,1/1/00 0:00,63.89,31.138,4/8/23 14:49,1.81,RIE,Ad Group Recall (Merged)
20230807,1773306490796030 ,ID,,,1/1/00 0:00,5.1277,1.0574,4/8/23 13:47,0.54,Non-Auction Ads,Promote
20230807,1773303192540170 ,TW,TW,,1/1/00 0:00,20.08,2.4901,4/8/23 13:50,0.95,Auction Ads,auction_relation
20230807,1773303192540170 ,DK,DK,,1/1/00 0:00,20.08,2.4901,4/8/23 13:50,1.31,Auction Ads,auction_relation
20230807,1773306626450430 ,SA,MENA,,1/1/00 0:00,,1.2188,4/8/23 13:48,1.78,Auction Ads,auction_relation
20230807,1773306485425150 ,ID,,,1/1/00 0:00,10.268,1.0239,4/8/23 13:48,0.54,Non-Auction Ads,Promote
20230807,1773311364925440 ,IQ,Other,,1/1/00 0:00,71.89,38.9352,4/8/23 15:05,1.62,RIE,Ad Group Recall (Merged)
20230807,1773330316421130 ,US,USCA,,1/1/00 0:00,,203.2844,4/8/23 21:06,1.78,Auction Ads,auction_relation
20230807,1773295276088320 ,VN,VN,,1/1/00 0:00,0.03,105.3506,4/8/23 17:00,2.32,Non-Auction Ads,R&F
20230807,1773307040186410 ,SG,Other,,1/1/00 0:00,20.7654,3.5861,4/8/23 13:55,1.62,RIE,Ad Group Recall (Merged)
20230807,1773306700246010 ,VN,,,1/1/00 0:00,0,0.5447,4/8/23 13:51,0.54,Non-Auction Ads,Promote
20230807,1773308104921100 ,US,,,1/1/00 0:00,52.42,9.693,4/8/23 14:13,0.54,Non-Auction Ads,Promote
20230807,1773307472929800 ,SA,MENA,,1/1/00 0:00,0,2.7801,4/8/23 13:59,1.67,RIE,Ad Group Recall (Merged)
20230807,1773308654271480 ,SA,,,1/1/00 0:00,9.804,13.1437,4/8/23 14:22,0.54,Non-Auction Ads,Promote
20230807,1773306935828480 ,ID,,,1/1/00 0:00,2.4437,0.8322,4/8/23 13:55,0.54,Non-Auction Ads,Promote
20230807,1773306910136320 ,EG,,,1/1/00 0:00,0,1.0319,4/8/23 13:55,0.54,Non-Auction Ads,Promote
20230807,1773307002516480 ,VN,,,1/1/00 0:00,5.9315,1.1843,4/8/23 13:56,0.54,Non-Auction Ads,Promote
20230807,1773309944336430 ,SA,MENA,,1/1/00 0:00,0.3963,2.9194,4/8/23 14:00,1.78,Auction Ads,auction_relation
20230807,1773309944336430 ,QA,Others,,1/1/00 0:00,0.3963,2.9194,4/8/23 14:00,1.56,Auction Ads,auction_all
20230807,1773309944336430 ,AE,MENA,,1/1/00 0:00,0.3963,2.9194,4/8/23 14:00,1.78,Auction Ads,auction_relation
20230807,1773307336819710 ,ES,,,1/1/00 0:00,6.812,2.8568,4/8/23 14:02,0.54,Non-Auction Ads,Promote
20230807,1773309757847600 ,ID,ID,,1/1/00 0:00,14.1628,4.7785,4/8/23 14:11,1.8,Auction Ads,auction_relation
20230807,1773305042020380 ,US,US&CA,,1/1/00 0:00,3.37,8.246,4/8/23 14:17,1.81,RIE,Ad Group Recall (Merged)
20230807,1773305042020380 ,CA,US&CA,,1/1/00 0:00,3.37,8.246,4/8/23 14:17,1.81,RIE,Ad Group Recall (Merged)
20230807,1773307624825850 ,TH,,,1/1/00 0:00,14.3658,2.667,4/8/23 14:06,0.54,Non-Auction Ads,Promote
20230807,1773307667861500 ,BR,BR,,1/1/00 0:00,,0.642,4/8/23 14:04,1.7,RIE,Ad Group Recall (Merged)
20230807,1773307799880700 ,ID,,,1/1/00 0:00,1.8271,2.2143,4/8/23 14:12,0.54,Non-Auction Ads,Promote
20230807,1773308702417920 ,TH,,,1/1/00 0:00,12.1295,9.5918,4/8/23 14:25,0.54,Non-Auction Ads,Promote
20230807,1773307710644220 ,ID,,,1/1/00 0:00,1.1925,0.6234,4/8/23 14:09,1.53,RIE,Promote Report Recall
20230807,1773311148491820 ,SA,MENA,,1/1/00 0:00,54.37,26.9127,4/8/23 15:04,1.67,RIE,Ad Group Recall (Merged)
20230807,1773264003284000 ,US,US&CA,,1/1/00 0:00,17.08,8.1655,4/8/23 14:30,1.81,RIE,Ad Group Recall (Merged)
20230807,1773308102512640 ,PH,,,1/1/00 0:00,2.4702,0.4777,4/8/23 14:14,0.54,Non-Auction Ads,Promote
20230807,1773305889854460 ,PH,,,1/1/00 0:00,3.3964,1.242,4/8/23 14:19,0.54,Non-Auction Ads,Promote
20230807,1773309971363860 ,US,,,1/1/00 0:00,30.36,13.2335,4/8/23 14:44,0.54,Non-Auction Ads,Promote
20230807,1773306398540850 ,PL,PL,,1/1/00 0:00,19.7363,16.0205,4/8/23 14:51,1.84,RIE,Ad Group Recall (Merged)
20230807,1773308804569090 ,PL,,,1/1/00 0:00,4.468,3.7281,4/8/23 14:25,0.54,Non-Auction Ads,Promote
20230807,1773308760698880 ,VN,,,1/1/00 0:00,0,3.228,4/8/23 14:25,0.54,Non-Auction Ads,Promote
20230807,1773332122055690 ,US,USCA,,1/1/00 0:00,299.36,201.1521,4/8/23 21:33,1.78,Auction Ads,auction_relation
20230807,1773308632071160 ,SA,,,1/1/00 0:00,0,1.5894,4/8/23 14:22,0.54,Non-Auction Ads,Promote
20230807,1773308703022080 ,VN,,,1/1/00 0:00,10.8459,1.6479,4/8/23 14:23,0.54,Non-Auction Ads,Promote
20230807,1773308989578240 ,VN,,,1/1/00 0:00,8.6969,3.7541,4/8/23 14:28,0.54,Non-Auction Ads,Promote
20230807,1773332323923960 ,US,USCA,,1/1/00 0:00,268.41,201.1521,4/8/23 21:36,1.78,Auction Ads,auction_relation
20230807,1773310559798270 ,US,,,1/1/00 0:00,27.34,13.8771,4/8/23 14:52,1.53,RIE,Promote Report Recall
20230807,1773309067714560 ,VN,,,1/1/00 0:00,7.1431,3.6965,4/8/23 14:29,0.54,Non-Auction Ads,Promote
20230807,1773332638804990 ,US,USCA,,1/1/00 0:00,279.23,201.1521,4/8/23 21:39,1.78,Auction Ads,auction_relation
20230807,1773309050498040 ,KW,,,1/1/00 0:00,3.7711,2.3859,4/8/23 14:29,0.54,Non-Auction Ads,Promote
20230807,1773309597704250 ,TH,,,1/1/00 0:00,13.0412,4.1235,4/8/23 14:37,0.54,Non-Auction Ads,Promote
20230807,1773309142244350 ,SA,,,1/1/00 0:00,0.8583,2.1001,4/8/23 14:30,0.54,Non-Auction Ads,Promote
20230807,1773309514700800 ,TH,,,1/1/00 0:00,8.5532,2.9181,4/8/23 14:35,0.54,Non-Auction Ads,Promote
20230807,1773309513222190 ,SA,MENA,,1/1/00 0:00,12.11,2.0665,4/8/23 14:35,1.67,RIE,Ad Group Recall (Merged)
20230807,1773309605057540 ,BE,,,1/1/00 0:00,1.6402,3.2108,4/8/23 14:38,1.53,RIE,Promote Report Recall
20230807,1773309801153540 ,GB,,,1/1/00 0:00,7.2547,5.8412,4/8/23 14:42,1.53,RIE,Promote Report Recall
20230807,1773309774178300 ,CA,,,1/1/00 0:00,2.9686,3.4988,4/8/23 14:40,1.53,RIE,Promote Report Recall
20230807,1773333010360350 ,US,USCA,,1/1/00 0:00,290.35,201.1521,4/8/23 21:48,1.78,Auction Ads,auction_relation
20230807,1773333223964670 ,US,USCA,,1/1/00 0:00,287.5,201.1521,4/8/23 21:51,1.78,Auction Ads,auction_relation
20230807,1773309654886400 ,ID,,,1/1/00 0:00,3.0033,0.5146,4/8/23 14:38,0.54,Non-Auction Ads,Promote
20230807,1773309821547520 ,VN,,,1/1/00 0:00,3.9269,1.1693,4/8/23 14:40,0.54,Non-Auction Ads,Promote
20230807,1773310889068560 ,VN,VN,,1/1/00 0:00,0.5324,0.1684,4/8/23 14:39,2.14,Auction Ads,auction_relation
20230807,1773308867900430 ,IT,IT,,1/1/00 0:00,,18.0409,4/8/23 15:09,1.36,Auction Ads,auction_relation
20230807,1773309881714680 ,VN,,,1/1/00 0:00,6.2128,2.1323,4/8/23 14:42,0.54,Non-Auction Ads,Promote
20230807,1773309787082750 ,VN,,,1/1/00 0:00,0,0.7668,4/8/23 14:41,0.54,Non-Auction Ads,Promote
20230807,1773308821291050 ,US,US&CA,,1/1/00 0:00,6.63,26.2577,4/8/23 15:23,1.81,RIE,Ad Group Recall (Merged)
20230807,1773311092741120 ,US,,,1/1/00 0:00,15.15,10.4736,4/8/23 15:01,0.54,Non-Auction Ads,Promote
20230807,1773310025154560 ,SA,,,1/1/00 0:00,1.5301,2.504,4/8/23 14:45,0.54,Non-Auction Ads,Promote
20230807,1773310215999530 ,TR,TR,,1/1/00 0:00,21.85,0.7441,4/8/23 14:44,1.63,RIE,Ad Group Recall (Merged)
20230807,1773309989928960 ,TR,,,1/1/00 0:00,1.0184,0.7413,4/8/23 14:44,0.54,Non-Auction Ads,Promote
20230807,1773288595943450 ,TH,TH,,1/1/00 0:00,202.3227,79.3703,4/8/23 17:01,1.87,RIE,Ad Group Recall (Merged)
20230807,1773310382987260 ,VN,,,1/1/00 0:00,2.4087,1.315,4/8/23 14:49,0.54,Non-Auction Ads,Promote
20230807,1773310259235840 ,VN,,,1/1/00 0:00,0,0.4002,4/8/23 14:48,0.54,Non-Auction Ads,Promote
20230807,1773310406875130 ,VN,,,1/1/00 0:00,0,0.8055,4/8/23 14:50,0.54,Non-Auction Ads,Promote
20230807,1773310680783870 ,SG,,,1/1/00 0:00,3.0608,2.7766,4/8/23 14:54,1.53,RIE,Promote Report Recall
20230807,1773312926513150 ,US,,,1/1/00 0:00,22.99,24.1333,4/8/23 15:32,0.54,Non-Auction Ads,Promote
20230807,1773310738449410 ,BR,,,1/1/00 0:00,5.6858,3.3099,4/8/23 14:56,0.54,Non-Auction Ads,Promote
20230807,1773309922300940 ,NL,NL,,1/1/00 0:00,6.5687,15.1069,4/8/23 15:14,1.19,Auction Ads,auction_relation
20230807,1773309922300940 ,NL,NL,,1/1/00 0:00,6.5687,15.1069,4/8/23 15:14,1.19,Auction Ads,auction_relation
20230807,1773310923972610 ,FR,,,1/1/00 0:00,12.4358,5.8155,4/8/23 15:02,0.54,Non-Auction Ads,Promote
20230807,1773310639851520 ,ID,,,1/1/00 0:00,8.0449,1.1491,4/8/23 14:54,0.54,Non-Auction Ads,Promote
20230807,1773310426172410 ,ID,,,1/1/00 0:00,4.0324,0.5183,4/8/23 14:52,1.53,RIE,Promote Report Recall
20230807,1773310895485950 ,SA,,,1/1/00 0:00,5.2209,2.2291,4/8/23 14:57,0.54,Non-Auction Ads,Promote
20230807,1773310895485950 ,SA,,,1/1/00 0:00,5.2209,2.2291,4/8/23 14:57,0.54,Non-Auction Ads,Promote
20230807,1773311112847360 ,VN,,,1/1/00 0:00,7.0964,5.1429,4/8/23 15:03,0.54,Non-Auction Ads,Promote
20230807,1773310783865860 ,EG,,,1/1/00 0:00,1.5228,0.9501,4/8/23 14:57,0.54,Non-Auction Ads,Promote
20230807,1773311226424320 ,SA,,,1/1/00 0:00,4.8622,3.6572,4/8/23 15:02,0.54,Non-Auction Ads,Promote
20230807,1773311146723330 ,ID,,,1/1/00 0:00,2.7256,2.6501,4/8/23 15:02,0.54,Non-Auction Ads,Promote
20230807,1773310903647230 ,TR,,,1/1/00 0:00,3.5781,0.65,4/8/23 14:59,0.54,Non-Auction Ads,Promote
20230807,1773310896248880 ,GR,,,1/1/00 0:00,0.7376,1.0333,4/8/23 14:59,0.54,Non-Auction Ads,Promote
20230807,1773311297174520 ,SA,,,1/1/00 0:00,7.5517,3.19,4/8/23 15:05,0.54,Non-Auction Ads,Promote
20230807,1773311411674110 ,BR,,,1/1/00 0:00,4.0078,3.5117,4/8/23 15:07,0.54,Non-Auction Ads,Promote
20230807,1773311374921750 ,IT,,,1/1/00 0:00,6.9774,2.1763,4/8/23 15:05,0.54,Non-Auction Ads,Promote
20230807,1773311622999040 ,US,,,1/1/00 0:00,4.84,5.4292,4/8/23 15:10,1.53,RIE,Promote Report Recall
20230807,1773313215262770 ,CA,US&CA,,1/1/00 0:00,1886.67,21.2746,4/8/23 15:44,1.81,RIE,Ad Group Recall (Merged)
20230807,1773313215262770 ,NZ,Other,,1/1/00 0:00,1886.67,21.2746,4/8/23 15:44,1.62,RIE,Ad Group Recall (Merged)
20230807,1773313215262770 ,AU,AU,,1/1/00 0:00,1886.67,21.2746,4/8/23 15:44,1.84,RIE,Ad Group Recall (Merged)
20230807,1773313215262770 ,GB,GB,,1/1/00 0:00,1886.67,21.2746,4/8/23 15:44,1.72,RIE,Ad Group Recall (Merged)
20230807,1773311552004090 ,PH,,,1/1/00 0:00,3.9745,3.8728,4/8/23 15:09,0.54,Non-Auction Ads,Promote
20230807,1773311501069310 ,AE,,,1/1/00 0:00,0,1.7262,4/8/23 15:07,0.54,Non-Auction Ads,Promote
20230807,1773311342612480 ,TR,,,1/1/00 0:00,0.8473,0.6499,4/8/23 15:06,1.53,RIE,Promote Report Recall
20230807,1773306068669490 ,VN,VN,,1/1/00 0:00,106.2007,71.6674,4/8/23 17:09,2.14,Auction Ads,auction_relation
20230807,1773312848117760 ,US,,,1/1/00 0:00,16.26,13.0067,4/8/23 15:29,0.54,Non-Auction Ads,Promote
20230807,1773311725968380 ,US,,,1/1/00 0:00,4.9,2.9067,4/8/23 15:10,1.53,RIE,Promote Report Recall
20230807,1773311769706490 ,SA,,,1/1/00 0:00,1.9193,2.9451,4/8/23 15:11,0.54,Non-Auction Ads,Promote
20230807,1773309264783390 ,IL,IL,,1/1/00 0:00,22.12,11.3853,4/8/23 15:28,1.22,RIE,Ad Group Recall (Merged)
20230807,1773311770737670 ,BR,,,1/1/00 0:00,2.6657,3.1227,4/8/23 15:12,0.54,Non-Auction Ads,Promote
20230807,1773311793831930 ,VN,,,1/1/00 0:00,1.8951,2.6648,4/8/23 15:12,0.54,Non-Auction Ads,Promote
20230807,1773310146741280 ,CL,CL,,1/1/00 0:00,29.07,15.2664,4/8/23 15:43,1.85,Auction Ads,auction_all
20230807,1773310181323820 ,IL,IL,,1/1/00 0:00,19.13,17.172,4/8/23 15:45,1.22,RIE,Ad Group Recall (Merged)
20230807,1773311799168000 ,PH,,,1/1/00 0:00,4.8604,0.6546,4/8/23 15:12,0.54,Non-Auction Ads,Promote
20230807,1773311896565760 ,VN,,,1/1/00 0:00,1.9881,2.6648,4/8/23 15:14,0.54,Non-Auction Ads,Promote
20230807,1773312026259450 ,VN,,,1/1/00 0:00,3.0412,3.2694,4/8/23 15:15,0.54,Non-Auction Ads,Promote
20230807,1773311934284800 ,TR,,,1/1/00 0:00,2.3999,1.3486,4/8/23 15:15,0.54,Non-Auction Ads,Promote
20230807,1773312221429760 ,SA,,,1/1/00 0:00,3.769,3.0277,4/8/23 15:19,0.54,Non-Auction Ads,Promote
20230807,1773311945563130 ,ID,,,1/1/00 0:00,4.8916,1.7301,4/8/23 15:17,0.54,Non-Auction Ads,Promote
20230807,1773312102020090 ,VN,,,1/1/00 0:00,0,1.5756,4/8/23 15:18,0.54,Non-Auction Ads,Promote
20230807,1773311956299840 ,ID,,,1/1/00 0:00,5.603,0.2378,4/8/23 15:15,0.54,Non-Auction Ads,Promote
20230807,1773312294094850 ,SA,,,1/1/00 0:00,7.9062,2.9451,4/8/23 15:21,0.54,Non-Auction Ads,Promote
20230807,1773312087842810 ,ID,,,1/1/00 0:00,3.8771,0.2357,4/8/23 15:18,0.54,Non-Auction Ads,Promote
20230807,1773312554833920 ,TH,,,1/1/00 0:00,9.53,3.0332,4/8/23 15:24,0.54,Non-Auction Ads,Promote
20230807,1773312575419440 ,VN,VN,,1/1/00 0:00,8.9391,2.1974,4/8/23 15:26,2.14,Auction Ads,auction_relation
20230807,1773312302517250 ,VN,,,1/1/00 0:00,2.1023,0.897,4/8/23 15:21,0.54,Non-Auction Ads,Promote
20230807,1773312858255360 ,TH,,,1/1/00 0:00,10.8509,2.4256,4/8/23 15:30,0.54,Non-Auction Ads,Promote
20230807,1773313012420610 ,SA,,,1/1/00 0:00,8.5775,2.9451,4/8/23 15:33,0.54,Non-Auction Ads,Promote
20230807,1773312984306690 ,CA,,,1/1/00 0:00,0.9871,1.3156,4/8/23 15:32,1.53,RIE,Promote Report Recall
20230807,1773315654907930 ,MA,Other,,1/1/00 0:00,3.62,10.735,4/8/23 15:52,1.62,RIE,Ad Group Recall (Merged)
20230807,1773196787688480 ,TW,TW,,1/1/00 0:00,99.95,20.5911,4/8/23 16:00,2.59,RIE,Ad Group Recall (Merged)
20230807,1773200890037280 ,TW,TW,,1/1/00 0:00,345.1,20.5911,4/8/23 16:00,2.59,RIE,Ad Group Recall (Merged)
20230807,1773200884805650 ,TW,TW,,1/1/00 0:00,99.97,20.5911,4/8/23 16:00,2.59,RIE,Ad Group Recall (Merged)
20230807,1773195371213870 ,MY,MY,,1/1/00 0:00,149.16,20.5911,4/8/23 16:00,2.3,RIE,Ad Group Recall (Merged)
20230807,1773200898740270 ,TW,TW,,1/1/00 0:00,347.92,20.5911,4/8/23 16:00,2.59,RIE,Ad Group Recall (Merged)
20230807,1773200890037280 ,TW,TW,,1/1/00 0:00,345.1,20.5911,4/8/23 16:00,2.59,RIE,Ad Group Recall (Merged)
20230807,1773328254041120 ,GB,GB,,1/1/00 0:00,6.53,0.6629,4/8/23 15:33,1.76,Auction Ads,auction_relation
20230807,1773313325223930 ,MY,,,1/1/00 0:00,6.6941,1.3943,4/8/23 15:37,0.54,Non-Auction Ads,Promote
20230807,1773313254931450 ,PH,,,1/1/00 0:00,4.1738,0.7058,4/8/23 15:35,0.54,Non-Auction Ads,Promote
20230807,1773274505196540 ,SG,,,1/1/00 0:00,14.5412,7.0143,4/8/23 15:49,1.53,RIE,Promote Report Recall
20230807,1773314035375110 ,IT,,,1/1/00 0:00,5.6795,5.994,4/8/23 15:48,0.54,Non-Auction Ads,Promote
20230807,1773314512718850 ,IE,,,1/1/00 0:00,5.1957,9.2619,4/8/23 15:56,0.54,Non-Auction Ads,Promote
20230807,1773313735612410 ,VN,,,1/1/00 0:00,0,1.0167,4/8/23 15:42,0.54,Non-Auction Ads,Promote
20230807,1773313816831020 ,AE,MENA,,1/1/00 0:00,0,1.6635,4/8/23 15:44,1.67,RIE,Ad Group Recall (Merged)
20230807,1773316234542130 ,US,US&CA,,1/1/00 0:00,119.67,31.1273,4/8/23 16:22,1.81,RIE,Ad Group Recall (Merged)
20230807,1773313858667520 ,MY,,,1/1/00 0:00,5.0867,0.956,4/8/23 15:44,0.54,Non-Auction Ads,Promote
20230807,1773313813954560 ,VN,,,1/1/00 0:00,0,1.0516,4/8/23 15:45,0.54,Non-Auction Ads,Promote
20230807,1773314204122110 ,VN,,,1/1/00 0:00,6.0446,3.9712,4/8/23 15:50,0.54,Non-Auction Ads,Promote
20230807,1773313953361980 ,VN,,,1/1/00 0:00,7.7783,1.5992,4/8/23 15:46,0.54,Non-Auction Ads,Promote
20230807,1773312223625230 ,US,USCA,,1/1/00 0:00,42.66,26.0222,4/8/23 16:17,1.78,Auction Ads,auction_relation
20230807,1773312223625230 ,US,US&CA,,1/1/00 0:00,42.66,26.0222,4/8/23 16:17,1.81,RIE,Ad Group Recall (Merged)
20230807,1773312223625230 ,US,US&CA,,1/1/00 0:00,42.66,26.0222,4/8/23 16:17,1.81,RIE,Ad Group Recall (Merged)
20230807,1773270185413650 ,CA,US&CA,,1/1/00 0:00,83.14,17.5763,4/8/23 16:01,1.81,RIE,Ad Group Recall (Merged)
20230807,1773311428608030 ,CA,US&CA,,1/1/00 0:00,64.4953,22.4764,4/8/23 16:09,1.81,RIE,Ad Group Recall (Merged)
20230807,1773302382331900 ,TW,TW,,1/1/00 0:00,43.42,15.5004,4/8/23 16:00,2.59,RIE,Ad Group Recall (Merged)
20230807,1773301123051570 ,US,US&CA,,1/1/00 0:00,2.68,12.8322,4/8/23 16:00,1.81,RIE,Ad Group Recall (Merged)
20230807,1773314411559940 ,DE,,,1/1/00 0:00,18.0931,3.1301,4/8/23 15:54,0.54,Non-Auction Ads,Promote
20230807,1773313959048190 ,TR,,,1/1/00 0:00,0.6867,1.4436,4/8/23 15:49,0.54,Non-Auction Ads,Promote
20230807,1773314138002430 ,VN,,,1/1/00 0:00,6.1941,1.8542,4/8/23 15:49,0.54,Non-Auction Ads,Promote
20230807,1773312438540370 ,US,USCA,,1/1/00 0:00,,26.0222,4/8/23 16:21,1.78,Auction Ads,auction_relation
20230807,1773314639249410 ,NL,,,1/1/00 0:00,0,4.0841,4/8/23 15:58,1.53,RIE,Promote Report Recall
20230807,1773314657584130 ,ID,,,1/1/00 0:00,3.75,1.8103,4/8/23 15:57,0.54,Non-Auction Ads,Promote
20230807,1773312521821230 ,US,US&CA,,1/1/00 0:00,75.13,26.0222,4/8/23 16:22,1.81,RIE,Ad Group Recall (Merged)
20230807,1773312521821230 ,US,USCA,,1/1/00 0:00,75.13,26.0222,4/8/23 16:22,1.78,Auction Ads,auction_relation
20230807,1773298134320160 ,ID,ID,,1/1/00 0:00,14.11,9.6575,4/8/23 16:00,2.05,RIE,Ad Group Recall (Merged)
20230807,1773312438508540 ,US,USCA,,1/1/00 0:00,48.23,26.0222,4/8/23 16:24,1.78,Auction Ads,auction_relation
20230807,1773314901861410 ,US,,,1/1/00 0:00,27.71,13.7318,4/8/23 16:03,1.53,RIE,Promote Report Recall
20230807,1773270647441410 ,BR,BR,,1/1/00 0:00,0,7.6923,4/8/23 16:00,1.7,RIE,Ad Group Recall (Merged)
20230807,1773315010187260 ,CA,USCA,,1/1/00 0:00,27.7457,41.1625,4/8/23 17:02,1.78,Auction Ads,auction_relation
20230807,1773316748479480 ,US,US&CA,,1/1/00 0:00,42.4612,30.6751,4/8/23 16:44,1.81,RIE,Ad Group Recall (Merged)
20230807,1773293099802650 ,PH,Other,,1/1/00 0:00,19.08,4.9982,4/8/23 16:00,1.62,RIE,Ad Group Recall (Merged)
20230807,1773321382659080 ,BR,BR,,1/1/00 0:00,51.2867,61.3266,4/8/23 17:44,1.99,Auction Ads,auction_all
20230807,1773298588282880 ,KR,KR,,1/1/00 0:00,33.15,4.4144,4/8/23 16:00,2.18,RIE,Ad Group Recall (Merged)
20230807,1773288579933210 ,PH,Other,,1/1/00 0:00,6.3,4.3167,4/8/23 16:00,1.62,RIE,Ad Group Recall (Merged)
20230807,1773321455995950 ,BR,BR,,1/1/00 0:00,48.5174,61.3266,4/8/23 17:45,1.99,Auction Ads,auction_all
20230807,1773314761294840 ,ID,,,1/1/00 0:00,6.7302,4.9622,4/8/23 16:00,0.54,Non-Auction Ads,Promote
20230807,1773319388326980 ,US,,,1/1/00 0:00,31.56,43.5539,4/8/23 17:13,0.54,Non-Auction Ads,Promote
20230807,1773292151382050 ,ID,ID,,1/1/00 0:00,33.65,2.5187,4/8/23 16:00,2.05,RIE,Ad Group Recall (Merged)
20230807,1773292151380990 ,VN,VN,,1/1/00 0:00,35.93,2.5187,4/8/23 16:00,2.13,RIE,Ad Group Recall (Merged)
20230807,1773292158582830 ,ID,ID,,1/1/00 0:00,20.61,2.5187,4/8/23 16:00,2.05,RIE,Ad Group Recall (Merged)
20230807,1773293134866430 ,PH,Other,,1/1/00 0:00,17.84,1.5516,4/8/23 16:00,1.62,RIE,Ad Group Recall (Merged)
20230807,1773293141133360 ,PH,Other,,1/1/00 0:00,32.29,1.5516,4/8/23 16:00,1.62,RIE,Ad Group Recall (Merged)
20230807,1773315000119290 ,CA,USCA,,1/1/00 0:00,39.14,30.6833,4/8/23 16:58,1.78,Auction Ads,auction_relation
20230807,1773315000119290 ,US,USCA,,1/1/00 0:00,39.14,30.6833,4/8/23 16:58,1.78,Auction Ads,auction_relation
20230807,1773301412171790 ,DK,DK,,1/1/00 0:00,,1.1903,4/8/23 16:00,1.31,Auction Ads,auction_relation
20230807,1773316045968410 ,GB,GB,,1/1/00 0:00,175.4005,41.0354,4/8/23 17:14,1.76,Auction Ads,auction_relation
20230807,1773280530186270 ,US,US&CA,,1/1/00 0:00,,2.995,4/8/23 16:00,1.81,RIE,Ad Group Recall (Merged)
20230807,1773280530186270 ,CA,US&CA,,1/1/00 0:00,,2.995,4/8/23 16:00,1.81,RIE,Ad Group Recall (Merged)
20230807,1773301132868620 ,KR,KR,,1/1/00 0:00,0,1.6552,4/8/23 16:00,2.37,Auction Ads,auction_relation
20230807,1773315160538110 ,SA,,,1/1/00 0:00,14.79,7.0348,4/8/23 16:06,0.54,Non-Auction Ads,Promote
20230807,1773314772838400 ,AE,,,1/1/00 0:00,1.6525,3.533,4/8/23 16:01,0.54,Non-Auction Ads,Promote
20230807,1773314753172480 ,TR,,,1/1/00 0:00,0.3871,0.1225,4/8/23 16:00,1.53,RIE,Promote Report Recall
20230807,1773316212452350 ,GB,GB,,1/1/00 0:00,130.2435,41.0354,4/8/23 17:20,1.76,Auction Ads,auction_relation
20230807,1773315186155550 ,PE,Other,,1/1/00 0:00,4.7899,1.798,4/8/23 16:01,1.62,RIE,Ad Group Recall (Merged)
20230807,1773315013456890 ,PH,,,1/1/00 0:00,5.5094,3.7828,4/8/23 16:03,0.54,Non-Auction Ads,Promote
20230807,1773314757835770 ,VN,,,1/1/00 0:00,0,1.1513,4/8/23 16:01,0.54,Non-Auction Ads,Promote
20230807,1773315022761990 ,FI,,,1/1/00 0:00,5.9873,4.7079,4/8/23 16:05,0.54,Non-Auction Ads,Promote
20230807,1773314827348990 ,EG,,,1/1/00 0:00,0,1.7446,4/8/23 16:02,0.54,Non-Auction Ads,Promote
20230807,1773314861529080 ,VN,,,1/1/00 0:00,0,0.9383,4/8/23 16:02,0.54,Non-Auction Ads,Promote
20230807,1773318349922330 ,KZ,Other,,1/1/00 0:00,1001.74,22.2298,4/8/23 16:54,1.62,RIE,Ad Group Recall (Merged)
20230807,1773323822463020 ,MX,MX,,1/1/00 0:00,1047.4916,118.2051,4/8/23 21:00,1.99,Auction Ads,auction_all
20230807,1773315212832760 ,TH,,,1/1/00 0:00,11.2919,2.1958,4/8/23 16:07,0.54,Non-Auction Ads,Promote
20230807,1773315011958780 ,MY,,,1/1/00 0:00,0,0.8945,4/8/23 16:04,1.53,RIE,Promote Report Recall
20230807,1773314229320720 ,NL,Other,,1/1/00 0:00,22.0448,18.466,4/8/23 16:47,1.62,RIE,Ad Group Recall (Merged)
20230807,1773315432304640 ,VN,,,1/1/00 0:00,17.4097,2.3198,4/8/23 16:10,0.54,Non-Auction Ads,Promote
20230807,1773316037987330 ,RO,,,1/1/00 0:00,21.6378,3.9955,4/8/23 16:19,1.53,RIE,Promote Report Recall
20230807,1773315604063250 ,US,US&CA,,1/1/00 0:00,107.53,31.1273,4/8/23 17:12,1.81,RIE,Ad Group Recall (Merged)
20230807,1773315537008640 ,ID,,,1/1/00 0:00,3.9123,1.1394,4/8/23 16:11,0.54,Non-Auction Ads,Promote
20230807,1773317057888250 ,SA,,,1/1/00 0:00,0,11.7291,4/8/23 16:36,0.54,Non-Auction Ads,Promote
20230807,1773317992225840 ,US,USCA,,1/1/00 0:00,54.82,46.1947,4/8/23 17:42,1.78,Auction Ads,auction_relation
20230807,1773315541228540 ,AE,,,1/1/00 0:00,7.1003,1.4273,4/8/23 16:13,0.54,Non-Auction Ads,Promote
20230807,1773315590867960 ,VN,,,1/1/00 0:00,0,0.8973,4/8/23 16:12,0.54,Non-Auction Ads,Promote
20230807,1773316079076350 ,MY,,,1/1/00 0:00,8.9903,3.1802,4/8/23 16:20,0.54,Non-Auction Ads,Promote
20230807,1773316493507580 ,SA,,,1/1/00 0:00,0,7.3192,4/8/23 16:27,0.54,Non-Auction Ads,Promote
20230807,1773316084801530 ,ID,,,1/1/00 0:00,3.6093,3.8634,4/8/23 16:21,0.54,Non-Auction Ads,Promote
20230807,1773305878456320 ,US,,,1/1/00 0:00,23.9,9.3902,4/8/23 16:35,1.53,RIE,Promote Report Recall
20230807,1773320908443650 ,US,,,1/1/00 0:00,73.77,39.1696,4/8/23 17:38,0.54,Non-Auction Ads,Promote
20230807,1773316108122110 ,EG,,,1/1/00 0:00,0,0.6154,4/8/23 16:21,0.54,Non-Auction Ads,Promote
20230807,1773317441664000 ,IT,,,1/1/00 0:00,12.0729,9.3762,4/8/23 16:42,0.54,Non-Auction Ads,Promote
20230807,1773316187167740 ,EG,,,1/1/00 0:00,0,0.6154,4/8/23 16:21,0.54,Non-Auction Ads,Promote
20230807,1773316514528250 ,QA,,,1/1/00 0:00,0,3.3613,4/8/23 16:28,0.54,Non-Auction Ads,Promote
20230807,1773317079664640 ,VN,,,1/1/00 0:00,0,6,4/8/23 16:37,0.54,Non-Auction Ads,Promote
20230807,1773321653295100 ,KR,KR,,1/1/00 0:00,0,1.8638,4/8/23 16:31,2.37,Auction Ads,auction_relation
20230807,1773317339664380 ,VN,,,1/1/00 0:00,0,4.8626,4/8/23 16:40,0.54,Non-Auction Ads,Promote
20230807,1773331935814700 ,US,USCA,,1/1/00 0:00,0.71,1.651,4/8/23 16:32,1.78,Auction Ads,auction_relation
20230807,1773316939226110 ,SA,,,1/1/00 0:00,2.7774,2.2201,4/8/23 16:35,0.54,Non-Auction Ads,Promote
20230807,1773316468922370 ,EG,,,1/1/00 0:00,0,0.4844,4/8/23 16:28,0.54,Non-Auction Ads,Promote
20230807,1773317143460900 ,CA,,,1/1/00 0:00,5.0847,3.1037,4/8/23 16:39,0.54,Non-Auction Ads,Promote
20230807,1773318259824640 ,SA,MENA,,1/1/00 0:00,33.0661,8.2151,4/8/23 16:52,1.67,RIE,Ad Group Recall (Merged)
20230807,1773318614636590 ,TH,TH,,1/1/00 0:00,1.8078,6.3121,4/8/23 16:50,1.64,Auction Ads,auction_relation
20230807,1773317511823360 ,VN,,,1/1/00 0:00,0,3.4871,4/8/23 16:43,0.54,Non-Auction Ads,Promote
20230807,1773317533617150 ,VN,,,1/1/00 0:00,0,4.2618,4/8/23 16:44,0.54,Non-Auction Ads,Promote
20230807,1773318591546450 ,GB,,,1/1/00 0:00,17.4676,11.9589,4/8/23 17:01,0.54,Non-Auction Ads,Promote
20230807,1773317402103810 ,SA,,,1/1/00 0:00,0,1.7486,4/8/23 16:42,0.54,Non-Auction Ads,Promote
20230807,1773318599894020 ,US,,,1/1/00 0:00,25.83,11.3714,4/8/23 17:01,0.54,Non-Auction Ads,Promote
20230807,1773318264259630 ,TR,TR,,1/1/00 0:00,4.4448,1.3235,4/8/23 16:45,1.63,RIE,Ad Group Recall (Merged)
20230807,1773317909914620 ,TR,,,1/1/00 0:00,2.4016,1.2479,4/8/23 16:50,0.54,Non-Auction Ads,Promote
20230807,1773317917608960 ,BR,,,1/1/00 0:00,4.4999,1.6544,4/8/23 16:51,0.54,Non-Auction Ads,Promote
20230807,1773282232183810 ,TH,TH,,1/1/00 0:00,8.6507,4.013,4/8/23 16:59,1.64,Auction Ads,auction_relation
20230807,1773317941000190 ,VN,,,1/1/00 0:00,2.4665,0.5578,4/8/23 16:50,0.54,Non-Auction Ads,Promote
20230807,1773319108537350 ,US,,,1/1/00 0:00,24.52,11.1088,4/8/23 17:08,0.54,Non-Auction Ads,Promote
20230807,1773318335009790 ,SA,,,1/1/00 0:00,4.4251,1.3239,4/8/23 16:56,0.54,Non-Auction Ads,Promote
20230807,1773315676336120 ,ID,ID,,1/1/00 0:00,67.7976,4.9061,4/8/23 17:00,2.05,RIE,Ad Group Recall (Merged)
20230807,1773318876999680 ,SA,,,1/1/00 0:00,9.4761,7.1809,4/8/23 17:05,0.54,Non-Auction Ads,Promote
20230807,1773318517197820 ,VN,,,1/1/00 0:00,0,0.7211,4/8/23 16:59,0.54,Non-Auction Ads,Promote
20230807,1773327509818430 ,ID,ID,,1/1/00 0:00,52.5885,1.6773,4/8/23 17:00,1.8,Auction Ads,auction_relation
20230807,1773318721843200 ,KW,,,1/1/00 0:00,7.0577,4.8566,4/8/23 17:03,0.54,Non-Auction Ads,Promote
20230807,1773292021289980 ,TH,TH,,1/1/00 0:00,,0.9184,4/8/23 17:00,1.64,Auction Ads,auction_relation
20230807,1773318766641150 ,US,,,1/1/00 0:00,10.87,4.5413,4/8/23 17:03,1.53,RIE,Promote Report Recall
20230807,1773318770016250 ,VN,,,1/1/00 0:00,0,3.9308,4/8/23 17:04,0.54,Non-Auction Ads,Promote
20230807,1773318963952640 ,SA,,,1/1/00 0:00,0,4.4319,4/8/23 17:07,0.54,Non-Auction Ads,Promote
20230807,1773318748749820 ,SA,,,1/1/00 0:00,5.553,1.2654,4/8/23 17:02,0.54,Non-Auction Ads,Promote
20230807,1773318832366590 ,SA,,,1/1/00 0:00,5.7789,2.2449,4/8/23 17:03,0.54,Non-Auction Ads,Promote
20230807,1773319880255490 ,IT,,,1/1/00 0:00,0.022,7.5564,4/8/23 17:21,0.54,Non-Auction Ads,Promote
20230807,1773319896118270 ,GB,,,1/1/00 0:00,9.3712,6.7499,4/8/23 17:21,0.54,Non-Auction Ads,Promote
20230807,1773319111585790 ,RO,,,1/1/00 0:00,2.2942,1.6269,4/8/23 17:10,0.54,Non-Auction Ads,Promote
20230807,1773319250704400 ,PL,,,1/1/00 0:00,1.937,1.1177,4/8/23 17:11,1.53,RIE,Promote Report Recall
20230807,1773319331675130 ,SA,,,1/1/00 0:00,0,2.7013,4/8/23 17:14,0.54,Non-Auction Ads,Promote
20230807,1773319610512390 ,IT,,,1/1/00 0:00,5.3824,3.0781,4/8/23 17:18,0.54,Non-Auction Ads,Promote
20230807,1773320262118400 ,SA,,,1/1/00 0:00,0,7.2862,4/8/23 17:27,0.54,Non-Auction Ads,Promote
20230807,1773319684252670 ,PE,Other,,1/1/00 0:00,4.6922,1.798,4/8/23 17:16,1.62,RIE,Ad Group Recall (Merged)
20230807,1773320922231840 ,DE,,,1/1/00 0:00,16.0463,13.6613,4/8/23 17:38,0.54,Non-Auction Ads,Promote
20230807,1773319763786750 ,PH,,,1/1/00 0:00,2.6208,0.8063,4/8/23 17:19,0.54,Non-Auction Ads,Promote
20230807,1773319983285250 ,CA,,,1/1/00 0:00,2.2807,1.8111,4/8/23 17:22,1.53,RIE,Promote Report Recall
20230807,1773321567423520 ,US,,,1/1/00 0:00,23.5,18.6233,4/8/23 17:52,0.54,Non-Auction Ads,Promote
20230807,1773320303634430 ,SA,,,1/1/00 0:00,7.6715,3.2791,4/8/23 17:27,1.53,RIE,Promote Report Recall
20230807,1773319931098130 ,GR,,,1/1/00 0:00,2.5422,1.8357,4/8/23 17:25,0.54,Non-Auction Ads,Promote
20230807,1773319954238500 ,BR,,,1/1/00 0:00,1.5821,1.2524,4/8/23 17:22,0.54,Non-Auction Ads,Promote
20230807,1773320254742530 ,CZ,,,1/1/00 0:00,4.5668,2.1917,4/8/23 17:26,0.54,Non-Auction Ads,Promote
20230807,1773320247735300 ,IT,,,1/1/00 0:00,5.5578,3.0781,4/8/23 17:28,0.54,Non-Auction Ads,Promote
20230807,1773320127724540 ,KW,,,1/1/00 0:00,0,1.1452,4/8/23 17:26,0.54,Non-Auction Ads,Promote
20230807,1773320596627460 ,IT,,,1/1/00 0:00,7.3957,4.8749,4/8/23 17:32,0.54,Non-Auction Ads,Promote
20230807,1773320427653120 ,SA,,,1/1/00 0:00,16.5801,3.2791,4/8/23 17:29,1.53,RIE,Promote Report Recall
20230807,1773320347749370 ,SA,,,1/1/00 0:00,0,3.8429,4/8/23 17:30,0.54,Non-Auction Ads,Promote
20230807,1773320661714940 ,IT,,,1/1/00 0:00,5.6575,4.8749,4/8/23 17:34,0.54,Non-Auction Ads,Promote
20230807,1773320722405380 ,IT,,,1/1/00 0:00,5.5917,4.8749,4/8/23 17:34,0.54,Non-Auction Ads,Promote
20230807,1773320880281600 ,SE,,,1/1/00 0:00,8.3602,6.8373,4/8/23 17:37,0.54,Non-Auction Ads,Promote
20230807,1773320856327170 ,IT,,,1/1/00 0:00,7.2414,4.8749,4/8/23 17:36,0.54,Non-Auction Ads,Promote
20230807,1773320883535870 ,IT,,,1/1/00 0:00,5.646,4.8749,4/8/23 17:36,0.54,Non-Auction Ads,Promote
20230807,1773320545693690 ,SA,,,1/1/00 0:00,1.4103,2.7029,4/8/23 17:33,0.54,Non-Auction Ads,Promote
20230807,1773320094482470 ,EG,,,1/1/00 0:00,0.7965,0.5594,4/8/23 17:28,0.54,Non-Auction Ads,Promote
20230807,1773320762990590 ,IT,,,1/1/00 0:00,5.3159,4.8749,4/8/23 17:36,0.54,Non-Auction Ads,Promote
20230807,1773320417584120 ,VN,,,1/1/00 0:00,6.2741,0.8226,4/8/23 17:30,0.54,Non-Auction Ads,Promote
20230807,1773320990531580 ,SA,,,1/1/00 0:00,4.8248,5.1533,4/8/23 17:39,0.54,Non-Auction Ads,Promote
20230807,1773320924996600 ,VN,,,1/1/00 0:00,0,3.453,4/8/23 17:38,0.54,Non-Auction Ads,Promote
20230807,1773320694370300 ,TR,,,1/1/00 0:00,1.2382,1.2223,4/8/23 17:36,0.54,Non-Auction Ads,Promote
20230807,1773322263745540 ,US,,,1/1/00 0:00,10.91,12.163,4/8/23 17:59,0.54,Non-Auction Ads,Promote
20230807,1773321326170110 ,SA,,,1/1/00 0:00,9.839,4.865,4/8/23 17:44,0.54,Non-Auction Ads,Promote
20230807,1773319140378620 ,TH,TH,,1/1/00 0:00,16.83,9.1863,4/8/23 17:53,1.64,Auction Ads,auction_relation
20230807,1773319140378620 ,MY,MY,,1/1/00 0:00,16.83,9.1863,4/8/23 17:53,2.31,Auction Ads,auction_relation
20230807,1773321031145470 ,QA,,,1/1/00 0:00,2.6586,1.395,4/8/23 17:38,0.54,Non-Auction Ads,Promote
20230807,1773321452267520 ,VN,,,1/1/00 0:00,0,5.2984,4/8/23 17:46,0.54,Non-Auction Ads,Promote
20230807,1773322360459290 ,VN,VN,,1/1/00 0:00,33.343,9.3556,4/8/23 17:54,2.13,RIE,Ad Group Recall (Merged)
20230807,1773321458738170 ,JP,,,1/1/00 0:00,12.3357,5.7388,4/8/23 17:47,0.54,Non-Auction Ads,Promote
20230807,1773321675566080 ,SA,,,1/1/00 0:00,8.5914,6.9574,4/8/23 17:51,0.54,Non-Auction Ads,Promote
20230807,1773321064235000 ,VN,,,1/1/00 0:00,0,0.7317,4/8/23 17:39,0.54,Non-Auction Ads,Promote
20230807,1773321328315390 ,PH,,,1/1/00 0:00,3.6963,1.0484,4/8/23 17:43,0.54,Non-Auction Ads,Promote
20230807,1773321096230910 ,EG,,,1/1/00 0:00,0,0.412,4/8/23 17:43,0.54,Non-Auction Ads,Promote
20230807,1773321407115270 ,PL,,,1/1/00 0:00,3.0818,1.2362,4/8/23 17:46,0.54,Non-Auction Ads,Promote
20230807,1773322063608830 ,TH,,,1/1/00 0:00,10.5649,5.9357,4/8/23 17:57,0.54,Non-Auction Ads,Promote
20230807,1773321589213180 ,SA,,,1/1/00 0:00,0.2612,2.3241,4/8/23 17:48,0.54,Non-Auction Ads,Promote
20230807,1773319921281020 ,US,US&CA,,1/1/00 0:00,7.17,13.5432,4/8/23 18:20,1.81,RIE,Ad Group Recall (Merged)
20230807,1773321655976960 ,SA,,,1/1/00 0:00,0,2.3241,4/8/23 17:49,0.54,Non-Auction Ads,Promote
20230807,1773321523284990 ,EG,,,1/1/00 0:00,2.1965,0.4073,4/8/23 17:46,0.54,Non-Auction Ads,Promote
20230807,1773321378390040 ,US,US&CA,,1/1/00 0:00,121.6,23.1013,4/8/23 18:42,1.81,RIE,Ad Group Recall (Merged)
20230807,1773324359333890 ,TR,TR,,1/1/00 0:00,14.6481,7.7766,4/8/23 18:11,0.83,Auction Ads,auction_relation
20230807,1773327034742780 ,US,US&CA,,1/1/00 0:00,61.47,49.0785,4/8/23 20:14,1.81,RIE,Ad Group Recall (Merged)
20230807,1773322906175530 ,BR,BR,,1/1/00 0:00,11.9271,5.9959,4/8/23 18:06,1.7,RIE,Ad Group Recall (Merged)
20230807,1773322477384700 ,KW,,,1/1/00 0:00,5.8081,4.4849,4/8/23 18:02,0.54,Non-Auction Ads,Promote
20230807,1773322146112540 ,QA,Other,,1/1/00 0:00,0,0.969,4/8/23 17:54,1.62,RIE,Ad Group Recall (Merged)
20230807,1773414483579950 ,US,US&CA,,1/1/00 0:00,11607.43,979.806,5/8/23 19:20,1.81,RIE,Ad Group Recall (Merged)
20230807,1773414483579950 ,US,USCA,,1/1/00 0:00,11607.43,979.806,5/8/23 19:20,1.78,Auction Ads,auction_relation
20230807,1773322496963580 ,ID,,,1/1/00 0:00,1.7615,1.6299,4/8/23 18:02,0.54,Non-Auction Ads,Promote
20230807,1773322503024640 ,KW,,,1/1/00 0:00,1.5196,2.3948,4/8/23 18:02,0.54,Non-Auction Ads,Promote
20230807,1773322964233220 ,US,,,1/1/00 0:00,21.82,4.5909,4/8/23 18:11,0.54,Non-Auction Ads,Promote
20230807,1773323805631490 ,DE,,,1/1/00 0:00,5.7904,9.0359,4/8/23 18:25,0.54,Non-Auction Ads,Promote
20230807,1773322886236160 ,MY,,,1/1/00 0:00,8.4634,2.8998,4/8/23 18:09,0.54,Non-Auction Ads,Promote
20230807,1773322424261760 ,ID,,,1/1/00 0:00,3.4524,0.3024,4/8/23 18:02,0.54,Non-Auction Ads,Promote
20230807,1773323004334080 ,SA,,,1/1/00 0:00,3.8064,2.5003,4/8/23 18:11,0.54,Non-Auction Ads,Promote
20230807,1773323120389140 ,SE,,,1/1/00 0:00,5.2731,3.7437,4/8/23 18:13,0.54,Non-Auction Ads,Promote
20230807,1773324581190660 ,US,,,1/1/00 0:00,17.84,13.7633,4/8/23 18:36,0.54,Non-Auction Ads,Promote
20230807,1773324578445310 ,US,,,1/1/00 0:00,17.49,14.009,4/8/23 18:36,0.54,Non-Auction Ads,Promote
20230807,1773324723466250 ,IT,IT,,1/1/00 0:00,10.1929,8.6622,4/8/23 18:27,1.79,RIE,Ad Group Recall (Merged)
20230807,1773323285718010 ,SA,,,1/1/00 0:00,23.8862,3.2791,4/8/23 18:15,1.53,RIE,Promote Report Recall
20230807,1773323193927680 ,RO,,,1/1/00 0:00,1.3644,1.0135,4/8/23 18:13,0.54,Non-Auction Ads,Promote
20230807,1773323270056960 ,PH,,,1/1/00 0:00,2.6789,0.8193,4/8/23 18:14,0.54,Non-Auction Ads,Promote
20230807,1773323086450800 ,US,US&CA,,1/1/00 0:00,129.8,23.1013,4/8/23 19:08,1.81,RIE,Ad Group Recall (Merged)
20230807,1773323350892610 ,RO,,,1/1/00 0:00,1.1239,1.0135,4/8/23 18:16,0.54,Non-Auction Ads,Promote
20230807,1773322614990850 ,ID,,,1/1/00 0:00,5.3659,1.2503,4/8/23 18:18,0.54,Non-Auction Ads,Promote
20230807,1773323718524930 ,SA,,,1/1/00 0:00,2.2337,1.3346,4/8/23 18:22,0.54,Non-Auction Ads,Promote
20230807,1773338884202490 ,US,USCA,,1/1/00 0:00,0.54,1.651,4/8/23 18:23,1.78,Auction Ads,auction_relation
20230807,1773323972719610 ,VN,,,1/1/00 0:00,3.028,2.6708,4/8/23 18:25,0.54,Non-Auction Ads,Promote
20230807,1773323881387010 ,EG,,,1/1/00 0:00,0,2.1327,4/8/23 18:25,0.54,Non-Auction Ads,Promote
20230807,1773324264040440 ,SA,,,1/1/00 0:00,7.0133,3.8925,4/8/23 18:30,0.54,Non-Auction Ads,Promote
20230807,1773323982753790 ,KW,,,1/1/00 0:00,4.0252,1.481,4/8/23 18:26,0.54,Non-Auction Ads,Promote
20230807,1773324061072390 ,PT,,,1/1/00 0:00,1.2329,1.3692,4/8/23 18:28,0.54,Non-Auction Ads,Promote
20230807,1773345696275500 ,PE,Other,,1/1/00 0:00,427.72,123.8988,5/8/23 0:05,1.62,RIE,Ad Group Recall (Merged)
20230807,1773324441682000 ,IT,,,1/1/00 0:00,0.1101,2.8143,4/8/23 18:33,0.54,Non-Auction Ads,Promote
20230807,1773324030604290 ,EG,,,1/1/00 0:00,2.5828,1.1112,4/8/23 18:28,0.54,Non-Auction Ads,Promote
20230807,1773335539292170 ,DE,DE,,1/1/00 0:00,279.56,86.9042,4/8/23 22:26,1.6,RIE,Ad Group Recall (Merged)
20230807,1773324196093950 ,SA,,,1/1/00 0:00,3.3772,1.8833,4/8/23 18:31,0.54,Non-Auction Ads,Promote
20230807,1773324212086780 ,VN,,,1/1/00 0:00,0,1.3625,4/8/23 18:30,0.54,Non-Auction Ads,Promote
20230807,1773325667361790 ,US,,,1/1/00 0:00,8.39,9.706,4/8/23 18:53,0.54,Non-Auction Ads,Promote
20230807,1773324548370430 ,PL,,,1/1/00 0:00,0.3632,1.9203,4/8/23 18:35,0.54,Non-Auction Ads,Promote
20230807,1773328482534400 ,US,,,1/1/00 0:00,39.01,21.6524,4/8/23 19:37,0.54,Non-Auction Ads,Promote
20230807,1773324492203010 ,EG,,,1/1/00 0:00,3.4995,1.1297,4/8/23 18:34,0.54,Non-Auction Ads,Promote
20230807,1773324396792830 ,EG,,,1/1/00 0:00,0,0.3165,4/8/23 18:33,0.54,Non-Auction Ads,Promote
20230807,1773327403304960 ,US,,,1/1/00 0:00,41.13,16.3613,4/8/23 19:20,0.54,Non-Auction Ads,Promote
20230807,1773325457770490 ,SA,,,1/1/00 0:00,8.1325,5.8054,4/8/23 18:51,0.54,Non-Auction Ads,Promote
20230807,1773324496551930 ,ID,,,1/1/00 0:00,0.8026,0.4478,4/8/23 18:36,0.54,Non-Auction Ads,Promote
20230807,1773315319418880 ,US,US&CA,,1/1/00 0:00,17.55,10.704,4/8/23 19:06,1.81,RIE,Ad Group Recall (Merged)
20230807,1773324782734340 ,BR,,,1/1/00 0:00,3.5498,1.0362,4/8/23 18:39,0.54,Non-Auction Ads,Promote
20230807,1773324689981440 ,TR,,,1/1/00 0:00,0.0556,1.1147,4/8/23 18:40,0.54,Non-Auction Ads,Promote
20230807,1773324837615610 ,SA,,,1/1/00 0:00,0,1.1365,4/8/23 18:40,0.54,Non-Auction Ads,Promote
20230807,1773325377243130 ,IL,,,1/1/00 0:00,3.957,3.1069,4/8/23 18:50,1.53,RIE,Promote Report Recall
20230807,1773325068343300 ,EG,,,1/1/00 0:00,2.8716,1.1112,4/8/23 18:44,0.54,Non-Auction Ads,Promote
20230807,1773326218095620 ,FR,,,1/1/00 0:00,8.2212,6.3743,4/8/23 19:02,0.54,Non-Auction Ads,Promote
20230807,1773325708131320 ,SA,,,1/1/00 0:00,0,3.248,4/8/23 18:53,0.54,Non-Auction Ads,Promote
20230807,1773325951845370 ,SA,,,1/1/00 0:00,13.637,4.4371,4/8/23 18:58,0.54,Non-Auction Ads,Promote
20230807,1773325131218940 ,QA,,,1/1/00 0:00,1.641,1.0501,4/8/23 18:47,0.54,Non-Auction Ads,Promote
20230807,1773330341607420 ,US,,,1/1/00 0:00,31.96,23.58,4/8/23 20:08,0.54,Non-Auction Ads,Promote
20230807,1773325513542650 ,SA,,,1/1/00 0:00,3.5665,1.4747,4/8/23 18:52,0.54,Non-Auction Ads,Promote
20230807,1773332492139520 ,IL,,,1/1/00 0:00,55.8276,31.8065,4/8/23 20:41,1.53,RIE,Promote Report Recall
20230807,1773327104945180 ,US,US&CA,,1/1/00 0:00,5.44,26.2577,4/8/23 20:14,1.81,RIE,Ad Group Recall (Merged)
20230807,1773327117719550 ,US,US&CA,,1/1/00 0:00,0.73,26.2577,4/8/23 20:14,1.81,RIE,Ad Group Recall (Merged)
20230807,1773325832705020 ,ID,,,1/1/00 0:00,3.0995,1.5539,4/8/23 18:56,0.54,Non-Auction Ads,Promote
20230807,1773326115829820 ,SA,,,1/1/00 0:00,0,2.3134,4/8/23 18:59,0.54,Non-Auction Ads,Promote
20230807,1773326577298430 ,AE,,,1/1/00 0:00,7.7351,6.4599,4/8/23 19:08,0.54,Non-Auction Ads,Promote
20230807,1773326151948280 ,SA,,,1/1/00 0:00,0,2.3134,4/8/23 19:00,0.54,Non-Auction Ads,Promote
20230807,1773326152502270 ,KW,,,1/1/00 0:00,0,2.0597,4/8/23 19:00,0.54,Non-Auction Ads,Promote
20230807,1773328364010540 ,FI,Others,,1/1/00 0:00,,11.6596,4/8/23 19:35,1.56,Auction Ads,auction_all
20230807,1773328364010540 ,ES,ES,,1/1/00 0:00,,11.6596,4/8/23 19:35,1.37,Auction Ads,auction_relation
20230807,1773326332336120 ,SA,,,1/1/00 0:00,8.285,3.1655,4/8/23 19:04,0.54,Non-Auction Ads,Promote
20230807,1773326472674300 ,KW,,,1/1/00 0:00,6.5533,3.8655,4/8/23 19:06,0.54,Non-Auction Ads,Promote
20230807,1773326433336340 ,RO,,,1/1/00 0:00,3.8427,3.8329,4/8/23 19:06,0.54,Non-Auction Ads,Promote
20230807,1773323390682160 ,US,USCA,,1/1/00 0:00,274.57,44.5292,4/8/23 21:07,1.78,Auction Ads,auction_relation
20230807,1773326632758270 ,PH,,,1/1/00 0:00,7.9435,4.2008,4/8/23 19:08,0.54,Non-Auction Ads,Promote
20230807,1773326204892210 ,US,US&CA,,1/1/00 0:00,0,16.4857,4/8/23 19:57,1.81,RIE,Ad Group Recall (Merged)
20230807,1773327110258690 ,SA,,,1/1/00 0:00,0,6.539,4/8/23 19:18,0.54,Non-Auction Ads,Promote
20230807,1773327122790430 ,KR,KR,,1/1/00 0:00,18.79,17.8899,4/8/23 20:05,2.37,Auction Ads,auction_relation
20230807,1773326222299150 ,RO,,,1/1/00 0:00,3.9546,0.7832,4/8/23 19:03,0.54,Non-Auction Ads,Promote
20230807,1773326731885560 ,KW,,,1/1/00 0:00,6.6741,3.8655,4/8/23 19:09,0.54,Non-Auction Ads,Promote
20230807,1773326723087360 ,BR,,,1/1/00 0:00,1.6991,2.7087,4/8/23 19:12,0.54,Non-Auction Ads,Promote
20230807,1773329127623680 ,KW,,,1/1/00 0:00,0,10.8436,4/8/23 19:48,0.54,Non-Auction Ads,Promote
20230807,1773328607786000 ,IT,IT,,1/1/00 0:00,0,7.7437,4/8/23 19:40,1.79,RIE,Ad Group Recall (Merged)
20230807,1773327923130360 ,SA,,,1/1/00 0:00,9.444,5.2624,4/8/23 19:29,0.54,Non-Auction Ads,Promote
20230807,1773330573305900 ,CO,Other,,1/1/00 0:00,2.0451,11.5672,4/8/23 19:56,1.62,RIE,Ad Group Recall (Merged)
20230807,1773330950435840 ,US,,,1/1/00 0:00,15.17,20.3327,4/8/23 20:18,0.54,Non-Auction Ads,Promote
20230807,1773327446694910 ,SA,,,1/1/00 0:00,2.5216,3.2948,4/8/23 19:21,0.54,Non-Auction Ads,Promote
20230807,1773327125784630 ,PL,,,1/1/00 0:00,4.3913,1.9784,4/8/23 19:16,0.54,Non-Auction Ads,Promote
20230807,1773326966918150 ,BR,,,1/1/00 0:00,1.2988,1.3912,4/8/23 19:14,0.54,Non-Auction Ads,Promote
20230807,1773328583021570 ,FR,,,1/1/00 0:00,13.6365,5.8316,4/8/23 19:40,0.54,Non-Auction Ads,Promote
20230807,1773329193644030 ,SA,,,1/1/00 0:00,10.1107,7.7392,4/8/23 19:49,0.54,Non-Auction Ads,Promote
20230807,1773328692662270 ,SA,,,1/1/00 0:00,9.9132,6.0155,4/8/23 19:41,0.54,Non-Auction Ads,Promote
20230807,1773329669126140 ,PL,,,1/1/00 0:00,9.6303,8.8899,4/8/23 19:57,0.54,Non-Auction Ads,Promote
20230807,1773327762879490 ,VN,,,1/1/00 0:00,0,0.6824,4/8/23 19:25,0.54,Non-Auction Ads,Promote
20230807,1773306792923170 ,TW,TW,,1/1/00 0:00,755.07,32.3352,4/8/23 21:00,2.59,RIE,Ad Group Recall (Merged)
20230807,1773327790170170 ,VN,,,1/1/00 0:00,0,0.6824,4/8/23 19:26,0.54,Non-Auction Ads,Promote
20230807,1773327816077310 ,VN,,,1/1/00 0:00,0,0.6824,4/8/23 19:26,0.54,Non-Auction Ads,Promote
20230807,1773329096937470 ,SA,,,1/1/00 0:00,0,4.8849,4/8/23 19:48,0.54,Non-Auction Ads,Promote
20230807,1773328154425340 ,VN,,,1/1/00 0:00,0,0.9994,4/8/23 19:32,0.54,Non-Auction Ads,Promote
20230807,1773333628280830 ,US,,,1/1/00 0:00,35,28.77,4/8/23 21:00,0.54,Non-Auction Ads,Promote
20230807,1773328743902210 ,VN,,,1/1/00 0:00,0,1.1821,4/8/23 19:41,0.54,Non-Auction Ads,Promote
20230807,1773327881536560 ,MA,Other,,1/1/00 0:00,18.682,8.7742,4/8/23 20:11,1.62,RIE,Ad Group Recall (Merged)
20230807,1773327881536560 ,TR,TR,,1/1/00 0:00,18.682,8.7742,4/8/23 20:11,1.63,RIE,Ad Group Recall (Merged)
20230807,1773327881536560 ,EG,MENA,,1/1/00 0:00,18.682,8.7742,4/8/23 20:11,1.67,RIE,Ad Group Recall (Merged)
20230807,1773327881536560 ,KR,KR,,1/1/00 0:00,18.682,8.7742,4/8/23 20:11,2.37,Auction Ads,auction_relation
20230807,1773331007233020 ,TH,,,1/1/00 0:00,60.8455,12.7989,4/8/23 20:18,1.53,RIE,Promote Report Recall
20230807,1773329769371650 ,SA,,,1/1/00 0:00,0,4.8777,4/8/23 20:00,0.54,Non-Auction Ads,Promote
20230807,1773329762156540 ,SA,,,1/1/00 0:00,2.8387,3.5853,4/8/23 19:59,0.54,Non-Auction Ads,Promote
20230807,1773330116504600 ,CA,US&CA,,1/1/00 0:00,91.6738,4.81,4/8/23 20:02,1.81,RIE,Ad Group Recall (Merged)
20230807,1773329980409850 ,BR,BR,,1/1/00 0:00,4.8179,0.3378,4/8/23 19:50,1.7,RIE,Ad Group Recall (Merged)
20230807,1773329456242680 ,VN,,,1/1/00 0:00,4.3684,0.4739,4/8/23 19:53,0.54,Non-Auction Ads,Promote
20230807,1773331410125820 ,SA,,,1/1/00 0:00,15.6924,10.3043,4/8/23 20:24,0.54,Non-Auction Ads,Promote
20230807,1773331312640000 ,BR,BR,,1/1/00 0:00,,0.0617,4/8/23 20:01,1.99,Auction Ads,auction_all
20230807,1773330295787520 ,IL,,,1/1/00 0:00,6.9559,4.7287,4/8/23 20:14,0.54,Non-Auction Ads,Promote
20230807,1773330170857470 ,BR,,,1/1/00 0:00,4.4217,3.3049,4/8/23 20:13,0.54,Non-Auction Ads,Promote
20230807,1773330827880450 ,VN,,,1/1/00 0:00,9.9215,5.489,4/8/23 20:15,0.54,Non-Auction Ads,Promote
20230807,1773324488341520 ,KR,KR,,1/1/00 0:00,0,8.9185,4/8/23 20:36,2.37,Auction Ads,auction_relation
20230807,1773330572248060 ,RO,,,1/1/00 0:00,3.3394,1.7707,4/8/23 20:11,0.54,Non-Auction Ads,Promote
20230807,1773352821628930 ,US,,,1/1/00 0:00,219.44,126.487,5/8/23 2:05,1.53,RIE,Promote Report Recall
20230807,1773330730055680 ,EG,,,1/1/00 0:00,0,0.8642,4/8/23 20:13,0.54,Non-Auction Ads,Promote
20230807,1773333683627050 ,BR,BR,,1/1/00 0:00,1.1284,14.069,4/8/23 20:58,1.99,Auction Ads,auction_all
20230807,1773330999587840 ,TR,,,1/1/00 0:00,3.1139,2.5378,4/8/23 20:19,0.54,Non-Auction Ads,Promote
20230807,1773331434786810 ,SA,,,1/1/00 0:00,10.0945,2.9471,4/8/23 20:25,0.54,Non-Auction Ads,Promote
20230807,1773332492388350 ,SA,,,1/1/00 0:00,6.9812,6.7337,4/8/23 20:45,0.54,Non-Auction Ads,Promote
20230807,1773332224782330 ,TH,,,1/1/00 0:00,6.6286,3.2949,4/8/23 20:38,0.54,Non-Auction Ads,Promote
20230807,1773332429702140 ,SA,,,1/1/00 0:00,0,4.4392,4/8/23 20:42,0.54,Non-Auction Ads,Promote
20230807,1773332142326780 ,SA,,,1/1/00 0:00,14.1757,8.1238,4/8/23 20:55,0.54,Non-Auction Ads,Promote
20230807,1773332441837560 ,AE,,,1/1/00 0:00,0,3.2177,4/8/23 20:42,0.54,Non-Auction Ads,Promote
20230807,1773333849902080 ,BR,BR,,1/1/00 0:00,3.1555,14.069,4/8/23 21:01,1.99,Auction Ads,auction_all
20230807,1773331827244030 ,TR,,,1/1/00 0:00,3.2498,0.4677,4/8/23 20:31,0.54,Non-Auction Ads,Promote
20230807,1773332794120190 ,IL,,,1/1/00 0:00,5.7492,4.5539,4/8/23 20:46,0.54,Non-Auction Ads,Promote
20230807,1773332130734080 ,EG,,,1/1/00 0:00,0,0.3692,4/8/23 20:37,0.54,Non-Auction Ads,Promote
20230807,1773334112722960 ,BR,BR,,1/1/00 0:00,0.0826,14.069,4/8/23 21:05,1.99,Auction Ads,auction_all
20230807,1773329270134800 ,US,US&CA,,1/1/00 0:00,0,4.4603,4/8/23 20:49,1.81,RIE,Ad Group Recall (Merged)
20230807,1773332979575810 ,IT,,,1/1/00 0:00,7.011,4.8743,4/8/23 20:49,0.54,Non-Auction Ads,Promote
20230807,1773332501603330 ,TR,,,1/1/00 0:00,2.8099,1.3589,4/8/23 20:42,0.54,Non-Auction Ads,Promote
20230807,1773332722236420 ,BR,,,1/1/00 0:00,3.4843,2.7476,4/8/23 20:46,0.54,Non-Auction Ads,Promote
20230807,1773332516383750 ,EG,,,1/1/00 0:00,0,0.3692,4/8/23 20:42,0.54,Non-Auction Ads,Promote
20230807,1773332748925950 ,TR,,,1/1/00 0:00,0,1.8293,4/8/23 20:46,0.54,Non-Auction Ads,Promote
20230807,1773333379944450 ,SA,,,1/1/00 0:00,6.6746,3.5317,4/8/23 20:56,0.54,Non-Auction Ads,Promote
20230807,1773333217077250 ,KW,,,1/1/00 0:00,0,2.1645,4/8/23 20:53,0.54,Non-Auction Ads,Promote
20230807,1773333800347650 ,SA,,,1/1/00 0:00,0,9.5965,4/8/23 21:02,0.54,Non-Auction Ads,Promote
20230807,1773333496373240 ,SA,,,1/1/00 0:00,0,2.7877,4/8/23 20:56,0.54,Non-Auction Ads,Promote
20230807,1773333478492180 ,RO,,,1/1/00 0:00,7.1398,2.2589,4/8/23 20:56,0.54,Non-Auction Ads,Promote
20230807,1773334049881090 ,SA,,,1/1/00 0:00,0,8.8856,4/8/23 21:06,0.54,Non-Auction Ads,Promote
20230807,1773333578039290 ,SA,,,1/1/00 0:00,0,4.5942,4/8/23 21:00,0.54,Non-Auction Ads,Promote
20230807,1773333359399930 ,ID,,,1/1/00 0:00,1.9646,1.1214,4/8/23 20:57,1.53,RIE,Promote Report Recall
20230807,1773333607954430 ,TR,,,1/1/00 0:00,1.4315,0.7123,4/8/23 20:59,0.54,Non-Auction Ads,Promote
20230807,1773333868321890 ,SE,,,1/1/00 0:00,7.9471,5.6954,4/8/23 21:03,0.54,Non-Auction Ads,Promote
20230807,1773333691737090 ,CA,,,1/1/00 0:00,30.26,2.2125,4/8/23 21:00,1.53,RIE,Promote Report Recall
20230807,1773336340984830 ,US,,,1/1/00 0:00,23.72,26.0933,4/8/23 21:43,0.54,Non-Auction Ads,Promote
20230807,1773333717960710 ,FI,,,1/1/00 0:00,11.083,3.1265,4/8/23 21:00,0.54,Non-Auction Ads,Promote
20230807,1773331478587440 ,ZA,Other,,1/1/00 0:00,19.11,12.0631,4/8/23 21:25,1.62,RIE,Ad Group Recall (Merged)
20230807,1773333762660350 ,CA,,,1/1/00 0:00,30.1477,2.2125,4/8/23 21:01,0.54,Non-Auction Ads,Promote
20230807,1773338326381560 ,US,US&CA,,1/1/00 0:00,22.33,30.7567,4/8/23 22:12,1.81,RIE,Ad Group Recall (Merged)
20230807,1773334668824570 ,SA,,,1/1/00 0:00,0,5.6473,4/8/23 21:15,0.54,Non-Auction Ads,Promote
20230807,1773339023878150 ,US,,,1/1/00 0:00,38.13,32.9023,4/8/23 22:24,0.54,Non-Auction Ads,Promote
20230807,1773333908837370 ,SA,,,1/1/00 0:00,6.8797,2.5663,4/8/23 21:07,0.54,Non-Auction Ads,Promote
20230807,1773334760717310 ,VN,,,1/1/00 0:00,0,5.6828,4/8/23 21:18,0.54,Non-Auction Ads,Promote
20230807,1773334927045630 ,AE,,,1/1/00 0:00,14.3702,6.4737,4/8/23 21:19,0.54,Non-Auction Ads,Promote
20230807,1773334917836800 ,SE,,,1/1/00 0:00,9.6701,6.793,4/8/23 21:21,0.54,Non-Auction Ads,Promote
20230807,1773334858756090 ,SA,,,1/1/00 0:00,9.3002,5.867,4/8/23 21:18,0.54,Non-Auction Ads,Promote
20230807,1773335399702530 ,SA,,,1/1/00 0:00,0,9.3308,4/8/23 21:27,0.54,Non-Auction Ads,Promote
20230807,1773334930320380 ,SA,,,1/1/00 0:00,0,7.464,4/8/23 21:23,0.54,Non-Auction Ads,Promote
20230807,1773335065814010 ,SA,MENA,,1/1/00 0:00,0,4.5056,4/8/23 21:18,1.67,RIE,Ad Group Recall (Merged)
20230807,1773335056591870 ,AE,,,1/1/00 0:00,8.3635,6.4737,4/8/23 21:21,0.54,Non-Auction Ads,Promote
20230807,1773334591257630 ,IT,,,1/1/00 0:00,5.2281,2.3658,4/8/23 21:15,0.54,Non-Auction Ads,Promote
20230807,1773334111985660 ,ID,,,1/1/00 0:00,2.0859,1.4648,4/8/23 21:10,0.54,Non-Auction Ads,Promote
20230807,1773334984646650 ,IL,,,1/1/00 0:00,11.6707,5.6508,4/8/23 21:21,0.54,Non-Auction Ads,Promote
20230807,1773335382038530 ,US,,,1/1/00 0:00,3.09,7.0691,4/8/23 21:27,1.53,RIE,Promote Report Recall
20230807,1773336152814590 ,US,,,1/1/00 0:00,23.44,15.413,4/8/23 21:40,0.54,Non-Auction Ads,Promote
20230807,1773334642098170 ,ID,,,1/1/00 0:00,11.628,0.9739,4/8/23 21:16,0.54,Non-Auction Ads,Promote
20230807,1773336322042890 ,SA,MENA,,1/1/00 0:00,46.67,13.0892,4/8/23 21:38,1.67,RIE,Ad Group Recall (Merged)
20230807,1773335437199360 ,AE,,,1/1/00 0:00,0,7.329,4/8/23 21:28,0.54,Non-Auction Ads,Promote
20230807,1773331846578190 ,AU,AU,,1/1/00 0:00,1.62,8.3346,4/8/23 21:30,1.84,RIE,Ad Group Recall (Merged)
20230807,1773312181321760 ,RO,RO,,1/1/00 0:00,302.27,61.4438,5/8/23 0:00,1.94,Auction Ads,auction_relation
20230807,1773312181321760 ,GR,GR,,1/1/00 0:00,302.27,61.4438,5/8/23 0:00,2.11,Auction Ads,auction_relation
20230807,1773312181321760 ,PT,PT,,1/1/00 0:00,302.27,61.4438,5/8/23 0:00,1.98,Auction Ads,auction_relation
20230807,1773312181321760 ,PL,PL,,1/1/00 0:00,302.27,61.4438,5/8/23 0:00,1.64,Auction Ads,auction_relation
20230807,1773312181321760 ,AT,AT,,1/1/00 0:00,302.27,61.4438,5/8/23 0:00,0.89,Auction Ads,auction_relation
20230807,1773338383158270 ,FR,,,1/1/00 0:00,30.0459,22.9902,4/8/23 22:15,0.54,Non-Auction Ads,Promote
20230807,1773335183667200 ,TR,,,1/1/00 0:00,1.2311,0.817,4/8/23 21:23,0.54,Non-Auction Ads,Promote
20230807,1773335291294720 ,GR,,,1/1/00 0:00,4.3694,3.149,4/8/23 21:28,0.54,Non-Auction Ads,Promote
20230807,1773335520498680 ,IL,,,1/1/00 0:00,10.2235,5.6508,4/8/23 21:30,0.54,Non-Auction Ads,Promote
20230807,1773335270360060 ,ID,,,1/1/00 0:00,3.7745,1.1287,4/8/23 21:26,0.54,Non-Auction Ads,Promote
20230807,1773338590199890 ,CA,US&CA,,1/1/00 0:00,33.32,12.2465,4/8/23 21:43,1.81,RIE,Ad Group Recall (Merged)
20230807,1773335423900670 ,TH,,,1/1/00 0:00,5.355,1.6248,4/8/23 21:28,0.54,Non-Auction Ads,Promote
20230807,1773335130786810 ,SA,,,1/1/00 0:00,5.2135,2.2174,4/8/23 21:29,0.54,Non-Auction Ads,Promote
20230807,1773335843227680 ,PK,Other,,1/1/00 0:00,135.7138,0.4652,4/8/23 21:27,1.62,RIE,Ad Group Recall (Merged)
20230807,1773335691794430 ,SA,,,1/1/00 0:00,0,3.8767,4/8/23 21:33,0.54,Non-Auction Ads,Promote
20230807,1773335794171900 ,BR,,,1/1/00 0:00,5.1342,5.4539,4/8/23 21:36,0.54,Non-Auction Ads,Promote
20230807,1773335567736830 ,AE,,,1/1/00 0:00,6.1317,1.2755,4/8/23 21:30,0.54,Non-Auction Ads,Promote
20230807,1773335722147840 ,SA,,,1/1/00 0:00,0,2.3285,4/8/23 21:33,0.54,Non-Auction Ads,Promote
20230807,1773336204141570 ,US,,,1/1/00 0:00,26.83,6.9,4/8/23 21:40,0.54,Non-Auction Ads,Promote
20230807,1773332498659370 ,KR,KR,,1/1/00 0:00,0,5.331,4/8/23 21:39,2.37,Auction Ads,auction_relation
20230807,1773336319243260 ,SA,,,1/1/00 0:00,6.4827,6.1656,4/8/23 21:41,0.54,Non-Auction Ads,Promote
20230807,1773335843850240 ,SA,,,1/1/00 0:00,0,1.5686,4/8/23 21:35,0.54,Non-Auction Ads,Promote
20230807,1773287096798210 ,VN,VN,,1/1/00 0:00,0,0.8725,4/8/23 21:34,2.13,RIE,Ad Group Recall (Merged)
20230807,1773336132473860 ,BR,,,1/1/00 0:00,5.0458,1.9397,4/8/23 21:40,0.54,Non-Auction Ads,Promote
20230807,1773336337230850 ,SA,,,1/1/00 0:00,9.4043,5.867,4/8/23 21:52,0.54,Non-Auction Ads,Promote
20230807,1773342945767440 ,PE,Other,,1/1/00 0:00,20.3,22.1257,4/8/23 22:57,1.62,RIE,Ad Group Recall (Merged)
20230807,1773341670848560 ,BE,Other,,1/1/00 0:00,33.2994,42.557,4/8/23 23:51,1.62,RIE,Ad Group Recall (Merged)
20230807,1773336305607680 ,EG,,,1/1/00 0:00,0,1.0115,4/8/23 21:42,0.54,Non-Auction Ads,Promote
20230807,1773336610976760 ,SA,,,1/1/00 0:00,15.0447,5.867,4/8/23 22:04,0.54,Non-Auction Ads,Promote
20230807,1773335826370610 ,US,US&CA,,1/1/00 0:00,99.07,13.2747,4/8/23 22:26,1.81,RIE,Ad Group Recall (Merged)
20230807,1773330023315480 ,SA,MENA,,1/1/00 0:00,0.99,4.2933,4/8/23 22:01,1.67,RIE,Ad Group Recall (Merged)
20230807,1773336878727180 ,US,,,1/1/00 0:00,9.23,2.4726,4/8/23 21:52,0.54,Non-Auction Ads,Promote
20230807,1773336358121470 ,TR,,,1/1/00 0:00,0,0.8202,4/8/23 21:43,0.54,Non-Auction Ads,Promote
20230807,1773337392184320 ,ES,,,1/1/00 0:00,0.1872,2.8906,4/8/23 21:59,0.54,Non-Auction Ads,Promote
20230807,1773337465019390 ,KW,,,1/1/00 0:00,0,3.6831,4/8/23 22:03,0.54,Non-Auction Ads,Promote
20230807,1773336779398140 ,SA,,,1/1/00 0:00,4.5367,2.1198,4/8/23 21:52,0.54,Non-Auction Ads,Promote
20230807,1773338141799420 ,SA,,,1/1/00 0:00,59.9004,4.5991,4/8/23 22:12,1.53,RIE,Promote Report Recall
20230807,1773329049837600 ,IT,IT,,1/1/00 0:00,5.7915,20.6143,4/8/23 23:00,1.79,RIE,Ad Group Recall (Merged)
20230807,1773337894338560 ,SA,,,1/1/00 0:00,6.7946,2.4458,4/8/23 22:07,0.54,Non-Auction Ads,Promote
20230807,1773337847864320 ,US,,,1/1/00 0:00,3.82,2.0138,4/8/23 22:07,0.54,Non-Auction Ads,Promote
20230807,1773337966364670 ,SA,,,1/1/00 0:00,7.3011,3.083,4/8/23 22:10,0.54,Non-Auction Ads,Promote
20230807,1773337958036480 ,SA,,,1/1/00 0:00,0,1.9476,4/8/23 22:08,0.54,Non-Auction Ads,Promote
20230807,1773338128036860 ,IT,,,1/1/00 0:00,10.5437,2.5174,4/8/23 22:10,0.54,Non-Auction Ads,Promote
20230807,1773338683789310 ,SA,,,1/1/00 0:00,12.4805,5.0065,4/8/23 22:19,0.54,Non-Auction Ads,Promote
20230807,1773338744467460 ,EG,,,1/1/00 0:00,5.2797,3.6855,4/8/23 22:22,0.54,Non-Auction Ads,Promote
20230807,1773338588205050 ,SA,,,1/1/00 0:00,0,2.6776,4/8/23 22:18,0.54,Non-Auction Ads,Promote
20230807,1773339645407350 ,US,,,1/1/00 0:00,2.93,9.3019,4/8/23 22:35,0.54,Non-Auction Ads,Promote
20230807,1773338395692030 ,SA,,,1/1/00 0:00,3.5559,1.8996,4/8/23 22:18,0.54,Non-Auction Ads,Promote
20230807,1773338795278330 ,SA,,,1/1/00 0:00,4.7876,2.2547,4/8/23 22:23,0.54,Non-Auction Ads,Promote
20230807,1773338920644600 ,SA,,,1/1/00 0:00,12.8212,1.745,4/8/23 22:23,0.54,Non-Auction Ads,Promote
20230807,1773339244977150 ,SA,,,1/1/00 0:00,0,4.6211,4/8/23 22:28,0.54,Non-Auction Ads,Promote
20230807,1773344952181760 ,US,,,1/1/00 0:00,23.91,34.545,5/8/23 0:00,0.54,Non-Auction Ads,Promote
20230807,1773339258429440 ,SA,,,1/1/00 0:00,3.9128,5.0865,4/8/23 22:30,0.54,Non-Auction Ads,Promote
20230807,1773339258429440 ,SA,,,1/1/00 0:00,3.9128,5.0865,4/8/23 22:30,0.54,Non-Auction Ads,Promote
20230807,1773339440412670 ,SA,,,1/1/00 0:00,4.8354,5.0065,4/8/23 22:32,0.54,Non-Auction Ads,Promote
20230807,1773339598877690 ,SA,,,1/1/00 0:00,0,4.8109,4/8/23 22:34,0.54,Non-Auction Ads,Promote
20230807,1773339021633540 ,EG,,,1/1/00 0:00,3.398,1.0713,4/8/23 22:26,0.54,Non-Auction Ads,Promote
20230807,1773339134284800 ,EG,,,1/1/00 0:00,0,1.0713,4/8/23 22:28,0.54,Non-Auction Ads,Promote
20230807,1773340483088380 ,SA,,,1/1/00 0:00,5.1046,5.0865,4/8/23 22:50,0.54,Non-Auction Ads,Promote
20230807,1773339992745990 ,CA,,,1/1/00 0:00,3.6417,2.8405,4/8/23 22:40,1.53,RIE,Promote Report Recall
20230807,1773340229115900 ,SA,,,1/1/00 0:00,6.816,2.6659,4/8/23 22:43,0.54,Non-Auction Ads,Promote
20230807,1773341241012230 ,US,,,1/1/00 0:00,56.83,9.7415,4/8/23 23:01,0.54,Non-Auction Ads,Promote
20230807,1773340269124610 ,BR,,,1/1/00 0:00,6.0366,2.2628,4/8/23 22:46,0.54,Non-Auction Ads,Promote
20230807,1773340160563200 ,SA,,,1/1/00 0:00,8.6821,2.5037,4/8/23 22:46,0.54,Non-Auction Ads,Promote
20230807,1773339436931070 ,TR,,,1/1/00 0:00,0,0.2212,4/8/23 22:34,1.53,RIE,Promote Report Recall
20230807,1773340785143810 ,SA,,,1/1/00 0:00,5.7205,3.8778,4/8/23 22:55,0.54,Non-Auction Ads,Promote
20230807,1773340650752060 ,SA,,,1/1/00 0:00,7.3516,3.3524,4/8/23 22:51,0.54,Non-Auction Ads,Promote
20230807,1773340570705920 ,SA,,,1/1/00 0:00,0,2.6086,4/8/23 22:50,0.54,Non-Auction Ads,Promote
20230807,1773341166345210 ,SA,,,1/1/00 0:00,19.9704,5.6663,4/8/23 22:59,0.54,Non-Auction Ads,Promote
20230807,1773341367306240 ,US,,,1/1/00 0:00,21.79,8.3775,4/8/23 23:04,0.54,Non-Auction Ads,Promote
20230807,1773346294215680 ,SG,,,1/1/00 0:00,0.0448,36.7756,5/8/23 0:20,0.54,Non-Auction Ads,Promote
20230807,1773341027717120 ,SA,,,1/1/00 0:00,0,2.6969,4/8/23 22:57,0.54,Non-Auction Ads,Promote
20230807,1773341107354620 ,QA,,,1/1/00 0:00,6.6486,3.3211,4/8/23 22:59,0.54,Non-Auction Ads,Promote
20230807,1773343325530110 ,US,,,1/1/00 0:00,32.47,16.5322,4/8/23 23:33,0.54,Non-Auction Ads,Promote
20230807,1773341061666810 ,PH,,,1/1/00 0:00,0.0866,1.2445,4/8/23 22:58,1.53,RIE,Promote Report Recall
20230807,1773341007698940 ,TR,,,1/1/00 0:00,3.5187,0.2713,4/8/23 22:57,0.54,Non-Auction Ads,Promote
20230807,1773313959824410 ,VN,VN,,1/1/00 0:00,10.1738,2.5203,4/8/23 23:00,2.14,Auction Ads,auction_relation
20230807,1773313695945760 ,VN,VN,,1/1/00 0:00,17.2202,2.5203,4/8/23 23:00,2.14,Auction Ads,auction_relation
20230807,1773341084919800 ,PH,,,1/1/00 0:00,4.3469,0.8094,4/8/23 22:58,0.54,Non-Auction Ads,Promote
20230807,1773342796127230 ,AE,,,1/1/00 0:00,0,10.7087,4/8/23 23:25,0.54,Non-Auction Ads,Promote
20230807,1773347001827330 ,US,,,1/1/00 0:00,28.88,38.06,5/8/23 0:34,0.54,Non-Auction Ads,Promote
20230807,1773341380226050 ,ID,,,1/1/00 0:00,4.1728,3.6746,4/8/23 23:03,0.54,Non-Auction Ads,Promote
20230807,1773314159235070 ,VN,VN,,1/1/00 0:00,17.557,2.5203,4/8/23 23:00,2.14,Auction Ads,auction_relation
20230807,1773341922324480 ,MA,Other,,1/1/00 0:00,8.55,3.5525,4/8/23 23:05,1.62,RIE,Ad Group Recall (Merged)
20230807,1773342927476730 ,SA,,,1/1/00 0:00,0,8.8772,4/8/23 23:27,0.54,Non-Auction Ads,Promote
20230807,1773342857875470 ,PK,Other,,1/1/00 0:00,48.88,7.7784,4/8/23 23:18,1.62,RIE,Ad Group Recall (Merged)
20230807,1773342979787770 ,SA,,,1/1/00 0:00,0,8.8772,4/8/23 23:28,0.54,Non-Auction Ads,Promote
20230807,1773342063176700 ,SA,,,1/1/00 0:00,0,6.4095,4/8/23 23:14,0.54,Non-Auction Ads,Promote
20230807,1773343066490880 ,SA,,,1/1/00 0:00,0,8.8772,4/8/23 23:30,0.54,Non-Auction Ads,Promote
20230807,1773341468497920 ,VN,,,1/1/00 0:00,0,0.9416,4/8/23 23:05,0.54,Non-Auction Ads,Promote
20230807,1773341943631880 ,BR,BR,,1/1/00 0:00,2.9137,1.7754,4/8/23 23:06,1.7,RIE,Ad Group Recall (Merged)
20230807,1773341723763710 ,MY,,,1/1/00 0:00,11.6203,1.8549,4/8/23 23:08,0.54,Non-Auction Ads,Promote
20230807,1773341833837560 ,AE,,,1/1/00 0:00,0,2.6624,4/8/23 23:10,0.54,Non-Auction Ads,Promote
20230807,1773341785910270 ,IL,,,1/1/00 0:00,1.223,1.9789,4/8/23 23:09,0.54,Non-Auction Ads,Promote
20230807,1773341566618620 ,VN,,,1/1/00 0:00,1.9436,0.5705,4/8/23 23:07,1.53,RIE,Promote Report Recall
20230807,1773341876651010 ,ID,,,1/1/00 0:00,6.2697,2.0421,4/8/23 23:11,0.54,Non-Auction Ads,Promote
20230807,1773341685920760 ,ID,,,1/1/00 0:00,4.8632,0.6589,4/8/23 23:09,0.54,Non-Auction Ads,Promote
20230807,1773342094486520 ,SA,,,1/1/00 0:00,0,2.6969,4/8/23 23:13,0.54,Non-Auction Ads,Promote
20230807,1773342049159160 ,SA,,,1/1/00 0:00,7.6881,2.8513,4/8/23 23:13,0.54,Non-Auction Ads,Promote
20230807,1773341926445050 ,VN,,,1/1/00 0:00,1.1738,0.6356,4/8/23 23:11,0.54,Non-Auction Ads,Promote
20230807,1773343726412840 ,BR,BR,,1/1/00 0:00,4.5789,5.3894,4/8/23 23:32,1.99,Auction Ads,auction_all
20230807,1773344969591810 ,SA,,,1/1/00 0:00,11.859,16.3488,5/8/23 0:01,0.54,Non-Auction Ads,Promote
20230807,1773340715226160 ,IQ,Other,,1/1/00 0:00,21.89,2.4504,4/8/23 23:30,1.62,RIE,Ad Group Recall (Merged)
20230807,1773338335347710 ,BR,,,1/1/00 0:00,1.6786,1.0785,4/8/23 23:30,1.53,RIE,Promote Report Recall
20230807,1773321103374330 ,TH,,,1/1/00 0:00,41.978,25.5113,5/8/23 0:29,1.53,RIE,Promote Report Recall
20230807,1773344277514240 ,SA,,,1/1/00 0:00,0,7.7298,4/8/23 23:49,0.54,Non-Auction Ads,Promote
20230807,1773356319397900 ,US,US&CA,,1/1/00 0:00,986.95,94.823,5/8/23 3:53,1.81,RIE,Ad Group Recall (Merged)
20230807,1773343204854790 ,TR,,,1/1/00 0:00,0,1.2176,4/8/23 23:31,0.54,Non-Auction Ads,Promote
20230807,1773343238376450 ,TR,,,1/1/00 0:00,0,1.8499,4/8/23 23:32,0.54,Non-Auction Ads,Promote
20230807,1773343365058560 ,IT,,,1/1/00 0:00,8.3205,3.0812,4/8/23 23:35,0.54,Non-Auction Ads,Promote
20230807,1773344009056300 ,US,US&CA,,1/1/00 0:00,49.67,26.9749,5/8/23 0:41,1.81,RIE,Ad Group Recall (Merged)
20230807,1773343234502650 ,KH,,,1/1/00 0:00,4.885,1.6468,4/8/23 23:32,1.53,RIE,Promote Report Recall
20230807,1773344379352060 ,BR,BR,,1/1/00 0:00,6.8275,5.3894,4/8/23 23:45,1.99,Auction Ads,auction_all
20230807,1773343392093180 ,TR,,,1/1/00 0:00,0.4589,1.4651,4/8/23 23:35,0.54,Non-Auction Ads,Promote
20230807,1773343777505280 ,PH,,,1/1/00 0:00,4.7527,2.0363,4/8/23 23:40,0.54,Non-Auction Ads,Promote
20230807,1773343798960130 ,PH,,,1/1/00 0:00,3.6652,2.4714,4/8/23 23:42,0.54,Non-Auction Ads,Promote
20230807,1773343545688130 ,EG,,,1/1/00 0:00,2.6034,0.6246,4/8/23 23:37,0.54,Non-Auction Ads,Promote
20230807,1773343704484860 ,TH,,,1/1/00 0:00,5.8302,1.0176,4/8/23 23:40,0.54,Non-Auction Ads,Promote
20230807,1773343847713790 ,GR,,,1/1/00 0:00,4.8428,1.7519,4/8/23 23:42,0.54,Non-Auction Ads,Promote
20230807,1773344703616000 ,SA,,,1/1/00 0:00,5.3684,5.4992,4/8/23 23:58,0.54,Non-Auction Ads,Promote
20230807,1773344389085180 ,IL,,,1/1/00 0:00,3.2728,4.5114,4/8/23 23:52,0.54,Non-Auction Ads,Promote
20230807,1773344389085180 ,IL,,,1/1/00 0:00,3.2728,4.5114,4/8/23 23:52,0.54,Non-Auction Ads,Promote
20230807,1773343772469250 ,EG,,,1/1/00 0:00,0,0.3751,4/8/23 23:41,0.54,Non-Auction Ads,Promote
20230807,1773344469771260 ,SA,,,1/1/00 0:00,0,2.8523,4/8/23 23:51,0.54,Non-Auction Ads,Promote
20230807,1773345336105980 ,BR,BR,,1/1/00 0:00,9.0614,5.3894,5/8/23 0:00,1.99,Auction Ads,auction_all
20230807,1773344434827260 ,VN,,,1/1/00 0:00,0,2.1865,4/8/23 23:51,0.54,Non-Auction Ads,Promote
20230807,1773345019622430 ,MY,MY,,1/1/00 0:00,10.82,6.3212,5/8/23 0:01,2.3,RIE,Ad Group Recall (Merged)
20230807,1773344623822840 ,ID,,,1/1/00 0:00,7.1551,0.9325,4/8/23 23:54,0.54,Non-Auction Ads,Promote
20230807,1773347659592710 ,US,,,1/1/00 0:00,37.98,17.8732,5/8/23 0:43,0.54,Non-Auction Ads,Promote
20230807,1773345008848890 ,ID,,,1/1/00 0:00,6.6795,0.659,5/8/23 0:00,0.54,Non-Auction Ads,Promote
20230807,1773345610753020 ,BR,BR,,1/1/00 0:00,8.8653,5.3894,5/8/23 0:07,1.99,Auction Ads,auction_all
20230807,1773346306917370 ,SA,,,1/1/00 0:00,7.6662,10.272,5/8/23 0:24,0.54,Non-Auction Ads,Promote
20230807,1773345180697600 ,SA,,,1/1/00 0:00,0,2.1864,5/8/23 0:02,0.54,Non-Auction Ads,Promote
20230807,1773345282924540 ,SA,,,1/1/00 0:00,6.4345,2.3799,5/8/23 0:04,0.54,Non-Auction Ads,Promote
20230807,1773345817500680 ,RO,Other,,1/1/00 0:00,15.92,4.9368,5/8/23 0:13,1.62,RIE,Ad Group Recall (Merged)
20230807,1773341871451150 ,AE,MENA,,1/1/00 0:00,37.96,0.705,5/8/23 0:02,1.78,Auction Ads,auction_relation
20230807,1773345627532280 ,SA,,,1/1/00 0:00,0,3.6432,5/8/23 0:10,0.54,Non-Auction Ads,Promote
20230807,1773345960046590 ,BR,,,1/1/00 0:00,8.3103,6.1104,5/8/23 0:17,0.54,Non-Auction Ads,Promote
20230807,1773346215358470 ,CA,,,1/1/00 0:00,25.0627,6.3401,5/8/23 0:19,0.54,Non-Auction Ads,Promote
20230807,1773301248774140 ,SA,,,1/1/00 0:00,69.0836,17.205,5/8/23 0:54,1.53,RIE,Promote Report Recall
20230807,1773345383695360 ,SA,,,1/1/00 0:00,0,2.3543,5/8/23 0:06,0.54,Non-Auction Ads,Promote
20230807,1773345306948620 ,TR,,,1/1/00 0:00,1.3264,1.7154,5/8/23 0:05,0.54,Non-Auction Ads,Promote
20230807,1773346587968530 ,US,,,1/1/00 0:00,32.31,7.3552,5/8/23 0:25,0.54,Non-Auction Ads,Promote
20230807,1773346527406080 ,ID,,,1/1/00 0:00,5.0222,7.5273,5/8/23 0:26,0.54,Non-Auction Ads,Promote
20230807,1773345919356930 ,VN,,,1/1/00 0:00,0,3.6811,5/8/23 0:14,0.54,Non-Auction Ads,Promote
20230807,1773345781953530 ,SA,,,1/1/00 0:00,0,2.3561,5/8/23 0:13,0.54,Non-Auction Ads,Promote
20230807,1773345710723070 ,SA,,,1/1/00 0:00,6.2959,2.8527,5/8/23 0:14,0.54,Non-Auction Ads,Promote
20230807,1773342402476040 ,AE,MENA,,1/1/00 0:00,34.64,0.705,5/8/23 0:11,1.78,Auction Ads,auction_relation
20230807,1773345268278270 ,SA,MENA,,1/1/00 0:00,32.8771,13.1906,5/8/23 0:52,1.67,RIE,Ad Group Recall (Merged)
20230807,1773345268278270 ,SA,MENA,,1/1/00 0:00,32.8771,13.1906,5/8/23 0:52,1.67,RIE,Ad Group Recall (Merged)
20230807,1773346376367150 ,US,,,1/1/00 0:00,5.41,2.952,5/8/23 0:22,1.53,RIE,Promote Report Recall
20230807,1773346441556990 ,SA,,,1/1/00 0:00,19.419,3.1555,5/8/23 0:24,0.54,Non-Auction Ads,Promote
20230807,1773346246401030 ,EG,,,1/1/00 0:00,0.924,0.3699,5/8/23 0:21,1.53,RIE,Promote Report Recall
20230807,1773348146913280 ,US,,,1/1/00 0:00,21.68,8.7002,5/8/23 0:50,0.54,Non-Auction Ads,Promote
20230807,1773346536451070 ,US,,,1/1/00 0:00,5.23,2.9984,5/8/23 0:27,0.54,Non-Auction Ads,Promote
20230807,1773353141661690 ,SG,,,1/1/00 0:00,30.3536,31.382,5/8/23 2:10,0.54,Non-Auction Ads,Promote
20230807,1773346960045050 ,VN,,,1/1/00 0:00,0,3.4761,5/8/23 0:31,0.54,Non-Auction Ads,Promote
20230807,1773347115720700 ,BR,,,1/1/00 0:00,7.174,3.4678,5/8/23 0:33,0.54,Non-Auction Ads,Promote
20230807,1773346370816000 ,VN,,,1/1/00 0:00,5.9906,0.9721,5/8/23 0:26,0.54,Non-Auction Ads,Promote
20230807,1773351851168770 ,SA,,,1/1/00 0:00,0.5785,23.1684,5/8/23 1:48,0.54,Non-Auction Ads,Promote
20230807,1773348688342020 ,GB,,,1/1/00 0:00,8.6066,8.8298,5/8/23 0:59,0.54,Non-Auction Ads,Promote
20230807,1773347469452290 ,BR,,,1/1/00 0:00,7.0813,2.1269,5/8/23 0:39,0.54,Non-Auction Ads,Promote
20230807,1773346214701080 ,TR,TR,,1/1/00 0:00,3.7368,12.8465,5/8/23 1:15,1.63,RIE,Ad Group Recall (Merged)
20230807,1773347405127700 ,EG,,,1/1/00 0:00,0,0.5221,5/8/23 0:38,1.53,RIE,Promote Report Recall
20230807,1773345342240780 ,MA,Other,,1/1/00 0:00,19.96,7.9338,5/8/23 1:03,1.62,RIE,Ad Group Recall (Merged)
20230807,1773351313689600 ,US,,,1/1/00 0:00,30.64,18.59,5/8/23 1:40,0.54,Non-Auction Ads,Promote
20230807,1773347490373630 ,VN,,,1/1/00 0:00,7.8861,0.7561,5/8/23 0:40,0.54,Non-Auction Ads,Promote
20230807,1773347805663230 ,SA,,,1/1/00 0:00,8.6978,2.3819,5/8/23 0:45,0.54,Non-Auction Ads,Promote
20230807,1773347757222910 ,VN,,,1/1/00 0:00,2.8384,1.9576,5/8/23 0:44,0.54,Non-Auction Ads,Promote
20230807,1773349638776830 ,SA,,,1/1/00 0:00,1.2048,10.5557,5/8/23 1:14,0.54,Non-Auction Ads,Promote
20230807,1773347673804800 ,BR,,,1/1/00 0:00,3.3467,4.1696,5/8/23 0:55,0.54,Non-Auction Ads,Promote
20230807,1773348657911800 ,KW,Other,,1/1/00 0:00,19.97,2.6896,5/8/23 0:53,1.62,RIE,Ad Group Recall (Merged)
20230807,1773347773171710 ,ID,,,1/1/00 0:00,2.1155,0.933,5/8/23 0:46,1.53,RIE,Promote Report Recall
20230807,1772557174069290 ,AU,AU,,1/1/00 0:00,255.5448,520.7222,5/8/23 14:01,1.84,Auction Ads,auction_relation
20230807,1773348564867070 ,PT,,,1/1/00 0:00,0,1.5002,5/8/23 0:57,1.53,RIE,Promote Report Recall
20230807,1773348754145280 ,SA,,,1/1/00 0:00,8.5646,1.6948,5/8/23 0:59,0.54,Non-Auction Ads,Promote
20230807,1773348871700480 ,SA,,,1/1/00 0:00,10.5771,3.2791,5/8/23 1:03,1.53,RIE,Promote Report Recall
20230807,1773348806050810 ,SA,,,1/1/00 0:00,5.1044,1.9637,5/8/23 1:02,0.54,Non-Auction Ads,Promote
20230807,1773349046437890 ,SA,,,1/1/00 0:00,2.5855,3.5054,5/8/23 1:06,0.54,Non-Auction Ads,Promote
20230807,1773351554611200 ,SA,,,1/1/00 0:00,0.1067,13.8082,5/8/23 1:45,0.54,Non-Auction Ads,Promote
20230807,1773349329037370 ,SA,,,1/1/00 0:00,0,2.8124,5/8/23 1:08,0.54,Non-Auction Ads,Promote
20230807,1773349127937020 ,VN,,,1/1/00 0:00,6.8986,1.536,5/8/23 1:05,0.54,Non-Auction Ads,Promote
20230807,1773349118538750 ,ID,,,1/1/00 0:00,0.9609,0.9018,5/8/23 1:05,1.53,RIE,Promote Report Recall
20230807,1773349358978050 ,ID,,,1/1/00 0:00,22.0696,2.4808,5/8/23 1:09,0.54,Non-Auction Ads,Promote
20230807,1773349377047550 ,MY,,,1/1/00 0:00,0.1142,2.6873,5/8/23 1:09,0.54,Non-Auction Ads,Promote
20230807,1773353604724730 ,VN,VN,,1/1/00 0:00,,20.699,5/8/23 2:16,2.13,RIE,Ad Group Recall (Merged)
20230807,1773350771448830 ,SA,,,1/1/00 0:00,0.1013,7.3638,5/8/23 1:35,0.54,Non-Auction Ads,Promote
20230807,1773349385141240 ,VN,,,1/1/00 0:00,0,1.0205,5/8/23 1:11,0.54,Non-Auction Ads,Promote
20230807,1773350057560060 ,ID,,,1/1/00 0:00,3.8476,2.7704,5/8/23 1:22,0.54,Non-Auction Ads,Promote
20230807,1773349994346490 ,TH,,,1/1/00 0:00,9.4088,0.88,5/8/23 1:19,0.54,Non-Auction Ads,Promote
20230807,1773350228857850 ,SA,,,1/1/00 0:00,0.1279,2.8819,5/8/23 1:23,0.54,Non-Auction Ads,Promote
20230807,1773349946588160 ,VN,,,1/1/00 0:00,6.0509,0.3192,5/8/23 1:18,0.54,Non-Auction Ads,Promote
20230807,1773350185069570 ,SA,,,1/1/00 0:00,0.064,2.3241,5/8/23 1:23,0.54,Non-Auction Ads,Promote
20230807,1773350065104890 ,TH,,,1/1/00 0:00,14.0725,0.9669,5/8/23 1:21,1.53,RIE,Promote Report Recall
20230807,1773350154886210 ,VN,,,1/1/00 0:00,0.1067,1.7722,5/8/23 1:22,0.54,Non-Auction Ads,Promote
20230807,1773350396683260 ,VN,,,1/1/00 0:00,3.7871,2.4536,5/8/23 1:25,0.54,Non-Auction Ads,Promote
20230807,1773350468940800 ,MY,,,1/1/00 0:00,11.1377,2.7815,5/8/23 1:27,0.54,Non-Auction Ads,Promote
20230807,1773358246240260 ,US,,,1/1/00 0:00,93.09,45.5818,5/8/23 3:30,1.53,RIE,Promote Report Recall
20230807,1773350959610880 ,BR,,,1/1/00 0:00,3.2379,1.727,5/8/23 1:34,1.53,RIE,Promote Report Recall
20230807,1773351184043010 ,EG,,,1/1/00 0:00,2.976,2.9923,5/8/23 1:39,0.54,Non-Auction Ads,Promote
20230807,1773351078136830 ,SA,,,1/1/00 0:00,0.0027,0.9466,5/8/23 1:36,1.53,RIE,Promote Report Recall
20230807,1773354965267450 ,SA,MENA,,1/1/00 0:00,26.7118,19.6278,5/8/23 2:36,1.67,RIE,Ad Group Recall (Merged)
20230807,1773356876739610 ,SG,Other,,1/1/00 0:00,125.3098,30.9623,5/8/23 3:06,1.62,RIE,Ad Group Recall (Merged)
20230807,1773356007451650 ,SA,,,1/1/00 0:00,25.5787,25.6062,5/8/23 2:57,0.54,Non-Auction Ads,Promote
20230807,1773351138334720 ,TR,,,1/1/00 0:00,2.2362,0.6865,5/8/23 1:38,0.54,Non-Auction Ads,Promote
20230807,1773353748015130 ,BR,BR,,1/1/00 0:00,188.98,13.0168,5/8/23 2:16,1.7,RIE,Ad Group Recall (Merged)
20230807,1773353748015130 ,BR,BR,,1/1/00 0:00,188.98,13.0168,5/8/23 2:16,1.7,RIE,Ad Group Recall (Merged)
20230807,1773351264412670 ,VN,,,1/1/00 0:00,6.2641,0.924,5/8/23 1:40,0.54,Non-Auction Ads,Promote
20230807,1773351704744960 ,VN,,,1/1/00 0:00,6.1512,3.2789,5/8/23 1:48,0.54,Non-Auction Ads,Promote
20230807,1773352565435420 ,SA,MENA,,1/1/00 0:00,0.95,4.0959,5/8/23 2:00,1.67,RIE,Ad Group Recall (Merged)
20230807,1773351469195260 ,VN,,,1/1/00 0:00,0.1081,0.4006,5/8/23 1:42,0.54,Non-Auction Ads,Promote
20230807,1773351462940670 ,VN,,,1/1/00 0:00,0.0924,0.5665,5/8/23 1:43,0.54,Non-Auction Ads,Promote
20230807,1773352441337860 ,CA,,,1/1/00 0:00,4.9275,2.2125,5/8/23 1:58,1.53,RIE,Promote Report Recall
20230807,1773351608892410 ,KH,,,1/1/00 0:00,1.7041,0.377,5/8/23 1:45,0.54,Non-Auction Ads,Promote
20230807,1773352679319570 ,VN,VN,,1/1/00 0:00,,2.803,5/8/23 2:01,2.14,Auction Ads,auction_relation
20230807,1773352806844410 ,SA,,,1/1/00 0:00,0.3652,3.1562,5/8/23 2:04,0.54,Non-Auction Ads,Promote
20230807,1773351805699070 ,VN,,,1/1/00 0:00,2.1246,0.7589,5/8/23 1:49,0.54,Non-Auction Ads,Promote
20230807,1773352975873020 ,SA,,,1/1/00 0:00,5.4996,4.3342,5/8/23 2:07,0.54,Non-Auction Ads,Promote
20230807,1773352776877050 ,MY,,,1/1/00 0:00,5.491,2.9165,5/8/23 2:05,0.54,Non-Auction Ads,Promote
20230807,1773352848790530 ,ID,,,1/1/00 0:00,10.4271,1.8406,5/8/23 2:04,0.54,Non-Auction Ads,Promote
20230807,1773353938653180 ,AE,,,1/1/00 0:00,0.2,10.3933,5/8/23 2:22,0.54,Non-Auction Ads,Promote
20230807,1773353023058940 ,PH,,,1/1/00 0:00,17.9973,2.1534,5/8/23 2:07,0.54,Non-Auction Ads,Promote
20230807,1773352989345790 ,VN,,,1/1/00 0:00,4.1557,3.0267,5/8/23 2:07,0.54,Non-Auction Ads,Promote
20230807,1773355159695360 ,VN,VN,,1/1/00 0:00,16.4647,13.1525,5/8/23 2:38,2.14,Auction Ads,auction_relation
20230807,1773353386997760 ,US,,,1/1/00 0:00,5.04,3.83,5/8/23 2:14,1.53,RIE,Promote Report Recall
20230807,1773358463219730 ,VN,VN,,1/1/00 0:00,266.16,37.7865,5/8/23 3:35,2.13,RIE,Ad Group Recall (Merged)
20230807,1773353704704000 ,US,,,1/1/00 0:00,5.71,5.5824,5/8/23 2:18,1.53,RIE,Promote Report Recall
20230807,1773355859802110 ,SA,,,1/1/00 0:00,1.6767,15.6886,5/8/23 2:53,0.54,Non-Auction Ads,Promote
20230807,1773353185127420 ,BR,,,1/1/00 0:00,5.8094,2.8008,5/8/23 2:14,0.54,Non-Auction Ads,Promote
20230807,1773353185127420 ,BR,,,1/1/00 0:00,5.8094,2.8008,5/8/23 2:14,0.54,Non-Auction Ads,Promote
20230807,1773353642142720 ,US,,,1/1/00 0:00,5.94,4.53,5/8/23 2:21,1.53,RIE,Promote Report Recall
20230807,1773353177826300 ,EG,,,1/1/00 0:00,0.1919,0.483,5/8/23 2:11,0.54,Non-Auction Ads,Promote
20230807,1773353761091580 ,SA,,,1/1/00 0:00,6.9785,3.3081,5/8/23 2:20,0.54,Non-Auction Ads,Promote
20230807,1773367667916830 ,ID,ID,,1/1/00 0:00,105.07,95.8457,5/8/23 5:56,2.05,RIE,Ad Group Recall (Merged)
20230807,1773353961952250 ,VN,,,1/1/00 0:00,2.7997,2.5812,5/8/23 2:22,0.54,Non-Auction Ads,Promote
20230807,1773353959714880 ,AE,MENA,,1/1/00 0:00,0.81,2.9676,5/8/23 2:22,1.67,RIE,Ad Group Recall (Merged)
20230807,1773354540803070 ,SA,,,1/1/00 0:00,0,4.8348,5/8/23 2:31,0.54,Non-Auction Ads,Promote
20230807,1773354091936760 ,VN,,,1/1/00 0:00,5.9551,1.9019,5/8/23 2:24,0.54,Non-Auction Ads,Promote
20230807,1773354578705400 ,VN,,,1/1/00 0:00,2.9087,1.9814,5/8/23 2:32,0.54,Non-Auction Ads,Promote
20230807,1773354192970750 ,PH,,,1/1/00 0:00,5.8499,1.0222,5/8/23 2:27,0.54,Non-Auction Ads,Promote
20230807,1773354458063920 ,VN,VN,,1/1/00 0:00,,0.5753,5/8/23 2:24,2.14,Auction Ads,auction_relation
20230807,1773354566489090 ,KW,,,1/1/00 0:00,5.863,2.1426,5/8/23 2:33,0.54,Non-Auction Ads,Promote
20230807,1773354825794560 ,VN,,,1/1/00 0:00,5.8452,1.9416,5/8/23 2:35,0.54,Non-Auction Ads,Promote
20230807,1773366248980510 ,BR,BR,,1/1/00 0:00,174.3,82.9425,5/8/23 5:37,1.7,RIE,Ad Group Recall (Merged)
20230807,1773355040228350 ,MY,,,1/1/00 0:00,9.6074,3.2027,5/8/23 2:43,0.54,Non-Auction Ads,Promote
20230807,1773355443769340 ,PH,,,1/1/00 0:00,8.3387,4.2008,5/8/23 2:46,0.54,Non-Auction Ads,Promote
20230807,1773354759092220 ,PH,,,1/1/00 0:00,9.4892,1.1873,5/8/23 2:36,0.54,Non-Auction Ads,Promote
20230807,1773356338217980 ,SA,,,1/1/00 0:00,1.21,9.395,5/8/23 3:01,0.54,Non-Auction Ads,Promote
20230807,1773355135864830 ,VN,,,1/1/00 0:00,2.5115,2.169,5/8/23 2:41,0.54,Non-Auction Ads,Promote
20230807,1773355445923840 ,ID,,,1/1/00 0:00,0.6911,3.2638,5/8/23 2:46,0.54,Non-Auction Ads,Promote
20230807,1773354857426940 ,VN,,,1/1/00 0:00,2.8822,0.4109,5/8/23 2:37,0.54,Non-Auction Ads,Promote
20230807,1773356714359810 ,US,,,1/1/00 0:00,26.22,10.4413,5/8/23 3:08,0.54,Non-Auction Ads,Promote
20230807,1773355648187440 ,ID,ID,,1/1/00 0:00,0.319,0.2979,5/8/23 2:44,1.8,Auction Ads,auction_relation
20230807,1773359143277580 ,TW,TW,,1/1/00 0:00,76.89,25.5932,5/8/23 3:43,0.95,Auction Ads,auction_relation
20230807,1773355791862780 ,SA,,,1/1/00 0:00,0.6025,0.8496,5/8/23 2:52,1.53,RIE,Promote Report Recall
20230807,1773356153248760 ,ID,,,1/1/00 0:00,0.6987,3.0899,5/8/23 2:58,0.54,Non-Auction Ads,Promote
20230807,1773356103133180 ,MY,,,1/1/00 0:00,5.0077,2.2285,5/8/23 2:57,0.54,Non-Auction Ads,Promote
20230807,1773355976043520 ,VN,,,1/1/00 0:00,0.2552,0.4438,5/8/23 2:54,0.54,Non-Auction Ads,Promote
20230807,1773167451095050 ,BR,BR,,1/1/00 0:00,,3.1761,5/8/23 3:00,1.99,Auction Ads,auction_all
20230807,1773354473928720 ,TR,TR,,1/1/00 0:00,14.96,17.4906,5/8/23 3:28,1.63,RIE,Ad Group Recall (Merged)
20230807,1773356138969080 ,VN,,,1/1/00 0:00,0.6666,0.4992,5/8/23 2:56,0.54,Non-Auction Ads,Promote
20230807,1773356343315470 ,US,,,1/1/00 0:00,0.3,4.1067,5/8/23 3:01,0.54,Non-Auction Ads,Promote
20230807,1773355935843370 ,BR,BR,,1/1/00 0:00,3.9526,2.4088,5/8/23 3:00,1.7,RIE,Ad Group Recall (Merged)
20230807,1773357905787900 ,TH,TH,,1/1/00 0:00,15.0886,12.16,5/8/23 3:20,1.64,Auction Ads,auction_relation
20230807,1773355799709730 ,BR,BR,,1/1/00 0:00,21.6294,2.4614,5/8/23 3:01,1.7,RIE,Ad Group Recall (Merged)
20230807,1773338543862830 ,IT,IT,,1/1/00 0:00,20.5461,9.039,5/8/23 3:13,1.79,RIE,Ad Group Recall (Merged)
20230807,1773365531064330 ,TH,TH,,1/1/00 0:00,128.74,51.366,5/8/23 4:52,1.87,RIE,Ad Group Recall (Merged)
20230807,1773356737327100 ,EG,,,1/1/00 0:00,0.1919,5.3692,5/8/23 3:09,0.54,Non-Auction Ads,Promote
20230807,1773354933240860 ,TR,TR,,1/1/00 0:00,14.88,17.4906,5/8/23 3:35,1.63,RIE,Ad Group Recall (Merged)
20230807,1773356593261570 ,SA,,,1/1/00 0:00,6.8162,1.6588,5/8/23 3:04,0.54,Non-Auction Ads,Promote
20230807,1773356514442240 ,SA,,,1/1/00 0:00,0.5784,1.0978,5/8/23 3:02,1.53,RIE,Promote Report Recall
20230807,1773356412681210 ,VN,,,1/1/00 0:00,7.0057,0.5122,5/8/23 3:01,0.54,Non-Auction Ads,Promote
20230807,1773362924537890 ,MY,MY,,1/1/00 0:00,25.8908,43.7766,5/8/23 4:39,2.3,RIE,Ad Group Recall (Merged)
20230807,1773356643845120 ,PH,,,1/1/00 0:00,3.4754,0.779,5/8/23 3:06,0.54,Non-Auction Ads,Promote
20230807,1773358300605440 ,AU,,,1/1/00 0:00,34.121,13.3724,5/8/23 3:32,0.54,Non-Auction Ads,Promote
20230807,1773352901917720 ,KR,KR,,1/1/00 0:00,0,3.2318,5/8/23 3:10,2.37,Auction Ads,auction_relation
20230807,1773357040949240 ,VN,,,1/1/00 0:00,11.784,2.104,5/8/23 3:12,0.54,Non-Auction Ads,Promote
20230807,1773357116085250 ,ID,,,1/1/00 0:00,3.4834,2.7921,5/8/23 3:14,0.54,Non-Auction Ads,Promote
20230807,1773357612978210 ,TW,TW,,1/1/00 0:00,14.17,4.4083,5/8/23 3:20,2.59,RIE,Ad Group Recall (Merged)
20230807,1773357007970300 ,TH,,,1/1/00 0:00,14.313,0.1922,5/8/23 3:12,0.54,Non-Auction Ads,Promote
20230807,1773357731581950 ,PH,,,1/1/00 0:00,31.1008,3.9099,5/8/23 3:22,1.53,RIE,Promote Report Recall
20230807,1773357349724160 ,EG,,,1/1/00 0:00,5.7854,2.1381,5/8/23 3:17,0.54,Non-Auction Ads,Promote
20230807,1773357323483130 ,VN,,,1/1/00 0:00,4.5882,1.2684,5/8/23 3:16,0.54,Non-Auction Ads,Promote
20230807,1773357435505660 ,VN,,,1/1/00 0:00,11.8045,2.104,5/8/23 3:17,0.54,Non-Auction Ads,Promote
20230807,1773357275809790 ,ID,,,1/1/00 0:00,3.9394,0.484,5/8/23 3:16,0.54,Non-Auction Ads,Promote
20230807,1773357845860350 ,ID,,,1/1/00 0:00,10.1536,5.1779,5/8/23 3:27,0.54,Non-Auction Ads,Promote
20230807,1773357845860350 ,ID,,,1/1/00 0:00,10.1536,5.1779,5/8/23 3:27,0.54,Non-Auction Ads,Promote
20230807,1773357811217410 ,BR,,,1/1/00 0:00,0.9726,2.9663,5/8/23 3:25,0.54,Non-Auction Ads,Promote
20230807,1773357902918650 ,SA,,,1/1/00 0:00,1.1649,2.7853,5/8/23 3:25,0.54,Non-Auction Ads,Promote
20230807,1773357757034500 ,ES,,,1/1/00 0:00,6.0641,1.3045,5/8/23 3:23,0.54,Non-Auction Ads,Promote
20230807,1773357909895160 ,SA,,,1/1/00 0:00,1.3435,1.9426,5/8/23 3:26,0.54,Non-Auction Ads,Promote
20230807,1773358046676990 ,SA,,,1/1/00 0:00,1.3648,3.402,5/8/23 3:28,0.54,Non-Auction Ads,Promote
20230807,1773358420153340 ,MY,,,1/1/00 0:00,1.179,7.0939,5/8/23 3:35,0.54,Non-Auction Ads,Promote
20230807,1773357516957690 ,TH,,,1/1/00 0:00,10.9459,10.2367,5/8/23 3:47,0.54,Non-Auction Ads,Promote
20230807,1773362237651970 ,US,,,1/1/00 0:00,0.76,29.3357,5/8/23 4:35,0.54,Non-Auction Ads,Promote
20230807,1773357902773240 ,MY,,,1/1/00 0:00,0.4194,0.5508,5/8/23 3:27,1.53,RIE,Promote Report Recall
20230807,1773372644086780 ,JP,JP,,1/1/00 0:00,201.6947,119.3526,5/8/23 7:17,2.16,Auction Ads,auction_all
20230807,1773358303219710 ,ID,,,1/1/00 0:00,1.0936,3.9854,5/8/23 3:34,0.54,Non-Auction Ads,Promote
20230807,1773358391909370 ,MY,,,1/1/00 0:00,8.7512,3.2402,5/8/23 3:32,0.54,Non-Auction Ads,Promote
20230807,1773359907434500 ,US,,,1/1/00 0:00,54.71,11.0593,5/8/23 3:56,0.54,Non-Auction Ads,Promote
20230807,1773358261628920 ,SA,,,1/1/00 0:00,4.9766,1.4935,5/8/23 3:31,0.54,Non-Auction Ads,Promote
20230807,1773358084303870 ,VN,,,1/1/00 0:00,0,0.643,5/8/23 3:28,0.54,Non-Auction Ads,Promote
20230807,1773363878891520 ,US,,,1/1/00 0:00,45.12,44.66,5/8/23 5:01,0.54,Non-Auction Ads,Promote
20230807,1773361267062780 ,KH,KH,,1/1/00 0:00,24.7,16.6225,5/8/23 4:16,1.5,Auction Ads,auction_relation
20230807,1773361267062780 ,KH,KH,,1/1/00 0:00,24.7,16.6225,5/8/23 4:16,1.5,Auction Ads,auction_relation
20230807,1773358526519290 ,ID,,,1/1/00 0:00,0.8405,2.1806,5/8/23 3:34,0.54,Non-Auction Ads,Promote
20230807,1773358630781950 ,ID,,,1/1/00 0:00,3.8507,2.1806,5/8/23 3:36,0.54,Non-Auction Ads,Promote
20230807,1773360924000270 ,FR,FR,,1/1/00 0:00,0,5.5905,5/8/23 3:52,1.76,RIE,Ad Group Recall (Merged)
20230807,1773358652590080 ,SA,,,1/1/00 0:00,0.4239,1.4722,5/8/23 3:36,0.54,Non-Auction Ads,Promote
20230807,1773358966239230 ,VN,,,1/1/00 0:00,1.3257,1.6155,5/8/23 3:43,0.54,Non-Auction Ads,Promote
20230807,1773360473747450 ,VN,,,1/1/00 0:00,9.1015,9.1641,5/8/23 4:06,0.54,Non-Auction Ads,Promote
20230807,1773359134585850 ,VN,,,1/1/00 0:00,9.0178,1.8013,5/8/23 3:45,0.54,Non-Auction Ads,Promote
20230807,1773360132325370 ,SA,,,1/1/00 0:00,0,6.3981,5/8/23 4:01,0.54,Non-Auction Ads,Promote
20230807,1773359047577600 ,KH,,,1/1/00 0:00,0.3428,0.8098,5/8/23 3:44,0.54,Non-Auction Ads,Promote
20230807,1773359472299000 ,VN,,,1/1/00 0:00,14.3242,2.4084,5/8/23 3:50,0.54,Non-Auction Ads,Promote
20230807,1773359364795390 ,EG,,,1/1/00 0:00,4.9957,1.5421,5/8/23 3:49,0.54,Non-Auction Ads,Promote
20230807,1773359607270400 ,VN,,,1/1/00 0:00,1.1369,1.6977,5/8/23 3:51,0.54,Non-Auction Ads,Promote
20230807,1773361335511040 ,US,,,1/1/00 0:00,3.3,12.3972,5/8/23 4:21,0.54,Non-Auction Ads,Promote
20230807,1773359631010810 ,ID,,,1/1/00 0:00,5.5571,1.5788,5/8/23 3:52,0.54,Non-Auction Ads,Promote
20230807,1773360195261440 ,TR,,,1/1/00 0:00,3.4646,2.8655,5/8/23 4:01,0.54,Non-Auction Ads,Promote
20230807,1773360081961980 ,TH,,,1/1/00 0:00,5.1117,1.6799,5/8/23 3:59,0.54,Non-Auction Ads,Promote
20230807,1773355511776260 ,EG,,,1/1/00 0:00,0.4681,0.9366,5/8/23 3:57,0.54,Non-Auction Ads,Promote
20230807,1773360128985080 ,SA,,,1/1/00 0:00,0.6398,3.3817,5/8/23 4:04,0.54,Non-Auction Ads,Promote
20230807,1773361249171450 ,SA,,,1/1/00 0:00,1.6713,9.1256,5/8/23 4:19,0.54,Non-Auction Ads,Promote
20230807,1773361680114690 ,US,,,1/1/00 0:00,57.37,12.4868,5/8/23 4:26,0.54,Non-Auction Ads,Promote
20230807,1773360498515970 ,SA,,,1/1/00 0:00,2.0207,3.6083,5/8/23 4:07,0.54,Non-Auction Ads,Promote
20230807,1773356642141180 ,US,US&CA,,1/1/00 0:00,,2.226,5/8/23 4:04,1.81,RIE,Ad Group Recall (Merged)
20230807,1773360159226880 ,SA,,,1/1/00 0:00,0.3091,1.6263,5/8/23 4:01,0.54,Non-Auction Ads,Promote
20230807,1773349557398540 ,AE,MENA,,1/1/00 0:00,0,3.435,5/8/23 4:10,1.67,RIE,Ad Group Recall (Merged)
20230807,1773360766349310 ,MY,,,1/1/00 0:00,2.9223,2.8882,5/8/23 4:11,1.53,RIE,Promote Report Recall
20230807,1773360720338940 ,VN,,,1/1/00 0:00,0.6378,1.0675,5/8/23 4:10,0.54,Non-Auction Ads,Promote
20230807,1773360787176450 ,TH,,,1/1/00 0:00,15.9144,1.597,5/8/23 4:10,0.54,Non-Auction Ads,Promote
20230807,1773360598181890 ,ID,,,1/1/00 0:00,1.1033,0.3108,5/8/23 4:09,1.53,RIE,Promote Report Recall
20230807,1773366941880320 ,US,,,1/1/00 0:00,5.45,48.275,5/8/23 5:49,0.54,Non-Auction Ads,Promote
20230807,1773357612987390 ,US,US&CA,,1/1/00 0:00,129.96,4.3105,5/8/23 4:18,1.81,RIE,Ad Group Recall (Merged)
20230807,1773361357301760 ,TR,,,1/1/00 0:00,0,4.8527,5/8/23 4:20,1.53,RIE,Promote Report Recall
20230807,1773361124981760 ,MY,,,1/1/00 0:00,9.0518,2.6734,5/8/23 4:17,0.54,Non-Auction Ads,Promote
20230807,1773361543488510 ,SA,,,1/1/00 0:00,3.1427,6.8526,5/8/23 4:24,0.54,Non-Auction Ads,Promote
20230807,1773361227489280 ,TH,,,1/1/00 0:00,6.7438,2.9181,5/8/23 4:17,0.54,Non-Auction Ads,Promote
20230807,1773361031719930 ,ID,,,1/1/00 0:00,6.5313,0.9157,5/8/23 4:14,0.54,Non-Auction Ads,Promote
20230807,1773365376958480 ,KR,KR,,1/1/00 0:00,96.8283,37.1039,5/8/23 5:24,2.18,RIE,Ad Group Recall (Merged)
20230807,1773361488254970 ,TH,,,1/1/00 0:00,15.4578,2.3837,5/8/23 4:21,1.53,RIE,Promote Report Recall
20230807,1773361537920000 ,PH,,,1/1/00 0:00,5.6557,2.845,5/8/23 4:24,0.54,Non-Auction Ads,Promote
20230807,1773362937756720 ,ID,ID,,1/1/00 0:00,19.84,11.8542,5/8/23 4:38,2.05,RIE,Ad Group Recall (Merged)
20230807,1773361537195010 ,TH,,,1/1/00 0:00,1.4632,1.3331,5/8/23 4:24,1.53,RIE,Promote Report Recall
20230807,1773361587594280 ,VN,VN,,1/1/00 0:00,,0.3758,5/8/23 4:22,2.14,Auction Ads,auction_relation
20230807,1773359786271770 ,TH,TH,,1/1/00 0:00,11.055,23.491,5/8/23 5:00,1.87,RIE,Ad Group Recall (Merged)
20230807,1773361651452920 ,JP,,,1/1/00 0:00,2.08,1.5081,5/8/23 4:25,1.53,RIE,Promote Report Recall
20230807,1773362069579770 ,PH,,,1/1/00 0:00,26.6377,3.6232,5/8/23 4:31,1.53,RIE,Promote Report Recall
20230807,1773364399902750 ,JP,JP,,1/1/00 0:00,32.2109,25.929,5/8/23 5:08,3.21,RIE,Ad Group Recall (Merged)
20230807,1773361924127740 ,TH,,,1/1/00 0:00,15.5382,1.597,5/8/23 4:28,0.54,Non-Auction Ads,Promote
20230807,1773361818532860 ,ID,,,1/1/00 0:00,3.5467,3.2198,5/8/23 4:31,0.54,Non-Auction Ads,Promote
20230807,1773361760728060 ,VN,,,1/1/00 0:00,0.6032,1.0614,5/8/23 4:27,0.54,Non-Auction Ads,Promote
20230807,1773361969787900 ,MY,,,1/1/00 0:00,1.9847,2.2931,5/8/23 4:29,0.54,Non-Auction Ads,Promote
20230807,1773361929921530 ,VN,,,1/1/00 0:00,0.5967,1.4143,5/8/23 4:28,0.54,Non-Auction Ads,Promote
20230807,1773362227597310 ,VN,,,1/1/00 0:00,3.2004,2.5147,5/8/23 4:34,0.54,Non-Auction Ads,Promote
20230807,1773362276390910 ,VN,,,1/1/00 0:00,13.5379,4.3575,5/8/23 4:35,0.54,Non-Auction Ads,Promote
20230807,1773362110414840 ,ID,,,1/1/00 0:00,4.7448,2.0179,5/8/23 4:34,0.54,Non-Auction Ads,Promote
20230807,1773361738381310 ,BR,,,1/1/00 0:00,8.202,1.9096,5/8/23 4:35,0.54,Non-Auction Ads,Promote
20230807,1773362386788350 ,ID,ID,,1/1/00 0:00,73.47,1.4879,5/8/23 4:35,1.8,Auction Ads,auction_relation
20230807,1773358446807040 ,ID,,,1/1/00 0:00,2.0673,1.9677,5/8/23 4:36,0.54,Non-Auction Ads,Promote
20230807,1773362387794940 ,PH,,,1/1/00 0:00,3.3103,2.9945,5/8/23 4:37,0.54,Non-Auction Ads,Promote
20230807,1773362305188860 ,MY,,,1/1/00 0:00,1.9254,1.6974,5/8/23 4:36,0.54,Non-Auction Ads,Promote
20230807,1773362343844860 ,ID,,,1/1/00 0:00,0.2634,1.3619,5/8/23 4:37,1.53,RIE,Promote Report Recall
20230807,1773363267836920 ,SA,,,1/1/00 0:00,0,6.2643,5/8/23 4:51,0.54,Non-Auction Ads,Promote
20230807,1773362470019090 ,ID,,,1/1/00 0:00,0.2022,0.5809,5/8/23 4:38,1.53,RIE,Promote Report Recall
20230807,1773362807831550 ,CA,,,1/1/00 0:00,12.5092,2.642,5/8/23 4:43,1.53,RIE,Promote Report Recall
20230807,1772886067497000 ,US,US&CA,,1/1/00 0:00,137.77,13.7604,5/8/23 5:00,1.81,RIE,Ad Group Recall (Merged)
20230807,1773363033906180 ,VN,,,1/1/00 0:00,0.83,2.9826,5/8/23 4:46,0.54,Non-Auction Ads,Promote
20230807,1773362630763520 ,VN,,,1/1/00 0:00,6.1065,0.7379,5/8/23 4:40,0.54,Non-Auction Ads,Promote
20230807,1773362648647680 ,ID,,,1/1/00 0:00,5.172,0.8318,5/8/23 4:41,0.54,Non-Auction Ads,Promote
20230807,1773363407054860 ,TH,TH,,1/1/00 0:00,1.742,2.7996,5/8/23 4:47,1.64,Auction Ads,auction_relation
20230807,1773362894510080 ,KH,,,1/1/00 0:00,1.8882,1.0194,5/8/23 4:45,0.54,Non-Auction Ads,Promote
20230807,1773363442116610 ,VN,,,1/1/00 0:00,13.4852,4.3575,5/8/23 4:53,0.54,Non-Auction Ads,Promote
20230807,1773362973830150 ,AE,,,1/1/00 0:00,9.5,2.5059,5/8/23 4:47,0.54,Non-Auction Ads,Promote
20230807,1773362942003200 ,ID,,,1/1/00 0:00,7.6836,0.5593,5/8/23 4:47,0.54,Non-Auction Ads,Promote
20230807,1773363621721080 ,SA,,,1/1/00 0:00,0,3.8031,5/8/23 4:55,0.54,Non-Auction Ads,Promote
20230807,1773363543356460 ,ID,ID,,1/1/00 0:00,12.6,3.1168,5/8/23 4:53,2.05,RIE,Ad Group Recall (Merged)
20230807,1773363380104190 ,VN,,,1/1/00 0:00,1.3462,1.063,5/8/23 4:52,0.54,Non-Auction Ads,Promote
20230807,1773333899873290 ,US,US&CA,,1/1/00 0:00,2.28,9.3261,5/8/23 5:00,1.81,RIE,Ad Group Recall (Merged)
20230807,1773334091672610 ,CA,US&CA,,1/1/00 0:00,292.83,9.3261,5/8/23 5:00,1.81,RIE,Ad Group Recall (Merged)
20230807,1773333899873290 ,CA,US&CA,,1/1/00 0:00,2.28,9.3261,5/8/23 5:00,1.81,RIE,Ad Group Recall (Merged)
20230807,1773363629105150 ,VN,,,1/1/00 0:00,9.6856,2.5728,5/8/23 4:55,0.54,Non-Auction Ads,Promote
20230807,1773363644615680 ,VN,,,1/1/00 0:00,5.1074,3.1141,5/8/23 4:57,0.54,Non-Auction Ads,Promote
20230807,1773363271321600 ,VN,,,1/1/00 0:00,6.362,0.3831,5/8/23 4:53,0.54,Non-Auction Ads,Promote
20230807,1773363618582530 ,TR,,,1/1/00 0:00,1.4301,1.1497,5/8/23 4:57,0.54,Non-Auction Ads,Promote
20230807,1773363694180350 ,KH,,,1/1/00 0:00,2.087,0.6407,5/8/23 4:58,0.54,Non-Auction Ads,Promote
20230807,1773363857138690 ,VN,,,1/1/00 0:00,1.3867,0.8606,5/8/23 4:59,0.54,Non-Auction Ads,Promote
20230807,1773328704418860 ,SA,MENA,,1/1/00 0:00,4.45,4.9072,5/8/23 5:00,1.67,RIE,Ad Group Recall (Merged)
20230807,1773327034751010 ,SA,MENA,,1/1/00 0:00,31.52,4.9072,5/8/23 5:00,1.67,RIE,Ad Group Recall (Merged)
20230807,1773344701588520 ,SA,MENA,,1/1/00 0:00,16.8,4.4797,5/8/23 5:00,1.67,RIE,Ad Group Recall (Merged)
20230807,1773336631264250 ,IT,IT,,1/1/00 0:00,0.89,4.2416,5/8/23 5:00,1.79,RIE,Ad Group Recall (Merged)
20230807,1773335434466300 ,DE,DE,,1/1/00 0:00,30.02,4.2416,5/8/23 5:00,1.6,RIE,Ad Group Recall (Merged)
20230807,1773332873042940 ,FR,FR,,1/1/00 0:00,19.13,4.2416,5/8/23 5:00,1.76,RIE,Ad Group Recall (Merged)
20230807,1773392999640090 ,VN,VN,,1/1/00 0:00,1229.03,345.7911,5/8/23 12:39,2.13,RIE,Ad Group Recall (Merged)
20230807,1773397951256570 ,EC,Other,,1/1/00 0:00,1610.45,197.3445,5/8/23 9:55,1.62,RIE,Ad Group Recall (Merged)
20230807,1773364253473790 ,MY,,,1/1/00 0:00,7.9259,5.8102,5/8/23 5:07,0.54,Non-Auction Ads,Promote
20230807,1773363901939710 ,VN,,,1/1/00 0:00,1.8449,1.6911,5/8/23 5:01,0.54,Non-Auction Ads,Promote
20230807,1773365281434620 ,MY,,,1/1/00 0:00,2.5598,9.9162,5/8/23 5:23,0.54,Non-Auction Ads,Promote
20230807,1773363932800000 ,MY,,,1/1/00 0:00,6.2923,0.3973,5/8/23 5:00,0.54,Non-Auction Ads,Promote
20230807,1773364160637950 ,VN,,,1/1/00 0:00,1.0829,1.507,5/8/23 5:04,0.54,Non-Auction Ads,Promote
20230807,1773364243910650 ,VN,,,1/1/00 0:00,2.6334,1.6889,5/8/23 5:07,0.54,Non-Auction Ads,Promote
20230807,1773364295623680 ,ID,,,1/1/00 0:00,5.481,1.943,5/8/23 5:07,0.54,Non-Auction Ads,Promote
20230807,1773365733819390 ,AE,,,1/1/00 0:00,1.1544,10.0405,5/8/23 5:30,0.54,Non-Auction Ads,Promote
20230807,1773366316828670 ,SA,MENA,,1/1/00 0:00,4.1,11.6372,5/8/23 5:36,1.67,RIE,Ad Group Recall (Merged)
20230807,1773366316828670 ,AE,MENA,,1/1/00 0:00,4.1,11.6372,5/8/23 5:36,1.67,RIE,Ad Group Recall (Merged)
20230807,1773364331422720 ,ID,,,1/1/00 0:00,7.3705,1.2745,5/8/23 5:11,0.54,Non-Auction Ads,Promote
20230807,1773364711475200 ,VN,,,1/1/00 0:00,0,1.5232,5/8/23 5:13,0.54,Non-Auction Ads,Promote
20230807,1773364902853630 ,TH,,,1/1/00 0:00,10.6279,2.6143,5/8/23 5:16,0.54,Non-Auction Ads,Promote
20230807,1773364778120190 ,TH,,,1/1/00 0:00,6.6303,2.0408,5/8/23 5:15,0.54,Non-Auction Ads,Promote
20230807,1773364667617280 ,HU,,,1/1/00 0:00,4.8082,0.568,5/8/23 5:13,0.54,Non-Auction Ads,Promote
20230807,1773364651643900 ,EG,,,1/1/00 0:00,0,0.4339,5/8/23 5:14,0.54,Non-Auction Ads,Promote
20230807,1773365002278910 ,AE,,,1/1/00 0:00,9.9185,2.8881,5/8/23 5:19,0.54,Non-Auction Ads,Promote
20230807,1773365011890170 ,IL,,,1/1/00 0:00,7.3667,2.4288,5/8/23 5:18,0.54,Non-Auction Ads,Promote
20230807,1773391007569960 ,KR,KR,,1/1/00 0:00,388.7687,312.9937,5/8/23 12:09,2.18,RIE,Ad Group Recall (Merged)
20230807,1773365028208640 ,VN,,,1/1/00 0:00,1.2955,1.2331,5/8/23 5:18,0.54,Non-Auction Ads,Promote
20230807,1773365000193020 ,KH,,,1/1/00 0:00,0.1017,0.2031,5/8/23 5:17,0.54,Non-Auction Ads,Promote
20230807,1773365195884540 ,ID,,,1/1/00 0:00,5.1295,2.6619,5/8/23 5:22,0.54,Non-Auction Ads,Promote
20230807,1773365132172290 ,VN,,,1/1/00 0:00,2.4779,1.7755,5/8/23 5:19,0.54,Non-Auction Ads,Promote
20230807,1773365210429470 ,GR,,,1/1/00 0:00,3.3786,1.1113,5/8/23 5:21,0.54,Non-Auction Ads,Promote
20230807,1773365245592570 ,ID,,,1/1/00 0:00,6.982,1.1888,5/8/23 5:23,0.54,Non-Auction Ads,Promote
20230807,1773366465473580 ,US,US&CA,,1/1/00 0:00,12.63,7.2727,5/8/23 5:40,1.81,RIE,Ad Group Recall (Merged)
20230807,1773365431907330 ,KW,,,1/1/00 0:00,1.6207,2.8884,5/8/23 5:26,0.54,Non-Auction Ads,Promote
20230807,1773365500500990 ,VN,,,1/1/00 0:00,0,2.4139,5/8/23 5:25,0.54,Non-Auction Ads,Promote
20230807,1773365343985660 ,VN,,,1/1/00 0:00,0.9398,1.7061,5/8/23 5:24,0.54,Non-Auction Ads,Promote
20230807,1773361210807330 ,TH,TH,,1/1/00 0:00,5.7007,14.1847,5/8/23 5:58,1.64,Auction Ads,auction_relation
20230807,1773366651213870 ,ID,ID,,1/1/00 0:00,6.9177,2.8772,5/8/23 5:34,1.8,Auction Ads,auction_relation
20230807,1773365690805250 ,VN,,,1/1/00 0:00,0,0.6572,5/8/23 5:29,0.54,Non-Auction Ads,Promote
20230807,1773366037190720 ,VN,,,1/1/00 0:00,8.2206,1.334,5/8/23 5:35,0.54,Non-Auction Ads,Promote
20230807,1773368025041920 ,ID,,,1/1/00 0:00,55.2497,18.7324,5/8/23 6:08,1.53,RIE,Promote Report Recall
20230807,1773366559137790 ,SA,,,1/1/00 0:00,3.1694,4.3747,5/8/23 5:43,0.54,Non-Auction Ads,Promote
20230807,1773363404205100 ,FR,FR,,1/1/00 0:00,5.263,4.8297,5/8/23 5:49,1.76,RIE,Ad Group Recall (Merged)
20230807,1773366014990330 ,MY,,,1/1/00 0:00,0.9483,1.0357,5/8/23 5:36,1.53,RIE,Promote Report Recall
20230807,1773366652406780 ,VN,,,1/1/00 0:00,11.2549,3.918,5/8/23 5:44,0.54,Non-Auction Ads,Promote
20230807,1773366479520770 ,SA,,,1/1/00 0:00,0,2.2517,5/8/23 5:42,0.54,Non-Auction Ads,Promote
20230807,1773366190909440 ,ID,,,1/1/00 0:00,0.9422,0.1254,5/8/23 5:36,0.54,Non-Auction Ads,Promote
20230807,1773367192291330 ,KW,,,1/1/00 0:00,2.1518,5.8948,5/8/23 5:53,0.54,Non-Auction Ads,Promote
20230807,1773366332439550 ,VN,,,1/1/00 0:00,0.917,1.4792,5/8/23 5:40,0.54,Non-Auction Ads,Promote
20230807,1773365574413330 ,TH,TH,,1/1/00 0:00,4.045,14.1847,5/8/23 6:05,1.64,Auction Ads,auction_relation
20230807,1773347619139580 ,US,US&CA,,1/1/00 0:00,0,9.1505,5/8/23 6:00,1.81,RIE,Ad Group Recall (Merged)
20230807,1773347619145720 ,US,US&CA,,1/1/00 0:00,0,9.1505,5/8/23 6:00,1.81,RIE,Ad Group Recall (Merged)
20230807,1773347619128360 ,US,US&CA,,1/1/00 0:00,0,9.1505,5/8/23 6:00,1.81,RIE,Ad Group Recall (Merged)
20230807,1773347178609710 ,US,US&CA,,1/1/00 0:00,,9.1505,5/8/23 6:00,1.81,RIE,Ad Group Recall (Merged)
20230807,1773367895092220 ,KW,,,1/1/00 0:00,2.0403,11.9915,5/8/23 6:05,0.54,Non-Auction Ads,Promote
20230807,1773362943317020 ,SA,MENA,,1/1/00 0:00,0,1.4697,5/8/23 5:50,1.67,RIE,Ad Group Recall (Merged)
20230807,1773366997201920 ,KH,,,1/1/00 0:00,1.5205,1.4886,5/8/23 5:51,0.54,Non-Auction Ads,Promote
20230807,1773369900339200 ,US,,,1/1/00 0:00,40.23,31.9758,5/8/23 6:36,0.54,Non-Auction Ads,Promote
20230807,1773367398469630 ,TH,,,1/1/00 0:00,1.3736,4.0829,5/8/23 5:57,0.54,Non-Auction Ads,Promote
20230807,1773367235806210 ,VN,,,1/1/00 0:00,1.0468,1.1071,5/8/23 5:53,0.54,Non-Auction Ads,Promote
20230807,1773367542174720 ,VN,,,1/1/00 0:00,1.5253,5.1351,5/8/23 5:59,0.54,Non-Auction Ads,Promote
20230807,1773367267283960 ,VN,,,1/1/00 0:00,11.8967,1.7165,5/8/23 5:56,0.54,Non-Auction Ads,Promote
20230807,1773363641947130 ,US,US&CA,,1/1/00 0:00,7.93,2.226,5/8/23 5:56,1.81,RIE,Ad Group Recall (Merged)
20230807,1773363641947130 ,CA,US&CA,,1/1/00 0:00,7.93,2.226,5/8/23 5:56,1.81,RIE,Ad Group Recall (Merged)
20230807,1773367440555000 ,PH,,,1/1/00 0:00,4.4803,0.9747,5/8/23 5:56,0.54,Non-Auction Ads,Promote
20230807,1773367511895040 ,VN,,,1/1/00 0:00,2.2225,2.0836,5/8/23 5:57,0.54,Non-Auction Ads,Promote
20230807,1773334760671230 ,ES,ES,,1/1/00 0:00,6.45,15.2215,5/8/23 6:17,1.79,RIE,Ad Group Recall (Merged)
20230807,1773367681801210 ,KW,,,1/1/00 0:00,2.2583,3.3217,5/8/23 6:01,0.54,Non-Auction Ads,Promote
20230807,1773367718875140 ,US,,,1/1/00 0:00,2.4,3.6948,5/8/23 6:02,1.53,RIE,Promote Report Recall
20230807,1773367418546170 ,EG,,,1/1/00 0:00,0.3812,3.8935,5/8/23 6:02,0.54,Non-Auction Ads,Promote
20230807,1773367851020290 ,PH,,,1/1/00 0:00,4.94,0.9078,5/8/23 6:02,0.54,Non-Auction Ads,Promote
20230807,1773367915919360 ,TH,,,1/1/00 0:00,12.0049,1.4619,5/8/23 6:04,0.54,Non-Auction Ads,Promote
20230807,1773367795187710 ,TH,,,1/1/00 0:00,12.7354,0.3393,5/8/23 6:03,0.54,Non-Auction Ads,Promote
20230807,1773367991865340 ,SA,,,1/1/00 0:00,2.2259,2.3613,5/8/23 6:06,0.54,Non-Auction Ads,Promote
20230807,1773368175458310 ,IT,,,1/1/00 0:00,8.6178,4.2828,5/8/23 6:09,0.54,Non-Auction Ads,Promote
20230807,1773368186697760 ,ID,ID,,1/1/00 0:00,12.1626,2.2327,5/8/23 6:06,1.8,Auction Ads,auction_relation
20230807,1773367839235070 ,KH,,,1/1/00 0:00,2.3229,0.2848,5/8/23 6:04,0.54,Non-Auction Ads,Promote
20230807,1773364332715040 ,US,US&CA,,1/1/00 0:00,0,2.226,5/8/23 6:06,1.81,RIE,Ad Group Recall (Merged)
20230807,1773369356713980 ,ID,,,1/1/00 0:00,9.3747,15.5613,5/8/23 6:28,0.54,Non-Auction Ads,Promote
20230807,1773368221391870 ,PH,,,1/1/00 0:00,4.9425,3.0143,5/8/23 6:10,0.54,Non-Auction Ads,Promote
20230807,1773368628243460 ,ES,,,1/1/00 0:00,11.2469,5.9953,5/8/23 6:16,0.54,Non-Auction Ads,Promote
20230807,1773368337060860 ,PH,,,1/1/00 0:00,0.9948,2.454,5/8/23 6:11,0.54,Non-Auction Ads,Promote
20230807,1773368173663230 ,ID,,,1/1/00 0:00,5.8136,0.2354,5/8/23 6:08,0.54,Non-Auction Ads,Promote
20230807,1773368451397630 ,ID,,,1/1/00 0:00,6.9692,1.5997,5/8/23 6:13,0.54,Non-Auction Ads,Promote
20230807,1773368489077760 ,VN,,,1/1/00 0:00,2.3,1.899,5/8/23 6:13,0.54,Non-Auction Ads,Promote
20230807,1773369222948860 ,SA,,,1/1/00 0:00,9.9348,9.8805,5/8/23 6:24,0.54,Non-Auction Ads,Promote
20230807,1773368495318010 ,VN,,,1/1/00 0:00,0,1.2422,5/8/23 6:13,0.54,Non-Auction Ads,Promote
20230807,1773368587856890 ,TH,,,1/1/00 0:00,3.3461,2.1517,5/8/23 6:16,0.54,Non-Auction Ads,Promote
20230807,1773368452446210 ,KH,,,1/1/00 0:00,0.2511,1.6652,5/8/23 6:13,0.54,Non-Auction Ads,Promote
20230807,1773368577718270 ,IL,,,1/1/00 0:00,5.0571,3.36,5/8/23 6:16,0.54,Non-Auction Ads,Promote
20230807,1773368593530880 ,TH,,,1/1/00 0:00,7.8914,1.839,5/8/23 6:16,0.54,Non-Auction Ads,Promote
20230807,1773368676434940 ,SA,,,1/1/00 0:00,0,2.9997,5/8/23 6:17,0.54,Non-Auction Ads,Promote
20230807,1773368681835520 ,PH,,,1/1/00 0:00,4.1745,0.6276,5/8/23 6:16,0.54,Non-Auction Ads,Promote
20230807,1773369336372220 ,VN,,,1/1/00 0:00,2.5297,8.4239,5/8/23 6:27,0.54,Non-Auction Ads,Promote
20230807,1773187533181950 ,EG,,,1/1/00 0:00,9.5822,2.276,5/8/23 6:17,1.53,RIE,Promote Report Recall
20230807,1773368734299180 ,TH,TH,,1/1/00 0:00,60.66,36.2222,5/8/23 7:16,1.87,RIE,Ad Group Recall (Merged)
20230807,1773368773121020 ,SA,,,1/1/00 0:00,6.6,2.531,5/8/23 6:19,0.54,Non-Auction Ads,Promote
20230807,1773368970445820 ,SA,,,1/1/00 0:00,7.4103,3.436,5/8/23 6:21,0.54,Non-Auction Ads,Promote
20230807,1773368699214850 ,MY,,,1/1/00 0:00,4.5621,1.7181,5/8/23 6:17,1.53,RIE,Promote Report Recall
20230807,1773368906089470 ,ID,,,1/1/00 0:00,0.9173,0.9033,5/8/23 6:21,0.54,Non-Auction Ads,Promote
20230807,1773368961056770 ,VN,,,1/1/00 0:00,6.1257,0.3706,5/8/23 6:21,0.54,Non-Auction Ads,Promote
20230807,1773369101597690 ,SA,,,1/1/00 0:00,3.2145,3.1934,5/8/23 6:24,0.54,Non-Auction Ads,Promote
20230807,1773370286885890 ,TH,,,1/1/00 0:00,14.1236,12.7989,5/8/23 6:41,0.54,Non-Auction Ads,Promote
20230807,1773369090068480 ,SA,,,1/1/00 0:00,3.7959,1.348,5/8/23 6:24,0.54,Non-Auction Ads,Promote
20230807,1773370162599950 ,BE,Other,,1/1/00 0:00,27.14,6.6667,5/8/23 6:31,1.62,RIE,Ad Group Recall (Merged)
20230807,1773370326270970 ,TH,,,1/1/00 0:00,14.9951,12.7989,5/8/23 6:42,0.54,Non-Auction Ads,Promote
20230807,1773369126249470 ,VN,,,1/1/00 0:00,6.1387,0.3706,5/8/23 6:24,0.54,Non-Auction Ads,Promote
20230807,1773369250058240 ,VN,,,1/1/00 0:00,0,1.5791,5/8/23 6:25,0.54,Non-Auction Ads,Promote
20230807,1773369139909630 ,KH,,,1/1/00 0:00,2.4883,0.5299,5/8/23 6:24,0.54,Non-Auction Ads,Promote
20230807,1773368789503020 ,US,US&CA,,1/1/00 0:00,24.83,20.4183,5/8/23 6:57,1.81,RIE,Ad Group Recall (Merged)
20230807,1773369350038530 ,VN,,,1/1/00 0:00,0,3.3538,5/8/23 6:30,0.54,Non-Auction Ads,Promote
20230807,1773367549143040 ,VN,,,1/1/00 0:00,0,2.0719,5/8/23 6:28,0.54,Non-Auction Ads,Promote
20230807,1773369225001980 ,JP,,,1/1/00 0:00,0.7902,0.6296,5/8/23 6:25,1.53,RIE,Promote Report Recall
20230807,1773365579990010 ,VN,,,1/1/00 0:00,1.8994,0.5224,5/8/23 6:27,0.54,Non-Auction Ads,Promote
20230807,1773369869169660 ,SA,,,1/1/00 0:00,4.1689,5.9965,5/8/23 6:35,0.54,Non-Auction Ads,Promote
20230807,1773369506270200 ,VN,,,1/1/00 0:00,1.066,1.1071,5/8/23 6:29,0.54,Non-Auction Ads,Promote
20230807,1773369564004350 ,ID,,,1/1/00 0:00,1.4479,0.6005,5/8/23 6:31,1.53,RIE,Promote Report Recall
20230807,1773369648375810 ,EG,,,1/1/00 0:00,2.6529,0.5496,5/8/23 6:31,0.54,Non-Auction Ads,Promote
20230807,1773369693922360 ,TH,,,1/1/00 0:00,13.3026,1.749,5/8/23 6:32,0.54,Non-Auction Ads,Promote
20230807,1773369717895170 ,VN,,,1/1/00 0:00,2.4106,2.0755,5/8/23 6:32,0.54,Non-Auction Ads,Promote
20230807,1773370016579580 ,TH,,,1/1/00 0:00,25.6708,4.4689,5/8/23 6:38,0.54,Non-Auction Ads,Promote
20230807,1773369585685500 ,VN,,,1/1/00 0:00,6.2779,0.3839,5/8/23 6:31,0.54,Non-Auction Ads,Promote
20230807,1773369613029370 ,KH,,,1/1/00 0:00,4.0473,0.7715,5/8/23 6:32,0.54,Non-Auction Ads,Promote
20230807,1773370634792960 ,VN,VN,,1/1/00 0:00,,1.6852,5/8/23 6:32,2.14,Auction Ads,auction_relation
20230807,1773370252822520 ,SA,,,1/1/00 0:00,0,2.9967,5/8/23 6:41,0.54,Non-Auction Ads,Promote
20230807,1773370217375740 ,VN,,,1/1/00 0:00,4.5778,3.6771,5/8/23 6:41,0.54,Non-Auction Ads,Promote
20230807,1773370087966720 ,VN,,,1/1/00 0:00,3.2181,1.9587,5/8/23 6:38,0.54,Non-Auction Ads,Promote
20230807,1773369725396990 ,ID,,,1/1/00 0:00,3.53,0.2246,5/8/23 6:32,0.54,Non-Auction Ads,Promote
20230807,1773371181402160 ,AE,MENA,,1/1/00 0:00,13.52,11.9674,5/8/23 6:55,1.67,RIE,Ad Group Recall (Merged)
20230807,1773368129308670 ,CA,US&CA,,1/1/00 0:00,22.6177,14.6078,5/8/23 7:01,1.81,RIE,Ad Group Recall (Merged)
20230807,1773370668072960 ,IL,,,1/1/00 0:00,1.0013,6.0373,5/8/23 6:48,0.54,Non-Auction Ads,Promote
20230807,1773404916811800 ,NO,Others,,1/1/00 0:00,49.57,5.7286,5/8/23 6:49,1.56,Auction Ads,auction_all
20230807,1773404916811800 ,DK,DK,,1/1/00 0:00,49.57,5.7286,5/8/23 6:49,1.31,Auction Ads,auction_relation
20230807,1773370398145530 ,SA,,,1/1/00 0:00,1.9538,2.3543,5/8/23 6:44,0.54,Non-Auction Ads,Promote
20230807,1773370398145530 ,SA,,,1/1/00 0:00,1.9538,2.3543,5/8/23 6:44,0.54,Non-Auction Ads,Promote
20230807,1773370489109500 ,VN,,,1/1/00 0:00,6.0017,2.2033,5/8/23 6:45,0.54,Non-Auction Ads,Promote
20230807,1773370343126010 ,PH,,,1/1/00 0:00,4.9568,0.3337,5/8/23 6:42,0.54,Non-Auction Ads,Promote
20230807,1773370735964160 ,VN,,,1/1/00 0:00,1.61,2.9826,5/8/23 6:48,0.54,Non-Auction Ads,Promote
20230807,1773370468848640 ,ID,,,1/1/00 0:00,6.5918,0.4738,5/8/23 6:45,0.54,Non-Auction Ads,Promote
20230807,1773371737148410 ,JP,JP,,1/1/00 0:00,1.0512,8.7817,5/8/23 6:58,2.16,Auction Ads,auction_all
20230807,1773370792231950 ,RO,Other,,1/1/00 0:00,19.73,3.6756,5/8/23 6:49,1.62,RIE,Ad Group Recall (Merged)
20230807,1773370385640440 ,ID,,,1/1/00 0:00,3.3895,0.4538,5/8/23 6:46,0.54,Non-Auction Ads,Promote
20230807,1773370818085880 ,VN,,,1/1/00 0:00,2.2885,2.8397,5/8/23 6:50,0.54,Non-Auction Ads,Promote
20230807,1773343943271420 ,NO,Others,,1/1/00 0:00,7.2333,24.7006,5/8/23 7:30,1.56,Auction Ads,auction_all
20230807,1773343943271420 ,IE,IE,,1/1/00 0:00,7.2333,24.7006,5/8/23 7:30,1.52,Auction Ads,auction_relation
20230807,1773343943271420 ,RO,RO,,1/1/00 0:00,7.2333,24.7006,5/8/23 7:30,1.94,Auction Ads,auction_relation
20230807,1773370940297210 ,KH,,,1/1/00 0:00,4.6345,2.8799,5/8/23 6:52,0.54,Non-Auction Ads,Promote
20230807,1773370715599870 ,KH,,,1/1/00 0:00,1.8056,0.5147,5/8/23 6:49,0.54,Non-Auction Ads,Promote
20230807,1773370920930370 ,AE,,,1/1/00 0:00,0.893,2.9551,5/8/23 6:53,0.54,Non-Auction Ads,Promote
20230807,1773371143639040 ,SA,,,1/1/00 0:00,20.7542,4.5894,5/8/23 6:56,0.54,Non-Auction Ads,Promote
20230807,1773329670695980 ,BR,BR,,1/1/00 0:00,0,5.4028,5/8/23 7:00,1.7,RIE,Ad Group Recall (Merged)
20230807,1773370672376830 ,EG,,,1/1/00 0:00,0.5152,0.5656,5/8/23 6:51,0.54,Non-Auction Ads,Promote
20230807,1773370970935290 ,TR,,,1/1/00 0:00,0.4194,0.7419,5/8/23 6:53,0.54,Non-Auction Ads,Promote
20230807,1773370983808000 ,MY,,,1/1/00 0:00,1.0559,0.8822,5/8/23 6:54,1.53,RIE,Promote Report Recall
20230807,1773372493999160 ,VN,,,1/1/00 0:00,14.3747,12.2651,5/8/23 7:16,0.54,Non-Auction Ads,Promote
20230807,1773371095703550 ,ID,,,1/1/00 0:00,3.0995,0.6825,5/8/23 6:55,0.54,Non-Auction Ads,Promote
20230807,1773371347055610 ,PH,,,1/1/00 0:00,3.8839,1.7313,5/8/23 6:58,0.54,Non-Auction Ads,Promote
20230807,1773371665523710 ,PH,,,1/1/00 0:00,5.1872,2.1534,5/8/23 7:03,0.54,Non-Auction Ads,Promote
20230807,1773371553644540 ,TR,,,1/1/00 0:00,0.4454,1.1573,5/8/23 7:01,0.54,Non-Auction Ads,Promote
20230807,1773371774542850 ,VN,,,1/1/00 0:00,0,2.7728,5/8/23 7:05,0.54,Non-Auction Ads,Promote
20230807,1773372902347770 ,SA,,,1/1/00 0:00,33.7757,13.1083,5/8/23 7:25,1.53,RIE,Promote Report Recall
20230807,1773372057933870 ,US,US&CA,,1/1/00 0:00,0.65,1.659,5/8/23 7:04,1.81,RIE,Ad Group Recall (Merged)
20230807,1773371494014970 ,PH,,,1/1/00 0:00,4.5852,0.7594,5/8/23 7:02,0.54,Non-Auction Ads,Promote
20230807,1773371836517370 ,ID,,,1/1/00 0:00,2.6357,3.1559,5/8/23 7:08,0.54,Non-Auction Ads,Promote
20230807,1773371825713150 ,KH,,,1/1/00 0:00,1.6883,0.8502,5/8/23 7:07,0.54,Non-Auction Ads,Promote
20230807,1773371998321660 ,VN,,,1/1/00 0:00,3.2672,1.4385,5/8/23 7:10,1.53,RIE,Promote Report Recall
20230807,1773372309098490 ,MY,,,1/1/00 0:00,21.4693,3.1059,5/8/23 7:13,0.54,Non-Auction Ads,Promote
20230807,1773373049682940 ,NL,,,1/1/00 0:00,12.8327,11.5094,5/8/23 7:27,0.54,Non-Auction Ads,Promote
20230807,1773372050171900 ,PH,,,1/1/00 0:00,3.575,0.7594,5/8/23 7:10,0.54,Non-Auction Ads,Promote
20230807,1773372283004930 ,VN,,,1/1/00 0:00,2.1596,2.3832,5/8/23 7:14,0.54,Non-Auction Ads,Promote
20230807,1773368742324220 ,US,US&CA,,1/1/00 0:00,0,2.2074,5/8/23 7:16,1.81,RIE,Ad Group Recall (Merged)
20230807,1773372287785980 ,VN,,,1/1/00 0:00,2.032,0.8605,5/8/23 7:13,0.54,Non-Auction Ads,Promote
20230807,1773372462121980 ,VN,,,1/1/00 0:00,0,1.8381,5/8/23 7:16,0.54,Non-Auction Ads,Promote
20230807,1773372247878650 ,ID,,,1/1/00 0:00,1.4472,1.0847,5/8/23 7:16,0.54,Non-Auction Ads,Promote
20230807,1773372378289150 ,ID,,,1/1/00 0:00,7.5924,0.9239,5/8/23 7:16,0.54,Non-Auction Ads,Promote
20230807,1773372419656700 ,ID,,,1/1/00 0:00,6.0037,1.8055,5/8/23 7:16,0.54,Non-Auction Ads,Promote
20230807,1773372536827900 ,ID,,,1/1/00 0:00,3.6329,1.553,5/8/23 7:19,0.54,Non-Auction Ads,Promote
20230807,1773372635865090 ,PH,,,1/1/00 0:00,9.5213,1.2701,5/8/23 7:20,0.54,Non-Auction Ads,Promote
20230807,1773372604338170 ,KH,,,1/1/00 0:00,0.8272,0.6135,5/8/23 7:19,0.54,Non-Auction Ads,Promote
20230807,1773373296032770 ,TR,,,1/1/00 0:00,0.9147,7.7264,5/8/23 7:30,0.54,Non-Auction Ads,Promote
20230807,1773372857410560 ,VN,,,1/1/00 0:00,4.2775,1.8126,5/8/23 7:22,0.54,Non-Auction Ads,Promote
20230807,1773372845707260 ,SA,,,1/1/00 0:00,6.1254,2.3349,5/8/23 7:24,0.54,Non-Auction Ads,Promote
20230807,1773372721629240 ,ID,,,1/1/00 0:00,6.8877,0.2863,5/8/23 7:22,0.54,Non-Auction Ads,Promote
20230807,1773373013440510 ,PH,,,1/1/00 0:00,9.3396,0.7117,5/8/23 7:25,0.54,Non-Auction Ads,Promote
20230807,1773373145651200 ,ID,,,1/1/00 0:00,1.7859,1.8245,5/8/23 7:28,0.54,Non-Auction Ads,Promote
20230807,1773374338283520 ,SA,,,1/1/00 0:00,0,14.7889,5/8/23 7:46,0.54,Non-Auction Ads,Promote
20230807,1773373334844410 ,SA,,,1/1/00 0:00,3.628,4.9287,5/8/23 7:31,0.54,Non-Auction Ads,Promote
20230807,1773372951523330 ,VN,,,1/1/00 0:00,2.1919,0.613,5/8/23 7:27,0.54,Non-Auction Ads,Promote
20230807,1773373658852350 ,AE,,,1/1/00 0:00,3.0307,8.469,5/8/23 7:35,0.54,Non-Auction Ads,Promote
20230807,1773373225434110 ,TR,,,1/1/00 0:00,0.7111,1.6948,5/8/23 7:29,0.54,Non-Auction Ads,Promote
20230807,1773373579618300 ,MY,,,1/1/00 0:00,9.6094,7.9704,5/8/23 7:35,0.54,Non-Auction Ads,Promote
20230807,1773373373179900 ,VN,,,1/1/00 0:00,0,3.53,5/8/23 7:31,0.54,Non-Auction Ads,Promote
20230807,1773373262472190 ,ID,,,1/1/00 0:00,5.3203,2.6569,5/8/23 7:30,0.54,Non-Auction Ads,Promote
20230807,1773373503228920 ,SG,,,1/1/00 0:00,26.6578,5.644,5/8/23 7:33,0.54,Non-Auction Ads,Promote
20230807,1773375161353230 ,TW,TW,,1/1/00 0:00,5.7,17.4526,5/8/23 7:56,2.59,RIE,Ad Group Recall (Merged)
20230807,1773373436471290 ,VN,,,1/1/00 0:00,2.6315,1.9442,5/8/23 7:31,0.54,Non-Auction Ads,Promote
20230807,1773373440309250 ,SA,,,1/1/00 0:00,0,2.1102,5/8/23 7:31,0.54,Non-Auction Ads,Promote
20230807,1773373876244480 ,ID,,,1/1/00 0:00,6.874,5.711,5/8/23 7:38,0.54,Non-Auction Ads,Promote
20230807,1773373409204220 ,PH,,,1/1/00 0:00,2.0417,0.8656,5/8/23 7:32,0.54,Non-Auction Ads,Promote
20230807,1773372842600440 ,TR,,,1/1/00 0:00,0.5944,1.1709,5/8/23 7:32,0.54,Non-Auction Ads,Promote
20230807,1773374559749170 ,TR,TR,,1/1/00 0:00,20.82,4.0961,5/8/23 7:38,1.63,RIE,Ad Group Recall (Merged)
20230807,1773373480168450 ,PH,,,1/1/00 0:00,2.0047,0.8656,5/8/23 7:33,0.54,Non-Auction Ads,Promote
20230807,1773373465883650 ,ID,,,1/1/00 0:00,4.0096,0.325,5/8/23 7:33,0.54,Non-Auction Ads,Promote
20230807,1773373527358460 ,GR,,,1/1/00 0:00,1.2113,1.6395,5/8/23 7:35,0.54,Non-Auction Ads,Promote
20230807,1773374131198970 ,VN,,,1/1/00 0:00,0,4.8346,5/8/23 7:44,0.54,Non-Auction Ads,Promote
20230807,1773368304621580 ,US,US&CA,,1/1/00 0:00,,16.6078,5/8/23 8:00,1.81,RIE,Ad Group Recall (Merged)
20230807,1773373951746050 ,KW,,,1/1/00 0:00,6.4528,3.1063,5/8/23 7:41,0.54,Non-Auction Ads,Promote
20230807,1773373745662970 ,AE,,,1/1/00 0:00,1.3203,0.998,5/8/23 7:36,1.53,RIE,Promote Report Recall
20230807,1773373829017600 ,MY,,,1/1/00 0:00,6.5231,2.481,5/8/23 7:39,1.53,RIE,Promote Report Recall
20230807,1773373905235960 ,VN,,,1/1/00 0:00,2.9435,1.9255,5/8/23 7:39,1.53,RIE,Promote Report Recall
20230807,1773374314698750 ,SA,,,1/1/00 0:00,1.2315,4.2444,5/8/23 7:45,0.54,Non-Auction Ads,Promote
20230807,1773374209724410 ,SA,,,1/1/00 0:00,2.3084,5.2125,5/8/23 7:46,0.54,Non-Auction Ads,Promote
20230807,1773374323889150 ,TH,,,1/1/00 0:00,13.8439,3.903,5/8/23 7:45,0.54,Non-Auction Ads,Promote
20230807,1773374331197440 ,SA,,,1/1/00 0:00,1.0529,4.2444,5/8/23 7:45,0.54,Non-Auction Ads,Promote
20230807,1773374139552770 ,TH,,,1/1/00 0:00,20.9957,1.4283,5/8/23 7:43,0.54,Non-Auction Ads,Promote
20230807,1773374079792120 ,ID,,,1/1/00 0:00,1.2748,0.8586,5/8/23 7:43,0.54,Non-Auction Ads,Promote
20230807,1773374955860990 ,SA,,,1/1/00 0:00,3.084,9.7189,5/8/23 7:58,0.54,Non-Auction Ads,Promote
20230807,1773374437023740 ,AE,,,1/1/00 0:00,0.9175,4.9329,5/8/23 7:48,0.54,Non-Auction Ads,Promote
20230807,1773374284291070 ,ID,,,1/1/00 0:00,1.6342,2.2294,5/8/23 7:47,0.54,Non-Auction Ads,Promote
20230807,1773375058763780 ,DE,,,1/1/00 0:00,20.8993,9.9092,5/8/23 7:58,0.54,Non-Auction Ads,Promote
20230807,1773374288257020 ,VN,,,1/1/00 0:00,0,2.796,5/8/23 7:47,0.54,Non-Auction Ads,Promote
20230807,1773374259512320 ,VN,,,1/1/00 0:00,1.6689,1.8174,5/8/23 7:47,0.54,Non-Auction Ads,Promote
20230807,1773374259373050 ,TR,,,1/1/00 0:00,1.5051,1.7636,5/8/23 7:47,0.54,Non-Auction Ads,Promote
20230807,1773374824970240 ,SA,,,1/1/00 0:00,6.9493,4.4235,5/8/23 7:54,0.54,Non-Auction Ads,Promote
20230807,1773374451042300 ,VN,,,1/1/00 0:00,8.4802,1.334,5/8/23 7:48,0.54,Non-Auction Ads,Promote
20230807,1773374436199420 ,VN,,,1/1/00 0:00,0,1.5155,5/8/23 7:49,0.54,Non-Auction Ads,Promote
20230807,1773375075218430 ,SA,,,1/1/00 0:00,2.575,4.804,5/8/23 7:57,0.54,Non-Auction Ads,Promote
20230807,1773375016762360 ,VN,,,1/1/00 0:00,30.5822,4.9825,5/8/23 7:58,0.54,Non-Auction Ads,Promote
20230807,1773374682534910 ,MY,,,1/1/00 0:00,10.5291,2.3946,5/8/23 7:53,0.54,Non-Auction Ads,Promote
20230807,1773374529529850 ,VN,,,1/1/00 0:00,8.8583,1.334,5/8/23 7:50,0.54,Non-Auction Ads,Promote
20230807,1773374909791230 ,KW,,,1/1/00 0:00,6.3906,2.8158,5/8/23 7:57,0.54,Non-Auction Ads,Promote
20230807,1773375107525630 ,AU,,,1/1/00 0:00,22.7782,5.7019,5/8/23 7:59,0.54,Non-Auction Ads,Promote
20230807,1773373967250480 ,CA,US&CA,,1/1/00 0:00,198.29,28.3825,5/8/23 8:39,1.81,RIE,Ad Group Recall (Merged)
20230807,1773375052793850 ,AE,,,1/1/00 0:00,4.2418,2.7451,5/8/23 7:58,1.53,RIE,Promote Report Recall
20230807,1773374928913400 ,SA,,,1/1/00 0:00,2.567,4.4141,5/8/23 8:01,0.54,Non-Auction Ads,Promote
20230807,1773375865479170 ,VN,,,1/1/00 0:00,16.9241,8.4271,5/8/23 8:11,0.54,Non-Auction Ads,Promote
20230807,1773375045309440 ,QA,,,1/1/00 0:00,2.5328,1.1157,5/8/23 7:58,0.54,Non-Auction Ads,Promote
20230807,1773376747966460 ,SA,,,1/1/00 0:00,81.7745,12.0618,5/8/23 8:24,1.53,RIE,Promote Report Recall
20230807,1773376238715970 ,MY,,,1/1/00 0:00,4.5687,9.7904,5/8/23 8:16,0.54,Non-Auction Ads,Promote
20230807,1773357509905450 ,IT,IT,,1/1/00 0:00,,2.2293,5/8/23 8:00,1.79,RIE,Ad Group Recall (Merged)
20230807,1773375332981760 ,SA,,,1/1/00 0:00,8.4072,2.9451,5/8/23 8:04,0.54,Non-Auction Ads,Promote
20230807,1773358972364800 ,BR,BR,,1/1/00 0:00,,1.3783,5/8/23 8:00,1.7,RIE,Ad Group Recall (Merged)
20230807,1773375850875900 ,ID,,,1/1/00 0:00,6.3959,5.2628,5/8/23 8:11,0.54,Non-Auction Ads,Promote
20230807,1773375477059580 ,SA,,,1/1/00 0:00,14.842,2.9451,5/8/23 8:05,0.54,Non-Auction Ads,Promote
20230807,1773375510526970 ,SA,,,1/1/00 0:00,9.1807,1.7062,5/8/23 8:04,0.54,Non-Auction Ads,Promote
20230807,1773375266610170 ,TR,,,1/1/00 0:00,2.5006,0.7411,5/8/23 8:01,0.54,Non-Auction Ads,Promote
20230807,1773376822440960 ,TH,,,1/1/00 0:00,13.7678,9.5425,5/8/23 8:26,0.54,Non-Auction Ads,Promote
20230807,1773375707720730 ,VN,VN,,1/1/00 0:00,,1.2279,5/8/23 8:05,2.14,Auction Ads,auction_relation
20230807,1773375605279740 ,VN,,,1/1/00 0:00,0,1.7189,5/8/23 8:07,0.54,Non-Auction Ads,Promote
20230807,1773375718240250 ,VN,,,1/1/00 0:00,1.8446,1.4458,5/8/23 8:09,0.54,Non-Auction Ads,Promote
20230807,1773377664109600 ,VN,VN,,1/1/00 0:00,,12.0326,5/8/23 8:31,2.14,Auction Ads,auction_relation
20230807,1773375843870720 ,VN,,,1/1/00 0:00,0,1.0477,5/8/23 8:11,0.54,Non-Auction Ads,Promote
20230807,1773376066383870 ,VN,,,1/1/00 0:00,2.8562,1.9731,5/8/23 8:13,0.54,Non-Auction Ads,Promote
20230807,1773376063666170 ,VN,,,1/1/00 0:00,0,1.6926,5/8/23 8:14,0.54,Non-Auction Ads,Promote
20230807,1773376073664510 ,ID,,,1/1/00 0:00,1.3408,1.2017,5/8/23 8:14,0.54,Non-Auction Ads,Promote
20230807,1773377955815470 ,PT,Other,,1/1/00 0:00,25.18,21.7805,5/8/23 8:42,1.62,RIE,Ad Group Recall (Merged)
20230807,1773375869210680 ,TR,,,1/1/00 0:00,2.3192,0.6792,5/8/23 8:13,0.54,Non-Auction Ads,Promote
20230807,1773376929657850 ,TH,,,1/1/00 0:00,6.1213,6.5533,5/8/23 8:28,0.54,Non-Auction Ads,Promote
20230807,1773376622773250 ,ID,,,1/1/00 0:00,0.3781,1.9416,5/8/23 8:22,0.54,Non-Auction Ads,Promote
20230807,1773376956510200 ,SA,,,1/1/00 0:00,16.6759,4.6021,5/8/23 8:27,0.54,Non-Auction Ads,Promote
20230807,1773376681954300 ,ID,,,1/1/00 0:00,1.0594,1.6534,5/8/23 8:24,0.54,Non-Auction Ads,Promote
20230807,1773376805368830 ,IL,,,1/1/00 0:00,8.4149,4.4792,5/8/23 8:28,0.54,Non-Auction Ads,Promote
20230807,1773376828521530 ,VN,,,1/1/00 0:00,0,2.2154,5/8/23 8:26,0.54,Non-Auction Ads,Promote
20230807,1773378129425420 ,TR,TR,,1/1/00 0:00,25.12,21.7805,5/8/23 8:45,1.63,RIE,Ad Group Recall (Merged)
20230807,1773376846592000 ,ID,,,1/1/00 0:00,3.1896,2.3028,5/8/23 8:27,0.54,Non-Auction Ads,Promote
20230807,1773377009862650 ,VN,,,1/1/00 0:00,6.9872,3.4193,5/8/23 8:28,0.54,Non-Auction Ads,Promote
20230807,1773377232028670 ,PL,,,1/1/00 0:00,13.4817,5.7801,5/8/23 8:33,1.53,RIE,Promote Report Recall
20230807,1773377281054720 ,TH,,,1/1/00 0:00,12.9505,5.9211,5/8/23 8:34,0.54,Non-Auction Ads,Promote
20230807,1773376947136510 ,TH,,,1/1/00 0:00,5.966,1.7778,5/8/23 8:29,0.54,Non-Auction Ads,Promote
20230807,1773395293893680 ,AU,AU,,1/1/00 0:00,1546.94,257.8283,5/8/23 13:16,1.84,RIE,Ad Group Recall (Merged)
20230807,1773377317626880 ,DE,,,1/1/00 0:00,20.4923,5.0709,5/8/23 8:34,0.54,Non-Auction Ads,Promote
20230807,1773377044997120 ,PH,,,1/1/00 0:00,3.509,1.5359,5/8/23 8:30,1.53,RIE,Promote Report Recall
20230807,1773377467093020 ,VN,VN,,1/1/00 0:00,0,0.2556,5/8/23 8:29,2.14,Auction Ads,auction_relation
20230807,1773377113210880 ,VN,,,1/1/00 0:00,2.9411,1.4565,5/8/23 8:30,0.54,Non-Auction Ads,Promote
20230807,1773377087022080 ,ID,,,1/1/00 0:00,2.2556,1.5614,5/8/23 8:30,0.54,Non-Auction Ads,Promote
20230807,1773377277699070 ,VN,,,1/1/00 0:00,3.5309,1.496,5/8/23 8:33,0.54,Non-Auction Ads,Promote
20230807,1773377308362750 ,ID,,,1/1/00 0:00,3.8715,1.0968,5/8/23 8:34,0.54,Non-Auction Ads,Promote
20230807,1773377405711360 ,US,,,1/1/00 0:00,5.16,4.375,5/8/23 8:36,1.53,RIE,Promote Report Recall
20230807,1773377387225090 ,GR,,,1/1/00 0:00,4.3469,1.6304,5/8/23 8:34,0.54,Non-Auction Ads,Promote
20230807,1773377366272000 ,VN,,,1/1/00 0:00,2.846,0.711,5/8/23 8:34,0.54,Non-Auction Ads,Promote
20230807,1773377513949210 ,TH,TH,,1/1/00 0:00,16.6,4.2199,5/8/23 8:36,1.87,RIE,Ad Group Recall (Merged)
20230807,1773377495020540 ,MY,,,1/1/00 0:00,15.1856,5.1574,5/8/23 8:38,0.54,Non-Auction Ads,Promote
20230807,1773378048003180 ,VN,VN,,1/1/00 0:00,2.1837,4.4971,5/8/23 8:37,2.14,Auction Ads,auction_relation
20230807,1773377730043920 ,ID,ID,,1/1/00 0:00,1.1327,1.9266,5/8/23 8:35,1.8,Auction Ads,auction_relation
20230807,1773379812387890 ,GB,GB,,1/1/00 0:00,3.49,25.8621,5/8/23 9:03,1.76,Auction Ads,auction_relation
20230807,1773377454962680 ,VN,,,1/1/00 0:00,0,1.285,5/8/23 8:35,0.54,Non-Auction Ads,Promote
20230807,1773378911834120 ,US,US&CA,,1/1/00 0:00,41.25,0,5/8/23 8:35,1.81,RIE,Ad Group Recall (Merged)
20230807,1773378911834120 ,CA,US&CA,,1/1/00 0:00,41.25,0,5/8/23 8:35,1.81,RIE,Ad Group Recall (Merged)
20230807,1773377429797880 ,ID,,,1/1/00 0:00,4.1633,1.0968,5/8/23 8:35,0.54,Non-Auction Ads,Promote
20230807,1773377426654200 ,ID,,,1/1/00 0:00,0.8174,0.6991,5/8/23 8:36,1.53,RIE,Promote Report Recall
20230807,1773377518236670 ,ID,,,1/1/00 0:00,1.7127,1.6514,5/8/23 8:38,0.54,Non-Auction Ads,Promote
20230807,1773378552807420 ,ID,,,1/1/00 0:00,21.4524,15.3384,5/8/23 8:53,0.54,Non-Auction Ads,Promote
20230807,1773378091326470 ,RO,,,1/1/00 0:00,11.6991,11.3868,5/8/23 8:48,0.54,Non-Auction Ads,Promote
20230807,1773377645058050 ,VN,,,1/1/00 0:00,11.1345,1.2362,5/8/23 8:39,0.54,Non-Auction Ads,Promote
20230807,1773378465857530 ,ID,,,1/1/00 0:00,26.3859,15.3384,5/8/23 8:54,0.54,Non-Auction Ads,Promote
20230807,1773378194528290 ,ID,ID,,1/1/00 0:00,3.2232,1.3721,5/8/23 8:39,1.8,Auction Ads,auction_relation
20230807,1773378194528290 ,ID,ID,,1/1/00 0:00,3.2232,1.3721,5/8/23 8:39,1.8,Auction Ads,auction_relation
20230807,1773377665462270 ,ID,,,1/1/00 0:00,3.7536,1.7766,5/8/23 8:40,0.54,Non-Auction Ads,Promote
20230807,1773377689799680 ,VN,,,1/1/00 0:00,0.6266,1.729,5/8/23 8:40,0.54,Non-Auction Ads,Promote
20230807,1773377855583280 ,US,US&CA,,1/1/00 0:00,10.91,2.8072,5/8/23 8:42,1.81,RIE,Ad Group Recall (Merged)
20230807,1773377855583280 ,GB,GB,,1/1/00 0:00,10.91,2.8072,5/8/23 8:42,1.72,RIE,Ad Group Recall (Merged)
20230807,1773377855583280 ,CA,US&CA,,1/1/00 0:00,10.91,2.8072,5/8/23 8:42,1.81,RIE,Ad Group Recall (Merged)
20230807,1773377829858300 ,IL,,,1/1/00 0:00,7.1425,4.4883,5/8/23 8:43,0.54,Non-Auction Ads,Promote
20230807,1773378358319110 ,AE,,,1/1/00 0:00,5.5063,9.6163,5/8/23 8:51,0.54,Non-Auction Ads,Promote
20230807,1773379012431870 ,SA,,,1/1/00 0:00,33.7492,15.869,5/8/23 9:00,0.54,Non-Auction Ads,Promote
20230807,1773378082668540 ,SA,,,1/1/00 0:00,10.1771,3.8042,5/8/23 8:45,0.54,Non-Auction Ads,Promote
20230807,1773377846892550 ,GR,,,1/1/00 0:00,0.8692,0.5099,5/8/23 8:43,1.53,RIE,Promote Report Recall
20230807,1773377975038980 ,RO,,,1/1/00 0:00,4.2796,1.9097,5/8/23 8:45,0.54,Non-Auction Ads,Promote
20230807,1773377987217470 ,VN,VN,,1/1/00 0:00,,0.2556,5/8/23 8:43,2.14,Auction Ads,auction_relation
20230807,1773377993806850 ,VN,VN,,1/1/00 0:00,,0.2556,5/8/23 8:43,2.14,Auction Ads,auction_relation
20230807,1773377998069790 ,VN,VN,,1/1/00 0:00,,0.2556,5/8/23 8:43,2.14,Auction Ads,auction_relation
20230807,1773378174471170 ,AT,,,1/1/00 0:00,3.7767,3.4873,5/8/23 8:48,0.54,Non-Auction Ads,Promote
20230807,1773379204540410 ,SA,,,1/1/00 0:00,52.5542,15.869,5/8/23 9:04,0.54,Non-Auction Ads,Promote
20230807,1773378165122050 ,PL,,,1/1/00 0:00,6.6909,3.8443,5/8/23 8:48,0.54,Non-Auction Ads,Promote
20230807,1773378400408600 ,VN,VN,,1/1/00 0:00,,1.2279,5/8/23 8:47,2.14,Auction Ads,auction_relation
20230807,1773378089569280 ,GR,,,1/1/00 0:00,5.7115,0.751,5/8/23 8:46,0.54,Non-Auction Ads,Promote
20230807,1773378460413980 ,VN,VN,,1/1/00 0:00,2.4666,4.4971,5/8/23 8:49,2.14,Auction Ads,auction_relation
20230807,1773380026299410 ,ID,ID,,1/1/00 0:00,25.61,21.5735,5/8/23 9:16,2.05,RIE,Ad Group Recall (Merged)
20230807,1773379265167360 ,SA,,,1/1/00 0:00,13.5256,15.869,5/8/23 9:05,0.54,Non-Auction Ads,Promote
20230807,1773378204993530 ,PH,,,1/1/00 0:00,3.5875,0.7494,5/8/23 8:47,0.54,Non-Auction Ads,Promote
20230807,1773379349667840 ,SA,,,1/1/00 0:00,15.5109,15.869,5/8/23 9:07,0.54,Non-Auction Ads,Promote
20230807,1773378126497790 ,TR,,,1/1/00 0:00,3.7548,1.0859,5/8/23 8:47,0.54,Non-Auction Ads,Promote
20230807,1773378282018820 ,PL,,,1/1/00 0:00,6.7567,3.8443,5/8/23 8:50,0.54,Non-Auction Ads,Promote
20230807,1773376342597630 ,US,US&CA,,1/1/00 0:00,58.16,17.6329,5/8/23 9:12,1.81,RIE,Ad Group Recall (Merged)
20230807,1773378929318910 ,VN,,,1/1/00 0:00,4.3996,9.1641,5/8/23 9:00,0.54,Non-Auction Ads,Promote
20230807,1773378263068670 ,PH,,,1/1/00 0:00,3.3916,0.7494,5/8/23 8:48,0.54,Non-Auction Ads,Promote
20230807,1773378228788220 ,PH,,,1/1/00 0:00,2.1086,0.7494,5/8/23 8:49,0.54,Non-Auction Ads,Promote
20230807,1773378508803070 ,VN,,,1/1/00 0:00,4.8229,3.5084,5/8/23 8:53,0.54,Non-Auction Ads,Promote
20230807,1773378471917560 ,VN,,,1/1/00 0:00,8.2838,1.3058,5/8/23 8:51,0.54,Non-Auction Ads,Promote
20230807,1773378502762490 ,SA,,,1/1/00 0:00,1.0049,0.6492,5/8/23 8:52,1.53,RIE,Promote Report Recall
20230807,1773377348242430 ,ID,,,1/1/00 0:00,13.8178,2.2398,5/8/23 8:55,0.54,Non-Auction Ads,Promote
20230807,1773377076110330 ,AE,,,1/1/00 0:00,21.5714,3.1599,5/8/23 8:58,0.54,Non-Auction Ads,Promote
20230807,1773378900801530 ,VN,,,1/1/00 0:00,0,3.1755,5/8/23 8:59,0.54,Non-Auction Ads,Promote
20230807,1773378472574970 ,ID,,,1/1/00 0:00,0.1497,0.1745,5/8/23 8:53,1.53,RIE,Promote Report Recall
20230807,1773378681408510 ,VN,,,1/1/00 0:00,1.418,0.932,5/8/23 8:55,0.54,Non-Auction Ads,Promote
20230807,1773378674748410 ,AE,,,1/1/00 0:00,5.0039,1.3353,5/8/23 8:57,0.54,Non-Auction Ads,Promote
20230807,1773379128337410 ,NL,,,1/1/00 0:00,4.6465,5.2732,5/8/23 9:03,0.54,Non-Auction Ads,Promote
20230807,1773378693403640 ,TR,,,1/1/00 0:00,0.8555,0.5364,5/8/23 8:56,0.54,Non-Auction Ads,Promote
20230807,1773365762968590 ,PH,PH,,1/1/00 0:00,17.8993,3.3115,5/8/23 9:00,2.46,Auction Ads,auction_relation
20230807,1773365762968590 ,PH,PH,,1/1/00 0:00,17.8993,3.3115,5/8/23 9:00,2.46,Auction Ads,auction_relation
20230807,1773354580046880 ,BR,BR,,1/1/00 0:00,,1.3783,5/8/23 9:00,1.7,RIE,Ad Group Recall (Merged)
20230807,1773379267558400 ,SA,,,1/1/00 0:00,2.1085,4.376,5/8/23 9:04,0.54,Non-Auction Ads,Promote
20230807,1773379871166460 ,SA,,,1/1/00 0:00,3.5959,11.53,5/8/23 9:16,0.54,Non-Auction Ads,Promote
20230807,1773384796379170 ,DK,DK,,1/1/00 0:00,16.1184,48.7488,5/8/23 9:53,1.31,Auction Ads,auction_relation
20230807,1773384796379170 ,NO,Others,,1/1/00 0:00,16.1184,48.7488,5/8/23 9:53,1.56,Auction Ads,auction_all
20230807,1773384796379170 ,NL,NL,,1/1/00 0:00,16.1184,48.7488,5/8/23 9:53,1.19,Auction Ads,auction_relation
20230807,1773384796379170 ,BE,BE,,1/1/00 0:00,16.1184,48.7488,5/8/23 9:53,1.15,Auction Ads,auction_relation
20230807,1773384796379170 ,NO,Others,,1/1/00 0:00,16.1184,48.7488,5/8/23 9:53,1.56,Auction Ads,auction_all
20230807,1773384796379170 ,DK,DK,,1/1/00 0:00,16.1184,48.7488,5/8/23 9:53,1.31,Auction Ads,auction_relation
20230807,1773379088103420 ,KH,,,1/1/00 0:00,2.0474,1.5001,5/8/23 9:02,0.54,Non-Auction Ads,Promote
20230807,1773379321033730 ,SA,,,1/1/00 0:00,3.356,4.376,5/8/23 9:05,0.54,Non-Auction Ads,Promote
20230807,1773379205114880 ,TH,,,1/1/00 0:00,22.4669,2.3137,5/8/23 9:04,0.54,Non-Auction Ads,Promote
20230807,1773379024430080 ,KW,,,1/1/00 0:00,1.7541,2.2044,5/8/23 9:04,0.54,Non-Auction Ads,Promote
20230807,1773380396475390 ,VN,VN,,1/1/00 0:00,16.9647,12.7923,5/8/23 9:21,2.14,Auction Ads,auction_relation
20230807,1773379470298110 ,TR,,,1/1/00 0:00,0.4952,3.0878,5/8/23 9:08,0.54,Non-Auction Ads,Promote
20230807,1773380499508250 ,VN,VN,,1/1/00 0:00,11.9636,12.7923,5/8/23 9:22,2.14,Auction Ads,auction_relation
20230807,1773379498758140 ,VN,,,1/1/00 0:00,0,2.504,5/8/23 9:08,0.54,Non-Auction Ads,Promote
20230807,1773380066289660 ,SE,,,1/1/00 0:00,17.4607,8.249,5/8/23 9:18,0.54,Non-Auction Ads,Promote
20230807,1773379432972290 ,FI,,,1/1/00 0:00,2.07,2.4083,5/8/23 9:08,0.54,Non-Auction Ads,Promote
20230807,1773379773779960 ,AE,,,1/1/00 0:00,3.6293,2.5,5/8/23 9:14,0.54,Non-Auction Ads,Promote
20230807,1773379871666220 ,VN,VN,,1/1/00 0:00,,0.7692,5/8/23 9:11,2.14,Auction Ads,auction_relation
20230807,1773379706873850 ,VN,,,1/1/00 0:00,3.6531,0.8325,5/8/23 9:11,0.54,Non-Auction Ads,Promote
20230807,1773379794849790 ,VN,,,1/1/00 0:00,1.4992,1.2253,5/8/23 9:12,0.54,Non-Auction Ads,Promote
20230807,1773379922887680 ,KH,,,1/1/00 0:00,0.6296,1.5001,5/8/23 9:14,0.54,Non-Auction Ads,Promote
20230807,1773379888262140 ,VN,,,1/1/00 0:00,3.393,0.2685,5/8/23 9:14,0.54,Non-Auction Ads,Promote
20230807,1773380043280380 ,KW,,,1/1/00 0:00,3.0909,3.4893,5/8/23 9:18,0.54,Non-Auction Ads,Promote
20230807,1773379945521150 ,VN,,,1/1/00 0:00,8.4051,2.9495,5/8/23 9:18,0.54,Non-Auction Ads,Promote
20230807,1773379970486270 ,PH,,,1/1/00 0:00,4.0483,0.6833,5/8/23 9:17,0.54,Non-Auction Ads,Promote
20230807,1773380041765890 ,PH,,,1/1/00 0:00,3.5364,0.7494,5/8/23 9:17,0.54,Non-Auction Ads,Promote
20230807,1773380184239100 ,RO,,,1/1/00 0:00,4.725,3.0626,5/8/23 9:20,0.54,Non-Auction Ads,Promote
20230807,1773291029774330 ,ID,ID,,1/1/00 0:00,21.0311,5.0181,5/8/23 9:23,1.8,Auction Ads,auction_relation
20230807,1773380168582140 ,VN,,,1/1/00 0:00,6.1866,1.6132,5/8/23 9:19,1.53,RIE,Promote Report Recall
20230807,1773380534041600 ,TH,,,1/1/00 0:00,15.9854,4.5514,5/8/23 9:24,0.54,Non-Auction Ads,Promote
20230807,1773380241810430 ,KW,,,1/1/00 0:00,1.8811,1.7761,5/8/23 9:22,0.54,Non-Auction Ads,Promote
20230807,1773380356936700 ,VN,VN,,1/1/00 0:00,,0.3758,5/8/23 9:19,2.14,Auction Ads,auction_relation
20230807,1773380352366610 ,VN,VN,,1/1/00 0:00,,0.3758,5/8/23 9:19,2.14,Auction Ads,auction_relation
20230807,1773380393732090 ,MY,,,1/1/00 0:00,5.6729,0.7794,5/8/23 9:22,0.54,Non-Auction Ads,Promote
20230807,1773380938424330 ,IE,IE,,1/1/00 0:00,0,11.6596,5/8/23 9:30,1.52,Auction Ads,auction_relation
20230807,1773380938424330 ,IT,IT,,1/1/00 0:00,0,11.6596,5/8/23 9:30,1.36,Auction Ads,auction_relation
20230807,1773380411460610 ,EG,,,1/1/00 0:00,7.0924,1.6635,5/8/23 9:24,0.54,Non-Auction Ads,Promote
20230807,1773380554564610 ,KW,,,1/1/00 0:00,6.9108,4.9929,5/8/23 9:26,0.54,Non-Auction Ads,Promote
20230807,1773380748725280 ,VN,VN,,1/1/00 0:00,26.1139,1.1442,5/8/23 9:24,2.14,Auction Ads,auction_relation
20230807,1773380443530240 ,GR,,,1/1/00 0:00,2.0466,2.0971,5/8/23 9:26,0.54,Non-Auction Ads,Promote
20230807,1773380876625920 ,AE,,,1/1/00 0:00,25.4235,7.9561,5/8/23 9:29,0.54,Non-Auction Ads,Promote
20230807,1773380468655100 ,SA,,,1/1/00 0:00,13.517,10.2394,5/8/23 9:30,0.54,Non-Auction Ads,Promote
20230807,1773381104586770 ,VN,VN,,1/1/00 0:00,10.7446,0.0859,5/8/23 9:25,2.14,Auction Ads,auction_relation
20230807,1773380630495230 ,EG,,,1/1/00 0:00,2.0684,1.6635,5/8/23 9:26,0.54,Non-Auction Ads,Promote
20230807,1773381025045520 ,IT,IT,,1/1/00 0:00,0,11.6596,5/8/23 9:31,1.36,Auction Ads,auction_relation
20230807,1773381025045520 ,AU,AU,,1/1/00 0:00,0,11.6596,5/8/23 9:31,1.84,RIE,Ad Group Recall (Merged)
20230807,1773381025045520 ,IE,IE,,1/1/00 0:00,0,11.6596,5/8/23 9:31,1.52,Auction Ads,auction_relation
20230807,1773381394161690 ,GB,GB,,1/1/00 0:00,0.4514,61.2457,5/8/23 10:37,1.72,RIE,Ad Group Recall (Merged)
20230807,1773381394161690 ,GB,GB,,1/1/00 0:00,0.4514,61.2457,5/8/23 10:37,1.72,RIE,Ad Group Recall (Merged)
20230807,1773381394161690 ,GB,GB,,1/1/00 0:00,0.4514,61.2457,5/8/23 10:37,1.76,Auction Ads,auction_relation
20230807,1773380636810240 ,KW,,,1/1/00 0:00,6.413,1.4028,5/8/23 9:27,0.54,Non-Auction Ads,Promote
20230807,1773380625189890 ,VN,,,1/1/00 0:00,2.9074,0.8501,5/8/23 9:27,0.54,Non-Auction Ads,Promote
20230807,1773380686540800 ,EG,,,1/1/00 0:00,5.8811,1.6635,5/8/23 9:27,0.54,Non-Auction Ads,Promote
20230807,1773380791316480 ,VN,,,1/1/00 0:00,0,1.7117,5/8/23 9:28,0.54,Non-Auction Ads,Promote
20230807,1773380814420990 ,VN,VN,,1/1/00 0:00,7.4773,1.1442,5/8/23 9:28,2.14,Auction Ads,auction_relation
20230807,1773380579411970 ,TH,,,1/1/00 0:00,1.5155,0.7028,5/8/23 9:27,1.53,RIE,Promote Report Recall
20230807,1773380721200130 ,SA,,,1/1/00 0:00,0,1.6942,5/8/23 9:28,0.54,Non-Auction Ads,Promote
20230807,1773380756440070 ,ES,,,1/1/00 0:00,4.8971,2.3384,5/8/23 9:29,0.54,Non-Auction Ads,Promote
20230807,1773380759193600 ,BR,,,1/1/00 0:00,0.7614,1.8718,5/8/23 9:29,1.53,RIE,Promote Report Recall
20230807,1773380796630010 ,VN,,,1/1/00 0:00,6.723,2.1231,5/8/23 9:29,0.54,Non-Auction Ads,Promote
20230807,1773378505829410 ,ES,ES,,1/1/00 0:00,28.3334,28.8099,5/8/23 10:00,1.37,Auction Ads,auction_relation
20230807,1773378505829410 ,PT,PT,,1/1/00 0:00,28.3334,28.8099,5/8/23 10:00,1.98,Auction Ads,auction_relation
20230807,1773378505829410 ,PT,PT,,1/1/00 0:00,28.3334,28.8099,5/8/23 10:00,1.98,Auction Ads,auction_relation
20230807,1773378505829410 ,PT,PT,,1/1/00 0:00,28.3334,28.8099,5/8/23 10:00,1.98,Auction Ads,auction_relation
20230807,1773380821434370 ,TH,,,1/1/00 0:00,0.8409,0.6251,5/8/23 9:29,1.53,RIE,Promote Report Recall
20230807,1773382102835200 ,SA,,,1/1/00 0:00,8.9537,21.1129,5/8/23 9:53,0.54,Non-Auction Ads,Promote
20230807,1773380833066020 ,EG,,,1/1/00 0:00,4.6659,1.6635,5/8/23 9:30,0.54,Non-Auction Ads,Promote
20230807,1773381505563680 ,IL,IL,,1/1/00 0:00,127.24,4.0475,5/8/23 9:30,1.52,Auction Ads,auction_relation
20230807,1773381505563680 ,IT,IT,,1/1/00 0:00,127.24,4.0475,5/8/23 9:30,1.36,Auction Ads,auction_relation
20230807,1773381505563680 ,GR,GR,,1/1/00 0:00,127.24,4.0475,5/8/23 9:30,2.11,Auction Ads,auction_relation
20230807,1773380926194680 ,VN,,,1/1/00 0:00,4.6524,4.4948,5/8/23 9:31,0.54,Non-Auction Ads,Promote
20230807,1773380914867200 ,VN,,,1/1/00 0:00,1.2693,1.0741,5/8/23 9:30,0.54,Non-Auction Ads,Promote
20230807,1773380914867200 ,VN,,,1/1/00 0:00,1.2693,1.0741,5/8/23 9:30,0.54,Non-Auction Ads,Promote
20230807,1773381091429380 ,DE,,,1/1/00 0:00,4.2833,5.0707,5/8/23 9:33,0.54,Non-Auction Ads,Promote
20230807,1773381724226560 ,SA,,,1/1/00 0:00,0,12.9536,5/8/23 9:44,0.54,Non-Auction Ads,Promote
20230807,1773380996853760 ,PT,,,1/1/00 0:00,6.2066,3.9709,5/8/23 9:33,0.54,Non-Auction Ads,Promote
20230807,1773343647011890 ,US,US&CA,,1/1/00 0:00,0,5.9549,5/8/23 9:33,1.81,RIE,Ad Group Recall (Merged)
20230807,1773381446225920 ,VN,,,1/1/00 0:00,2.1087,9.8135,5/8/23 9:41,0.54,Non-Auction Ads,Promote
20230807,1773382824046620 ,VN,VN,,1/1/00 0:00,1.4126,19.9461,5/8/23 9:57,2.14,Auction Ads,auction_relation
20230807,1773381722482680 ,SA,,,1/1/00 0:00,4.3956,12.0538,5/8/23 9:47,0.54,Non-Auction Ads,Promote
20230807,1773381134875640 ,VN,,,1/1/00 0:00,0,3.3085,5/8/23 9:34,0.54,Non-Auction Ads,Promote
20230807,1773381130274810 ,SA,,,1/1/00 0:00,6.0561,4.0976,5/8/23 9:35,0.54,Non-Auction Ads,Promote
20230807,1773381109441530 ,VN,,,1/1/00 0:00,1.6378,1.0741,5/8/23 9:33,0.54,Non-Auction Ads,Promote
20230807,1773381587006460 ,AE,,,1/1/00 0:00,8.6281,7.5076,5/8/23 9:43,0.54,Non-Auction Ads,Promote
20230807,1773380946526210 ,VN,,,1/1/00 0:00,2.586,4.0998,5/8/23 9:36,0.54,Non-Auction Ads,Promote
20230807,1773381036982270 ,VN,,,1/1/00 0:00,1.8374,0.2985,5/8/23 9:33,0.54,Non-Auction Ads,Promote
20230807,1773381082477560 ,ID,,,1/1/00 0:00,2.9918,3.0674,5/8/23 9:36,0.54,Non-Auction Ads,Promote
20230807,1773381144704000 ,SA,,,1/1/00 0:00,4.0623,2.7855,5/8/23 9:36,0.54,Non-Auction Ads,Promote
20230807,1773381069376510 ,TR,,,1/1/00 0:00,1.1239,0.4742,5/8/23 9:34,0.54,Non-Auction Ads,Promote
20230807,1773381186937850 ,MY,,,1/1/00 0:00,1.0539,4.802,5/8/23 9:42,1.53,RIE,Promote Report Recall
20230807,1773382516674590 ,TH,TH,,1/1/00 0:00,59.98,6.2002,5/8/23 9:45,1.87,RIE,Ad Group Recall (Merged)
20230807,1773381907018750 ,VN,,,1/1/00 0:00,0,6.1853,5/8/23 9:46,0.54,Non-Auction Ads,Promote
20230807,1773381299627070 ,VN,,,1/1/00 0:00,3.4192,1.7275,5/8/23 9:36,0.54,Non-Auction Ads,Promote
20230807,1773381325410300 ,VN,,,1/1/00 0:00,0,1.8053,5/8/23 9:37,0.54,Non-Auction Ads,Promote
20230807,1773381451128830 ,TH,,,1/1/00 0:00,7.2016,1.8931,5/8/23 9:39,1.53,RIE,Promote Report Recall
20230807,1773381298589690 ,VN,,,1/1/00 0:00,3.1093,1.3638,5/8/23 9:38,0.54,Non-Auction Ads,Promote
20230807,1773335345680430 ,CO,Other,,1/1/00 0:00,18.8028,15.6601,5/8/23 10:00,1.62,RIE,Ad Group Recall (Merged)
20230807,1773381698228220 ,BR,,,1/1/00 0:00,1.9147,1.1654,5/8/23 9:43,0.54,Non-Auction Ads,Promote
20230807,1773348124628010 ,ZA,Other,,1/1/00 0:00,0,5.5556,5/8/23 9:51,1.62,RIE,Ad Group Recall (Merged)
20230807,1773382097960960 ,BR,,,1/1/00 0:00,7.1695,6.1393,5/8/23 9:52,0.54,Non-Auction Ads,Promote
20230807,1773381531104290 ,ID,ID,,1/1/00 0:00,51.27,44.105,5/8/23 10:42,2.05,RIE,Ad Group Recall (Merged)
20230807,1773381792666620 ,TR,,,1/1/00 0:00,8.1115,1.2933,5/8/23 9:46,0.54,Non-Auction Ads,Promote
20230807,1773382167785470 ,KW,,,1/1/00 0:00,1.7216,2.3888,5/8/23 9:50,0.54,Non-Auction Ads,Promote
20230807,1773381928514560 ,VN,,,1/1/00 0:00,0,1.0203,5/8/23 9:46,0.54,Non-Auction Ads,Promote
20230807,1773382806120440 ,AE,,,1/1/00 0:00,15.1159,13.5844,5/8/23 10:02,0.54,Non-Auction Ads,Promote
20230807,1773382088961020 ,PH,,,1/1/00 0:00,1.7414,0.4431,5/8/23 9:49,0.54,Non-Auction Ads,Promote
20230807,1773382091275260 ,KW,,,1/1/00 0:00,3.1786,1.9095,5/8/23 9:51,0.54,Non-Auction Ads,Promote
20230807,1773382097388540 ,EG,,,1/1/00 0:00,0,0.6928,5/8/23 9:50,0.54,Non-Auction Ads,Promote
20230807,1773354870757400 ,US,US&CA,,1/1/00 0:00,95.88,6.8634,5/8/23 10:00,1.81,RIE,Ad Group Recall (Merged)
20230807,1773382653911050 ,US,USCA,,1/1/00 0:00,19.38,17.6726,5/8/23 10:11,1.78,Auction Ads,auction_relation
20230807,1773382260198400 ,SA,,,1/1/00 0:00,4.87,1.3345,5/8/23 9:53,0.54,Non-Auction Ads,Promote
20230807,1773382404983820 ,VN,VN,,1/1/00 0:00,,1.7091,5/8/23 9:53,2.14,Auction Ads,auction_relation
20230807,1773382569905150 ,VN,,,1/1/00 0:00,9.8399,6.846,5/8/23 10:02,0.54,Non-Auction Ads,Promote
20230807,1773382743907320 ,VN,,,1/1/00 0:00,0,1.9341,5/8/23 10:00,0.54,Non-Auction Ads,Promote
20230807,1773382366734330 ,VN,,,1/1/00 0:00,3.1496,0.1518,5/8/23 9:54,0.54,Non-Auction Ads,Promote
20230807,1773382958594050 ,SA,,,1/1/00 0:00,9.1591,7.3511,5/8/23 10:04,0.54,Non-Auction Ads,Promote
20230807,1773383038486530 ,KW,,,1/1/00 0:00,12.4327,8.6459,5/8/23 10:05,0.54,Non-Auction Ads,Promote
20230807,1773389967942650 ,JP,JP,,1/1/00 0:00,1356.0518,105.326,5/8/23 11:54,3.21,RIE,Ad Group Recall (Merged)
20230807,1773382891680800 ,VN,VN,,1/1/00 0:00,,2.4393,5/8/23 10:00,2.14,Auction Ads,auction_relation
20230807,1773383538665470 ,TH,,,1/1/00 0:00,0.2869,11.4846,5/8/23 10:12,0.54,Non-Auction Ads,Promote
20230807,1773382757478400 ,SA,,,1/1/00 0:00,0,1.4432,5/8/23 10:00,0.54,Non-Auction Ads,Promote
20230807,1773382904985600 ,PL,,,1/1/00 0:00,3.2356,2.2444,5/8/23 10:02,0.54,Non-Auction Ads,Promote
20230807,1773383734968320 ,MY,MY,,1/1/00 0:00,5.6005,10.977,5/8/23 10:12,2.31,Auction Ads,auction_relation
20230807,1773383734968320 ,MY,MY,,1/1/00 0:00,5.6005,10.977,5/8/23 10:12,2.31,Auction Ads,auction_relation
20230807,1773382776473610 ,VN,VN,,1/1/00 0:00,8.89,0.8117,5/8/23 10:02,2.13,RIE,Ad Group Recall (Merged)
20230807,1773382937336830 ,MY,,,1/1/00 0:00,1.1219,2.8785,5/8/23 10:03,0.54,Non-Auction Ads,Promote
20230807,1773383028254720 ,VN,,,1/1/00 0:00,3.0766,4.2716,5/8/23 10:05,0.54,Non-Auction Ads,Promote
20230807,1773383312563200 ,SA,,,1/1/00 0:00,9.3881,7.3511,5/8/23 10:09,0.54,Non-Auction Ads,Promote
20230807,1773383017115650 ,MY,,,1/1/00 0:00,0.5577,2.8785,5/8/23 10:05,0.54,Non-Auction Ads,Promote
20230807,1773383003091960 ,VN,VN,,1/1/00 0:00,11.51,0.9378,5/8/23 10:03,2.13,RIE,Ad Group Recall (Merged)
20230807,1773383088031740 ,MY,,,1/1/00 0:00,2.8848,3.0502,5/8/23 10:07,0.54,Non-Auction Ads,Promote
20230807,1773383561372670 ,VN,VN,,1/1/00 0:00,3.65,2.0894,5/8/23 10:07,2.14,Auction Ads,auction_relation
20230807,1773383149884480 ,VN,,,1/1/00 0:00,0,3.2101,5/8/23 10:08,0.54,Non-Auction Ads,Promote
20230807,1773383070216190 ,ID,,,1/1/00 0:00,1.9897,1.168,5/8/23 10:07,1.53,RIE,Promote Report Recall
20230807,1773383283061760 ,VN,,,1/1/00 0:00,13.0253,1.6479,5/8/23 10:08,0.54,Non-Auction Ads,Promote
20230807,1773383437803520 ,PH,,,1/1/00 0:00,1.3823,2.4492,5/8/23 10:10,0.54,Non-Auction Ads,Promote
20230807,1773383255150590 ,KH,,,1/1/00 0:00,1.5501,0.5029,5/8/23 10:08,0.54,Non-Auction Ads,Promote
20230807,1773384038717440 ,MY,,,1/1/00 0:00,15.6468,8.3009,5/8/23 10:21,0.54,Non-Auction Ads,Promote
20230807,1773383604458490 ,SA,,,1/1/00 0:00,19.893,5.0965,5/8/23 10:15,0.54,Non-Auction Ads,Promote
20230807,1773383554171900 ,TH,,,1/1/00 0:00,16.0626,3.9419,5/8/23 10:13,0.54,Non-Auction Ads,Promote
20230807,1773384231598080 ,US,,,1/1/00 0:00,40.01,8.8802,5/8/23 10:23,0.54,Non-Auction Ads,Promote
20230807,1773383519135780 ,CA,,,1/1/00 0:00,2.0338,2.0304,5/8/23 10:13,1.53,RIE,Promote Report Recall
20230807,1773383707224100 ,DE,,,1/1/00 0:00,5.8215,4.2271,5/8/23 10:16,1.53,RIE,Promote Report Recall
20230807,1773383624421370 ,VN,VN,,1/1/00 0:00,13.05,2.0894,5/8/23 10:13,2.14,Auction Ads,auction_relation
20230807,1773383601976350 ,VN,VN,,1/1/00 0:00,14.74,2.0894,5/8/23 10:13,2.14,Auction Ads,auction_relation
20230807,1773384119422980 ,HU,,,1/1/00 0:00,1.8642,5.964,5/8/23 10:22,0.54,Non-Auction Ads,Promote
20230807,1773383627123710 ,EG,,,1/1/00 0:00,1.146,0.5014,5/8/23 10:13,0.54,Non-Auction Ads,Promote
20230807,1773383933029370 ,VN,,,1/1/00 0:00,4.7204,2.4946,5/8/23 10:19,0.54,Non-Auction Ads,Promote
20230807,1773383777036290 ,PL,,,1/1/00 0:00,4.2701,1.2233,5/8/23 10:17,0.54,Non-Auction Ads,Promote
20230807,1773382856860670 ,US,US&CA,,1/1/00 0:00,49.27,29.7573,5/8/23 10:52,1.81,RIE,Ad Group Recall (Merged)
20230807,1773383889086460 ,MY,,,1/1/00 0:00,4.5599,1.6544,5/8/23 10:18,0.54,Non-Auction Ads,Promote
20230807,1773383729362940 ,SA,,,1/1/00 0:00,3.3641,1.059,5/8/23 10:18,0.54,Non-Auction Ads,Promote
20230807,1773384211169280 ,KW,,,1/1/00 0:00,1.8226,4.4158,5/8/23 10:24,0.54,Non-Auction Ads,Promote
20230807,1773381998206970 ,TR,,,1/1/00 0:00,5.0036,4.5706,5/8/23 10:24,0.54,Non-Auction Ads,Promote
20230807,1773384511449090 ,US,,,1/1/00 0:00,20.92,7.3742,5/8/23 10:28,1.53,RIE,Promote Report Recall
20230807,1773384081372160 ,IT,,,1/1/00 0:00,7.9568,1.8602,5/8/23 10:22,0.54,Non-Auction Ads,Promote
20230807,1773384000805880 ,MY,,,1/1/00 0:00,2.639,0.8486,5/8/23 10:19,0.54,Non-Auction Ads,Promote
20230807,1773389862938620 ,TW,TW,,1/1/00 0:00,51.11,83.5421,5/8/23 11:52,2.59,RIE,Ad Group Recall (Merged)
20230807,1773384891972610 ,TH,,,1/1/00 0:00,2.3595,11.4636,5/8/23 10:37,0.54,Non-Auction Ads,Promote
20230807,1773381543971890 ,SG,Other,,1/1/00 0:00,218.15,8.0485,5/8/23 10:33,1.62,RIE,Ad Group Recall (Merged)
20230807,1773384267707390 ,SA,,,1/1/00 0:00,0,1.3428,5/8/23 10:23,0.54,Non-Auction Ads,Promote
20230807,1773384142498810 ,KH,,,1/1/00 0:00,2.3702,0.4934,5/8/23 10:23,0.54,Non-Auction Ads,Promote
20230807,1773385041908730 ,AE,,,1/1/00 0:00,4.5084,11.0866,5/8/23 10:38,0.54,Non-Auction Ads,Promote
20230807,1773384331126780 ,VN,,,1/1/00 0:00,4.8929,1.9522,5/8/23 10:25,0.54,Non-Auction Ads,Promote
20230807,1773384266152960 ,ID,,,1/1/00 0:00,4.6574,1.0789,5/8/23 10:24,0.54,Non-Auction Ads,Promote
20230807,1773384404704250 ,VN,,,1/1/00 0:00,21.3518,1.8212,5/8/23 10:26,0.54,Non-Auction Ads,Promote
20230807,1773384824555520 ,RO,,,1/1/00 0:00,1.9103,5.9468,5/8/23 10:34,0.54,Non-Auction Ads,Promote
20230807,1773384348571650 ,CA,,,1/1/00 0:00,1.1889,1.6905,5/8/23 10:26,1.53,RIE,Promote Report Recall
20230807,1773384413259770 ,VN,,,1/1/00 0:00,4.091,2.2638,5/8/23 10:27,0.54,Non-Auction Ads,Promote
20230807,1773384502897660 ,GR,,,1/1/00 0:00,3.4887,3.3637,5/8/23 10:29,0.54,Non-Auction Ads,Promote
20230807,1773389352605690 ,SA,MENA,,1/1/00 0:00,0,34.7373,5/8/23 11:01,1.67,RIE,Ad Group Recall (Merged)
20230807,1773366549229600 ,US,US&CA,,1/1/00 0:00,696.03,33.5035,5/8/23 11:00,1.81,RIE,Ad Group Recall (Merged)
20230807,1773384427133950 ,ID,,,1/1/00 0:00,2.7101,0.6819,5/8/23 10:27,0.54,Non-Auction Ads,Promote
20230807,1773384533337080 ,VN,,,1/1/00 0:00,3.1261,1.9929,5/8/23 10:29,0.54,Non-Auction Ads,Promote
20230807,1773384591598590 ,VN,,,1/1/00 0:00,0.4444,0.2975,5/8/23 10:29,1.53,RIE,Promote Report Recall
20230807,1773384529681410 ,VN,,,1/1/00 0:00,1.6434,0.389,5/8/23 10:29,0.54,Non-Auction Ads,Promote
20230807,1773384678196220 ,VN,,,1/1/00 0:00,5.1369,1.1122,5/8/23 10:30,0.54,Non-Auction Ads,Promote
20230807,1773384973247490 ,EG,,,1/1/00 0:00,3.5189,2.8847,5/8/23 10:36,0.54,Non-Auction Ads,Promote
20230807,1773384957175810 ,BR,,,1/1/00 0:00,1.2969,1.6928,5/8/23 10:36,0.54,Non-Auction Ads,Promote
20230807,1773384855810050 ,TR,,,1/1/00 0:00,0.7817,0.6649,5/8/23 10:35,0.54,Non-Auction Ads,Promote
20230807,1773385994752000 ,SA,,,1/1/00 0:00,6.8904,17.8795,5/8/23 10:52,0.54,Non-Auction Ads,Promote
20230807,1773385351767040 ,MY,,,1/1/00 0:00,7.0342,5.0035,5/8/23 10:42,0.54,Non-Auction Ads,Promote
20230807,1773385042775040 ,MY,,,1/1/00 0:00,7.2054,2.7231,5/8/23 10:37,0.54,Non-Auction Ads,Promote
20230807,1773385290413060 ,NL,,,1/1/00 0:00,6.3971,3.7674,5/8/23 10:41,0.54,Non-Auction Ads,Promote
20230807,1773385151379450 ,MY,,,1/1/00 0:00,1.4204,2.0174,5/8/23 10:39,0.54,Non-Auction Ads,Promote
20230807,1773385585847290 ,IL,,,1/1/00 0:00,2.6267,5.7033,5/8/23 10:45,0.54,Non-Auction Ads,Promote
20230807,1773385358291000 ,SA,,,1/1/00 0:00,0,1.805,5/8/23 10:42,0.54,Non-Auction Ads,Promote
20230807,1773385585415160 ,VN,VN,,1/1/00 0:00,1.06,2.0894,5/8/23 10:43,2.14,Auction Ads,auction_relation
20230807,1773385084608510 ,EG,,,1/1/00 0:00,3.1955,0.815,5/8/23 10:42,0.54,Non-Auction Ads,Promote
20230807,1773385850705920 ,PH,,,1/1/00 0:00,12.7787,9.0478,5/8/23 10:50,0.54,Non-Auction Ads,Promote
20230807,1773363340132350 ,BR,,,1/1/00 0:00,0.71,1.4458,5/8/23 10:43,1.53,RIE,Promote Report Recall
20230807,1773386030540830 ,DK,DK,,1/1/00 0:00,18.35,10.1738,5/8/23 10:50,1.31,Auction Ads,auction_relation
20230807,1773385619857440 ,VN,VN,,1/1/00 0:00,1.18,2.0894,5/8/23 10:45,2.14,Auction Ads,auction_relation
20230807,1773385635411980 ,VN,VN,,1/1/00 0:00,1.19,2.0894,5/8/23 10:45,2.14,Auction Ads,auction_relation
20230807,1773385635411980 ,VN,VN,,1/1/00 0:00,1.19,2.0894,5/8/23 10:45,2.14,Auction Ads,auction_relation
20230807,1773385721608190 ,RO,,,1/1/00 0:00,3.1037,4.7018,5/8/23 10:48,0.54,Non-Auction Ads,Promote
20230807,1773385731720190 ,SA,,,1/1/00 0:00,0.701,3.5007,5/8/23 10:47,0.54,Non-Auction Ads,Promote
20230807,1773385557690360 ,AE,,,1/1/00 0:00,3.1691,1.8154,5/8/23 10:46,0.54,Non-Auction Ads,Promote
20230807,1773385638403070 ,VN,,,1/1/00 0:00,4.2454,1.0503,5/8/23 10:46,0.54,Non-Auction Ads,Promote
20230807,1773385673873410 ,PH,,,1/1/00 0:00,5.1155,0.8796,5/8/23 10:46,0.54,Non-Auction Ads,Promote
20230807,1773385754389500 ,KW,,,1/1/00 0:00,3.0069,2.4007,5/8/23 10:48,1.53,RIE,Promote Report Recall
20230807,1773386052633600 ,PH,,,1/1/00 0:00,11.7201,9.4257,5/8/23 10:53,0.54,Non-Auction Ads,Promote
20230807,1773386052633600 ,PH,,,1/1/00 0:00,11.7201,9.4257,5/8/23 10:53,0.54,Non-Auction Ads,Promote
20230807,1773385837526010 ,VN,,,1/1/00 0:00,6.0743,3.9374,5/8/23 10:49,0.54,Non-Auction Ads,Promote
20230807,1773385654345730 ,MY,,,1/1/00 0:00,7.0584,2.8687,5/8/23 10:48,1.53,RIE,Promote Report Recall
20230807,1773385654345730 ,MY,,,1/1/00 0:00,7.0584,2.8687,5/8/23 10:48,1.53,RIE,Promote Report Recall
20230807,1773385720829950 ,PH,,,1/1/00 0:00,4.3283,0.1522,5/8/23 10:47,0.54,Non-Auction Ads,Promote
20230807,1773385825010680 ,TR,,,1/1/00 0:00,1.2354,2.1591,5/8/23 10:48,0.54,Non-Auction Ads,Promote
20230807,1773386349700090 ,SA,,,1/1/00 0:00,10.0624,9.5217,5/8/23 10:57,0.54,Non-Auction Ads,Promote
20230807,1773385905107960 ,SA,,,1/1/00 0:00,4.4222,1.2796,5/8/23 10:50,0.54,Non-Auction Ads,Promote
20230807,1773385943183360 ,VN,,,1/1/00 0:00,0,1.9006,5/8/23 10:50,0.54,Non-Auction Ads,Promote
20230807,1773385824219130 ,PH,,,1/1/00 0:00,3.6483,0.4885,5/8/23 10:50,0.54,Non-Auction Ads,Promote
20230807,1773386162742270 ,VN,,,1/1/00 0:00,0,5.8346,5/8/23 10:55,0.54,Non-Auction Ads,Promote
20230807,1773386059606010 ,KW,,,1/1/00 0:00,5.1217,3.6232,5/8/23 10:52,0.54,Non-Auction Ads,Promote
20230807,1773384299049980 ,BE,Other,,1/1/00 0:00,,27.9676,5/8/23 11:18,1.62,RIE,Ad Group Recall (Merged)
20230807,1773385933872130 ,VN,,,1/1/00 0:00,2.8135,0.914,5/8/23 10:50,0.54,Non-Auction Ads,Promote
20230807,1773385794310160 ,BR,,,1/1/00 0:00,1.6029,1.3233,5/8/23 10:50,0.54,Non-Auction Ads,Promote
20230807,1773359246952450 ,US,,,1/1/00 0:00,4.45,7.775,5/8/23 10:58,1.53,RIE,Promote Report Recall
20230807,1773386240331780 ,SE,,,1/1/00 0:00,6.5873,4.6808,5/8/23 10:55,0.54,Non-Auction Ads,Promote
20230807,1773386023448570 ,SA,,,1/1/00 0:00,0,2.9765,5/8/23 10:54,0.54,Non-Auction Ads,Promote
20230807,1773384849522700 ,US,US&CA,,1/1/00 0:00,36.6,30.182,5/8/23 11:22,1.81,RIE,Ad Group Recall (Merged)
20230807,1773397259150340 ,US,,,1/1/00 0:00,226.39,171.255,5/8/23 13:51,1.53,RIE,Promote Report Recall
20230807,1773386436692010 ,TW,TW,,1/1/00 0:00,36.57,5.1258,5/8/23 10:58,2.59,RIE,Ad Group Recall (Merged)
20230807,1773386252512250 ,VN,,,1/1/00 0:00,0,1.9006,5/8/23 10:55,0.54,Non-Auction Ads,Promote
20230807,1773386516948990 ,ID,,,1/1/00 0:00,6.8854,5.3342,5/8/23 10:59,0.54,Non-Auction Ads,Promote
20230807,1773386486779900 ,SA,,,1/1/00 0:00,12.374,10.2091,5/8/23 11:00,0.54,Non-Auction Ads,Promote
20230807,1773386311644160 ,PT,,,1/1/00 0:00,0.3193,1.5178,5/8/23 10:56,0.54,Non-Auction Ads,Promote
20230807,1773386047072250 ,SA,,,1/1/00 0:00,8.0662,3.4999,5/8/23 10:59,0.54,Non-Auction Ads,Promote
20230807,1773386352363520 ,HU,,,1/1/00 0:00,2.3644,2.0182,5/8/23 10:59,1.53,RIE,Promote Report Recall
20230807,1773387178052610 ,SA,,,1/1/00 0:00,3.9026,14.4214,5/8/23 11:10,0.54,Non-Auction Ads,Promote
20230807,1773386471499770 ,VN,,,1/1/00 0:00,0.2936,0.2023,5/8/23 10:59,1.53,RIE,Promote Report Recall
20230807,1773386203677690 ,TR,,,1/1/00 0:00,8.4968,11.3495,5/8/23 11:10,1.53,RIE,Promote Report Recall
20230807,1773387037177850 ,VN,,,1/1/00 0:00,0,7.1877,5/8/23 11:08,0.54,Non-Auction Ads,Promote
20230807,1773386721490990 ,SA,MENA,,1/1/00 0:00,,1.7528,5/8/23 11:02,1.78,Auction Ads,auction_relation
20230807,1773388857282590 ,TH,TH,,1/1/00 0:00,86.7602,29.1435,5/8/23 11:35,1.64,Auction Ads,auction_relation
20230807,1773386583401530 ,SA,,,1/1/00 0:00,1.4848,1.2148,5/8/23 11:02,1.53,RIE,Promote Report Recall
20230807,1773386611499000 ,KH,,,1/1/00 0:00,0.6239,1.2852,5/8/23 11:02,0.54,Non-Auction Ads,Promote
20230807,1773386558993410 ,VN,,,1/1/00 0:00,2.7515,2.3539,5/8/23 11:05,0.54,Non-Auction Ads,Promote
20230807,1773387026415610 ,SA,,,1/1/00 0:00,0,3.5117,5/8/23 11:08,0.54,Non-Auction Ads,Promote
20230807,1773387033047040 ,AE,,,1/1/00 0:00,7.9524,6.381,5/8/23 11:10,0.54,Non-Auction Ads,Promote
20230807,1773386717754360 ,SA,,,1/1/00 0:00,3.332,1.6627,5/8/23 11:03,1.53,RIE,Promote Report Recall
20230807,1773386997289980 ,SA,,,1/1/00 0:00,7.5169,3.1172,5/8/23 11:08,0.54,Non-Auction Ads,Promote
20230807,1773386692618240 ,PH,,,1/1/00 0:00,4.9783,0.3352,5/8/23 11:02,0.54,Non-Auction Ads,Promote
20230807,1773386692618240 ,PH,,,1/1/00 0:00,4.9783,0.3352,5/8/23 11:02,0.54,Non-Auction Ads,Promote
20230807,1773386970783740 ,SA,,,1/1/00 0:00,0,1.8109,5/8/23 11:06,0.54,Non-Auction Ads,Promote
20230807,1773386956277760 ,PH,,,1/1/00 0:00,6.8104,0.6546,5/8/23 11:06,0.54,Non-Auction Ads,Promote
20230807,1773387114974210 ,GB,,,1/1/00 0:00,3.8379,3.1892,5/8/23 11:10,1.53,RIE,Promote Report Recall
20230807,1773387430085680 ,TW,TW,,1/1/00 0:00,41.51,4.4273,5/8/23 11:13,2.59,RIE,Ad Group Recall (Merged)
20230807,1773387145245690 ,VN,,,1/1/00 0:00,0,0.7297,5/8/23 11:09,0.54,Non-Auction Ads,Promote
20230807,1773387289253890 ,VN,,,1/1/00 0:00,4.0391,3.646,5/8/23 11:12,0.54,Non-Auction Ads,Promote
20230807,1773387082229760 ,PL,,,1/1/00 0:00,5.2163,0.5434,5/8/23 11:09,0.54,Non-Auction Ads,Promote
20230807,1773387344663550 ,TR,,,1/1/00 0:00,1.7641,5.0837,5/8/23 11:15,0.54,Non-Auction Ads,Promote
20230807,1773387484180480 ,VN,VN,,1/1/00 0:00,,2.8365,5/8/23 11:13,2.14,Auction Ads,auction_relation
20230807,1773387372114940 ,AE,,,1/1/00 0:00,4.0758,3.0755,5/8/23 11:15,0.54,Non-Auction Ads,Promote
20230807,1773387277603840 ,VN,,,1/1/00 0:00,6.333,0.828,5/8/23 11:12,0.54,Non-Auction Ads,Promote
20230807,1773390339883010 ,FR,,,1/1/00 0:00,16.3732,47.9695,5/8/23 12:01,1.53,RIE,Promote Report Recall
20230807,1773387506157610 ,VN,VN,,1/1/00 0:00,,2.8365,5/8/23 11:15,2.14,Auction Ads,auction_relation
20230807,1773387509996560 ,VN,VN,,1/1/00 0:00,,2.8365,5/8/23 11:15,2.14,Auction Ads,auction_relation
20230807,1773384804845600 ,US,US&CA,,1/1/00 0:00,0,16.4857,5/8/23 11:32,1.81,RIE,Ad Group Recall (Merged)
20230807,1773387589310460 ,VN,,,1/1/00 0:00,0,1.5731,5/8/23 11:16,0.54,Non-Auction Ads,Promote
20230807,1773389605689340 ,SG,,,1/1/00 0:00,47.7918,31.382,5/8/23 11:49,0.54,Non-Auction Ads,Promote
20230807,1773384795167770 ,NZ,Other,,1/1/00 0:00,21.01,10.2635,5/8/23 11:26,1.62,RIE,Ad Group Recall (Merged)
20230807,1773387035503610 ,TR,,,1/1/00 0:00,3.5677,1.6903,5/8/23 11:16,0.54,Non-Auction Ads,Promote
20230807,1773387688105980 ,TH,,,1/1/00 0:00,8.4835,1.8658,5/8/23 11:18,0.54,Non-Auction Ads,Promote
20230807,1773387759249400 ,SA,,,1/1/00 0:00,9.8334,4.2655,5/8/23 11:20,0.54,Non-Auction Ads,Promote
20230807,1773387635543040 ,KW,,,1/1/00 0:00,1.9949,2.0499,5/8/23 11:18,0.54,Non-Auction Ads,Promote
20230807,1773387731821570 ,AE,,,1/1/00 0:00,3.6371,3.047,5/8/23 11:20,0.54,Non-Auction Ads,Promote
20230807,1773387745984510 ,VN,,,1/1/00 0:00,4.4619,1.7684,5/8/23 11:19,0.54,Non-Auction Ads,Promote
20230807,1773387741138950 ,IT,,,1/1/00 0:00,5.36,5.1091,5/8/23 11:22,0.54,Non-Auction Ads,Promote
20230807,1773387951899640 ,VN,,,1/1/00 0:00,0,5.8346,5/8/23 11:23,0.54,Non-Auction Ads,Promote
20230807,1773387586115590 ,EG,,,1/1/00 0:00,2.0916,1.8061,5/8/23 11:19,0.54,Non-Auction Ads,Promote
20230807,1773387886785530 ,VN,,,1/1/00 0:00,0,3.9562,5/8/23 11:22,0.54,Non-Auction Ads,Promote
20230807,1773387762095100 ,ID,,,1/1/00 0:00,4.9159,2.4088,5/8/23 11:20,0.54,Non-Auction Ads,Promote
20230807,1773390943869950 ,TW,TW,,1/1/00 0:00,107.11,43.964,5/8/23 12:02,2.59,RIE,Ad Group Recall (Merged)
20230807,1773388027498490 ,MY,,,1/1/00 0:00,7.6775,5.5733,5/8/23 11:24,0.54,Non-Auction Ads,Promote
20230807,1773387889141760 ,VN,,,1/1/00 0:00,3.3166,0.9711,5/8/23 11:21,0.54,Non-Auction Ads,Promote
20230807,1773387856634880 ,VN,,,1/1/00 0:00,6.8005,0.9589,5/8/23 11:22,1.53,RIE,Promote Report Recall
20230807,1773388079632380 ,SA,,,1/1/00 0:00,12.9445,3.3444,5/8/23 11:24,0.54,Non-Auction Ads,Promote
20230807,1773387977259010 ,IT,,,1/1/00 0:00,2.7197,2.8952,5/8/23 11:24,0.54,Non-Auction Ads,Promote
20230807,1773388370682880 ,SA,,,1/1/00 0:00,4.6486,10.2037,5/8/23 11:34,0.54,Non-Auction Ads,Promote
20230807,1773388272302080 ,JP,,,1/1/00 0:00,6.8352,5.725,5/8/23 11:27,0.54,Non-Auction Ads,Promote
20230807,1773387908997120 ,SA,,,1/1/00 0:00,2.4604,1.3389,5/8/23 11:23,0.54,Non-Auction Ads,Promote
20230807,1773388065259520 ,ID,,,1/1/00 0:00,4.3761,3.4255,5/8/23 11:26,0.54,Non-Auction Ads,Promote
20230807,1773388448409640 ,VN,VN,,1/1/00 0:00,,1.4377,5/8/23 11:25,2.14,Auction Ads,auction_relation
20230807,1773388119073820 ,VN,VN,,1/1/00 0:00,,2.4087,5/8/23 11:27,2.14,Auction Ads,auction_relation
20230807,1773388226846720 ,VN,,,1/1/00 0:00,0,2.0821,5/8/23 11:28,0.54,Non-Auction Ads,Promote
20230807,1773388755429370 ,VN,,,1/1/00 0:00,22.8923,8.5693,5/8/23 11:36,0.54,Non-Auction Ads,Promote
20230807,1773388755429370 ,VN,,,1/1/00 0:00,22.8923,8.5693,5/8/23 11:36,1.53,RIE,Promote Report Recall
20230807,1773390292729980 ,US,,,1/1/00 0:00,11.91,31.2681,5/8/23 11:59,0.54,Non-Auction Ads,Promote
20230807,1773388406307840 ,VN,,,1/1/00 0:00,0,2.0103,5/8/23 11:29,0.54,Non-Auction Ads,Promote
20230807,1773387999597570 ,VN,,,1/1/00 0:00,0,0.7066,5/8/23 11:27,0.54,Non-Auction Ads,Promote
20230807,1773388399587330 ,VN,,,1/1/00 0:00,0,2.0821,5/8/23 11:29,0.54,Non-Auction Ads,Promote
20230807,1773388499639290 ,EG,,,1/1/00 0:00,1.4672,3.8935,5/8/23 11:33,0.54,Non-Auction Ads,Promote
20230807,1773388463541240 ,SA,,,1/1/00 0:00,2.4122,2.2364,5/8/23 11:31,1.53,RIE,Promote Report Recall
20230807,1773388776513530 ,AE,,,1/1/00 0:00,8.1353,6.7146,5/8/23 11:36,0.54,Non-Auction Ads,Promote
20230807,1773388573073410 ,TH,,,1/1/00 0:00,7.492,1.2862,5/8/23 11:32,1.53,RIE,Promote Report Recall
20230807,1773388751494140 ,HU,,,1/1/00 0:00,1.2496,3.1943,5/8/23 11:35,0.54,Non-Auction Ads,Promote
20230807,1773388679186430 ,VN,,,1/1/00 0:00,0,1.8054,5/8/23 11:34,0.54,Non-Auction Ads,Promote
20230807,1773388507557890 ,TR,,,1/1/00 0:00,1.2745,3.8864,5/8/23 11:36,0.54,Non-Auction Ads,Promote
20230807,1773388304627710 ,BR,,,1/1/00 0:00,0.1313,1.7435,5/8/23 11:35,1.53,RIE,Promote Report Recall
20230807,1773389235659780 ,US,,,1/1/00 0:00,7.14,10.4767,5/8/23 11:44,1.53,RIE,Promote Report Recall
20230807,1773388751557630 ,TR,,,1/1/00 0:00,1.457,1.2442,5/8/23 11:35,0.54,Non-Auction Ads,Promote
20230807,1773389048619010 ,VN,,,1/1/00 0:00,11.2794,4.0056,5/8/23 11:41,0.54,Non-Auction Ads,Promote
20230807,1773388527588350 ,SA,,,1/1/00 0:00,13.1469,2.6948,5/8/23 11:37,0.54,Non-Auction Ads,Promote
20230807,1773389203191800 ,MY,,,1/1/00 0:00,10.0225,6.1152,5/8/23 11:42,0.54,Non-Auction Ads,Promote
20230807,1773388940088320 ,VN,,,1/1/00 0:00,3.887,4.4519,5/8/23 11:42,0.54,Non-Auction Ads,Promote
20230807,1773388743520250 ,ID,,,1/1/00 0:00,6.0235,0.1538,5/8/23 11:36,0.54,Non-Auction Ads,Promote
20230807,1773388838561790 ,ID,,,1/1/00 0:00,4.4782,1.3604,5/8/23 11:39,0.54,Non-Auction Ads,Promote
20230807,1773389055593470 ,AE,,,1/1/00 0:00,4.5957,2.7956,5/8/23 11:41,0.54,Non-Auction Ads,Promote
20230807,1773388514952190 ,SA,,,1/1/00 0:00,5.2484,6.0661,5/8/23 11:44,0.54,Non-Auction Ads,Promote
20230807,1773389223627790 ,IT,,,1/1/00 0:00,1.6407,4.6849,5/8/23 11:43,1.53,RIE,Promote Report Recall
20230807,1773389061554170 ,MY,,,1/1/00 0:00,6.2394,1.1707,5/8/23 11:41,0.54,Non-Auction Ads,Promote
20230807,1773389058128890 ,VN,,,1/1/00 0:00,4.6535,1.5519,5/8/23 11:41,0.54,Non-Auction Ads,Promote
20230807,1773389415043070 ,VN,,,1/1/00 0:00,19.4683,7.3184,5/8/23 11:45,0.54,Non-Auction Ads,Promote
20230807,1773389061866490 ,VN,,,1/1/00 0:00,4.0368,1.7645,5/8/23 11:41,0.54,Non-Auction Ads,Promote
20230807,1773388997942290 ,BR,,,1/1/00 0:00,2.2921,1.9954,5/8/23 11:42,0.54,Non-Auction Ads,Promote
20230807,1773389536011260 ,SA,,,1/1/00 0:00,5.5123,9.121,5/8/23 11:48,0.54,Non-Auction Ads,Promote
20230807,1773389522543610 ,VN,,,1/1/00 0:00,17.413,7.3184,5/8/23 11:47,1.53,RIE,Promote Report Recall
20230807,1773389573663740 ,VN,,,1/1/00 0:00,35.0456,7.3184,5/8/23 11:48,0.54,Non-Auction Ads,Promote
20230807,1773389111011330 ,VN,,,1/1/00 0:00,3.3134,4.7602,5/8/23 11:45,0.54,Non-Auction Ads,Promote
20230807,1773389111011330 ,VN,,,1/1/00 0:00,3.3134,4.7602,5/8/23 11:45,1.53,RIE,Promote Report Recall
20230807,1773406385321980 ,US,US&CA,,1/1/00 0:00,1003.94,336.385,5/8/23 17:11,1.81,RIE,Ad Group Recall (Merged)
20230807,1773390434572290 ,US,,,1/1/00 0:00,60.73,26.1731,5/8/23 12:06,0.54,Non-Auction Ads,Promote
20230807,1773389077289980 ,ID,,,1/1/00 0:00,3.9329,0.9078,5/8/23 11:42,0.54,Non-Auction Ads,Promote
20230807,1773389287693310 ,SA,,,1/1/00 0:00,3.9585,2.8186,5/8/23 11:44,0.54,Non-Auction Ads,Promote
20230807,1773389696039930 ,SA,,,1/1/00 0:00,0,8.8975,5/8/23 11:51,0.54,Non-Auction Ads,Promote
20230807,1773389384082430 ,VN,,,1/1/00 0:00,0.2806,1.2092,5/8/23 11:46,1.53,RIE,Promote Report Recall
20230807,1773389577347070 ,SA,,,1/1/00 0:00,0,1.8731,5/8/23 11:48,0.54,Non-Auction Ads,Promote
20230807,1773389680736290 ,RO,Other,,1/1/00 0:00,40.05,2.4042,5/8/23 11:49,1.62,RIE,Ad Group Recall (Merged)
20230807,1773395319909390 ,BR,BR,,1/1/00 0:00,290.45,67.4995,5/8/23 13:00,1.7,RIE,Ad Group Recall (Merged)
20230807,1773389596378110 ,MY,,,1/1/00 0:00,1.5589,0.7912,5/8/23 11:48,1.53,RIE,Promote Report Recall
20230807,1773386280970250 ,MX,Other,,1/1/00 0:00,10.96,9.4428,5/8/23 11:55,1.62,RIE,Ad Group Recall (Merged)
20230807,1773386280970250 ,MX,Other,,1/1/00 0:00,10.96,9.4428,5/8/23 11:55,1.62,RIE,Ad Group Recall (Merged)
20230807,1773389712348160 ,VN,,,1/1/00 0:00,8.6091,3.0643,5/8/23 11:50,0.54,Non-Auction Ads,Promote
20230807,1773367088181250 ,BR,,,1/1/00 0:00,2.5464,1.5574,5/8/23 11:50,1.53,RIE,Promote Report Recall
20230807,1773390367365120 ,SA,,,1/1/00 0:00,19.091,15.8363,5/8/23 12:02,0.54,Non-Auction Ads,Promote
20230807,1773389687949310 ,VN,,,1/1/00 0:00,12.0681,3.0643,5/8/23 11:51,0.54,Non-Auction Ads,Promote
20230807,1773389635482620 ,VN,,,1/1/00 0:00,0,1.5867,5/8/23 11:50,0.54,Non-Auction Ads,Promote
20230807,1773389809758200 ,VN,,,1/1/00 0:00,0,2.426,5/8/23 11:52,0.54,Non-Auction Ads,Promote
20230807,1773389283179520 ,ID,,,1/1/00 0:00,0.7691,0.5072,5/8/23 11:51,0.54,Non-Auction Ads,Promote
20230807,1773389861387260 ,MY,,,1/1/00 0:00,22.492,2.7457,5/8/23 11:52,0.54,Non-Auction Ads,Promote
20230807,1773389758229500 ,SA,,,1/1/00 0:00,5.2566,2.2118,5/8/23 11:52,0.54,Non-Auction Ads,Promote
20230807,1773389821545470 ,SA,,,1/1/00 0:00,13.144,3.6138,5/8/23 11:53,0.54,Non-Auction Ads,Promote
20230807,1773389855113210 ,VN,,,1/1/00 0:00,0,1.0758,5/8/23 11:52,0.54,Non-Auction Ads,Promote
20230807,1773389833681920 ,VN,,,1/1/00 0:00,0,2.426,5/8/23 11:53,0.54,Non-Auction Ads,Promote
20230807,1773390040948730 ,VN,,,1/1/00 0:00,0,4.2994,5/8/23 11:55,0.54,Non-Auction Ads,Promote
20230807,1773389801205760 ,TH,,,1/1/00 0:00,4.8428,1.007,5/8/23 11:53,0.54,Non-Auction Ads,Promote
20230807,1773389902393340 ,VN,,,1/1/00 0:00,0,1.7689,5/8/23 11:53,0.54,Non-Auction Ads,Promote
20230807,1773360081898510 ,US,US&CA,,1/1/00 0:00,127.02,6.3681,5/8/23 12:00,1.81,RIE,Ad Group Recall (Merged)
20230807,1773390197551100 ,TH,,,1/1/00 0:00,8.2739,3.903,5/8/23 11:59,0.54,Non-Auction Ads,Promote
20230807,1773390144423940 ,ES,,,1/1/00 0:00,6.6246,2.5325,5/8/23 11:58,0.54,Non-Auction Ads,Promote
20230807,1773390140726270 ,MY,,,1/1/00 0:00,6.1824,1.7809,5/8/23 11:58,0.54,Non-Auction Ads,Promote
20230807,1773390036042750 ,PH,,,1/1/00 0:00,2.57,0.9078,5/8/23 11:57,0.54,Non-Auction Ads,Promote
20230807,1773390240310270 ,TH,,,1/1/00 0:00,3.925,3.903,5/8/23 12:00,0.54,Non-Auction Ads,Promote
20230807,1773391537209370 ,MA,Other,,1/1/00 0:00,15.9797,22.908,5/8/23 12:17,1.62,RIE,Ad Group Recall (Merged)
20230807,1773390199816190 ,VN,,,1/1/00 0:00,0,1.7324,5/8/23 11:59,0.54,Non-Auction Ads,Promote
20230807,1773390394184700 ,SA,,,1/1/00 0:00,2.9907,7.4627,5/8/23 12:03,0.54,Non-Auction Ads,Promote
20230807,1773390270734330 ,SA,,,1/1/00 0:00,13.2696,3.6138,5/8/23 12:00,0.54,Non-Auction Ads,Promote
20230807,1773390693186560 ,SA,,,1/1/00 0:00,0,9.437,5/8/23 12:07,0.54,Non-Auction Ads,Promote
20230807,1773390334950400 ,VN,,,1/1/00 0:00,1.9947,1.6301,5/8/23 12:00,0.54,Non-Auction Ads,Promote
20230807,1773392122982420 ,US,,,1/1/00 0:00,7.58,27.21,5/8/23 12:30,0.54,Non-Auction Ads,Promote
20230807,1773390369938430 ,VN,,,1/1/00 0:00,3.0979,1.6301,5/8/23 12:00,0.54,Non-Auction Ads,Promote
20230807,1773390312049660 ,VN,,,1/1/00 0:00,2.0498,1.6301,5/8/23 12:01,0.54,Non-Auction Ads,Promote
20230807,1773390346797050 ,PH,,,1/1/00 0:00,9.0746,0.4505,5/8/23 12:00,0.54,Non-Auction Ads,Promote
20230807,1773390410698810 ,AE,,,1/1/00 0:00,6.8606,1.7659,5/8/23 12:02,0.54,Non-Auction Ads,Promote
20230807,1773390588785700 ,RO,,,1/1/00 0:00,6.2291,2.9406,5/8/23 12:05,0.54,Non-Auction Ads,Promote
20230807,1773390838417400 ,AE,,,1/1/00 0:00,4.0075,6.2872,5/8/23 12:09,0.54,Non-Auction Ads,Promote
20230807,1773391418831920 ,US,US&CA,,1/1/00 0:00,42.95,15.1186,5/8/23 12:16,1.81,RIE,Ad Group Recall (Merged)
20230807,1773390595075070 ,VN,,,1/1/00 0:00,0,1.1279,5/8/23 12:04,0.54,Non-Auction Ads,Promote
20230807,1773391054358530 ,AU,,,1/1/00 0:00,22.026,11.917,5/8/23 12:12,0.54,Non-Auction Ads,Promote
20230807,1773390673744890 ,VN,,,1/1/00 0:00,3.4631,1.0584,5/8/23 12:06,0.54,Non-Auction Ads,Promote
20230807,1773390666846210 ,KH,,,1/1/00 0:00,5.5476,2.7363,5/8/23 12:07,1.53,RIE,Promote Report Recall
20230807,1773390932874240 ,SA,,,1/1/00 0:00,0,9.1964,5/8/23 12:10,0.54,Non-Auction Ads,Promote
20230807,1773392033669120 ,US,,,1/1/00 0:00,46.46,20.0566,5/8/23 12:28,0.54,Non-Auction Ads,Promote
20230807,1773392147184640 ,US,,,1/1/00 0:00,40.43,20.0566,5/8/23 12:29,0.54,Non-Auction Ads,Promote
20230807,1773390553633790 ,TH,,,1/1/00 0:00,1.242,0.4718,5/8/23 12:06,1.53,RIE,Promote Report Recall
20230807,1773390555797510 ,GR,,,1/1/00 0:00,0.7817,0.8074,5/8/23 12:07,1.53,RIE,Promote Report Recall
20230807,1773390698215490 ,SG,,,1/1/00 0:00,7.5691,2.3745,5/8/23 12:07,1.53,RIE,Promote Report Recall
20230807,1773390711166970 ,TH,,,1/1/00 0:00,11.007,2.6162,5/8/23 12:07,0.54,Non-Auction Ads,Promote
20230807,1773388674445310 ,VN,,,1/1/00 0:00,0,1.3074,5/8/23 12:07,0.54,Non-Auction Ads,Promote
20230807,1773391964667900 ,JP,,,1/1/00 0:00,7.329,17.5178,5/8/23 12:27,0.54,Non-Auction Ads,Promote
20230807,1773391061087230 ,SA,,,1/1/00 0:00,11.2092,8.7208,5/8/23 12:12,0.54,Non-Auction Ads,Promote
20230807,1773390977660920 ,VN,,,1/1/00 0:00,0,7.7447,5/8/23 12:11,0.54,Non-Auction Ads,Promote
20230807,1773391909489690 ,BR,BR,,1/1/00 0:00,11.7557,1.7754,5/8/23 12:09,1.7,RIE,Ad Group Recall (Merged)
20230807,1773391319516220 ,MY,,,1/1/00 0:00,6.5928,10.205,5/8/23 12:16,0.54,Non-Auction Ads,Promote
20230807,1773391036318720 ,ES,,,1/1/00 0:00,2.9949,5.7396,5/8/23 12:11,0.54,Non-Auction Ads,Promote
20230807,1773393577190400 ,GB,,,1/1/00 0:00,22.0077,34.5002,5/8/23 12:51,1.53,RIE,Promote Report Recall
20230807,1773390974748690 ,SA,MENA,,1/1/00 0:00,9.9348,1.7528,5/8/23 12:09,1.78,Auction Ads,auction_relation
20230807,1773390960750640 ,SA,MENA,,1/1/00 0:00,10.06,1.7528,5/8/23 12:09,1.78,Auction Ads,auction_relation
20230807,1773390955331630 ,SA,MENA,,1/1/00 0:00,10.0031,1.7528,5/8/23 12:09,1.78,Auction Ads,auction_relation
20230807,1773390960742410 ,SA,MENA,,1/1/00 0:00,9.9292,1.7528,5/8/23 12:09,1.78,Auction Ads,auction_relation
20230807,1773390955313200 ,SA,MENA,,1/1/00 0:00,,1.7528,5/8/23 12:09,1.78,Auction Ads,auction_relation
20230807,1773390955322380 ,SA,MENA,,1/1/00 0:00,,1.7528,5/8/23 12:09,1.78,Auction Ads,auction_relation
20230807,1773390967804960 ,SA,MENA,,1/1/00 0:00,10.1685,1.7528,5/8/23 12:09,1.78,Auction Ads,auction_relation
20230807,1773391354243130 ,VN,,,1/1/00 0:00,0,8.4126,5/8/23 12:17,0.54,Non-Auction Ads,Promote
20230807,1773390995252220 ,IT,,,1/1/00 0:00,5.2605,1.9077,5/8/23 12:10,0.54,Non-Auction Ads,Promote
20230807,1773390878406650 ,TR,,,1/1/00 0:00,0.3943,0.1225,5/8/23 12:10,1.53,RIE,Promote Report Recall
20230807,1773391877814270 ,VN,,,1/1/00 0:00,0,8.4588,5/8/23 12:25,0.54,Non-Auction Ads,Promote
20230807,1773391480066040 ,JP,JP,,1/1/00 0:00,18.84,6.6545,5/8/23 12:18,3.21,RIE,Ad Group Recall (Merged)
20230807,1773391238943740 ,ID,,,1/1/00 0:00,5.2361,3.2638,5/8/23 12:14,0.54,Non-Auction Ads,Promote
20230807,1773391118772220 ,TH,,,1/1/00 0:00,5.9981,2.5779,5/8/23 12:13,0.54,Non-Auction Ads,Promote
20230807,1773391419164670 ,SA,MENA,,1/1/00 0:00,10.1525,1.7528,5/8/23 12:13,1.78,Auction Ads,auction_relation
20230807,1773391394653180 ,TH,,,1/1/00 0:00,39.1912,4.2831,5/8/23 12:18,0.54,Non-Auction Ads,Promote
20230807,1773391159283710 ,SA,,,1/1/00 0:00,0,1.5283,5/8/23 12:15,0.54,Non-Auction Ads,Promote
20230807,1773391604413440 ,SA,,,1/1/00 0:00,0,4.8268,5/8/23 12:21,0.54,Non-Auction Ads,Promote
20230807,1773391196961790 ,MY,,,1/1/00 0:00,2.7777,1.8082,5/8/23 12:16,1.53,RIE,Promote Report Recall
20230807,1773393898142750 ,US,,,1/1/00 0:00,28.02,31.9758,5/8/23 12:58,0.54,Non-Auction Ads,Promote
20230807,1773391347102740 ,BR,,,1/1/00 0:00,1.6375,1.9397,5/8/23 12:18,0.54,Non-Auction Ads,Promote
20230807,1773392013098040 ,SA,,,1/1/00 0:00,0,4.5261,5/8/23 12:27,0.54,Non-Auction Ads,Promote
20230807,1773391919175680 ,SA,,,1/1/00 0:00,4.1689,3.9505,5/8/23 12:26,0.54,Non-Auction Ads,Promote
20230807,1773391919175680 ,SA,,,1/1/00 0:00,4.1689,3.9505,5/8/23 12:26,0.54,Non-Auction Ads,Promote
20230807,1773388818611230 ,NO,Others,,1/1/00 0:00,0,10.8383,5/8/23 12:33,1.56,Auction Ads,auction_all
20230807,1773388818611230 ,DK,DK,,1/1/00 0:00,0,10.8383,5/8/23 12:33,1.31,Auction Ads,auction_relation
20230807,1773392107489280 ,VN,,,1/1/00 0:00,45.8448,4.8506,5/8/23 12:29,0.54,Non-Auction Ads,Promote
20230807,1773391735715840 ,PH,,,1/1/00 0:00,1.4031,0.3758,5/8/23 12:22,1.53,RIE,Promote Report Recall
20230807,1773392342299690 ,NO,Others,,1/1/00 0:00,0.14,0.435,5/8/23 12:26,1.56,Auction Ads,auction_all
20230807,1773392551957500 ,SA,,,1/1/00 0:00,0,10.7943,5/8/23 12:36,0.54,Non-Auction Ads,Promote
20230807,1773392226479100 ,SA,,,1/1/00 0:00,0,5.5245,5/8/23 12:31,0.54,Non-Auction Ads,Promote
20230807,1773392841169920 ,NZ,,,1/1/00 0:00,14.4184,14.138,5/8/23 12:41,0.54,Non-Auction Ads,Promote
20230807,1773396407093260 ,BR,BR,,1/1/00 0:00,673.7,37.7355,5/8/23 13:07,1.7,RIE,Ad Group Recall (Merged)
20230807,1773392147879940 ,BR,,,1/1/00 0:00,3.8512,5.3577,5/8/23 12:31,0.54,Non-Auction Ads,Promote
20230807,1773392156726270 ,MY,,,1/1/00 0:00,1.1108,1.488,5/8/23 12:29,0.54,Non-Auction Ads,Promote
20230807,1773392066408440 ,VN,,,1/1/00 0:00,0,1.8142,5/8/23 12:30,0.54,Non-Auction Ads,Promote
20230807,1773392259294200 ,SA,,,1/1/00 0:00,0,1.4909,5/8/23 12:30,0.54,Non-Auction Ads,Promote
20230807,1773392226770940 ,VN,,,1/1/00 0:00,0,1.0657,5/8/23 12:30,0.54,Non-Auction Ads,Promote
20230807,1773392333638650 ,VN,,,1/1/00 0:00,0,3.1141,5/8/23 12:32,0.54,Non-Auction Ads,Promote
20230807,1773392272421880 ,PH,,,1/1/00 0:00,0.6713,0.2423,5/8/23 12:31,1.53,RIE,Promote Report Recall
20230807,1773392315693050 ,VN,,,1/1/00 0:00,0,1.3023,5/8/23 12:32,0.54,Non-Auction Ads,Promote
20230807,1773390262362140 ,TR,TR,,1/1/00 0:00,6.5691,1.9896,5/8/23 12:34,0.83,Auction Ads,auction_relation
20230807,1773392479861760 ,SA,,,1/1/00 0:00,3.3506,1.6846,5/8/23 12:34,0.54,Non-Auction Ads,Promote
20230807,1773392448732160 ,ID,,,1/1/00 0:00,5.7228,2.8795,5/8/23 12:36,0.54,Non-Auction Ads,Promote
20230807,1773392428687360 ,PH,,,1/1/00 0:00,5.2805,1.9567,5/8/23 12:34,0.54,Non-Auction Ads,Promote
20230807,1773392690321410 ,IT,,,1/1/00 0:00,4.074,5.2967,5/8/23 12:39,0.54,Non-Auction Ads,Promote
20230807,1773389639346200 ,US,US&CA,,1/1/00 0:00,0,12.1504,5/8/23 12:48,1.81,RIE,Ad Group Recall (Merged)
20230807,1773392541474810 ,PH,,,1/1/00 0:00,2.3921,1.5371,5/8/23 12:35,0.54,Non-Auction Ads,Promote
20230807,1773392614883340 ,VN,VN,,1/1/00 0:00,,0.5797,5/8/23 12:34,2.14,Auction Ads,auction_relation
20230807,1773392905573370 ,KW,,,1/1/00 0:00,8.203,5.0467,5/8/23 12:41,0.54,Non-Auction Ads,Promote
20230807,1773393842938880 ,CA,,,1/1/00 0:00,12.88,16.3467,5/8/23 12:57,0.54,Non-Auction Ads,Promote
20230807,1773392833650680 ,SA,,,1/1/00 0:00,18.1124,4.3059,5/8/23 12:41,0.54,Non-Auction Ads,Promote
20230807,1773392506943480 ,MY,,,1/1/00 0:00,2.134,0.1397,5/8/23 12:36,1.53,RIE,Promote Report Recall
20230807,1773392643678210 ,VN,,,1/1/00 0:00,3.9904,0.6942,5/8/23 12:37,0.54,Non-Auction Ads,Promote
20230807,1773392486112250 ,ID,,,1/1/00 0:00,6.0167,1.9567,5/8/23 12:39,0.54,Non-Auction Ads,Promote
20230807,1773392685585440 ,VN,VN,,1/1/00 0:00,,0.5797,5/8/23 12:37,2.14,Auction Ads,auction_relation
20230807,1773392935592960 ,SA,,,1/1/00 0:00,5.7073,2.3048,5/8/23 12:41,1.53,RIE,Promote Report Recall
20230807,1773393381767160 ,ID,,,1/1/00 0:00,1.645,12.2326,5/8/23 12:56,0.54,Non-Auction Ads,Promote
20230807,1773392908544000 ,SA,,,1/1/00 0:00,14.0582,2.3378,5/8/23 12:43,0.54,Non-Auction Ads,Promote
20230807,1773393044093950 ,TR,,,1/1/00 0:00,1.7297,1.8153,5/8/23 12:43,0.54,Non-Auction Ads,Promote
20230807,1773392934434810 ,SA,,,1/1/00 0:00,3.94,2.4056,5/8/23 12:43,0.54,Non-Auction Ads,Promote
20230807,1773393113966590 ,FR,,,1/1/00 0:00,3.4464,3.1948,5/8/23 12:45,1.53,RIE,Promote Report Recall
20230807,1773393227354110 ,SA,,,1/1/00 0:00,11.47,3.5666,5/8/23 12:46,0.54,Non-Auction Ads,Promote
20230807,1773393356603450 ,VN,,,1/1/00 0:00,0,3.8473,5/8/23 12:48,0.54,Non-Auction Ads,Promote
20230807,1773393287363580 ,SA,,,1/1/00 0:00,0,4.5567,5/8/23 12:49,0.54,Non-Auction Ads,Promote
20230807,1773393258494980 ,HU,,,1/1/00 0:00,4.7966,3.1013,5/8/23 12:47,0.54,Non-Auction Ads,Promote
20230807,1773393007301630 ,TR,,,1/1/00 0:00,0.3389,0.6128,5/8/23 12:44,0.54,Non-Auction Ads,Promote
20230807,1773393108568060 ,ID,,,1/1/00 0:00,3.2027,1.244,5/8/23 12:45,0.54,Non-Auction Ads,Promote
20230807,1773392950809600 ,EG,,,1/1/00 0:00,4.1316,1.2652,5/8/23 12:46,0.54,Non-Auction Ads,Promote
20230807,1773394112211970 ,MY,,,1/1/00 0:00,10.3253,12.9878,5/8/23 13:00,0.54,Non-Auction Ads,Promote
20230807,1773393361184760 ,TR,,,1/1/00 0:00,1.9935,1.8153,5/8/23 12:49,0.54,Non-Auction Ads,Promote
20230807,1773393380180990 ,EG,,,1/1/00 0:00,1.1649,2.3264,5/8/23 12:50,0.54,Non-Auction Ads,Promote
20230807,1773393355849720 ,TR,,,1/1/00 0:00,1.6099,1.339,5/8/23 12:50,0.54,Non-Auction Ads,Promote
20230807,1773393754494970 ,VN,,,1/1/00 0:00,0,4.2829,5/8/23 12:54,0.54,Non-Auction Ads,Promote
20230807,1773393770097660 ,SA,,,1/1/00 0:00,2.4735,5.4272,5/8/23 12:56,0.54,Non-Auction Ads,Promote
20230807,1773425043836960 ,US,USCA,,1/1/00 0:00,4.65,9.605,5/8/23 12:59,1.78,Auction Ads,auction_relation
20230807,1773393585189890 ,MY,,,1/1/00 0:00,5.7763,1.8035,5/8/23 12:52,0.54,Non-Auction Ads,Promote
20230807,1773398969689130 ,JP,JP,,1/1/00 0:00,20.7877,86.4883,5/8/23 14:16,3.21,RIE,Ad Group Recall (Merged)
20230807,1773393590109180 ,TR,,,1/1/00 0:00,2.2652,2.1804,5/8/23 12:53,0.54,Non-Auction Ads,Promote
20230807,1773393717462020 ,IT,,,1/1/00 0:00,5.558,2.4108,5/8/23 12:55,0.54,Non-Auction Ads,Promote
20230807,1773394096978960 ,FR,FR,,1/1/00 0:00,929.39,17.2524,5/8/23 13:10,1.76,RIE,Ad Group Recall (Merged)
20230807,1773393946337280 ,IQ,Other,,1/1/00 0:00,12.94,2.1101,5/8/23 12:56,1.62,RIE,Ad Group Recall (Merged)
20230807,1773393249102840 ,ID,,,1/1/00 0:00,3.5825,0.6122,5/8/23 12:53,0.54,Non-Auction Ads,Promote
20230807,1773394220435490 ,IT,IT,,1/1/00 0:00,43.31,17.2524,5/8/23 13:12,1.79,RIE,Ad Group Recall (Merged)
20230807,1773394250705950 ,TH,TH,,1/1/00 0:00,170.6555,4.4228,5/8/23 12:58,1.64,Auction Ads,auction_relation
20230807,1773390246547470 ,DK,DK,,1/1/00 0:00,,2.5651,5/8/23 12:58,1.31,Auction Ads,auction_relation
20230807,1773392948587550 ,SA,MENA,,1/1/00 0:00,285.38,48.5291,5/8/23 13:40,1.78,Auction Ads,auction_relation
20230807,1773392948587550 ,MA,MA,,1/1/00 0:00,285.38,48.5291,5/8/23 13:40,1.51,Auction Ads,auction_relation
20230807,1773392948587550 ,QA,Others,,1/1/00 0:00,285.38,48.5291,5/8/23 13:40,1.56,Auction Ads,auction_all
20230807,1773392948587550 ,KW,Others,,1/1/00 0:00,285.38,48.5291,5/8/23 13:40,1.56,Auction Ads,auction_all
20230807,1773392948587550 ,EG,MENA,,1/1/00 0:00,285.38,48.5291,5/8/23 13:40,1.78,Auction Ads,auction_relation
20230807,1773276790715420 ,AU,AU,,1/1/00 0:00,215.4884,65.283,5/8/23 14:00,1.43,Non-Auction Ads,R&F
20230807,1773276790715420 ,AU,AU,,1/1/00 0:00,215.4884,65.283,5/8/23 14:00,1.43,Non-Auction Ads,R&F
20230807,1773394241340410 ,VN,,,1/1/00 0:00,14.0481,6.1432,5/8/23 13:02,0.54,Non-Auction Ads,Promote
20230807,1773394874944560 ,NO,Others,,1/1/00 0:00,0,25.1367,5/8/23 13:22,1.56,Auction Ads,auction_all
20230807,1773394874944560 ,DK,DK,,1/1/00 0:00,0,25.1367,5/8/23 13:22,1.31,Auction Ads,auction_relation
20230807,1773394893299740 ,DK,DK,,1/1/00 0:00,20.17,25.1367,5/8/23 13:22,1.31,Auction Ads,auction_relation
20230807,1773393907506170 ,KH,,,1/1/00 0:00,1.8056,0.6248,5/8/23 12:58,0.54,Non-Auction Ads,Promote
20230807,1773393993058370 ,VN,,,1/1/00 0:00,0,1.6368,5/8/23 12:59,0.54,Non-Auction Ads,Promote
20230807,1773395259305980 ,SA,,,1/1/00 0:00,1.8898,20.8862,5/8/23 13:19,0.54,Non-Auction Ads,Promote
20230807,1773394060855290 ,MY,,,1/1/00 0:00,6.7289,1.7181,5/8/23 12:59,0.54,Non-Auction Ads,Promote
20230807,1773394019013630 ,ID,,,1/1/00 0:00,3.9474,0.4666,5/8/23 12:59,0.54,Non-Auction Ads,Promote
20230807,1773394794596350 ,SA,,,1/1/00 0:00,0,12.6615,5/8/23 13:12,0.54,Non-Auction Ads,Promote
20230807,1773394273226750 ,TH,,,1/1/00 0:00,5.9141,5.8667,5/8/23 13:04,0.54,Non-Auction Ads,Promote
20230807,1773394724619260 ,SA,,,1/1/00 0:00,6.0055,11.6579,5/8/23 13:11,0.54,Non-Auction Ads,Promote
20230807,1773395686770720 ,SA,MENA,,1/1/00 0:00,45.8423,27.3662,5/8/23 13:23,1.78,Auction Ads,auction_relation
20230807,1773394176788480 ,KW,,,1/1/00 0:00,6.5732,4.1525,5/8/23 13:02,0.54,Non-Auction Ads,Promote
20230807,1773394114528250 ,ID,,,1/1/00 0:00,11.4383,2.0164,5/8/23 13:01,0.54,Non-Auction Ads,Promote
20230807,1773394878193710 ,CZ,Other,,1/1/00 0:00,240.99,25.1367,5/8/23 13:22,1.62,RIE,Ad Group Recall (Merged)
20230807,1773394878193710 ,GR,Other,,1/1/00 0:00,240.99,25.1367,5/8/23 13:22,1.62,RIE,Ad Group Recall (Merged)
20230807,1773394878193710 ,RO,Other,,1/1/00 0:00,240.99,25.1367,5/8/23 13:22,1.62,RIE,Ad Group Recall (Merged)
20230807,1773394878193710 ,IE,Other,,1/1/00 0:00,240.99,25.1367,5/8/23 13:22,1.62,RIE,Ad Group Recall (Merged)
20230807,1773394878193710 ,ZA,Other,,1/1/00 0:00,240.99,25.1367,5/8/23 13:22,1.62,RIE,Ad Group Recall (Merged)
20230807,1773394878193710 ,SG,Other,,1/1/00 0:00,240.99,25.1367,5/8/23 13:22,1.62,RIE,Ad Group Recall (Merged)
20230807,1773394878193710 ,PT,Other,,1/1/00 0:00,240.99,25.1367,5/8/23 13:22,1.62,RIE,Ad Group Recall (Merged)
20230807,1773394902403070 ,SG,Other,,1/1/00 0:00,98.83,25.1367,5/8/23 13:23,1.62,RIE,Ad Group Recall (Merged)
20230807,1773394183399420 ,VN,,,1/1/00 0:00,6.1085,1.1004,5/8/23 13:01,0.54,Non-Auction Ads,Promote
20230807,1773374251260930 ,US,US&CA,,1/1/00 0:00,0,5.338,5/8/23 13:05,1.81,RIE,Ad Group Recall (Merged)
20230807,1773394195428350 ,TR,,,1/1/00 0:00,1.0769,2.6602,5/8/23 13:02,0.54,Non-Auction Ads,Promote
20230807,1773394228507640 ,VN,,,1/1/00 0:00,8.605,1.781,5/8/23 13:02,0.54,Non-Auction Ads,Promote
20230807,1773394112037890 ,SA,,,1/1/00 0:00,4.0383,0.8494,5/8/23 13:02,0.54,Non-Auction Ads,Promote
20230807,1773394138589180 ,SA,,,1/1/00 0:00,0,1.8622,5/8/23 13:02,0.54,Non-Auction Ads,Promote
20230807,1773395126254600 ,BR,BR,,1/1/00 0:00,180.57,10.1556,5/8/23 13:16,1.7,RIE,Ad Group Recall (Merged)
20230807,1773394332786750 ,KW,,,1/1/00 0:00,2.2096,2.3312,5/8/23 13:04,0.54,Non-Auction Ads,Promote
20230807,1773394313179130 ,SA,,,1/1/00 0:00,4.5342,1.4183,5/8/23 13:04,0.54,Non-Auction Ads,Promote
20230807,1773394246416380 ,ID,,,1/1/00 0:00,1.4244,0.56,5/8/23 13:04,1.53,RIE,Promote Report Recall
20230807,1773399064061980 ,SA,MENA,,1/1/00 0:00,196.1428,68.1782,5/8/23 14:10,1.78,Auction Ads,auction_relation
20230807,1773394359274490 ,VN,,,1/1/00 0:00,9.2711,1.4544,5/8/23 13:05,0.54,Non-Auction Ads,Promote
20230807,1773394473332830 ,IT,,,1/1/00 0:00,5.3928,1.8602,5/8/23 13:06,0.54,Non-Auction Ads,Promote
20230807,1773394496206840 ,SA,,,1/1/00 0:00,0,2.2337,5/8/23 13:07,0.54,Non-Auction Ads,Promote
20230807,1773394404754430 ,RO,,,1/1/00 0:00,4.7788,1.2622,5/8/23 13:06,0.54,Non-Auction Ads,Promote
20230807,1773394544706560 ,EG,,,1/1/00 0:00,0,2.7527,5/8/23 13:08,0.54,Non-Auction Ads,Promote
20230807,1773394577536000 ,SA,,,1/1/00 0:00,0,2.2337,5/8/23 13:08,0.54,Non-Auction Ads,Promote
20230807,1773396196453420 ,SA,MENA,,1/1/00 0:00,78.9793,27.3662,5/8/23 13:32,1.78,Auction Ads,auction_relation
20230807,1773394593489920 ,SA,,,1/1/00 0:00,0,2.3036,5/8/23 13:09,0.54,Non-Auction Ads,Promote
20230807,1773396570063870 ,BR,BR,,1/1/00 0:00,33.95,33.4607,5/8/23 13:39,1.7,RIE,Ad Group Recall (Merged)
20230807,1773391900711980 ,IE,IE,,1/1/00 0:00,0,18.3055,5/8/23 13:23,1.52,Auction Ads,auction_relation
20230807,1773392142538750 ,SA,MENA,,1/1/00 0:00,11.7585,4.6628,5/8/23 13:14,1.67,RIE,Ad Group Recall (Merged)
20230807,1773394931432440 ,VN,,,1/1/00 0:00,0,4.11,5/8/23 13:14,0.54,Non-Auction Ads,Promote
20230807,1773391349467180 ,US,US&CA,,1/1/00 0:00,58.56,4.868,5/8/23 13:16,1.81,RIE,Ad Group Recall (Merged)
20230807,1773395478714410 ,ZA,Other,,1/1/00 0:00,751.37,25.1367,5/8/23 13:32,1.62,RIE,Ad Group Recall (Merged)
20230807,1773395533474840 ,IQ,Other,,1/1/00 0:00,37.86,10.1993,5/8/23 13:20,1.62,RIE,Ad Group Recall (Merged)
20230807,1773395161400320 ,SA,,,1/1/00 0:00,5.9447,5.6803,5/8/23 13:18,0.54,Non-Auction Ads,Promote
20230807,1773394887286780 ,ID,,,1/1/00 0:00,3.1252,0.7826,5/8/23 13:13,0.54,Non-Auction Ads,Promote
20230807,1773394920073220 ,BR,,,1/1/00 0:00,2.4664,3.2765,5/8/23 13:17,0.54,Non-Auction Ads,Promote
20230807,1773393958295660 ,NL,NL,,1/1/00 0:00,53.4757,42.4455,5/8/23 13:52,1.19,Auction Ads,auction_relation
20230807,1773395098648580 ,RO,,,1/1/00 0:00,9.1502,2.39,5/8/23 13:17,0.54,Non-Auction Ads,Promote
20230807,1773395135038460 ,AE,,,1/1/00 0:00,4.8105,2.3684,5/8/23 13:18,0.54,Non-Auction Ads,Promote
20230807,1773395135038460 ,AE,,,1/1/00 0:00,4.8105,2.3684,5/8/23 13:18,0.54,Non-Auction Ads,Promote
20230807,1773395538286590 ,JP,,,1/1/00 0:00,2.5395,10.7588,5/8/23 13:23,0.54,Non-Auction Ads,Promote
20230807,1773395174005760 ,PH,,,1/1/00 0:00,6.4823,3.1185,5/8/23 13:18,0.54,Non-Auction Ads,Promote
20230807,1773395343917060 ,BE,,,1/1/00 0:00,3.1914,2.5653,5/8/23 13:21,1.53,RIE,Promote Report Recall
20230807,1773395277272060 ,ID,,,1/1/00 0:00,0.8374,0.5701,5/8/23 13:20,1.53,RIE,Promote Report Recall
20230807,1773395339800570 ,VN,,,1/1/00 0:00,7.2575,1.1608,5/8/23 13:22,0.54,Non-Auction Ads,Promote
20230807,1773395473447930 ,VN,,,1/1/00 0:00,7.5757,0.4801,5/8/23 13:22,0.54,Non-Auction Ads,Promote
20230807,1773397042513920 ,QA,,,1/1/00 0:00,75.0272,29.0498,5/8/23 13:49,1.53,RIE,Promote Report Recall
20230807,1773396037601280 ,QA,,,1/1/00 0:00,13.7531,10.7907,5/8/23 13:32,0.54,Non-Auction Ads,Promote
20230807,1773395644733440 ,AE,,,1/1/00 0:00,8.1898,3.2608,5/8/23 13:24,0.54,Non-Auction Ads,Promote
20230807,1773395470774270 ,AE,,,1/1/00 0:00,6.4906,2.4202,5/8/23 13:24,0.54,Non-Auction Ads,Promote
20230807,1773395969095680 ,VN,,,1/1/00 0:00,7.13,6.75,5/8/23 13:31,0.54,Non-Auction Ads,Promote
20230807,1773396496943100 ,FR,,,1/1/00 0:00,9.6781,16.1154,5/8/23 13:39,0.54,Non-Auction Ads,Promote
20230807,1773395575468030 ,IL,,,1/1/00 0:00,2.742,2.3627,5/8/23 13:25,0.54,Non-Auction Ads,Promote
20230807,1773395515392000 ,TR,,,1/1/00 0:00,0.9766,0.6177,5/8/23 13:23,0.54,Non-Auction Ads,Promote
20230807,1773396092282880 ,VN,,,1/1/00 0:00,7.87,6.75,5/8/23 13:32,0.54,Non-Auction Ads,Promote
20230807,1773395767598080 ,VN,,,1/1/00 0:00,0.7433,2.8737,5/8/23 13:27,0.54,Non-Auction Ads,Promote
20230807,1773395746164750 ,VN,,,1/1/00 0:00,10.01,1.8666,5/8/23 13:26,0.54,Non-Auction Ads,Promote
20230807,1773395594627070 ,VN,,,1/1/00 0:00,0,0.9442,5/8/23 13:25,0.54,Non-Auction Ads,Promote
20230807,1773397269258240 ,US,US&CA,,1/1/00 0:00,90.89,86.837,5/8/23 14:55,1.81,RIE,Ad Group Recall (Merged)
20230807,1773397266891790 ,US,US&CA,,1/1/00 0:00,97.34,86.837,5/8/23 14:55,1.81,RIE,Ad Group Recall (Merged)
20230807,1773395795590140 ,BE,,,1/1/00 0:00,2.333,0.8688,5/8/23 13:28,1.53,RIE,Promote Report Recall
20230807,1773396006965250 ,TR,,,1/1/00 0:00,1.7982,3.387,5/8/23 13:31,0.54,Non-Auction Ads,Promote
20230807,1773395520155650 ,ID,,,1/1/00 0:00,7.4997,2.0879,5/8/23 13:29,0.54,Non-Auction Ads,Promote
20230807,1773396206475260 ,SA,,,1/1/00 0:00,3.9503,8.9538,5/8/23 13:35,0.54,Non-Auction Ads,Promote
20230807,1773395953164290 ,KW,,,1/1/00 0:00,2.5383,2.1352,5/8/23 13:30,0.54,Non-Auction Ads,Promote
20230807,1773395325818880 ,ID,,,1/1/00 0:00,1.5002,0.583,5/8/23 13:28,1.53,RIE,Promote Report Recall
20230807,1773398102452250 ,GR,Other,,1/1/00 0:00,230.83,25.8621,5/8/23 13:53,1.62,RIE,Ad Group Recall (Merged)
20230807,1773398102452250 ,RO,Other,,1/1/00 0:00,230.83,25.8621,5/8/23 13:53,1.62,RIE,Ad Group Recall (Merged)
20230807,1773310346005500 ,EG,,,1/1/00 0:00,0.3959,0.7713,5/8/23 13:28,1.53,RIE,Promote Report Recall
20230807,1773396120193030 ,BR,,,1/1/00 0:00,3.5334,7.0182,5/8/23 13:34,0.54,Non-Auction Ads,Promote
20230807,1773396008930300 ,ID,,,1/1/00 0:00,2.575,0.9502,5/8/23 13:31,0.54,Non-Auction Ads,Promote
20230807,1773396160461820 ,AE,,,1/1/00 0:00,9.5312,4.233,5/8/23 13:34,0.54,Non-Auction Ads,Promote
20230807,1773396386455550 ,DE,,,1/1/00 0:00,20.9983,6.8713,5/8/23 13:38,0.54,Non-Auction Ads,Promote
20230807,1773396270110720 ,SA,,,1/1/00 0:00,13.6317,5.4474,5/8/23 13:35,0.54,Non-Auction Ads,Promote
20230807,1773396116706300 ,VN,,,1/1/00 0:00,0,1.9954,5/8/23 13:33,0.54,Non-Auction Ads,Promote
20230807,1773396069806080 ,EG,,,1/1/00 0:00,2.2194,0.7931,5/8/23 13:32,0.54,Non-Auction Ads,Promote
20230807,1773396105907200 ,TH,,,1/1/00 0:00,11.0494,1.1798,5/8/23 13:33,0.54,Non-Auction Ads,Promote
20230807,1773398079694850 ,US,,,1/1/00 0:00,2.82,30.9544,5/8/23 14:04,1.53,RIE,Promote Report Recall
20230807,1773398079694850 ,US,,,1/1/00 0:00,2.82,30.9544,5/8/23 14:04,1.53,RIE,Promote Report Recall
20230807,1773396166150160 ,VN,,,1/1/00 0:00,0,1.8666,5/8/23 13:34,0.54,Non-Auction Ads,Promote
20230807,1773398418603040 ,BR,BR,,1/1/00 0:00,102.7,31.3855,5/8/23 14:05,1.7,RIE,Ad Group Recall (Merged)
20230807,1773322792243210 ,DK,DK,,1/1/00 0:00,31.2331,25.4241,5/8/23 14:00,1.31,Auction Ads,auction_relation
20230807,1773396239539200 ,TH,,,1/1/00 0:00,3.7491,1.1798,5/8/23 13:34,0.54,Non-Auction Ads,Promote
20230807,1773396186959890 ,VN,,,1/1/00 0:00,0,1.8666,5/8/23 13:34,0.54,Non-Auction Ads,Promote
20230807,1773396328610820 ,BR,,,1/1/00 0:00,2.3229,2.3334,5/8/23 13:36,1.53,RIE,Promote Report Recall
20230807,1773396389302270 ,VN,,,1/1/00 0:00,11.0789,2.4317,5/8/23 13:37,0.54,Non-Auction Ads,Promote
20230807,1773396346166270 ,VN,,,1/1/00 0:00,0,0.9338,5/8/23 13:35,0.54,Non-Auction Ads,Promote
20230807,1773396662962180 ,US,,,1/1/00 0:00,0.94,7.72,5/8/23 13:43,1.53,RIE,Promote Report Recall
20230807,1773396126952450 ,ID,,,1/1/00 0:00,5.0254,0.9232,5/8/23 13:39,0.54,Non-Auction Ads,Promote
20230807,1773397332938750 ,ES,,,1/1/00 0:00,16.7506,13.4057,5/8/23 13:52,0.54,Non-Auction Ads,Promote
20230807,1773396693681150 ,SA,,,1/1/00 0:00,0,6.1269,5/8/23 13:43,0.54,Non-Auction Ads,Promote
20230807,1773396743663610 ,VN,,,1/1/00 0:00,12.8898,5.0475,5/8/23 13:43,0.54,Non-Auction Ads,Promote
20230807,1773396680521730 ,SA,,,1/1/00 0:00,0,2.3619,5/8/23 13:41,0.54,Non-Auction Ads,Promote
20230807,1773397094885380 ,GB,,,1/1/00 0:00,30.1905,7.8625,5/8/23 13:48,0.54,Non-Auction Ads,Promote
20230807,1773396624023550 ,BR,,,1/1/00 0:00,3.9601,1.7455,5/8/23 13:42,0.54,Non-Auction Ads,Promote
20230807,1773396856090620 ,KW,,,1/1/00 0:00,15.8325,3.6375,5/8/23 13:44,0.54,Non-Auction Ads,Promote
20230807,1773396768972800 ,FR,,,1/1/00 0:00,17.2896,3.4639,5/8/23 13:44,0.54,Non-Auction Ads,Promote
20230807,1773396724026430 ,VN,,,1/1/00 0:00,6.2282,1.2232,5/8/23 13:43,0.54,Non-Auction Ads,Promote
20230807,1773395849463870 ,ID,,,1/1/00 0:00,2.8058,0.3048,5/8/23 13:42,0.54,Non-Auction Ads,Promote
20230807,1773396956291070 ,PT,,,1/1/00 0:00,6.7793,5.3512,5/8/23 13:46,0.54,Non-Auction Ads,Promote
20230807,1773396884084730 ,VN,,,1/1/00 0:00,0,2.6906,5/8/23 13:44,0.54,Non-Auction Ads,Promote
20230807,1773396769077250 ,EG,,,1/1/00 0:00,1.8999,0.6663,5/8/23 13:44,0.54,Non-Auction Ads,Promote
20230807,1773397280951310 ,BR,,,1/1/00 0:00,8.3943,4.443,5/8/23 13:51,0.54,Non-Auction Ads,Promote
20230807,1773396951897090 ,VN,,,1/1/00 0:00,9.5205,1.379,5/8/23 13:45,0.54,Non-Auction Ads,Promote
20230807,1773397032891390 ,BR,,,1/1/00 0:00,2.9796,2.6948,5/8/23 13:48,0.54,Non-Auction Ads,Promote
20230807,1773397097085950 ,KW,,,1/1/00 0:00,2.75,5.1058,5/8/23 13:52,0.54,Non-Auction Ads,Promote
20230807,1773396933869560 ,VN,,,1/1/00 0:00,0,0.9425,5/8/23 13:46,0.54,Non-Auction Ads,Promote
20230807,1773397857771520 ,SA,,,1/1/00 0:00,10.6971,9.5217,5/8/23 13:59,0.54,Non-Auction Ads,Promote
20230807,1773397108211710 ,VN,,,1/1/00 0:00,0,0.2774,5/8/23 13:48,0.54,Non-Auction Ads,Promote
20230807,1773397895403520 ,SA,,,1/1/00 0:00,0,13.3279,5/8/23 14:01,0.54,Non-Auction Ads,Promote
20230807,1773398076095510 ,CA,,,1/1/00 0:00,16.899,13.4951,5/8/23 14:04,0.54,Non-Auction Ads,Promote
20230807,1773397805488120 ,VN,,,1/1/00 0:00,6.3138,9.4223,5/8/23 14:00,0.54,Non-Auction Ads,Promote
20230807,1773396462581760 ,SA,,,1/1/00 0:00,22.8493,5.4319,5/8/23 13:58,0.54,Non-Auction Ads,Promote
20230807,1773397365386240 ,TR,,,1/1/00 0:00,1.8199,1.856,5/8/23 13:53,0.54,Non-Auction Ads,Promote
20230807,1773399075219450 ,MY,MY,,1/1/00 0:00,4.4568,1.119,5/8/23 13:52,2.31,Auction Ads,auction_relation
20230807,1773397446737940 ,PT,,,1/1/00 0:00,3.5769,2.5802,5/8/23 13:57,0.54,Non-Auction Ads,Promote
20230807,1773367972889610 ,GB,GB,,1/1/00 0:00,61.33,8.5993,5/8/23 14:01,1.76,Auction Ads,auction_relation
20230807,1773397302960130 ,GR,,,1/1/00 0:00,1.2111,1.2776,5/8/23 13:54,0.54,Non-Auction Ads,Promote
20230807,1773397846745090 ,VN,,,1/1/00 0:00,0,7.0739,5/8/23 14:00,0.54,Non-Auction Ads,Promote
20230807,1773400570419230 ,PH,PH,,1/1/00 0:00,15.9118,1.8515,5/8/23 13:57,2.46,Auction Ads,auction_relation
20230807,1773368044044300 ,GB,GB,,1/1/00 0:00,1.99,8.5993,5/8/23 14:05,1.76,Auction Ads,auction_relation
20230807,1773390327819290 ,CA,US&CA,,1/1/00 0:00,0.4,2.1926,5/8/23 14:00,1.81,RIE,Ad Group Recall (Merged)
20230807,1773390252088370 ,CA,US&CA,,1/1/00 0:00,0.48,2.1926,5/8/23 14:00,1.81,RIE,Ad Group Recall (Merged)
20230807,1773390239785010 ,CA,US&CA,,1/1/00 0:00,0.42,2.1926,5/8/23 14:00,1.81,RIE,Ad Group Recall (Merged)
20230807,1773390277552130 ,CA,US&CA,,1/1/00 0:00,0.21,2.1926,5/8/23 14:00,1.81,RIE,Ad Group Recall (Merged)
20230807,1773402177418250 ,FR,FR,,1/1/00 0:00,14.18,9.7355,5/8/23 14:06,1.76,RIE,Ad Group Recall (Merged)
20230807,1773398149444600 ,VN,,,1/1/00 0:00,0,8.4128,5/8/23 14:05,0.54,Non-Auction Ads,Promote
20230807,1773397928074240 ,AE,,,1/1/00 0:00,6.7548,3.6908,5/8/23 14:01,0.54,Non-Auction Ads,Promote
20230807,1773397986414590 ,VN,,,1/1/00 0:00,0,4.6421,5/8/23 14:03,0.54,Non-Auction Ads,Promote
20230807,1773398466021380 ,US,,,1/1/00 0:00,34.19,14.3075,5/8/23 14:10,0.54,Non-Auction Ads,Promote
20230807,1773397747917820 ,ID,,,1/1/00 0:00,10.036,1.3139,5/8/23 14:00,0.54,Non-Auction Ads,Promote
20230807,1773394492979210 ,US,US&CA,,1/1/00 0:00,0,6.7717,5/8/23 14:05,1.81,RIE,Ad Group Recall (Merged)
20230807,1773398981618690 ,SA,,,1/1/00 0:00,0,19.3255,5/8/23 14:18,0.54,Non-Auction Ads,Promote
20230807,1773398468226050 ,DE,,,1/1/00 0:00,11.0305,10.7421,5/8/23 14:09,0.54,Non-Auction Ads,Promote
20230807,1773402315185200 ,DE,DE,,1/1/00 0:00,200.57,62.0905,5/8/23 15:06,1.01,Auction Ads,auction_relation
20230807,1773398080480250 ,TR,,,1/1/00 0:00,0.7261,4.0742,5/8/23 14:05,0.54,Non-Auction Ads,Promote
20230807,1773401385062420 ,US,,,1/1/00 0:00,40.67,53.11,5/8/23 14:57,0.54,Non-Auction Ads,Promote
20230807,1773398587339770 ,SA,,,1/1/00 0:00,6.7362,11.293,5/8/23 14:11,0.54,Non-Auction Ads,Promote
20230807,1773398132364290 ,KH,,,1/1/00 0:00,5.2291,1.2344,5/8/23 14:05,0.54,Non-Auction Ads,Promote
20230807,1773405054628910 ,BR,BR,,1/1/00 0:00,244.2,88.3133,5/8/23 15:44,1.7,RIE,Ad Group Recall (Merged)
20230807,1773398261138430 ,ID,,,1/1/00 0:00,5.3332,0.7448,5/8/23 14:06,0.54,Non-Auction Ads,Promote
20230807,1773398207995900 ,TR,,,1/1/00 0:00,1.7933,0.8202,5/8/23 14:06,0.54,Non-Auction Ads,Promote
20230807,1773398555406330 ,VN,,,1/1/00 0:00,0,6.8802,5/8/23 14:12,0.54,Non-Auction Ads,Promote
20230807,1773398275250180 ,EG,,,1/1/00 0:00,3.4483,0.9311,5/8/23 14:06,0.54,Non-Auction Ads,Promote
20230807,1773398315723770 ,VN,,,1/1/00 0:00,23.9652,4.5321,5/8/23 14:10,0.54,Non-Auction Ads,Promote
20230807,1773398606901260 ,VN,VN,,1/1/00 0:00,17.66,4.8718,5/8/23 14:10,2.14,Auction Ads,auction_relation
20230807,1773398217952290 ,EG,,,1/1/00 0:00,4.3319,0.9311,5/8/23 14:06,0.54,Non-Auction Ads,Promote
20230807,1773398576526330 ,SA,,,1/1/00 0:00,0,4.3149,5/8/23 14:11,0.54,Non-Auction Ads,Promote
20230807,1773398939376670 ,VN,VN,,1/1/00 0:00,0.2036,6.0886,5/8/23 14:16,2.14,Auction Ads,auction_relation
20230807,1773398939376670 ,VN,VN,,1/1/00 0:00,0.2036,6.0886,5/8/23 14:16,2.14,Auction Ads,auction_relation
20230807,1773398377507870 ,VN,VN,,1/1/00 0:00,,0.6503,5/8/23 14:07,2.14,Auction Ads,auction_relation
20230807,1773398293176330 ,VN,VN,,1/1/00 0:00,,0.6503,5/8/23 14:07,2.14,Auction Ads,auction_relation
20230807,1773398322910240 ,VN,VN,,1/1/00 0:00,,0.6503,5/8/23 14:07,2.14,Auction Ads,auction_relation
20230807,1773398778484740 ,BR,,,1/1/00 0:00,2.173,4.6286,5/8/23 14:15,0.54,Non-Auction Ads,Promote
20230807,1773398499375100 ,VN,,,1/1/00 0:00,4.2807,0.9232,5/8/23 14:10,0.54,Non-Auction Ads,Promote
20230807,1773399330949190 ,US,,,1/1/00 0:00,28.09,14.7953,5/8/23 14:24,0.54,Non-Auction Ads,Promote
20230807,1773399010976770 ,IT,,,1/1/00 0:00,10.1362,8.55,5/8/23 14:19,0.54,Non-Auction Ads,Promote
20230807,1773399096357880 ,QA,,,1/1/00 0:00,8.2539,7.3002,5/8/23 14:19,0.54,Non-Auction Ads,Promote
20230807,1773398023780360 ,IE,IE,,1/1/00 0:00,4.6233,4.9822,5/8/23 14:18,1.52,Auction Ads,auction_relation
20230807,1773399027388460 ,NL,Other,,1/1/00 0:00,279.65,3.7132,5/8/23 14:18,1.62,RIE,Ad Group Recall (Merged)
20230807,1773399027388460 ,BE,Other,,1/1/00 0:00,279.65,3.7132,5/8/23 14:18,1.62,RIE,Ad Group Recall (Merged)
20230807,1773399010547710 ,BR,,,1/1/00 0:00,5.0272,3.0922,5/8/23 14:18,0.54,Non-Auction Ads,Promote
20230807,1773399115388930 ,VN,,,1/1/00 0:00,0,5.4436,5/8/23 14:20,0.54,Non-Auction Ads,Promote
20230807,1773398961654780 ,KH,,,1/1/00 0:00,3.0184,1.1034,5/8/23 14:17,0.54,Non-Auction Ads,Promote
20230807,1773399037201440 ,TH,TH,,1/1/00 0:00,,2.8376,5/8/23 14:18,1.87,RIE,Ad Group Recall (Merged)
20230807,1773399237230590 ,DE,,,1/1/00 0:00,11.2583,6.7992,5/8/23 14:22,1.53,RIE,Promote Report Recall
20230807,1773398980075520 ,SA,,,1/1/00 0:00,6.4214,2.8975,5/8/23 14:18,0.54,Non-Auction Ads,Promote
20230807,1773401472672810 ,PH,Other,,1/1/00 0:00,64.1,35.99,5/8/23 14:54,1.62,RIE,Ad Group Recall (Merged)
20230807,1773399126538240 ,PH,,,1/1/00 0:00,7.579,4.4384,5/8/23 14:21,0.54,Non-Auction Ads,Promote
20230807,1773399094965280 ,TH,TH,,1/1/00 0:00,,2.8376,5/8/23 14:21,1.87,RIE,Ad Group Recall (Merged)
20230807,1773399074340910 ,TH,TH,,1/1/00 0:00,,2.8376,5/8/23 14:21,1.87,RIE,Ad Group Recall (Merged)
20230807,1773399081676810 ,TH,TH,,1/1/00 0:00,,2.8376,5/8/23 14:21,1.87,RIE,Ad Group Recall (Merged)
20230807,1773399377551360 ,SA,,,1/1/00 0:00,14.4343,5.3998,5/8/23 14:25,0.54,Non-Auction Ads,Promote
20230807,1773399532221440 ,VN,,,1/1/00 0:00,12.6858,8.5693,5/8/23 14:27,0.54,Non-Auction Ads,Promote
20230807,1773399351008260 ,GR,,,1/1/00 0:00,1.4753,1.3641,5/8/23 14:23,0.54,Non-Auction Ads,Promote
20230807,1773399285549120 ,TH,,,1/1/00 0:00,26.7276,2.4266,5/8/23 14:24,0.54,Non-Auction Ads,Promote
20230807,1773399292009470 ,ES,,,1/1/00 0:00,1.3979,0.7787,5/8/23 14:24,1.53,RIE,Promote Report Recall
20230807,1773399338792960 ,PH,,,1/1/00 0:00,0.7879,0.2483,5/8/23 14:23,1.53,RIE,Promote Report Recall
20230807,1773399693822990 ,VN,,,1/1/00 0:00,51.5156,8.5693,5/8/23 14:29,0.54,Non-Auction Ads,Promote
20230807,1773399449332740 ,US,,,1/1/00 0:00,6.53,2.265,5/8/23 14:25,1.53,RIE,Promote Report Recall
20230807,1773399486604300 ,TH,TH,,1/1/00 0:00,,2.8376,5/8/23 14:25,1.87,RIE,Ad Group Recall (Merged)
20230807,1773399599776770 ,VN,,,1/1/00 0:00,0,6.7833,5/8/23 14:28,0.54,Non-Auction Ads,Promote
20230807,1773399544642560 ,JP,,,1/1/00 0:00,10.3413,5.761,5/8/23 14:27,0.54,Non-Auction Ads,Promote
20230807,1773400164808760 ,SA,,,1/1/00 0:00,10.3826,16.6666,5/8/23 14:37,0.54,Non-Auction Ads,Promote
20230807,1773399393720320 ,IT,,,1/1/00 0:00,6.991,1.4286,5/8/23 14:25,0.54,Non-Auction Ads,Promote
20230807,1773402811800580 ,US,,,1/1/00 0:00,28.82,45.5818,5/8/23 15:19,0.54,Non-Auction Ads,Promote
20230807,1773399550518270 ,SA,,,1/1/00 0:00,0,2.7674,5/8/23 14:26,0.54,Non-Auction Ads,Promote
20230807,1773364798016510 ,IL,,,1/1/00 0:00,11.0953,5.2281,5/8/23 14:28,1.53,RIE,Promote Report Recall
20230807,1773399488514050 ,VN,,,1/1/00 0:00,0,1.7926,5/8/23 14:26,0.54,Non-Auction Ads,Promote
20230807,1773399623959550 ,MY,,,1/1/00 0:00,8.0704,5.4289,5/8/23 14:29,0.54,Non-Auction Ads,Promote
20230807,1773399574007810 ,MY,,,1/1/00 0:00,16.0221,5.6724,5/8/23 14:29,0.54,Non-Auction Ads,Promote
20230807,1773399537615870 ,SA,,,1/1/00 0:00,16.7236,2.9499,5/8/23 14:27,0.54,Non-Auction Ads,Promote
20230807,1773399472162810 ,KH,,,1/1/00 0:00,1.2525,0.7889,5/8/23 14:26,0.54,Non-Auction Ads,Promote
20230807,1773398973819900 ,SA,,,1/1/00 0:00,6.5304,1.2069,5/8/23 14:26,0.54,Non-Auction Ads,Promote
20230807,1773399558340600 ,VN,,,1/1/00 0:00,0,1.0492,5/8/23 14:27,0.54,Non-Auction Ads,Promote
20230807,1773398381304880 ,NO,Others,,1/1/00 0:00,,25.4241,5/8/23 14:57,1.56,Auction Ads,auction_all
20230807,1773400346138650 ,US,US&CA,,1/1/00 0:00,0,13.6898,5/8/23 14:38,1.81,RIE,Ad Group Recall (Merged)
20230807,1773400071604230 ,US,,,1/1/00 0:00,12.71,8.78,5/8/23 14:36,1.53,RIE,Promote Report Recall
20230807,1773400105123840 ,SA,,,1/1/00 0:00,12.0404,9.8513,5/8/23 14:36,0.54,Non-Auction Ads,Promote
20230807,1773400143354880 ,GB,,,1/1/00 0:00,16.9698,8.8298,5/8/23 14:36,0.54,Non-Auction Ads,Promote
20230807,1773399711322110 ,US,,,1/1/00 0:00,5.56,3.3496,5/8/23 14:30,1.53,RIE,Promote Report Recall
20230807,1773399767062530 ,ES,,,1/1/00 0:00,4.4917,2.383,5/8/23 14:30,0.54,Non-Auction Ads,Promote
20230807,1773399667188730 ,SA,,,1/1/00 0:00,0,3.456,5/8/23 14:31,0.54,Non-Auction Ads,Promote
20230807,1773399990047740 ,SA,,,1/1/00 0:00,0,4.8157,5/8/23 14:33,0.54,Non-Auction Ads,Promote
20230807,1773402147434510 ,TH,TH,,1/1/00 0:00,,2.8376,5/8/23 14:31,1.64,Auction Ads,auction_relation
20230807,1773399762505730 ,VN,,,1/1/00 0:00,8.9308,0.4661,5/8/23 14:30,0.54,Non-Auction Ads,Promote
20230807,1773403897480220 ,US,US&CA,,1/1/00 0:00,0.85,128.0693,5/8/23 16:31,1.81,RIE,Ad Group Recall (Merged)
20230807,1773399788751870 ,VN,,,1/1/00 0:00,0.3641,2.1765,5/8/23 14:32,1.53,RIE,Promote Report Recall
20230807,1773399683129340 ,SA,,,1/1/00 0:00,2.519,0.5574,5/8/23 14:31,0.54,Non-Auction Ads,Promote
20230807,1773400067865600 ,SA,,,1/1/00 0:00,7.0028,3.4972,5/8/23 14:35,0.54,Non-Auction Ads,Promote
20230807,1773399933936640 ,EG,,,1/1/00 0:00,2.2987,3.9885,5/8/23 14:36,0.54,Non-Auction Ads,Promote
20230807,1773400285539330 ,AE,,,1/1/00 0:00,23.8257,8.098,5/8/23 14:38,0.54,Non-Auction Ads,Promote
20230807,1773399854984190 ,SA,,,1/1/00 0:00,0,0.7879,5/8/23 14:32,0.54,Non-Auction Ads,Promote
20230807,1773401164776450 ,SG,,,1/1/00 0:00,39.2645,14.638,5/8/23 14:52,0.54,Non-Auction Ads,Promote
20230807,1773399909519360 ,VN,,,1/1/00 0:00,11.9251,1.4544,5/8/23 14:33,0.54,Non-Auction Ads,Promote
20230807,1773399920759810 ,IL,,,1/1/00 0:00,5.8807,2.7115,5/8/23 14:35,0.54,Non-Auction Ads,Promote
20230807,1773396740224030 ,FR,FR,,1/1/00 0:00,0,7.5939,5/8/23 14:38,1.76,RIE,Ad Group Recall (Merged)
20230807,1773400103624700 ,SA,,,1/1/00 0:00,2.1564,4.1886,5/8/23 14:36,0.54,Non-Auction Ads,Promote
20230807,1773399963242500 ,CZ,,,1/1/00 0:00,3.1878,1.5411,5/8/23 14:34,1.53,RIE,Promote Report Recall
20230807,1773402441830400 ,US,,,1/1/00 0:00,53.41,29.0269,5/8/23 15:12,0.54,Non-Auction Ads,Promote
20230807,1773400250416130 ,MY,,,1/1/00 0:00,10.5445,4.8287,5/8/23 14:37,0.54,Non-Auction Ads,Promote
20230807,1773402662085630 ,US,,,1/1/00 0:00,57.59,29.0269,5/8/23 15:16,0.54,Non-Auction Ads,Promote
20230807,1773400069587970 ,TR,,,1/1/00 0:00,0.4968,0.8551,5/8/23 14:37,0.54,Non-Auction Ads,Promote
20230807,1773400696996860 ,SA,MENA,,1/1/00 0:00,0,1.2467,5/8/23 14:37,1.67,RIE,Ad Group Recall (Merged)
20230807,1773401637913680 ,US,,,1/1/00 0:00,53.35,18.835,5/8/23 15:00,0.54,Non-Auction Ads,Promote
20230807,1773401028154360 ,QA,,,1/1/00 0:00,19.9935,8.6151,5/8/23 14:51,0.54,Non-Auction Ads,Promote
20230807,1773400478858240 ,TH,,,1/1/00 0:00,23.9413,4.0025,5/8/23 14:41,0.54,Non-Auction Ads,Promote
20230807,1773400192433150 ,VN,,,1/1/00 0:00,0,0.7297,5/8/23 14:38,0.54,Non-Auction Ads,Promote
20230807,1773401937859580 ,US,,,1/1/00 0:00,23.67,20.5929,5/8/23 15:06,0.54,Non-Auction Ads,Promote
20230807,1773294739564560 ,JP,JP,,1/1/00 0:00,3.0367,16.3779,5/8/23 15:00,3.21,RIE,Ad Group Recall (Merged)
20230807,1773400205052930 ,SA,,,1/1/00 0:00,0,2.111,5/8/23 14:39,0.54,Non-Auction Ads,Promote
20230807,1773400337702910 ,KH,,,1/1/00 0:00,1.4923,1.1853,5/8/23 14:39,0.54,Non-Auction Ads,Promote
20230807,1773400536238080 ,SA,,,1/1/00 0:00,0,2.7454,5/8/23 14:42,0.54,Non-Auction Ads,Promote
20230807,1773401547051000 ,SA,,,1/1/00 0:00,9.4974,14.4437,5/8/23 14:59,0.54,Non-Auction Ads,Promote
20230807,1773400821566510 ,GR,,,1/1/00 0:00,5.712,4.2445,5/8/23 14:51,0.54,Non-Auction Ads,Promote
20230807,1773400560720900 ,IT,,,1/1/00 0:00,10.2903,2.5174,5/8/23 14:43,0.54,Non-Auction Ads,Promote
20230807,1773398179707920 ,US,US&CA,,1/1/00 0:00,0,4.9271,5/8/23 14:52,1.81,RIE,Ad Group Recall (Merged)
20230807,1773400746919930 ,SA,,,1/1/00 0:00,8.2662,2.4331,5/8/23 14:46,0.54,Non-Auction Ads,Promote
20230807,1773400359656480 ,EG,,,1/1/00 0:00,1.0088,0.2302,5/8/23 14:42,1.53,RIE,Promote Report Recall
20230807,1773401197699070 ,TH,,,1/1/00 0:00,23.6211,6.3736,5/8/23 14:54,0.54,Non-Auction Ads,Promote
20230807,1773400500912130 ,ID,,,1/1/00 0:00,2.9485,1.3147,5/8/23 14:42,1.53,RIE,Promote Report Recall
20230807,1773400500912130 ,ID,,,1/1/00 0:00,2.9485,1.3147,5/8/23 14:42,1.53,RIE,Promote Report Recall
20230807,1773400980966400 ,VN,,,1/1/00 0:00,0,2.9468,5/8/23 14:49,0.54,Non-Auction Ads,Promote
20230807,1773401118776320 ,SA,,,1/1/00 0:00,6.68,5.1567,5/8/23 14:52,0.54,Non-Auction Ads,Promote
20230807,1773400125219870 ,JP,JP,,1/1/00 0:00,534.9688,12.656,5/8/23 15:00,3.21,RIE,Ad Group Recall (Merged)
20230807,1773400994843640 ,VN,,,1/1/00 0:00,0,8.4127,5/8/23 14:56,0.54,Non-Auction Ads,Promote
20230807,1773392240797720 ,US,US&CA,,1/1/00 0:00,52.47,13.2747,5/8/23 15:00,1.81,RIE,Ad Group Recall (Merged)
20230807,1773400788513790 ,SA,,,1/1/00 0:00,0,1.4124,5/8/23 14:48,0.54,Non-Auction Ads,Promote
20230807,1773401172445180 ,VN,,,1/1/00 0:00,0,2.016,5/8/23 14:52,0.54,Non-Auction Ads,Promote
20230807,1773401202322430 ,SA,,,1/1/00 0:00,0,2.6224,5/8/23 14:53,0.54,Non-Auction Ads,Promote
20230807,1773401263790080 ,VN,,,1/1/00 0:00,1.9293,2.9474,5/8/23 14:54,0.54,Non-Auction Ads,Promote
20230807,1773401198905350 ,EG,,,1/1/00 0:00,3.5132,2.1472,5/8/23 14:54,0.54,Non-Auction Ads,Promote
20230807,1773401371888640 ,US,,,1/1/00 0:00,6.44,2.8189,5/8/23 14:56,0.54,Non-Auction Ads,Promote
20230807,1773401607841790 ,PH,,,1/1/00 0:00,6.9902,5.6403,5/8/23 15:00,0.54,Non-Auction Ads,Promote
20230807,1773401269104640 ,VN,,,1/1/00 0:00,0,1.9047,5/8/23 14:57,0.54,Non-Auction Ads,Promote
20230807,1773401478728700 ,VN,,,1/1/00 0:00,0,1.8495,5/8/23 14:58,0.54,Non-Auction Ads,Promote
20230807,1773403998931970 ,KW,,,1/1/00 0:00,10.1683,33.0127,5/8/23 15:38,0.54,Non-Auction Ads,Promote
20230807,1773401404220410 ,ID,,,1/1/00 0:00,1.6249,1.1655,5/8/23 14:58,1.53,RIE,Promote Report Recall
20230807,1773403995865090 ,CA,,,1/1/00 0:00,71.0455,31.0854,5/8/23 15:37,1.53,RIE,Promote Report Recall
20230807,1773401311839230 ,PH,,,1/1/00 0:00,9.0694,0.9965,5/8/23 14:59,0.54,Non-Auction Ads,Promote
20230807,1773401835235320 ,SA,,,1/1/00 0:00,12.147,4.8853,5/8/23 15:04,0.54,Non-Auction Ads,Promote
20230807,1773402416034810 ,SA,,,1/1/00 0:00,0,7.2299,5/8/23 15:12,0.54,Non-Auction Ads,Promote
20230807,1773403395431420 ,SA,,,1/1/00 0:00,0,19.4096,5/8/23 15:29,0.54,Non-Auction Ads,Promote
20230807,1773401833378820 ,PL,,,1/1/00 0:00,1.8824,3.4628,5/8/23 15:04,1.53,RIE,Promote Report Recall
20230807,1773401721224190 ,SA,,,1/1/00 0:00,4.313,2.1699,5/8/23 15:02,0.54,Non-Auction Ads,Promote
20230807,1773398867108880 ,NL,NL,,1/1/00 0:00,3.6433,4.9822,5/8/23 15:11,1.19,Auction Ads,auction_relation
20230807,1773401703416830 ,VN,,,1/1/00 0:00,0,1.3157,5/8/23 15:02,0.54,Non-Auction Ads,Promote
20230807,1772551658747900 ,PH,PH,,1/1/00 0:00,149.92,61.4105,5/8/23 16:00,1.43,Non-Auction Ads,R&F
20230807,1773401591994370 ,VN,,,1/1/00 0:00,0,0.3995,5/8/23 15:01,0.54,Non-Auction Ads,Promote
20230807,1773403005709310 ,SA,,,1/1/00 0:00,0,13.3277,5/8/23 15:22,0.54,Non-Auction Ads,Promote
20230807,1773404180712450 ,AE,MENA,,1/1/00 0:00,132.8498,23.9649,5/8/23 15:34,1.67,RIE,Ad Group Recall (Merged)
20230807,1773401893659650 ,TR,,,1/1/00 0:00,0.6944,1.155,5/8/23 15:06,0.54,Non-Auction Ads,Promote
20230807,1773402723942400 ,SA,,,1/1/00 0:00,0,8.0857,5/8/23 15:18,0.54,Non-Auction Ads,Promote
20230807,1773402363458560 ,EG,,,1/1/00 0:00,0,0.953,5/8/23 15:11,0.54,Non-Auction Ads,Promote
20230807,1773402676286460 ,VN,,,1/1/00 0:00,1.8032,4.5902,5/8/23 15:16,1.53,RIE,Promote Report Recall
20230807,1773402545601550 ,VN,VN,,1/1/00 0:00,0,1.1173,5/8/23 15:12,2.14,Auction Ads,auction_relation
20230807,1773402545601550 ,KR,KR,,1/1/00 0:00,0,1.1173,5/8/23 15:12,2.37,Auction Ads,auction_relation
20230807,1773402545601550 ,VN,VN,,1/1/00 0:00,0,1.1173,5/8/23 15:12,2.14,Auction Ads,auction_relation
20230807,1773402375697400 ,AE,,,1/1/00 0:00,3.8198,2.1869,5/8/23 15:16,0.54,Non-Auction Ads,Promote
20230807,1773402462810110 ,PT,,,1/1/00 0:00,2.1459,1.1232,5/8/23 15:15,0.54,Non-Auction Ads,Promote
20230807,1773402509130750 ,ID,,,1/1/00 0:00,1.5898,0.5822,5/8/23 15:15,1.53,RIE,Promote Report Recall
20230807,1773400266858530 ,DE,DE,,1/1/00 0:00,,17.6415,5/8/23 15:34,1.01,Auction Ads,auction_relation
20230807,1773402578561020 ,TH,,,1/1/00 0:00,14.9589,1.1943,5/8/23 15:16,0.54,Non-Auction Ads,Promote
20230807,1773402962568240 ,ES,ES,,1/1/00 0:00,4.31,5.5985,5/8/23 15:21,1.79,RIE,Ad Group Recall (Merged)
20230807,1773402598554620 ,QA,,,1/1/00 0:00,2.3648,0.8761,5/8/23 15:16,0.54,Non-Auction Ads,Promote
20230807,1773402851597310 ,SA,,,1/1/00 0:00,4.9235,2.4663,5/8/23 15:19,0.54,Non-Auction Ads,Promote
20230807,1773399207434270 ,US,US&CA,,1/1/00 0:00,0,4.4603,5/8/23 15:21,1.81,RIE,Ad Group Recall (Merged)
20230807,1773402830788620 ,EG,,,1/1/00 0:00,5.0476,1.4196,5/8/23 15:19,0.54,Non-Auction Ads,Promote
20230807,1773402909242370 ,KW,,,1/1/00 0:00,9.9211,3.1309,5/8/23 15:21,0.54,Non-Auction Ads,Promote
20230807,1773405009649690 ,VN,VN,,1/1/00 0:00,53.916,27.9817,5/8/23 15:45,2.14,Auction Ads,auction_relation
20230807,1773403512478720 ,SA,,,1/1/00 0:00,35.7746,9.514,5/8/23 15:29,0.54,Non-Auction Ads,Promote
20230807,1773403503365120 ,MA,Other,,1/1/00 0:00,0.3086,2.3047,5/8/23 15:21,1.62,RIE,Ad Group Recall (Merged)
20230807,1773402755428350 ,EG,,,1/1/00 0:00,0,0.953,5/8/23 15:19,0.54,Non-Auction Ads,Promote
20230807,1773400970178590 ,QA,Other,,1/1/00 0:00,224.4845,29.9667,5/8/23 15:48,1.62,RIE,Ad Group Recall (Merged)
20230807,1773403247130620 ,SA,,,1/1/00 0:00,0,4.0122,5/8/23 15:25,0.54,Non-Auction Ads,Promote
20230807,1773403169596420 ,VN,,,1/1/00 0:00,2.14,5.9,5/8/23 15:29,0.54,Non-Auction Ads,Promote
20230807,1773403128478740 ,PL,,,1/1/00 0:00,4.4034,2.7544,5/8/23 15:24,0.54,Non-Auction Ads,Promote
20230807,1773402900029440 ,ID,,,1/1/00 0:00,1.2243,0.4234,5/8/23 15:21,1.53,RIE,Promote Report Recall
20230807,1773403103456250 ,VN,,,1/1/00 0:00,0,1.1732,5/8/23 15:23,0.54,Non-Auction Ads,Promote
20230807,1773403117276160 ,FI,,,1/1/00 0:00,6.2086,1.4759,5/8/23 15:24,1.53,RIE,Promote Report Recall
20230807,1773402989741050 ,SA,,,1/1/00 0:00,0,2.5713,5/8/23 15:26,0.54,Non-Auction Ads,Promote
20230807,1773403199803390 ,SA,,,1/1/00 0:00,4.2756,1.83,5/8/23 15:25,0.54,Non-Auction Ads,Promote
20230807,1773403311110140 ,VN,,,1/1/00 0:00,12.9163,2.169,5/8/23 15:27,0.54,Non-Auction Ads,Promote
20230807,1773403433734140 ,VN,,,1/1/00 0:00,5.6668,2.1614,5/8/23 15:29,0.54,Non-Auction Ads,Promote
20230807,1773403285771270 ,RO,,,1/1/00 0:00,1.3557,0.4945,5/8/23 15:27,1.53,RIE,Promote Report Recall
20230807,1773403606847490 ,JP,,,1/1/00 0:00,20.7774,4.4699,5/8/23 15:32,0.54,Non-Auction Ads,Promote
20230807,1773407015931900 ,US,,,1/1/00 0:00,109.94,76.88,5/8/23 16:26,0.54,Non-Auction Ads,Promote
20230807,1773403463229440 ,VN,,,1/1/00 0:00,12.0815,2.1614,5/8/23 15:30,0.54,Non-Auction Ads,Promote
20230807,1773403784794110 ,SA,,,1/1/00 0:00,0,8.5125,5/8/23 15:35,0.54,Non-Auction Ads,Promote
20230807,1773403491045370 ,VN,,,1/1/00 0:00,11.4765,2.1614,5/8/23 15:30,0.54,Non-Auction Ads,Promote
20230807,1773403642349580 ,VN,VN,,1/1/00 0:00,0.0549,1.1687,5/8/23 15:31,2.14,Auction Ads,auction_relation
20230807,1773403578093570 ,SA,,,1/1/00 0:00,3.4491,1.83,5/8/23 15:31,0.54,Non-Auction Ads,Promote
20230807,1773403719017470 ,ES,,,1/1/00 0:00,7.1775,2.9938,5/8/23 15:34,0.54,Non-Auction Ads,Promote
20230807,1773403751614510 ,VN,VN,,1/1/00 0:00,,1.1687,5/8/23 15:32,2.14,Auction Ads,auction_relation
20230807,1773405185072160 ,VN,VN,,1/1/00 0:00,41.9027,27.9817,5/8/23 15:54,2.14,Auction Ads,auction_relation
20230807,1773403813230590 ,KW,,,1/1/00 0:00,2.7072,3.2624,5/8/23 15:34,0.54,Non-Auction Ads,Promote
20230807,1773403648314360 ,PH,,,1/1/00 0:00,8.174,0.5915,5/8/23 15:33,0.54,Non-Auction Ads,Promote
20230807,1773403724513280 ,PH,,,1/1/00 0:00,6.6642,0.5915,5/8/23 15:33,0.54,Non-Auction Ads,Promote
20230807,1773403647614970 ,ID,,,1/1/00 0:00,1.5612,0.6263,5/8/23 15:33,1.53,RIE,Promote Report Recall
20230807,1773404001191930 ,VN,,,1/1/00 0:00,15.0024,6.1853,5/8/23 15:39,0.54,Non-Auction Ads,Promote
20230807,1773403690735680 ,TR,,,1/1/00 0:00,4.1084,1.3993,5/8/23 15:35,0.54,Non-Auction Ads,Promote
20230807,1773404637700090 ,SA,,,1/1/00 0:00,0,19.4094,5/8/23 15:50,0.54,Non-Auction Ads,Promote
20230807,1773403769419770 ,VN,,,1/1/00 0:00,4.5103,1.2664,5/8/23 15:35,0.54,Non-Auction Ads,Promote
20230807,1773404310611960 ,RO,Other,,1/1/00 0:00,30.17,6.3293,5/8/23 15:40,1.62,RIE,Ad Group Recall (Merged)
20230807,1773404053177340 ,SA,,,1/1/00 0:00,0,2.4204,5/8/23 15:38,0.54,Non-Auction Ads,Promote
20230807,1773404823280640 ,VN,VN,,1/1/00 0:00,3.6231,16.9058,5/8/23 15:49,2.14,Auction Ads,auction_relation
20230807,1773404828117090 ,VN,VN,,1/1/00 0:00,3.9355,16.9058,5/8/23 15:49,2.14,Auction Ads,auction_relation
20230807,1773403948044300 ,VN,VN,,1/1/00 0:00,0.02,1.036,5/8/23 15:35,2.14,Auction Ads,auction_relation
20230807,1773403948053610 ,VN,VN,,1/1/00 0:00,0.06,1.036,5/8/23 15:35,2.14,Auction Ads,auction_relation
20230807,1773404632973310 ,IT,,,1/1/00 0:00,19.1283,14.4024,5/8/23 15:48,0.54,Non-Auction Ads,Promote
20230807,1773403971601410 ,IT,,,1/1/00 0:00,3.4239,7.6471,5/8/23 15:42,0.54,Non-Auction Ads,Promote
20230807,1773403999085560 ,AE,,,1/1/00 0:00,0,2.5509,5/8/23 15:38,0.54,Non-Auction Ads,Promote
20230807,1773404144140290 ,EG,,,1/1/00 0:00,0,3.9914,5/8/23 15:39,0.54,Non-Auction Ads,Promote
20230807,1773404065142780 ,MY,,,1/1/00 0:00,5.5839,2.2006,5/8/23 15:39,0.54,Non-Auction Ads,Promote
20230807,1773404354599950 ,JP,JP,,1/1/00 0:00,64.9418,6.0981,5/8/23 15:43,3.21,RIE,Ad Group Recall (Merged)
20230807,1773405200556030 ,US,,,1/1/00 0:00,31.62,24.02,5/8/23 15:57,0.54,Non-Auction Ads,Promote
20230807,1773404274854910 ,EG,,,1/1/00 0:00,0,3.9914,5/8/23 15:42,0.54,Non-Auction Ads,Promote
20230807,1773405039500300 ,VN,VN,,1/1/00 0:00,3.9554,16.9058,5/8/23 15:53,2.14,Auction Ads,auction_relation
20230807,1773404164315150 ,AE,MENA,,1/1/00 0:00,7.52,0.7716,5/8/23 15:39,1.67,RIE,Ad Group Recall (Merged)
20230807,1773404164315150 ,QA,Other,,1/1/00 0:00,7.52,0.7716,5/8/23 15:39,1.62,RIE,Ad Group Recall (Merged)
20230807,1773404054696960 ,PH,,,1/1/00 0:00,4.5284,2.6849,5/8/23 15:41,0.54,Non-Auction Ads,Promote
20230807,1773404064310270 ,ID,,,1/1/00 0:00,6.2508,0.8426,5/8/23 15:39,0.54,Non-Auction Ads,Promote
20230807,1773405085213690 ,DK,DK,,1/1/00 0:00,0,11.1739,5/8/23 15:49,1.31,Auction Ads,auction_relation
20230807,1773405085213690 ,NO,Others,,1/1/00 0:00,0,11.1739,5/8/23 15:49,1.56,Auction Ads,auction_all
20230807,1773404417783800 ,ID,,,1/1/00 0:00,8.8402,5.3548,5/8/23 15:45,0.54,Non-Auction Ads,Promote
20230807,1773404458484730 ,IL,,,1/1/00 0:00,5.125,6.9571,5/8/23 15:45,0.54,Non-Auction Ads,Promote
20230807,1773404038631480 ,ID,,,1/1/00 0:00,1.5502,0.9391,5/8/23 15:41,1.53,RIE,Promote Report Recall
20230807,1773404239288320 ,VN,,,1/1/00 0:00,0,0.5738,5/8/23 15:41,0.54,Non-Auction Ads,Promote
20230807,1773404231583740 ,QA,,,1/1/00 0:00,3.2812,1.8678,5/8/23 15:44,0.54,Non-Auction Ads,Promote
20230807,1773382031436840 ,MX,Other,,1/1/00 0:00,5.3,4.4415,5/8/23 15:45,1.62,RIE,Ad Group Recall (Merged)
20230807,1773404369078270 ,VN,,,1/1/00 0:00,5.4326,1.3065,5/8/23 15:44,0.54,Non-Auction Ads,Promote
20230807,1773404457731070 ,KH,,,1/1/00 0:00,1.607,0.4703,5/8/23 15:44,0.54,Non-Auction Ads,Promote
20230807,1773404486553600 ,VN,,,1/1/00 0:00,15.0198,0.551,5/8/23 15:45,0.54,Non-Auction Ads,Promote
20230807,1773406104030240 ,VN,VN,,1/1/00 0:00,4.5946,2.491,5/8/23 15:47,2.14,Auction Ads,auction_relation
20230807,1773404476937210 ,SA,,,1/1/00 0:00,3.1346,2.1842,5/8/23 15:47,0.54,Non-Auction Ads,Promote
20230807,1773404743281660 ,AE,,,1/1/00 0:00,7.163,2.9126,5/8/23 15:49,0.54,Non-Auction Ads,Promote
20230807,1773404680981500 ,SA,,,1/1/00 0:00,4.6735,1.6056,5/8/23 15:48,1.53,RIE,Promote Report Recall
20230807,1773404534936570 ,TR,,,1/1/00 0:00,0.4045,0.2059,5/8/23 15:46,1.53,RIE,Promote Report Recall
20230807,1773380332370990 ,TW,TW,,1/1/00 0:00,313.54,20.5911,5/8/23 16:00,2.59,RIE,Ad Group Recall (Merged)
20230807,1773380344792110 ,TW,TW,,1/1/00 0:00,341.87,20.5911,5/8/23 16:00,2.59,RIE,Ad Group Recall (Merged)
20230807,1773377814796300 ,TW,TW,,1/1/00 0:00,316.81,20.5911,5/8/23 16:00,2.59,RIE,Ad Group Recall (Merged)
20230807,1773380339900430 ,TW,TW,,1/1/00 0:00,286.49,20.5911,5/8/23 16:00,2.59,RIE,Ad Group Recall (Merged)
20230807,1773404869598200 ,SA,,,1/1/00 0:00,0,4.2601,5/8/23 15:52,0.54,Non-Auction Ads,Promote
20230807,1773404472650750 ,ID,,,1/1/00 0:00,0.8015,0.525,5/8/23 15:50,1.53,RIE,Promote Report Recall
20230807,1773404800686080 ,US,,,1/1/00 0:00,3.06,2.1362,5/8/23 15:51,0.54,Non-Auction Ads,Promote
20230807,1773404774603770 ,KW,,,1/1/00 0:00,6.6018,1.7066,5/8/23 15:51,0.54,Non-Auction Ads,Promote
20230807,1773405037389820 ,SA,,,1/1/00 0:00,6.2935,5.2774,5/8/23 15:54,0.54,Non-Auction Ads,Promote
20230807,1773404829762560 ,ID,,,1/1/00 0:00,3.1818,0.6825,5/8/23 15:50,0.54,Non-Auction Ads,Promote
20230807,1773404898509820 ,VN,,,1/1/00 0:00,0,1.7882,5/8/23 15:53,0.54,Non-Auction Ads,Promote
20230807,1773404801702970 ,TH,,,1/1/00 0:00,13.9773,2.1203,5/8/23 15:53,0.54,Non-Auction Ads,Promote
20230807,1773404931407870 ,VN,,,1/1/00 0:00,0,2.3687,5/8/23 15:53,0.54,Non-Auction Ads,Promote
20230807,1773386102368290 ,PH,PH,,1/1/00 0:00,25.806,16.2427,5/8/23 16:00,2.46,Auction Ads,auction_relation
20230807,1773405195566080 ,TH,,,1/1/00 0:00,9.1504,6.9915,5/8/23 15:57,0.54,Non-Auction Ads,Promote
20230807,1773405073348600 ,VN,,,1/1/00 0:00,0,3.1299,5/8/23 15:54,0.54,Non-Auction Ads,Promote
20230807,1773404972930060 ,NL,Other,,1/1/00 0:00,2.3619,1.3623,5/8/23 15:53,1.62,RIE,Ad Group Recall (Merged)
20230807,1773401046542350 ,US,US&CA,,1/1/00 0:00,21,7.6709,5/8/23 15:58,1.81,RIE,Ad Group Recall (Merged)
20230807,1773405006519310 ,NL,Other,,1/1/00 0:00,2.4049,1.3623,5/8/23 15:53,1.62,RIE,Ad Group Recall (Merged)
20230807,1773405345200120 ,MY,,,1/1/00 0:00,4.7204,8.4923,5/8/23 15:59,0.54,Non-Auction Ads,Promote
20230807,1773387833504810 ,MY,MY,,1/1/00 0:00,31.57,2.463,5/8/23 15:55,2.3,RIE,Ad Group Recall (Merged)
20230807,1773387717556320 ,MY,MY,,1/1/00 0:00,30.1,2.463,5/8/23 15:55,2.3,RIE,Ad Group Recall (Merged)
20230807,1773408113940510 ,US,US&CA,,1/1/00 0:00,1389.6,59.5731,5/8/23 16:39,1.81,RIE,Ad Group Recall (Merged)
20230807,1773405108402180 ,IT,,,1/1/00 0:00,10.1034,3.0943,5/8/23 15:56,0.54,Non-Auction Ads,Promote
20230807,1773387169135630 ,ID,ID,,1/1/00 0:00,24.98,0.9779,5/8/23 15:55,2.05,RIE,Ad Group Recall (Merged)
20230807,1773406713825290 ,MX,Other,,1/1/00 0:00,3.2592,32.5443,5/8/23 16:12,1.62,RIE,Ad Group Recall (Merged)
20230807,1773387352254510 ,ID,ID,,1/1/00 0:00,6.77,0.9779,5/8/23 15:55,2.05,RIE,Ad Group Recall (Merged)
20230807,1773405085798400 ,TR,,,1/1/00 0:00,1.7374,0.4995,5/8/23 15:55,0.54,Non-Auction Ads,Promote
20230807,1773405311626240 ,CA,,,1/1/00 0:00,11.537,3.84,5/8/23 15:58,1.53,RIE,Promote Report Recall
20230807,1773405230169090 ,ES,,,1/1/00 0:00,2.1565,1.1042,5/8/23 15:57,1.53,RIE,Promote Report Recall
20230807,1773401914363930 ,US,US&CA,,1/1/00 0:00,3.18,10.1223,5/8/23 16:00,1.81,RIE,Ad Group Recall (Merged)
20230807,1773405180104700 ,SA,,,1/1/00 0:00,6.1121,2.9848,5/8/23 15:58,0.54,Non-Auction Ads,Promote
20230807,1773405288132600 ,VN,,,1/1/00 0:00,0,1.7049,5/8/23 15:58,0.54,Non-Auction Ads,Promote
20230807,1773405274049540 ,HU,,,1/1/00 0:00,4.2017,2.6183,5/8/23 15:59,0.54,Non-Auction Ads,Promote
20230807,1773389772814360 ,NZ,Other,,1/1/00 0:00,61.3,4.7103,5/8/23 16:00,1.62,RIE,Ad Group Recall (Merged)
20230807,1773386783032400 ,IE,IE,,1/1/00 0:00,8.54,4.2028,5/8/23 16:00,1.52,Auction Ads,auction_relation
20230807,1773387068587000 ,IE,IE,,1/1/00 0:00,6.82,4.2028,5/8/23 16:00,1.52,Auction Ads,auction_relation
20230807,1773405473532930 ,TH,,,1/1/00 0:00,16.5792,6.2426,5/8/23 16:01,0.54,Non-Auction Ads,Promote
20230807,1773402286812160 ,IT,IT,,1/1/00 0:00,9.5,4.1351,5/8/23 16:00,1.79,RIE,Ad Group Recall (Merged)
20230807,1773405419750400 ,TH,,,1/1/00 0:00,14.2211,6.2426,5/8/23 16:01,0.54,Non-Auction Ads,Promote
20230807,1773374988583960 ,KR,KR,,1/1/00 0:00,0.01,2.4772,5/8/23 16:00,2.37,Auction Ads,auction_relation
20230807,1773401930638370 ,US,US&CA,,1/1/00 0:00,0,12.1504,5/8/23 16:04,1.81,RIE,Ad Group Recall (Merged)
20230807,1773405242668030 ,VN,,,1/1/00 0:00,5.5224,2.6797,5/8/23 16:00,0.54,Non-Auction Ads,Promote
20230807,1773405477118970 ,SA,,,1/1/00 0:00,6.7733,2.5478,5/8/23 16:01,0.54,Non-Auction Ads,Promote
20230807,1773375206146040 ,KR,KR,,1/1/00 0:00,0,1.6552,5/8/23 16:00,2.37,Auction Ads,auction_relation
20230807,1773403430872060 ,ES,ES,,1/1/00 0:00,31.8107,32.4208,5/8/23 16:28,1.79,RIE,Ad Group Recall (Merged)
20230807,1773405597193210 ,VN,,,1/1/00 0:00,0,8.4126,5/8/23 16:04,0.54,Non-Auction Ads,Promote
20230807,1773405540926520 ,TH,,,1/1/00 0:00,15.1975,6.2426,5/8/23 16:02,0.54,Non-Auction Ads,Promote
20230807,1773405575089150 ,TH,,,1/1/00 0:00,13.8311,6.2426,5/8/23 16:02,0.54,Non-Auction Ads,Promote
20230807,1773402041197580 ,MY,MY,,1/1/00 0:00,13.16,4.4531,5/8/23 16:01,2.31,Auction Ads,auction_relation
20230807,1773402041197580 ,PT,PT,,1/1/00 0:00,13.16,4.4531,5/8/23 16:01,1.98,Auction Ads,auction_relation
20230807,1773402041197580 ,BE,BE,,1/1/00 0:00,13.16,4.4531,5/8/23 16:01,1.15,Auction Ads,auction_relation
20230807,1773402041197580 ,MY,MY,,1/1/00 0:00,13.16,4.4531,5/8/23 16:01,2.31,Auction Ads,auction_relation
20230807,1773402041197580 ,TR,TR,,1/1/00 0:00,13.16,4.4531,5/8/23 16:01,0.83,Auction Ads,auction_relation
20230807,1773402041197580 ,TH,TH,,1/1/00 0:00,13.16,4.4531,5/8/23 16:01,1.87,RIE,Ad Group Recall (Merged)
20230807,1773402041197580 ,HU,Others,,1/1/00 0:00,13.16,4.4531,5/8/23 16:01,1.56,Auction Ads,auction_all
20230807,1773402041197580 ,TH,TH,,1/1/00 0:00,13.16,4.4531,5/8/23 16:01,1.64,Auction Ads,auction_relation
20230807,1773402041197580 ,MY,MY,,1/1/00 0:00,13.16,4.4531,5/8/23 16:01,2.31,Auction Ads,auction_relation
20230807,1773402041197580 ,BE,BE,,1/1/00 0:00,13.16,4.4531,5/8/23 16:01,1.15,Auction Ads,auction_relation
20230807,1773402041197580 ,TR,TR,,1/1/00 0:00,13.16,4.4531,5/8/23 16:01,0.83,Auction Ads,auction_relation
20230807,1773402041197580 ,ID,ID,,1/1/00 0:00,13.16,4.4531,5/8/23 16:01,1.8,Auction Ads,auction_relation
20230807,1773402041197580 ,ID,ID,,1/1/00 0:00,13.16,4.4531,5/8/23 16:01,1.8,Auction Ads,auction_relation
20230807,1773405816872960 ,VN,,,1/1/00 0:00,0,8.4126,5/8/23 16:09,0.54,Non-Auction Ads,Promote
20230807,1773405586116610 ,VN,,,1/1/00 0:00,9.1246,2.537,5/8/23 16:03,0.54,Non-Auction Ads,Promote
20230807,1773405559099470 ,BR,,,1/1/00 0:00,1.6953,0.8672,5/8/23 16:03,1.53,RIE,Promote Report Recall
20230807,1773405631877120 ,SA,,,1/1/00 0:00,0,2.799,5/8/23 16:04,0.54,Non-Auction Ads,Promote
20230807,1773405720867840 ,VN,,,1/1/00 0:00,0,3.1299,5/8/23 16:05,0.54,Non-Auction Ads,Promote
20230807,1773405829551100 ,SA,,,1/1/00 0:00,0,5.443,5/8/23 16:08,0.54,Non-Auction Ads,Promote
20230807,1773406325017600 ,SA,,,1/1/00 0:00,26.7734,12.0954,5/8/23 16:15,0.54,Non-Auction Ads,Promote
20230807,1773405644264440 ,ID,,,1/1/00 0:00,3.8295,0.6356,5/8/23 16:04,0.54,Non-Auction Ads,Promote
20230807,1773406662525950 ,SA,,,1/1/00 0:00,9.0681,17.9474,5/8/23 16:20,0.54,Non-Auction Ads,Promote
20230807,1773405707580410 ,ID,,,1/1/00 0:00,4.4158,0.6356,5/8/23 16:05,0.54,Non-Auction Ads,Promote
20230807,1773405698955260 ,SA,,,1/1/00 0:00,4.2247,1.2061,5/8/23 16:06,0.54,Non-Auction Ads,Promote
20230807,1773405750366210 ,SA,,,1/1/00 0:00,4.3395,1.2061,5/8/23 16:07,0.54,Non-Auction Ads,Promote
20230807,1773405906748450 ,AU,AU,,1/1/00 0:00,2.8524,1.3031,5/8/23 16:07,1.84,RIE,Ad Group Recall (Merged)
20230807,1773405861249020 ,QA,,,1/1/00 0:00,2.7081,1.349,5/8/23 16:08,0.54,Non-Auction Ads,Promote
20230807,1773405958592510 ,ES,,,1/1/00 0:00,11.0608,1.8439,5/8/23 16:09,0.54,Non-Auction Ads,Promote
20230807,1773405868066810 ,ID,,,1/1/00 0:00,0.872,0.3437,5/8/23 16:08,1.53,RIE,Promote Report Recall
20230807,1773402451638270 ,TR,TR,,1/1/00 0:00,14.3839,4.4531,5/8/23 16:11,0.83,Auction Ads,auction_relation
20230807,1773402451638270 ,FR,FR,,1/1/00 0:00,14.3839,4.4531,5/8/23 16:11,1.97,Auction Ads,auction_relation
20230807,1773402451638270 ,ID,ID,,1/1/00 0:00,14.3839,4.4531,5/8/23 16:11,1.8,Auction Ads,auction_relation
20230807,1773402451638270 ,GB,GB,,1/1/00 0:00,14.3839,4.4531,5/8/23 16:11,1.76,Auction Ads,auction_relation
20230807,1773402451638270 ,MY,MY,,1/1/00 0:00,14.3839,4.4531,5/8/23 16:11,2.31,Auction Ads,auction_relation
20230807,1773402451638270 ,ID,ID,,1/1/00 0:00,14.3839,4.4531,5/8/23 16:11,1.8,Auction Ads,auction_relation
20230807,1773402451638270 ,MY,MY,,1/1/00 0:00,14.3839,4.4531,5/8/23 16:11,2.31,Auction Ads,auction_relation
20230807,1773406067077120 ,US,,,1/1/00 0:00,5.92,4.7173,5/8/23 16:12,1.53,RIE,Promote Report Recall
20230807,1773405889314810 ,KH,,,1/1/00 0:00,1.358,1.0956,5/8/23 16:10,0.54,Non-Auction Ads,Promote
20230807,1773406314699770 ,VN,,,1/1/00 0:00,0,4.5248,5/8/23 16:14,0.54,Non-Auction Ads,Promote
20230807,1773406069928960 ,AE,,,1/1/00 0:00,8.7224,4.018,5/8/23 16:12,0.54,Non-Auction Ads,Promote
20230807,1773406267471870 ,QA,,,1/1/00 0:00,10.8526,4.8712,5/8/23 16:15,0.54,Non-Auction Ads,Promote
20230807,1773406337437730 ,CA,,,1/1/00 0:00,1.5254,3.6399,5/8/23 16:14,1.53,RIE,Promote Report Recall
20230807,1773407268137980 ,US,,,1/1/00 0:00,24.89,18.7775,5/8/23 16:30,0.54,Non-Auction Ads,Promote
20230807,1773406398148610 ,SA,,,1/1/00 0:00,0,3.8735,5/8/23 16:16,0.54,Non-Auction Ads,Promote
20230807,1773406233878530 ,TR,,,1/1/00 0:00,1.9787,1.0517,5/8/23 16:14,0.54,Non-Auction Ads,Promote
20230807,1773406393299970 ,EG,,,1/1/00 0:00,0,2.9312,5/8/23 16:16,0.54,Non-Auction Ads,Promote
20230807,1773406478497790 ,IT,,,1/1/00 0:00,3.115,3.3938,5/8/23 16:18,1.53,RIE,Promote Report Recall
20230807,1773406498921470 ,MY,,,1/1/00 0:00,4.6103,3.7068,5/8/23 16:18,0.54,Non-Auction Ads,Promote
20230807,1773407168230430 ,SA,MENA,,1/1/00 0:00,13.466,9.9104,5/8/23 16:25,1.67,RIE,Ad Group Recall (Merged)
20230807,1773406793486330 ,VN,,,1/1/00 0:00,0,7.3184,5/8/23 16:22,0.54,Non-Auction Ads,Promote
20230807,1773406404789250 ,IL,,,1/1/00 0:00,9.0057,3.0731,5/8/23 16:18,0.54,Non-Auction Ads,Promote
20230807,1773406402734080 ,KH,,,1/1/00 0:00,1.3439,0.433,5/8/23 16:15,0.54,Non-Auction Ads,Promote
20230807,1773395960217610 ,TH,TH,,1/1/00 0:00,81.1934,48.505,5/8/23 17:00,1.87,RIE,Ad Group Recall (Merged)
20230807,1773406508471290 ,SA,,,1/1/00 0:00,6.376,3.1849,5/8/23 16:19,0.54,Non-Auction Ads,Promote
20230807,1773406416726020 ,EG,,,1/1/00 0:00,0,0.5119,5/8/23 16:17,0.54,Non-Auction Ads,Promote
20230807,1773406556413950 ,VN,,,1/1/00 0:00,0,3.378,5/8/23 16:19,0.54,Non-Auction Ads,Promote
20230807,1773406582535170 ,TR,,,1/1/00 0:00,2.9069,0.9855,5/8/23 16:18,0.54,Non-Auction Ads,Promote
20230807,1773406684788730 ,SA,,,1/1/00 0:00,0,2.5414,5/8/23 16:20,0.54,Non-Auction Ads,Promote
20230807,1773407541413920 ,ID,ID,,1/1/00 0:00,8.3594,10.9341,5/8/23 16:28,1.8,Auction Ads,auction_relation
20230807,1773406507942910 ,TR,,,1/1/00 0:00,1.6221,2.8968,5/8/23 16:20,0.54,Non-Auction Ads,Promote
20230807,1773406524234750 ,KH,,,1/1/00 0:00,2.2366,0.6842,5/8/23 16:18,0.54,Non-Auction Ads,Promote
20230807,1773407554740220 ,SA,,,1/1/00 0:00,0,15.7162,5/8/23 16:34,0.54,Non-Auction Ads,Promote
20230807,1773406657138680 ,IL,,,1/1/00 0:00,5.9164,1.1232,5/8/23 16:20,0.54,Non-Auction Ads,Promote
20230807,1773406769587200 ,SA,,,1/1/00 0:00,5.5258,3.905,5/8/23 16:23,0.54,Non-Auction Ads,Promote
20230807,1773406779188220 ,EG,,,1/1/00 0:00,2.6972,0.8516,5/8/23 16:23,0.54,Non-Auction Ads,Promote
20230807,1773406751609850 ,IL,,,1/1/00 0:00,4.0281,1.1232,5/8/23 16:23,0.54,Non-Auction Ads,Promote
20230807,1773407150299130 ,SA,,,1/1/00 0:00,0,3.9807,5/8/23 16:27,0.54,Non-Auction Ads,Promote
20230807,1773406815046660 ,EG,,,1/1/00 0:00,5.9865,0.9695,5/8/23 16:23,0.54,Non-Auction Ads,Promote
20230807,1773407949093950 ,US,,,1/1/00 0:00,54.21,21.7113,5/8/23 16:44,0.54,Non-Auction Ads,Promote
20230807,1773407007486970 ,VN,,,1/1/00 0:00,0,1.8951,5/8/23 16:25,0.54,Non-Auction Ads,Promote
20230807,1773407310818300 ,SA,,,1/1/00 0:00,10.4013,7.7298,5/8/23 16:31,0.54,Non-Auction Ads,Promote
20230807,1773406946964480 ,TR,,,1/1/00 0:00,3.2257,0.8,5/8/23 16:25,0.54,Non-Auction Ads,Promote
20230807,1773407704964120 ,SA,MENA,,1/1/00 0:00,7.1465,9.9104,5/8/23 16:34,1.67,RIE,Ad Group Recall (Merged)
20230807,1773407194255360 ,SA,,,1/1/00 0:00,0,3.9807,5/8/23 16:28,0.54,Non-Auction Ads,Promote
20230807,1773407523283980 ,IQ,Other,,1/1/00 0:00,20.7,2.8526,5/8/23 16:28,1.62,RIE,Ad Group Recall (Merged)
20230807,1773407187886080 ,VN,,,1/1/00 0:00,0,0.6301,5/8/23 16:28,0.54,Non-Auction Ads,Promote
20230807,1773407117804540 ,EG,,,1/1/00 0:00,2.2863,2.2077,5/8/23 16:28,0.54,Non-Auction Ads,Promote
20230807,1773407070777340 ,SA,,,1/1/00 0:00,2.7189,1.8661,5/8/23 16:28,0.54,Non-Auction Ads,Promote
20230807,1773407246219260 ,VN,,,1/1/00 0:00,0,2.6253,5/8/23 16:29,0.54,Non-Auction Ads,Promote
20230807,1773407413132370 ,SA,MENA,,1/1/00 0:00,15.17,1.6189,5/8/23 16:28,1.67,RIE,Ad Group Recall (Merged)
20230807,1773404305525790 ,US,US&CA,,1/1/00 0:00,74.96,13.0353,5/8/23 16:41,1.81,RIE,Ad Group Recall (Merged)
20230807,1773407535862780 ,VN,,,1/1/00 0:00,0,7.0738,5/8/23 16:34,0.54,Non-Auction Ads,Promote
20230807,1773407211840510 ,VN,,,1/1/00 0:00,0,0.932,5/8/23 16:28,0.54,Non-Auction Ads,Promote
20230807,1773407149959160 ,KH,,,1/1/00 0:00,5.118,2.8109,5/8/23 16:31,1.53,RIE,Promote Report Recall
20230807,1773407222947840 ,TR,,,1/1/00 0:00,2.4958,1.0283,5/8/23 16:30,0.54,Non-Auction Ads,Promote
20230807,1773407465380860 ,SA,,,1/1/00 0:00,0,5.9709,5/8/23 16:34,0.54,Non-Auction Ads,Promote
20230807,1773407209449470 ,BR,,,1/1/00 0:00,1.418,0.9454,5/8/23 16:30,1.53,RIE,Promote Report Recall
20230807,1773407385892860 ,JP,,,1/1/00 0:00,3.6956,2.5677,5/8/23 16:32,1.53,RIE,Promote Report Recall
20230807,1773407474738170 ,VN,,,1/1/00 0:00,0,2.3019,5/8/23 16:32,0.54,Non-Auction Ads,Promote
20230807,1773407906461700 ,US,,,1/1/00 0:00,24.72,8.0056,5/8/23 16:40,0.54,Non-Auction Ads,Promote
20230807,1773407616609280 ,ID,,,1/1/00 0:00,6.7218,4.1542,5/8/23 16:36,0.54,Non-Auction Ads,Promote
20230807,1773407654496250 ,SA,,,1/1/00 0:00,15.8658,4.1398,5/8/23 16:36,0.54,Non-Auction Ads,Promote
20230807,1773407780452350 ,SA,,,1/1/00 0:00,12.1868,4.5534,5/8/23 16:37,0.54,Non-Auction Ads,Promote
20230807,1773407605747710 ,VN,,,1/1/00 0:00,0,2.0821,5/8/23 16:36,0.54,Non-Auction Ads,Promote
20230807,1773408182960140 ,IT,,,1/1/00 0:00,16.5749,11.0662,5/8/23 16:45,0.54,Non-Auction Ads,Promote
20230807,1773407560754170 ,TR,,,1/1/00 0:00,0.2092,0.0941,5/8/23 16:34,1.53,RIE,Promote Report Recall
20230807,1773407628503040 ,KH,,,1/1/00 0:00,2.2107,1.4738,5/8/23 16:36,0.54,Non-Auction Ads,Promote
20230807,1773407672352770 ,BR,,,1/1/00 0:00,1.1266,2.4051,5/8/23 16:37,0.54,Non-Auction Ads,Promote
20230807,1773409000645660 ,VN,VN,,1/1/00 0:00,5.86,17.065,5/8/23 16:51,2.14,Auction Ads,auction_relation
20230807,1773407892679680 ,VN,,,1/1/00 0:00,0,3.0503,5/8/23 16:39,0.54,Non-Auction Ads,Promote
20230807,1773408180585500 ,IT,,,1/1/00 0:00,8.9273,8.9001,5/8/23 16:45,0.54,Non-Auction Ads,Promote
20230807,1773408711097340 ,KW,,,1/1/00 0:00,35.7447,18.5634,5/8/23 16:53,1.53,RIE,Promote Report Recall
20230807,1773408133728250 ,VN,,,1/1/00 0:00,0,6.9771,5/8/23 16:44,0.54,Non-Auction Ads,Promote
20230807,1773407842777080 ,TR,,,1/1/00 0:00,1.9135,1.1137,5/8/23 16:40,0.54,Non-Auction Ads,Promote
20230807,1773408073970680 ,SA,,,1/1/00 0:00,15.8462,4.9991,5/8/23 16:43,0.54,Non-Auction Ads,Promote
20230807,1773407948907520 ,VN,,,1/1/00 0:00,1.873,0.8019,5/8/23 16:40,1.53,RIE,Promote Report Recall
20230807,1773407942323200 ,IT,,,1/1/00 0:00,8.4854,2.3071,5/8/23 16:41,0.54,Non-Auction Ads,Promote
20230807,1773407890332670 ,PH,,,1/1/00 0:00,4.7907,0.6957,5/8/23 16:40,0.54,Non-Auction Ads,Promote
20230807,1773408056117280 ,EG,,,1/1/00 0:00,0,2.5,5/8/23 16:43,0.54,Non-Auction Ads,Promote
20230807,1773408005387260 ,VN,,,1/1/00 0:00,0,2.7172,5/8/23 16:43,0.54,Non-Auction Ads,Promote
20230807,1773408052026370 ,ES,,,1/1/00 0:00,2.8294,5.0266,5/8/23 16:45,0.54,Non-Auction Ads,Promote
20230807,1773407959134210 ,VN,,,1/1/00 0:00,3.0487,0.4438,5/8/23 16:41,0.54,Non-Auction Ads,Promote
20230807,1773408580909050 ,KW,,,1/1/00 0:00,0,9.5748,5/8/23 16:50,0.54,Non-Auction Ads,Promote
20230807,1773408623407150 ,TH,TH,,1/1/00 0:00,,0.6106,5/8/23 16:42,1.64,Auction Ads,auction_relation
20230807,1773408278104060 ,SA,,,1/1/00 0:00,4.8566,4.8476,5/8/23 16:46,0.54,Non-Auction Ads,Promote
20230807,1773408237879290 ,SA,,,1/1/00 0:00,0,5.1351,5/8/23 16:47,0.54,Non-Auction Ads,Promote
20230807,1773408221821950 ,SA,,,1/1/00 0:00,0,4.1588,5/8/23 16:46,0.54,Non-Auction Ads,Promote
20230807,1773409308993540 ,US,,,1/1/00 0:00,26.56,24.7771,5/8/23 17:03,0.54,Non-Auction Ads,Promote
20230807,1773408380096510 ,US,,,1/1/00 0:00,3.99,4.3913,5/8/23 16:48,1.53,RIE,Promote Report Recall
20230807,1773408175632450 ,AE,,,1/1/00 0:00,7.6637,1.5393,5/8/23 16:45,0.54,Non-Auction Ads,Promote
20230807,1773408443046910 ,SA,,,1/1/00 0:00,0,2.6224,5/8/23 16:48,0.54,Non-Auction Ads,Promote
20230807,1773408320174080 ,SA,,,1/1/00 0:00,10.4543,2.4972,5/8/23 16:48,0.54,Non-Auction Ads,Promote
20230807,1773408302940160 ,SA,,,1/1/00 0:00,0,0.7898,5/8/23 16:47,0.54,Non-Auction Ads,Promote
20230807,1773409187239970 ,VN,VN,,1/1/00 0:00,6.7857,2.9684,5/8/23 16:50,2.14,Auction Ads,auction_relation
20230807,1773408499553280 ,SA,,,1/1/00 0:00,0,4.5261,5/8/23 16:51,0.54,Non-Auction Ads,Promote
20230807,1773408482298880 ,MY,,,1/1/00 0:00,15.0935,1.4808,5/8/23 16:48,0.54,Non-Auction Ads,Promote
20230807,1773408642258980 ,FR,,,1/1/00 0:00,11.3581,4.2427,5/8/23 16:52,0.54,Non-Auction Ads,Promote
20230807,1773408482672640 ,VN,,,1/1/00 0:00,0,0.3296,5/8/23 16:48,0.54,Non-Auction Ads,Promote
20230807,1773409071768570 ,SA,,,1/1/00 0:00,0,8.9064,5/8/23 16:58,0.54,Non-Auction Ads,Promote
20230807,1773408522036220 ,ID,,,1/1/00 0:00,6.6179,0.8515,5/8/23 16:50,0.54,Non-Auction Ads,Promote
20230807,1773408486284280 ,SA,,,1/1/00 0:00,6.9273,0.9247,5/8/23 16:51,0.54,Non-Auction Ads,Promote
20230807,1773408869616640 ,SA,,,1/1/00 0:00,7.461,4.6809,5/8/23 16:55,0.54,Non-Auction Ads,Promote
20230807,1773408628983800 ,VN,,,1/1/00 0:00,0,2.8498,5/8/23 16:52,0.54,Non-Auction Ads,Promote
20230807,1773408693565440 ,BR,,,1/1/00 0:00,3.5193,1.9397,5/8/23 16:52,0.54,Non-Auction Ads,Promote
20230807,1773408680927230 ,SA,,,1/1/00 0:00,8.3193,2.987,5/8/23 16:53,0.54,Non-Auction Ads,Promote
20230807,1773408851144700 ,CA,,,1/1/00 0:00,4.9052,4.0012,5/8/23 16:56,1.53,RIE,Promote Report Recall
20230807,1773409018913810 ,CA,,,1/1/00 0:00,17.6687,7.1465,5/8/23 16:58,0.54,Non-Auction Ads,Promote
20230807,1773408895528960 ,EG,,,1/1/00 0:00,3.6997,4.8409,5/8/23 16:57,0.54,Non-Auction Ads,Promote
20230807,1773401712345090 ,VN,VN,,1/1/00 0:00,76.0738,9.557,5/8/23 17:00,2.14,Auction Ads,auction_relation
20230807,1773377867323420 ,VN,VN,,1/1/00 0:00,16.4557,9.557,5/8/23 17:00,2.14,Auction Ads,auction_relation
20230807,1773377867323420 ,VN,VN,,1/1/00 0:00,16.4557,9.557,5/8/23 17:00,2.14,Auction Ads,auction_relation
20230807,1773384454796290 ,VN,VN,,1/1/00 0:00,16.3219,9.557,5/8/23 17:00,2.14,Auction Ads,auction_relation
20230807,1773401712345090 ,VN,VN,,1/1/00 0:00,76.0738,9.557,5/8/23 17:00,2.14,Auction Ads,auction_relation
20230807,1773408752900090 ,PH,,,1/1/00 0:00,5.6017,0.6162,5/8/23 16:53,0.54,Non-Auction Ads,Promote
20230807,1773409284807680 ,SA,,,1/1/00 0:00,0,11.3075,5/8/23 17:01,0.54,Non-Auction Ads,Promote
20230807,1773408920141820 ,SA,,,1/1/00 0:00,0,2.0539,5/8/23 16:56,0.54,Non-Auction Ads,Promote
20230807,1773408887175170 ,MY,,,1/1/00 0:00,10.9751,1.2438,5/8/23 16:56,0.54,Non-Auction Ads,Promote
20230807,1773408864524350 ,SA,,,1/1/00 0:00,3.0495,2.2887,5/8/23 16:57,0.54,Non-Auction Ads,Promote
20230807,1773408858318850 ,MY,,,1/1/00 0:00,7.5365,1.3808,5/8/23 16:57,0.54,Non-Auction Ads,Promote
20230807,1773408957305850 ,VN,,,1/1/00 0:00,2.7338,1.738,5/8/23 16:57,0.54,Non-Auction Ads,Promote
20230807,1773411192733700 ,US,,,1/1/00 0:00,48.46,33.9979,5/8/23 17:33,0.54,Non-Auction Ads,Promote
20230807,1773409012469760 ,MY,,,1/1/00 0:00,5.6819,1.143,5/8/23 16:58,0.54,Non-Auction Ads,Promote
20230807,1773409028967420 ,MY,,,1/1/00 0:00,2.4962,0.6558,5/8/23 16:59,1.53,RIE,Promote Report Recall
20230807,1773409362427900 ,VN,,,1/1/00 0:00,0,7.9521,5/8/23 17:04,0.54,Non-Auction Ads,Promote
20230807,1773409269321720 ,ID,,,1/1/00 0:00,77.7704,5.7709,5/8/23 17:02,1.53,RIE,Promote Report Recall
20230807,1773409395637250 ,TH,,,1/1/00 0:00,14.3023,8.3154,5/8/23 17:04,0.54,Non-Auction Ads,Promote
20230807,1773409190688770 ,SA,,,1/1/00 0:00,3.4705,1.2999,5/8/23 17:01,1.53,RIE,Promote Report Recall
20230807,1773399096848410 ,VN,VN,,1/1/00 0:00,,0.1387,5/8/23 17:00,2.14,Auction Ads,auction_relation
20230807,1773408345494560 ,VN,VN,,1/1/00 0:00,,1.9951,5/8/23 17:01,2.14,Auction Ads,auction_relation
20230807,1773410591877120 ,SA,,,1/1/00 0:00,16.4011,17.922,5/8/23 17:23,0.54,Non-Auction Ads,Promote
20230807,1773409265793020 ,VN,,,1/1/00 0:00,2.7246,2.1614,5/8/23 17:02,0.54,Non-Auction Ads,Promote
20230807,1773410065132610 ,SA,,,1/1/00 0:00,0,13.1226,5/8/23 17:14,0.54,Non-Auction Ads,Promote
20230807,1773409581537280 ,SA,,,1/1/00 0:00,28.1593,6.5306,5/8/23 17:07,0.54,Non-Auction Ads,Promote
20230807,1773409679850490 ,SA,,,1/1/00 0:00,0,5.6244,5/8/23 17:07,0.54,Non-Auction Ads,Promote
20230807,1773409232951290 ,JP,,,1/1/00 0:00,4.0055,1.6337,5/8/23 17:03,1.53,RIE,Promote Report Recall
20230807,1773409279043580 ,TR,,,1/1/00 0:00,3.1825,0.5704,5/8/23 17:03,0.54,Non-Auction Ads,Promote
20230807,1773409829324800 ,SA,,,1/1/00 0:00,0,8.2598,5/8/23 17:11,0.54,Non-Auction Ads,Promote
20230807,1773409536231420 ,AE,MENA,,1/1/00 0:00,0,2.6828,5/8/23 17:05,1.67,RIE,Ad Group Recall (Merged)
20230807,1773409524074490 ,SA,,,1/1/00 0:00,5.6672,2.7438,5/8/23 17:06,0.54,Non-Auction Ads,Promote
20230807,1773409466585080 ,AE,,,1/1/00 0:00,0,1.4736,5/8/23 17:04,0.54,Non-Auction Ads,Promote
20230807,1773409531463680 ,BR,,,1/1/00 0:00,7.4238,2.9445,5/8/23 17:06,0.54,Non-Auction Ads,Promote
20230807,1773409521779760 ,VN,VN,,1/1/00 0:00,,0.1805,5/8/23 17:03,2.14,Auction Ads,auction_relation
20230807,1773409736457230 ,BR,,,1/1/00 0:00,6.6569,3.3099,5/8/23 17:09,0.54,Non-Auction Ads,Promote
20230807,1773410134853630 ,CZ,,,1/1/00 0:00,11.117,9.1662,5/8/23 17:15,0.54,Non-Auction Ads,Promote
20230807,1773409826582530 ,SA,,,1/1/00 0:00,10.4623,3.5021,5/8/23 17:11,0.54,Non-Auction Ads,Promote
20230807,1773393649884160 ,US,,,1/1/00 0:00,10.92,9.135,5/8/23 17:17,1.53,RIE,Promote Report Recall
20230807,1773409941099550 ,US,,,1/1/00 0:00,25.86,6.0549,5/8/23 17:13,0.54,Non-Auction Ads,Promote
20230807,1773409499394080 ,BR,,,1/1/00 0:00,7.2862,0.9444,5/8/23 17:08,0.54,Non-Auction Ads,Promote
20230807,1773406224581680 ,DK,DK,,1/1/00 0:00,11.0034,3.8639,5/8/23 17:11,1.31,Auction Ads,auction_relation
20230807,1773409765771260 ,VN,,,1/1/00 0:00,0,1.3145,5/8/23 17:10,0.54,Non-Auction Ads,Promote
20230807,1773409824798720 ,RO,,,1/1/00 0:00,2.0871,0.707,5/8/23 17:10,0.54,Non-Auction Ads,Promote
20230807,1773410954355710 ,SA,,,1/1/00 0:00,0,13.4631,5/8/23 17:29,0.54,Non-Auction Ads,Promote
20230807,1773409853896700 ,BR,,,1/1/00 0:00,7.8733,3.3099,5/8/23 17:12,0.54,Non-Auction Ads,Promote
20230807,1773409888121860 ,RO,,,1/1/00 0:00,1.4581,0.707,5/8/23 17:11,0.54,Non-Auction Ads,Promote
20230807,1773410827074560 ,SA,,,1/1/00 0:00,0,10.279,5/8/23 17:27,0.54,Non-Auction Ads,Promote
20230807,1773410176513030 ,FR,,,1/1/00 0:00,20.8695,5.4208,5/8/23 17:16,1.53,RIE,Promote Report Recall
20230807,1773409804901370 ,TR,,,1/1/00 0:00,2.6073,1.1683,5/8/23 17:12,0.54,Non-Auction Ads,Promote
20230807,1773411229244420 ,US,,,1/1/00 0:00,50.84,16.6633,5/8/23 17:35,0.54,Non-Auction Ads,Promote
20230807,1773411204153340 ,FR,,,1/1/00 0:00,12.4055,15.8173,5/8/23 17:33,0.54,Non-Auction Ads,Promote
20230807,1773409959313400 ,ID,,,1/1/00 0:00,5.9221,1.4487,5/8/23 17:12,0.54,Non-Auction Ads,Promote
20230807,1773410699850750 ,SA,,,1/1/00 0:00,0,5.6942,5/8/23 17:25,0.54,Non-Auction Ads,Promote
20230807,1773411404304380 ,FR,,,1/1/00 0:00,22.5403,15.2998,5/8/23 17:36,0.54,Non-Auction Ads,Promote
20230807,1773410578956290 ,ES,,,1/1/00 0:00,6.4612,3.8725,5/8/23 17:22,0.54,Non-Auction Ads,Promote
20230807,1773409139340290 ,ID,,,1/1/00 0:00,1.4919,1.1305,5/8/23 17:15,1.53,RIE,Promote Report Recall
20230807,1773410422894590 ,QA,,,1/1/00 0:00,3.0617,1.7625,5/8/23 17:20,0.54,Non-Auction Ads,Promote
20230807,1773410302927870 ,EG,,,1/1/00 0:00,0,1.0364,5/8/23 17:19,0.54,Non-Auction Ads,Promote
20230807,1773411960950790 ,US,,,1/1/00 0:00,63.89,21.7562,5/8/23 17:45,0.54,Non-Auction Ads,Promote
20230807,1773410778672130 ,GR,,,1/1/00 0:00,0.102,3.5784,5/8/23 17:26,0.54,Non-Auction Ads,Promote
20230807,1773395273237510 ,US,,,1/1/00 0:00,13.26,4.8313,5/8/23 17:28,1.53,RIE,Promote Report Recall
20230807,1773411823671290 ,SA,,,1/1/00 0:00,0,19.4094,5/8/23 17:42,0.54,Non-Auction Ads,Promote
20230807,1773410953655300 ,ES,,,1/1/00 0:00,6.5604,4.9493,5/8/23 17:29,0.54,Non-Auction Ads,Promote
20230807,1773410963272700 ,IL,,,1/1/00 0:00,10.4316,5.3464,5/8/23 17:29,0.54,Non-Auction Ads,Promote
20230807,1773410806956030 ,PH,,,1/1/00 0:00,11.7468,1.3586,5/8/23 17:25,1.53,RIE,Promote Report Recall
20230807,1773410487865340 ,TR,,,1/1/00 0:00,0.4879,0.4975,5/8/23 17:24,1.53,RIE,Promote Report Recall
20230807,1773411766798330 ,VN,,,1/1/00 0:00,35.9148,16.8047,5/8/23 17:42,0.54,Non-Auction Ads,Promote
20230807,1773410549607420 ,TR,,,1/1/00 0:00,1.4714,2.3263,5/8/23 17:27,0.54,Non-Auction Ads,Promote
20230807,1773411453233190 ,SE,,,1/1/00 0:00,0.5922,9.6398,5/8/23 17:36,0.54,Non-Auction Ads,Promote
20230807,1773411090752510 ,US,,,1/1/00 0:00,27.06,4.5513,5/8/23 17:30,0.54,Non-Auction Ads,Promote
20230807,1773410827012090 ,TR,,,1/1/00 0:00,0.4346,0.443,5/8/23 17:26,1.53,RIE,Promote Report Recall
20230807,1773411110171650 ,BR,,,1/1/00 0:00,2.9795,4.4408,5/8/23 17:32,0.54,Non-Auction Ads,Promote
20230807,1773411081540600 ,SA,,,1/1/00 0:00,4.9023,3.1043,5/8/23 17:31,0.54,Non-Auction Ads,Promote
20230807,1773410969953280 ,SA,,,1/1/00 0:00,6.6187,0.9247,5/8/23 17:28,0.54,Non-Auction Ads,Promote
20230807,1773411149224960 ,IT,,,1/1/00 0:00,14.8579,4.2899,5/8/23 17:32,0.54,Non-Auction Ads,Promote
20230807,1773411144928290 ,JP,JP,,1/1/00 0:00,59.9872,9.2158,5/8/23 17:39,2.16,Auction Ads,auction_all
20230807,1773411179247650 ,DE,,,1/1/00 0:00,5.3046,3.5346,5/8/23 17:33,1.53,RIE,Promote Report Recall
20230807,1773411039523840 ,SA,,,1/1/00 0:00,4.3782,1.6056,5/8/23 17:31,0.54,Non-Auction Ads,Promote
20230807,1773411096244230 ,EG,,,1/1/00 0:00,3.2143,0.9631,5/8/23 17:31,0.54,Non-Auction Ads,Promote
20230807,1773401422989320 ,US,US&CA,,1/1/00 0:00,655.66,28.9749,5/8/23 18:00,1.81,RIE,Ad Group Recall (Merged)
20230807,1773411188643840 ,EG,,,1/1/00 0:00,0,0.7463,5/8/23 17:32,0.54,Non-Auction Ads,Promote
20230807,1773412708242430 ,US,,,1/1/00 0:00,56.72,24.4099,5/8/23 17:57,0.54,Non-Auction Ads,Promote
20230807,1773411404817410 ,TR,,,1/1/00 0:00,3.1011,2.0536,5/8/23 17:35,0.54,Non-Auction Ads,Promote
20230807,1773412531249150 ,US,,,1/1/00 0:00,23.67,18.883,5/8/23 17:54,0.54,Non-Auction Ads,Promote
20230807,1773411418159100 ,IT,,,1/1/00 0:00,5.3709,2.7357,5/8/23 17:36,1.53,RIE,Promote Report Recall
20230807,1773411660187680 ,VN,VN,,1/1/00 0:00,,2.0965,5/8/23 17:36,2.14,Auction Ads,auction_relation
20230807,1773412114731010 ,CA,,,1/1/00 0:00,17.7956,12.048,5/8/23 17:46,0.54,Non-Auction Ads,Promote
20230807,1773411626436610 ,SA,,,1/1/00 0:00,0,3.1905,5/8/23 17:38,0.54,Non-Auction Ads,Promote
20230807,1773411584392190 ,IL,,,1/1/00 0:00,8.6937,4.2423,5/8/23 17:39,0.54,Non-Auction Ads,Promote
20230807,1773411907101690 ,SA,,,1/1/00 0:00,27.4342,9.2749,5/8/23 17:44,0.54,Non-Auction Ads,Promote
20230807,1773411588976640 ,ES,,,1/1/00 0:00,6.3291,4.0725,5/8/23 17:39,0.54,Non-Auction Ads,Promote
20230807,1773411308288000 ,BR,,,1/1/00 0:00,3.4411,1.955,5/8/23 17:37,0.54,Non-Auction Ads,Promote
20230807,1773465813379070 ,US,US&CA,,1/1/00 0:00,1583.45,849.2059,6/8/23 8:59,1.81,RIE,Ad Group Recall (Merged)
20230807,1773411525155840 ,SA,,,1/1/00 0:00,0,1.1769,5/8/23 17:37,0.54,Non-Auction Ads,Promote
20230807,1773411594767360 ,SA,,,1/1/00 0:00,8.1065,5.4806,5/8/23 17:42,0.54,Non-Auction Ads,Promote
20230807,1773411648200700 ,VN,,,1/1/00 0:00,0,0.718,5/8/23 17:39,0.54,Non-Auction Ads,Promote
20230807,1773414752486410 ,TW,TW,,1/1/00 0:00,466.37,43.964,5/8/23 18:28,2.59,RIE,Ad Group Recall (Merged)
20230807,1773411612191740 ,ID,,,1/1/00 0:00,8.2636,2.207,5/8/23 17:39,0.54,Non-Auction Ads,Promote
20230807,1773411734925310 ,ID,,,1/1/00 0:00,6.0073,2.207,5/8/23 17:41,0.54,Non-Auction Ads,Promote
20230807,1773411601253370 ,KH,,,1/1/00 0:00,1.4197,0.433,5/8/23 17:39,0.54,Non-Auction Ads,Promote
20230807,1773411769364480 ,SA,,,1/1/00 0:00,0,2.0901,5/8/23 17:42,0.54,Non-Auction Ads,Promote
20230807,1773414851849240 ,TW,TW,,1/1/00 0:00,455.01,43.964,5/8/23 18:30,2.59,RIE,Ad Group Recall (Merged)
20230807,1773411797756920 ,VN,,,1/1/00 0:00,0,0.2552,5/8/23 17:41,0.54,Non-Auction Ads,Promote
20230807,1773411992600570 ,IL,,,1/1/00 0:00,5.5709,4.8453,5/8/23 17:45,0.54,Non-Auction Ads,Promote
20230807,1773411943897080 ,SA,,,1/1/00 0:00,6.928,3.2584,5/8/23 17:44,0.54,Non-Auction Ads,Promote
20230807,1773411839966210 ,ID,,,1/1/00 0:00,3.9717,2.207,5/8/23 17:43,0.54,Non-Auction Ads,Promote
20230807,1773411863373820 ,IL,,,1/1/00 0:00,5.246,3.8755,5/8/23 17:45,0.54,Non-Auction Ads,Promote
20230807,1773412051053570 ,IL,,,1/1/00 0:00,7.2076,4.8453,5/8/23 17:47,0.54,Non-Auction Ads,Promote
20230807,1773413762124860 ,SA,,,1/1/00 0:00,2.0391,31.6683,5/8/23 18:13,0.54,Non-Auction Ads,Promote
20230807,1773411866775550 ,VN,,,1/1/00 0:00,0,0.2552,5/8/23 17:42,0.54,Non-Auction Ads,Promote
20230807,1773412564160530 ,US,,,1/1/00 0:00,27.69,10.3047,5/8/23 17:54,0.54,Non-Auction Ads,Promote
20230807,1773412627483690 ,MA,Other,,1/1/00 0:00,18.5582,7.1146,5/8/23 17:49,1.62,RIE,Ad Group Recall (Merged)
20230807,1773412110606340 ,TR,,,1/1/00 0:00,4.0288,3.8911,5/8/23 17:47,0.54,Non-Auction Ads,Promote
20230807,1773412625377280 ,AE,,,1/1/00 0:00,0,10.8904,5/8/23 17:55,0.54,Non-Auction Ads,Promote
20230807,1773412977035260 ,US,,,1/1/00 0:00,43.31,16.7355,5/8/23 18:01,0.54,Non-Auction Ads,Promote
20230807,1773412128769030 ,BR,,,1/1/00 0:00,1.4733,1.1663,5/8/23 17:47,0.54,Non-Auction Ads,Promote
20230807,1773412566782990 ,SE,,,1/1/00 0:00,7.8992,8.1407,5/8/23 17:54,1.53,RIE,Promote Report Recall
20230807,1773412151451650 ,IL,,,1/1/00 0:00,10.6614,2.3433,5/8/23 17:48,0.54,Non-Auction Ads,Promote
20230807,1773412109056000 ,PL,,,1/1/00 0:00,5.3159,1.2976,5/8/23 17:47,0.54,Non-Auction Ads,Promote
20230807,1773412134100990 ,SA,,,1/1/00 0:00,6.7157,1.8528,5/8/23 17:48,0.54,Non-Auction Ads,Promote
20230807,1773412188450820 ,FR,,,1/1/00 0:00,3.3343,2.2627,5/8/23 17:48,1.53,RIE,Promote Report Recall
20230807,1773412201783290 ,VN,,,1/1/00 0:00,8.3729,1.6243,5/8/23 17:48,0.54,Non-Auction Ads,Promote
20230807,1773412336930810 ,VN,,,1/1/00 0:00,0,1.6368,5/8/23 17:50,0.54,Non-Auction Ads,Promote
20230807,1773399058949140 ,BR,,,1/1/00 0:00,0,5.099,5/8/23 17:55,1.53,RIE,Promote Report Recall
20230807,1773412196627450 ,TR,,,1/1/00 0:00,1.8744,2.3997,5/8/23 17:54,0.54,Non-Auction Ads,Promote
20230807,1773412460326910 ,VN,,,1/1/00 0:00,0,1.1729,5/8/23 17:52,0.54,Non-Auction Ads,Promote
20230807,1773412663199740 ,AE,,,1/1/00 0:00,11.4562,6.6177,5/8/23 17:57,0.54,Non-Auction Ads,Promote
20230807,1773412666082350 ,VN,VN,,1/1/00 0:00,0.3234,0.1285,5/8/23 17:51,2.14,Auction Ads,auction_relation
20230807,1773412764536830 ,ID,,,1/1/00 0:00,7.4855,5.4924,5/8/23 17:56,0.54,Non-Auction Ads,Promote
20230807,1773412793364480 ,JP,,,1/1/00 0:00,20.1418,7.1266,5/8/23 17:58,0.54,Non-Auction Ads,Promote
20230807,1773411171607550 ,EG,,,1/1/00 0:00,0,0.5586,5/8/23 17:52,0.54,Non-Auction Ads,Promote
20230807,1773412910274560 ,VN,,,1/1/00 0:00,4.4917,8.504,5/8/23 18:00,0.54,Non-Auction Ads,Promote
20230807,1773412565904380 ,TR,,,1/1/00 0:00,2.0353,1.2961,5/8/23 17:54,0.54,Non-Auction Ads,Promote
20230807,1773412687268880 ,RO,,,1/1/00 0:00,7.7414,2.3105,5/8/23 17:56,0.54,Non-Auction Ads,Promote
20230807,1773412708575230 ,VN,,,1/1/00 0:00,0.1313,1.1729,5/8/23 17:56,1.53,RIE,Promote Report Recall
20230807,1773412693970940 ,SA,,,1/1/00 0:00,10.007,1.5453,5/8/23 17:56,0.54,Non-Auction Ads,Promote
20230807,1773413349132290 ,US,,,1/1/00 0:00,30.44,10.0503,5/8/23 18:07,0.54,Non-Auction Ads,Promote
20230807,1773325460348970 ,BR,BR,,1/1/00 0:00,1110.3552,422.2358,6/8/23 3:00,1.99,Auction Ads,auction_all
20230807,1773413989712890 ,SA,,,1/1/00 0:00,11.0757,19.2058,5/8/23 18:17,0.54,Non-Auction Ads,Promote
20230807,1773412811506680 ,IL,,,1/1/00 0:00,7.2519,3.8755,5/8/23 18:00,0.54,Non-Auction Ads,Promote
20230807,1773412897421360 ,ID,ID,,1/1/00 0:00,,1.8515,5/8/23 17:58,1.8,Auction Ads,auction_relation
20230807,1773412781325310 ,EG,,,1/1/00 0:00,0,0.6559,5/8/23 17:57,0.54,Non-Auction Ads,Promote
20230807,1773412866965500 ,US,,,1/1/00 0:00,2.54,1.6613,5/8/23 17:59,0.54,Non-Auction Ads,Promote
20230807,1773412957577230 ,ID,ID,,1/1/00 0:00,,1.8515,5/8/23 18:00,1.8,Auction Ads,auction_relation
20230807,1773414866646020 ,US,,,1/1/00 0:00,120.94,26.1731,5/8/23 18:31,0.54,Non-Auction Ads,Promote
20230807,1773412846212090 ,SA,,,1/1/00 0:00,33.1467,1.8903,5/8/23 18:01,0.54,Non-Auction Ads,Promote
20230807,1773413367842810 ,SA,,,1/1/00 0:00,4.5661,6.2347,5/8/23 18:07,0.54,Non-Auction Ads,Promote
20230807,1773413063676970 ,VN,VN,,1/1/00 0:00,0,1.1751,5/8/23 18:01,2.14,Auction Ads,auction_relation
20230807,1773412955400190 ,TR,,,1/1/00 0:00,2.7702,2.1174,5/8/23 18:03,0.54,Non-Auction Ads,Promote
20230807,1773415957578780 ,TW,TW,,1/1/00 0:00,453.85,43.964,5/8/23 18:50,2.59,RIE,Ad Group Recall (Merged)
20230807,1773413251664890 ,TH,,,1/1/00 0:00,9.2742,3.4892,5/8/23 18:06,0.54,Non-Auction Ads,Promote
20230807,1773413215910910 ,VN,,,1/1/00 0:00,0,1.6123,5/8/23 18:04,0.54,Non-Auction Ads,Promote
20230807,1773413066986490 ,TR,,,1/1/00 0:00,1.8301,0.9612,5/8/23 18:04,0.54,Non-Auction Ads,Promote
20230807,1773413635475450 ,AE,,,1/1/00 0:00,9.3627,8.9314,5/8/23 18:11,0.54,Non-Auction Ads,Promote
20230807,1773413336918010 ,AE,,,1/1/00 0:00,8.0289,2.6078,5/8/23 18:07,0.54,Non-Auction Ads,Promote
20230807,1773413157349370 ,IL,,,1/1/00 0:00,5.6456,2.1044,5/8/23 18:06,0.54,Non-Auction Ads,Promote
20230807,1773413373530110 ,PH,,,1/1/00 0:00,11.3433,4.2008,5/8/23 18:07,0.54,Non-Auction Ads,Promote
20230807,1773413348042750 ,TH,,,1/1/00 0:00,9.9859,3.4892,5/8/23 18:07,0.54,Non-Auction Ads,Promote
20230807,1773413137231870 ,TR,,,1/1/00 0:00,3.8393,0.4677,5/8/23 18:04,0.54,Non-Auction Ads,Promote
20230807,1773413597274110 ,DE,,,1/1/00 0:00,18.414,7.5561,5/8/23 18:11,1.53,RIE,Promote Report Recall
20230807,1773413400992780 ,TH,,,1/1/00 0:00,9.9186,3.4892,5/8/23 18:08,0.54,Non-Auction Ads,Promote
20230807,1773414550034430 ,MY,,,1/1/00 0:00,47.5543,20.3302,5/8/23 18:31,1.53,RIE,Promote Report Recall
20230807,1773413318811650 ,SA,,,1/1/00 0:00,4.6359,2.4484,5/8/23 18:08,0.54,Non-Auction Ads,Promote
20230807,1773413579210830 ,ID,ID,,1/1/00 0:00,7.4047,3.1793,5/8/23 18:09,1.8,Auction Ads,auction_relation
20230807,1773413530909700 ,PT,,,1/1/00 0:00,1.9264,3.7403,5/8/23 18:10,0.54,Non-Auction Ads,Promote
20230807,1773413578696700 ,SA,,,1/1/00 0:00,15.7748,5.1945,5/8/23 18:10,0.54,Non-Auction Ads,Promote
20230807,1773409905933330 ,NO,Others,,1/1/00 0:00,,3.5733,5/8/23 18:10,1.56,Auction Ads,auction_all
20230807,1773413662971900 ,KW,,,1/1/00 0:00,16.6529,5.8558,5/8/23 18:12,0.54,Non-Auction Ads,Promote
20230807,1773413509568510 ,TH,,,1/1/00 0:00,10.0061,3.4892,5/8/23 18:10,1.53,RIE,Promote Report Recall
20230807,1773413491469310 ,SA,,,1/1/00 0:00,17.9288,2.8541,5/8/23 18:10,0.54,Non-Auction Ads,Promote
20230807,1773413124428800 ,IL,,,1/1/00 0:00,2.4598,1.4638,5/8/23 18:10,1.53,RIE,Promote Report Recall
20230807,1773413689504760 ,TH,,,1/1/00 0:00,14.7773,4.0317,5/8/23 18:12,0.54,Non-Auction Ads,Promote
20230807,1773414554980400 ,SE,,,1/1/00 0:00,24.9578,11.3927,5/8/23 18:26,0.54,Non-Auction Ads,Promote
20230807,1773413502249990 ,BR,,,1/1/00 0:00,3.2623,3.356,5/8/23 18:12,0.54,Non-Auction Ads,Promote
20230807,1773413743108090 ,TH,,,1/1/00 0:00,10.1919,4.0317,5/8/23 18:13,0.54,Non-Auction Ads,Promote
20230807,1773414115632130 ,IT,,,1/1/00 0:00,8.8937,7.1025,5/8/23 18:19,0.54,Non-Auction Ads,Promote
20230807,1773414072332280 ,SA,,,1/1/00 0:00,0,5.7946,5/8/23 18:18,0.54,Non-Auction Ads,Promote
20230807,1773415392449530 ,SA,,,1/1/00 0:00,4.2062,26.2866,5/8/23 18:42,0.54,Non-Auction Ads,Promote
20230807,1773413742544910 ,IT,,,1/1/00 0:00,11.6661,2.5729,5/8/23 18:13,0.54,Non-Auction Ads,Promote
20230807,1773414996358140 ,SA,,,1/1/00 0:00,117.645,15.2815,5/8/23 18:32,1.53,RIE,Promote Report Recall
20230807,1773413674185730 ,AE,,,1/1/00 0:00,4.5467,2.5224,5/8/23 18:13,1.53,RIE,Promote Report Recall
20230807,1773413806461950 ,SA,,,1/1/00 0:00,10.8679,2.9032,5/8/23 18:14,0.54,Non-Auction Ads,Promote
20230807,1773415044959230 ,SA,,,1/1/00 0:00,20.3357,15.2815,5/8/23 18:34,0.54,Non-Auction Ads,Promote
20230807,1773415146058750 ,SA,,,1/1/00 0:00,14.8634,16.9492,5/8/23 18:35,0.54,Non-Auction Ads,Promote
20230807,1773413776343040 ,SA,,,1/1/00 0:00,0,1.8227,5/8/23 18:14,0.54,Non-Auction Ads,Promote
20230807,1773414085702650 ,AE,,,1/1/00 0:00,16.1909,3.9701,5/8/23 18:20,0.54,Non-Auction Ads,Promote
20230807,1773414419538940 ,SA,,,1/1/00 0:00,0,6.7462,5/8/23 18:27,0.54,Non-Auction Ads,Promote
20230807,1773414768671780 ,CA,,,1/1/00 0:00,15.4552,8.5056,5/8/23 18:29,0.54,Non-Auction Ads,Promote
20230807,1773414404841480 ,ID,ID,,1/1/00 0:00,1.3198,3.5261,5/8/23 18:21,1.8,Auction Ads,auction_relation
20230807,1773414080659450 ,SA,,,1/1/00 0:00,0,1.3882,5/8/23 18:18,0.54,Non-Auction Ads,Promote
20230807,1773414078872570 ,ID,,,1/1/00 0:00,4.0143,1.7999,5/8/23 18:19,0.54,Non-Auction Ads,Promote
20230807,1773414451050590 ,PL,,,1/1/00 0:00,3.1554,3.5743,5/8/23 18:24,0.54,Non-Auction Ads,Promote
20230807,1773414668330000 ,ID,ID,,1/1/00 0:00,,3.5261,5/8/23 18:25,1.8,Auction Ads,auction_relation
20230807,1773414989021180 ,US,,,1/1/00 0:00,59.79,10.4548,5/8/23 18:32,0.54,Non-Auction Ads,Promote
20230807,1773414113548290 ,MY,,,1/1/00 0:00,9.4755,1.2297,5/8/23 18:20,0.54,Non-Auction Ads,Promote
20230807,1773414651091970 ,VN,,,1/1/00 0:00,0,2.8716,5/8/23 18:27,0.54,Non-Auction Ads,Promote
20230807,1773414467652600 ,ID,,,1/1/00 0:00,3.4002,1.1076,5/8/23 18:24,1.53,RIE,Promote Report Recall
20230807,1773415011402750 ,US,,,1/1/00 0:00,5.6,8.6484,5/8/23 18:34,0.54,Non-Auction Ads,Promote
20230807,1773414701251580 ,VN,,,1/1/00 0:00,0,1.624,5/8/23 18:27,0.54,Non-Auction Ads,Promote
20230807,1773414784132090 ,VN,,,1/1/00 0:00,0,2.7797,5/8/23 18:29,0.54,Non-Auction Ads,Promote
20230807,1773420894967840 ,SA,MENA,,1/1/00 0:00,30.8352,77.1934,5/8/23 20:04,1.78,Auction Ads,auction_relation
20230807,1773414716548090 ,SA,,,1/1/00 0:00,7.0879,1.3271,5/8/23 18:28,0.54,Non-Auction Ads,Promote
20230807,1773414802092030 ,AE,,,1/1/00 0:00,7.6153,3.042,5/8/23 18:30,0.54,Non-Auction Ads,Promote
20230807,1773414696519680 ,SA,,,1/1/00 0:00,0,4.6873,5/8/23 18:31,0.54,Non-Auction Ads,Promote
20230807,1773415953758200 ,SA,,,1/1/00 0:00,25.035,24.8005,5/8/23 18:51,0.54,Non-Auction Ads,Promote
20230807,1773415040696320 ,BR,,,1/1/00 0:00,3.6691,5.7557,5/8/23 18:34,0.54,Non-Auction Ads,Promote
20230807,1773414838800380 ,VN,,,1/1/00 0:00,0,1.1101,5/8/23 18:30,0.54,Non-Auction Ads,Promote
20230807,1773417164573700 ,US,,,1/1/00 0:00,76.18,34.4064,5/8/23 19:06,0.54,Non-Auction Ads,Promote
20230807,1773415429573630 ,SA,,,1/1/00 0:00,15.2124,8.2959,5/8/23 18:40,0.54,Non-Auction Ads,Promote
20230807,1773415696699390 ,CA,,,1/1/00 0:00,26.6558,13.9418,5/8/23 18:43,1.53,RIE,Promote Report Recall
20230807,1773415478130680 ,SA,,,1/1/00 0:00,17.7156,6.0937,5/8/23 18:40,0.54,Non-Auction Ads,Promote
20230807,1773415129873410 ,SA,,,1/1/00 0:00,27.6315,3.425,5/8/23 18:35,0.54,Non-Auction Ads,Promote
20230807,1773417592166430 ,GB,GB,,1/1/00 0:00,0.08,31.33,5/8/23 19:05,1.76,Auction Ads,auction_relation
20230807,1773415214206980 ,EG,,,1/1/00 0:00,3.3356,3.8265,5/8/23 18:37,0.54,Non-Auction Ads,Promote
20230807,1773415551222780 ,SA,,,1/1/00 0:00,0,8.298,5/8/23 18:42,0.54,Non-Auction Ads,Promote
20230807,1773414957066240 ,TH,,,1/1/00 0:00,11.4626,1.9241,5/8/23 18:34,0.54,Non-Auction Ads,Promote
20230807,1773415558388730 ,SA,,,1/1/00 0:00,19.4962,6.0937,5/8/23 18:41,0.54,Non-Auction Ads,Promote
20230807,1773415325373440 ,SE,,,1/1/00 0:00,11.0372,3.8948,5/8/23 18:39,0.54,Non-Auction Ads,Promote
20230807,1773415127691260 ,EG,,,1/1/00 0:00,3.4185,2.0584,5/8/23 18:35,0.54,Non-Auction Ads,Promote
20230807,1773415546561530 ,SA,,,1/1/00 0:00,14.2875,5.8014,5/8/23 18:42,0.54,Non-Auction Ads,Promote
20230807,1773415546561530 ,SA,,,1/1/00 0:00,14.2875,5.8014,5/8/23 18:42,0.54,Non-Auction Ads,Promote
20230807,1773415356028930 ,SA,,,1/1/00 0:00,3.5532,1.5067,5/8/23 18:39,0.54,Non-Auction Ads,Promote
20230807,1773415457162240 ,IL,,,1/1/00 0:00,6.1293,2.3093,5/8/23 18:40,0.54,Non-Auction Ads,Promote
20230807,1773416483480570 ,KW,,,1/1/00 0:00,0,21.1509,5/8/23 18:57,0.54,Non-Auction Ads,Promote
20230807,1773415903735810 ,QA,Other,,1/1/00 0:00,0.57,8.0264,5/8/23 18:44,1.62,RIE,Ad Group Recall (Merged)
20230807,1773415635158010 ,SA,,,1/1/00 0:00,0,2.9989,5/8/23 18:42,0.54,Non-Auction Ads,Promote
20230807,1773415589111800 ,SA,,,1/1/00 0:00,0,1.2551,5/8/23 18:41,0.54,Non-Auction Ads,Promote
20230807,1773415350751250 ,EG,,,1/1/00 0:00,1.0137,0.3042,5/8/23 18:40,1.53,RIE,Promote Report Recall
20230807,1773416466177020 ,SA,,,1/1/00 0:00,0,17.4025,5/8/23 18:56,0.54,Non-Auction Ads,Promote
20230807,1773415573265400 ,AE,,,1/1/00 0:00,2.845,2.7451,5/8/23 18:42,1.53,RIE,Promote Report Recall
20230807,1773415526221820 ,SA,,,1/1/00 0:00,7.757,3.8032,5/8/23 18:42,0.54,Non-Auction Ads,Promote
20230807,1773415646125050 ,MY,,,1/1/00 0:00,7.3591,1.2693,5/8/23 18:42,0.54,Non-Auction Ads,Promote
20230807,1773415847921660 ,SA,,,1/1/00 0:00,0,5.8516,5/8/23 18:46,0.54,Non-Auction Ads,Promote
20230807,1773415977791490 ,US,,,1/1/00 0:00,44.61,7.0511,5/8/23 18:48,0.54,Non-Auction Ads,Promote
20230807,1773415626187770 ,SA,,,1/1/00 0:00,4.2169,4.3887,5/8/23 18:44,0.54,Non-Auction Ads,Promote
20230807,1773415422124030 ,ES,,,1/1/00 0:00,2.9492,2.9288,5/8/23 18:43,1.53,RIE,Promote Report Recall
20230807,1773415664401410 ,IT,,,1/1/00 0:00,17.6777,3.2646,5/8/23 18:44,0.54,Non-Auction Ads,Promote
20230807,1773415534138360 ,SA,,,1/1/00 0:00,4.073,1.5622,5/8/23 18:42,0.54,Non-Auction Ads,Promote
20230807,1773416141165570 ,IL,,,1/1/00 0:00,12.9763,8.713,5/8/23 18:51,0.54,Non-Auction Ads,Promote
20230807,1773415892791300 ,US,,,1/1/00 0:00,14.28,4.845,5/8/23 18:47,1.53,RIE,Promote Report Recall
20230807,1773415679536130 ,TR,,,1/1/00 0:00,2.9044,0.5736,5/8/23 18:43,1.53,RIE,Promote Report Recall
20230807,1773416365663230 ,SA,,,1/1/00 0:00,0,9.9406,5/8/23 18:55,0.54,Non-Auction Ads,Promote
20230807,1773415954933760 ,US,,,1/1/00 0:00,10.85,3.2459,5/8/23 18:48,1.53,RIE,Promote Report Recall
20230807,1773416123315200 ,VN,,,1/1/00 0:00,0,4.2811,5/8/23 18:50,0.54,Non-Auction Ads,Promote
20230807,1773414951994370 ,BR,,,1/1/00 0:00,0.8416,0.4676,5/8/23 18:45,1.53,RIE,Promote Report Recall
20230807,1773415873391610 ,ID,,,1/1/00 0:00,10.072,0.5514,5/8/23 18:47,0.54,Non-Auction Ads,Promote
20230807,1773416052625410 ,KW,,,1/1/00 0:00,0,2.3028,5/8/23 18:49,0.54,Non-Auction Ads,Promote
20230807,1773416144883710 ,VN,,,1/1/00 0:00,0,2.8716,5/8/23 18:50,0.54,Non-Auction Ads,Promote
20230807,1773415962696700 ,HU,,,1/1/00 0:00,10.9496,1.0254,5/8/23 18:49,0.54,Non-Auction Ads,Promote
20230807,1773416066403320 ,VN,,,1/1/00 0:00,0,3.7428,5/8/23 18:51,0.54,Non-Auction Ads,Promote
20230807,1773416158010370 ,SA,,,1/1/00 0:00,0,3.9787,5/8/23 18:51,0.54,Non-Auction Ads,Promote
20230807,1773416112801790 ,SA,,,1/1/00 0:00,0,1.9559,5/8/23 18:51,0.54,Non-Auction Ads,Promote
20230807,1773416048281600 ,SA,,,1/1/00 0:00,11.0786,1.312,5/8/23 18:51,0.54,Non-Auction Ads,Promote
20230807,1773416311636990 ,AE,,,1/1/00 0:00,10.0218,3.3965,5/8/23 18:53,0.54,Non-Auction Ads,Promote
20230807,1773413694572570 ,CA,US&CA,,1/1/00 0:00,18.47,16.2226,5/8/23 19:10,1.81,RIE,Ad Group Recall (Merged)
20230807,1773413694572570 ,CA,US&CA,,1/1/00 0:00,18.47,16.2226,5/8/23 19:10,1.81,RIE,Ad Group Recall (Merged)
20230807,1773412736307200 ,US,US&CA,,1/1/00 0:00,110.98,3.5999,5/8/23 18:55,1.81,RIE,Ad Group Recall (Merged)
20230807,1773416612218880 ,IL,,,1/1/00 0:00,6.6224,6.8938,5/8/23 18:59,0.54,Non-Auction Ads,Promote
20230807,1773416188517380 ,US,,,1/1/00 0:00,3.29,1.1917,5/8/23 18:52,0.54,Non-Auction Ads,Promote
20230807,1773416372335610 ,SA,,,1/1/00 0:00,0,3.5207,5/8/23 18:56,0.54,Non-Auction Ads,Promote
20230807,1773416660399100 ,BR,BR,,1/1/00 0:00,1.54,4.6728,5/8/23 18:57,1.7,RIE,Ad Group Recall (Merged)
20230807,1773416255620100 ,ES,,,1/1/00 0:00,2.8506,1.2383,5/8/23 18:53,1.53,RIE,Promote Report Recall
20230807,1773416444013570 ,SA,,,1/1/00 0:00,0,3.2522,5/8/23 18:57,0.54,Non-Auction Ads,Promote
20230807,1773417042311210 ,QA,Other,,1/1/00 0:00,0.34,8.0264,5/8/23 19:04,1.62,RIE,Ad Group Recall (Merged)
20230807,1773417816566780 ,SA,,,1/1/00 0:00,18.0993,17.2524,5/8/23 19:19,0.54,Non-Auction Ads,Promote
20230807,1773416466535480 ,VN,,,1/1/00 0:00,0,1.5294,5/8/23 18:56,0.54,Non-Auction Ads,Promote
20230807,1773412304246800 ,NO,Others,,1/1/00 0:00,29.4524,5.4998,5/8/23 19:00,1.56,Auction Ads,auction_all
20230807,1773412304246800 ,HU,Other,,1/1/00 0:00,29.4524,5.4998,5/8/23 19:00,1.62,RIE,Ad Group Recall (Merged)
20230807,1773412304246800 ,DK,DK,,1/1/00 0:00,29.4524,5.4998,5/8/23 19:00,1.31,Auction Ads,auction_relation
20230807,1773416489485310 ,TR,,,1/1/00 0:00,3.9482,4.0282,5/8/23 18:59,0.54,Non-Auction Ads,Promote
20230807,1773416532029440 ,VN,,,1/1/00 0:00,19.867,1.1868,5/8/23 18:58,0.54,Non-Auction Ads,Promote
20230807,1773417393358850 ,US,,,1/1/00 0:00,25.02,10.244,5/8/23 19:11,0.54,Non-Auction Ads,Promote
20230807,1773416904078340 ,DE,,,1/1/00 0:00,22.8391,4.7307,5/8/23 19:03,0.54,Non-Auction Ads,Promote
20230807,1773416486717440 ,TR,,,1/1/00 0:00,2.3539,1.0161,5/8/23 18:58,0.54,Non-Auction Ads,Promote
20230807,1773417222543360 ,AE,,,1/1/00 0:00,0,7.3073,5/8/23 19:08,0.54,Non-Auction Ads,Promote
20230807,1773416984800320 ,SA,,,1/1/00 0:00,0,5.058,5/8/23 19:05,0.54,Non-Auction Ads,Promote
20230807,1773416232406010 ,US,US&CA,,1/1/00 0:00,6.14,10.0508,5/8/23 19:12,1.81,RIE,Ad Group Recall (Merged)
20230807,1773416900604930 ,SA,,,1/1/00 0:00,0,2.7993,5/8/23 19:02,0.54,Non-Auction Ads,Promote
20230807,1773416992224250 ,SA,,,1/1/00 0:00,0,4.0987,5/8/23 19:05,0.54,Non-Auction Ads,Promote
20230807,1773416764548090 ,SA,,,1/1/00 0:00,16.0099,1.3108,5/8/23 19:02,0.54,Non-Auction Ads,Promote
20230807,1773417184288770 ,SA,,,1/1/00 0:00,0,3.9761,5/8/23 19:07,0.54,Non-Auction Ads,Promote
20230807,1773417171170300 ,SA,,,1/1/00 0:00,0,1.8031,5/8/23 19:08,0.54,Non-Auction Ads,Promote
20230807,1773417763452950 ,DE,,,1/1/00 0:00,19.0752,8.1184,5/8/23 19:17,0.54,Non-Auction Ads,Promote
20230807,1773419092620280 ,SA,,,1/1/00 0:00,0,21.6992,5/8/23 19:38,0.54,Non-Auction Ads,Promote
20230807,1773419218921470 ,SA,,,1/1/00 0:00,0,21.6992,5/8/23 19:39,0.54,Non-Auction Ads,Promote
20230807,1773416987789340 ,BR,,,1/1/00 0:00,1.2888,1.8635,5/8/23 19:08,1.53,RIE,Promote Report Recall
20230807,1773417282767940 ,RO,,,1/1/00 0:00,6.2287,1.7459,5/8/23 19:10,0.54,Non-Auction Ads,Promote
20230807,1773419388372990 ,SA,,,1/1/00 0:00,29.6999,21.6992,5/8/23 19:42,0.54,Non-Auction Ads,Promote
20230807,1773417607913470 ,FR,,,1/1/00 0:00,9.084,3.5299,5/8/23 19:14,0.54,Non-Auction Ads,Promote
20230807,1773390261997560 ,SA,,,1/1/00 0:00,27.2978,4.2775,5/8/23 19:16,0.54,Non-Auction Ads,Promote
20230807,1773418546316280 ,IQ,Other,,1/1/00 0:00,12.7,10.0875,5/8/23 19:27,1.62,RIE,Ad Group Recall (Merged)
20230807,1773417424161790 ,SA,,,1/1/00 0:00,0,0.945,5/8/23 19:11,0.54,Non-Auction Ads,Promote
20230807,1773418084920320 ,SA,,,1/1/00 0:00,0,6.8239,5/8/23 19:22,0.54,Non-Auction Ads,Promote
20230807,1773417586735110 ,EG,,,1/1/00 0:00,0,1.0967,5/8/23 19:14,0.54,Non-Auction Ads,Promote
20230807,1773417421736960 ,BR,,,1/1/00 0:00,6.9461,1.3203,5/8/23 19:14,0.54,Non-Auction Ads,Promote
20230807,1773417592424440 ,SA,,,1/1/00 0:00,0,1.55,5/8/23 19:15,0.54,Non-Auction Ads,Promote
20230807,1773417785820160 ,SA,,,1/1/00 0:00,9.9669,2.6969,5/8/23 19:17,0.54,Non-Auction Ads,Promote
20230807,1773417778806780 ,TR,,,1/1/00 0:00,1.4475,1.5716,5/8/23 19:17,0.54,Non-Auction Ads,Promote
20230807,1773419013557250 ,CA,,,1/1/00 0:00,33.5199,13.9418,5/8/23 19:36,0.54,Non-Auction Ads,Promote
20230807,1773418698740740 ,US,,,1/1/00 0:00,32.72,11.9464,5/8/23 19:32,0.54,Non-Auction Ads,Promote
20230807,1773418038747170 ,ES,,,1/1/00 0:00,12.9104,3.6029,5/8/23 19:22,0.54,Non-Auction Ads,Promote
20230807,1773409103949860 ,BR,,,1/1/00 0:00,2.3536,2.5362,5/8/23 19:20,1.53,RIE,Promote Report Recall
20230807,1773415267069950 ,CA,US&CA,,1/1/00 0:00,0,6.9962,5/8/23 19:27,1.81,RIE,Ad Group Recall (Merged)
20230807,1773415267069950 ,US,US&CA,,1/1/00 0:00,0,6.9962,5/8/23 19:27,1.81,RIE,Ad Group Recall (Merged)
20230807,1773417808114720 ,SA,,,1/1/00 0:00,7.9473,3.6688,5/8/23 19:23,0.54,Non-Auction Ads,Promote
20230807,1773425562760240 ,CA,US&CA,,1/1/00 0:00,1904.057,77.8297,5/8/23 21:17,1.81,RIE,Ad Group Recall (Merged)
20230807,1773418029520890 ,PH,,,1/1/00 0:00,5.8966,1.0966,5/8/23 19:20,0.54,Non-Auction Ads,Promote
20230807,1773418344394780 ,AE,MENA,,1/1/00 0:00,0,3.0365,5/8/23 19:25,1.67,RIE,Ad Group Recall (Merged)
20230807,1773418553158650 ,KW,,,1/1/00 0:00,5.3108,6.3421,5/8/23 19:29,0.54,Non-Auction Ads,Promote
20230807,1773418397515840 ,SA,,,1/1/00 0:00,11.8595,3.6098,5/8/23 19:27,0.54,Non-Auction Ads,Promote
20230807,1773418526376960 ,BR,,,1/1/00 0:00,2.5363,4.8518,5/8/23 19:29,0.54,Non-Auction Ads,Promote
20230807,1773418185827380 ,EG,,,1/1/00 0:00,2.8523,0.7661,5/8/23 19:24,0.54,Non-Auction Ads,Promote
20230807,1773418575981570 ,QA,,,1/1/00 0:00,25.4237,4.6174,5/8/23 19:30,0.54,Non-Auction Ads,Promote
20230807,1773419760342010 ,AE,,,1/1/00 0:00,0,15.6287,5/8/23 19:50,0.54,Non-Auction Ads,Promote
20230807,1773418325675000 ,PH,,,1/1/00 0:00,0.8341,0.3058,5/8/23 19:26,1.53,RIE,Promote Report Recall
20230807,1773418715096060 ,SA,,,1/1/00 0:00,0,5.2584,5/8/23 19:31,0.54,Non-Auction Ads,Promote
20230807,1773418628415490 ,AE,,,1/1/00 0:00,13.5151,3.5289,5/8/23 19:31,0.54,Non-Auction Ads,Promote
20230807,1773418915171320 ,SA,,,1/1/00 0:00,0,4.4338,5/8/23 19:35,0.54,Non-Auction Ads,Promote
20230807,1773417006263320 ,GB,GB,,1/1/00 0:00,49.98,24.1873,5/8/23 20:02,1.72,RIE,Ad Group Recall (Merged)
20230807,1773418559130620 ,AE,,,1/1/00 0:00,3.7054,1.7038,5/8/23 19:30,1.53,RIE,Promote Report Recall
20230807,1773418428343290 ,IL,,,1/1/00 0:00,1.5159,0.4124,5/8/23 19:27,1.53,RIE,Promote Report Recall
20230807,1773419434486780 ,SA,,,1/1/00 0:00,0,9.5711,5/8/23 19:43,0.54,Non-Auction Ads,Promote
20230807,1773419467473920 ,SA,,,1/1/00 0:00,0,9.5711,5/8/23 19:44,0.54,Non-Auction Ads,Promote
20230807,1773419007246330 ,SA,,,1/1/00 0:00,0,4.4059,5/8/23 19:36,0.54,Non-Auction Ads,Promote
20230807,1773418927234050 ,SA,,,1/1/00 0:00,10.3956,3.243,5/8/23 19:35,0.54,Non-Auction Ads,Promote
20230807,1773418581039100 ,TR,,,1/1/00 0:00,1.7273,0.771,5/8/23 19:30,0.54,Non-Auction Ads,Promote
20230807,1773423316919300 ,US,,,1/1/00 0:00,102.75,45.5818,5/8/23 20:44,0.54,Non-Auction Ads,Promote
20230807,1773420567136300 ,AU,AU,,1/1/00 0:00,1.28,1.3158,5/8/23 19:36,1.84,Auction Ads,auction_relation
20230807,1773420567136300 ,FI,Others,,1/1/00 0:00,1.28,1.3158,5/8/23 19:36,1.56,Auction Ads,auction_all
20230807,1773419309072380 ,HU,,,1/1/00 0:00,5.6526,3.2807,5/8/23 19:41,0.54,Non-Auction Ads,Promote
20230807,1773418925238270 ,SA,,,1/1/00 0:00,0,1.0966,5/8/23 19:36,0.54,Non-Auction Ads,Promote
20230807,1773420826687540 ,US,,,1/1/00 0:00,25.28,20.065,5/8/23 20:06,0.54,Non-Auction Ads,Promote
20230807,1773419790259200 ,SA,,,1/1/00 0:00,0,5.473,5/8/23 19:49,0.54,Non-Auction Ads,Promote
20230807,1773419187971070 ,TR,,,1/1/00 0:00,4.2386,0.7139,5/8/23 19:40,0.54,Non-Auction Ads,Promote
20230807,1773419362361340 ,SA,,,1/1/00 0:00,14.1065,1.4144,5/8/23 19:43,0.54,Non-Auction Ads,Promote
20230807,1773419306303480 ,QA,,,1/1/00 0:00,4.0585,2.3487,5/8/23 19:44,0.54,Non-Auction Ads,Promote
20230807,1773419190216740 ,EG,,,1/1/00 0:00,3.1587,2.7062,5/8/23 19:45,0.54,Non-Auction Ads,Promote
20230807,1773419586909180 ,SA,,,1/1/00 0:00,0,2.9284,5/8/23 19:45,0.54,Non-Auction Ads,Promote
20230807,1773419772010500 ,DE,,,1/1/00 0:00,7.8583,4.192,5/8/23 19:49,1.53,RIE,Promote Report Recall
20230807,1773419884518400 ,AT,,,1/1/00 0:00,11.2258,6.9645,5/8/23 19:52,0.54,Non-Auction Ads,Promote
20230807,1773419804539900 ,SA,,,1/1/00 0:00,0,4.5283,5/8/23 19:50,0.54,Non-Auction Ads,Promote
20230807,1773419598861310 ,EG,,,1/1/00 0:00,4.2683,1.2553,5/8/23 19:45,0.54,Non-Auction Ads,Promote
20230807,1773419763267580 ,SA,,,1/1/00 0:00,12.7255,1.3181,5/8/23 19:48,0.54,Non-Auction Ads,Promote
20230807,1773420164227100 ,NO,Others,,1/1/00 0:00,30.03,5.4941,5/8/23 19:52,1.56,Auction Ads,auction_all
20230807,1773419953864700 ,SA,,,1/1/00 0:00,0,5.5145,5/8/23 19:53,0.54,Non-Auction Ads,Promote
20230807,1773419929568250 ,SA,,,1/1/00 0:00,0,3.38,5/8/23 19:51,0.54,Non-Auction Ads,Promote
20230807,1773419821154300 ,TR,,,1/1/00 0:00,4.9507,3.7528,5/8/23 19:52,0.54,Non-Auction Ads,Promote
20230807,1773419774573570 ,BR,,,1/1/00 0:00,6.6857,2.3507,5/8/23 19:50,0.54,Non-Auction Ads,Promote
20230807,1773419737488380 ,SA,,,1/1/00 0:00,0,2.4616,5/8/23 19:51,0.54,Non-Auction Ads,Promote
20230807,1773419828613120 ,EG,,,1/1/00 0:00,0,0.5176,5/8/23 19:50,0.54,Non-Auction Ads,Promote
20230807,1773420174652420 ,US,,,1/1/00 0:00,3.86,6.28,5/8/23 19:55,1.53,RIE,Promote Report Recall
20230807,1773419967350820 ,HU,,,1/1/00 0:00,18.17,4.46,5/8/23 19:54,1.53,RIE,Promote Report Recall
20230807,1773420350819330 ,KW,,,1/1/00 0:00,0,6.508,5/8/23 19:58,0.54,Non-Auction Ads,Promote
20230807,1773420430806030 ,BR,BR,,1/1/00 0:00,4.6748,2.9435,5/8/23 19:53,1.7,RIE,Ad Group Recall (Merged)
20230807,1773425292194840 ,DK,DK,,1/1/00 0:00,271.64,52.9871,5/8/23 21:11,1.31,Auction Ads,auction_relation
20230807,1773425292194840 ,NO,Others,,1/1/00 0:00,271.64,52.9871,5/8/23 21:11,1.56,Auction Ads,auction_all
20230807,1773420182402050 ,TR,,,1/1/00 0:00,4.293,3.5414,5/8/23 19:55,0.54,Non-Auction Ads,Promote
20230807,1773420474920970 ,NO,Others,,1/1/00 0:00,30.38,5.4941,5/8/23 19:59,1.56,Auction Ads,auction_all
20230807,1773420072571950 ,EG,,,1/1/00 0:00,4.6793,0.8897,5/8/23 19:53,0.54,Non-Auction Ads,Promote
20230807,1773420710507520 ,VN,,,1/1/00 0:00,9.9469,8.504,5/8/23 20:04,0.54,Non-Auction Ads,Promote
20230807,1773420416081920 ,ES,,,1/1/00 0:00,8.71,4.2446,5/8/23 19:59,0.54,Non-Auction Ads,Promote
20230807,1773421668756480 ,US,,,1/1/00 0:00,39.27,17.8732,5/8/23 20:19,0.54,Non-Auction Ads,Promote
20230807,1773420237331460 ,HU,,,1/1/00 0:00,6.8705,2.1356,5/8/23 19:55,0.54,Non-Auction Ads,Promote
20230807,1773421937214530 ,US,,,1/1/00 0:00,40.5,18.56,5/8/23 20:23,0.54,Non-Auction Ads,Promote
20230807,1773420464657400 ,SA,,,1/1/00 0:00,30.1107,2.8908,5/8/23 20:00,0.54,Non-Auction Ads,Promote
20230807,1773420310124540 ,MY,,,1/1/00 0:00,1.8045,1.0737,5/8/23 19:58,1.53,RIE,Promote Report Recall
20230807,1773420610971650 ,IL,,,1/1/00 0:00,4.0547,3.4425,5/8/23 20:02,0.54,Non-Auction Ads,Promote
20230807,1773425383057450 ,NO,Others,,1/1/00 0:00,248.56,52.9871,5/8/23 21:17,1.56,Auction Ads,auction_all
20230807,1773425383057450 ,DK,DK,,1/1/00 0:00,248.56,52.9871,5/8/23 21:17,1.31,Auction Ads,auction_relation
20230807,1773420577647610 ,SA,,,1/1/00 0:00,0,2.9915,5/8/23 20:02,0.54,Non-Auction Ads,Promote
20230807,1773420812369920 ,CZ,,,1/1/00 0:00,6.2278,7.4161,5/8/23 20:06,0.54,Non-Auction Ads,Promote
20230807,1773421019839480 ,SA,,,1/1/00 0:00,0,8.2101,5/8/23 20:08,0.54,Non-Auction Ads,Promote
20230807,1773420635240450 ,IT,,,1/1/00 0:00,12.6896,2.8165,5/8/23 20:02,0.54,Non-Auction Ads,Promote
20230807,1773421164332030 ,CA,,,1/1/00 0:00,30.17,9.1209,5/8/23 20:10,0.54,Non-Auction Ads,Promote
20230807,1773420547113980 ,SA,,,1/1/00 0:00,10.6033,4.8047,5/8/23 20:04,0.54,Non-Auction Ads,Promote
20230807,1773421837968390 ,US,,,1/1/00 0:00,29.97,13.5572,5/8/23 20:21,0.54,Non-Auction Ads,Promote
20230807,1773421241407480 ,SA,,,1/1/00 0:00,14.9911,8.8471,5/8/23 20:13,0.54,Non-Auction Ads,Promote
20230807,1773420700675070 ,DE,,,1/1/00 0:00,4.8208,1.6626,5/8/23 20:04,1.53,RIE,Promote Report Recall
20230807,1773420641266690 ,VN,,,1/1/00 0:00,0,0.7066,5/8/23 20:03,0.54,Non-Auction Ads,Promote
20230807,1773420757650430 ,KW,,,1/1/00 0:00,0,2.3791,5/8/23 20:05,0.54,Non-Auction Ads,Promote
20230807,1773421697130490 ,SA,,,1/1/00 0:00,0,11.0916,5/8/23 20:19,0.54,Non-Auction Ads,Promote
20230807,1773421413323770 ,AE,,,1/1/00 0:00,9.0935,7.4594,5/8/23 20:14,0.54,Non-Auction Ads,Promote
20230807,1773421173045250 ,IT,,,1/1/00 0:00,13.4599,3.8967,5/8/23 20:10,0.54,Non-Auction Ads,Promote
20230807,1773420504483840 ,TR,,,1/1/00 0:00,0,0.7886,5/8/23 20:06,1.53,RIE,Promote Report Recall
20230807,1773420768029710 ,RO,,,1/1/00 0:00,3.694,2.605,5/8/23 20:10,0.54,Non-Auction Ads,Promote
20230807,1773420768029710 ,RO,,,1/1/00 0:00,3.694,2.605,5/8/23 20:10,0.54,Non-Auction Ads,Promote
20230807,1773421343743000 ,BR,BR,,1/1/00 0:00,28.75,3.2083,5/8/23 20:12,1.7,RIE,Ad Group Recall (Merged)
20230807,1773420549642240 ,GR,,,1/1/00 0:00,1.6728,0.6691,5/8/23 20:07,1.53,RIE,Promote Report Recall
20230807,1773421640271870 ,SA,,,1/1/00 0:00,0,5.1776,5/8/23 20:18,0.54,Non-Auction Ads,Promote
20230807,1773421404734460 ,SA,,,1/1/00 0:00,0,3.7151,5/8/23 20:14,0.54,Non-Auction Ads,Promote
20230807,1773421264395260 ,SA,,,1/1/00 0:00,0,2.0694,5/8/23 20:13,0.54,Non-Auction Ads,Promote
20230807,1773421529405440 ,SA,,,1/1/00 0:00,16.8466,2.8186,5/8/23 20:17,0.54,Non-Auction Ads,Promote
20230807,1773421677365250 ,US,,,1/1/00 0:00,7.84,4.0791,5/8/23 20:18,1.53,RIE,Promote Report Recall
20230807,1773423148311600 ,SA,MENA,,1/1/00 0:00,47.59,13.0892,5/8/23 20:38,1.67,RIE,Ad Group Recall (Merged)
20230807,1773421544363010 ,SA,,,1/1/00 0:00,14.2368,3.7033,5/8/23 20:18,0.54,Non-Auction Ads,Promote
20230807,1773421555954680 ,SA,,,1/1/00 0:00,7.1067,1.706,5/8/23 20:17,0.54,Non-Auction Ads,Promote
20230807,1773422762694660 ,GR,,,1/1/00 0:00,38.2344,9.8868,5/8/23 20:35,1.53,RIE,Promote Report Recall
20230807,1773422486459390 ,US,,,1/1/00 0:00,8.13,6.4838,5/8/23 20:31,1.53,RIE,Promote Report Recall
20230807,1773421801262080 ,KW,,,1/1/00 0:00,6.5503,3.2534,5/8/23 20:21,0.54,Non-Auction Ads,Promote
20230807,1773421178117120 ,FR,,,1/1/00 0:00,5.2498,2.8616,5/8/23 20:22,1.53,RIE,Promote Report Recall
20230807,1773422417778710 ,US,,,1/1/00 0:00,7.36,5.3423,5/8/23 20:31,1.53,RIE,Promote Report Recall
20230807,1773423297709050 ,AE,,,1/1/00 0:00,42.9496,13.6322,5/8/23 20:44,0.54,Non-Auction Ads,Promote
20230807,1773422519971880 ,BR,BR,,1/1/00 0:00,5.8373,4.2089,5/8/23 20:31,1.7,RIE,Ad Group Recall (Merged)
20230807,1773422753757180 ,AE,,,1/1/00 0:00,35.737,5.8802,5/8/23 20:36,0.54,Non-Auction Ads,Promote
20230807,1773419709557770 ,CA,USCA,,1/1/00 0:00,21.5787,9.2186,5/8/23 20:40,1.78,Auction Ads,auction_relation
20230807,1773422265297920 ,BR,,,1/1/00 0:00,5.0974,0.7703,5/8/23 20:29,0.54,Non-Auction Ads,Promote
20230807,1773422075508730 ,TR,,,1/1/00 0:00,0.5892,0.2212,5/8/23 20:26,1.53,RIE,Promote Report Recall
20230807,1773422545333260 ,PT,,,1/1/00 0:00,13.4052,2.5472,5/8/23 20:33,0.54,Non-Auction Ads,Promote
20230807,1773422487079930 ,SA,,,1/1/00 0:00,10.8378,1.7183,5/8/23 20:32,0.54,Non-Auction Ads,Promote
20230807,1773422615354370 ,TR,,,1/1/00 0:00,9.3969,3.1859,5/8/23 20:35,0.54,Non-Auction Ads,Promote
20230807,1773422594134010 ,SA,,,1/1/00 0:00,8.8396,1.6056,5/8/23 20:34,0.54,Non-Auction Ads,Promote
20230807,1773422556815360 ,SA,,,1/1/00 0:00,14.7326,1.5529,5/8/23 20:34,0.54,Non-Auction Ads,Promote
20230807,1773422485358590 ,TR,,,1/1/00 0:00,2.482,0.6251,5/8/23 20:33,0.54,Non-Auction Ads,Promote
20230807,1773422671071230 ,TR,,,1/1/00 0:00,2.363,3.2832,5/8/23 20:37,0.54,Non-Auction Ads,Promote
20230807,1773422993741820 ,SA,,,1/1/00 0:00,0,3.9675,5/8/23 20:39,0.54,Non-Auction Ads,Promote
20230807,1773423027292180 ,FR,,,1/1/00 0:00,4.9216,5.877,5/8/23 20:41,1.53,RIE,Promote Report Recall
20230807,1773422967361540 ,SE,,,1/1/00 0:00,6.469,3.2264,5/8/23 20:40,1.53,RIE,Promote Report Recall
20230807,1773422836661240 ,TR,,,1/1/00 0:00,2.5858,0.5317,5/8/23 20:37,0.54,Non-Auction Ads,Promote
20230807,1773424306804730 ,AE,,,1/1/00 0:00,0,15.174,5/8/23 21:01,0.54,Non-Auction Ads,Promote
20230807,1773422627257410 ,TR,,,1/1/00 0:00,4.0363,1.2287,5/8/23 20:39,0.54,Non-Auction Ads,Promote
20230807,1773423304159230 ,US,,,1/1/00 0:00,9.29,5.355,5/8/23 20:45,0.54,Non-Auction Ads,Promote
20230807,1773423020934140 ,PT,,,1/1/00 0:00,0,1.4744,5/8/23 20:39,1.53,RIE,Promote Report Recall
20230807,1773423926795260 ,SA,,,1/1/00 0:00,0,12.1286,5/8/23 20:55,0.54,Non-Auction Ads,Promote
20230807,1773423235259390 ,SA,,,1/1/00 0:00,0,3.9807,5/8/23 20:44,0.54,Non-Auction Ads,Promote
20230807,1773423548591100 ,US,,,1/1/00 0:00,11.32,7.1856,5/8/23 20:48,0.54,Non-Auction Ads,Promote
20230807,1773423540721660 ,SA,,,1/1/00 0:00,0,6.886,5/8/23 20:49,0.54,Non-Auction Ads,Promote
20230807,1773423571397630 ,VN,,,1/1/00 0:00,0,8.4126,5/8/23 20:51,0.54,Non-Auction Ads,Promote
20230807,1773423571397630 ,VN,,,1/1/00 0:00,0,8.4126,5/8/23 20:51,0.54,Non-Auction Ads,Promote
20230807,1773423101612030 ,TR,,,1/1/00 0:00,3.905,0.8783,5/8/23 20:42,0.54,Non-Auction Ads,Promote
20230807,1773423391478780 ,AE,,,1/1/00 0:00,17.4031,5.0266,5/8/23 20:47,0.54,Non-Auction Ads,Promote
20230807,1773423126121470 ,IL,,,1/1/00 0:00,7.4104,1.1344,5/8/23 20:42,0.54,Non-Auction Ads,Promote
20230807,1773423416839160 ,SA,,,1/1/00 0:00,9.0979,2.3871,5/8/23 20:46,0.54,Non-Auction Ads,Promote
20230807,1773423581405180 ,SA,,,1/1/00 0:00,2.087,5.0492,5/8/23 20:50,0.54,Non-Auction Ads,Promote
20230807,1773423435973630 ,SA,,,1/1/00 0:00,0,2.0435,5/8/23 20:46,0.54,Non-Auction Ads,Promote
20230807,1773424261390330 ,AE,,,1/1/00 0:00,33.7407,10.3457,5/8/23 21:01,0.54,Non-Auction Ads,Promote
20230807,1773266207817730 ,EG,,,1/1/00 0:00,10.5248,0.8433,5/8/23 20:46,1.53,RIE,Promote Report Recall
20230807,1773423422341120 ,CA,,,1/1/00 0:00,4.1723,0.9492,5/8/23 20:46,1.53,RIE,Promote Report Recall
20230807,1773423722600530 ,PL,,,1/1/00 0:00,6.4068,5.5423,5/8/23 20:52,0.54,Non-Auction Ads,Promote
20230807,1773423722600530 ,PL,,,1/1/00 0:00,6.4068,5.5423,5/8/23 20:52,0.54,Non-Auction Ads,Promote
20230807,1773423722600530 ,PL,,,1/1/00 0:00,6.4068,5.5423,5/8/23 20:52,0.54,Non-Auction Ads,Promote
20230807,1773423690845180 ,SA,,,1/1/00 0:00,8.93,2.3871,5/8/23 20:51,0.54,Non-Auction Ads,Promote
20230807,1773424679115780 ,FI,,,1/1/00 0:00,25.3791,12.9103,5/8/23 21:08,0.54,Non-Auction Ads,Promote
20230807,1773423642915840 ,TR,,,1/1/00 0:00,1.0748,0.5843,5/8/23 20:50,1.53,RIE,Promote Report Recall
20230807,1773423955856380 ,AE,,,1/1/00 0:00,13.9667,4.7599,5/8/23 20:56,0.54,Non-Auction Ads,Promote
20230807,1773424432121870 ,US,,,1/1/00 0:00,14.89,6.3733,5/8/23 21:03,0.54,Non-Auction Ads,Promote
20230807,1773424181441530 ,SA,,,1/1/00 0:00,0,3.19,5/8/23 20:58,0.54,Non-Auction Ads,Promote
20230807,1773422301474860 ,CA,US&CA,,1/1/00 0:00,12.24,23.537,5/8/23 21:24,1.81,RIE,Ad Group Recall (Merged)
20230807,1773423773288450 ,TR,,,1/1/00 0:00,4.6349,0.5993,5/8/23 20:55,0.54,Non-Auction Ads,Promote
20230807,1773424721730560 ,DE,,,1/1/00 0:00,23.6194,7.1005,5/8/23 21:07,0.54,Non-Auction Ads,Promote
20230807,1773423968437250 ,EG,,,1/1/00 0:00,1.0268,0.5645,5/8/23 20:56,1.53,RIE,Promote Report Recall
20230807,1773424462110720 ,EG,,,1/1/00 0:00,0,3.4364,5/8/23 21:04,0.54,Non-Auction Ads,Promote
20230807,1773424296321020 ,PH,,,1/1/00 0:00,9.0647,0.8245,5/8/23 21:00,0.54,Non-Auction Ads,Promote
20230807,1773425414103040 ,VN,,,1/1/00 0:00,4.6568,16.1813,5/8/23 21:19,0.54,Non-Auction Ads,Promote
20230807,1773424853429250 ,DE,,,1/1/00 0:00,34.1413,8.8773,5/8/23 21:10,0.54,Non-Auction Ads,Promote
20230807,1773424719374340 ,IT,,,1/1/00 0:00,13.0972,4.6426,5/8/23 21:07,0.54,Non-Auction Ads,Promote
20230807,1773424407287810 ,TR,,,1/1/00 0:00,5.3362,3.4853,5/8/23 21:06,0.54,Non-Auction Ads,Promote
20230807,1773424520272890 ,SA,,,1/1/00 0:00,0,2.0694,5/8/23 21:04,0.54,Non-Auction Ads,Promote
20230807,1773424399676410 ,ID,,,1/1/00 0:00,6.5032,0.2689,5/8/23 21:02,0.54,Non-Auction Ads,Promote
20230807,1773425817844750 ,US,,,1/1/00 0:00,49.41,18.7294,5/8/23 21:24,1.53,RIE,Promote Report Recall
20230807,1773428534624260 ,US,,,1/1/00 0:00,80.25,51.9719,5/8/23 22:08,0.54,Non-Auction Ads,Promote
20230807,1773424819958790 ,US,,,1/1/00 0:00,9.27,6.0467,5/8/23 21:09,0.54,Non-Auction Ads,Promote
20230807,1773424497281020 ,AE,,,1/1/00 0:00,0,0.7273,5/8/23 21:04,0.54,Non-Auction Ads,Promote
20230807,1773425202872320 ,US,,,1/1/00 0:00,22.82,10.5433,5/8/23 21:15,0.54,Non-Auction Ads,Promote
20230807,1773469539073070 ,IE,IE,,1/1/00 0:00,5.4872,3.2846,5/8/23 21:07,1.52,Auction Ads,auction_relation
20230807,1773469539073070 ,NO,Others,,1/1/00 0:00,5.4872,3.2846,5/8/23 21:07,1.56,Auction Ads,auction_all
20230807,1773469539073070 ,DK,DK,,1/1/00 0:00,5.4872,3.2846,5/8/23 21:07,1.31,Auction Ads,auction_relation
20230807,1773424559588400 ,EG,,,1/1/00 0:00,0.2631,0.2273,5/8/23 21:06,1.53,RIE,Promote Report Recall
20230807,1773425133697020 ,SA,,,1/1/00 0:00,0,6.9373,5/8/23 21:14,0.54,Non-Auction Ads,Promote
20230807,1773424809454630 ,BR,,,1/1/00 0:00,7.1097,2.1439,5/8/23 21:09,0.54,Non-Auction Ads,Promote
20230807,1773424848602110 ,IL,,,1/1/00 0:00,11.6435,2.8553,5/8/23 21:09,0.54,Non-Auction Ads,Promote
20230807,1773424919168000 ,SA,,,1/1/00 0:00,0,2.9041,5/8/23 21:10,0.54,Non-Auction Ads,Promote
20230807,1773424921178110 ,SA,,,1/1/00 0:00,0,5.1351,5/8/23 21:13,0.54,Non-Auction Ads,Promote
20230807,1773425642714110 ,US,,,1/1/00 0:00,37.85,11.6042,5/8/23 21:22,0.54,Non-Auction Ads,Promote
20230807,1773424772913150 ,EG,,,1/1/00 0:00,0,0.497,5/8/23 21:09,0.54,Non-Auction Ads,Promote
20230807,1773425049865220 ,US,,,1/1/00 0:00,5.1,4.4838,5/8/23 21:13,0.54,Non-Auction Ads,Promote
20230807,1773424895069200 ,FR,,,1/1/00 0:00,9.3991,2.2603,5/8/23 21:10,1.53,RIE,Promote Report Recall
20230807,1773425038673920 ,SA,,,1/1/00 0:00,1.45,3.1939,5/8/23 21:13,0.54,Non-Auction Ads,Promote
20230807,1773426659464190 ,US,,,1/1/00 0:00,24.5,24.2833,5/8/23 21:39,1.53,RIE,Promote Report Recall
20230807,1773425272717310 ,IL,,,1/1/00 0:00,10.8089,5.1885,5/8/23 21:17,0.54,Non-Auction Ads,Promote
20230807,1773425144679420 ,SA,,,1/1/00 0:00,9.3375,3.5982,5/8/23 21:15,0.54,Non-Auction Ads,Promote
20230807,1773425350984700 ,SA,,,1/1/00 0:00,0,5.3417,5/8/23 21:17,0.54,Non-Auction Ads,Promote
20230807,1773424853788720 ,EG,,,1/1/00 0:00,0,2.2095,5/8/23 21:14,0.54,Non-Auction Ads,Promote
20230807,1773427175315480 ,JP,JP,,1/1/00 0:00,14.523,25.929,5/8/23 21:45,3.21,RIE,Ad Group Recall (Merged)
20230807,1773427166960690 ,JP,JP,,1/1/00 0:00,10.7596,25.929,5/8/23 21:45,3.21,RIE,Ad Group Recall (Merged)
20230807,1773426120091640 ,ID,,,1/1/00 0:00,24.8548,14.6506,5/8/23 21:30,0.54,Non-Auction Ads,Promote
20230807,1773425764792320 ,AE,,,1/1/00 0:00,0,7.2473,5/8/23 21:23,0.54,Non-Auction Ads,Promote
20230807,1773427170817020 ,JP,JP,,1/1/00 0:00,250.4425,25.929,5/8/23 21:46,3.21,RIE,Ad Group Recall (Merged)
20230807,1773425114406910 ,SA,,,1/1/00 0:00,7.8366,4.5821,5/8/23 21:21,0.54,Non-Auction Ads,Promote
20230807,1773425525899270 ,PL,,,1/1/00 0:00,7.8577,3.61,5/8/23 21:20,0.54,Non-Auction Ads,Promote
20230807,1773430455665660 ,SA,,,1/1/00 0:00,0,68.0659,5/8/23 22:39,0.54,Non-Auction Ads,Promote
20230807,1773426104008700 ,SA,,,1/1/00 0:00,0,11.3651,5/8/23 21:30,0.54,Non-Auction Ads,Promote
20230807,1773441561472030 ,ID,ID,,1/1/00 0:00,8.9066,9.7145,5/8/23 21:29,1.8,Auction Ads,auction_relation
20230807,1773425207678970 ,VN,,,1/1/00 0:00,0,1.4621,5/8/23 21:18,0.54,Non-Auction Ads,Promote
20230807,1773425705899010 ,BR,,,1/1/00 0:00,8.0107,4.1644,5/8/23 21:24,0.54,Non-Auction Ads,Promote
20230807,1773426956628990 ,EG,,,1/1/00 0:00,292.7811,20.0319,5/8/23 21:42,1.53,RIE,Promote Report Recall
20230807,1773425597473790 ,EG,,,1/1/00 0:00,0,1.9723,5/8/23 21:22,0.54,Non-Auction Ads,Promote
20230807,1773425650340860 ,SA,,,1/1/00 0:00,0,2.4723,5/8/23 21:22,0.54,Non-Auction Ads,Promote
20230807,1773425797208070 ,US,,,1/1/00 0:00,8.93,4.2295,5/8/23 21:25,0.54,Non-Auction Ads,Promote
20230807,1773447195713560 ,JP,JP,,1/1/00 0:00,563.93,274.2246,6/8/23 3:03,3.21,RIE,Ad Group Recall (Merged)
20230807,1773425888000000 ,KW,,,1/1/00 0:00,0,4.5337,5/8/23 21:26,0.54,Non-Auction Ads,Promote
20230807,1773425844498430 ,SA,,,1/1/00 0:00,9.0951,2.9841,5/8/23 21:26,0.54,Non-Auction Ads,Promote
20230807,1773425940513790 ,US,,,1/1/00 0:00,4.34,3.5533,5/8/23 21:27,1.53,RIE,Promote Report Recall
20230807,1773426032033790 ,DE,,,1/1/00 0:00,11.0712,4.2974,5/8/23 21:28,1.53,RIE,Promote Report Recall
20230807,1773422854699020 ,NO,Others,,1/1/00 0:00,,2.0917,5/8/23 21:26,1.56,Auction Ads,auction_all
20230807,1773426027232260 ,US,,,1/1/00 0:00,4.7,2.87,5/8/23 21:28,1.53,RIE,Promote Report Recall
20230807,1773426177448960 ,TH,,,1/1/00 0:00,17.0262,5.624,5/8/23 21:31,0.54,Non-Auction Ads,Promote
20230807,1773426427621370 ,SA,,,1/1/00 0:00,12.5283,8.3968,5/8/23 21:35,0.54,Non-Auction Ads,Promote
20230807,1773425998949450 ,AU,AU,,1/1/00 0:00,0,3.0386,5/8/23 21:29,1.84,RIE,Ad Group Recall (Merged)
20230807,1773425956002810 ,TR,,,1/1/00 0:00,1.8969,0.8734,5/8/23 21:27,0.54,Non-Auction Ads,Promote
20230807,1773425264875530 ,SA,MENA,,1/1/00 0:00,29.66,16.3425,5/8/23 21:50,1.67,RIE,Ad Group Recall (Merged)
20230807,1773426332911620 ,SA,,,1/1/00 0:00,44.62,5.6938,5/8/23 21:33,0.54,Non-Auction Ads,Promote
20230807,1773426114173950 ,NL,,,1/1/00 0:00,5.052,1.5089,5/8/23 21:30,1.53,RIE,Promote Report Recall
20230807,1773428169498630 ,US,,,1/1/00 0:00,90.74,25.1626,5/8/23 22:01,0.54,Non-Auction Ads,Promote
20230807,1773427107613690 ,SA,,,1/1/00 0:00,39.9271,13.1038,5/8/23 21:45,0.54,Non-Auction Ads,Promote
20230807,1773426184529920 ,DE,,,1/1/00 0:00,4.7656,2.4627,5/8/23 21:31,1.53,RIE,Promote Report Recall
20230807,1773426240135170 ,EG,,,1/1/00 0:00,5.4157,0.979,5/8/23 21:31,0.54,Non-Auction Ads,Promote
20230807,1773426235953170 ,IT,,,1/1/00 0:00,10.2468,2.913,5/8/23 21:32,0.54,Non-Auction Ads,Promote
20230807,1773426247619580 ,SA,,,1/1/00 0:00,6.2932,2.0361,5/8/23 21:31,0.54,Non-Auction Ads,Promote
20230807,1773427328029690 ,SA,,,1/1/00 0:00,0,12.8383,5/8/23 21:48,0.54,Non-Auction Ads,Promote
20230807,1773411494122500 ,US,,,1/1/00 0:00,27.8,10.2818,5/8/23 21:45,1.53,RIE,Promote Report Recall
20230807,1773426167955460 ,EG,,,1/1/00 0:00,0,0.7972,5/8/23 21:31,0.54,Non-Auction Ads,Promote
20230807,1773426682893310 ,SA,,,1/1/00 0:00,0,5.9591,5/8/23 21:39,0.54,Non-Auction Ads,Promote
20230807,1773426501206010 ,TR,,,1/1/00 0:00,6.8883,3.8042,5/8/23 21:38,0.54,Non-Auction Ads,Promote
20230807,1773412006843390 ,RO,,,1/1/00 0:00,1.0545,0.5567,5/8/23 21:32,1.53,RIE,Promote Report Recall
20230807,1773426404939770 ,SA,,,1/1/00 0:00,7.2664,1.83,5/8/23 21:36,0.54,Non-Auction Ads,Promote
20230807,1773426083691520 ,EG,,,1/1/00 0:00,0,3.5379,5/8/23 21:38,0.54,Non-Auction Ads,Promote
20230807,1773425414945790 ,ZA,ZA,,1/1/00 0:00,30.44,16.895,5/8/23 21:57,1.4,Auction Ads,auction_relation
20230807,1773426470647810 ,TR,,,1/1/00 0:00,5.1224,0.7962,5/8/23 21:35,0.54,Non-Auction Ads,Promote
20230807,1773426651909120 ,VN,,,1/1/00 0:00,0,0.7971,5/8/23 21:37,0.54,Non-Auction Ads,Promote
20230807,1773427926322170 ,JP,,,1/1/00 0:00,63.9762,16.7465,5/8/23 21:58,0.54,Non-Auction Ads,Promote
20230807,1773426637319170 ,SA,,,1/1/00 0:00,1.8978,1.0702,5/8/23 21:38,1.53,RIE,Promote Report Recall
20230807,1773427459591160 ,AE,,,1/1/00 0:00,0,9.0527,5/8/23 21:50,0.54,Non-Auction Ads,Promote
20230807,1773426703519740 ,VN,,,1/1/00 0:00,0,0.7971,5/8/23 21:38,0.54,Non-Auction Ads,Promote
20230807,1773426731397120 ,MY,,,1/1/00 0:00,13.9803,2.0103,5/8/23 21:39,0.54,Non-Auction Ads,Promote
20230807,1773427316463610 ,QA,,,1/1/00 0:00,23.8321,7.3002,5/8/23 21:49,0.54,Non-Auction Ads,Promote
20230807,1773426885638140 ,AE,,,1/1/00 0:00,0,1.9057,5/8/23 21:42,0.54,Non-Auction Ads,Promote
20230807,1773426753216510 ,TR,,,1/1/00 0:00,0,0.6994,5/8/23 21:40,0.54,Non-Auction Ads,Promote
20230807,1773428182575100 ,SA,,,1/1/00 0:00,0,19.4095,5/8/23 22:07,0.54,Non-Auction Ads,Promote
20230807,1773426758315000 ,VN,,,1/1/00 0:00,0,0.7971,5/8/23 21:40,0.54,Non-Auction Ads,Promote
20230807,1773426903494650 ,SA,,,1/1/00 0:00,0,1.3842,5/8/23 21:43,0.54,Non-Auction Ads,Promote
20230807,1773427595613180 ,SA,,,1/1/00 0:00,13.3922,7.2998,5/8/23 21:53,0.54,Non-Auction Ads,Promote
20230807,1773430240077820 ,SA,,,1/1/00 0:00,0,43.7543,5/8/23 22:34,0.54,Non-Auction Ads,Promote
20230807,1773427280500730 ,SA,,,1/1/00 0:00,8.8203,5.0102,5/8/23 21:51,0.54,Non-Auction Ads,Promote
20230807,1773427134177280 ,SA,,,1/1/00 0:00,7.7171,4.3919,5/8/23 21:50,0.54,Non-Auction Ads,Promote
20230807,1773427457949690 ,SA,,,1/1/00 0:00,0,4.8676,5/8/23 21:51,0.54,Non-Auction Ads,Promote
20230807,1773427553822720 ,SA,,,1/1/00 0:00,0,6.5187,5/8/23 21:54,0.54,Non-Auction Ads,Promote
20230807,1773428318981120 ,SA,,,1/1/00 0:00,21.519,14.526,5/8/23 22:06,0.54,Non-Auction Ads,Promote
20230807,1773427196272640 ,TR,,,1/1/00 0:00,0,0.6994,5/8/23 21:46,0.54,Non-Auction Ads,Promote
20230807,1773427320823800 ,SA,,,1/1/00 0:00,7.8022,4.2355,5/8/23 21:52,0.54,Non-Auction Ads,Promote
20230807,1773427668087810 ,SA,,,1/1/00 0:00,0,6.3188,5/8/23 21:55,0.54,Non-Auction Ads,Promote
20230807,1773429260322810 ,SA,MENA,,1/1/00 0:00,284.6226,20.3076,5/8/23 22:15,1.67,RIE,Ad Group Recall (Merged)
20230807,1773427665320960 ,PH,,,1/1/00 0:00,3.1231,2.5558,5/8/23 21:54,0.54,Non-Auction Ads,Promote
20230807,1773423867913230 ,AE,MENA,,1/1/00 0:00,5.34,0.6745,5/8/23 21:52,1.67,RIE,Ad Group Recall (Merged)
20230807,1773428648391680 ,SA,,,1/1/00 0:00,7.5194,14.8735,5/8/23 22:11,0.54,Non-Auction Ads,Promote
20230807,1773428648391680 ,SA,,,1/1/00 0:00,7.5194,14.8735,5/8/23 22:11,0.54,Non-Auction Ads,Promote
20230807,1773428191860740 ,US,,,1/1/00 0:00,43.75,8.8036,5/8/23 22:04,0.54,Non-Auction Ads,Promote
20230807,1773427802470400 ,TR,,,1/1/00 0:00,3.5992,2.1752,5/8/23 21:55,0.54,Non-Auction Ads,Promote
20230807,1773427710346240 ,TR,,,1/1/00 0:00,0,0.5493,5/8/23 21:54,0.54,Non-Auction Ads,Promote
20230807,1773430112913440 ,SA,MENA,,1/1/00 0:00,3.7002,4.8409,5/8/23 22:01,1.67,RIE,Ad Group Recall (Merged)
20230807,1773429240287260 ,BR,BR,,1/1/00 0:00,162.03,21.6058,5/8/23 22:19,1.7,RIE,Ad Group Recall (Merged)
20230807,1773427775804410 ,SA,,,1/1/00 0:00,12.0754,1.2006,5/8/23 21:56,0.54,Non-Auction Ads,Promote
20230807,1773427892612090 ,SA,,,1/1/00 0:00,2.7433,1.3182,5/8/23 21:57,1.53,RIE,Promote Report Recall
20230807,1773428363646970 ,SA,,,1/1/00 0:00,0,5.8569,5/8/23 22:05,0.54,Non-Auction Ads,Promote
20230807,1773427874207740 ,PT,,,1/1/00 0:00,3.7437,0.7865,5/8/23 21:58,0.54,Non-Auction Ads,Promote
20230807,1773427881883650 ,BR,,,1/1/00 0:00,0.4825,0.7148,5/8/23 21:58,1.53,RIE,Promote Report Recall
20230807,1773113916503040 ,AU,AU,,1/1/00 0:00,,0,5/8/23 22:00,1.84,Auction Ads,auction_relation
20230807,1773114791528490 ,AU,AU,,1/1/00 0:00,,0,5/8/23 22:00,1.84,Auction Ads,auction_relation
20230807,1773428417346560 ,SA,,,1/1/00 0:00,0,2.653,5/8/23 22:06,0.54,Non-Auction Ads,Promote
20230807,1773428253485050 ,TR,,,1/1/00 0:00,6.1534,0.4027,5/8/23 22:04,0.54,Non-Auction Ads,Promote
20230807,1773428396109820 ,SA,,,1/1/00 0:00,0,3.5825,5/8/23 22:08,0.54,Non-Auction Ads,Promote
20230807,1773428814743550 ,US,,,1/1/00 0:00,46.95,7.1932,5/8/23 22:13,0.54,Non-Auction Ads,Promote
20230807,1773428559354880 ,BR,,,1/1/00 0:00,8.9832,4.2151,5/8/23 22:10,0.54,Non-Auction Ads,Promote
20230807,1773428468175870 ,SA,,,1/1/00 0:00,9.8549,1.6376,5/8/23 22:06,0.54,Non-Auction Ads,Promote
20230807,1773428568650750 ,PT,,,1/1/00 0:00,0.5286,2.1288,5/8/23 22:10,0.54,Non-Auction Ads,Promote
20230807,1773428595892220 ,SA,,,1/1/00 0:00,0,4.676,5/8/23 22:12,0.54,Non-Auction Ads,Promote
20230807,1773428709462010 ,KW,,,1/1/00 0:00,6.6478,1.9993,5/8/23 22:11,0.54,Non-Auction Ads,Promote
20230807,1773428863148030 ,SA,,,1/1/00 0:00,0,4.676,5/8/23 22:13,0.54,Non-Auction Ads,Promote
20230807,1773428468251650 ,US,,,1/1/00 0:00,6.32,5.845,5/8/23 22:15,0.54,Non-Auction Ads,Promote
20230807,1773428847431680 ,EG,,,1/1/00 0:00,6.058,1.7124,5/8/23 22:12,0.54,Non-Auction Ads,Promote
20230807,1773429343076350 ,SA,,,1/1/00 0:00,0,11.0795,5/8/23 22:21,0.54,Non-Auction Ads,Promote
20230807,1773425152505870 ,US,US&CA,,1/1/00 0:00,0,2.9315,5/8/23 22:14,1.81,RIE,Ad Group Recall (Merged)
20230807,1773425152505870 ,CA,US&CA,,1/1/00 0:00,0,2.9315,5/8/23 22:14,1.81,RIE,Ad Group Recall (Merged)
20230807,1773428932164610 ,SA,,,1/1/00 0:00,11.9126,4.621,5/8/23 22:15,0.54,Non-Auction Ads,Promote
20230807,1773428806011910 ,EG,,,1/1/00 0:00,0,1.2761,5/8/23 22:14,0.54,Non-Auction Ads,Promote
20230807,1773430111356920 ,SA,,,1/1/00 0:00,0,19.7137,5/8/23 22:33,0.54,Non-Auction Ads,Promote
20230807,1773428893783040 ,SA,,,1/1/00 0:00,1.3837,0.6406,5/8/23 22:14,1.53,RIE,Promote Report Recall
20230807,1773429287469050 ,SA,,,1/1/00 0:00,0,6.632,5/8/23 22:20,0.54,Non-Auction Ads,Promote
20230807,1773429200219150 ,BR,BR,,1/1/00 0:00,1.0485,3.5373,5/8/23 22:16,1.99,Auction Ads,auction_all
20230807,1773429128244220 ,TR,,,1/1/00 0:00,0,3.8852,5/8/23 22:17,0.54,Non-Auction Ads,Promote
20230807,1773429160503290 ,SA,,,1/1/00 0:00,24.4676,4.7867,5/8/23 22:18,0.54,Non-Auction Ads,Promote
20230807,1773428660845570 ,SA,,,1/1/00 0:00,11.889,2.3781,5/8/23 22:16,1.53,RIE,Promote Report Recall
20230807,1773428930826240 ,TR,,,1/1/00 0:00,3.7488,1.7224,5/8/23 22:16,0.54,Non-Auction Ads,Promote
20230807,1773425998946320 ,EC,Other,,1/1/00 0:00,20.68,12.6767,5/8/23 22:28,1.62,RIE,Ad Group Recall (Merged)
20230807,1773429292651520 ,SA,,,1/1/00 0:00,14.5432,4.9683,5/8/23 22:20,0.54,Non-Auction Ads,Promote
20230807,1773429027555350 ,BR,,,1/1/00 0:00,9.1845,2.09,5/8/23 22:19,0.54,Non-Auction Ads,Promote
20230807,1773429218899970 ,SA,,,1/1/00 0:00,9.6335,0.6717,5/8/23 22:18,0.54,Non-Auction Ads,Promote
20230807,1773429067160570 ,TR,,,1/1/00 0:00,0.6816,0.1793,5/8/23 22:17,1.53,RIE,Promote Report Recall
20230807,1773429812240380 ,MA,Other,,1/1/00 0:00,6.67,7.0559,5/8/23 22:24,1.62,RIE,Ad Group Recall (Merged)
20230807,1773429385446400 ,SA,,,1/1/00 0:00,0,3.9337,5/8/23 22:22,0.54,Non-Auction Ads,Promote
20230807,1773429276233720 ,TR,,,1/1/00 0:00,0.8216,0.8438,5/8/23 22:20,0.54,Non-Auction Ads,Promote
20230807,1773429861907450 ,SA,,,1/1/00 0:00,13.2399,8.38,5/8/23 22:29,0.54,Non-Auction Ads,Promote
20230807,1773430032778240 ,SA,,,1/1/00 0:00,13.9523,8.38,5/8/23 22:31,0.54,Non-Auction Ads,Promote
20230807,1773429436565500 ,TH,,,1/1/00 0:00,11.5783,2.3271,5/8/23 22:22,0.54,Non-Auction Ads,Promote
20230807,1773429423752190 ,SA,,,1/1/00 0:00,0,3.9942,5/8/23 22:23,0.54,Non-Auction Ads,Promote
20230807,1773429457969150 ,BR,,,1/1/00 0:00,7.1346,2.5221,5/8/23 22:22,0.54,Non-Auction Ads,Promote
20230807,1773429408136190 ,PH,,,1/1/00 0:00,12.3126,1.224,5/8/23 22:21,0.54,Non-Auction Ads,Promote
20230807,1773429635095550 ,SA,,,1/1/00 0:00,23.2944,4.7867,5/8/23 22:25,0.54,Non-Auction Ads,Promote
20230807,1773429470426110 ,ID,,,1/1/00 0:00,4.9157,1.535,5/8/23 22:23,0.54,Non-Auction Ads,Promote
20230807,1773431443527680 ,US,,,1/1/00 0:00,13.59,21.1006,5/8/23 22:54,0.54,Non-Auction Ads,Promote
20230807,1773429843600380 ,EG,,,1/1/00 0:00,5.7889,3.6137,5/8/23 22:28,0.54,Non-Auction Ads,Promote
20230807,1773429575184380 ,TH,,,1/1/00 0:00,27.2421,0.5339,5/8/23 22:24,0.54,Non-Auction Ads,Promote
20230807,1773429699350530 ,CA,,,1/1/00 0:00,4.1352,1.466,5/8/23 22:27,1.53,RIE,Promote Report Recall
20230807,1773429819642880 ,BR,,,1/1/00 0:00,8.1197,2.3936,5/8/23 22:29,0.54,Non-Auction Ads,Promote
20230807,1773429680987140 ,GR,,,1/1/00 0:00,4.4247,0.4945,5/8/23 22:27,0.54,Non-Auction Ads,Promote
20230807,1773429955759100 ,SA,,,1/1/00 0:00,13.44,3.2425,5/8/23 22:31,0.54,Non-Auction Ads,Promote
20230807,1773429836234750 ,US,,,1/1/00 0:00,4.17,2.915,5/8/23 22:31,0.54,Non-Auction Ads,Promote
20230807,1773430023808000 ,SA,,,1/1/00 0:00,8.2129,2.3871,5/8/23 22:32,0.54,Non-Auction Ads,Promote
20230807,1773430723090450 ,US,,,1/1/00 0:00,78.71,9.7764,5/8/23 22:43,0.54,Non-Auction Ads,Promote
20230807,1773430414510080 ,SA,,,1/1/00 0:00,29.5079,8.0167,5/8/23 22:40,0.54,Non-Auction Ads,Promote
20230807,1773430220915710 ,KW,,,1/1/00 0:00,31.7626,3.7931,5/8/23 22:34,0.54,Non-Auction Ads,Promote
20230807,1773430458561540 ,IT,,,1/1/00 0:00,24.0694,6.1079,5/8/23 22:39,0.54,Non-Auction Ads,Promote
20230807,1773430153189370 ,SA,,,1/1/00 0:00,11.5419,2.2885,5/8/23 22:34,0.54,Non-Auction Ads,Promote
20230807,1773430153937920 ,BR,,,1/1/00 0:00,8.1568,3.0484,5/8/23 22:34,0.54,Non-Auction Ads,Promote
20230807,1773430049576960 ,TR,,,1/1/00 0:00,0.7168,0.2216,5/8/23 22:34,1.53,RIE,Promote Report Recall
20230807,1773431033175040 ,SA,,,1/1/00 0:00,37.9096,8.05,5/8/23 22:47,0.54,Non-Auction Ads,Promote
20230807,1773414859794430 ,CA,,,1/1/00 0:00,4.5982,2.5395,5/8/23 22:37,1.53,RIE,Promote Report Recall
20230807,1773430310640640 ,SA,,,1/1/00 0:00,4.6062,1.8853,5/8/23 22:36,0.54,Non-Auction Ads,Promote
20230807,1773430596714490 ,SA,,,1/1/00 0:00,0,3.7501,5/8/23 22:41,0.54,Non-Auction Ads,Promote
20230807,1773431206379570 ,US,,,1/1/00 0:00,12.08,6.2228,5/8/23 22:50,1.53,RIE,Promote Report Recall
20230807,1773430500371450 ,ID,,,1/1/00 0:00,7.9113,1.0874,5/8/23 22:39,0.54,Non-Auction Ads,Promote
20230807,1773430901350400 ,BR,,,1/1/00 0:00,9.9744,4.5486,5/8/23 22:48,0.54,Non-Auction Ads,Promote
20230807,1773396254006270 ,MA,Other,,1/1/00 0:00,11.49,9.0027,5/8/23 22:55,1.62,RIE,Ad Group Recall (Merged)
20230807,1773430601823230 ,MY,,,1/1/00 0:00,2.9442,1.1531,5/8/23 22:44,1.53,RIE,Promote Report Recall
20230807,1773430634546170 ,VN,,,1/1/00 0:00,13.4356,0.3015,5/8/23 22:42,0.54,Non-Auction Ads,Promote
20230807,1773430874779650 ,EG,,,1/1/00 0:00,0,0.6753,5/8/23 22:44,0.54,Non-Auction Ads,Promote
20230807,1773430792047620 ,BR,,,1/1/00 0:00,1.5539,0.4388,5/8/23 22:45,1.53,RIE,Promote Report Recall
20230807,1773431121596420 ,ES,,,1/1/00 0:00,8.3985,1.6692,5/8/23 22:49,0.54,Non-Auction Ads,Promote
20230807,1773431199249410 ,SA,,,1/1/00 0:00,0,1.6833,5/8/23 22:50,0.54,Non-Auction Ads,Promote
20230807,1773431451565050 ,SA,,,1/1/00 0:00,9.9533,5.6806,5/8/23 22:54,0.54,Non-Auction Ads,Promote
20230807,1773428333521920 ,PL,PL,,1/1/00 0:00,57.4778,28.3747,5/8/23 23:02,1.84,RIE,Ad Group Recall (Merged)
20230807,1773428269068290 ,IE,Other,,1/1/00 0:00,397.2127,28.3747,5/8/23 23:02,1.62,RIE,Ad Group Recall (Merged)
20230807,1773431287011330 ,PT,,,1/1/00 0:00,0,0.9996,5/8/23 22:52,1.53,RIE,Promote Report Recall
20230807,1773431287011330 ,PT,,,1/1/00 0:00,0,0.9996,5/8/23 22:52,1.53,RIE,Promote Report Recall
20230807,1773431319919610 ,SA,,,1/1/00 0:00,4.9419,2.1467,5/8/23 22:52,0.54,Non-Auction Ads,Promote
20230807,1773431395057660 ,SA,,,1/1/00 0:00,0,5.1351,5/8/23 22:55,0.54,Non-Auction Ads,Promote
20230807,1773431260053500 ,TR,,,1/1/00 0:00,3.6118,1.1701,5/8/23 22:52,0.54,Non-Auction Ads,Promote
20230807,1773431349908480 ,ID,,,1/1/00 0:00,3.7601,0.6771,5/8/23 22:52,1.53,RIE,Promote Report Recall
20230807,1773431370170360 ,TR,,,1/1/00 0:00,2.0595,1.1432,5/8/23 22:54,0.54,Non-Auction Ads,Promote
20230807,1773431429307390 ,EG,,,1/1/00 0:00,0,1.3953,5/8/23 22:54,0.54,Non-Auction Ads,Promote
20230807,1773431539652600 ,SA,,,1/1/00 0:00,0,4.3253,5/8/23 22:56,0.54,Non-Auction Ads,Promote
20230807,1773453404540920 ,TR,TR,,1/1/00 0:00,1.6229,2.0727,5/8/23 22:54,1.63,RIE,Ad Group Recall (Merged)
20230807,1773431565929470 ,SA,,,1/1/00 0:00,0,4.3253,5/8/23 22:56,0.54,Non-Auction Ads,Promote
20230807,1773434014843900 ,US,,,1/1/00 0:00,0,47.28,5/8/23 23:40,1.53,RIE,Promote Report Recall
20230807,1773431594525690 ,SA,,,1/1/00 0:00,29.6861,4.7867,5/8/23 22:57,0.54,Non-Auction Ads,Promote
20230807,1773431521294330 ,SA,,,1/1/00 0:00,0,4.3253,5/8/23 22:57,0.54,Non-Auction Ads,Promote
20230807,1773431464732670 ,CA,,,1/1/00 0:00,4.5535,2.2096,5/8/23 22:55,1.53,RIE,Promote Report Recall
20230807,1773431606600700 ,SA,,,1/1/00 0:00,0,4.3253,5/8/23 22:57,0.54,Non-Auction Ads,Promote
20230807,1773431631090690 ,SA,,,1/1/00 0:00,0,4.3253,5/8/23 22:57,0.54,Non-Auction Ads,Promote
20230807,1773431660780540 ,SA,,,1/1/00 0:00,26.2691,4.7867,5/8/23 22:58,0.54,Non-Auction Ads,Promote
20230807,1773431587077120 ,SA,,,1/1/00 0:00,0,4.3253,5/8/23 22:58,0.54,Non-Auction Ads,Promote
20230807,1773431586475000 ,SA,,,1/1/00 0:00,10.4787,1.745,5/8/23 22:57,0.54,Non-Auction Ads,Promote
20230807,1773416550286380 ,DE,DE,,1/1/00 0:00,18.6257,7.3058,5/8/23 23:00,1.6,RIE,Ad Group Recall (Merged)
20230807,1773431675485180 ,SA,,,1/1/00 0:00,0,4.3253,5/8/23 22:58,0.54,Non-Auction Ads,Promote
20230807,1773431699804160 ,SA,,,1/1/00 0:00,0,4.3253,5/8/23 22:58,0.54,Non-Auction Ads,Promote
20230807,1773434600660990 ,US,,,1/1/00 0:00,48.09,46.66,5/8/23 23:47,0.54,Non-Auction Ads,Promote
20230807,1773431650935810 ,SA,,,1/1/00 0:00,0,4.3253,5/8/23 22:59,0.54,Non-Auction Ads,Promote
20230807,1773431732701250 ,DE,,,1/1/00 0:00,10.5875,3.893,5/8/23 22:59,1.53,RIE,Promote Report Recall
20230807,1773431790894080 ,SA,,,1/1/00 0:00,0,4.7867,5/8/23 23:00,0.54,Non-Auction Ads,Promote
20230807,1773387723595810 ,BE,Other,,1/1/00 0:00,0,4.0055,5/8/23 23:00,1.62,RIE,Ad Group Recall (Merged)
20230807,1773431677061120 ,TR,,,1/1/00 0:00,0.7354,0.4488,5/8/23 22:58,1.53,RIE,Promote Report Recall
20230807,1773432125860860 ,SA,,,1/1/00 0:00,0,19.4092,5/8/23 23:07,0.54,Non-Auction Ads,Promote
20230807,1773422850760750 ,NO,Others,,1/1/00 0:00,,2.0917,5/8/23 23:00,1.56,Auction Ads,auction_all
20230807,1773399091017760 ,QA,Other,,1/1/00 0:00,16.6975,12.5911,5/8/23 23:00,1.62,RIE,Ad Group Recall (Merged)
20230807,1773399091017760 ,AE,MENA,,1/1/00 0:00,16.6975,12.5911,5/8/23 23:00,1.67,RIE,Ad Group Recall (Merged)
20230807,1773399091017760 ,PH,Other,,1/1/00 0:00,16.6975,12.5911,5/8/23 23:00,1.62,RIE,Ad Group Recall (Merged)
20230807,1773399091017760 ,SA,MENA,,1/1/00 0:00,16.6975,12.5911,5/8/23 23:00,1.67,RIE,Ad Group Recall (Merged)
20230807,1773399091017760 ,BE,Other,,1/1/00 0:00,16.6975,12.5911,5/8/23 23:00,1.62,RIE,Ad Group Recall (Merged)
20230807,1773399091017760 ,ZA,Other,,1/1/00 0:00,16.6975,12.5911,5/8/23 23:00,1.62,RIE,Ad Group Recall (Merged)
20230807,1773399091017760 ,MA,Other,,1/1/00 0:00,16.6975,12.5911,5/8/23 23:00,1.62,RIE,Ad Group Recall (Merged)
20230807,1773399091017760 ,TR,TR,,1/1/00 0:00,16.6975,12.5911,5/8/23 23:00,1.63,RIE,Ad Group Recall (Merged)
20230807,1773399091017760 ,DE,DE,,1/1/00 0:00,16.6975,12.5911,5/8/23 23:00,1.6,RIE,Ad Group Recall (Merged)
20230807,1773399091017760 ,KR,KR,,1/1/00 0:00,16.6975,12.5911,5/8/23 23:00,2.18,RIE,Ad Group Recall (Merged)
20230807,1773399091017760 ,CA,US&CA,,1/1/00 0:00,16.6975,12.5911,5/8/23 23:00,1.81,RIE,Ad Group Recall (Merged)
20230807,1773399091017760 ,SG,Other,,1/1/00 0:00,16.6975,12.5911,5/8/23 23:00,1.62,RIE,Ad Group Recall (Merged)
20230807,1773399091017760 ,NZ,Other,,1/1/00 0:00,16.6975,12.5911,5/8/23 23:00,1.62,RIE,Ad Group Recall (Merged)
20230807,1773399091017760 ,DK,Other,,1/1/00 0:00,16.6975,12.5911,5/8/23 23:00,1.62,RIE,Ad Group Recall (Merged)
20230807,1773399091017760 ,SE,Other,,1/1/00 0:00,16.6975,12.5911,5/8/23 23:00,1.62,RIE,Ad Group Recall (Merged)
20230807,1773399091017760 ,KW,Other,,1/1/00 0:00,16.6975,12.5911,5/8/23 23:00,1.62,RIE,Ad Group Recall (Merged)
20230807,1773399091017760 ,KH,Other,,1/1/00 0:00,16.6975,12.5911,5/8/23 23:00,1.62,RIE,Ad Group Recall (Merged)
20230807,1773399091017760 ,NO,Other,,1/1/00 0:00,16.6975,12.5911,5/8/23 23:00,1.62,RIE,Ad Group Recall (Merged)
20230807,1773399091017760 ,GR,Other,,1/1/00 0:00,16.6975,12.5911,5/8/23 23:00,1.62,RIE,Ad Group Recall (Merged)
20230807,1773399091017760 ,CZ,Other,,1/1/00 0:00,16.6975,12.5911,5/8/23 23:00,1.62,RIE,Ad Group Recall (Merged)
20230807,1773399091017760 ,NL,Other,,1/1/00 0:00,16.6975,12.5911,5/8/23 23:00,1.62,RIE,Ad Group Recall (Merged)
20230807,1773399091017760 ,FI,Other,,1/1/00 0:00,16.6975,12.5911,5/8/23 23:00,1.62,RIE,Ad Group Recall (Merged)
20230807,1773399091017760 ,EG,MENA,,1/1/00 0:00,16.6975,12.5911,5/8/23 23:00,1.67,RIE,Ad Group Recall (Merged)
20230807,1773433959956480 ,SA,,,1/1/00 0:00,0,29.7225,5/8/23 23:35,0.54,Non-Auction Ads,Promote
20230807,1773401712756780 ,VN,VN,,1/1/00 0:00,,0.7843,5/8/23 23:00,2.14,Auction Ads,auction_relation
20230807,1773432167327750 ,CA,,,1/1/00 0:00,43.7476,15.4046,5/8/23 23:05,0.54,Non-Auction Ads,Promote
20230807,1773437791269920 ,US,,,1/1/00 0:00,82.92,74,6/8/23 0:35,0.54,Non-Auction Ads,Promote
20230807,1773431998338050 ,QA,,,1/1/00 0:00,0,10.9716,5/8/23 23:02,0.54,Non-Auction Ads,Promote
20230807,1773432156269570 ,SA,,,1/1/00 0:00,0,11.5984,5/8/23 23:05,0.54,Non-Auction Ads,Promote
20230807,1773432581070850 ,US,,,1/1/00 0:00,43.77,15.623,5/8/23 23:13,0.54,Non-Auction Ads,Promote
20230807,1773434131981310 ,US,,,1/1/00 0:00,40.91,25.95,5/8/23 23:37,0.54,Non-Auction Ads,Promote
20230807,1773433983954950 ,US,,,1/1/00 0:00,93.11,22.3916,5/8/23 23:35,0.54,Non-Auction Ads,Promote
20230807,1773431872710650 ,SA,,,1/1/00 0:00,13.581,4.7867,5/8/23 23:01,0.54,Non-Auction Ads,Promote
20230807,1773432304051200 ,SA,,,1/1/00 0:00,0,10.262,5/8/23 23:09,0.54,Non-Auction Ads,Promote
20230807,1773431741946880 ,TR,,,1/1/00 0:00,0,2.397,5/8/23 23:01,0.54,Non-Auction Ads,Promote
20230807,1773431928477690 ,SA,,,1/1/00 0:00,12.8456,3.1688,5/8/23 23:01,0.54,Non-Auction Ads,Promote
20230807,1773431857691640 ,QA,,,1/1/00 0:00,0,1.8955,5/8/23 23:01,0.54,Non-Auction Ads,Promote
20230807,1773431954366470 ,SA,,,1/1/00 0:00,23.83,3.101,5/8/23 23:01,0.54,Non-Auction Ads,Promote
20230807,1773433221535810 ,FR,,,1/1/00 0:00,20.141,12.797,5/8/23 23:22,0.54,Non-Auction Ads,Promote
20230807,1773433176682500 ,US,,,1/1/00 0:00,40.34,12.6968,5/8/23 23:22,0.54,Non-Auction Ads,Promote
20230807,1773437102557180 ,KW,,,1/1/00 0:00,59.6176,56.4595,6/8/23 0:24,0.54,Non-Auction Ads,Promote
20230807,1773432705165310 ,SA,,,1/1/00 0:00,19.3682,9.8868,5/8/23 23:21,0.54,Non-Auction Ads,Promote
20230807,1773432399108140 ,IL,IL,,1/1/00 0:00,28.27,5.9067,5/8/23 23:10,1.22,RIE,Ad Group Recall (Merged)
20230807,1773434007457790 ,AE,,,1/1/00 0:00,0,14.0703,5/8/23 23:34,0.54,Non-Auction Ads,Promote
20230807,1773432666788870 ,US,,,1/1/00 0:00,0.4,5.635,5/8/23 23:14,0.54,Non-Auction Ads,Promote
20230807,1773432128868380 ,BR,,,1/1/00 0:00,11.2096,1.1652,5/8/23 23:06,0.54,Non-Auction Ads,Promote
20230807,1773432175538170 ,VN,,,1/1/00 0:00,0,0.7371,5/8/23 23:05,0.54,Non-Auction Ads,Promote
20230807,1773432418518020 ,US,,,1/1/00 0:00,5.1,2.34,5/8/23 23:09,0.54,Non-Auction Ads,Promote
20230807,1773433362746360 ,SA,,,1/1/00 0:00,25.5845,9.1256,5/8/23 23:25,0.54,Non-Auction Ads,Promote
20230807,1773432094493690 ,SA,,,1/1/00 0:00,2.9487,1.0339,5/8/23 23:07,1.53,RIE,Promote Report Recall
20230807,1773432964744190 ,IT,,,1/1/00 0:00,11.0941,6.012,5/8/23 23:19,0.54,Non-Auction Ads,Promote
20230807,1773432527548420 ,US,,,1/1/00 0:00,9.91,2.5403,5/8/23 23:11,0.54,Non-Auction Ads,Promote
20230807,1773432255914000 ,BR,,,1/1/00 0:00,12.6011,1.5552,5/8/23 23:09,0.54,Non-Auction Ads,Promote
20230807,1773433211589630 ,EG,,,1/1/00 0:00,0,7.1004,5/8/23 23:22,0.54,Non-Auction Ads,Promote
20230807,1773432729913340 ,SA,,,1/1/00 0:00,3.1188,1.3182,5/8/23 23:15,1.53,RIE,Promote Report Recall
20230807,1773433193682940 ,SA,,,1/1/00 0:00,0,2.5581,5/8/23 23:21,1.53,RIE,Promote Report Recall
20230807,1773432829619200 ,TR,,,1/1/00 0:00,0.5102,1.0629,5/8/23 23:17,0.54,Non-Auction Ads,Promote
20230807,1773434347028480 ,US,,,1/1/00 0:00,91.61,17.0708,5/8/23 23:41,0.54,Non-Auction Ads,Promote
20230807,1773433443524600 ,SA,,,1/1/00 0:00,17.3523,5.2582,5/8/23 23:26,0.54,Non-Auction Ads,Promote
20230807,1773432773490690 ,TR,,,1/1/00 0:00,0,1.2179,5/8/23 23:18,0.54,Non-Auction Ads,Promote
20230807,1773434316710920 ,US,US&CA,,1/1/00 0:00,21.34,16.721,5/8/23 23:41,1.81,RIE,Ad Group Recall (Merged)
20230807,1773435296111620 ,US,,,1/1/00 0:00,53.24,25.5442,5/8/23 23:55,0.54,Non-Auction Ads,Promote
20230807,1773433164183550 ,VN,,,1/1/00 0:00,0,1.6439,5/8/23 23:22,0.54,Non-Auction Ads,Promote
20230807,1773433690308600 ,KW,,,1/1/00 0:00,9.3873,4.14,5/8/23 23:30,0.54,Non-Auction Ads,Promote
20230807,1773433475661820 ,MY,,,1/1/00 0:00,2.0308,1.3166,5/8/23 23:27,0.54,Non-Auction Ads,Promote
20230807,1773433525947390 ,TR,,,1/1/00 0:00,0,1.3015,5/8/23 23:28,0.54,Non-Auction Ads,Promote
20230807,1773433677459450 ,VN,,,1/1/00 0:00,0,1.0417,5/8/23 23:29,0.54,Non-Auction Ads,Promote
20230807,1773434227269630 ,SA,,,1/1/00 0:00,0,8.3738,5/8/23 23:40,0.54,Non-Auction Ads,Promote
20230807,1773433757930500 ,TR,,,1/1/00 0:00,5.3161,0.9277,5/8/23 23:30,0.54,Non-Auction Ads,Promote
20230807,1773433829582840 ,VN,,,1/1/00 0:00,0,0.6023,5/8/23 23:31,0.54,Non-Auction Ads,Promote
20230807,1773434101585920 ,VN,VN,,1/1/00 0:00,,2.5228,5/8/23 23:36,2.14,Auction Ads,auction_relation
20230807,1773434078512150 ,RO,,,1/1/00 0:00,8.0003,3.2968,5/8/23 23:37,0.54,Non-Auction Ads,Promote
20230807,1773434951707650 ,AE,,,1/1/00 0:00,14.4921,15.4559,5/8/23 23:50,0.54,Non-Auction Ads,Promote
20230807,1773435254363160 ,KH,KH,,1/1/00 0:00,17.27,16.6225,5/8/23 23:51,1.5,Auction Ads,auction_relation
20230807,1773435254363160 ,KH,KH,,1/1/00 0:00,17.27,16.6225,5/8/23 23:51,1.5,Auction Ads,auction_relation
20230807,1773435374873600 ,SA,,,1/1/00 0:00,0,22.2287,5/8/23 23:58,0.54,Non-Auction Ads,Promote
20230807,1773432008149000 ,US,US&CA,,1/1/00 0:00,18.32,20.5167,5/8/23 23:57,1.81,RIE,Ad Group Recall (Merged)
20230807,1773434170056700 ,CA,,,1/1/00 0:00,4.2846,2.3692,5/8/23 23:37,1.53,RIE,Promote Report Recall
20230807,1773433946177540 ,GR,,,1/1/00 0:00,3.2579,0.6707,5/8/23 23:35,0.54,Non-Auction Ads,Promote
20230807,1773434196781050 ,SA,,,1/1/00 0:00,13.3415,2.3871,5/8/23 23:37,0.54,Non-Auction Ads,Promote
20230807,1773434068669440 ,TR,,,1/1/00 0:00,4.0056,0.4873,5/8/23 23:36,0.54,Non-Auction Ads,Promote
20230807,1773434275120120 ,IL,IL,,1/1/00 0:00,16.76,5.9067,5/8/23 23:40,1.22,RIE,Ad Group Recall (Merged)
20230807,1773438444519430 ,US,,,1/1/00 0:00,58.8,56.04,6/8/23 0:49,0.54,Non-Auction Ads,Promote
20230807,1773435328358400 ,SA,MENA,,1/1/00 0:00,,3.0724,5/8/23 23:39,1.78,Auction Ads,auction_relation
20230807,1773434170474490 ,ID,,,1/1/00 0:00,6.0929,1.1014,5/8/23 23:37,0.54,Non-Auction Ads,Promote
20230807,1773434233607170 ,EG,,,1/1/00 0:00,0,1.0736,5/8/23 23:38,0.54,Non-Auction Ads,Promote
20230807,1773434008045560 ,TR,,,1/1/00 0:00,5.5475,0.5907,5/8/23 23:37,0.54,Non-Auction Ads,Promote
20230807,1773421750861840 ,DK,DK,,1/1/00 0:00,0,19.1409,6/8/23 0:00,1.31,Auction Ads,auction_relation
20230807,1773421750861840 ,NO,Others,,1/1/00 0:00,0,19.1409,6/8/23 0:00,1.56,Auction Ads,auction_all
20230807,1773434459554820 ,US,,,1/1/00 0:00,9.97,4.8258,5/8/23 23:41,0.54,Non-Auction Ads,Promote
20230807,1773434465386530 ,IL,IL,,1/1/00 0:00,15.13,5.9067,5/8/23 23:46,1.22,RIE,Ad Group Recall (Merged)
20230807,1773434222360570 ,ID,,,1/1/00 0:00,8.7603,0.2001,5/8/23 23:39,0.54,Non-Auction Ads,Promote
20230807,1773434369073150 ,VN,,,1/1/00 0:00,0,1.7757,5/8/23 23:40,0.54,Non-Auction Ads,Promote
20230807,1773434584322050 ,SA,,,1/1/00 0:00,0,4.3662,5/8/23 23:43,0.54,Non-Auction Ads,Promote
20230807,1773439605252090 ,AE,,,1/1/00 0:00,0.2319,62.646,6/8/23 1:04,0.54,Non-Auction Ads,Promote
20230807,1773434607775750 ,BR,,,1/1/00 0:00,11.7906,4.7224,5/8/23 23:46,0.54,Non-Auction Ads,Promote
20230807,1773434234213370 ,VN,,,1/1/00 0:00,6.5902,0.4031,5/8/23 23:40,0.54,Non-Auction Ads,Promote
20230807,1773434295189500 ,EG,,,1/1/00 0:00,0,1.0736,5/8/23 23:40,0.54,Non-Auction Ads,Promote
20230807,1773434769559550 ,FR,,,1/1/00 0:00,15.9805,6.2381,5/8/23 23:47,0.54,Non-Auction Ads,Promote
20230807,1773371095941120 ,PH,Other,,1/1/00 0:00,89.3954,16.1396,6/8/23 0:00,1.62,RIE,Ad Group Recall (Merged)
20230807,1773434697488380 ,AU,,,1/1/00 0:00,5.8359,2.624,5/8/23 23:45,1.53,RIE,Promote Report Recall
20230807,1773434709609470 ,SA,,,1/1/00 0:00,0,3.2307,5/8/23 23:46,0.54,Non-Auction Ads,Promote
20230807,1773434746124290 ,SA,,,1/1/00 0:00,0,3.8145,5/8/23 23:47,0.54,Non-Auction Ads,Promote
20230807,1773436143938560 ,VN,,,1/1/00 0:00,0,16.8369,6/8/23 0:09,0.54,Non-Auction Ads,Promote
20230807,1773434755494910 ,US,,,1/1/00 0:00,4.55,2.54,5/8/23 23:47,0.54,Non-Auction Ads,Promote
20230807,1773434910189610 ,IL,IL,,1/1/00 0:00,0,5.9067,5/8/23 23:51,1.22,RIE,Ad Group Recall (Merged)
20230807,1773437311822850 ,US,,,1/1/00 0:00,10.14,30.9544,6/8/23 0:28,0.54,Non-Auction Ads,Promote
20230807,1773435030753280 ,BR,,,1/1/00 0:00,7.1061,2.3814,5/8/23 23:50,0.54,Non-Auction Ads,Promote
20230807,1773434852913150 ,SA,,,1/1/00 0:00,0,0.9802,5/8/23 23:49,1.53,RIE,Promote Report Recall
20230807,1773435101486080 ,KW,,,1/1/00 0:00,3.316,3.2693,5/8/23 23:51,1.53,RIE,Promote Report Recall
20230807,1773435121949690 ,SA,,,1/1/00 0:00,0,3.4614,5/8/23 23:52,0.54,Non-Auction Ads,Promote
20230807,1773434925316090 ,VN,,,1/1/00 0:00,1.8841,0.3935,5/8/23 23:50,1.53,RIE,Promote Report Recall
20230807,1773435170196480 ,SA,,,1/1/00 0:00,32.2613,5.9407,5/8/23 23:57,0.54,Non-Auction Ads,Promote
20230807,1773437858118660 ,US,,,1/1/00 0:00,58.52,32.421,6/8/23 0:36,0.54,Non-Auction Ads,Promote
20230807,1773435119626240 ,US,,,1/1/00 0:00,0.82,2.2572,5/8/23 23:53,0.54,Non-Auction Ads,Promote
20230807,1773438961965060 ,US,,,1/1/00 0:00,108.7,45.5818,6/8/23 0:54,0.54,Non-Auction Ads,Promote
20230807,1773435403209770 ,IL,IL,,1/1/00 0:00,17.71,5.9067,5/8/23 23:59,1.22,RIE,Ad Group Recall (Merged)
20230807,1773435114314750 ,SA,,,1/1/00 0:00,6.1947,1.2566,5/8/23 23:53,0.54,Non-Auction Ads,Promote
20230807,1773435221249020 ,VN,,,1/1/00 0:00,0,1.6848,5/8/23 23:53,0.54,Non-Auction Ads,Promote
20230807,1773436316110850 ,US,,,1/1/00 0:00,37.31,10.4562,6/8/23 0:12,1.53,RIE,Promote Report Recall
20230807,1773435768523780 ,EG,,,1/1/00 0:00,42.7824,6.5068,6/8/23 0:02,0.54,Non-Auction Ads,Promote
20230807,1773435399027710 ,VN,,,1/1/00 0:00,0,2.237,5/8/23 23:56,0.54,Non-Auction Ads,Promote
20230807,1773436511651840 ,AE,,,1/1/00 0:00,11.1517,12.6468,6/8/23 0:15,0.54,Non-Auction Ads,Promote
20230807,1773435375262720 ,VN,,,1/1/00 0:00,0,1.2716,5/8/23 23:56,0.54,Non-Auction Ads,Promote
20230807,1773435345206270 ,PH,,,1/1/00 0:00,1.0614,0.2049,5/8/23 23:55,1.53,RIE,Promote Report Recall
20230807,1773436080451580 ,AU,,,1/1/00 0:00,33.4239,6.2742,6/8/23 0:08,0.54,Non-Auction Ads,Promote
20230807,1773435477852160 ,VN,,,1/1/00 0:00,0,1.3141,5/8/23 23:57,0.54,Non-Auction Ads,Promote
20230807,1773435617469440 ,VN,,,1/1/00 0:00,0,1.5132,6/8/23 0:00,0.54,Non-Auction Ads,Promote
20230807,1773436459993090 ,SA,,,1/1/00 0:00,10.103,9.5096,6/8/23 0:16,0.54,Non-Auction Ads,Promote
20230807,1773435950942200 ,SA,,,1/1/00 0:00,11.3635,2.4697,6/8/23 0:05,0.54,Non-Auction Ads,Promote
20230807,1773436676876290 ,US,,,1/1/00 0:00,7.52,12.48,6/8/23 0:19,1.53,RIE,Promote Report Recall
20230807,1773435851127810 ,VN,,,1/1/00 0:00,9.7257,1.2168,6/8/23 0:05,0.54,Non-Auction Ads,Promote
20230807,1773436214114300 ,SA,,,1/1/00 0:00,9.4121,2.5116,6/8/23 0:09,0.54,Non-Auction Ads,Promote
20230807,1773446837552120 ,JP,JP,,1/1/00 0:00,291.2165,115.7407,6/8/23 2:39,3.21,RIE,Ad Group Recall (Merged)
20230807,1773436482969600 ,VN,,,1/1/00 0:00,0.0192,4.8247,6/8/23 0:13,0.54,Non-Auction Ads,Promote
20230807,1773436583065600 ,KW,,,1/1/00 0:00,16.2201,5.8266,6/8/23 0:15,0.54,Non-Auction Ads,Promote
20230807,1773436364020730 ,VN,,,1/1/00 0:00,0.0041,1.7424,6/8/23 0:12,0.54,Non-Auction Ads,Promote
20230807,1773437339118640 ,KW,Other,,1/1/00 0:00,19.66,11.995,6/8/23 0:22,1.62,RIE,Ad Group Recall (Merged)
20230807,1773436131600390 ,EG,,,1/1/00 0:00,0,0.8663,6/8/23 0:09,0.54,Non-Auction Ads,Promote
20230807,1773436345967610 ,EG,,,1/1/00 0:00,19.5255,1.9507,6/8/23 0:13,0.54,Non-Auction Ads,Promote
20230807,1773436345967610 ,EG,,,1/1/00 0:00,19.5255,1.9507,6/8/23 0:13,1.53,RIE,Promote Report Recall
20230807,1773436493911040 ,AE,,,1/1/00 0:00,0.0327,3.4218,6/8/23 0:15,0.54,Non-Auction Ads,Promote
20230807,1773436187564030 ,MY,,,1/1/00 0:00,12.3362,1.5508,6/8/23 0:13,0.54,Non-Auction Ads,Promote
20230807,1773439328356350 ,US,,,1/1/00 0:00,0,38.625,6/8/23 1:00,0.54,Non-Auction Ads,Promote
20230807,1773430185040900 ,US,,,1/1/00 0:00,13.6,6.694,6/8/23 0:19,1.53,RIE,Promote Report Recall
20230807,1773436433671170 ,ID,,,1/1/00 0:00,6.5104,0.6589,6/8/23 0:14,0.54,Non-Auction Ads,Promote
20230807,1773437223424000 ,TR,,,1/1/00 0:00,11.2345,11.7471,6/8/23 0:26,0.54,Non-Auction Ads,Promote
20230807,1773436594657280 ,PH,,,1/1/00 0:00,4.3442,1.7072,6/8/23 0:15,0.54,Non-Auction Ads,Promote
20230807,1773436473590780 ,KW,,,1/1/00 0:00,26.3033,3.2518,6/8/23 0:16,1.53,RIE,Promote Report Recall
20230807,1773436473590780 ,KW,,,1/1/00 0:00,26.3033,3.2518,6/8/23 0:16,1.53,RIE,Promote Report Recall
20230807,1773437508356100 ,US,,,1/1/00 0:00,46.92,15.295,6/8/23 0:33,0.54,Non-Auction Ads,Promote
20230807,1773436399409150 ,VN,,,1/1/00 0:00,0,4.0698,6/8/23 0:17,0.54,Non-Auction Ads,Promote
20230807,1773436909388800 ,VN,,,1/1/00 0:00,0,6.0791,6/8/23 0:20,0.54,Non-Auction Ads,Promote
20230807,1773437023312890 ,SA,,,1/1/00 0:00,0,8.139,6/8/23 0:23,0.54,Non-Auction Ads,Promote
20230807,1773425795604520 ,GB,GB,,1/1/00 0:00,23.1006,6.9883,6/8/23 0:23,1.76,Auction Ads,auction_relation
20230807,1773436551196670 ,ID,,,1/1/00 0:00,11.513,0.6589,6/8/23 0:16,0.54,Non-Auction Ads,Promote
20230807,1773436694853630 ,EG,,,1/1/00 0:00,0.0171,1.9052,6/8/23 0:17,0.54,Non-Auction Ads,Promote
20230807,1773437043018750 ,SA,,,1/1/00 0:00,0.4158,7.6733,6/8/23 0:25,0.54,Non-Auction Ads,Promote
20230807,1773436477340670 ,KH,,,1/1/00 0:00,1.9234,1.2924,6/8/23 0:17,0.54,Non-Auction Ads,Promote
20230807,1773436796815360 ,TH,,,1/1/00 0:00,15.2207,1.2435,6/8/23 0:18,0.54,Non-Auction Ads,Promote
20230807,1773436986654720 ,ID,,,1/1/00 0:00,8.7118,2.756,6/8/23 0:22,0.54,Non-Auction Ads,Promote
20230807,1773436962740230 ,US,,,1/1/00 0:00,8.32,3.5588,6/8/23 0:22,0.54,Non-Auction Ads,Promote
20230807,1773437204781050 ,SA,,,1/1/00 0:00,18.6351,5.4912,6/8/23 0:26,0.54,Non-Auction Ads,Promote
20230807,1773437249563650 ,US,,,1/1/00 0:00,4.01,6.31,6/8/23 0:27,1.53,RIE,Promote Report Recall
20230807,1773436891843580 ,TH,,,1/1/00 0:00,15.0584,1.2435,6/8/23 0:20,0.54,Non-Auction Ads,Promote
20230807,1773436788668410 ,TR,,,1/1/00 0:00,0,0.3801,6/8/23 0:19,0.54,Non-Auction Ads,Promote
20230807,1773349595470880 ,US,US&CA,,1/1/00 0:00,0,30.3932,6/8/23 1:01,1.81,RIE,Ad Group Recall (Merged)
20230807,1773437499226110 ,AE,,,1/1/00 0:00,0,5.8263,6/8/23 0:31,0.54,Non-Auction Ads,Promote
20230807,1773438294822910 ,SA,,,1/1/00 0:00,14.8017,16.8493,6/8/23 0:44,0.54,Non-Auction Ads,Promote
20230807,1773437490062340 ,US,,,1/1/00 0:00,5.53,6.49,6/8/23 0:32,1.53,RIE,Promote Report Recall
20230807,1773437650112510 ,AE,,,1/1/00 0:00,0.0572,7.303,6/8/23 0:33,0.54,Non-Auction Ads,Promote
20230807,1773437746234370 ,CA,,,1/1/00 0:00,0.471,7.8671,6/8/23 0:35,0.54,Non-Auction Ads,Promote
20230807,1773437214131200 ,VN,,,1/1/00 0:00,0.014,1.4668,6/8/23 0:26,0.54,Non-Auction Ads,Promote
20230807,1773437373672440 ,VN,,,1/1/00 0:00,0.0704,2.6845,6/8/23 0:28,0.54,Non-Auction Ads,Promote
20230807,1773438350632960 ,US,,,1/1/00 0:00,53.23,14.2222,6/8/23 0:44,0.54,Non-Auction Ads,Promote
20230807,1773437380877310 ,VN,,,1/1/00 0:00,0.0614,1.4668,6/8/23 0:29,0.54,Non-Auction Ads,Promote
20230807,1773439060470790 ,US,,,1/1/00 0:00,87.26,20.474,6/8/23 0:55,0.54,Non-Auction Ads,Promote
20230807,1773437516979200 ,SA,,,1/1/00 0:00,5.9629,1.2566,6/8/23 0:31,0.54,Non-Auction Ads,Promote
20230807,1773437838693380 ,BR,,,1/1/00 0:00,8.0993,5.6255,6/8/23 0:36,0.54,Non-Auction Ads,Promote
20230807,1773437514821630 ,VN,,,1/1/00 0:00,2.0204,0.5777,6/8/23 0:31,1.53,RIE,Promote Report Recall
20230807,1773439167066110 ,SA,,,1/1/00 0:00,0.0933,20.1171,6/8/23 0:57,0.54,Non-Auction Ads,Promote
20230807,1773438528943110 ,US,,,1/1/00 0:00,46.4,12.0316,6/8/23 0:47,0.54,Non-Auction Ads,Promote
20230807,1773437618624510 ,ES,,,1/1/00 0:00,1.7838,2.3353,6/8/23 0:33,1.53,RIE,Promote Report Recall
20230807,1773438904109050 ,VN,,,1/1/00 0:00,28.2416,15.7039,6/8/23 0:53,0.54,Non-Auction Ads,Promote
20230807,1773438704843780 ,US,,,1/1/00 0:00,99.36,14.3774,6/8/23 0:50,0.54,Non-Auction Ads,Promote
20230807,1773438020728830 ,IL,,,1/1/00 0:00,14.0981,5.3329,6/8/23 0:38,0.54,Non-Auction Ads,Promote
20230807,1773437571522560 ,TR,,,1/1/00 0:00,0.5942,0.1571,6/8/23 0:32,1.53,RIE,Promote Report Recall
20230807,1773438210993150 ,SA,,,1/1/00 0:00,10.8863,7.0825,6/8/23 0:41,0.54,Non-Auction Ads,Promote
20230807,1773437888989180 ,ID,,,1/1/00 0:00,7.1144,3.2638,6/8/23 0:36,0.54,Non-Auction Ads,Promote
20230807,1773437768246270 ,SA,,,1/1/00 0:00,6.3386,4.0146,6/8/23 0:37,0.54,Non-Auction Ads,Promote
20230807,1773437736993790 ,RO,,,1/1/00 0:00,6.2008,2.1693,6/8/23 0:36,0.54,Non-Auction Ads,Promote
20230807,1773438987599870 ,VN,,,1/1/00 0:00,28.2111,15.7039,6/8/23 0:55,0.54,Non-Auction Ads,Promote
20230807,1773434726680600 ,US,US&CA,,1/1/00 0:00,28.2,7.7,6/8/23 0:43,1.81,RIE,Ad Group Recall (Merged)
20230807,1773437948796920 ,ID,,,1/1/00 0:00,8.4894,3.2638,6/8/23 0:38,0.54,Non-Auction Ads,Promote
20230807,1773437552427010 ,BR,,,1/1/00 0:00,3.2482,3.3074,6/8/23 0:39,1.53,RIE,Promote Report Recall
20230807,1773435606400000 ,DE,DE,,1/1/00 0:00,13.4871,12.8474,6/8/23 0:53,1.6,RIE,Ad Group Recall (Merged)
20230807,1773441527827450 ,SA,,,1/1/00 0:00,0.4318,38.4698,6/8/23 1:35,0.54,Non-Auction Ads,Promote
20230807,1773438069314560 ,SA,,,1/1/00 0:00,0,3.4614,6/8/23 0:40,0.54,Non-Auction Ads,Promote
20230807,1773439183625210 ,VN,,,1/1/00 0:00,0.0108,16.8263,6/8/23 0:59,0.54,Non-Auction Ads,Promote
20230807,1773438049595390 ,VN,,,1/1/00 0:00,0.0062,0.6329,6/8/23 0:38,0.54,Non-Auction Ads,Promote
20230807,1773438575535100 ,US,,,1/1/00 0:00,35.56,5.6696,6/8/23 0:47,0.54,Non-Auction Ads,Promote
20230807,1773439440006140 ,SA,,,1/1/00 0:00,152.0421,18.2348,6/8/23 1:02,0.54,Non-Auction Ads,Promote
20230807,1773439440006140 ,SA,,,1/1/00 0:00,152.0421,18.2348,6/8/23 1:02,1.53,RIE,Promote Report Recall
20230807,1773438187203580 ,VN,,,1/1/00 0:00,0.0248,1.9341,6/8/23 0:41,0.54,Non-Auction Ads,Promote
20230807,1773437977974780 ,VN,,,1/1/00 0:00,0.3811,0.5445,6/8/23 0:39,1.53,RIE,Promote Report Recall
20230807,1773438205042690 ,SA,,,1/1/00 0:00,17.7099,1.7754,6/8/23 0:42,0.54,Non-Auction Ads,Promote
20230807,1773439122067450 ,VN,,,1/1/00 0:00,0.0801,11.8419,6/8/23 0:57,0.54,Non-Auction Ads,Promote
20230807,1773438611331070 ,TH,,,1/1/00 0:00,4.8415,4.6045,6/8/23 0:48,0.54,Non-Auction Ads,Promote
20230807,1773440288113680 ,US,,,1/1/00 0:00,116.86,26.978,6/8/23 1:14,0.54,Non-Auction Ads,Promote
20230807,1773438612579320 ,SA,,,1/1/00 0:00,5.0191,5.0485,6/8/23 0:48,0.54,Non-Auction Ads,Promote
20230807,1773438085791740 ,KH,,,1/1/00 0:00,2.5939,0.6173,6/8/23 0:42,0.54,Non-Auction Ads,Promote
20230807,1773438214632450 ,EG,,,1/1/00 0:00,0.9772,0.2606,6/8/23 0:43,1.53,RIE,Promote Report Recall
20230807,1773438744251390 ,TH,,,1/1/00 0:00,18.9925,4.4689,6/8/23 0:50,0.54,Non-Auction Ads,Promote
20230807,1773438671685630 ,EG,,,1/1/00 0:00,5.4095,1.7124,6/8/23 0:48,0.54,Non-Auction Ads,Promote
20230807,1773438703165440 ,SA,,,1/1/00 0:00,19.8187,2.8819,6/8/23 0:50,0.54,Non-Auction Ads,Promote
20230807,1773439357272060 ,SA,,,1/1/00 0:00,0,11.5984,6/8/23 1:00,0.54,Non-Auction Ads,Promote
20230807,1773438559394820 ,GB,,,1/1/00 0:00,8.2618,1.8763,6/8/23 0:49,1.53,RIE,Promote Report Recall
20230807,1773439344365560 ,SA,,,1/1/00 0:00,0.0746,9.5711,6/8/23 1:00,0.54,Non-Auction Ads,Promote
20230807,1773442774389760 ,US,,,1/1/00 0:00,49.52,46.48,6/8/23 1:55,0.54,Non-Auction Ads,Promote
20230807,1773438832262140 ,VN,,,1/1/00 0:00,0,0.9459,6/8/23 0:52,0.54,Non-Auction Ads,Promote
20230807,1773439337434110 ,CA,,,1/1/00 0:00,22.215,7.4768,6/8/23 1:00,0.54,Non-Auction Ads,Promote
20230807,1773438938034170 ,VN,,,1/1/00 0:00,0.0165,1.6567,6/8/23 0:53,0.54,Non-Auction Ads,Promote
20230807,1773440866393090 ,VN,,,1/1/00 0:00,24.7014,22.7993,6/8/23 1:24,0.54,Non-Auction Ads,Promote
20230807,1773462032551970 ,VN,VN,,1/1/00 0:00,,345.7911,6/8/23 6:57,2.14,Auction Ads,auction_relation
20230807,1773401290260480 ,TR,,,1/1/00 0:00,2.7564,1.7943,6/8/23 0:55,0.54,Non-Auction Ads,Promote
20230807,1773439854635010 ,AE,,,1/1/00 0:00,16.8063,10.8241,6/8/23 1:07,0.54,Non-Auction Ads,Promote
20230807,1773439119092730 ,VN,,,1/1/00 0:00,0.0318,1.6889,6/8/23 0:56,0.54,Non-Auction Ads,Promote
20230807,1773439316366330 ,QA,,,1/1/00 0:00,0.129,2.581,6/8/23 0:58,0.54,Non-Auction Ads,Promote
20230807,1773439198403590 ,BR,,,1/1/00 0:00,6.6813,2.1393,6/8/23 0:58,0.54,Non-Auction Ads,Promote
20230807,1773440582441980 ,NL,,,1/1/00 0:00,25.8865,16.4394,6/8/23 1:19,0.54,Non-Auction Ads,Promote
20230807,1773439740305400 ,AU,,,1/1/00 0:00,5.2965,5.0336,6/8/23 1:06,1.53,RIE,Promote Report Recall
20230807,1773439843131390 ,VN,,,1/1/00 0:00,0.8475,6.08,6/8/23 1:07,0.54,Non-Auction Ads,Promote
20230807,1773439881236480 ,VN,,,1/1/00 0:00,1.2196,6.08,6/8/23 1:07,0.54,Non-Auction Ads,Promote
20230807,1773439353034750 ,ID,,,1/1/00 0:00,8.4792,2.0724,6/8/23 1:05,0.54,Non-Auction Ads,Promote
20230807,1773439915524090 ,VN,,,1/1/00 0:00,1.2003,6.08,6/8/23 1:08,0.54,Non-Auction Ads,Promote
20230807,1773439946982400 ,VN,,,1/1/00 0:00,0.0212,6.7369,6/8/23 1:09,0.54,Non-Auction Ads,Promote
20230807,1773440615763960 ,VN,,,1/1/00 0:00,0.088,13.7764,6/8/23 1:20,0.54,Non-Auction Ads,Promote
20230807,1773439858646040 ,TH,TH,,1/1/00 0:00,23.7506,2.7996,6/8/23 1:07,1.64,Auction Ads,auction_relation
20230807,1773439630834690 ,BR,,,1/1/00 0:00,14.3267,1.4432,6/8/23 1:06,0.54,Non-Auction Ads,Promote
20230807,1773439804497920 ,TH,,,1/1/00 0:00,9.9736,1.7434,6/8/23 1:06,0.54,Non-Auction Ads,Promote
20230807,1773439913066490 ,KW,,,1/1/00 0:00,0.6834,3.1125,6/8/23 1:08,0.54,Non-Auction Ads,Promote
20230807,1773439889555450 ,SA,,,1/1/00 0:00,0.7171,4.3253,6/8/23 1:09,0.54,Non-Auction Ads,Promote
20230807,1773440069059580 ,VN,,,1/1/00 0:00,0.1292,6.7369,6/8/23 1:11,0.54,Non-Auction Ads,Promote
20230807,1773439945225210 ,TH,TH,,1/1/00 0:00,4.8102,2.7996,6/8/23 1:08,1.64,Auction Ads,auction_relation
20230807,1773439904365570 ,SA,,,1/1/00 0:00,1.3808,4.3253,6/8/23 1:09,0.54,Non-Auction Ads,Promote
20230807,1773439927154680 ,SA,,,1/1/00 0:00,0.8237,4.3253,6/8/23 1:09,0.54,Non-Auction Ads,Promote
20230807,1773440744392700 ,PE,Other,,1/1/00 0:00,12.8482,7.1422,6/8/23 1:14,1.62,RIE,Ad Group Recall (Merged)
20230807,1773439967451130 ,SA,,,1/1/00 0:00,0.4372,4.3253,6/8/23 1:10,0.54,Non-Auction Ads,Promote
20230807,1773441185058810 ,SA,,,1/1/00 0:00,33.8021,12.1024,6/8/23 1:30,0.54,Non-Auction Ads,Promote
20230807,1773439997713410 ,US,,,1/1/00 0:00,9.26,3.4918,6/8/23 1:10,1.53,RIE,Promote Report Recall
20230807,1773440823925760 ,DE,,,1/1/00 0:00,12.1737,8.7244,6/8/23 1:24,0.54,Non-Auction Ads,Promote
20230807,1773439859216380 ,KH,,,1/1/00 0:00,2.0899,0.7832,6/8/23 1:09,0.54,Non-Auction Ads,Promote
20230807,1773441323630590 ,US,,,1/1/00 0:00,45.73,10.5433,6/8/23 1:30,0.54,Non-Auction Ads,Promote
20230807,1773440129207300 ,ES,,,1/1/00 0:00,0.9025,0.981,6/8/23 1:11,1.53,RIE,Promote Report Recall
20230807,1773462806044720 ,VN,VN,,1/1/00 0:00,,345.7911,6/8/23 7:07,2.14,Auction Ads,auction_relation
20230807,1773440436918320 ,NZ,Other,,1/1/00 0:00,,0.6025,6/8/23 1:14,1.62,RIE,Ad Group Recall (Merged)
20230807,1773440436918320 ,HU,Other,,1/1/00 0:00,,0.6025,6/8/23 1:14,1.62,RIE,Ad Group Recall (Merged)
20230807,1773439062132780 ,US,USCA,,1/1/00 0:00,3.93,19.83,6/8/23 1:45,1.78,Auction Ads,auction_relation
20230807,1773441543624700 ,US,,,1/1/00 0:00,57.13,9.17,6/8/23 1:35,0.54,Non-Auction Ads,Promote
20230807,1773440326505470 ,BR,,,1/1/00 0:00,11.4518,1.3504,6/8/23 1:16,0.54,Non-Auction Ads,Promote
20230807,1773440463378430 ,SA,,,1/1/00 0:00,0.1839,2.1861,6/8/23 1:17,0.54,Non-Auction Ads,Promote
20230807,1773440405959680 ,VN,,,1/1/00 0:00,1.425,1.4516,6/8/23 1:17,0.54,Non-Auction Ads,Promote
20230807,1773440568420350 ,SA,,,1/1/00 0:00,0.032,2.1861,6/8/23 1:19,0.54,Non-Auction Ads,Promote
20230807,1773441632203780 ,BR,,,1/1/00 0:00,0.3386,7.5326,6/8/23 1:37,0.54,Non-Auction Ads,Promote
20230807,1773440741359610 ,PH,,,1/1/00 0:00,9.5029,1.4779,6/8/23 1:21,0.54,Non-Auction Ads,Promote
20230807,1773442209120260 ,CA,,,1/1/00 0:00,73.8193,17.2086,6/8/23 1:46,0.54,Non-Auction Ads,Promote
20230807,1773441028910080 ,SA,,,1/1/00 0:00,1.1756,2.4204,6/8/23 1:26,0.54,Non-Auction Ads,Promote
20230807,1773441550904320 ,SA,,,1/1/00 0:00,18.6889,5.0293,6/8/23 1:34,0.54,Non-Auction Ads,Promote
20230807,1773441091393530 ,SA,,,1/1/00 0:00,0.3332,2.4204,6/8/23 1:27,0.54,Non-Auction Ads,Promote
20230807,1773441095443450 ,TH,,,1/1/00 0:00,17.8588,2.4648,6/8/23 1:28,0.54,Non-Auction Ads,Promote
20230807,1773441041680380 ,VN,,,1/1/00 0:00,0.231,1.6025,6/8/23 1:27,0.54,Non-Auction Ads,Promote
20230807,1773441482592250 ,SA,,,1/1/00 0:00,0.1413,0.8678,6/8/23 1:34,1.53,RIE,Promote Report Recall
20230807,1773444098813950 ,SA,,,1/1/00 0:00,43.9258,36.6654,6/8/23 2:17,0.54,Non-Auction Ads,Promote
20230807,1773441855950840 ,VN,,,1/1/00 0:00,19.4426,4.8506,6/8/23 1:39,0.54,Non-Auction Ads,Promote
20230807,1773441674112000 ,ID,,,1/1/00 0:00,11.4607,4.0756,6/8/23 1:39,0.54,Non-Auction Ads,Promote
20230807,1773441731770430 ,KH,,,1/1/00 0:00,5.1883,1.2326,6/8/23 1:37,0.54,Non-Auction Ads,Promote
20230807,1773441990974460 ,SA,,,1/1/00 0:00,0.6451,5.0954,6/8/23 1:41,0.54,Non-Auction Ads,Promote
20230807,1773441636557820 ,BR,,,1/1/00 0:00,0.4576,2.8446,6/8/23 1:39,0.54,Non-Auction Ads,Promote
20230807,1773442015870970 ,SA,,,1/1/00 0:00,0.5838,5.0954,6/8/23 1:41,0.54,Non-Auction Ads,Promote
20230807,1773441761964030 ,JP,,,1/1/00 0:00,8.5743,1.7674,6/8/23 1:38,1.53,RIE,Promote Report Recall
20230807,1773442034967550 ,SA,,,1/1/00 0:00,0.3599,5.0954,6/8/23 1:42,0.54,Non-Auction Ads,Promote
20230807,1773441667050490 ,ID,,,1/1/00 0:00,1.9732,0.6604,6/8/23 1:38,1.53,RIE,Promote Report Recall
20230807,1773442051880960 ,SA,,,1/1/00 0:00,0.7277,5.0954,6/8/23 1:42,0.54,Non-Auction Ads,Promote
20230807,1773441813047290 ,VN,,,1/1/00 0:00,1.4151,0.5976,6/8/23 1:38,1.53,RIE,Promote Report Recall
20230807,1773442073534460 ,SA,,,1/1/00 0:00,0.6797,5.0954,6/8/23 1:42,0.54,Non-Auction Ads,Promote
20230807,1773442096059390 ,SA,,,1/1/00 0:00,0.781,5.0954,6/8/23 1:43,0.54,Non-Auction Ads,Promote
20230807,1773441812504570 ,MY,,,1/1/00 0:00,7.0275,2.3248,6/8/23 1:40,0.54,Non-Auction Ads,Promote
20230807,1773441797231610 ,VN,,,1/1/00 0:00,0.1845,1.7375,6/8/23 1:39,0.54,Non-Auction Ads,Promote
20230807,1773442112362490 ,SA,,,1/1/00 0:00,1.3674,5.0954,6/8/23 1:43,0.54,Non-Auction Ads,Promote
20230807,1773442177275900 ,US,,,1/1/00 0:00,10.71,9.37,6/8/23 1:46,1.53,RIE,Promote Report Recall
20230807,1773443422960640 ,CA,,,1/1/00 0:00,4.3595,20.7272,6/8/23 2:04,0.54,Non-Auction Ads,Promote
20230807,1773442129082360 ,SA,,,1/1/00 0:00,0.813,5.0954,6/8/23 1:43,0.54,Non-Auction Ads,Promote
20230807,1773442180265980 ,SA,,,1/1/00 0:00,0.2479,5.0954,6/8/23 1:44,0.54,Non-Auction Ads,Promote
20230807,1773442196741120 ,SA,,,1/1/00 0:00,0.8957,5.0954,6/8/23 1:44,0.54,Non-Auction Ads,Promote
20230807,1773442027781120 ,MY,,,1/1/00 0:00,19.0453,4.0067,6/8/23 1:44,0.54,Non-Auction Ads,Promote
20230807,1773442215561210 ,SA,,,1/1/00 0:00,0.6024,5.0954,6/8/23 1:44,0.54,Non-Auction Ads,Promote
20230807,1773442231504890 ,SA,,,1/1/00 0:00,0.6024,5.0954,6/8/23 1:45,0.54,Non-Auction Ads,Promote
20230807,1773442360885240 ,VN,,,1/1/00 0:00,8.6659,7.9313,6/8/23 1:48,0.54,Non-Auction Ads,Promote
20230807,1773442360885240 ,VN,,,1/1/00 0:00,8.6659,7.9313,6/8/23 1:48,0.54,Non-Auction Ads,Promote
20230807,1773443294686210 ,QA,Other,,1/1/00 0:00,16.25,11.995,6/8/23 1:57,1.62,RIE,Ad Group Recall (Merged)
20230807,1773441823116290 ,BR,,,1/1/00 0:00,1.8385,4.3378,6/8/23 1:45,0.54,Non-Auction Ads,Promote
20230807,1773442958535680 ,US,,,1/1/00 0:00,51.47,10.835,6/8/23 1:56,0.54,Non-Auction Ads,Promote
20230807,1773442542371850 ,VN,VN,,1/1/00 0:00,17.0845,7.8077,6/8/23 1:50,2.14,Auction Ads,auction_relation
20230807,1773442218556420 ,BR,,,1/1/00 0:00,11.2453,4.4125,6/8/23 1:46,0.54,Non-Auction Ads,Promote
20230807,1773443314900990 ,GB,,,1/1/00 0:00,51.38,14.2738,6/8/23 2:03,0.54,Non-Auction Ads,Promote
20230807,1773443725632510 ,US,,,1/1/00 0:00,65.61,18.8608,6/8/23 2:09,0.54,Non-Auction Ads,Promote
20230807,1773443587140610 ,US,,,1/1/00 0:00,119.44,15.473,6/8/23 2:07,0.54,Non-Auction Ads,Promote
20230807,1773442678730770 ,EG,,,1/1/00 0:00,0.2598,5.6529,6/8/23 1:53,0.54,Non-Auction Ads,Promote
20230807,1773442927225850 ,SA,,,1/1/00 0:00,19.6826,8.3894,6/8/23 1:57,0.54,Non-Auction Ads,Promote
20230807,1773442355962880 ,VN,,,1/1/00 0:00,0.0938,2.4377,6/8/23 1:48,0.54,Non-Auction Ads,Promote
20230807,1773442359329790 ,KH,,,1/1/00 0:00,1.9593,0.5613,6/8/23 1:47,0.54,Non-Auction Ads,Promote
20230807,1773442400724990 ,SA,,,1/1/00 0:00,0.2079,2.0447,6/8/23 1:48,0.54,Non-Auction Ads,Promote
20230807,1773442750768130 ,US,,,1/1/00 0:00,110.35,6.647,6/8/23 1:57,0.54,Non-Auction Ads,Promote
20230807,1773443670117400 ,SA,MENA,,1/1/00 0:00,3.25,6.8192,6/8/23 1:59,1.67,RIE,Ad Group Recall (Merged)
20230807,1773442613655550 ,EG,,,1/1/00 0:00,0.3657,1.2936,6/8/23 1:52,0.54,Non-Auction Ads,Promote
20230807,1773443038614530 ,ID,,,1/1/00 0:00,6.8647,6.767,6/8/23 2:00,0.54,Non-Auction Ads,Promote
20230807,1773444616232960 ,US,,,1/1/00 0:00,36.25,28.0296,6/8/23 2:23,0.54,Non-Auction Ads,Promote
20230807,1773443291551740 ,SA,,,1/1/00 0:00,1.7993,7.2824,6/8/23 2:02,0.54,Non-Auction Ads,Promote
20230807,1773442626328570 ,ID,,,1/1/00 0:00,6.6174,1.3082,6/8/23 1:53,0.54,Non-Auction Ads,Promote
20230807,1773442707419130 ,VN,,,1/1/00 0:00,8.1917,1.2232,6/8/23 1:53,0.54,Non-Auction Ads,Promote
20230807,1773428651470890 ,AE,MENA,,1/1/00 0:00,26.2108,5.6343,6/8/23 2:00,1.67,RIE,Ad Group Recall (Merged)
20230807,1773442784067620 ,BR,,,1/1/00 0:00,3.1459,0.6519,6/8/23 1:55,1.53,RIE,Promote Report Recall
20230807,1773443940120580 ,CA,,,1/1/00 0:00,30.8499,15.186,6/8/23 2:13,0.54,Non-Auction Ads,Promote
20230807,1773443004539900 ,ID,,,1/1/00 0:00,6.9003,1.0686,6/8/23 1:57,0.54,Non-Auction Ads,Promote
20230807,1773443771806720 ,US,,,1/1/00 0:00,16.15,10.9133,6/8/23 2:10,1.53,RIE,Promote Report Recall
20230807,1773443073296390 ,ES,,,1/1/00 0:00,2.1457,0.981,6/8/23 1:58,1.53,RIE,Promote Report Recall
20230807,1773443493298170 ,MY,,,1/1/00 0:00,7.9846,5.1228,6/8/23 2:06,0.54,Non-Auction Ads,Promote
20230807,1773444165977120 ,US,,,1/1/00 0:00,109.4797,14.2457,6/8/23 2:16,0.54,Non-Auction Ads,Promote
20230807,1773443221208060 ,VN,,,1/1/00 0:00,0.1045,1.3076,6/8/23 2:02,0.54,Non-Auction Ads,Promote
20230807,1773443285711870 ,MY,,,1/1/00 0:00,0.3249,1.5556,6/8/23 2:03,0.54,Non-Auction Ads,Promote
20230807,1773443354173440 ,VN,,,1/1/00 0:00,11.1897,0.3515,6/8/23 2:03,0.54,Non-Auction Ads,Promote
20230807,1773443538834480 ,BE,,,1/1/00 0:00,0.07,3.45,6/8/23 2:07,1.53,RIE,Promote Report Recall
20230807,1773443978512400 ,US,,,1/1/00 0:00,33.21,12.1611,6/8/23 2:16,0.54,Non-Auction Ads,Promote
20230807,1773443610757120 ,VN,,,1/1/00 0:00,17.6618,2.7807,6/8/23 2:07,1.53,RIE,Promote Report Recall
20230807,1773443574224890 ,SA,,,1/1/00 0:00,10.9847,3.3969,6/8/23 2:07,0.54,Non-Auction Ads,Promote
20230807,1773443620934680 ,VN,VN,,1/1/00 0:00,,0.3758,6/8/23 2:04,2.14,Auction Ads,auction_relation
20230807,1773443678215260 ,VN,VN,,1/1/00 0:00,,2.592,6/8/23 2:08,2.14,Auction Ads,auction_relation
20230807,1773443678215260 ,VN,VN,,1/1/00 0:00,,2.592,6/8/23 2:08,2.14,Auction Ads,auction_relation
20230807,1773443753113600 ,SA,,,1/1/00 0:00,9.1808,3.8016,6/8/23 2:10,0.54,Non-Auction Ads,Promote
20230807,1773444653835260 ,VN,,,1/1/00 0:00,21.2388,18.8269,6/8/23 2:24,0.54,Non-Auction Ads,Promote
20230807,1773443776871420 ,SA,,,1/1/00 0:00,11.8858,3.8016,6/8/23 2:10,0.54,Non-Auction Ads,Promote
20230807,1773444827107370 ,VN,VN,,1/1/00 0:00,,3.5641,6/8/23 2:11,2.14,Auction Ads,auction_relation
20230807,1773443836499010 ,SA,,,1/1/00 0:00,12.8669,3.8016,6/8/23 2:11,0.54,Non-Auction Ads,Promote
20230807,1773443893768190 ,SA,,,1/1/00 0:00,14.4685,3.8016,6/8/23 2:12,0.54,Non-Auction Ads,Promote
20230807,1773443672925180 ,VN,,,1/1/00 0:00,5.8114,0.2419,6/8/23 2:09,0.54,Non-Auction Ads,Promote
20230807,1773443929847800 ,MY,,,1/1/00 0:00,11.873,5.1855,6/8/23 2:14,0.54,Non-Auction Ads,Promote
20230807,1773429515128830 ,BR,,,1/1/00 0:00,3.5521,2.9263,6/8/23 2:12,1.53,RIE,Promote Report Recall
20230807,1773444041610240 ,SA,,,1/1/00 0:00,11.3313,3.8016,6/8/23 2:14,0.54,Non-Auction Ads,Promote
20230807,1773444011898880 ,VN,,,1/1/00 0:00,0.9466,2.9478,6/8/23 2:13,0.54,Non-Auction Ads,Promote
20230807,1773444144948220 ,SA,,,1/1/00 0:00,12.5067,3.8016,6/8/23 2:15,0.54,Non-Auction Ads,Promote
20230807,1773443921420290 ,PH,,,1/1/00 0:00,0.4074,0.8447,6/8/23 2:12,1.53,RIE,Promote Report Recall
20230807,1773444920630270 ,US,,,1/1/00 0:00,53.14,14.3461,6/8/23 2:29,0.54,Non-Auction Ads,Promote
20230807,1773444983223290 ,TH,,,1/1/00 0:00,7.3735,15.4743,6/8/23 2:30,0.54,Non-Auction Ads,Promote
20230807,1773444284170240 ,SA,,,1/1/00 0:00,9.6012,3.8016,6/8/23 2:18,1.53,RIE,Promote Report Recall
20230807,1773444094957570 ,SA,,,1/1/00 0:00,4.4568,0.9917,6/8/23 2:15,0.54,Non-Auction Ads,Promote
20230807,1773444244379650 ,MY,,,1/1/00 0:00,1.5851,2.4374,6/8/23 2:17,0.54,Non-Auction Ads,Promote
20230807,1773444796803070 ,SA,,,1/1/00 0:00,0.4523,12.4788,6/8/23 2:27,0.54,Non-Auction Ads,Promote
20230807,1773444268413950 ,BR,,,1/1/00 0:00,9.2541,4.1109,6/8/23 2:19,0.54,Non-Auction Ads,Promote
20230807,1773444327597060 ,US,,,1/1/00 0:00,0.28,3.2233,6/8/23 2:19,0.54,Non-Auction Ads,Promote
20230807,1773444190679040 ,ID,,,1/1/00 0:00,5.1544,1.241,6/8/23 2:17,0.54,Non-Auction Ads,Promote
20230807,1773444526758910 ,PH,,,1/1/00 0:00,7.8232,7.0622,6/8/23 2:23,0.54,Non-Auction Ads,Promote
20230807,1773444813175800 ,SA,,,1/1/00 0:00,2.0419,8.8975,6/8/23 2:26,0.54,Non-Auction Ads,Promote
20230807,1773444323991550 ,PH,,,1/1/00 0:00,0.7821,0.215,6/8/23 2:18,0.54,Non-Auction Ads,Promote
20230807,1773444455143420 ,ID,,,1/1/00 0:00,6.6585,1.2804,6/8/23 2:20,0.54,Non-Auction Ads,Promote
20230807,1773444456115200 ,SA,,,1/1/00 0:00,1.8036,1.4449,6/8/23 2:21,1.53,RIE,Promote Report Recall
20230807,1773444590338090 ,VN,VN,,1/1/00 0:00,1.88,0.4973,6/8/23 2:21,2.14,Auction Ads,auction_relation
20230807,1773444352602110 ,BR,,,1/1/00 0:00,1.1183,0.8444,6/8/23 2:21,0.54,Non-Auction Ads,Promote
20230807,1773444431689720 ,SA,,,1/1/00 0:00,0,2.3543,6/8/23 2:22,0.54,Non-Auction Ads,Promote
20230807,1773444641624090 ,VN,VN,,1/1/00 0:00,0.03,1.036,6/8/23 2:22,2.14,Auction Ads,auction_relation
20230807,1773444641614850 ,VN,VN,,1/1/00 0:00,0.06,1.036,6/8/23 2:22,2.14,Auction Ads,auction_relation
20230807,1773445058956290 ,AE,,,1/1/00 0:00,2.2897,7.983,6/8/23 2:30,0.54,Non-Auction Ads,Promote
20230807,1773444505200640 ,SA,,,1/1/00 0:00,2.8071,0.5396,6/8/23 2:22,1.53,RIE,Promote Report Recall
20230807,1773443743908910 ,GB,GB,,1/1/00 0:00,1.9511,36.3259,6/8/23 3:03,1.76,Auction Ads,auction_relation
20230807,1773445635035140 ,US,,,1/1/00 0:00,51.53,11.412,6/8/23 2:39,0.54,Non-Auction Ads,Promote
20230807,1773444886837240 ,DK,DK,,1/1/00 0:00,0.889,0.6025,6/8/23 2:23,1.31,Auction Ads,auction_relation
20230807,1773444886837240 ,NO,Others,,1/1/00 0:00,0.889,0.6025,6/8/23 2:23,1.56,Auction Ads,auction_all
20230807,1773445368080380 ,AE,,,1/1/00 0:00,2.5401,7.983,6/8/23 2:35,0.54,Non-Auction Ads,Promote
20230807,1773444503182330 ,KH,,,1/1/00 0:00,3.2703,0.9795,6/8/23 2:23,0.54,Non-Auction Ads,Promote
20230807,1773444636018690 ,KH,,,1/1/00 0:00,3.2186,1.3027,6/8/23 2:24,0.54,Non-Auction Ads,Promote
20230807,1773444860990460 ,SA,,,1/1/00 0:00,1.9539,3.9645,6/8/23 2:29,0.54,Non-Auction Ads,Promote
20230807,1773445894997020 ,VN,VN,,1/1/00 0:00,7.067,0.7686,6/8/23 2:25,2.14,Auction Ads,auction_relation
20230807,1773444805699580 ,VN,,,1/1/00 0:00,1.3688,1.4743,6/8/23 2:27,0.54,Non-Auction Ads,Promote
20230807,1773445301193720 ,VN,,,1/1/00 0:00,17.9055,2.2812,6/8/23 2:34,0.54,Non-Auction Ads,Promote
20230807,1773444928908290 ,VN,,,1/1/00 0:00,0.9381,0.6834,6/8/23 2:29,1.53,RIE,Promote Report Recall
20230807,1773445258399740 ,MY,,,1/1/00 0:00,23.7414,2.244,6/8/23 2:34,0.54,Non-Auction Ads,Promote
20230807,1773445852666880 ,PH,,,1/1/00 0:00,8.8205,8.519,6/8/23 2:43,0.54,Non-Auction Ads,Promote
20230807,1773445824968720 ,US,,,1/1/00 0:00,34.64,7.826,6/8/23 2:43,0.54,Non-Auction Ads,Promote
20230807,1773445487017980 ,SA,,,1/1/00 0:00,14.5247,2.8819,6/8/23 2:38,0.54,Non-Auction Ads,Promote
20230807,1773447656295420 ,SA,,,1/1/00 0:00,4.8593,34.3249,6/8/23 3:12,0.54,Non-Auction Ads,Promote
20230807,1773445740182520 ,TH,,,1/1/00 0:00,30.0677,5.1428,6/8/23 2:42,0.54,Non-Auction Ads,Promote
20230807,1773445840504860 ,VN,VN,,1/1/00 0:00,,1.5417,6/8/23 2:35,2.14,Auction Ads,auction_relation
20230807,1773446899834920 ,VN,VN,,1/1/00 0:00,,1.5417,6/8/23 2:35,2.14,Auction Ads,auction_relation
20230807,1773446899834920 ,VN,VN,,1/1/00 0:00,,1.5417,6/8/23 2:35,2.14,Auction Ads,auction_relation
20230807,1773442667791360 ,QA,Others,,1/1/00 0:00,0,15.6314,6/8/23 2:50,1.56,Auction Ads,auction_all
20230807,1773442667791360 ,MA,MA,,1/1/00 0:00,0,15.6314,6/8/23 2:50,1.51,Auction Ads,auction_relation
20230807,1773442667791360 ,SA,MENA,,1/1/00 0:00,0,15.6314,6/8/23 2:50,1.78,Auction Ads,auction_relation
20230807,1773442667791360 ,EG,MENA,,1/1/00 0:00,0,15.6314,6/8/23 2:50,1.78,Auction Ads,auction_relation
20230807,1773442667791360 ,AE,MENA,,1/1/00 0:00,0,15.6314,6/8/23 2:50,1.78,Auction Ads,auction_relation
20230807,1773442667791360 ,KW,Others,,1/1/00 0:00,0,15.6314,6/8/23 2:50,1.56,Auction Ads,auction_all
20230807,1773445550156800 ,TH,,,1/1/00 0:00,15.5785,1.887,6/8/23 2:39,0.54,Non-Auction Ads,Promote
20230807,1773445396491270 ,CA,,,1/1/00 0:00,0.6133,0.7429,6/8/23 2:36,1.53,RIE,Promote Report Recall
20230807,1773445743401980 ,VN,,,1/1/00 0:00,11.0359,1.9625,6/8/23 2:42,0.54,Non-Auction Ads,Promote
20230807,1773445639883770 ,VN,,,1/1/00 0:00,10.4367,0.7519,6/8/23 2:39,0.54,Non-Auction Ads,Promote
20230807,1773445388314620 ,MY,,,1/1/00 0:00,23.5237,2.244,6/8/23 2:43,0.54,Non-Auction Ads,Promote
20230807,1773445895205890 ,US,,,1/1/00 0:00,10.94,7.648,6/8/23 2:46,1.53,RIE,Promote Report Recall
20230807,1773445877232640 ,VN,,,1/1/00 0:00,12.3967,2.104,6/8/23 2:43,0.54,Non-Auction Ads,Promote
20230807,1773445790197760 ,TH,,,1/1/00 0:00,2.1278,0.9933,6/8/23 2:43,0.54,Non-Auction Ads,Promote
20230807,1773445950097410 ,SA,,,1/1/00 0:00,2.4364,2.2919,6/8/23 2:45,0.54,Non-Auction Ads,Promote
20230807,1773445912664080 ,PT,,,1/1/00 0:00,0.4074,0.9121,6/8/23 2:44,1.53,RIE,Promote Report Recall
20230807,1773447950740480 ,SA,,,1/1/00 0:00,34.3619,32.8024,6/8/23 3:17,0.54,Non-Auction Ads,Promote
20230807,1773446735716350 ,SA,,,1/1/00 0:00,11.6297,14.09,6/8/23 2:56,0.54,Non-Auction Ads,Promote
20230807,1773445943983100 ,AE,,,1/1/00 0:00,0.2259,2.2141,6/8/23 2:46,0.54,Non-Auction Ads,Promote
20230807,1773447937942520 ,JP,,,1/1/00 0:00,32.7422,31.8203,6/8/23 3:17,0.54,Non-Auction Ads,Promote
20230807,1773446009675770 ,SA,,,1/1/00 0:00,14.5516,2.2919,6/8/23 2:46,0.54,Non-Auction Ads,Promote
20230807,1773446166203420 ,VN,VN,,1/1/00 0:00,1.7668,0.8057,6/8/23 2:46,2.14,Auction Ads,auction_relation
20230807,1773446166203420 ,VN,VN,,1/1/00 0:00,1.7668,0.8057,6/8/23 2:46,2.14,Auction Ads,auction_relation
20230807,1773447401883650 ,SA,,,1/1/00 0:00,3.1215,23.0015,6/8/23 3:08,0.54,Non-Auction Ads,Promote
20230807,1773446019666940 ,VN,,,1/1/00 0:00,1.6867,1.3411,6/8/23 2:46,0.54,Non-Auction Ads,Promote
20230807,1773446018215930 ,MY,,,1/1/00 0:00,8.7578,3.3525,6/8/23 2:47,0.54,Non-Auction Ads,Promote
20230807,1773446017690620 ,QA,,,1/1/00 0:00,18.7173,1.8006,6/8/23 2:46,0.54,Non-Auction Ads,Promote
20230807,1773446023399420 ,VN,,,1/1/00 0:00,1.9872,0.5954,6/8/23 2:46,1.53,RIE,Promote Report Recall
20230807,1773446603238430 ,VN,VN,,1/1/00 0:00,7.1243,7.3972,6/8/23 2:52,2.14,Auction Ads,auction_relation
20230807,1773446052621310 ,VN,,,1/1/00 0:00,4.0984,1.1251,6/8/23 2:47,0.54,Non-Auction Ads,Promote
20230807,1773446115190780 ,ID,,,1/1/00 0:00,0.1802,0.6887,6/8/23 2:48,1.53,RIE,Promote Report Recall
20230807,1773446536714240 ,SA,,,1/1/00 0:00,6.4001,6.9273,6/8/23 2:55,0.54,Non-Auction Ads,Promote
20230807,1773446343572480 ,DE,,,1/1/00 0:00,0.2312,4.6941,6/8/23 2:51,1.53,RIE,Promote Report Recall
20230807,1773448026655740 ,SA,,,1/1/00 0:00,2.543,28.594,6/8/23 3:18,0.54,Non-Auction Ads,Promote
20230807,1773442157481980 ,ID,,,1/1/00 0:00,1.9078,0.7673,6/8/23 2:48,1.53,RIE,Promote Report Recall
20230807,1773446267610110 ,EG,,,1/1/00 0:00,0.1041,0.7285,6/8/23 2:49,0.54,Non-Auction Ads,Promote
20230807,1773446510341120 ,KH,,,1/1/00 0:00,1.3044,5.0667,6/8/23 2:53,0.54,Non-Auction Ads,Promote
20230807,1773446284127230 ,SA,,,1/1/00 0:00,13.1335,0.7737,6/8/23 2:49,0.54,Non-Auction Ads,Promote
20230807,1773446973091840 ,US,,,1/1/00 0:00,7.96,10.558,6/8/23 3:00,1.53,RIE,Promote Report Recall
20230807,1773446555691010 ,US,,,1/1/00 0:00,40.71,2.3135,6/8/23 2:54,1.53,RIE,Promote Report Recall
20230807,1773446433945600 ,VN,,,1/1/00 0:00,1.2336,0.2947,6/8/23 2:51,0.54,Non-Auction Ads,Promote
20230807,1773447581629440 ,SA,,,1/1/00 0:00,50.2912,15.6672,6/8/23 3:10,0.54,Non-Auction Ads,Promote
20230807,1773446581054530 ,TR,,,1/1/00 0:00,0.228,1.077,6/8/23 2:55,0.54,Non-Auction Ads,Promote
20230807,1773446651603970 ,US,,,1/1/00 0:00,0.86,2.0971,6/8/23 2:56,1.53,RIE,Promote Report Recall
20230807,1773447632802840 ,MA,MA,,1/1/00 0:00,0.0125,4.5349,6/8/23 2:58,1.51,Auction Ads,auction_relation
20230807,1773446603448320 ,ID,,,1/1/00 0:00,2.3961,1.0553,6/8/23 2:56,0.54,Non-Auction Ads,Promote
20230807,1773446650890240 ,VN,,,1/1/00 0:00,1.0018,0.7068,6/8/23 2:56,1.53,RIE,Promote Report Recall
20230807,1773446519226370 ,BR,,,1/1/00 0:00,3.8329,2.405,6/8/23 2:58,0.54,Non-Auction Ads,Promote
20230807,1773454703636480 ,SA,,,1/1/00 0:00,144.4948,113.0557,6/8/23 5:04,0.54,Non-Auction Ads,Promote
20230807,1773454703636480 ,SA,,,1/1/00 0:00,144.4948,113.0557,6/8/23 5:04,1.53,RIE,Promote Report Recall
20230807,1773446796693510 ,CA,,,1/1/00 0:00,1.6824,1.7445,6/8/23 2:57,1.53,RIE,Promote Report Recall
20230807,1773446748572670 ,ID,,,1/1/00 0:00,8.0412,0.3635,6/8/23 2:57,0.54,Non-Auction Ads,Promote
20230807,1773447010529280 ,MY,,,1/1/00 0:00,3.0275,3.8011,6/8/23 3:02,0.54,Non-Auction Ads,Promote
20230807,1773447041103870 ,VN,VN,,1/1/00 0:00,0.3538,1.0804,6/8/23 2:59,2.13,RIE,Ad Group Recall (Merged)
20230807,1773447252081660 ,SA,,,1/1/00 0:00,6.1416,6.2486,6/8/23 3:06,0.54,Non-Auction Ads,Promote
20230807,1773447184741420 ,ID,ID,,1/1/00 0:00,10.5839,2.5337,6/8/23 3:02,2.05,RIE,Ad Group Recall (Merged)
20230807,1773447456313350 ,US,,,1/1/00 0:00,105.59,7.9095,6/8/23 3:08,0.54,Non-Auction Ads,Promote
20230807,1773447142512670 ,VN,VN,,1/1/00 0:00,0.7181,1.0804,6/8/23 3:02,2.13,RIE,Ad Group Recall (Merged)
20230807,1773447119443970 ,SA,,,1/1/00 0:00,10.3026,1.4127,6/8/23 3:02,0.54,Non-Auction Ads,Promote
20230807,1773447402696700 ,VN,,,1/1/00 0:00,29.4666,6.6587,6/8/23 3:08,0.54,Non-Auction Ads,Promote
20230807,1773447103095840 ,BR,,,1/1/00 0:00,7.8444,1.9222,6/8/23 3:03,1.53,RIE,Promote Report Recall
20230807,1773447222779900 ,RO,,,1/1/00 0:00,0.0133,0.6451,6/8/23 3:05,1.53,RIE,Promote Report Recall
20230807,1773447333579770 ,TR,,,1/1/00 0:00,0.2414,1.856,6/8/23 3:07,0.54,Non-Auction Ads,Promote
20230807,1773447232514050 ,SA,,,1/1/00 0:00,10.9453,1.059,6/8/23 3:06,0.54,Non-Auction Ads,Promote
20230807,1773447368411130 ,VN,,,1/1/00 0:00,1.7815,1.6216,6/8/23 3:07,1.53,RIE,Promote Report Recall
20230807,1773447376658430 ,ID,,,1/1/00 0:00,1.9841,1.0259,6/8/23 3:07,1.53,RIE,Promote Report Recall
20230807,1773448289572860 ,TH,,,1/1/00 0:00,10.2818,12.9741,6/8/23 3:22,0.54,Non-Auction Ads,Promote
20230807,1773447434455040 ,BR,,,1/1/00 0:00,3.9705,2.2123,6/8/23 3:08,0.54,Non-Auction Ads,Promote
20230807,1773447722370100 ,BR,,,1/1/00 0:00,20.168,4.277,6/8/23 3:12,0.54,Non-Auction Ads,Promote
20230807,1773447354855420 ,PH,,,1/1/00 0:00,0.1302,0.1642,6/8/23 3:08,1.53,RIE,Promote Report Recall
20230807,1773447618713630 ,US,,,1/1/00 0:00,5.68,2.505,6/8/23 3:12,0.54,Non-Auction Ads,Promote
20230807,1773447657376760 ,SA,,,1/1/00 0:00,1.4847,3.6908,6/8/23 3:12,0.54,Non-Auction Ads,Promote
20230807,1773447842414590 ,SA,,,1/1/00 0:00,1.25,6.6494,6/8/23 3:16,0.54,Non-Auction Ads,Promote
20230807,1773451342282800 ,US,,,1/1/00 0:00,24.35,41.9782,6/8/23 4:10,0.54,Non-Auction Ads,Promote
20230807,1773447605805060 ,EG,,,1/1/00 0:00,5.9546,1.0494,6/8/23 3:12,0.54,Non-Auction Ads,Promote
20230807,1773448107851770 ,VN,,,1/1/00 0:00,2.0168,7.4663,6/8/23 3:19,0.54,Non-Auction Ads,Promote
20230807,1773449590633470 ,US,,,1/1/00 0:00,21.08,17.3186,6/8/23 3:42,0.54,Non-Auction Ads,Promote
20230807,1773447871464490 ,VN,VN,,1/1/00 0:00,2.9652,1.2387,6/8/23 3:13,2.14,Auction Ads,auction_relation
20230807,1773447665556480 ,PH,,,1/1/00 0:00,0.9593,0.2653,6/8/23 3:12,1.53,RIE,Promote Report Recall
20230807,1773447706800120 ,TH,,,1/1/00 0:00,1.654,1.0476,6/8/23 3:13,1.53,RIE,Promote Report Recall
20230807,1773447897153530 ,MY,,,1/1/00 0:00,9.2229,2.0134,6/8/23 3:16,0.54,Non-Auction Ads,Promote
20230807,1773447905312860 ,VN,VN,,1/1/00 0:00,,0.6503,6/8/23 3:14,2.14,Auction Ads,auction_relation
20230807,1773447896936440 ,VN,VN,,1/1/00 0:00,,0.6503,6/8/23 3:14,2.14,Auction Ads,auction_relation
20230807,1773447838982140 ,ID,,,1/1/00 0:00,1.2524,0.5396,6/8/23 3:15,0.54,Non-Auction Ads,Promote
20230807,1773448558650360 ,SA,,,1/1/00 0:00,3.2494,6.2654,6/8/23 3:26,0.54,Non-Auction Ads,Promote
20230807,1773448713393160 ,KH,Other,,1/1/00 0:00,9.827,1.7281,6/8/23 3:17,1.62,RIE,Ad Group Recall (Merged)
20230807,1773448880189440 ,ID,,,1/1/00 0:00,1.3906,9.476,6/8/23 3:33,0.54,Non-Auction Ads,Promote
20230807,1773448763727890 ,VN,VN,,1/1/00 0:00,3.4632,6.0751,6/8/23 3:28,2.13,RIE,Ad Group Recall (Merged)
20230807,1773449983134720 ,US,,,1/1/00 0:00,108.06,19.0817,6/8/23 3:49,0.54,Non-Auction Ads,Promote
20230807,1773448256091130 ,SA,,,1/1/00 0:00,4.049,2.8965,6/8/23 3:22,0.54,Non-Auction Ads,Promote
20230807,1773447962940450 ,RO,,,1/1/00 0:00,2.1756,0.7482,6/8/23 3:18,1.53,RIE,Promote Report Recall
20230807,1773449211338750 ,US,,,1/1/00 0:00,1.95,9.92,6/8/23 3:38,1.53,RIE,Promote Report Recall
20230807,1773448171568120 ,TR,,,1/1/00 0:00,2.1463,0.5702,6/8/23 3:21,0.54,Non-Auction Ads,Promote
20230807,1773448679693310 ,TH,,,1/1/00 0:00,1.4675,5.1498,6/8/23 3:29,0.54,Non-Auction Ads,Promote
20230807,1773448363789310 ,KW,,,1/1/00 0:00,0.5369,2.0063,6/8/23 3:23,0.54,Non-Auction Ads,Promote
20230807,1773448142493740 ,CO,Other,,1/1/00 0:00,89.33,36.2633,6/8/23 4:15,1.62,RIE,Ad Group Recall (Merged)
20230807,1773449107103740 ,SA,,,1/1/00 0:00,5.7124,7.4815,6/8/23 3:35,0.54,Non-Auction Ads,Promote
20230807,1773448766192640 ,US,,,1/1/00 0:00,0.75,4.25,6/8/23 3:30,0.54,Non-Auction Ads,Promote
20230807,1773448618330110 ,PH,,,1/1/00 0:00,4.061,3.3232,6/8/23 3:29,0.54,Non-Auction Ads,Promote
20230807,1773448838794240 ,VN,,,1/1/00 0:00,5.1495,4.5526,6/8/23 3:31,0.54,Non-Auction Ads,Promote
20230807,1773449630999550 ,SA,,,1/1/00 0:00,7.0557,9.8216,6/8/23 3:43,0.54,Non-Auction Ads,Promote
20230807,1773448660908030 ,VN,,,1/1/00 0:00,4.5599,1.6123,6/8/23 3:27,0.54,Non-Auction Ads,Promote
20230807,1773448619737090 ,ID,,,1/1/00 0:00,5.9864,1.1485,6/8/23 3:28,0.54,Non-Auction Ads,Promote
20230807,1773449686961150 ,SA,,,1/1/00 0:00,7.2663,9.8216,6/8/23 3:44,0.54,Non-Auction Ads,Promote
20230807,1773449686961150 ,SA,,,1/1/00 0:00,7.2663,9.8216,6/8/23 3:44,0.54,Non-Auction Ads,Promote
20230807,1773448987150330 ,VN,,,1/1/00 0:00,2.886,1.8381,6/8/23 3:33,0.54,Non-Auction Ads,Promote
20230807,1773448814534660 ,BR,,,1/1/00 0:00,2.1771,2.1849,6/8/23 3:33,0.54,Non-Auction Ads,Promote
20230807,1773449722346490 ,SA,,,1/1/00 0:00,6.9411,9.8216,6/8/23 3:45,0.54,Non-Auction Ads,Promote
20230807,1773448467902480 ,PE,Other,,1/1/00 0:00,97.26,36.2633,6/8/23 4:21,1.62,RIE,Ad Group Recall (Merged)
20230807,1773451237654540 ,TH,TH,,1/1/00 0:00,35.8536,24.3644,6/8/23 4:04,1.64,Auction Ads,auction_relation
20230807,1773451237654540 ,TH,TH,,1/1/00 0:00,35.8536,24.3644,6/8/23 4:04,1.64,Auction Ads,auction_relation
20230807,1773448969629690 ,VN,,,1/1/00 0:00,2.3293,1.6889,6/8/23 3:33,0.54,Non-Auction Ads,Promote
20230807,1773448959404090 ,VN,,,1/1/00 0:00,1.504,0.4563,6/8/23 3:33,1.53,RIE,Promote Report Recall
20230807,1773450368475130 ,KW,,,1/1/00 0:00,4.4092,14.2633,6/8/23 3:55,0.54,Non-Auction Ads,Promote
20230807,1773449652878330 ,SA,,,1/1/00 0:00,3.1401,4.5283,6/8/23 3:44,0.54,Non-Auction Ads,Promote
20230807,1773449976783870 ,AE,,,1/1/00 0:00,1.0755,9.7048,6/8/23 3:50,0.54,Non-Auction Ads,Promote
20230807,1773450776760320 ,US,,,1/1/00 0:00,27.67,19.7272,6/8/23 4:03,0.54,Non-Auction Ads,Promote
20230807,1773449426893820 ,PH,,,1/1/00 0:00,9.1992,2.8452,6/8/23 3:42,0.54,Non-Auction Ads,Promote
20230807,1773450922487800 ,SA,,,1/1/00 0:00,46.5862,19.9434,6/8/23 4:03,0.54,Non-Auction Ads,Promote
20230807,1773449329330170 ,VN,,,1/1/00 0:00,1.062,1.2936,6/8/23 3:39,0.54,Non-Auction Ads,Promote
20230807,1773449598045180 ,VN,,,1/1/00 0:00,19.0079,4.2221,6/8/23 3:44,0.54,Non-Auction Ads,Promote
20230807,1773449446118400 ,CA,,,1/1/00 0:00,11.5745,1.6004,6/8/23 3:41,1.53,RIE,Promote Report Recall
20230807,1773449622093820 ,IT,,,1/1/00 0:00,17.9615,3.1408,6/8/23 3:44,0.54,Non-Auction Ads,Promote
20230807,1773034777566250 ,CL,Others,,1/1/00 0:00,231.47,16.5137,6/8/23 4:00,1.53,Non-Auction Ads,R&F
20230807,1773450132156410 ,SA,,,1/1/00 0:00,15.4177,9.8216,6/8/23 3:52,0.54,Non-Auction Ads,Promote
20230807,1773450250918910 ,SA,,,1/1/00 0:00,7.8368,9.8216,6/8/23 3:53,0.54,Non-Auction Ads,Promote
20230807,1773449719138300 ,SA,,,1/1/00 0:00,0.8237,3.9382,6/8/23 3:45,0.54,Non-Auction Ads,Promote
20230807,1773449657989120 ,VN,,,1/1/00 0:00,0.7841,0.4292,6/8/23 3:44,0.54,Non-Auction Ads,Promote
20230807,1773449809985530 ,TH,,,1/1/00 0:00,10.4307,1.1747,6/8/23 3:45,0.54,Non-Auction Ads,Promote
20230807,1773449580305400 ,ID,,,1/1/00 0:00,10.1581,0.542,6/8/23 3:45,0.54,Non-Auction Ads,Promote
20230807,1773449847932920 ,SA,,,1/1/00 0:00,5.158,1.3947,6/8/23 3:48,0.54,Non-Auction Ads,Promote
20230807,1773450272560130 ,ID,,,1/1/00 0:00,1.5422,5.0356,6/8/23 3:55,0.54,Non-Auction Ads,Promote
20230807,1773450052780030 ,ID,,,1/1/00 0:00,4.5084,0.5095,6/8/23 3:49,0.54,Non-Auction Ads,Promote
20230807,1773450141564930 ,US,,,1/1/00 0:00,0.98,1.9635,6/8/23 3:52,1.53,RIE,Promote Report Recall
20230807,1773451445799990 ,US,,,1/1/00 0:00,21.86,18.0121,6/8/23 4:13,0.54,Non-Auction Ads,Promote
20230807,1773449916271610 ,TR,,,1/1/00 0:00,0.1305,0.2657,6/8/23 3:51,0.54,Non-Auction Ads,Promote
20230807,1773450325109760 ,PH,,,1/1/00 0:00,19.7576,1.7449,6/8/23 3:54,0.54,Non-Auction Ads,Promote
20230807,1773450377725950 ,PH,,,1/1/00 0:00,19.4898,1.7449,6/8/23 3:55,0.54,Non-Auction Ads,Promote
20230807,1773410849166370 ,NO,Others,,1/1/00 0:00,7.6069,5.9823,6/8/23 4:00,1.56,Auction Ads,auction_all
20230807,1773410849166370 ,DK,DK,,1/1/00 0:00,7.6069,5.9823,6/8/23 4:00,1.31,Auction Ads,auction_relation
20230807,1773450533743610 ,SA,,,1/1/00 0:00,13.3785,3.8543,6/8/23 3:58,0.54,Non-Auction Ads,Promote
20230807,1773450371856380 ,MY,,,1/1/00 0:00,18.4791,2.8898,6/8/23 3:57,0.54,Non-Auction Ads,Promote
20230807,1773450431916030 ,AE,,,1/1/00 0:00,9.4693,2.443,6/8/23 3:56,0.54,Non-Auction Ads,Promote
20230807,1773450288209920 ,PH,,,1/1/00 0:00,0.0964,0.1446,6/8/23 3:54,1.53,RIE,Promote Report Recall
20230807,1773450678075390 ,SA,,,1/1/00 0:00,0,5.5886,6/8/23 4:01,0.54,Non-Auction Ads,Promote
20230807,1773450805863420 ,SA,,,1/1/00 0:00,6.9091,7.014,6/8/23 4:02,0.54,Non-Auction Ads,Promote
20230807,1773450574022650 ,MY,,,1/1/00 0:00,7.1747,1.4829,6/8/23 3:57,0.54,Non-Auction Ads,Promote
20230807,1773452123022330 ,VN,VN,,1/1/00 0:00,,1.6852,6/8/23 3:58,2.14,Auction Ads,auction_relation
20230807,1773450668953630 ,BR,,,1/1/00 0:00,6.1579,3.5788,6/8/23 4:01,0.54,Non-Auction Ads,Promote
20230807,1773451600196610 ,US,,,1/1/00 0:00,114.14,12.758,6/8/23 4:14,0.54,Non-Auction Ads,Promote
20230807,1773450556781570 ,KR,,,1/1/00 0:00,0.9223,0.5879,6/8/23 3:58,1.53,RIE,Promote Report Recall
20230807,1773450889316350 ,VN,,,1/1/00 0:00,0.3643,3.7117,6/8/23 4:03,1.53,RIE,Promote Report Recall
20230807,1773450768411650 ,BR,,,1/1/00 0:00,0.6237,0.6597,6/8/23 4:02,1.53,RIE,Promote Report Recall
20230807,1773450964402170 ,VN,,,1/1/00 0:00,2.6923,2.0712,6/8/23 4:04,0.54,Non-Auction Ads,Promote
20230807,1773451627355130 ,AU,,,1/1/00 0:00,6.9269,8.3488,6/8/23 4:15,1.53,RIE,Promote Report Recall
20230807,1773451051323390 ,VN,,,1/1/00 0:00,2.5125,2.9127,6/8/23 4:05,0.54,Non-Auction Ads,Promote
20230807,1773450967759870 ,VN,,,1/1/00 0:00,3.5542,1.1839,6/8/23 4:04,1.53,RIE,Promote Report Recall
20230807,1773450805603330 ,BR,,,1/1/00 0:00,6.3368,1.7136,6/8/23 4:05,0.54,Non-Auction Ads,Promote
20230807,1773451067589630 ,MY,,,1/1/00 0:00,7.291,2.6265,6/8/23 4:06,0.54,Non-Auction Ads,Promote
20230807,1773473906830380 ,US,USCA,,1/1/00 0:00,0.95,2.0845,6/8/23 4:08,1.78,Auction Ads,auction_relation
20230807,1773451044470780 ,KH,,,1/1/00 0:00,4.5033,0.7301,6/8/23 4:05,0.54,Non-Auction Ads,Promote
20230807,1773454775822330 ,SA,,,1/1/00 0:00,156.0475,63.5952,6/8/23 5:05,0.54,Non-Auction Ads,Promote
20230807,1773451730564090 ,SG,,,1/1/00 0:00,10.4953,7.6991,6/8/23 4:18,1.53,RIE,Promote Report Recall
20230807,1773451208328190 ,SA,,,1/1/00 0:00,16.2149,2.2169,6/8/23 4:08,0.54,Non-Auction Ads,Promote
20230807,1773451229941760 ,VN,,,1/1/00 0:00,4.0571,0.9516,6/8/23 4:08,0.54,Non-Auction Ads,Promote
20230807,1773451150593020 ,TH,,,1/1/00 0:00,17.2283,2.9181,6/8/23 4:11,0.54,Non-Auction Ads,Promote
20230807,1773451512081400 ,SA,,,1/1/00 0:00,3.3347,3.9645,6/8/23 4:14,0.54,Non-Auction Ads,Promote
20230807,1773451191479290 ,TH,,,1/1/00 0:00,21.9557,1.0837,6/8/23 4:08,0.54,Non-Auction Ads,Promote
20230807,1773487054044210 ,SG,SG,,1/1/00 0:00,4.0758,10.764,6/8/23 4:25,1.94,Auction Ads,auction_relation
20230807,1773452415758330 ,SA,,,1/1/00 0:00,13.264,12.1205,6/8/23 4:28,0.54,Non-Auction Ads,Promote
20230807,1773452342649850 ,VN,,,1/1/00 0:00,7.8972,9.8135,6/8/23 4:26,0.54,Non-Auction Ads,Promote
20230807,1773450786688040 ,FR,FR,,1/1/00 0:00,44.3363,4.8008,6/8/23 4:18,1.97,Auction Ads,auction_relation
20230807,1773451696261120 ,MY,,,1/1/00 0:00,3.1944,1.9214,6/8/23 4:16,0.54,Non-Auction Ads,Promote
20230807,1773453306630190 ,VN,VN,,1/1/00 0:00,,0.7686,6/8/23 4:16,2.14,Auction Ads,auction_relation
20230807,1773451696088070 ,KW,,,1/1/00 0:00,9.98,1.9959,6/8/23 4:16,1.53,RIE,Promote Report Recall
20230807,1773452862070780 ,SA,,,1/1/00 0:00,18.891,13.4944,6/8/23 4:34,0.54,Non-Auction Ads,Promote
20230807,1773450412009470 ,TH,,,1/1/00 0:00,1.9237,0.3913,6/8/23 4:16,1.53,RIE,Promote Report Recall
20230807,1773451867626490 ,VN,,,1/1/00 0:00,7.4507,2.7807,6/8/23 4:18,1.53,RIE,Promote Report Recall
20230807,1773451780182010 ,ID,,,1/1/00 0:00,3.157,1.0569,6/8/23 4:17,0.54,Non-Auction Ads,Promote
20230807,1773451966641150 ,US,,,1/1/00 0:00,5.3,1.9914,6/8/23 4:21,1.53,RIE,Promote Report Recall
20230807,1773451714603000 ,TH,,,1/1/00 0:00,9.7447,0.9928,6/8/23 4:20,0.54,Non-Auction Ads,Promote
20230807,1773453215198210 ,MY,,,1/1/00 0:00,23.4382,13.5886,6/8/23 4:41,0.54,Non-Auction Ads,Promote
20230807,1773451968883710 ,VN,,,1/1/00 0:00,2.829,1.2643,6/8/23 4:21,0.54,Non-Auction Ads,Promote
20230807,1773452414093310 ,PH,,,1/1/00 0:00,7.95,4.2008,6/8/23 4:27,0.54,Non-Auction Ads,Promote
20230807,1773452059389950 ,VN,,,1/1/00 0:00,13.3089,1.4379,6/8/23 4:21,0.54,Non-Auction Ads,Promote
20230807,1773453300939770 ,VN,,,1/1/00 0:00,3.3483,13.4887,6/8/23 4:41,0.54,Non-Auction Ads,Promote
20230807,1773452477871110 ,PH,,,1/1/00 0:00,2.2895,4.0349,6/8/23 4:29,1.53,RIE,Promote Report Recall
20230807,1773452146456580 ,HU,,,1/1/00 0:00,0.5196,0.4901,6/8/23 4:23,1.53,RIE,Promote Report Recall
20230807,1773452335562750 ,ID,,,1/1/00 0:00,6.0904,2.8235,6/8/23 4:28,0.54,Non-Auction Ads,Promote
20230807,1773452392398850 ,VN,,,1/1/00 0:00,1.5094,1.3599,6/8/23 4:26,0.54,Non-Auction Ads,Promote
20230807,1773452885587960 ,MY,,,1/1/00 0:00,3.2998,8.8416,6/8/23 4:37,0.54,Non-Auction Ads,Promote
20230807,1773452531667970 ,VN,,,1/1/00 0:00,2.5213,1.9439,6/8/23 4:28,0.54,Non-Auction Ads,Promote
20230807,1773453414126590 ,MY,,,1/1/00 0:00,3.37,18.8037,6/8/23 4:46,0.54,Non-Auction Ads,Promote
20230807,1773460118648830 ,US,,,1/1/00 0:00,37.9,151.82,6/8/23 6:33,1.53,RIE,Promote Report Recall
20230807,1773452832471040 ,TH,,,1/1/00 0:00,32.6245,4.1797,6/8/23 4:33,0.54,Non-Auction Ads,Promote
20230807,1773452664355840 ,BR,,,1/1/00 0:00,3.8084,1.8044,6/8/23 4:32,0.54,Non-Auction Ads,Promote
20230807,1773453480392720 ,IT,,,1/1/00 0:00,21.7475,15.1481,6/8/23 4:44,0.54,Non-Auction Ads,Promote
20230807,1773452873529340 ,VN,VN,,1/1/00 0:00,,0.6515,6/8/23 4:31,2.14,Auction Ads,auction_relation
20230807,1773452873529340 ,VN,VN,,1/1/00 0:00,,0.6515,6/8/23 4:31,2.14,Auction Ads,auction_relation
20230807,1773452692006910 ,SA,,,1/1/00 0:00,12.5175,1.3931,6/8/23 4:32,0.54,Non-Auction Ads,Promote
20230807,1773452834828280 ,VN,,,1/1/00 0:00,31.5674,2.9767,6/8/23 4:33,0.54,Non-Auction Ads,Promote
20230807,1773453187881980 ,TH,,,1/1/00 0:00,14.0427,7.9138,6/8/23 4:41,0.54,Non-Auction Ads,Promote
20230807,1773452736257020 ,SA,,,1/1/00 0:00,13.9702,1.3857,6/8/23 4:33,0.54,Non-Auction Ads,Promote
20230807,1773452810667000 ,SA,,,1/1/00 0:00,0,1.2433,6/8/23 4:33,0.54,Non-Auction Ads,Promote
20230807,1773452790635520 ,VN,,,1/1/00 0:00,0.9854,0.3912,6/8/23 4:33,1.53,RIE,Promote Report Recall
20230807,1773453119837180 ,VN,,,1/1/00 0:00,2.9757,3.3657,6/8/23 4:38,0.54,Non-Auction Ads,Promote
20230807,1773452717888510 ,ID,,,1/1/00 0:00,1.9866,1.6412,6/8/23 4:35,1.53,RIE,Promote Report Recall
20230807,1773453253024770 ,TH,,,1/1/00 0:00,21.818,6.5569,6/8/23 4:42,0.54,Non-Auction Ads,Promote
20230807,1773452810589180 ,PH,,,1/1/00 0:00,0.9279,0.1697,6/8/23 4:34,1.53,RIE,Promote Report Recall
20230807,1773452964876290 ,MY,,,1/1/00 0:00,1.2295,0.9464,6/8/23 4:36,1.53,RIE,Promote Report Recall
20230807,1773454349395960 ,VN,,,1/1/00 0:00,58.0497,29.7704,6/8/23 4:59,0.54,Non-Auction Ads,Promote
20230807,1773453092885510 ,US,,,1/1/00 0:00,4.82,1.643,6/8/23 4:39,0.54,Non-Auction Ads,Promote
20230807,1773453342959610 ,SA,,,1/1/00 0:00,19.0293,3.6491,6/8/23 4:41,0.54,Non-Auction Ads,Promote
20230807,1773453300153340 ,VN,,,1/1/00 0:00,1.9157,1.5176,6/8/23 4:41,0.54,Non-Auction Ads,Promote
20230807,1773453737199610 ,VN,,,1/1/00 0:00,17.8738,13.6913,6/8/23 4:49,0.54,Non-Auction Ads,Promote
20230807,1773453304049660 ,PH,,,1/1/00 0:00,9.402,1.6014,6/8/23 4:41,0.54,Non-Auction Ads,Promote
20230807,1773453255746560 ,SA,,,1/1/00 0:00,38.3332,3.3817,6/8/23 4:42,0.54,Non-Auction Ads,Promote
20230807,1773454600447000 ,QA,Others,,1/1/00 0:00,4.0576,4.2757,6/8/23 4:43,1.56,Auction Ads,auction_all
20230807,1773454600447000 ,MA,MA,,1/1/00 0:00,4.0576,4.2757,6/8/23 4:43,1.51,Auction Ads,auction_relation
20230807,1773454600447000 ,EG,MENA,,1/1/00 0:00,4.0576,4.2757,6/8/23 4:43,1.78,Auction Ads,auction_relation
20230807,1773453237583870 ,ID,,,1/1/00 0:00,10.9035,0.5032,6/8/23 4:41,0.54,Non-Auction Ads,Promote
20230807,1773453262090240 ,ID,,,1/1/00 0:00,17.9559,2.3828,6/8/23 4:43,0.54,Non-Auction Ads,Promote
20230807,1773453424848910 ,VN,VN,,1/1/00 0:00,,0.7686,6/8/23 4:41,2.14,Auction Ads,auction_relation
20230807,1773453560343550 ,TH,,,1/1/00 0:00,17.1305,6.0239,6/8/23 4:45,0.54,Non-Auction Ads,Promote
20230807,1773453313403900 ,SA,,,1/1/00 0:00,17.5661,3.3817,6/8/23 4:43,0.54,Non-Auction Ads,Promote
20230807,1773453304307710 ,MY,,,1/1/00 0:00,15.831,4.0067,6/8/23 4:43,0.54,Non-Auction Ads,Promote
20230807,1773453433264120 ,VN,,,1/1/00 0:00,2.5254,2.568,6/8/23 4:43,0.54,Non-Auction Ads,Promote
20230807,1773453506597920 ,SA,MENA,,1/1/00 0:00,,1.8865,6/8/23 4:43,1.78,Auction Ads,auction_relation
20230807,1773453363346430 ,SA,,,1/1/00 0:00,19.5119,3.3817,6/8/23 4:44,0.54,Non-Auction Ads,Promote
20230807,1773453622751230 ,VN,,,1/1/00 0:00,3.7318,5.8083,6/8/23 4:47,0.54,Non-Auction Ads,Promote
20230807,1773453643446270 ,SA,,,1/1/00 0:00,12.2457,3.2534,6/8/23 4:46,0.54,Non-Auction Ads,Promote
20230807,1773453461607420 ,TH,,,1/1/00 0:00,15.0684,2.3352,6/8/23 4:45,0.54,Non-Auction Ads,Promote
20230807,1773454337917950 ,JP,,,1/1/00 0:00,52.0053,18.3889,6/8/23 4:58,0.54,Non-Auction Ads,Promote
20230807,1773453474753530 ,VN,,,1/1/00 0:00,2.8503,0.6693,6/8/23 4:44,0.54,Non-Auction Ads,Promote
20230807,1773453487959040 ,SA,,,1/1/00 0:00,10.1904,3.3817,6/8/23 4:47,0.54,Non-Auction Ads,Promote
20230807,1773453547557890 ,ID,,,1/1/00 0:00,6.9571,1.1041,6/8/23 4:47,0.54,Non-Auction Ads,Promote
20230807,1773453679747070 ,MY,,,1/1/00 0:00,7.6201,2.3169,6/8/23 4:48,0.54,Non-Auction Ads,Promote
20230807,1773453959503900 ,VN,VN,,1/1/00 0:00,,3.3804,6/8/23 4:49,2.14,Auction Ads,auction_relation
20230807,1773453759178750 ,US,,,1/1/00 0:00,0.27,2.0761,6/8/23 4:49,0.54,Non-Auction Ads,Promote
20230807,1773453740561400 ,SA,,,1/1/00 0:00,3.3322,0.7807,6/8/23 4:49,1.53,RIE,Promote Report Recall
20230807,1773435886394370 ,US,US&CA,,1/1/00 0:00,23.47,18.4923,6/8/23 5:00,1.81,RIE,Ad Group Recall (Merged)
20230807,1773453939480580 ,US,,,1/1/00 0:00,48.86,9.6368,6/8/23 4:53,0.54,Non-Auction Ads,Promote
20230807,1773454073413650 ,KH,KH,,1/1/00 0:00,23.99,5.233,6/8/23 4:50,1.5,Auction Ads,auction_relation
20230807,1773454073413650 ,KZ,KZ,,1/1/00 0:00,23.99,5.233,6/8/23 4:50,2,Auction Ads,auction_relation
20230807,1773454073413650 ,HU,Others,,1/1/00 0:00,23.99,5.233,6/8/23 4:50,1.56,Auction Ads,auction_all
20230807,1773454073413650 ,MY,MY,,1/1/00 0:00,23.99,5.233,6/8/23 4:50,2.31,Auction Ads,auction_relation
20230807,1773454073413650 ,NO,Others,,1/1/00 0:00,23.99,5.233,6/8/23 4:50,1.56,Auction Ads,auction_all
20230807,1773454073413650 ,PK,PK,,1/1/00 0:00,23.99,5.233,6/8/23 4:50,1.36,Auction Ads,auction_relation
20230807,1773454073413650 ,PL,PL,,1/1/00 0:00,23.99,5.233,6/8/23 4:50,1.64,Auction Ads,auction_relation
20230807,1773454073413650 ,PT,PT,,1/1/00 0:00,23.99,5.233,6/8/23 4:50,1.98,Auction Ads,auction_relation
20230807,1773454073413650 ,EC,Other,,1/1/00 0:00,23.99,5.233,6/8/23 4:50,1.62,RIE,Ad Group Recall (Merged)
20230807,1773454073413650 ,FR,FR,,1/1/00 0:00,23.99,5.233,6/8/23 4:50,1.97,Auction Ads,auction_relation
20230807,1773454073413650 ,DK,DK,,1/1/00 0:00,23.99,5.233,6/8/23 4:50,1.31,Auction Ads,auction_relation
20230807,1773454073413650 ,IL,IL,,1/1/00 0:00,23.99,5.233,6/8/23 4:50,1.52,Auction Ads,auction_relation
20230807,1773454073413650 ,KH,KH,,1/1/00 0:00,23.99,5.233,6/8/23 4:50,1.5,Auction Ads,auction_relation
20230807,1773453786913790 ,MY,,,1/1/00 0:00,12.0157,5.1855,6/8/23 4:50,0.54,Non-Auction Ads,Promote
20230807,1773453828575230 ,AE,,,1/1/00 0:00,26.0909,5.7471,6/8/23 4:51,0.54,Non-Auction Ads,Promote
20230807,1773454222674950 ,US,,,1/1/00 0:00,111.55,10.343,6/8/23 4:56,0.54,Non-Auction Ads,Promote
20230807,1773453866047480 ,SA,,,1/1/00 0:00,18.6963,5.2195,6/8/23 4:51,0.54,Non-Auction Ads,Promote
20230807,1773453892237310 ,US,,,1/1/00 0:00,5.35,4.0695,6/8/23 4:50,0.54,Non-Auction Ads,Promote
20230807,1773453932413950 ,AE,,,1/1/00 0:00,4.9387,4.6735,6/8/23 4:52,0.54,Non-Auction Ads,Promote
20230807,1773433497858080 ,US,USCA,,1/1/00 0:00,19.35,14.21,6/8/23 5:00,1.78,Auction Ads,auction_relation
20230807,1773454049195010 ,ID,,,1/1/00 0:00,6.5835,5.8296,6/8/23 4:54,0.54,Non-Auction Ads,Promote
20230807,1773416099007520 ,CA,US&CA,,1/1/00 0:00,6.74,12.3104,6/8/23 5:00,1.81,RIE,Ad Group Recall (Merged)
20230807,1773453932499960 ,VN,,,1/1/00 0:00,9.3999,2.8716,6/8/23 4:52,0.54,Non-Auction Ads,Promote
20230807,1773454011956220 ,VN,,,1/1/00 0:00,3.1195,1.9661,6/8/23 4:52,1.53,RIE,Promote Report Recall
20230807,1773453891603450 ,PH,,,1/1/00 0:00,1.3111,1.9748,6/8/23 4:52,1.53,RIE,Promote Report Recall
20230807,1773454002846720 ,EG,,,1/1/00 0:00,0,2.9709,6/8/23 4:53,0.54,Non-Auction Ads,Promote
20230807,1773453939444730 ,TR,,,1/1/00 0:00,4.5712,1.907,6/8/23 4:53,0.54,Non-Auction Ads,Promote
20230807,1773443627835410 ,CA,US&CA,,1/1/00 0:00,14.91,9.3261,6/8/23 5:00,1.81,RIE,Ad Group Recall (Merged)
20230807,1773443634241560 ,CA,US&CA,,1/1/00 0:00,44.04,9.3261,6/8/23 5:00,1.81,RIE,Ad Group Recall (Merged)
20230807,1773443722673150 ,US,US&CA,,1/1/00 0:00,295.12,9.3261,6/8/23 5:00,1.81,RIE,Ad Group Recall (Merged)
20230807,1773454340563970 ,SA,,,1/1/00 0:00,5.7524,2.433,6/8/23 4:57,0.54,Non-Auction Ads,Promote
20230807,1773454066754560 ,KH,,,1/1/00 0:00,5.1575,1.0786,6/8/23 4:54,0.54,Non-Auction Ads,Promote
20230807,1773454469735420 ,MY,,,1/1/00 0:00,5.976,3.0355,6/8/23 4:59,0.54,Non-Auction Ads,Promote
20230807,1773443130185770 ,CA,US&CA,,1/1/00 0:00,2.75,6.974,6/8/23 5:00,1.81,RIE,Ad Group Recall (Merged)
20230807,1773443130185770 ,US,US&CA,,1/1/00 0:00,2.75,6.974,6/8/23 5:00,1.81,RIE,Ad Group Recall (Merged)
20230807,1773454385790970 ,VN,,,1/1/00 0:00,0.228,1.4755,6/8/23 4:59,1.53,RIE,Promote Report Recall
20230807,1773454513759250 ,VN,VN,,1/1/00 0:00,,0.7686,6/8/23 4:59,2.14,Auction Ads,auction_relation
20230807,1773403365152800 ,DK,DK,,1/1/00 0:00,0,7.2416,6/8/23 5:00,1.31,Auction Ads,auction_relation
20230807,1773403365152800 ,NO,Others,,1/1/00 0:00,0,7.2416,6/8/23 5:00,1.56,Auction Ads,auction_all
20230807,1773404931132450 ,NO,Others,,1/1/00 0:00,5.53,7.2416,6/8/23 5:00,1.56,Auction Ads,auction_all
20230807,1773437066238000 ,US,US&CA,,1/1/00 0:00,19.13,4.9553,6/8/23 5:00,1.81,RIE,Ad Group Recall (Merged)
20230807,1773392987309070 ,NO,Others,,1/1/00 0:00,4.31,5.7286,6/8/23 5:00,1.56,Auction Ads,auction_all
20230807,1773392987309070 ,DK,DK,,1/1/00 0:00,4.31,5.7286,6/8/23 5:00,1.31,Auction Ads,auction_relation
20230807,1773410924451880 ,NL,Other,,1/1/00 0:00,15.598,3.3825,6/8/23 5:00,1.62,RIE,Ad Group Recall (Merged)
20230807,1773393444516860 ,DK,DK,,1/1/00 0:00,25.01,5.7286,6/8/23 5:00,1.31,Auction Ads,auction_relation
20230807,1773390534931470 ,MX,Other,,1/1/00 0:00,0,5.7286,6/8/23 5:00,1.62,RIE,Ad Group Recall (Merged)
20230807,1773393444516860 ,NO,Others,,1/1/00 0:00,25.01,5.7286,6/8/23 5:00,1.56,Auction Ads,auction_all
20230807,1773454514889730 ,VN,,,1/1/00 0:00,1.8861,5.6573,6/8/23 5:01,0.54,Non-Auction Ads,Promote
20230807,1773420019094570 ,CA,US&CA,,1/1/00 0:00,16.34,3.7142,6/8/23 5:00,1.81,RIE,Ad Group Recall (Merged)
20230807,1773454572903420 ,VN,,,1/1/00 0:00,1.8664,5.6573,6/8/23 5:02,0.54,Non-Auction Ads,Promote
20230807,1773454538419200 ,MY,,,1/1/00 0:00,5.8113,3.0355,6/8/23 5:00,0.54,Non-Auction Ads,Promote
20230807,1773454595710970 ,VN,,,1/1/00 0:00,1.8864,5.6573,6/8/23 5:02,0.54,Non-Auction Ads,Promote
20230807,1773454634366970 ,VN,,,1/1/00 0:00,1.9174,5.6573,6/8/23 5:03,0.54,Non-Auction Ads,Promote
20230807,1773454737760250 ,VN,,,1/1/00 0:00,1.8593,5.6573,6/8/23 5:05,0.54,Non-Auction Ads,Promote
20230807,1773455211636730 ,KW,,,1/1/00 0:00,16.325,14.7666,6/8/23 5:12,0.54,Non-Auction Ads,Promote
20230807,1773454644338680 ,VN,,,1/1/00 0:00,19.861,1.9556,6/8/23 5:02,0.54,Non-Auction Ads,Promote
20230807,1773454713714690 ,SA,,,1/1/00 0:00,10.4653,2.8197,6/8/23 5:04,0.54,Non-Auction Ads,Promote
20230807,1773428801655850 ,IE,Other,,1/1/00 0:00,30.09,11.2465,6/8/23 5:11,1.62,RIE,Ad Group Recall (Merged)
20230807,1773454639913980 ,VN,,,1/1/00 0:00,5.4417,0.2226,6/8/23 5:02,0.54,Non-Auction Ads,Promote
20230807,1773455274994690 ,SA,,,1/1/00 0:00,42.2865,12.1793,6/8/23 5:12,0.54,Non-Auction Ads,Promote
20230807,1773454861142010 ,VN,,,1/1/00 0:00,1.6981,5.6573,6/8/23 5:07,0.54,Non-Auction Ads,Promote
20230807,1773454808869880 ,VN,,,1/1/00 0:00,0.1384,1.8268,6/8/23 5:05,1.53,RIE,Promote Report Recall
20230807,1773454887946240 ,VN,,,1/1/00 0:00,1.9385,5.6573,6/8/23 5:07,0.54,Non-Auction Ads,Promote
20230807,1773454799264770 ,TH,,,1/1/00 0:00,12.3593,2.9713,6/8/23 5:06,0.54,Non-Auction Ads,Promote
20230807,1773454834425850 ,VN,,,1/1/00 0:00,4.5927,4.5553,6/8/23 5:07,0.54,Non-Auction Ads,Promote
20230807,1773454732952570 ,QA,,,1/1/00 0:00,3.0569,0.9854,6/8/23 5:05,0.54,Non-Auction Ads,Promote
20230807,1773454354575360 ,TH,,,1/1/00 0:00,1.6806,1.2309,6/8/23 5:05,1.53,RIE,Promote Report Recall
20230807,1773455170257920 ,US,,,1/1/00 0:00,38.78,8.7027,6/8/23 5:12,0.54,Non-Auction Ads,Promote
20230807,1773454916072440 ,VN,,,1/1/00 0:00,1.84,5.6573,6/8/23 5:07,0.54,Non-Auction Ads,Promote
20230807,1773454920276990 ,QA,,,1/1/00 0:00,0.4691,2.4122,6/8/23 5:06,0.54,Non-Auction Ads,Promote
20230807,1773454941212670 ,VN,,,1/1/00 0:00,1.4843,5.6573,6/8/23 5:08,0.54,Non-Auction Ads,Promote
20230807,1773455170454590 ,SA,,,1/1/00 0:00,3.316,6.9273,6/8/23 5:11,0.54,Non-Auction Ads,Promote
20230807,1773412164655130 ,MA,Other,,1/1/00 0:00,1.64,0.521,6/8/23 5:06,1.62,RIE,Ad Group Recall (Merged)
20230807,1773454916759550 ,QA,,,1/1/00 0:00,31.321,4.3406,6/8/23 5:08,0.54,Non-Auction Ads,Promote
20230807,1773454734607360 ,ID,,,1/1/00 0:00,1.9031,1.1698,6/8/23 5:07,0.54,Non-Auction Ads,Promote
20230807,1773454934278140 ,VN,,,1/1/00 0:00,0.0792,1.7718,6/8/23 5:07,1.53,RIE,Promote Report Recall
20230807,1773454769245180 ,VN,,,1/1/00 0:00,1.702,1.4077,6/8/23 5:07,0.54,Non-Auction Ads,Promote
20230807,1773455480797180 ,MY,,,1/1/00 0:00,17.4338,8.3009,6/8/23 5:16,0.54,Non-Auction Ads,Promote
20230807,1773455224153090 ,AE,,,1/1/00 0:00,2.57,5.9562,6/8/23 5:15,0.54,Non-Auction Ads,Promote
20230807,1773454952237060 ,IT,,,1/1/00 0:00,0.066,0.9074,6/8/23 5:08,1.53,RIE,Promote Report Recall
20230807,1773455093721090 ,SA,,,1/1/00 0:00,6.8293,1.0978,6/8/23 5:10,0.54,Non-Auction Ads,Promote
20230807,1773489911923760 ,IE,IE,,1/1/00 0:00,18.4,9.2647,6/8/23 5:21,1.52,Auction Ads,auction_relation
20230807,1773455264143360 ,US,,,1/1/00 0:00,10.68,3.5464,6/8/23 5:13,0.54,Non-Auction Ads,Promote
20230807,1773455450831870 ,MY,,,1/1/00 0:00,15.7128,4.9782,6/8/23 5:16,0.54,Non-Auction Ads,Promote
20230807,1773453810036730 ,ID,,,1/1/00 0:00,4.529,13.9814,6/8/23 5:29,0.54,Non-Auction Ads,Promote
20230807,1773455281961980 ,AE,,,1/1/00 0:00,4.1928,1.7223,6/8/23 5:13,1.53,RIE,Promote Report Recall
20230807,1773455121666040 ,ID,,,1/1/00 0:00,0.2276,0.7616,6/8/23 5:12,1.53,RIE,Promote Report Recall
20230807,1773455345059840 ,QA,,,1/1/00 0:00,2.8323,2.2477,6/8/23 5:14,0.54,Non-Auction Ads,Promote
20230807,1773454567704590 ,AU,AU,,1/1/00 0:00,4.17,45.1301,6/8/23 5:59,1.84,RIE,Ad Group Recall (Merged)
20230807,1773455917445120 ,VN,,,1/1/00 0:00,4.1715,12.6659,6/8/23 5:30,0.54,Non-Auction Ads,Promote
20230807,1773455360385020 ,PH,,,1/1/00 0:00,0.2756,0.1546,6/8/23 5:15,1.53,RIE,Promote Report Recall
20230807,1773455639970810 ,VN,,,1/1/00 0:00,9.8984,1.9463,6/8/23 5:18,0.54,Non-Auction Ads,Promote
20230807,1773454520335360 ,ID,,,1/1/00 0:00,4.7272,0.6581,6/8/23 5:16,0.54,Non-Auction Ads,Promote
20230807,1773455775166460 ,BR,,,1/1/00 0:00,5.5915,2.1516,6/8/23 5:20,0.54,Non-Auction Ads,Promote
20230807,1773452030189610 ,NZ,Other,,1/1/00 0:00,30.33,2.226,6/8/23 5:20,1.62,RIE,Ad Group Recall (Merged)
20230807,1773455650513920 ,ID,,,1/1/00 0:00,0.3921,1.1795,6/8/23 5:20,1.53,RIE,Promote Report Recall
20230807,1773455460133880 ,PH,,,1/1/00 0:00,0.4752,0.2553,6/8/23 5:16,1.53,RIE,Promote Report Recall
20230807,1773456124309500 ,SA,,,1/1/00 0:00,18.896,7.6243,6/8/23 5:27,0.54,Non-Auction Ads,Promote
20230807,1773452053423130 ,NZ,Other,,1/1/00 0:00,0,2.226,6/8/23 5:21,1.62,RIE,Ad Group Recall (Merged)
20230807,1773452053423130 ,AU,AU,,1/1/00 0:00,0,2.226,6/8/23 5:21,1.84,RIE,Ad Group Recall (Merged)
20230807,1773456035781660 ,VN,VN,,1/1/00 0:00,23.44,4.2007,6/8/23 5:23,2.14,Auction Ads,auction_relation
20230807,1773456378313730 ,VN,,,1/1/00 0:00,48.2878,8.5693,6/8/23 5:30,0.54,Non-Auction Ads,Promote
20230807,1773455879548930 ,SA,,,1/1/00 0:00,5.5338,2.123,6/8/23 5:23,0.54,Non-Auction Ads,Promote
20230807,1773479344264220 ,BE,Other,,1/1/00 0:00,24.88,9.2647,6/8/23 5:32,1.62,RIE,Ad Group Recall (Merged)
20230807,1773455889844220 ,ID,,,1/1/00 0:00,2.8404,2.8252,6/8/23 5:24,0.54,Non-Auction Ads,Promote
20230807,1773455857707010 ,BR,,,1/1/00 0:00,0.4967,0.5179,6/8/23 5:21,1.53,RIE,Promote Report Recall
20230807,1773455919078400 ,VN,,,1/1/00 0:00,6.9538,1.3397,6/8/23 5:22,0.54,Non-Auction Ads,Promote
20230807,1773456571371520 ,SA,,,1/1/00 0:00,57.1444,10.0089,6/8/23 5:34,0.54,Non-Auction Ads,Promote
20230807,1773455787513860 ,RO,,,1/1/00 0:00,0.9797,0.6113,6/8/23 5:22,0.54,Non-Auction Ads,Promote
20230807,1773456468605950 ,VN,,,1/1/00 0:00,42.851,8.5693,6/8/23 5:32,0.54,Non-Auction Ads,Promote
20230807,1773456061248510 ,VN,,,1/1/00 0:00,5.0657,1.9389,6/8/23 5:25,0.54,Non-Auction Ads,Promote
20230807,1773470739951660 ,VN,VN,,1/1/00 0:00,1.3895,2.7265,6/8/23 5:26,2.14,Auction Ads,auction_relation
20230807,1773456496320510 ,TH,,,1/1/00 0:00,8.4537,11.8806,6/8/23 5:38,0.54,Non-Auction Ads,Promote
20230807,1773455924932600 ,KH,,,1/1/00 0:00,0.995,0.36,6/8/23 5:24,0.54,Non-Auction Ads,Promote
20230807,1773455995157540 ,GR,,,1/1/00 0:00,5.2057,0.6568,6/8/23 5:25,0.54,Non-Auction Ads,Promote
20230807,1773456331066360 ,VN,,,1/1/00 0:00,4.2081,2.8107,6/8/23 5:29,0.54,Non-Auction Ads,Promote
20230807,1773456259766270 ,KH,,,1/1/00 0:00,1.5393,1.3027,6/8/23 5:29,0.54,Non-Auction Ads,Promote
20230807,1773456319757310 ,VN,,,1/1/00 0:00,12.5432,1.6123,6/8/23 5:29,0.54,Non-Auction Ads,Promote
20230807,1773456666876930 ,KW,,,1/1/00 0:00,8.8529,5.7764,6/8/23 5:34,0.54,Non-Auction Ads,Promote
20230807,1773456668720120 ,VN,VN,,1/1/00 0:00,,2.806,6/8/23 5:31,2.14,Auction Ads,auction_relation
20230807,1773454231355420 ,BE,Other,,1/1/00 0:00,0,5.9185,6/8/23 5:35,1.62,RIE,Ad Group Recall (Merged)
20230807,1773456317842430 ,TR,,,1/1/00 0:00,0.2201,0.6573,6/8/23 5:30,1.53,RIE,Promote Report Recall
20230807,1773456466061310 ,PH,,,1/1/00 0:00,6.5966,1.5166,6/8/23 5:31,0.54,Non-Auction Ads,Promote
20230807,1773456524615680 ,PH,,,1/1/00 0:00,9.5623,1.5166,6/8/23 5:32,0.54,Non-Auction Ads,Promote
20230807,1773456799261700 ,EG,,,1/1/00 0:00,9.4618,4.6438,6/8/23 5:36,0.54,Non-Auction Ads,Promote
20230807,1773456711182330 ,ID,,,1/1/00 0:00,2.1434,3.2638,6/8/23 5:36,0.54,Non-Auction Ads,Promote
20230807,1773457193008180 ,SA,,,1/1/00 0:00,6.492,7.8927,6/8/23 5:45,0.54,Non-Auction Ads,Promote
20230807,1773456689082370 ,KH,,,1/1/00 0:00,2.0963,0.6373,6/8/23 5:36,0.54,Non-Auction Ads,Promote
20230807,1773456688295930 ,SA,,,1/1/00 0:00,2.9402,2.2918,6/8/23 5:36,0.54,Non-Auction Ads,Promote
20230807,1773456958057470 ,KH,,,1/1/00 0:00,5.04,2.9785,6/8/23 5:40,0.54,Non-Auction Ads,Promote
20230807,1773457205806080 ,VN,VN,,1/1/00 0:00,0.5431,0.7752,6/8/23 5:36,2.14,Auction Ads,auction_relation
20230807,1773460086967310 ,US,,,1/1/00 0:00,176.14,68.6935,6/8/23 6:29,0.54,Non-Auction Ads,Promote
20230807,1773457163356160 ,VN,,,1/1/00 0:00,12.0524,3.7315,6/8/23 5:42,0.54,Non-Auction Ads,Promote
20230807,1773456888347640 ,ID,,,1/1/00 0:00,0.6056,0.8768,6/8/23 5:40,1.53,RIE,Promote Report Recall
20230807,1773457114336250 ,MY,,,1/1/00 0:00,7.3679,2.481,6/8/23 5:43,1.53,RIE,Promote Report Recall
20230807,1773457007531010 ,ID,,,1/1/00 0:00,4.1116,0.7827,6/8/23 5:42,0.54,Non-Auction Ads,Promote
20230807,1773457170647090 ,SE,,,1/1/00 0:00,7.4416,2.8333,6/8/23 5:43,1.53,RIE,Promote Report Recall
20230807,1773457134435320 ,PH,,,1/1/00 0:00,13.9582,0.4915,6/8/23 5:43,0.54,Non-Auction Ads,Promote
20230807,1773457333087230 ,US,,,1/1/00 0:00,7.1,3.6273,6/8/23 5:45,0.54,Non-Auction Ads,Promote
20230807,1773457424106490 ,TH,,,1/1/00 0:00,26.8348,5.3154,6/8/23 5:47,0.54,Non-Auction Ads,Promote
20230807,1773457736310810 ,CO,CO,,1/1/00 0:00,1.84,11.8756,6/8/23 5:51,1.93,Auction Ads,auction_all
20230807,1773457736310810 ,PK,PK,,1/1/00 0:00,1.84,11.8756,6/8/23 5:51,1.36,Auction Ads,auction_relation
20230807,1773457736310810 ,RO,RO,,1/1/00 0:00,1.84,11.8756,6/8/23 5:51,1.94,Auction Ads,auction_relation
20230807,1773457736310810 ,KZ,KZ,,1/1/00 0:00,1.84,11.8756,6/8/23 5:51,2,Auction Ads,auction_relation
20230807,1773457686559740 ,US,,,1/1/00 0:00,7.7955,12.7645,6/8/23 5:52,0.54,Non-Auction Ads,Promote
20230807,1773457474718720 ,SA,,,1/1/00 0:00,7.5489,4.2554,6/8/23 5:47,0.54,Non-Auction Ads,Promote
20230807,1773457253814270 ,VN,,,1/1/00 0:00,11.1645,1.4994,6/8/23 5:45,0.54,Non-Auction Ads,Promote
20230807,1773457284645930 ,VN,VN,,1/1/00 0:00,0.7573,0.7752,6/8/23 5:43,2.14,Auction Ads,auction_relation
20230807,1773457289284640 ,VN,VN,,1/1/00 0:00,0.7973,0.7752,6/8/23 5:43,2.14,Auction Ads,auction_relation
20230807,1773457281798190 ,VN,VN,,1/1/00 0:00,0.8115,0.7752,6/8/23 5:43,2.14,Auction Ads,auction_relation
20230807,1773457392957440 ,QA,,,1/1/00 0:00,3.4596,1.8887,6/8/23 5:46,0.54,Non-Auction Ads,Promote
20230807,1773457375175680 ,PH,,,1/1/00 0:00,3.44,0.9078,6/8/23 5:47,0.54,Non-Auction Ads,Promote
20230807,1773457708258300 ,SA,,,1/1/00 0:00,4.5475,6.1717,6/8/23 5:51,0.54,Non-Auction Ads,Promote
20230807,1773457310377020 ,KH,,,1/1/00 0:00,2.3897,0.9905,6/8/23 5:47,0.54,Non-Auction Ads,Promote
20230807,1773457766077470 ,VN,VN,,1/1/00 0:00,2.4376,2.431,6/8/23 5:48,2.14,Auction Ads,auction_relation
20230807,1773457766077470 ,VN,VN,,1/1/00 0:00,2.4376,2.431,6/8/23 5:48,2.14,Auction Ads,auction_relation
20230807,1773457581434880 ,SA,,,1/1/00 0:00,14.2824,4.0109,6/8/23 5:49,0.54,Non-Auction Ads,Promote
20230807,1773457818753040 ,PK,PK,,1/1/00 0:00,2.89,1.8537,6/8/23 5:48,1.36,Auction Ads,auction_relation
20230807,1773458222168080 ,VN,VN,,1/1/00 0:00,,2.2957,6/8/23 5:50,2.14,Auction Ads,auction_relation
20230807,1773457682063360 ,VN,,,1/1/00 0:00,18.3222,3.0531,6/8/23 5:51,0.54,Non-Auction Ads,Promote
20230807,1773457747897370 ,PH,Other,,1/1/00 0:00,24.2909,0.7547,6/8/23 5:48,1.62,RIE,Ad Group Recall (Merged)
20230807,1773457681821700 ,RO,,,1/1/00 0:00,0.6165,1.8252,6/8/23 5:50,0.54,Non-Auction Ads,Promote
20230807,1773457397712890 ,TH,,,1/1/00 0:00,1.7127,0.5228,6/8/23 5:48,1.53,RIE,Promote Report Recall
20230807,1773457707558910 ,PH,,,1/1/00 0:00,2.939,0.8707,6/8/23 5:51,0.54,Non-Auction Ads,Promote
20230807,1773457421656060 ,ID,,,1/1/00 0:00,5.8911,4.7323,6/8/23 5:53,0.54,Non-Auction Ads,Promote
20230807,1773457837657080 ,VN,VN,,1/1/00 0:00,0.45,0.9082,6/8/23 5:51,2.14,Auction Ads,auction_relation
20230807,1773457672074240 ,KW,,,1/1/00 0:00,16.246,2.9555,6/8/23 5:51,0.54,Non-Auction Ads,Promote
20230807,1773457800672250 ,VN,,,1/1/00 0:00,5.3423,3.5098,6/8/23 5:52,0.54,Non-Auction Ads,Promote
20230807,1773457883720700 ,VN,,,1/1/00 0:00,4.6447,4.9405,6/8/23 5:55,0.54,Non-Auction Ads,Promote
20230807,1773457669691390 ,US,,,1/1/00 0:00,0.19,1.9343,6/8/23 5:51,0.54,Non-Auction Ads,Promote
20230807,1773458314099710 ,SA,,,1/1/00 0:00,4.4143,17.9768,6/8/23 6:02,0.54,Non-Auction Ads,Promote
20230807,1773458346934320 ,TH,TH,,1/1/00 0:00,10.9446,2.735,6/8/23 5:54,1.87,RIE,Ad Group Recall (Merged)
20230807,1773454902457370 ,FR,FR,,1/1/00 0:00,186.8549,15.9901,6/8/23 6:02,1.76,RIE,Ad Group Recall (Merged)
20230807,1773457870912510 ,FR,,,1/1/00 0:00,14.0758,4.6691,6/8/23 5:56,0.54,Non-Auction Ads,Promote
20230807,1773458255945730 ,KW,,,1/1/00 0:00,17.2286,13.2666,6/8/23 6:01,0.54,Non-Auction Ads,Promote
20230807,1773457926588410 ,VN,,,1/1/00 0:00,4.8655,3.8554,6/8/23 5:56,0.54,Non-Auction Ads,Promote
20230807,1773457873182720 ,AE,,,1/1/00 0:00,4.2225,1.2481,6/8/23 5:54,1.53,RIE,Promote Report Recall
20230807,1773457957727230 ,TR,,,1/1/00 0:00,7.8413,2.2335,6/8/23 5:55,0.54,Non-Auction Ads,Promote
20230807,1773457936458750 ,PH,,,1/1/00 0:00,9.1591,1.6598,6/8/23 5:55,0.54,Non-Auction Ads,Promote
20230807,1773457848142840 ,VN,,,1/1/00 0:00,7.67,1.8054,6/8/23 5:55,0.54,Non-Auction Ads,Promote
20230807,1773457971432450 ,SA,,,1/1/00 0:00,36.358,3.8718,6/8/23 5:56,0.54,Non-Auction Ads,Promote
20230807,1773458162516990 ,IL,IL,,1/1/00 0:00,14.26,5.9067,6/8/23 5:59,1.22,RIE,Ad Group Recall (Merged)
20230807,1773458432976910 ,IL,IL,,1/1/00 0:00,19.53,5.9067,6/8/23 5:59,1.22,RIE,Ad Group Recall (Merged)
20230807,1773457972434940 ,SA,,,1/1/00 0:00,13.0404,3.402,6/8/23 5:57,0.54,Non-Auction Ads,Promote
20230807,1773457994987520 ,VN,,,1/1/00 0:00,6.2784,2.1803,6/8/23 5:56,0.54,Non-Auction Ads,Promote
20230807,1773458146499580 ,AE,,,1/1/00 0:00,3.2862,4.1243,6/8/23 5:58,0.54,Non-Auction Ads,Promote
20230807,1773458039708670 ,KH,,,1/1/00 0:00,1.6847,3.3517,6/8/23 5:57,0.54,Non-Auction Ads,Promote
20230807,1773457900662790 ,GR,,,1/1/00 0:00,2.1456,2.1141,6/8/23 5:57,1.53,RIE,Promote Report Recall
20230807,1773457971008510 ,ID,,,1/1/00 0:00,0.3837,0.2393,6/8/23 5:56,1.53,RIE,Promote Report Recall
20230807,1773469727813680 ,IE,IE,,1/1/00 0:00,,11.2465,6/8/23 6:02,1.52,Auction Ads,auction_relation
20230807,1773444202565660 ,US,US&CA,,1/1/00 0:00,21.96,5.3456,6/8/23 6:00,1.81,RIE,Ad Group Recall (Merged)
20230807,1773458225307650 ,PH,,,1/1/00 0:00,4.0097,2.121,6/8/23 5:59,0.54,Non-Auction Ads,Promote
20230807,1773458154795000 ,VN,,,1/1/00 0:00,8.3779,2.8887,6/8/23 5:59,0.54,Non-Auction Ads,Promote
20230807,1773458194799610 ,VN,,,1/1/00 0:00,6.0628,0.9643,6/8/23 5:59,1.53,RIE,Promote Report Recall
20230807,1773458164423680 ,TR,,,1/1/00 0:00,0.3649,1.3255,6/8/23 5:59,0.54,Non-Auction Ads,Promote
20230807,1773458276843520 ,VN,,,1/1/00 0:00,0,3.5827,6/8/23 6:00,0.54,Non-Auction Ads,Promote
20230807,1773458187638790 ,US,,,1/1/00 0:00,5.02,1.6963,6/8/23 5:59,0.54,Non-Auction Ads,Promote
20230807,1773423048245280 ,NL,Other,,1/1/00 0:00,34.42,2.4636,6/8/23 6:00,1.62,RIE,Ad Group Recall (Merged)
20230807,1773423048245280 ,BE,Other,,1/1/00 0:00,34.42,2.4636,6/8/23 6:00,1.62,RIE,Ad Group Recall (Merged)
20230807,1773459814133760 ,KW,,,1/1/00 0:00,48.9586,37.3882,6/8/23 6:26,0.54,Non-Auction Ads,Promote
20230807,1773458691011600 ,PK,Other,,1/1/00 0:00,4.46,2.1058,6/8/23 6:00,1.62,RIE,Ad Group Recall (Merged)
20230807,1773458619522090 ,VN,VN,,1/1/00 0:00,8.2943,3.3044,6/8/23 6:01,2.14,Auction Ads,auction_relation
20230807,1773458619522090 ,VN,VN,,1/1/00 0:00,8.2943,3.3044,6/8/23 6:01,2.14,Auction Ads,auction_relation
20230807,1773458591290370 ,KW,,,1/1/00 0:00,44.9078,11.3577,6/8/23 6:05,0.54,Non-Auction Ads,Promote
20230807,1773458296863740 ,ID,,,1/1/00 0:00,6.8273,1.4016,6/8/23 6:00,0.54,Non-Auction Ads,Promote
20230807,1773458321928190 ,VN,,,1/1/00 0:00,6.5082,2.0478,6/8/23 6:02,0.54,Non-Auction Ads,Promote
20230807,1773458464101380 ,FR,,,1/1/00 0:00,1.3432,5.1206,6/8/23 6:03,0.54,Non-Auction Ads,Promote
20230807,1773457932493830 ,KH,,,1/1/00 0:00,1.39,3.61,6/8/23 6:02,0.54,Non-Auction Ads,Promote
20230807,1773458457740350 ,AE,,,1/1/00 0:00,28.9277,5.0266,6/8/23 6:03,0.54,Non-Auction Ads,Promote
20230807,1773458314555390 ,ID,,,1/1/00 0:00,2.995,1.065,6/8/23 6:02,0.54,Non-Auction Ads,Promote
20230807,1773458400976960 ,VN,,,1/1/00 0:00,0,2.9916,6/8/23 6:03,0.54,Non-Auction Ads,Promote
20230807,1773458344121340 ,TH,,,1/1/00 0:00,15.4925,1.2435,6/8/23 6:02,0.54,Non-Auction Ads,Promote
20230807,1773458559514620 ,VN,,,1/1/00 0:00,4.903,7.1904,6/8/23 6:05,0.54,Non-Auction Ads,Promote
20230807,1773458415795200 ,EG,,,1/1/00 0:00,28.6938,2.7528,6/8/23 6:03,0.54,Non-Auction Ads,Promote
20230807,1773458350286850 ,KW,,,1/1/00 0:00,1.0186,1.3145,6/8/23 6:03,1.53,RIE,Promote Report Recall
20230807,1773458487973880 ,VN,,,1/1/00 0:00,1.083,4.3052,6/8/23 6:04,1.53,RIE,Promote Report Recall
20230807,1773458441414650 ,KH,,,1/1/00 0:00,2.779,2.975,6/8/23 6:04,0.54,Non-Auction Ads,Promote
20230807,1773458353384450 ,VN,,,1/1/00 0:00,4.3007,1.2574,6/8/23 6:03,1.53,RIE,Promote Report Recall
20230807,1773458403099650 ,BR,,,1/1/00 0:00,8.9074,6.3725,6/8/23 6:06,0.54,Non-Auction Ads,Promote
20230807,1773458444628990 ,AU,,,1/1/00 0:00,0.8083,1.8729,6/8/23 6:04,1.53,RIE,Promote Report Recall
20230807,1773458418213890 ,HU,,,1/1/00 0:00,5.3793,0.6889,6/8/23 6:03,0.54,Non-Auction Ads,Promote
20230807,1773458372348930 ,MY,,,1/1/00 0:00,4.674,0.8503,6/8/23 6:04,0.54,Non-Auction Ads,Promote
20230807,1773458425426940 ,PH,,,1/1/00 0:00,6.9601,0.7494,6/8/23 6:05,0.54,Non-Auction Ads,Promote
20230807,1773458589240320 ,VN,,,1/1/00 0:00,4.7033,2.2657,6/8/23 6:06,0.54,Non-Auction Ads,Promote
20230807,1773458570725380 ,EG,,,1/1/00 0:00,2.1373,4.1324,6/8/23 6:10,0.54,Non-Auction Ads,Promote
20230807,1773458629084160 ,KH,,,1/1/00 0:00,1.45,2.9785,6/8/23 6:06,0.54,Non-Auction Ads,Promote
20230807,1773459083508730 ,VN,,,1/1/00 0:00,24.7482,7.3184,6/8/23 6:13,0.54,Non-Auction Ads,Promote
20230807,1773458945288190 ,TH,,,1/1/00 0:00,6.7707,4.2285,6/8/23 6:11,0.54,Non-Auction Ads,Promote
20230807,1773458645190650 ,PH,,,1/1/00 0:00,0.3605,0.3702,6/8/23 6:06,1.53,RIE,Promote Report Recall
20230807,1773458909229050 ,VN,,,1/1/00 0:00,23.1411,2.6656,6/8/23 6:10,0.54,Non-Auction Ads,Promote
20230807,1773458647189560 ,VN,,,1/1/00 0:00,8.7712,2.8417,6/8/23 6:11,0.54,Non-Auction Ads,Promote
20230807,1773459114076160 ,SA,,,1/1/00 0:00,15.3456,6.618,6/8/23 6:13,0.54,Non-Auction Ads,Promote
20230807,1773458805690360 ,VN,,,1/1/00 0:00,5.1182,1.0755,6/8/23 6:08,0.54,Non-Auction Ads,Promote
20230807,1773459012204540 ,TH,,,1/1/00 0:00,7.222,4.2285,6/8/23 6:13,0.54,Non-Auction Ads,Promote
20230807,1773459454024700 ,SA,,,1/1/00 0:00,16.0337,14.5325,6/8/23 6:20,0.54,Non-Auction Ads,Promote
20230807,1773458767159290 ,TH,,,1/1/00 0:00,1.4076,1.5124,6/8/23 6:11,1.53,RIE,Promote Report Recall
20230807,1773458980911100 ,PH,,,1/1/00 0:00,9.6437,2.2718,6/8/23 6:12,0.54,Non-Auction Ads,Promote
20230807,1773459514768390 ,US,,,1/1/00 0:00,26.17,14.2629,6/8/23 6:21,0.54,Non-Auction Ads,Promote
20230807,1773459206323200 ,MY,,,1/1/00 0:00,17.1747,8.3009,6/8/23 6:16,0.54,Non-Auction Ads,Promote
20230807,1773459104525310 ,TH,,,1/1/00 0:00,8.3878,4.2285,6/8/23 6:13,0.54,Non-Auction Ads,Promote
20230807,1773459011672060 ,GR,,,1/1/00 0:00,5.294,1.0446,6/8/23 6:12,0.54,Non-Auction Ads,Promote
20230807,1773459072162810 ,PH,,,1/1/00 0:00,8.2567,6.9779,6/8/23 6:15,0.54,Non-Auction Ads,Promote
20230807,1773459045126140 ,KH,,,1/1/00 0:00,2.3858,0.2031,6/8/23 6:12,0.54,Non-Auction Ads,Promote
20230807,1773459495514110 ,ID,,,1/1/00 0:00,5.0024,11.4113,6/8/23 6:19,0.54,Non-Auction Ads,Promote
20230807,1773459148382200 ,TH,,,1/1/00 0:00,7.6003,4.2285,6/8/23 6:14,0.54,Non-Auction Ads,Promote
20230807,1773459078147070 ,KH,,,1/1/00 0:00,2.4669,0.2031,6/8/23 6:12,0.54,Non-Auction Ads,Promote
20230807,1773459184310270 ,TH,,,1/1/00 0:00,8.0843,4.2285,6/8/23 6:15,0.54,Non-Auction Ads,Promote
20230807,1773459096124410 ,VN,,,1/1/00 0:00,5.3589,1.0689,6/8/23 6:13,0.54,Non-Auction Ads,Promote
20230807,1773459147192320 ,SA,,,1/1/00 0:00,1.9059,2.1995,6/8/23 6:14,0.54,Non-Auction Ads,Promote
20230807,1773459074192380 ,QA,,,1/1/00 0:00,9.9304,1.3169,6/8/23 6:14,0.54,Non-Auction Ads,Promote
20230807,1773459727964160 ,IQ,Other,,1/1/00 0:00,31.19,5.6942,6/8/23 6:17,1.62,RIE,Ad Group Recall (Merged)
20230807,1773459727964160 ,IQ,Others,,1/1/00 0:00,31.19,5.6942,6/8/23 6:17,1.56,Auction Ads,auction_all
20230807,1773459111711750 ,HU,,,1/1/00 0:00,6.9311,10.7377,6/8/23 6:21,0.54,Non-Auction Ads,Promote
20230807,1773459371559930 ,VN,,,1/1/00 0:00,20.464,6.451,6/8/23 6:18,0.54,Non-Auction Ads,Promote
20230807,1773467521895470 ,US,US&CA,,1/1/00 0:00,25.62,15.3533,6/8/23 6:26,1.81,RIE,Ad Group Recall (Merged)
20230807,1773459096588280 ,SA,,,1/1/00 0:00,1.0448,0.6811,6/8/23 6:14,1.53,RIE,Promote Report Recall
20230807,1773459355508750 ,SA,,,1/1/00 0:00,5.6778,3.0279,6/8/23 6:17,0.54,Non-Auction Ads,Promote
20230807,1773459100936190 ,SG,,,1/1/00 0:00,2.0755,1.1433,6/8/23 6:15,1.53,RIE,Promote Report Recall
20230807,1773459980016650 ,FR,FR,,1/1/00 0:00,3.9,13.6602,6/8/23 6:27,1.76,RIE,Ad Group Recall (Merged)
20230807,1773459229571070 ,KH,,,1/1/00 0:00,2.3267,0.2031,6/8/23 6:15,0.54,Non-Auction Ads,Promote
20230807,1773459303708670 ,VN,,,1/1/00 0:00,9.9331,3.0396,6/8/23 6:17,0.54,Non-Auction Ads,Promote
20230807,1773459340753920 ,KW,,,1/1/00 0:00,14.4378,4.0719,6/8/23 6:18,0.54,Non-Auction Ads,Promote
20230807,1773457294359550 ,US,US&CA,,1/1/00 0:00,35.52,33.816,6/8/23 6:43,1.81,RIE,Ad Group Recall (Merged)
20230807,1773459407165500 ,VN,,,1/1/00 0:00,0,2.8751,6/8/23 6:18,0.54,Non-Auction Ads,Promote
20230807,1773459384656890 ,KH,,,1/1/00 0:00,7.7442,1.93,6/8/23 6:18,0.54,Non-Auction Ads,Promote
20230807,1773459489190910 ,VN,,,1/1/00 0:00,0,3.8209,6/8/23 6:19,0.54,Non-Auction Ads,Promote
20230807,1773460135701510 ,US,,,1/1/00 0:00,95.31,17.2686,6/8/23 6:30,0.54,Non-Auction Ads,Promote
20230807,1773459593267200 ,VN,,,1/1/00 0:00,9.849,8.4331,6/8/23 6:24,0.54,Non-Auction Ads,Promote
20230807,1773459554468870 ,HU,,,1/1/00 0:00,13.4207,2.7923,6/8/23 6:20,0.54,Non-Auction Ads,Promote
20230807,1773459421103110 ,GR,,,1/1/00 0:00,3.7092,1.0446,6/8/23 6:19,0.54,Non-Auction Ads,Promote
20230807,1773459585127420 ,IL,,,1/1/00 0:00,12.7792,5.0546,6/8/23 6:23,0.54,Non-Auction Ads,Promote
20230807,1773467444740140 ,NO,Others,,1/1/00 0:00,0,5.7286,6/8/23 6:24,1.56,Auction Ads,auction_all
20230807,1773460127797250 ,US,,,1/1/00 0:00,118.2,15.7236,6/8/23 6:32,0.54,Non-Auction Ads,Promote
20230807,1773459837094910 ,VN,,,1/1/00 0:00,9.5974,5.5277,6/8/23 6:25,0.54,Non-Auction Ads,Promote
20230807,1773460056737790 ,VN,,,1/1/00 0:00,4.0812,9.6792,6/8/23 6:29,0.54,Non-Auction Ads,Promote
20230807,1773459597000700 ,MY,,,1/1/00 0:00,4.7685,0.7624,6/8/23 6:22,0.54,Non-Auction Ads,Promote
20230807,1773459732360190 ,TH,,,1/1/00 0:00,22.5485,1.3248,6/8/23 6:23,0.54,Non-Auction Ads,Promote
20230807,1773459732360190 ,TH,,,1/1/00 0:00,22.5485,1.3248,6/8/23 6:23,0.54,Non-Auction Ads,Promote
20230807,1773459728295930 ,KW,,,1/1/00 0:00,3.462,1.6443,6/8/23 6:23,0.54,Non-Auction Ads,Promote
20230807,1773460025990140 ,VN,,,1/1/00 0:00,16.0817,6.08,6/8/23 6:28,0.54,Non-Auction Ads,Promote
20230807,1773459655547900 ,KH,,,1/1/00 0:00,5.3318,0.9608,6/8/23 6:23,0.54,Non-Auction Ads,Promote
20230807,1773459900748800 ,MY,,,1/1/00 0:00,6.5245,4.5556,6/8/23 6:27,0.54,Non-Auction Ads,Promote
20230807,1773459893731330 ,ID,,,1/1/00 0:00,14.1795,2.985,6/8/23 6:27,0.54,Non-Auction Ads,Promote
20230807,1773459907593210 ,AE,,,1/1/00 0:00,28.909,3.3863,6/8/23 6:27,0.54,Non-Auction Ads,Promote
20230807,1773460546168830 ,VN,,,1/1/00 0:00,10.329,16.4507,6/8/23 6:36,0.54,Non-Auction Ads,Promote
20230807,1773467855946800 ,DK,DK,,1/1/00 0:00,0,5.7286,6/8/23 6:30,1.31,Auction Ads,auction_relation
20230807,1773467855946800 ,NO,Others,,1/1/00 0:00,0,5.7286,6/8/23 6:30,1.56,Auction Ads,auction_all
20230807,1773459970853890 ,ID,,,1/1/00 0:00,3.7809,3.4821,6/8/23 6:28,0.54,Non-Auction Ads,Promote
20230807,1773460091485190 ,ES,,,1/1/00 0:00,31.971,5.4817,6/8/23 6:30,0.54,Non-Auction Ads,Promote
20230807,1773460438391810 ,VN,,,1/1/00 0:00,8.5682,13.5497,6/8/23 6:36,0.54,Non-Auction Ads,Promote
20230807,1773460092678140 ,KW,,,1/1/00 0:00,17.5148,6.1058,6/8/23 6:31,0.54,Non-Auction Ads,Promote
20230807,1773460044511230 ,ID,,,1/1/00 0:00,4.8595,1.0256,6/8/23 6:28,0.54,Non-Auction Ads,Promote
20230807,1773459458255920 ,US,,,1/1/00 0:00,2.5,8.65,6/8/23 6:34,1.53,RIE,Promote Report Recall
20230807,1773460042662930 ,RO,,,1/1/00 0:00,6.5584,0.8108,6/8/23 6:29,0.54,Non-Auction Ads,Promote
20230807,1773460060179450 ,ID,,,1/1/00 0:00,1.1623,3.1847,6/8/23 6:30,1.53,RIE,Promote Report Recall
20230807,1773460740209660 ,TH,,,1/1/00 0:00,16.7153,14.0732,6/8/23 6:40,0.54,Non-Auction Ads,Promote
20230807,1773460273676290 ,VN,,,1/1/00 0:00,4.588,3.2215,6/8/23 6:32,0.54,Non-Auction Ads,Promote
20230807,1773460277571580 ,VN,,,1/1/00 0:00,5.5687,4.7367,6/8/23 6:33,0.54,Non-Auction Ads,Promote
20230807,1773460135490560 ,VN,,,1/1/00 0:00,3.3882,1.9393,6/8/23 6:31,1.53,RIE,Promote Report Recall
20230807,1773460230786040 ,KH,,,1/1/00 0:00,5.1453,1.2861,6/8/23 6:32,0.54,Non-Auction Ads,Promote
20230807,1773460305931260 ,VN,,,1/1/00 0:00,8.8895,1.4278,6/8/23 6:32,0.54,Non-Auction Ads,Promote
20230807,1773460861262840 ,SA,,,1/1/00 0:00,18.8908,11.0001,6/8/23 6:41,0.54,Non-Auction Ads,Promote
20230807,1773460374330370 ,ID,,,1/1/00 0:00,7.5528,2.0421,6/8/23 6:34,0.54,Non-Auction Ads,Promote
20230807,1773460939864060 ,VN,,,1/1/00 0:00,6.0332,13.7764,6/8/23 6:43,0.54,Non-Auction Ads,Promote
20230807,1773460455426050 ,TR,,,1/1/00 0:00,0.7924,0.933,6/8/23 6:34,0.54,Non-Auction Ads,Promote
20230807,1773460478372920 ,VN,,,1/1/00 0:00,5.6011,1.1644,6/8/23 6:35,0.54,Non-Auction Ads,Promote
20230807,1773460479141890 ,TR,,,1/1/00 0:00,0.6878,0.933,6/8/23 6:35,0.54,Non-Auction Ads,Promote
20230807,1773460442917890 ,MY,,,1/1/00 0:00,8.6148,1.3463,6/8/23 6:35,0.54,Non-Auction Ads,Promote
20230807,1773460508385280 ,VN,,,1/1/00 0:00,5.1385,3.0177,6/8/23 6:36,0.54,Non-Auction Ads,Promote
20230807,1773460835383300 ,BE,,,1/1/00 0:00,16.2114,8.4784,6/8/23 6:42,0.54,Non-Auction Ads,Promote
20230807,1773460738030590 ,VN,,,1/1/00 0:00,6.6263,6.0274,6/8/23 6:40,0.54,Non-Auction Ads,Promote
20230807,1773460595877890 ,TR,,,1/1/00 0:00,2.0805,1.551,6/8/23 6:38,0.54,Non-Auction Ads,Promote
20230807,1773460658411520 ,MY,,,1/1/00 0:00,12.2088,2.6979,6/8/23 6:40,0.54,Non-Auction Ads,Promote
20230807,1773460595363840 ,TR,,,1/1/00 0:00,0.7553,0.2202,6/8/23 6:37,1.53,RIE,Promote Report Recall
20230807,1773460665928700 ,KH,,,1/1/00 0:00,1.5969,0.2858,6/8/23 6:38,0.54,Non-Auction Ads,Promote
20230807,1773460644512760 ,SA,,,1/1/00 0:00,3.3214,1.3311,6/8/23 6:39,1.53,RIE,Promote Report Recall
20230807,1773460792761360 ,VN,VN,,1/1/00 0:00,,0.4723,6/8/23 6:39,2.14,Auction Ads,auction_relation
20230807,1773460766084100 ,US,,,1/1/00 0:00,3.14,2.4019,6/8/23 6:40,1.53,RIE,Promote Report Recall
20230807,1773460770208760 ,VN,,,1/1/00 0:00,9.2521,2.2395,6/8/23 6:41,0.54,Non-Auction Ads,Promote
20230807,1773460932818940 ,VN,,,1/1/00 0:00,4.315,4.7353,6/8/23 6:43,0.54,Non-Auction Ads,Promote
20230807,1773450790660090 ,ID,,,1/1/00 0:00,4.1951,0.3855,6/8/23 6:40,0.54,Non-Auction Ads,Promote
20230807,1773460730743800 ,PH,,,1/1/00 0:00,6.5005,0.3418,6/8/23 6:40,0.54,Non-Auction Ads,Promote
20230807,1773460972838910 ,MY,,,1/1/00 0:00,7.3418,5.6587,6/8/23 6:44,0.54,Non-Auction Ads,Promote
20230807,1773460898010110 ,SA,,,1/1/00 0:00,9.0659,3.3664,6/8/23 6:43,0.54,Non-Auction Ads,Promote
20230807,1773460809344000 ,AE,,,1/1/00 0:00,3.7872,2.5399,6/8/23 6:42,0.54,Non-Auction Ads,Promote
20230807,1773460864325630 ,VN,,,1/1/00 0:00,3.7319,1.615,6/8/23 6:42,1.53,RIE,Promote Report Recall
20230807,1773460927245310 ,AT,,,1/1/00 0:00,25.0378,2.9938,6/8/23 6:43,0.54,Non-Auction Ads,Promote
20230807,1773461151082490 ,MY,,,1/1/00 0:00,8.663,5.6587,6/8/23 6:46,0.54,Non-Auction Ads,Promote
20230807,1773460850659330 ,TR,,,1/1/00 0:00,0.208,4.234,6/8/23 6:45,0.54,Non-Auction Ads,Promote
20230807,1773460979339260 ,VN,,,1/1/00 0:00,9.4355,3.3178,6/8/23 6:44,0.54,Non-Auction Ads,Promote
20230807,1773461023481850 ,SA,,,1/1/00 0:00,7.9298,3.3664,6/8/23 6:46,0.54,Non-Auction Ads,Promote
20230807,1773461045895170 ,ID,,,1/1/00 0:00,2.7033,1.2319,6/8/23 6:45,0.54,Non-Auction Ads,Promote
20230807,1773464537971710 ,IL,,,1/1/00 0:00,135.7922,68.0747,6/8/23 7:40,1.53,RIE,Promote Report Recall
20230807,1773463967634430 ,KW,,,1/1/00 0:00,164.6695,57.5233,6/8/23 7:32,0.54,Non-Auction Ads,Promote
20230807,1773450473783290 ,BE,Other,,1/1/00 0:00,40.61,12.9075,6/8/23 6:53,1.62,RIE,Ad Group Recall (Merged)
20230807,1773460652169210 ,ID,,,1/1/00 0:00,0.951,0.6207,6/8/23 6:45,1.53,RIE,Promote Report Recall
20230807,1773461551430650 ,IL,,,1/1/00 0:00,12.6701,12.7202,6/8/23 6:53,0.54,Non-Auction Ads,Promote
20230807,1773461259493370 ,VN,,,1/1/00 0:00,6.0715,1.5417,6/8/23 6:47,0.54,Non-Auction Ads,Promote
20230807,1773461222582270 ,IT,,,1/1/00 0:00,0.1211,2.6207,6/8/23 6:48,1.53,RIE,Promote Report Recall
20230807,1773461278288890 ,VN,,,1/1/00 0:00,21.3783,1.5863,6/8/23 6:47,0.54,Non-Auction Ads,Promote
20230807,1773461220307970 ,TR,,,1/1/00 0:00,0.2302,0.7611,6/8/23 6:47,1.53,RIE,Promote Report Recall
20230807,1773461938313220 ,US,,,1/1/00 0:00,4.93,17.2686,6/8/23 6:59,0.54,Non-Auction Ads,Promote
20230807,1773457602199580 ,SG,Other,,1/1/00 0:00,24.03,2.226,6/8/23 6:48,1.62,RIE,Ad Group Recall (Merged)
20230807,1773457602199580 ,US,US&CA,,1/1/00 0:00,24.03,2.226,6/8/23 6:48,1.81,RIE,Ad Group Recall (Merged)
20230807,1773457602199580 ,IE,Other,,1/1/00 0:00,24.03,2.226,6/8/23 6:48,1.62,RIE,Ad Group Recall (Merged)
20230807,1773457602199580 ,ES,ES,,1/1/00 0:00,24.03,2.226,6/8/23 6:48,1.79,RIE,Ad Group Recall (Merged)
20230807,1773457602199580 ,AE,MENA,,1/1/00 0:00,24.03,2.226,6/8/23 6:48,1.67,RIE,Ad Group Recall (Merged)
20230807,1773457602199580 ,GB,GB,,1/1/00 0:00,24.03,2.226,6/8/23 6:48,1.72,RIE,Ad Group Recall (Merged)
20230807,1773457602199580 ,AU,AU,,1/1/00 0:00,24.03,2.226,6/8/23 6:48,1.84,RIE,Ad Group Recall (Merged)
20230807,1773457602199580 ,NZ,Other,,1/1/00 0:00,24.03,2.226,6/8/23 6:48,1.62,RIE,Ad Group Recall (Merged)
20230807,1773457602199580 ,PT,Other,,1/1/00 0:00,24.03,2.226,6/8/23 6:48,1.62,RIE,Ad Group Recall (Merged)
20230807,1773457602199580 ,PL,PL,,1/1/00 0:00,24.03,2.226,6/8/23 6:48,1.84,RIE,Ad Group Recall (Merged)
20230807,1773457602199580 ,CA,US&CA,,1/1/00 0:00,24.03,2.226,6/8/23 6:48,1.81,RIE,Ad Group Recall (Merged)
20230807,1773457713325050 ,AU,AU,,1/1/00 0:00,43.89,2.226,6/8/23 6:50,1.84,RIE,Ad Group Recall (Merged)
20230807,1773461680111660 ,NO,Others,,1/1/00 0:00,4.79,2.7257,6/8/23 6:50,1.56,Auction Ads,auction_all
20230807,1773461680111660 ,IE,IE,,1/1/00 0:00,4.79,2.7257,6/8/23 6:50,1.52,Auction Ads,auction_relation
20230807,1773461330683900 ,TH,,,1/1/00 0:00,1.8399,0.4185,6/8/23 6:50,1.53,RIE,Promote Report Recall
20230807,1773461516186620 ,AE,,,1/1/00 0:00,13.8745,3.5279,6/8/23 6:52,0.54,Non-Auction Ads,Promote
20230807,1773461407477760 ,VN,,,1/1/00 0:00,25.8651,2.8498,6/8/23 6:52,0.54,Non-Auction Ads,Promote
20230807,1773461501473790 ,VN,,,1/1/00 0:00,4.5702,1.0203,6/8/23 6:51,0.54,Non-Auction Ads,Promote
20230807,1773461378871290 ,MY,,,1/1/00 0:00,10.7024,1.1036,6/8/23 6:51,0.54,Non-Auction Ads,Promote
20230807,1773461618407420 ,VN,VN,,1/1/00 0:00,,1.3363,6/8/23 6:52,2.14,Auction Ads,auction_relation
20230807,1773461587158010 ,PH,,,1/1/00 0:00,4.1516,3.2005,6/8/23 6:54,0.54,Non-Auction Ads,Promote
20230807,1773461642134520 ,SA,,,1/1/00 0:00,4.1131,3.3164,6/8/23 6:54,1.53,RIE,Promote Report Recall
20230807,1773461986198530 ,GB,,,1/1/00 0:00,51.2778,8.0627,6/8/23 6:59,0.54,Non-Auction Ads,Promote
20230807,1773461806180350 ,PE,Other,,1/1/00 0:00,34.4,4.7619,6/8/23 6:55,1.62,RIE,Ad Group Recall (Merged)
20230807,1773461571533880 ,VN,,,1/1/00 0:00,2.7886,1.0203,6/8/23 6:53,0.54,Non-Auction Ads,Promote
20230807,1773458463482890 ,US,US&CA,,1/1/00 0:00,14.56,15.9061,6/8/23 7:02,1.81,RIE,Ad Group Recall (Merged)
20230807,1773450822697980 ,BE,Other,,1/1/00 0:00,0,12.9075,6/8/23 7:00,1.62,RIE,Ad Group Recall (Merged)
20230807,1773461802551290 ,SA,,,1/1/00 0:00,7.8527,4.4338,6/8/23 6:56,0.54,Non-Auction Ads,Promote
20230807,1773461738216460 ,VN,VN,,1/1/00 0:00,,1.3363,6/8/23 6:54,2.14,Auction Ads,auction_relation
20230807,1773461963945980 ,SA,,,1/1/00 0:00,4.4889,4.4338,6/8/23 6:58,0.54,Non-Auction Ads,Promote
20230807,1773480039276570 ,DK,DK,,1/1/00 0:00,36.18,7.2416,6/8/23 7:00,1.31,Auction Ads,auction_relation
20230807,1773480039276570 ,NO,Others,,1/1/00 0:00,36.18,7.2416,6/8/23 7:00,1.56,Auction Ads,auction_all
20230807,1773461616109560 ,ID,,,1/1/00 0:00,2.72,0.7205,6/8/23 6:55,0.54,Non-Auction Ads,Promote
20230807,1773468647265310 ,SA,MENA,,1/1/00 0:00,81.05,74.7285,6/8/23 7:54,1.67,RIE,Ad Group Recall (Merged)
20230807,1773480529825790 ,GB,GB,,1/1/00 0:00,5.97,7.2416,6/8/23 7:00,1.72,RIE,Ad Group Recall (Merged)
20230807,1773461671194620 ,TH,,,1/1/00 0:00,6.2918,1.5732,6/8/23 6:55,0.54,Non-Auction Ads,Promote
20230807,1773474339065870 ,NO,Others,,1/1/00 0:00,0,5.7286,6/8/23 7:00,1.56,Auction Ads,auction_all
20230807,1773461912623100 ,IT,,,1/1/00 0:00,138.8161,3.0617,6/8/23 6:59,1.53,RIE,Promote Report Recall
20230807,1773479487934480 ,NO,Others,,1/1/00 0:00,34.81,7.2416,6/8/23 7:00,1.56,Auction Ads,auction_all
20230807,1773479487934480 ,IE,IE,,1/1/00 0:00,34.81,7.2416,6/8/23 7:00,1.52,Auction Ads,auction_relation
20230807,1773479487934480 ,DK,DK,,1/1/00 0:00,34.81,7.2416,6/8/23 7:00,1.31,Auction Ads,auction_relation
20230807,1773463004430350 ,VN,VN,,1/1/00 0:00,,4.2131,6/8/23 6:59,2.14,Auction Ads,auction_relation
20230807,1773471787014190 ,RO,Other,,1/1/00 0:00,5.37,7.2416,6/8/23 7:00,1.62,RIE,Ad Group Recall (Merged)
20230807,1773461896228860 ,MY,,,1/1/00 0:00,5.3239,1.0393,6/8/23 6:58,0.54,Non-Auction Ads,Promote
20230807,1773474037219370 ,IE,IE,,1/1/00 0:00,14.51,5.7286,6/8/23 7:00,1.52,Auction Ads,auction_relation
20230807,1773474037219370 ,DK,DK,,1/1/00 0:00,14.51,5.7286,6/8/23 7:00,1.31,Auction Ads,auction_relation
20230807,1773474037219370 ,NO,Others,,1/1/00 0:00,14.51,5.7286,6/8/23 7:00,1.56,Auction Ads,auction_all
20230807,1773464609528830 ,AE,,,1/1/00 0:00,16.5616,49.011,6/8/23 7:40,0.54,Non-Auction Ads,Promote
20230807,1773462115977260 ,VN,VN,,1/1/00 0:00,,1.3363,6/8/23 7:00,2.14,Auction Ads,auction_relation
20230807,1773462128306170 ,ID,,,1/1/00 0:00,13.8941,3.485,6/8/23 7:01,0.54,Non-Auction Ads,Promote
20230807,1773462460698620 ,SA,,,1/1/00 0:00,12.5497,12.5514,6/8/23 7:07,0.54,Non-Auction Ads,Promote
20230807,1773462113869820 ,VN,VN,,1/1/00 0:00,,1.3363,6/8/23 7:01,2.14,Auction Ads,auction_relation
20230807,1773461946760190 ,PH,,,1/1/00 0:00,2.3959,2.7903,6/8/23 7:01,0.54,Non-Auction Ads,Promote
20230807,1773462066940930 ,MY,,,1/1/00 0:00,5.7805,0.9086,6/8/23 7:01,0.54,Non-Auction Ads,Promote
20230807,1773463184920570 ,PK,PK,,1/1/00 0:00,2.56,1.75,6/8/23 7:01,1.36,Auction Ads,auction_relation
20230807,1773463184920570 ,PK,PK,,1/1/00 0:00,2.56,1.75,6/8/23 7:01,1.36,Auction Ads,auction_relation
20230807,1773462385518590 ,VN,VN,,1/1/00 0:00,,2.7739,6/8/23 7:02,2.14,Auction Ads,auction_relation
20230807,1773462385518590 ,VN,VN,,1/1/00 0:00,,2.7739,6/8/23 7:02,2.14,Auction Ads,auction_relation
20230807,1773462230922290 ,VN,VN,,1/1/00 0:00,,1.3363,6/8/23 7:02,2.14,Auction Ads,auction_relation
20230807,1773462236313600 ,KW,,,1/1/00 0:00,15.2762,4.4839,6/8/23 7:04,0.54,Non-Auction Ads,Promote
20230807,1773462360275970 ,DE,,,1/1/00 0:00,9.0028,6.1509,6/8/23 7:05,1.53,RIE,Promote Report Recall
20230807,1773458569848850 ,IE,IE,,1/1/00 0:00,0,2.9207,6/8/23 7:03,1.52,Auction Ads,auction_relation
20230807,1773458569848850 ,DK,DK,,1/1/00 0:00,0,2.9207,6/8/23 7:03,1.31,Auction Ads,auction_relation
20230807,1773458569848850 ,NO,Others,,1/1/00 0:00,0,2.9207,6/8/23 7:03,1.56,Auction Ads,auction_all
20230807,1773462084940800 ,TH,,,1/1/00 0:00,14.0472,0.7899,6/8/23 7:03,1.53,RIE,Promote Report Recall
20230807,1773462445654010 ,MY,,,1/1/00 0:00,22.6542,5.6028,6/8/23 7:07,0.54,Non-Auction Ads,Promote
20230807,1773462557241340 ,SA,,,1/1/00 0:00,7.2823,6.7403,6/8/23 7:08,0.54,Non-Auction Ads,Promote
20230807,1773463093575690 ,VN,VN,,1/1/00 0:00,0,13.0304,6/8/23 7:15,2.14,Auction Ads,auction_relation
20230807,1773462523424780 ,VN,VN,,1/1/00 0:00,17.37,3.1549,6/8/23 7:06,2.14,Auction Ads,auction_relation
20230807,1773462316921850 ,VN,,,1/1/00 0:00,4.3704,2.2667,6/8/23 7:05,0.54,Non-Auction Ads,Promote
20230807,1773462313797660 ,VN,VN,,1/1/00 0:00,,0.5797,6/8/23 7:03,2.14,Auction Ads,auction_relation
20230807,1773462382045210 ,VN,VN,,1/1/00 0:00,,0.5797,6/8/23 7:04,2.14,Auction Ads,auction_relation
20230807,1773462533065720 ,VN,,,1/1/00 0:00,4.9267,2.7728,6/8/23 7:07,0.54,Non-Auction Ads,Promote
20230807,1773462910766080 ,SA,,,1/1/00 0:00,9.3108,9.0571,6/8/23 7:13,0.54,Non-Auction Ads,Promote
20230807,1773462539241470 ,KH,,,1/1/00 0:00,1.976,2.9815,6/8/23 7:09,0.54,Non-Auction Ads,Promote
20230807,1773462593375240 ,VN,VN,,1/1/00 0:00,8.2762,0.9922,6/8/23 7:07,2.14,Auction Ads,auction_relation
20230807,1773463189199920 ,BR,,,1/1/00 0:00,83.7973,9.472,6/8/23 7:18,1.53,RIE,Promote Report Recall
20230807,1773462801451010 ,IL,,,1/1/00 0:00,10.5271,5.977,6/8/23 7:13,0.54,Non-Auction Ads,Promote
20230807,1773462627051520 ,MY,,,1/1/00 0:00,11.737,2.4553,6/8/23 7:10,0.54,Non-Auction Ads,Promote
20230807,1773462753447930 ,VN,VN,,1/1/00 0:00,2.3509,2.5797,6/8/23 7:10,2.14,Auction Ads,auction_relation
20230807,1773458984802400 ,US,US&CA,,1/1/00 0:00,0.75,2.996,6/8/23 7:11,1.81,RIE,Ad Group Recall (Merged)
20230807,1773462603522050 ,KH,,,1/1/00 0:00,2.3354,1.1034,6/8/23 7:10,0.54,Non-Auction Ads,Promote
20230807,1773462472207360 ,ID,,,1/1/00 0:00,0.1944,0.3404,6/8/23 7:09,1.53,RIE,Promote Report Recall
20230807,1773463617211390 ,US,,,1/1/00 0:00,75.28,13.345,6/8/23 7:26,0.54,Non-Auction Ads,Promote
20230807,1773462670242810 ,PH,,,1/1/00 0:00,4.448,1.0552,6/8/23 7:10,0.54,Non-Auction Ads,Promote
20230807,1773463643066380 ,VN,VN,,1/1/00 0:00,,8.3922,6/8/23 7:18,2.14,Auction Ads,auction_relation
20230807,1773463687619580 ,AE,,,1/1/00 0:00,13.4635,13.2919,6/8/23 7:27,0.54,Non-Auction Ads,Promote
20230807,1773462726986750 ,VN,,,1/1/00 0:00,9.0365,1.8381,6/8/23 7:11,0.54,Non-Auction Ads,Promote
20230807,1773462521609210 ,TH,,,1/1/00 0:00,2.6919,1.8755,6/8/23 7:11,1.53,RIE,Promote Report Recall
20230807,1773463507819570 ,TW,TW,,1/1/00 0:00,10.9,7.5723,6/8/23 7:19,0.95,Auction Ads,auction_relation
20230807,1773461253446670 ,US,US&CA,,1/1/00 0:00,28.5,33.816,6/8/23 7:44,1.81,RIE,Ad Group Recall (Merged)
20230807,1773463040552990 ,US,,,1/1/00 0:00,30.74,5.088,6/8/23 7:17,0.54,Non-Auction Ads,Promote
20230807,1773462804904960 ,VN,,,1/1/00 0:00,6.5186,1.8381,6/8/23 7:12,0.54,Non-Auction Ads,Promote
20230807,1773462735559680 ,SA,,,1/1/00 0:00,3.1165,0.9018,6/8/23 7:12,1.53,RIE,Promote Report Recall
20230807,1773462717462520 ,PH,,,1/1/00 0:00,0.9502,0.4159,6/8/23 7:12,1.53,RIE,Promote Report Recall
20230807,1773462928615420 ,VN,,,1/1/00 0:00,9.5566,1.8381,6/8/23 7:14,0.54,Non-Auction Ads,Promote
20230807,1773463184259070 ,SA,,,1/1/00 0:00,7.429,5.595,6/8/23 7:20,0.54,Non-Auction Ads,Promote
20230807,1773463410413570 ,KW,,,1/1/00 0:00,49.3258,5.6748,6/8/23 7:21,1.53,RIE,Promote Report Recall
20230807,1773462869261310 ,PH,,,1/1/00 0:00,21.6365,0.1522,6/8/23 7:13,0.54,Non-Auction Ads,Promote
20230807,1773463823210490 ,SA,,,1/1/00 0:00,22.9934,10.5194,6/8/23 7:29,0.54,Non-Auction Ads,Promote
20230807,1773462979316800 ,VN,,,1/1/00 0:00,6.7238,0.7598,6/8/23 7:16,0.54,Non-Auction Ads,Promote
20230807,1773463063455740 ,TH,,,1/1/00 0:00,1.6992,0.685,6/8/23 7:17,1.53,RIE,Promote Report Recall
20230807,1773463334166520 ,VN,,,1/1/00 0:00,0.0869,2.188,6/8/23 7:20,1.53,RIE,Promote Report Recall
20230807,1773463883902970 ,ID,,,1/1/00 0:00,4.6389,8.4832,6/8/23 7:30,0.54,Non-Auction Ads,Promote
20230807,1773463202608190 ,MY,,,1/1/00 0:00,1.1792,0.7003,6/8/23 7:19,1.53,RIE,Promote Report Recall
20230807,1773467076356090 ,VN,VN,,1/1/00 0:00,2.91,13.27,6/8/23 7:35,2.13,RIE,Ad Group Recall (Merged)
20230807,1773463488161790 ,TH,,,1/1/00 0:00,6.3386,2.2222,6/8/23 7:24,0.54,Non-Auction Ads,Promote
20230807,1773464426150910 ,KW,,,1/1/00 0:00,11.0665,17.3434,6/8/23 7:39,0.54,Non-Auction Ads,Promote
20230807,1773460625002530 ,DE,DE,,1/1/00 0:00,49.15,10.8548,6/8/23 7:33,1.6,RIE,Ad Group Recall (Merged)
20230807,1773463616056320 ,VN,,,1/1/00 0:00,5.6038,2.6399,6/8/23 7:26,1.53,RIE,Promote Report Recall
20230807,1773464213037050 ,MY,,,1/1/00 0:00,22.0002,12.5622,6/8/23 7:35,0.54,Non-Auction Ads,Promote
20230807,1773463477008380 ,ID,,,1/1/00 0:00,1.2829,0.4085,6/8/23 7:23,1.53,RIE,Promote Report Recall
20230807,1773463324611580 ,KH,,,1/1/00 0:00,2.4643,0.3372,6/8/23 7:23,0.54,Non-Auction Ads,Promote
20230807,1773463931710460 ,KW,,,1/1/00 0:00,13.3017,4.9278,6/8/23 7:30,0.54,Non-Auction Ads,Promote
20230807,1773463494131710 ,ID,,,1/1/00 0:00,0.4033,0.6136,6/8/23 7:24,1.53,RIE,Promote Report Recall
20230807,1773464534210560 ,KW,,,1/1/00 0:00,32.5296,18.051,6/8/23 7:40,0.54,Non-Auction Ads,Promote
20230807,1773463721511940 ,RO,,,1/1/00 0:00,5.0882,1.4907,6/8/23 7:27,0.54,Non-Auction Ads,Promote
20230807,1773463781252090 ,VN,,,1/1/00 0:00,16.8531,2.885,6/8/23 7:28,0.54,Non-Auction Ads,Promote
20230807,1773464020390910 ,SG,,,1/1/00 0:00,18.9752,5.7655,6/8/23 7:31,1.53,RIE,Promote Report Recall
20230807,1773463786832890 ,JP,,,1/1/00 0:00,2.7791,2.2131,6/8/23 7:28,1.53,RIE,Promote Report Recall
20230807,1773463788008450 ,RO,,,1/1/00 0:00,4.483,1.4907,6/8/23 7:28,0.54,Non-Auction Ads,Promote
20230807,1773464008284160 ,KR,,,1/1/00 0:00,17.3303,4.1789,6/8/23 7:31,1.53,RIE,Promote Report Recall
20230807,1773463917304880 ,VN,VN,,1/1/00 0:00,0.175,1.8781,6/8/23 7:29,2.14,Auction Ads,auction_relation
20230807,1773464307340290 ,SA,,,1/1/00 0:00,14.6712,8.5872,6/8/23 7:37,0.54,Non-Auction Ads,Promote
20230807,1773466629937200 ,VN,VN,,1/1/00 0:00,0.149,4.2133,6/8/23 7:33,2.14,Auction Ads,auction_relation
20230807,1773464340593690 ,VN,VN,,1/1/00 0:00,6.86,3.2243,6/8/23 7:32,2.14,Auction Ads,auction_relation
20230807,1773463872876540 ,ID,,,1/1/00 0:00,8.2591,0.7633,6/8/23 7:31,0.54,Non-Auction Ads,Promote
20230807,1773464065789950 ,VN,,,1/1/00 0:00,36.0089,3.1945,6/8/23 7:33,0.54,Non-Auction Ads,Promote
20230807,1773464210860050 ,VN,VN,,1/1/00 0:00,0.165,0.3237,6/8/23 7:31,2.14,Auction Ads,auction_relation
20230807,1773464119800830 ,VN,,,1/1/00 0:00,0.1896,2.0425,6/8/23 7:34,1.53,RIE,Promote Report Recall
20230807,1773464267345920 ,TR,,,1/1/00 0:00,6.9493,3.6339,6/8/23 7:36,0.54,Non-Auction Ads,Promote
20230807,1773464188080130 ,QA,,,1/1/00 0:00,3.616,1.8114,6/8/23 7:35,0.54,Non-Auction Ads,Promote
20230807,1773464244795390 ,PH,,,1/1/00 0:00,8.1492,1.26,6/8/23 7:35,0.54,Non-Auction Ads,Promote
20230807,1773464293427200 ,TR,,,1/1/00 0:00,4.2705,0.4698,6/8/23 7:37,0.54,Non-Auction Ads,Promote
20230807,1773464383813640 ,VN,,,1/1/00 0:00,0.5516,1.5444,6/8/23 7:37,1.53,RIE,Promote Report Recall
20230807,1773464387476480 ,PH,,,1/1/00 0:00,1.9059,0.9191,6/8/23 7:37,1.53,RIE,Promote Report Recall
20230807,1773465365395500 ,TH,TH,,1/1/00 0:00,7.178,0.0374,6/8/23 7:37,1.64,Auction Ads,auction_relation
20230807,1773464368227330 ,ID,,,1/1/00 0:00,0.3639,0.723,6/8/23 7:38,1.53,RIE,Promote Report Recall
20230807,1773464483255290 ,VN,,,1/1/00 0:00,3.3847,3.1945,6/8/23 7:40,0.54,Non-Auction Ads,Promote
20230807,1773464451447800 ,VN,,,1/1/00 0:00,20.8187,1.7642,6/8/23 7:39,0.54,Non-Auction Ads,Promote
20230807,1773465350534170 ,VN,VN,,1/1/00 0:00,2.68,0.4205,6/8/23 7:38,2.14,Auction Ads,auction_relation
20230807,1773465350534170 ,VN,VN,,1/1/00 0:00,2.68,0.4205,6/8/23 7:38,2.14,Auction Ads,auction_relation
20230807,1773464688913400 ,KW,,,1/1/00 0:00,14.8379,7.0809,6/8/23 7:43,0.54,Non-Auction Ads,Promote
20230807,1773464748852220 ,SA,,,1/1/00 0:00,14.1008,8.7627,6/8/23 7:44,0.54,Non-Auction Ads,Promote
20230807,1773464411833340 ,PH,,,1/1/00 0:00,28.1107,1.1121,6/8/23 7:39,0.54,Non-Auction Ads,Promote
20230807,1773464422490110 ,SA,,,1/1/00 0:00,3.052,5.1351,6/8/23 7:41,0.54,Non-Auction Ads,Promote
20230807,1773461593581580 ,GB,GB,,1/1/00 0:00,9.6224,21.2963,6/8/23 7:53,1.72,RIE,Ad Group Recall (Merged)
20230807,1773464508742670 ,EG,,,1/1/00 0:00,2.8917,4.2839,6/8/23 7:41,0.54,Non-Auction Ads,Promote
20230807,1773464749887490 ,TR,,,1/1/00 0:00,1.4866,7.5974,6/8/23 7:44,0.54,Non-Auction Ads,Promote
20230807,1773464572393470 ,PH,,,1/1/00 0:00,21.0977,1.1121,6/8/23 7:40,0.54,Non-Auction Ads,Promote
20230807,1773464531131410 ,EG,,,1/1/00 0:00,6.4339,2.276,6/8/23 7:42,0.54,Non-Auction Ads,Promote
20230807,1773464614443000 ,VN,,,1/1/00 0:00,2.6214,0.9002,6/8/23 7:41,0.54,Non-Auction Ads,Promote
20230807,1773464871821310 ,SA,,,1/1/00 0:00,5.7257,9.1601,6/8/23 7:46,0.54,Non-Auction Ads,Promote
20230807,1773464606261240 ,TR,,,1/1/00 0:00,0.1767,0.108,6/8/23 7:40,1.53,RIE,Promote Report Recall
20230807,1773465976914940 ,VN,,,1/1/00 0:00,29.7848,39.2104,6/8/23 8:03,0.54,Non-Auction Ads,Promote
20230807,1773464924467200 ,SA,,,1/1/00 0:00,19.9571,8.2959,6/8/23 7:45,0.54,Non-Auction Ads,Promote
20230807,1773464723614720 ,GR,,,1/1/00 0:00,6.4379,2.1382,6/8/23 7:43,0.54,Non-Auction Ads,Promote
20230807,1773464961969150 ,PH,,,1/1/00 0:00,5.5601,8.8017,6/8/23 7:46,0.54,Non-Auction Ads,Promote
20230807,1773464757756930 ,VN,,,1/1/00 0:00,19.616,2.2812,6/8/23 7:43,0.54,Non-Auction Ads,Promote
20230807,1773464707524610 ,VN,,,1/1/00 0:00,22.1941,2.2812,6/8/23 7:43,0.54,Non-Auction Ads,Promote
20230807,1773464789858320 ,VN,VN,,1/1/00 0:00,12.6761,0.2729,6/8/23 7:42,2.13,RIE,Ad Group Recall (Merged)
20230807,1773464789952510 ,DE,,,1/1/00 0:00,0.5396,4.6884,6/8/23 7:45,1.53,RIE,Promote Report Recall
20230807,1773464796405760 ,VN,,,1/1/00 0:00,7.9152,8.7515,6/8/23 7:46,0.54,Non-Auction Ads,Promote
20230807,1773465791122430 ,US,,,1/1/00 0:00,30.49,25.39,6/8/23 7:59,0.54,Non-Auction Ads,Promote
20230807,1773464851116030 ,SA,,,1/1/00 0:00,16.9263,2.9754,6/8/23 7:44,0.54,Non-Auction Ads,Promote
20230807,1773464754694140 ,TR,,,1/1/00 0:00,1.4047,1.4133,6/8/23 7:44,0.54,Non-Auction Ads,Promote
20230807,1773464763655170 ,VN,,,1/1/00 0:00,8.1453,1.771,6/8/23 7:44,0.54,Non-Auction Ads,Promote
20230807,1773464739162110 ,ID,,,1/1/00 0:00,4.9991,1.3399,6/8/23 7:44,0.54,Non-Auction Ads,Promote
20230807,1773464910854200 ,SA,,,1/1/00 0:00,6.9653,5.0456,6/8/23 7:46,0.54,Non-Auction Ads,Promote
20230807,1773465247638540 ,KW,Other,,1/1/00 0:00,15.3386,6.9844,6/8/23 7:48,1.62,RIE,Ad Group Recall (Merged)
20230807,1773464799916030 ,TR,,,1/1/00 0:00,0.7337,0.683,6/8/23 7:45,1.53,RIE,Promote Report Recall
20230807,1773465069461500 ,VN,,,1/1/00 0:00,32.8476,4.9865,6/8/23 7:48,0.54,Non-Auction Ads,Promote
20230807,1773464871379960 ,VN,,,1/1/00 0:00,6.9995,1.9928,6/8/23 7:46,1.53,RIE,Promote Report Recall
20230807,1773465392390140 ,BE,Other,,1/1/00 0:00,6.57,8.0813,6/8/23 7:50,1.62,RIE,Ad Group Recall (Merged)
20230807,1773465259492360 ,VN,VN,,1/1/00 0:00,1.9899,0,6/8/23 7:45,2.14,Auction Ads,auction_relation
20230807,1773464897845250 ,VN,,,1/1/00 0:00,4.0794,1.2748,6/8/23 7:46,0.54,Non-Auction Ads,Promote
20230807,1773465667742720 ,US,,,1/1/00 0:00,29.6,18.513,6/8/23 7:58,0.54,Non-Auction Ads,Promote
20230807,1773465073399820 ,VN,VN,,1/1/00 0:00,0.8877,3.9414,6/8/23 7:50,2.14,Auction Ads,auction_relation
20230807,1773465046092800 ,KW,,,1/1/00 0:00,6.2793,3.4743,6/8/23 7:49,0.54,Non-Auction Ads,Promote
20230807,1773464897352700 ,VN,,,1/1/00 0:00,6.0381,1.3664,6/8/23 7:47,0.54,Non-Auction Ads,Promote
20230807,1773465461746680 ,AU,,,1/1/00 0:00,38.1113,9.1652,6/8/23 7:54,0.54,Non-Auction Ads,Promote
20230807,1773465313150980 ,TR,,,1/1/00 0:00,0.3608,7.0449,6/8/23 7:53,0.54,Non-Auction Ads,Promote
20230807,1773393492090880 ,VN,,,1/1/00 0:00,0.4821,0.2396,6/8/23 7:46,1.53,RIE,Promote Report Recall
20230807,1773464889228380 ,VN,VN,,1/1/00 0:00,0.6422,3.9414,6/8/23 7:50,2.14,Auction Ads,auction_relation
20230807,1773465127012370 ,VN,VN,,1/1/00 0:00,3.14,1.3697,6/8/23 7:48,2.14,Auction Ads,auction_relation
20230807,1773465122220030 ,VN,VN,,1/1/00 0:00,3.2,1.3697,6/8/23 7:48,2.14,Auction Ads,auction_relation
20230807,1773465245750270 ,AE,,,1/1/00 0:00,14.4231,3.8607,6/8/23 7:51,0.54,Non-Auction Ads,Promote
20230807,1773465685909500 ,SA,,,1/1/00 0:00,54.8922,14.9043,6/8/23 7:59,0.54,Non-Auction Ads,Promote
20230807,1773465119716350 ,IL,,,1/1/00 0:00,23.0906,5.2603,6/8/23 7:54,0.54,Non-Auction Ads,Promote
20230807,1773465260130300 ,VN,,,1/1/00 0:00,6.1374,2.3759,6/8/23 7:51,0.54,Non-Auction Ads,Promote
20230807,1773465132920830 ,KH,,,1/1/00 0:00,3.8763,0.9776,6/8/23 7:50,0.54,Non-Auction Ads,Promote
20230807,1773465395278860 ,VN,VN,,1/1/00 0:00,18.03,3.2578,6/8/23 7:54,2.13,RIE,Ad Group Recall (Merged)
20230807,1773465322997760 ,ID,,,1/1/00 0:00,9.4632,1.9548,6/8/23 7:53,0.54,Non-Auction Ads,Promote
20230807,1773465521638400 ,VN,,,1/1/00 0:00,33.4467,5.9238,6/8/23 7:55,0.54,Non-Auction Ads,Promote
20230807,1773465521670140 ,PH,,,1/1/00 0:00,4.4981,6.6771,6/8/23 7:56,0.54,Non-Auction Ads,Promote
20230807,1773465397965820 ,AU,,,1/1/00 0:00,1.8267,3.6378,6/8/23 7:54,1.53,RIE,Promote Report Recall
20230807,1773465392009250 ,BR,,,1/1/00 0:00,3.0946,1.2882,6/8/23 7:54,1.53,RIE,Promote Report Recall
20230807,1773465688841260 ,VN,VN,,1/1/00 0:00,6.6779,2.9422,6/8/23 7:54,2.14,Auction Ads,auction_relation
20230807,1773465718805510 ,RO,,,1/1/00 0:00,11.7482,10.8997,6/8/23 7:59,0.54,Non-Auction Ads,Promote
20230807,1773465501638660 ,PL,,,1/1/00 0:00,17.125,3.0105,6/8/23 7:55,0.54,Non-Auction Ads,Promote
20230807,1773465665191930 ,NZ,Other,,1/1/00 0:00,0,5.8726,6/8/23 7:57,1.62,RIE,Ad Group Recall (Merged)
20230807,1773465427958780 ,ID,,,1/1/00 0:00,1.2912,0.5177,6/8/23 7:55,1.53,RIE,Promote Report Recall
20230807,1773465498206210 ,HU,,,1/1/00 0:00,6.6433,2.1507,6/8/23 7:56,0.54,Non-Auction Ads,Promote
20230807,1773465518274560 ,VN,,,1/1/00 0:00,4.1175,0.934,6/8/23 7:55,0.54,Non-Auction Ads,Promote
20230807,1773465494144000 ,GR,,,1/1/00 0:00,6.5041,1.0696,6/8/23 7:56,0.54,Non-Auction Ads,Promote
20230807,1773465531360250 ,MY,,,1/1/00 0:00,7.2778,1.4664,6/8/23 7:56,1.53,RIE,Promote Report Recall
20230807,1773465922377740 ,VN,VN,,1/1/00 0:00,1.0486,2.5579,6/8/23 7:57,2.14,Auction Ads,auction_relation
20230807,1773465914374160 ,VN,VN,,1/1/00 0:00,2.018,2.5579,6/8/23 7:57,2.14,Auction Ads,auction_relation
20230807,1773465542287360 ,KH,,,1/1/00 0:00,2.3813,0.2665,6/8/23 7:56,0.54,Non-Auction Ads,Promote
20230807,1773464405615660 ,US,US&CA,,1/1/00 0:00,47.5,50.6317,6/8/23 8:36,1.81,RIE,Ad Group Recall (Merged)
20230807,1773465504344060 ,EG,,,1/1/00 0:00,2.3388,0.4405,6/8/23 7:57,1.53,RIE,Promote Report Recall
20230807,1773465818904580 ,EG,,,1/1/00 0:00,10.3157,9.7306,6/8/23 8:02,0.54,Non-Auction Ads,Promote
20230807,1773465621304320 ,PH,,,1/1/00 0:00,0.899,0.2254,6/8/23 7:58,1.53,RIE,Promote Report Recall
20230807,1773466201266170 ,SA,,,1/1/00 0:00,52.8185,14.9043,6/8/23 8:06,0.54,Non-Auction Ads,Promote
20230807,1773465820370940 ,VN,VN,,1/1/00 0:00,6.876,2.9422,6/8/23 7:59,2.14,Auction Ads,auction_relation
20230807,1773465825414190 ,VN,VN,,1/1/00 0:00,6.9621,2.9422,6/8/23 7:59,2.14,Auction Ads,auction_relation
20230807,1773465757121530 ,VN,,,1/1/00 0:00,0.286,0.3906,6/8/23 7:59,1.53,RIE,Promote Report Recall
20230807,1773465869747210 ,VN,VN,,1/1/00 0:00,4.55,1.5238,6/8/23 7:59,2.14,Auction Ads,auction_relation
20230807,1773461284706350 ,US,US&CA,,1/1/00 0:00,0.8,4.9686,6/8/23 8:00,1.81,RIE,Ad Group Recall (Merged)
20230807,1773461281702940 ,CA,US&CA,,1/1/00 0:00,2.93,4.9686,6/8/23 8:00,1.81,RIE,Ad Group Recall (Merged)
20230807,1773461281702940 ,US,US&CA,,1/1/00 0:00,2.93,4.9686,6/8/23 8:00,1.81,RIE,Ad Group Recall (Merged)
20230807,1773465956794420 ,IT,,,1/1/00 0:00,1.5635,9.8493,6/8/23 8:03,0.54,Non-Auction Ads,Promote
20230807,1773466355026940 ,JP,,,1/1/00 0:00,10.6021,14.5582,6/8/23 8:08,1.53,RIE,Promote Report Recall
20230807,1773466952211470 ,US,US&CA,,1/1/00 0:00,20.57,2.7811,6/8/23 8:00,1.81,RIE,Ad Group Recall (Merged)
20230807,1773462372588560 ,BE,Other,,1/1/00 0:00,0,6.8776,6/8/23 8:02,1.62,RIE,Ad Group Recall (Merged)
20230807,1773462372588560 ,DE,DE,,1/1/00 0:00,0,6.8776,6/8/23 8:02,1.6,RIE,Ad Group Recall (Merged)
20230807,1773462372588560 ,IL,IL,,1/1/00 0:00,0,6.8776,6/8/23 8:02,1.22,RIE,Ad Group Recall (Merged)
20230807,1773469529608190 ,QA,,,1/1/00 0:00,72.2983,80.4908,6/8/23 9:00,0.54,Non-Auction Ads,Promote
20230807,1773465797230590 ,GR,,,1/1/00 0:00,11.5125,1.3726,6/8/23 8:00,0.54,Non-Auction Ads,Promote
20230807,1773465806528510 ,GR,,,1/1/00 0:00,10.5211,1.6078,6/8/23 8:01,0.54,Non-Auction Ads,Promote
20230807,1773444233915420 ,BR,BR,,1/1/00 0:00,0,0.2814,6/8/23 8:00,1.7,RIE,Ad Group Recall (Merged)
20230807,1773444248730620 ,BR,BR,,1/1/00 0:00,0,0.2814,6/8/23 8:00,1.7,RIE,Ad Group Recall (Merged)
20230807,1773444248738840 ,BR,BR,,1/1/00 0:00,0,0.2814,6/8/23 8:00,1.7,RIE,Ad Group Recall (Merged)
20230807,1773465805746170 ,VN,,,1/1/00 0:00,0.5957,0.4363,6/8/23 8:01,1.53,RIE,Promote Report Recall
20230807,1773465957054480 ,VN,VN,,1/1/00 0:00,2.99,1.5238,6/8/23 8:01,2.14,Auction Ads,auction_relation
20230807,1773448491128830 ,BR,BR,,1/1/00 0:00,0,0.5553,6/8/23 8:01,1.7,RIE,Ad Group Recall (Merged)
20230807,1773466144969790 ,VN,,,1/1/00 0:00,20.528,6.08,6/8/23 8:05,0.54,Non-Auction Ads,Promote
20230807,1773465982779390 ,SA,,,1/1/00 0:00,0.8023,1.0749,6/8/23 8:02,1.53,RIE,Promote Report Recall
20230807,1773466255070210 ,SA,,,1/1/00 0:00,15.1403,11.8085,6/8/23 8:10,0.54,Non-Auction Ads,Promote
20230807,1773465999494140 ,TH,,,1/1/00 0:00,17.9147,3.4211,6/8/23 8:04,0.54,Non-Auction Ads,Promote
20230807,1773467306787890 ,US,US&CA,,1/1/00 0:00,39.74,25.003,6/8/23 8:23,1.81,RIE,Ad Group Recall (Merged)
20230807,1773467269520430 ,VN,VN,,1/1/00 0:00,9.044,13.9003,6/8/23 8:15,2.14,Auction Ads,auction_relation
20230807,1773465969286140 ,VN,,,1/1/00 0:00,0.4018,0.2553,6/8/23 8:03,1.53,RIE,Promote Report Recall
20230807,1773466385507320 ,US,US&CA,,1/1/00 0:00,14.42,4.4415,6/8/23 8:08,1.81,RIE,Ad Group Recall (Merged)
20230807,1773466478941210 ,ID,ID,,1/1/00 0:00,0.4019,3.0067,6/8/23 8:07,1.8,Auction Ads,auction_relation
20230807,1773466023397380 ,HU,,,1/1/00 0:00,7.4801,1.2441,6/8/23 8:04,0.54,Non-Auction Ads,Promote
20230807,1773466495690750 ,QA,,,1/1/00 0:00,15.4109,9.2162,6/8/23 8:10,0.54,Non-Auction Ads,Promote
20230807,1773466069169200 ,VN,VN,,1/1/00 0:00,12.5581,0.2729,6/8/23 8:03,2.13,RIE,Ad Group Recall (Merged)
20230807,1773465904224250 ,MY,,,1/1/00 0:00,4.2941,1.4438,6/8/23 8:05,0.54,Non-Auction Ads,Promote
20230807,1773466325519360 ,MY,,,1/1/00 0:00,10.371,3.902,6/8/23 8:08,0.54,Non-Auction Ads,Promote
20230807,1773466212988930 ,SA,,,1/1/00 0:00,11.097,1.8758,6/8/23 8:07,0.54,Non-Auction Ads,Promote
20230807,1773466714416160 ,AE,MENA,,1/1/00 0:00,18.3663,6.9844,6/8/23 8:10,1.67,RIE,Ad Group Recall (Merged)
20230807,1773462648578090 ,AU,AU,,1/1/00 0:00,35.73,3.3893,6/8/23 8:09,1.84,RIE,Ad Group Recall (Merged)
20230807,1773462648578090 ,NZ,Other,,1/1/00 0:00,35.73,3.3893,6/8/23 8:09,1.62,RIE,Ad Group Recall (Merged)
20230807,1773462648578090 ,CA,US&CA,,1/1/00 0:00,35.73,3.3893,6/8/23 8:09,1.81,RIE,Ad Group Recall (Merged)
20230807,1773462648578090 ,US,US&CA,,1/1/00 0:00,35.73,3.3893,6/8/23 8:09,1.81,RIE,Ad Group Recall (Merged)
20230807,1773466587753470 ,AE,,,1/1/00 0:00,37.825,7.1882,6/8/23 8:12,0.54,Non-Auction Ads,Promote
20230807,1773466313208830 ,KH,,,1/1/00 0:00,2.7473,1.9675,6/8/23 8:09,0.54,Non-Auction Ads,Promote
20230807,1773467454739470 ,TH,TH,,1/1/00 0:00,15.8105,5.6017,6/8/23 8:11,1.87,RIE,Ad Group Recall (Merged)
20230807,1773468709638140 ,SA,,,1/1/00 0:00,20.7967,47.4421,6/8/23 8:47,0.54,Non-Auction Ads,Promote
20230807,1773467076363310 ,NZ,Other,,1/1/00 0:00,40.14,10.6565,6/8/23 8:16,1.62,RIE,Ad Group Recall (Merged)
20230807,1773468564872190 ,VN,VN,,1/1/00 0:00,11.4104,2.0628,6/8/23 8:09,2.14,Auction Ads,auction_relation
20230807,1773468564872190 ,VN,VN,,1/1/00 0:00,11.4104,2.0628,6/8/23 8:09,2.14,Auction Ads,auction_relation
20230807,1773466573076480 ,QA,,,1/1/00 0:00,13.5387,4.8552,6/8/23 8:12,0.54,Non-Auction Ads,Promote
20230807,1773467118111750 ,IT,,,1/1/00 0:00,14.2632,14.7953,6/8/23 8:22,0.54,Non-Auction Ads,Promote
20230807,1773466454282240 ,PH,,,1/1/00 0:00,7.8429,3.1888,6/8/23 8:11,0.54,Non-Auction Ads,Promote
20230807,1773466841951230 ,EG,,,1/1/00 0:00,16.2321,10.635,6/8/23 8:17,0.54,Non-Auction Ads,Promote
20230807,1773466354549760 ,VN,,,1/1/00 0:00,45.2369,0.7603,6/8/23 8:09,0.54,Non-Auction Ads,Promote
20230807,1773467166393340 ,IT,,,1/1/00 0:00,13.0632,14.7953,6/8/23 8:23,0.54,Non-Auction Ads,Promote
20230807,1773466908796920 ,AE,MENA,,1/1/00 0:00,4.1236,6.9844,6/8/23 8:15,1.67,RIE,Ad Group Recall (Merged)
20230807,1773466844656640 ,IE,IE,,1/1/00 0:00,0,5.6362,6/8/23 8:15,1.52,Auction Ads,auction_relation
20230807,1773466844656640 ,NO,Others,,1/1/00 0:00,0,5.6362,6/8/23 8:15,1.56,Auction Ads,auction_all
20230807,1773466844656640 ,DK,DK,,1/1/00 0:00,0,5.6362,6/8/23 8:15,1.31,Auction Ads,auction_relation
20230807,1773466731495420 ,TR,,,1/1/00 0:00,1.2323,3.884,6/8/23 8:15,0.54,Non-Auction Ads,Promote
20230807,1773466450914300 ,TR,,,1/1/00 0:00,6.3808,0.4739,6/8/23 8:11,0.54,Non-Auction Ads,Promote
20230807,1773464591402030 ,US,US&CA,,1/1/00 0:00,49.36,31.5217,6/8/23 8:40,1.81,RIE,Ad Group Recall (Merged)
20230807,1773466626152450 ,PT,,,1/1/00 0:00,4.2477,1.4618,6/8/23 8:14,1.53,RIE,Promote Report Recall
20230807,1773466781696000 ,PH,,,1/1/00 0:00,7.632,2.1129,6/8/23 8:15,0.54,Non-Auction Ads,Promote
20230807,1773466997538810 ,SA,,,1/1/00 0:00,25.1497,9.0685,6/8/23 8:20,0.54,Non-Auction Ads,Promote
20230807,1773466835992610 ,PT,,,1/1/00 0:00,10.9395,5.5247,6/8/23 8:17,0.54,Non-Auction Ads,Promote
20230807,1773466822576120 ,MY,,,1/1/00 0:00,8.5205,2.4374,6/8/23 8:16,0.54,Non-Auction Ads,Promote
20230807,1773467111661600 ,VN,VN,,1/1/00 0:00,2.7537,4.5264,6/8/23 8:17,2.14,Auction Ads,auction_relation
20230807,1773474949477370 ,IE,IE,,1/1/00 0:00,,10.2947,6/8/23 8:25,1.52,Auction Ads,auction_relation
20230807,1773466847134720 ,VN,,,1/1/00 0:00,2.0513,2.1523,6/8/23 8:17,1.53,RIE,Promote Report Recall
20230807,1773466807660540 ,KH,,,1/1/00 0:00,2.0692,0.676,6/8/23 8:16,0.54,Non-Auction Ads,Promote
20230807,1773466858689530 ,KW,,,1/1/00 0:00,10.2563,2.678,6/8/23 8:17,0.54,Non-Auction Ads,Promote
20230807,1773466809626620 ,TH,,,1/1/00 0:00,12.4192,4.5002,6/8/23 8:20,0.54,Non-Auction Ads,Promote
20230807,1773467252696060 ,SA,,,1/1/00 0:00,18.9468,7.5933,6/8/23 8:24,0.54,Non-Auction Ads,Promote
20230807,1773467285117950 ,MY,,,1/1/00 0:00,0.1142,9.2542,6/8/23 8:25,0.54,Non-Auction Ads,Promote
20230807,1773466857239550 ,KH,,,1/1/00 0:00,5.8134,1.4233,6/8/23 8:18,0.54,Non-Auction Ads,Promote
20230807,1773467073092600 ,VN,,,1/1/00 0:00,44.9313,1.4994,6/8/23 8:20,0.54,Non-Auction Ads,Promote
20230807,1773467336852480 ,PH,,,1/1/00 0:00,9.4873,5.6403,6/8/23 8:24,0.54,Non-Auction Ads,Promote
20230807,1773467986507780 ,SA,,,1/1/00 0:00,30.2893,17.3443,6/8/23 8:35,0.54,Non-Auction Ads,Promote
20230807,1773466969725950 ,VN,,,1/1/00 0:00,5.5813,0.8621,6/8/23 8:18,0.54,Non-Auction Ads,Promote
20230807,1773468633612280 ,KR,,,1/1/00 0:00,33.5369,30.8769,6/8/23 8:45,0.54,Non-Auction Ads,Promote
20230807,1773462599278620 ,ES,ES,,1/1/00 0:00,33.4244,56.7986,6/8/23 9:01,1.79,RIE,Ad Group Recall (Merged)
20230807,1773467087876100 ,ES,,,1/1/00 0:00,3.4665,0.7787,6/8/23 8:20,1.53,RIE,Promote Report Recall
20230807,1773467389715470 ,VN,VN,,1/1/00 0:00,0.0391,3.6708,6/8/23 8:24,2.14,Auction Ads,auction_relation
20230807,1773464261747720 ,AU,AU,,1/1/00 0:00,0,16.6078,6/8/23 8:37,1.84,RIE,Ad Group Recall (Merged)
20230807,1773467250640890 ,VN,,,1/1/00 0:00,3.5427,0.8621,6/8/23 8:22,0.54,Non-Auction Ads,Promote
20230807,1773464484622360 ,PH,Other,,1/1/00 0:00,28.01,17.2083,6/8/23 8:38,1.62,RIE,Ad Group Recall (Merged)
20230807,1773464484632570 ,PH,Other,,1/1/00 0:00,28.24,17.2083,6/8/23 8:38,1.62,RIE,Ad Group Recall (Merged)
20230807,1773467270158330 ,TR,,,1/1/00 0:00,1.5316,1.0567,6/8/23 8:23,0.54,Non-Auction Ads,Promote
20230807,1773467308474370 ,CZ,,,1/1/00 0:00,3.395,2.951,6/8/23 8:24,1.53,RIE,Promote Report Recall
20230807,1773467389533180 ,AU,,,1/1/00 0:00,13.5385,2.7682,6/8/23 8:26,1.53,RIE,Promote Report Recall
20230807,1773467443665920 ,VN,VN,,1/1/00 0:00,0,1.5717,6/8/23 8:25,2.14,Auction Ads,auction_relation
20230807,1773467708340220 ,IL,,,1/1/00 0:00,4.6322,6.7263,6/8/23 8:30,0.54,Non-Auction Ads,Promote
20230807,1773467868109820 ,IL,,,1/1/00 0:00,15.1764,9.2371,6/8/23 8:33,0.54,Non-Auction Ads,Promote
20230807,1773468147014700 ,TH,TH,,1/1/00 0:00,5.7363,3.1834,6/8/23 8:28,1.64,Auction Ads,auction_relation
20230807,1773467528675320 ,VN,,,1/1/00 0:00,6.4369,2.2858,6/8/23 8:27,0.54,Non-Auction Ads,Promote
20230807,1773467474579450 ,PH,,,1/1/00 0:00,8.2949,1.3642,6/8/23 8:26,0.54,Non-Auction Ads,Promote
20230807,1773467373124600 ,TR,,,1/1/00 0:00,0.697,0.8291,6/8/23 8:26,0.54,Non-Auction Ads,Promote
20230807,1773468457568250 ,SA,,,1/1/00 0:00,27.1943,18.9229,6/8/23 8:43,0.54,Non-Auction Ads,Promote
20230807,1773467457974270 ,KH,,,1/1/00 0:00,1.4033,0.4448,6/8/23 8:27,0.54,Non-Auction Ads,Promote
20230807,1773467679551490 ,AU,,,1/1/00 0:00,28.4236,5.0201,6/8/23 8:30,1.53,RIE,Promote Report Recall
20230807,1773467562420250 ,VN,VN,,1/1/00 0:00,4.993,2.27,6/8/23 8:29,2.14,Auction Ads,auction_relation
20230807,1773467629042690 ,VN,,,1/1/00 0:00,4.6267,0.9543,6/8/23 8:29,0.54,Non-Auction Ads,Promote
20230807,1773467488150530 ,ID,,,1/1/00 0:00,5.7337,1.2206,6/8/23 8:29,0.54,Non-Auction Ads,Promote
20230807,1773468187632640 ,SA,,,1/1/00 0:00,16.0042,10.044,6/8/23 8:38,0.54,Non-Auction Ads,Promote
20230807,1773467697208330 ,VN,,,1/1/00 0:00,7.4213,1.001,6/8/23 8:30,0.54,Non-Auction Ads,Promote
20230807,1773468077486080 ,NL,,,1/1/00 0:00,6.1772,6.8491,6/8/23 8:37,0.54,Non-Auction Ads,Promote
20230807,1773468545133560 ,AE,,,1/1/00 0:00,33.7334,16.5355,6/8/23 8:43,0.54,Non-Auction Ads,Promote
20230807,1773467603648510 ,VN,,,1/1/00 0:00,2.0002,0.4814,6/8/23 8:29,1.53,RIE,Promote Report Recall
20230807,1773467647356920 ,PH,,,1/1/00 0:00,13.5438,1.3711,6/8/23 8:30,0.54,Non-Auction Ads,Promote
20230807,1773467890228220 ,AU,,,1/1/00 0:00,1.2684,3.9525,6/8/23 8:34,1.53,RIE,Promote Report Recall
20230807,1773468596176890 ,AE,,,1/1/00 0:00,28.9906,16.5355,6/8/23 8:44,0.54,Non-Auction Ads,Promote
20230807,1773467681028090 ,ID,,,1/1/00 0:00,1.2952,1.4075,6/8/23 8:31,1.53,RIE,Promote Report Recall
20230807,1773468296372220 ,KW,,,1/1/00 0:00,7.5722,8.731,6/8/23 8:39,0.54,Non-Auction Ads,Promote
20230807,1773467714209790 ,SA,,,1/1/00 0:00,0.5517,0.2621,6/8/23 8:30,1.53,RIE,Promote Report Recall
20230807,1773468637261820 ,AE,,,1/1/00 0:00,36.9245,16.5355,6/8/23 8:44,0.54,Non-Auction Ads,Promote
20230807,1773468637261820 ,AE,,,1/1/00 0:00,36.9245,16.5355,6/8/23 8:44,0.54,Non-Auction Ads,Promote
20230807,1773467691760640 ,ID,,,1/1/00 0:00,0.9961,0.4425,6/8/23 8:32,1.53,RIE,Promote Report Recall
20230807,1773467750033400 ,ID,,,1/1/00 0:00,6.9474,0.7235,6/8/23 8:32,0.54,Non-Auction Ads,Promote
20230807,1773468355046400 ,SA,,,1/1/00 0:00,11.6112,9.3916,6/8/23 8:40,0.54,Non-Auction Ads,Promote
20230807,1773468678061050 ,AE,,,1/1/00 0:00,46.1186,16.5355,6/8/23 8:45,0.54,Non-Auction Ads,Promote
20230807,1773467983922170 ,VN,,,1/1/00 0:00,6.3908,1.7117,6/8/23 8:34,0.54,Non-Auction Ads,Promote
20230807,1773467876215810 ,PH,,,1/1/00 0:00,4.4366,0.5902,6/8/23 8:34,0.54,Non-Auction Ads,Promote
20230807,1773468308998210 ,EG,,,1/1/00 0:00,3.3173,10.947,6/8/23 8:42,0.54,Non-Auction Ads,Promote
20230807,1773468122927100 ,PH,,,1/1/00 0:00,7.192,2.7646,6/8/23 8:37,0.54,Non-Auction Ads,Promote
20230807,1773468748377090 ,AE,,,1/1/00 0:00,54.8936,16.5355,6/8/23 8:46,0.54,Non-Auction Ads,Promote
20230807,1773468713044990 ,AE,,,1/1/00 0:00,46.5051,16.5355,6/8/23 8:47,0.54,Non-Auction Ads,Promote
20230807,1773468287968250 ,TR,,,1/1/00 0:00,2.8401,3.3947,6/8/23 8:39,0.54,Non-Auction Ads,Promote
20230807,1773468536949760 ,VN,VN,,1/1/00 0:00,11.5158,3.4864,6/8/23 8:40,2.14,Auction Ads,auction_relation
20230807,1773468792419320 ,AE,,,1/1/00 0:00,0,16.5355,6/8/23 8:49,0.54,Non-Auction Ads,Promote
20230807,1773468340958210 ,PH,,,1/1/00 0:00,15.5985,3.7823,6/8/23 8:40,0.54,Non-Auction Ads,Promote
20230807,1773466251717680 ,VN,VN,,1/1/00 0:00,28.48,44.4063,6/8/23 9:06,2.13,RIE,Ad Group Recall (Merged)
20230807,1773468434269200 ,TH,TH,,1/1/00 0:00,100.381,3.5935,6/8/23 8:40,1.87,RIE,Ad Group Recall (Merged)
20230807,1773468400831500 ,VN,VN,,1/1/00 0:00,,0.97,6/8/23 8:39,2.14,Auction Ads,auction_relation
20230807,1773468899493890 ,IT,,,1/1/00 0:00,0.2753,16.2138,6/8/23 8:50,0.54,Non-Auction Ads,Promote
20230807,1773468402911230 ,VN,,,1/1/00 0:00,15.5897,3.1077,6/8/23 8:41,0.54,Non-Auction Ads,Promote
20230807,1773468330865660 ,TR,,,1/1/00 0:00,4.0834,0.3928,6/8/23 8:40,0.54,Non-Auction Ads,Promote
20230807,1773468388492290 ,EG,,,1/1/00 0:00,9.5802,3.0358,6/8/23 8:42,0.54,Non-Auction Ads,Promote
20230807,1773468540544000 ,VN,VN,,1/1/00 0:00,19.12,1.7787,6/8/23 8:42,2.14,Auction Ads,auction_relation
20230807,1773468616380430 ,VN,VN,,1/1/00 0:00,7.6823,3.4864,6/8/23 8:44,2.14,Auction Ads,auction_relation
20230807,1773468622482460 ,VN,VN,,1/1/00 0:00,7.3858,3.4864,6/8/23 8:44,2.14,Auction Ads,auction_relation
20230807,1773468348213250 ,VN,,,1/1/00 0:00,0.477,0.2124,6/8/23 8:41,1.53,RIE,Promote Report Recall
20230807,1773468580128760 ,SA,,,1/1/00 0:00,16.3054,6.1921,6/8/23 8:46,0.54,Non-Auction Ads,Promote
20230807,1773468649371660 ,VN,VN,,1/1/00 0:00,11.602,2.0628,6/8/23 8:44,2.14,Auction Ads,auction_relation
20230807,1773469011785760 ,CZ,,,1/1/00 0:00,11.1737,11.146,6/8/23 8:52,0.54,Non-Auction Ads,Promote
20230807,1773468527982590 ,KH,,,1/1/00 0:00,7.5369,1.2201,6/8/23 8:44,0.54,Non-Auction Ads,Promote
20230807,1773469104979960 ,VN,VN,,1/1/00 0:00,6.6537,3.1282,6/8/23 8:46,2.14,Auction Ads,auction_relation
20230807,1773468365561850 ,KH,,,1/1/00 0:00,7.9245,1.2674,6/8/23 8:45,0.54,Non-Auction Ads,Promote
20230807,1773471383050240 ,GB,,,1/1/00 0:00,74.2901,68.4814,6/8/23 9:30,0.54,Non-Auction Ads,Promote
20230807,1773469100698620 ,JP,,,1/1/00 0:00,36.6899,10.9699,6/8/23 8:52,1.53,RIE,Promote Report Recall
20230807,1773485274212370 ,SA,MENA,,1/1/00 0:00,1250.7577,254.0989,6/8/23 11:20,1.67,RIE,Ad Group Recall (Merged)
20230807,1773485274212370 ,SA,MENA,,1/1/00 0:00,1250.7577,254.0989,6/8/23 11:20,1.78,Auction Ads,auction_relation
20230807,1773469421357050 ,VN,VN,,1/1/00 0:00,4.608,2.7398,6/8/23 8:49,2.14,Auction Ads,auction_relation
20230807,1773469071462430 ,MY,MY,,1/1/00 0:00,17.27,5.4578,6/8/23 8:51,2.3,RIE,Ad Group Recall (Merged)
20230807,1773468867177470 ,TR,,,1/1/00 0:00,0.9441,1.6457,6/8/23 8:48,0.54,Non-Auction Ads,Promote
20230807,1773468930997240 ,VN,VN,,1/1/00 0:00,2.3924,3.5641,6/8/23 8:49,2.14,Auction Ads,auction_relation
20230807,1773468930987000 ,VN,VN,,1/1/00 0:00,2.3857,3.5641,6/8/23 8:49,2.14,Auction Ads,auction_relation
20230807,1773468711183360 ,IL,,,1/1/00 0:00,1.5076,0.8017,6/8/23 8:48,1.53,RIE,Promote Report Recall
20230807,1773468915189760 ,SA,,,1/1/00 0:00,7.9835,3.6933,6/8/23 8:49,0.54,Non-Auction Ads,Promote
20230807,1773468870893560 ,KH,,,1/1/00 0:00,2.5492,0.3601,6/8/23 8:48,0.54,Non-Auction Ads,Promote
20230807,1773469267392560 ,QA,Others,,1/1/00 0:00,,5.2325,6/8/23 8:52,1.56,Auction Ads,auction_all
20230807,1773469267392560 ,QA,Others,,1/1/00 0:00,,5.2325,6/8/23 8:52,1.56,Auction Ads,auction_all
20230807,1773469267392560 ,CZ,CZ,,1/1/00 0:00,,5.2325,6/8/23 8:52,1.9,Auction Ads,auction_relation
20230807,1773469267392560 ,PL,PL,,1/1/00 0:00,,5.2325,6/8/23 8:52,1.64,Auction Ads,auction_relation
20230807,1773469267392560 ,HU,Others,,1/1/00 0:00,,5.2325,6/8/23 8:52,1.56,Auction Ads,auction_all
20230807,1773468863920120 ,TR,,,1/1/00 0:00,0.7155,0.6035,6/8/23 8:50,1.53,RIE,Promote Report Recall
20230807,1773469002036220 ,SA,,,1/1/00 0:00,1.2422,0.4605,6/8/23 8:52,1.53,RIE,Promote Report Recall
20230807,1773469367211040 ,IE,IE,,1/1/00 0:00,24.93,11.6596,6/8/23 8:56,1.52,Auction Ads,auction_relation
20230807,1773469001363450 ,PH,,,1/1/00 0:00,2.5246,0.1412,6/8/23 8:52,0.54,Non-Auction Ads,Promote
20230807,1773469565696000 ,SA,,,1/1/00 0:00,12.3604,26.5414,6/8/23 9:06,0.54,Non-Auction Ads,Promote
20230807,1773471499324450 ,SA,MENA,,1/1/00 0:00,,10.6661,6/8/23 8:56,1.78,Auction Ads,auction_relation
20230807,1773469075469310 ,IT,,,1/1/00 0:00,15.7049,2.5965,6/8/23 8:53,0.54,Non-Auction Ads,Promote
20230807,1773469589344300 ,DK,DK,,1/1/00 0:00,0,11.6596,6/8/23 8:59,1.31,Auction Ads,auction_relation
20230807,1773469589344300 ,IT,IT,,1/1/00 0:00,0,11.6596,6/8/23 8:59,1.36,Auction Ads,auction_relation
20230807,1773469823243290 ,AE,MENA,,1/1/00 0:00,18.4106,7.0226,6/8/23 8:56,1.78,Auction Ads,auction_relation
20230807,1773469189440510 ,AU,,,1/1/00 0:00,0.2826,2.3215,6/8/23 8:53,1.53,RIE,Promote Report Recall
20230807,1773469189724160 ,VN,,,1/1/00 0:00,5.9906,2.3675,6/8/23 8:53,0.54,Non-Auction Ads,Promote
20230807,1773469162181630 ,VN,VN,,1/1/00 0:00,,0.7498,6/8/23 8:53,2.14,Auction Ads,auction_relation
20230807,1773468909813770 ,ZA,Other,,1/1/00 0:00,144.3,50.89,6/8/23 9:23,1.62,RIE,Ad Group Recall (Merged)
20230807,1773469223947260 ,SA,,,1/1/00 0:00,13.4264,2.3211,6/8/23 8:54,0.54,Non-Auction Ads,Promote
20230807,1773469204651000 ,PH,,,1/1/00 0:00,9.5715,1.5235,6/8/23 8:54,0.54,Non-Auction Ads,Promote
20230807,1773466083891240 ,US,US&CA,,1/1/00 0:00,70.63,16.4857,6/8/23 9:04,1.81,RIE,Ad Group Recall (Merged)
20230807,1773449488753670 ,VN,,,1/1/00 0:00,,0.2999,6/8/23 8:53,0.54,Non-Auction Ads,Promote
20230807,1773465858336770 ,VN,,,1/1/00 0:00,,0.2999,6/8/23 8:53,0.54,Non-Auction Ads,Promote
20230807,1773469169481720 ,VN,,,1/1/00 0:00,6.9387,1.096,6/8/23 8:54,1.53,RIE,Promote Report Recall
20230807,1773469191446520 ,ID,,,1/1/00 0:00,0.0651,0.7193,6/8/23 8:54,1.53,RIE,Promote Report Recall
20230807,1773469276261370 ,TR,,,1/1/00 0:00,2.2321,0.5992,6/8/23 8:55,0.54,Non-Auction Ads,Promote
20230807,1773469275932720 ,VN,VN,,1/1/00 0:00,6.701,3.1282,6/8/23 8:56,2.14,Auction Ads,auction_relation
20230807,1773469262864380 ,TR,,,1/1/00 0:00,1.2635,1.6457,6/8/23 8:56,0.54,Non-Auction Ads,Promote
20230807,1773469230479360 ,SA,,,1/1/00 0:00,3.3612,3.0094,6/8/23 8:56,0.54,Non-Auction Ads,Promote
20230807,1773469257179130 ,VN,,,1/1/00 0:00,0.4933,0.3803,6/8/23 8:55,1.53,RIE,Promote Report Recall
20230807,1773469350625280 ,MY,,,1/1/00 0:00,1.2338,1.8053,6/8/23 8:56,0.54,Non-Auction Ads,Promote
20230807,1773466895757360 ,AU,AU,,1/1/00 0:00,190.85,21.7855,6/8/23 9:09,1.84,RIE,Ad Group Recall (Merged)
20230807,1773469325073400 ,TR,,,1/1/00 0:00,2.1564,0.5054,6/8/23 8:56,0.54,Non-Auction Ads,Promote
20230807,1773469756259320 ,VN,VN,,1/1/00 0:00,4.4887,2.7398,6/8/23 8:57,2.14,Auction Ads,auction_relation
20230807,1773469920732160 ,GB,,,1/1/00 0:00,61.0311,15.7019,6/8/23 9:06,0.54,Non-Auction Ads,Promote
20230807,1773469509069830 ,TR,,,1/1/00 0:00,8.7492,4.5474,6/8/23 9:00,0.54,Non-Auction Ads,Promote
20230807,1773469480611840 ,IL,,,1/1/00 0:00,13.1078,3.2766,6/8/23 8:59,0.54,Non-Auction Ads,Promote
20230807,1773469597283330 ,TH,,,1/1/00 0:00,12.7317,3.7343,6/8/23 9:00,0.54,Non-Auction Ads,Promote
20230807,1773469559404540 ,VN,,,1/1/00 0:00,1.8405,1.0463,6/8/23 8:59,1.53,RIE,Promote Report Recall
20230807,1773470035372050 ,SA,MENA,,1/1/00 0:00,,1.6165,6/8/23 9:00,1.78,Auction Ads,auction_relation
20230807,1773469728997390 ,VN,VN,,1/1/00 0:00,10.8818,3.1282,6/8/23 9:00,2.14,Auction Ads,auction_relation
20230807,1773471704481790 ,ID,ID,,1/1/00 0:00,6.2068,19.8126,6/8/23 9:11,2.05,RIE,Ad Group Recall (Merged)
20230807,1773468304226330 ,NO,Others,,1/1/00 0:00,18.81,4.1515,6/8/23 9:00,1.56,Auction Ads,auction_all
20230807,1773468304226330 ,IE,IE,,1/1/00 0:00,18.81,4.1515,6/8/23 9:00,1.52,Auction Ads,auction_relation
20230807,1773468304226330 ,DK,DK,,1/1/00 0:00,18.81,4.1515,6/8/23 9:00,1.31,Auction Ads,auction_relation
20230807,1773469655129090 ,VN,,,1/1/00 0:00,10.9845,1.605,6/8/23 9:02,0.54,Non-Auction Ads,Promote
20230807,1773469915250690 ,IL,,,1/1/00 0:00,20.7322,5.592,6/8/23 9:05,0.54,Non-Auction Ads,Promote
20230807,1773469692389380 ,RO,,,1/1/00 0:00,7.8489,1.5956,6/8/23 9:02,0.54,Non-Auction Ads,Promote
20230807,1773469835545640 ,VN,VN,,1/1/00 0:00,14.8517,0.7499,6/8/23 9:01,2.14,Auction Ads,auction_relation
20230807,1773469851319340 ,VN,VN,,1/1/00 0:00,18.3595,0.7499,6/8/23 9:01,2.14,Auction Ads,auction_relation
20230807,1773469923224570 ,PH,,,1/1/00 0:00,4.6421,8.1468,6/8/23 9:06,0.54,Non-Auction Ads,Promote
20230807,1773469741983740 ,PH,,,1/1/00 0:00,9.4412,3.8263,6/8/23 9:04,0.54,Non-Auction Ads,Promote
20230807,1773470068450330 ,VN,VN,,1/1/00 0:00,4.6692,2.7398,6/8/23 9:04,2.14,Auction Ads,auction_relation
20230807,1773470068450330 ,VN,VN,,1/1/00 0:00,4.6692,2.7398,6/8/23 9:04,2.14,Auction Ads,auction_relation
20230807,1773469760690170 ,VN,,,1/1/00 0:00,7.455,0.7297,6/8/23 9:03,0.54,Non-Auction Ads,Promote
20230807,1773466267637800 ,CA,US&CA,,1/1/00 0:00,18.52,15.74,6/8/23 9:15,1.81,RIE,Ad Group Recall (Merged)
20230807,1773469967184900 ,FR,,,1/1/00 0:00,5.9976,6.3201,6/8/23 9:07,1.53,RIE,Promote Report Recall
20230807,1773469897211900 ,QA,,,1/1/00 0:00,7.3256,1.2464,6/8/23 9:04,0.54,Non-Auction Ads,Promote
20230807,1773461485409280 ,EG,,,1/1/00 0:00,1.3028,0.3019,6/8/23 9:04,1.53,RIE,Promote Report Recall
20230807,1773469902540850 ,CA,,,1/1/00 0:00,4.1423,1.6492,6/8/23 9:06,1.53,RIE,Promote Report Recall
20230807,1773469928986620 ,TR,,,1/1/00 0:00,4.1628,1.218,6/8/23 9:05,0.54,Non-Auction Ads,Promote
20230807,1773469998914560 ,VN,,,1/1/00 0:00,10.631,2.6313,6/8/23 9:06,0.54,Non-Auction Ads,Promote
20230807,1773470839734270 ,SA,,,1/1/00 0:00,12.4001,26.5011,6/8/23 9:21,0.54,Non-Auction Ads,Promote
20230807,1773469915735040 ,VN,,,1/1/00 0:00,3.5517,0.7308,6/8/23 9:06,0.54,Non-Auction Ads,Promote
20230807,1773470069382140 ,SA,,,1/1/00 0:00,11.9685,5.0516,6/8/23 9:08,0.54,Non-Auction Ads,Promote
20230807,1773471505661950 ,SA,,,1/1/00 0:00,359.3053,37.4771,6/8/23 9:31,0.54,Non-Auction Ads,Promote
20230807,1773470511467570 ,VN,VN,,1/1/00 0:00,16.88,10.26,6/8/23 9:13,2.14,Auction Ads,auction_relation
20230807,1773470170754040 ,VN,VN,,1/1/00 0:00,2.37,4.1853,6/8/23 9:07,2.14,Auction Ads,auction_relation
20230807,1773471539259390 ,SA,,,1/1/00 0:00,172.1953,37.4771,6/8/23 9:32,0.54,Non-Auction Ads,Promote
20230807,1773470666173450 ,AU,AU,,1/1/00 0:00,25.08,14.8533,6/8/23 9:16,1.84,RIE,Ad Group Recall (Merged)
20230807,1773470056518650 ,VN,,,1/1/00 0:00,2.689,2.3258,6/8/23 9:07,1.53,RIE,Promote Report Recall
20230807,1773469291179010 ,TH,,,1/1/00 0:00,0.5243,0.5448,6/8/23 9:06,1.53,RIE,Promote Report Recall
20230807,1773470020908030 ,EG,,,1/1/00 0:00,7.5856,1.2315,6/8/23 9:07,0.54,Non-Auction Ads,Promote
20230807,1773470392877060 ,FI,,,1/1/00 0:00,22.9147,7.7811,6/8/23 9:14,0.54,Non-Auction Ads,Promote
20230807,1773470281716730 ,MY,,,1/1/00 0:00,9.3148,6.5644,6/8/23 9:13,0.54,Non-Auction Ads,Promote
20230807,1773290257324080 ,EG,,,1/1/00 0:00,41.4803,4.4127,6/8/23 9:10,1.53,RIE,Promote Report Recall
20230807,1773470595037210 ,VN,VN,,1/1/00 0:00,6.4798,8.9626,6/8/23 9:15,2.14,Auction Ads,auction_relation
20230807,1773470167991290 ,VN,,,1/1/00 0:00,0,1.7561,6/8/23 9:09,0.54,Non-Auction Ads,Promote
20230807,1773471760475130 ,SA,,,1/1/00 0:00,244.9941,37.4771,6/8/23 9:35,0.54,Non-Auction Ads,Promote
20230807,1773470511257600 ,AE,,,1/1/00 0:00,15.9549,10.3488,6/8/23 9:15,0.54,Non-Auction Ads,Promote
20230807,1773470282966010 ,TR,,,1/1/00 0:00,4.3311,3.387,6/8/23 9:11,0.54,Non-Auction Ads,Promote
20230807,1773471791440890 ,SA,,,1/1/00 0:00,172.0385,37.4771,6/8/23 9:36,0.54,Non-Auction Ads,Promote
20230807,1773470155502590 ,MY,,,1/1/00 0:00,5.6548,1.88,6/8/23 9:10,0.54,Non-Auction Ads,Promote
20230807,1773470113232890 ,TH,,,1/1/00 0:00,1.9138,0.4048,6/8/23 9:10,1.53,RIE,Promote Report Recall
20230807,1773470550616110 ,VN,VN,,1/1/00 0:00,2.6285,3.266,6/8/23 9:12,2.14,Auction Ads,auction_relation
20230807,1773470355571710 ,VN,,,1/1/00 0:00,5.0358,2.504,6/8/23 9:12,0.54,Non-Auction Ads,Promote
20230807,1773470440086520 ,SA,,,1/1/00 0:00,17.2889,4.8109,6/8/23 9:14,0.54,Non-Auction Ads,Promote
20230807,1773470180108290 ,TR,,,1/1/00 0:00,0.092,0.0836,6/8/23 9:10,1.53,RIE,Promote Report Recall
20230807,1773470548519930 ,IL,,,1/1/00 0:00,20.0724,9.1124,6/8/23 9:16,0.54,Non-Auction Ads,Promote
20230807,1773470430857210 ,MY,,,1/1/00 0:00,13.6884,1.554,6/8/23 9:14,0.54,Non-Auction Ads,Promote
20230807,1773470936479770 ,DK,DK,,1/1/00 0:00,14.09,11.1739,6/8/23 9:19,1.31,Auction Ads,auction_relation
20230807,1773470936479770 ,IE,IE,,1/1/00 0:00,14.09,11.1739,6/8/23 9:19,1.52,Auction Ads,auction_relation
20230807,1773470936479770 ,VN,VN,,1/1/00 0:00,14.09,11.1739,6/8/23 9:19,2.14,Auction Ads,auction_relation
20230807,1773470936479770 ,NO,Others,,1/1/00 0:00,14.09,11.1739,6/8/23 9:19,1.56,Auction Ads,auction_all
20230807,1773470430954500 ,RO,,,1/1/00 0:00,14.6827,2.2666,6/8/23 9:15,0.54,Non-Auction Ads,Promote
20230807,1773471018159100 ,VN,VN,,1/1/00 0:00,,3.3888,6/8/23 9:15,2.14,Auction Ads,auction_relation
20230807,1773470488101920 ,ES,,,1/1/00 0:00,4.9209,1.8439,6/8/23 9:15,0.54,Non-Auction Ads,Promote
20230807,1773470462567470 ,VN,VN,,1/1/00 0:00,,0.5403,6/8/23 9:15,2.14,Auction Ads,auction_relation
20230807,1773470500017150 ,VN,,,1/1/00 0:00,8.9354,1.7684,6/8/23 9:15,0.54,Non-Auction Ads,Promote
20230807,1773470469620730 ,ID,,,1/1/00 0:00,7.8488,0.4812,6/8/23 9:15,0.54,Non-Auction Ads,Promote
20230807,1773470522114050 ,ES,,,1/1/00 0:00,5.2615,1.8439,6/8/23 9:15,0.54,Non-Auction Ads,Promote
20230807,1773470472707070 ,PL,,,1/1/00 0:00,9.4099,1.7965,6/8/23 9:16,0.54,Non-Auction Ads,Promote
20230807,1773470744291330 ,AE,,,1/1/00 0:00,24.6484,6.7077,6/8/23 9:19,0.54,Non-Auction Ads,Promote
20230807,1773470838389800 ,VN,VN,,1/1/00 0:00,,3.4944,6/8/23 9:18,2.14,Auction Ads,auction_relation
20230807,1773468183918590 ,TH,,,1/1/00 0:00,15.9533,1.063,6/8/23 9:16,0.54,Non-Auction Ads,Promote
20230807,1773470644057080 ,ID,,,1/1/00 0:00,5.2618,1.1104,6/8/23 9:16,0.54,Non-Auction Ads,Promote
20230807,1773470975385600 ,VN,VN,,1/1/00 0:00,2.9146,7.4803,6/8/23 9:20,2.14,Auction Ads,auction_relation
20230807,1773470799399930 ,VN,VN,,1/1/00 0:00,,0.3477,6/8/23 9:17,2.14,Auction Ads,auction_relation
20230807,1773470695479290 ,PH,,,1/1/00 0:00,5.4454,1.556,6/8/23 9:18,0.54,Non-Auction Ads,Promote
20230807,1773470736032770 ,ID,,,1/1/00 0:00,0.637,0.2192,6/8/23 9:18,1.53,RIE,Promote Report Recall
20230807,1773467153261610 ,US,US&CA,,1/1/00 0:00,75,8.2097,6/8/23 9:21,1.81,RIE,Ad Group Recall (Merged)
20230807,1773470829289470 ,SA,,,1/1/00 0:00,0,5.7946,6/8/23 9:20,0.54,Non-Auction Ads,Promote
20230807,1773470817854460 ,AE,,,1/1/00 0:00,10.0382,3.4835,6/8/23 9:19,0.54,Non-Auction Ads,Promote
20230807,1773494071299100 ,AE,MENA,,1/1/00 0:00,0.03,8.8029,6/8/23 9:23,1.78,Auction Ads,auction_relation
20230807,1773466773199920 ,US,US&CA,,1/1/00 0:00,256.75,8.2097,6/8/23 9:22,1.81,RIE,Ad Group Recall (Merged)
20230807,1773471358989330 ,DK,DK,,1/1/00 0:00,18.85,11.1739,6/8/23 9:23,1.31,Auction Ads,auction_relation
20230807,1773471358989330 ,IE,IE,,1/1/00 0:00,18.85,11.1739,6/8/23 9:23,1.52,Auction Ads,auction_relation
20230807,1773471358989330 ,NO,Others,,1/1/00 0:00,18.85,11.1739,6/8/23 9:23,1.56,Auction Ads,auction_all
20230807,1773470702794750 ,VN,,,1/1/00 0:00,8.3976,2.8316,6/8/23 9:19,0.54,Non-Auction Ads,Promote
20230807,1773472353475590 ,DE,,,1/1/00 0:00,54.1467,34.5066,6/8/23 9:44,0.54,Non-Auction Ads,Promote
20230807,1773470749043710 ,SA,,,1/1/00 0:00,3.1879,0.7606,6/8/23 9:19,1.53,RIE,Promote Report Recall
20230807,1773467416759330 ,NZ,Other,,1/1/00 0:00,3.44,10.2635,6/8/23 9:24,1.62,RIE,Ad Group Recall (Merged)
20230807,1773470684938240 ,ID,,,1/1/00 0:00,17.9308,0.5525,6/8/23 9:19,0.54,Non-Auction Ads,Promote
20230807,1773470769006590 ,TR,,,1/1/00 0:00,2.1372,1.1976,6/8/23 9:20,0.54,Non-Auction Ads,Promote
20230807,1773470730137600 ,GR,,,1/1/00 0:00,2.1014,0.563,6/8/23 9:19,1.53,RIE,Promote Report Recall
20230807,1773470900600830 ,VN,,,1/1/00 0:00,3.0976,1.7801,6/8/23 9:20,1.53,RIE,Promote Report Recall
20230807,1773470951189500 ,MY,,,1/1/00 0:00,11.078,3.3995,6/8/23 9:21,0.54,Non-Auction Ads,Promote
20230807,1773471041127430 ,PT,,,1/1/00 0:00,6.5956,4.231,6/8/23 9:23,1.53,RIE,Promote Report Recall
20230807,1773470948320250 ,AU,,,1/1/00 0:00,26.9475,2.9206,6/8/23 9:22,0.54,Non-Auction Ads,Promote
20230807,1773470864763900 ,MY,,,1/1/00 0:00,16.4765,1.4007,6/8/23 9:21,1.53,RIE,Promote Report Recall
20230807,1773471061955580 ,TH,,,1/1/00 0:00,7.3092,7.497,6/8/23 9:25,0.54,Non-Auction Ads,Promote
20230807,1773471716955130 ,MY,,,1/1/00 0:00,10.6167,11.9949,6/8/23 9:34,1.53,RIE,Promote Report Recall
20230807,1773490801921070 ,UY,Other,,1/1/00 0:00,8.26,2.0049,6/8/23 9:24,1.62,RIE,Ad Group Recall (Merged)
20230807,1773471128637440 ,KW,,,1/1/00 0:00,5.2488,2.701,6/8/23 9:24,0.54,Non-Auction Ads,Promote
20230807,1773471763118110 ,PK,Other,,1/1/00 0:00,24.32,9.443,6/8/23 9:34,1.62,RIE,Ad Group Recall (Merged)
20230807,1773471279030270 ,KH,,,1/1/00 0:00,5.0574,4.1923,6/8/23 9:28,0.54,Non-Auction Ads,Promote
20230807,1773471610289150 ,VN,,,1/1/00 0:00,6.2374,7.8856,6/8/23 9:33,0.54,Non-Auction Ads,Promote
20230807,1773471835777020 ,AE,,,1/1/00 0:00,27.7167,11.5793,6/8/23 9:36,0.54,Non-Auction Ads,Promote
20230807,1773471387112450 ,JP,,,1/1/00 0:00,4.365,1.07,6/8/23 9:28,1.53,RIE,Promote Report Recall
20230807,1773471377585150 ,ID,,,1/1/00 0:00,5.8434,0.7234,6/8/23 9:29,0.54,Non-Auction Ads,Promote
20230807,1773483581678590 ,DK,DK,,1/1/00 0:00,37.39,9.7843,6/8/23 9:37,1.31,Auction Ads,auction_relation
20230807,1773483581678590 ,IE,IE,,1/1/00 0:00,37.39,9.7843,6/8/23 9:37,1.52,Auction Ads,auction_relation
20230807,1773483581678590 ,NO,Others,,1/1/00 0:00,37.39,9.7843,6/8/23 9:37,1.56,Auction Ads,auction_all
20230807,1773471524210690 ,RO,,,1/1/00 0:00,11.2505,1.6887,6/8/23 9:32,0.54,Non-Auction Ads,Promote
20230807,1773472579319810 ,NL,,,1/1/00 0:00,34.3085,25.0325,6/8/23 9:48,0.54,Non-Auction Ads,Promote
20230807,1773471613015080 ,VN,VN,,1/1/00 0:00,,0.1307,6/8/23 9:30,2.14,Auction Ads,auction_relation
20230807,1773472659648530 ,VN,VN,,1/1/00 0:00,,3.3888,6/8/23 9:34,2.14,Auction Ads,auction_relation
20230807,1773471633307640 ,VN,,,1/1/00 0:00,7.9658,3.4435,6/8/23 9:35,0.54,Non-Auction Ads,Promote
20230807,1773471850726400 ,AE,,,1/1/00 0:00,2.475,8.4048,6/8/23 9:38,0.54,Non-Auction Ads,Promote
20230807,1773471556469760 ,PH,,,1/1/00 0:00,1.257,0.5284,6/8/23 9:32,1.53,RIE,Promote Report Recall
20230807,1773471769181180 ,VN,,,1/1/00 0:00,8.4878,1.8156,6/8/23 9:35,0.54,Non-Auction Ads,Promote
20230807,1773471767416830 ,ID,,,1/1/00 0:00,1.9316,0.6731,6/8/23 9:35,1.53,RIE,Promote Report Recall
20230807,1773474085058620 ,SA,,,1/1/00 0:00,191.2169,58.1116,6/8/23 10:13,0.54,Non-Auction Ads,Promote
20230807,1773471992553470 ,SA,,,1/1/00 0:00,13.2481,4.1598,6/8/23 9:38,0.54,Non-Auction Ads,Promote
20230807,1773471807657980 ,KH,,,1/1/00 0:00,3.8994,0.905,6/8/23 9:36,0.54,Non-Auction Ads,Promote
20230807,1773472529009710 ,MA,Other,,1/1/00 0:00,9.82,1.7,6/8/23 9:37,1.62,RIE,Ad Group Recall (Merged)
20230807,1773471973961720 ,SA,,,1/1/00 0:00,16.953,3.7895,6/8/23 9:39,0.54,Non-Auction Ads,Promote
20230807,1773472585667590 ,US,,,1/1/00 0:00,40.1,18.7626,6/8/23 9:49,0.54,Non-Auction Ads,Promote
20230807,1773472477635580 ,SA,,,1/1/00 0:00,82.0328,14.9561,6/8/23 9:47,0.54,Non-Auction Ads,Promote
20230807,1773468429645850 ,NO,Others,,1/1/00 0:00,0.01,6.8893,6/8/23 9:41,1.56,Auction Ads,auction_all
20230807,1773468434204720 ,NO,Others,,1/1/00 0:00,0,6.8893,6/8/23 9:41,1.56,Auction Ads,auction_all
20230807,1773468429645850 ,IE,IE,,1/1/00 0:00,0.01,6.8893,6/8/23 9:41,1.52,Auction Ads,auction_relation
20230807,1773468434204720 ,IE,IE,,1/1/00 0:00,0,6.8893,6/8/23 9:41,1.52,Auction Ads,auction_relation
20230807,1773471966792700 ,PH,,,1/1/00 0:00,7.9992,1.0196,6/8/23 9:38,0.54,Non-Auction Ads,Promote
20230807,1773472031536120 ,VN,,,1/1/00 0:00,9.1495,1.8228,6/8/23 9:39,0.54,Non-Auction Ads,Promote
20230807,1773472136301560 ,MY,,,1/1/00 0:00,1.3633,2.1986,6/8/23 9:40,1.53,RIE,Promote Report Recall
20230807,1773472203857920 ,AE,,,1/1/00 0:00,12.8343,5.975,6/8/23 9:41,0.54,Non-Auction Ads,Promote
20230807,1773472039266300 ,KH,,,1/1/00 0:00,3.0902,0.7545,6/8/23 9:39,0.54,Non-Auction Ads,Promote
20230807,1773469427158040 ,FR,FR,,1/1/00 0:00,50.31,24.1873,6/8/23 9:55,1.76,RIE,Ad Group Recall (Merged)
20230807,1773468552198170 ,IE,IE,,1/1/00 0:00,0,6.8893,6/8/23 9:42,1.52,Auction Ads,auction_relation
20230807,1773468552198170 ,NO,Others,,1/1/00 0:00,0,6.8893,6/8/23 9:42,1.56,Auction Ads,auction_all
20230807,1773472003127290 ,KH,,,1/1/00 0:00,2.9319,0.7545,6/8/23 9:39,0.54,Non-Auction Ads,Promote
20230807,1773472745878520 ,SA,,,1/1/00 0:00,0,17.3463,6/8/23 9:52,0.54,Non-Auction Ads,Promote
20230807,1773472712044540 ,SA,,,1/1/00 0:00,7.0505,15.0738,6/8/23 9:50,0.54,Non-Auction Ads,Promote
20230807,1773478661675050 ,SA,MENA,,1/1/00 0:00,28.25,21.2705,6/8/23 9:55,1.67,RIE,Ad Group Recall (Merged)
20230807,1773472137016320 ,SA,,,1/1/00 0:00,11.006,2.5478,6/8/23 9:41,0.54,Non-Auction Ads,Promote
20230807,1773472037577730 ,SA,,,1/1/00 0:00,0.5732,0.8513,6/8/23 9:41,1.53,RIE,Promote Report Recall
20230807,1773472540550140 ,SA,,,1/1/00 0:00,39.5172,9.0457,6/8/23 9:47,0.54,Non-Auction Ads,Promote
20230807,1773472317096960 ,MY,,,1/1/00 0:00,10.2854,4.2783,6/8/23 9:43,0.54,Non-Auction Ads,Promote
20230807,1773472776432640 ,IL,,,1/1/00 0:00,33.6014,12.7569,6/8/23 9:50,0.54,Non-Auction Ads,Promote
20230807,1773472257694720 ,KH,,,1/1/00 0:00,2.8578,0.4717,6/8/23 9:42,0.54,Non-Auction Ads,Promote
20230807,1773473199907840 ,KW,,,1/1/00 0:00,8.1219,23.7991,6/8/23 9:59,0.54,Non-Auction Ads,Promote
20230807,1773472985488390 ,GB,,,1/1/00 0:00,0.9563,14.7146,6/8/23 9:54,0.54,Non-Auction Ads,Promote
20230807,1773473297497100 ,VN,VN,,1/1/00 0:00,,0.9695,6/8/23 9:43,2.14,Auction Ads,auction_relation
20230807,1773472236520450 ,VN,,,1/1/00 0:00,2.1129,0.3563,6/8/23 9:43,1.53,RIE,Promote Report Recall
20230807,1773472477713410 ,PH,,,1/1/00 0:00,3.7275,3.9381,6/8/23 9:47,0.54,Non-Auction Ads,Promote
20230807,1773472790769710 ,VN,VN,,1/1/00 0:00,,3.3564,6/8/23 9:46,2.14,Auction Ads,auction_relation
20230807,1773473229497370 ,VN,VN,,1/1/00 0:00,4.853,12.0094,6/8/23 9:52,2.14,Auction Ads,auction_relation
20230807,1773472482499580 ,CA,,,1/1/00 0:00,4.8381,2.079,6/8/23 9:46,1.53,RIE,Promote Report Recall
20230807,1773472313341950 ,ID,,,1/1/00 0:00,0.5665,0.1974,6/8/23 9:43,1.53,RIE,Promote Report Recall
20230807,1773472346643450 ,ID,,,1/1/00 0:00,8.5167,0.7633,6/8/23 9:44,0.54,Non-Auction Ads,Promote
20230807,1773472649263100 ,KW,,,1/1/00 0:00,47.5367,6.1627,6/8/23 9:49,0.54,Non-Auction Ads,Promote
20230807,1773472815329280 ,VN,,,1/1/00 0:00,10.8829,7.7574,6/8/23 9:51,0.54,Non-Auction Ads,Promote
20230807,1773472292625410 ,ID,,,1/1/00 0:00,0.1616,0.4571,6/8/23 9:46,1.53,RIE,Promote Report Recall
20230807,1773469367160840 ,MY,MY,,1/1/00 0:00,29.92,12.9749,6/8/23 9:55,2.3,RIE,Ad Group Recall (Merged)
20230807,1773469367172120 ,MY,MY,,1/1/00 0:00,28.45,12.9749,6/8/23 9:55,2.3,RIE,Ad Group Recall (Merged)
20230807,1773472479067130 ,NZ,,,1/1/00 0:00,7.6544,1.1621,6/8/23 9:47,1.53,RIE,Promote Report Recall
20230807,1773472501811200 ,SA,,,1/1/00 0:00,4.9179,1.4432,6/8/23 9:47,0.54,Non-Auction Ads,Promote
20230807,1773472514541570 ,IL,,,1/1/00 0:00,7.4706,2.4586,6/8/23 9:47,0.54,Non-Auction Ads,Promote
20230807,1773473363978350 ,VN,VN,,1/1/00 0:00,12.1495,10.3238,6/8/23 9:54,2.14,Auction Ads,auction_relation
20230807,1773472572812290 ,DE,,,1/1/00 0:00,4.6553,1.6274,6/8/23 9:47,1.53,RIE,Promote Report Recall
20230807,1773473195508750 ,IT,,,1/1/00 0:00,3.4794,14.6886,6/8/23 9:58,0.54,Non-Auction Ads,Promote
20230807,1773472525587450 ,VN,,,1/1/00 0:00,4.7155,0.7066,6/8/23 9:47,0.54,Non-Auction Ads,Promote
20230807,1773472627965950 ,ID,,,1/1/00 0:00,12.3921,2.7321,6/8/23 9:50,0.54,Non-Auction Ads,Promote
20230807,1773472650649600 ,PH,,,1/1/00 0:00,1.9421,0.8411,6/8/23 9:50,1.53,RIE,Promote Report Recall
20230807,1773473918532620 ,KW,Other,,1/1/00 0:00,72.0697,20.2705,6/8/23 10:02,1.62,RIE,Ad Group Recall (Merged)
20230807,1773474889225210 ,VN,VN,,1/1/00 0:00,8.4023,20.0575,6/8/23 10:02,2.14,Auction Ads,auction_relation
20230807,1773474889225210 ,VN,VN,,1/1/00 0:00,8.4023,20.0575,6/8/23 10:02,2.14,Auction Ads,auction_relation
20230807,1773474017546240 ,SA,,,1/1/00 0:00,13.6345,33.7502,6/8/23 10:11,0.54,Non-Auction Ads,Promote
20230807,1773472890711040 ,VN,,,1/1/00 0:00,10.7978,4.9211,6/8/23 9:54,0.54,Non-Auction Ads,Promote
20230807,1773472782818370 ,AE,,,1/1/00 0:00,1.4402,1.1979,6/8/23 9:52,1.53,RIE,Promote Report Recall
20230807,1773472878924800 ,ID,,,1/1/00 0:00,7.4579,1.135,6/8/23 9:52,0.54,Non-Auction Ads,Promote
20230807,1773472878924800 ,ID,,,1/1/00 0:00,7.4579,1.135,6/8/23 9:52,0.54,Non-Auction Ads,Promote
20230807,1773472789197830 ,HU,,,1/1/00 0:00,0.6922,0.5046,6/8/23 9:52,1.53,RIE,Promote Report Recall
20230807,1773473144061950 ,SA,,,1/1/00 0:00,6.0855,5.8084,6/8/23 9:57,0.54,Non-Auction Ads,Promote
20230807,1773473110962170 ,AE,,,1/1/00 0:00,8.4262,5.178,6/8/23 9:57,0.54,Non-Auction Ads,Promote
20230807,1773471678784510 ,EG,,,1/1/00 0:00,3.8331,2.7697,6/8/23 9:55,0.54,Non-Auction Ads,Promote
20230807,1773473507261440 ,VN,VN,,1/1/00 0:00,9.7813,10.3238,6/8/23 10:00,2.14,Auction Ads,auction_relation
20230807,1773473093186560 ,GR,,,1/1/00 0:00,2.2241,2.4549,6/8/23 9:56,0.54,Non-Auction Ads,Promote
20230807,1773472832520190 ,ID,,,1/1/00 0:00,2.077,0.4404,6/8/23 9:56,1.53,RIE,Promote Report Recall
20230807,1773473131676670 ,PH,,,1/1/00 0:00,9.7306,2.3224,6/8/23 9:57,0.54,Non-Auction Ads,Promote
20230807,1773473429279760 ,SA,MENA,,1/1/00 0:00,9.54,3.3913,6/8/23 9:58,1.67,RIE,Ad Group Recall (Merged)
20230807,1773473110292480 ,ID,,,1/1/00 0:00,15.171,1.0373,6/8/23 9:57,0.54,Non-Auction Ads,Promote
20230807,1773473159181310 ,VN,,,1/1/00 0:00,12.7334,1.9341,6/8/23 9:58,0.54,Non-Auction Ads,Promote
20230807,1773473227827200 ,TH,,,1/1/00 0:00,31.7909,1.3398,6/8/23 9:58,0.54,Non-Auction Ads,Promote
20230807,1773473313439740 ,DE,,,1/1/00 0:00,10.9229,6.3448,6/8/23 10:00,0.54,Non-Auction Ads,Promote
20230807,1773474333445120 ,SA,,,1/1/00 0:00,73.8202,33.7502,6/8/23 10:16,0.54,Non-Auction Ads,Promote
20230807,1773473216766970 ,KW,,,1/1/00 0:00,17.0204,3.1319,6/8/23 9:59,0.54,Non-Auction Ads,Promote
20230807,1773473298533370 ,TH,,,1/1/00 0:00,4.5938,1.9525,6/8/23 10:00,1.53,RIE,Promote Report Recall
20230807,1773474469376000 ,GB,,,1/1/00 0:00,55.7149,34.5002,6/8/23 10:18,0.54,Non-Auction Ads,Promote
20230807,1773473365056510 ,SA,,,1/1/00 0:00,7.5596,3.7078,6/8/23 10:01,0.54,Non-Auction Ads,Promote
20230807,1773473348874240 ,PT,,,1/1/00 0:00,0.8366,0.9092,6/8/23 10:00,1.53,RIE,Promote Report Recall
20230807,1773473365628930 ,AT,,,1/1/00 0:00,6.537,3.7887,6/8/23 10:01,1.53,RIE,Promote Report Recall
20230807,1773513615920160 ,DE,DE,,1/1/00 0:00,16.7964,15.5412,6/8/23 10:08,1.01,Auction Ads,auction_relation
20230807,1773473220655100 ,ID,,,1/1/00 0:00,5.0633,0.7527,6/8/23 10:00,0.54,Non-Auction Ads,Promote
20230807,1773473321117690 ,NZ,,,1/1/00 0:00,4.8791,1.5738,6/8/23 10:00,1.53,RIE,Promote Report Recall
20230807,1773473293711360 ,PH,,,1/1/00 0:00,1.5152,0.3038,6/8/23 10:00,1.53,RIE,Promote Report Recall
20230807,1773473666432040 ,VN,VN,,1/1/00 0:00,12.1304,4.2654,6/8/23 10:03,2.14,Auction Ads,auction_relation
20230807,1773473516230660 ,US,,,1/1/00 0:00,5.6,5.0291,6/8/23 10:03,1.53,RIE,Promote Report Recall
20230807,1773473620848640 ,SA,,,1/1/00 0:00,3.5052,5.1945,6/8/23 10:04,1.53,RIE,Promote Report Recall
20230807,1773473525287930 ,SA,,,1/1/00 0:00,15.8205,3.6098,6/8/23 10:03,0.54,Non-Auction Ads,Promote
20230807,1773474097749040 ,VN,VN,,1/1/00 0:00,8.9502,10.3238,6/8/23 10:08,2.14,Auction Ads,auction_relation
20230807,1773473493622780 ,TR,,,1/1/00 0:00,7.2926,2.0499,6/8/23 10:03,0.54,Non-Auction Ads,Promote
20230807,1773473779353600 ,IT,,,1/1/00 0:00,1.4642,7.2893,6/8/23 10:07,1.53,RIE,Promote Report Recall
20230807,1773473489767420 ,VN,,,1/1/00 0:00,0.3246,0.1655,6/8/23 10:03,1.53,RIE,Promote Report Recall
20230807,1773473449553920 ,SA,,,1/1/00 0:00,5.6457,4.065,6/8/23 10:06,0.54,Non-Auction Ads,Promote
20230807,1773473653606400 ,PH,,,1/1/00 0:00,10.5281,2.7588,6/8/23 10:05,0.54,Non-Auction Ads,Promote
20230807,1773473662566460 ,MY,,,1/1/00 0:00,0.7859,1.3778,6/8/23 10:04,1.53,RIE,Promote Report Recall
20230807,1773473644109820 ,ID,,,1/1/00 0:00,18.7199,1.1227,6/8/23 10:05,0.54,Non-Auction Ads,Promote
20230807,1773473795475450 ,SA,,,1/1/00 0:00,9.2417,3.5117,6/8/23 10:07,0.54,Non-Auction Ads,Promote
20230807,1773473868650490 ,PH,,,1/1/00 0:00,7.068,7.6564,6/8/23 10:09,0.54,Non-Auction Ads,Promote
20230807,1773473668911110 ,HU,,,1/1/00 0:00,7.9213,1.1963,6/8/23 10:06,0.54,Non-Auction Ads,Promote
20230807,1773474260643870 ,NO,Others,,1/1/00 0:00,9.7,11.66,6/8/23 10:13,1.56,Auction Ads,auction_all
20230807,1773473702003710 ,VN,,,1/1/00 0:00,3.4511,0.7066,6/8/23 10:06,0.54,Non-Auction Ads,Promote
20230807,1773473707249660 ,SA,,,1/1/00 0:00,18.8428,1.0925,6/8/23 10:07,0.54,Non-Auction Ads,Promote
20230807,1773473770272770 ,GR,,,1/1/00 0:00,2.1898,0.8021,6/8/23 10:07,1.53,RIE,Promote Report Recall
20230807,1773473961819150 ,VN,VN,,1/1/00 0:00,,3.1549,6/8/23 10:08,2.14,Auction Ads,auction_relation
20230807,1773473862328320 ,ID,,,1/1/00 0:00,5.6073,1.997,6/8/23 10:08,0.54,Non-Auction Ads,Promote
20230807,1773473826382850 ,SA,,,1/1/00 0:00,15.6444,1.0925,6/8/23 10:08,0.54,Non-Auction Ads,Promote
20230807,1773474586502170 ,VN,VN,,1/1/00 0:00,9.5932,10.3238,6/8/23 10:13,2.14,Auction Ads,auction_relation
20230807,1773473879663610 ,KH,,,1/1/00 0:00,1.901,0.3806,6/8/23 10:08,0.54,Non-Auction Ads,Promote
20230807,1773474311291930 ,VN,VN,,1/1/00 0:00,20.1,7.6923,6/8/23 10:13,2.14,Auction Ads,auction_relation
20230807,1773473823673340 ,SA,,,1/1/00 0:00,2.6978,0.7706,6/8/23 10:08,1.53,RIE,Promote Report Recall
20230807,1773474294317090 ,NO,Others,,1/1/00 0:00,20.22,11.66,6/8/23 10:14,1.56,Auction Ads,auction_all
20230807,1773474294317090 ,DK,DK,,1/1/00 0:00,20.22,11.66,6/8/23 10:14,1.31,Auction Ads,auction_relation
20230807,1773474294317090 ,IE,IE,,1/1/00 0:00,20.22,11.66,6/8/23 10:14,1.52,Auction Ads,auction_relation
20230807,1773474273186810 ,SA,,,1/1/00 0:00,27.2872,15.8382,6/8/23 10:17,0.54,Non-Auction Ads,Promote
20230807,1773473956509690 ,VN,,,1/1/00 0:00,4.0132,2.4278,6/8/23 10:09,1.53,RIE,Promote Report Recall
20230807,1773474066489340 ,KW,,,1/1/00 0:00,19.1081,5.8948,6/8/23 10:13,0.54,Non-Auction Ads,Promote
20230807,1773473934473210 ,ID,,,1/1/00 0:00,6.2331,0.8782,6/8/23 10:09,0.54,Non-Auction Ads,Promote
20230807,1773474146418730 ,VN,VN,,1/1/00 0:00,5.5494,2.7936,6/8/23 10:11,2.14,Auction Ads,auction_relation
20230807,1773473895515130 ,KH,,,1/1/00 0:00,4.8081,1.3794,6/8/23 10:09,0.54,Non-Auction Ads,Promote
20230807,1773474147349510 ,US,,,1/1/00 0:00,9.72,3.4413,6/8/23 10:12,1.53,RIE,Promote Report Recall
20230807,1773474443560960 ,IL,,,1/1/00 0:00,6.5801,18.3072,6/8/23 10:19,0.54,Non-Auction Ads,Promote
20230807,1773474443560960 ,IL,,,1/1/00 0:00,6.5801,18.3072,6/8/23 10:19,0.54,Non-Auction Ads,Promote
20230807,1773476137639950 ,VN,VN,,1/1/00 0:00,17.9903,57.636,6/8/23 10:44,2.14,Auction Ads,auction_relation
20230807,1773473914423290 ,MY,,,1/1/00 0:00,7.8947,0.4133,6/8/23 10:10,0.54,Non-Auction Ads,Promote
20230807,1773470897604620 ,GB,GB,,1/1/00 0:00,105.4404,9.1353,6/8/23 10:15,1.76,Auction Ads,auction_relation
20230807,1773473977596930 ,AE,,,1/1/00 0:00,16.9237,1.4736,6/8/23 10:12,0.54,Non-Auction Ads,Promote
20230807,1773474430713890 ,NO,Others,,1/1/00 0:00,20.2,7.6923,6/8/23 10:15,1.56,Auction Ads,auction_all
20230807,1773474123830270 ,SA,,,1/1/00 0:00,1.6927,3.308,6/8/23 10:14,1.53,RIE,Promote Report Recall
20230807,1773474263857210 ,JP,,,1/1/00 0:00,29.0272,3.729,6/8/23 10:14,0.54,Non-Auction Ads,Promote
20230807,1773474279659520 ,PH,,,1/1/00 0:00,17.2155,2.6852,6/8/23 10:14,0.54,Non-Auction Ads,Promote
20230807,1773474154174460 ,VN,,,1/1/00 0:00,1.2014,0.7358,6/8/23 10:13,1.53,RIE,Promote Report Recall
20230807,1773474283863040 ,VN,,,1/1/00 0:00,17.9837,1.6532,6/8/23 10:15,0.54,Non-Auction Ads,Promote
20230807,1773474291501050 ,KR,,,1/1/00 0:00,0.5465,4.4112,6/8/23 10:16,1.53,RIE,Promote Report Recall
20230807,1773474580107280 ,VN,VN,,1/1/00 0:00,21.04,7.6923,6/8/23 10:17,2.14,Auction Ads,auction_relation
20230807,1773474580107280 ,SG,SG,,1/1/00 0:00,21.04,7.6923,6/8/23 10:17,1.94,Auction Ads,auction_relation
20230807,1773474580107280 ,MA,MA,,1/1/00 0:00,21.04,7.6923,6/8/23 10:17,1.51,Auction Ads,auction_relation
20230807,1773474580107280 ,JO,Others,,1/1/00 0:00,21.04,7.6923,6/8/23 10:17,1.56,Auction Ads,auction_all
20230807,1773474447203340 ,GB,GB,,1/1/00 0:00,6.84,3.5341,6/8/23 10:16,1.72,RIE,Ad Group Recall (Merged)
20230807,1773474442250240 ,IL,,,1/1/00 0:00,20.3709,12.7569,6/8/23 10:20,1.53,RIE,Promote Report Recall
20230807,1773474235778040 ,PH,,,1/1/00 0:00,10.1697,1.1043,6/8/23 10:15,0.54,Non-Auction Ads,Promote
20230807,1773474751241230 ,DK,DK,,1/1/00 0:00,20.31,11.66,6/8/23 10:20,1.31,Auction Ads,auction_relation
20230807,1773474751241230 ,IE,IE,,1/1/00 0:00,20.31,11.66,6/8/23 10:20,1.52,Auction Ads,auction_relation
20230807,1773474751241230 ,NO,Others,,1/1/00 0:00,20.31,11.66,6/8/23 10:20,1.56,Auction Ads,auction_all
20230807,1773474447975420 ,TR,,,1/1/00 0:00,0.6938,3.0014,6/8/23 10:17,0.54,Non-Auction Ads,Promote
20230807,1773474308860930 ,SA,,,1/1/00 0:00,4.9048,1.6942,6/8/23 10:16,0.54,Non-Auction Ads,Promote
20230807,1773474447281150 ,CA,,,1/1/00 0:00,3.567,4.5815,6/8/23 10:18,1.53,RIE,Promote Report Recall
20230807,1773474934451240 ,VN,VN,,1/1/00 0:00,27.7809,12.9208,6/8/23 10:23,2.14,Auction Ads,auction_relation
20230807,1773474486585340 ,VN,,,1/1/00 0:00,20.1871,1.9117,6/8/23 10:17,0.54,Non-Auction Ads,Promote
20230807,1773474494314490 ,IL,,,1/1/00 0:00,8.2083,3.7767,6/8/23 10:19,0.54,Non-Auction Ads,Promote
20230807,1773471983284270 ,CA,US&CA,,1/1/00 0:00,9.01,13.5432,6/8/23 10:24,1.81,RIE,Ad Group Recall (Merged)
20230807,1773474586153980 ,VN,,,1/1/00 0:00,5.5572,5.6573,6/8/23 10:20,0.54,Non-Auction Ads,Promote
20230807,1773474594354190 ,VN,VN,,1/1/00 0:00,0.67,1.2209,6/8/23 10:18,2.14,Auction Ads,auction_relation
20230807,1773474600849400 ,AE,,,1/1/00 0:00,0,7.4153,6/8/23 10:20,0.54,Non-Auction Ads,Promote
20230807,1773471210911770 ,GB,GB,,1/1/00 0:00,105.2421,9.1353,6/8/23 10:22,1.76,Auction Ads,auction_relation
20230807,1773471210911770 ,ES,ES,,1/1/00 0:00,105.2421,9.1353,6/8/23 10:22,1.37,Auction Ads,auction_relation
20230807,1773474523801600 ,TR,,,1/1/00 0:00,1.4205,4.0849,6/8/23 10:19,0.54,Non-Auction Ads,Promote
20230807,1773474911686680 ,FR,FR,,1/1/00 0:00,4.4261,10.828,6/8/23 10:24,1.76,RIE,Ad Group Recall (Merged)
20230807,1773474250099710 ,BR,,,1/1/00 0:00,3.3367,2.6511,6/8/23 10:19,1.53,RIE,Promote Report Recall
20230807,1773474502340610 ,ID,,,1/1/00 0:00,5.2604,0.7205,6/8/23 10:18,0.54,Non-Auction Ads,Promote
20230807,1773473405935620 ,EG,,,1/1/00 0:00,4.2726,2.0582,6/8/23 10:19,0.54,Non-Auction Ads,Promote
20230807,1773475291581440 ,SA,,,1/1/00 0:00,9.4792,16.7879,6/8/23 10:30,0.54,Non-Auction Ads,Promote
20230807,1773471106470920 ,CA,US&CA,,1/1/00 0:00,0,4.1615,6/8/23 10:22,1.81,RIE,Ad Group Recall (Merged)
20230807,1773471106470920 ,US,US&CA,,1/1/00 0:00,0,4.1615,6/8/23 10:22,1.81,RIE,Ad Group Recall (Merged)
20230807,1773474625603580 ,VN,,,1/1/00 0:00,34.9245,1.4219,6/8/23 10:21,0.54,Non-Auction Ads,Promote
20230807,1773476505836580 ,DE,,,1/1/00 0:00,15.9218,49.0539,6/8/23 10:51,0.54,Non-Auction Ads,Promote
20230807,1773475249268730 ,AE,,,1/1/00 0:00,47.0365,13.9885,6/8/23 10:31,0.54,Non-Auction Ads,Promote
20230807,1773474860145660 ,TH,,,1/1/00 0:00,30.3623,8.3866,6/8/23 10:26,0.54,Non-Auction Ads,Promote
20230807,1773474870368250 ,ID,,,1/1/00 0:00,21.5673,3.7784,6/8/23 10:24,0.54,Non-Auction Ads,Promote
20230807,1773474796349440 ,SA,,,1/1/00 0:00,7.2422,2.8482,6/8/23 10:23,0.54,Non-Auction Ads,Promote
20230807,1773475045317680 ,ZA,Other,,1/1/00 0:00,22.38,2.0822,6/8/23 10:23,1.62,RIE,Ad Group Recall (Merged)
20230807,1773475013658670 ,VN,VN,,1/1/00 0:00,,6.7116,6/8/23 10:25,2.14,Auction Ads,auction_relation
20230807,1773474671457280 ,ID,,,1/1/00 0:00,0.7974,0.458,6/8/23 10:22,1.53,RIE,Promote Report Recall
20230807,1773475628056570 ,MY,,,1/1/00 0:00,53.6669,22.839,6/8/23 10:38,0.54,Non-Auction Ads,Promote
20230807,1773474873613350 ,SA,,,1/1/00 0:00,13.1419,2.8482,6/8/23 10:25,0.54,Non-Auction Ads,Promote
20230807,1773475095277570 ,TR,,,1/1/00 0:00,0.6204,7.6586,6/8/23 10:30,0.54,Non-Auction Ads,Promote
20230807,1773474821992450 ,IT,,,1/1/00 0:00,0.1651,0.7927,6/8/23 10:24,1.53,RIE,Promote Report Recall
20230807,1773474911197220 ,EG,,,1/1/00 0:00,4.3493,2.3081,6/8/23 10:25,0.54,Non-Auction Ads,Promote
20230807,1773475151989790 ,VN,VN,,1/1/00 0:00,,2.8531,6/8/23 10:25,2.14,Auction Ads,auction_relation
20230807,1773475151980540 ,VN,VN,,1/1/00 0:00,,2.8531,6/8/23 10:25,2.14,Auction Ads,auction_relation
20230807,1773475151962140 ,VN,VN,,1/1/00 0:00,,2.8531,6/8/23 10:25,2.14,Auction Ads,auction_relation
20230807,1773475347757050 ,SA,,,1/1/00 0:00,3.3184,9.5934,6/8/23 10:31,0.54,Non-Auction Ads,Promote
20230807,1773475088129020 ,TR,,,1/1/00 0:00,2.0662,5.3491,6/8/23 10:28,0.54,Non-Auction Ads,Promote
20230807,1773475149713400 ,SA,,,1/1/00 0:00,37.5364,4.5868,6/8/23 10:28,0.54,Non-Auction Ads,Promote
20230807,1773475082948610 ,SA,MENA,,1/1/00 0:00,27.65,3.3555,6/8/23 10:26,1.67,RIE,Ad Group Recall (Merged)
20230807,1773474888010750 ,VN,,,1/1/00 0:00,0.1355,0.1678,6/8/23 10:25,1.53,RIE,Promote Report Recall
20230807,1773475693857790 ,SA,,,1/1/00 0:00,59.9747,19.4671,6/8/23 10:38,0.54,Non-Auction Ads,Promote
20230807,1773476457629690 ,SA,,,1/1/00 0:00,27.3007,39.6574,6/8/23 10:50,0.54,Non-Auction Ads,Promote
20230807,1773476457629690 ,SA,,,1/1/00 0:00,27.3007,39.6574,6/8/23 10:50,0.54,Non-Auction Ads,Promote
20230807,1773475014702080 ,EG,,,1/1/00 0:00,4.1612,2.0582,6/8/23 10:27,0.54,Non-Auction Ads,Promote
20230807,1773472117340160 ,EG,MENA,,1/1/00 0:00,0,9.3943,6/8/23 10:33,1.78,Auction Ads,auction_relation
20230807,1773472117340160 ,US,USCA,,1/1/00 0:00,0,9.3943,6/8/23 10:33,1.78,Auction Ads,auction_relation
20230807,1773475298028540 ,VN,,,1/1/00 0:00,79.6294,4.5248,6/8/23 10:31,0.54,Non-Auction Ads,Promote
20230807,1773475080350720 ,ID,,,1/1/00 0:00,2.052,0.8244,6/8/23 10:29,1.53,RIE,Promote Report Recall
20230807,1773475122834430 ,PH,,,1/1/00 0:00,0.6791,0.2266,6/8/23 10:29,1.53,RIE,Promote Report Recall
20230807,1773475351754800 ,FR,,,1/1/00 0:00,11.4571,6.0345,6/8/23 10:32,0.54,Non-Auction Ads,Promote
20230807,1773475146683390 ,AU,AU,,1/1/00 0:00,11.84,7.6923,6/8/23 10:33,1.84,Auction Ads,auction_relation
20230807,1773475254692870 ,EG,,,1/1/00 0:00,1.6942,0.8313,6/8/23 10:30,0.54,Non-Auction Ads,Promote
20230807,1773475128260610 ,BR,,,1/1/00 0:00,12.4042,3.2765,6/8/23 10:32,0.54,Non-Auction Ads,Promote
20230807,1773475310669820 ,ID,,,1/1/00 0:00,13.5098,3.232,6/8/23 10:32,0.54,Non-Auction Ads,Promote
20230807,1773475379849230 ,VN,VN,,1/1/00 0:00,,3.5987,6/8/23 10:32,2.14,Auction Ads,auction_relation
20230807,1773475242778620 ,VN,,,1/1/00 0:00,6.8772,0.572,6/8/23 10:31,0.54,Non-Auction Ads,Promote
20230807,1773475685819390 ,ES,,,1/1/00 0:00,6.9352,13.5682,6/8/23 10:39,0.54,Non-Auction Ads,Promote
20230807,1773475326527480 ,ID,,,1/1/00 0:00,4.9663,0.9953,6/8/23 10:32,0.54,Non-Auction Ads,Promote
20230807,1773475787524090 ,SA,,,1/1/00 0:00,8.2472,20.5111,6/8/23 10:44,0.54,Non-Auction Ads,Promote
20230807,1773475670706240 ,DE,,,1/1/00 0:00,9.976,8.8987,6/8/23 10:37,1.53,RIE,Promote Report Recall
20230807,1773475463790590 ,KW,,,1/1/00 0:00,9.51,4.0701,6/8/23 10:34,0.54,Non-Auction Ads,Promote
20230807,1773475361122300 ,TH,,,1/1/00 0:00,29.2213,2.1958,6/8/23 10:33,0.54,Non-Auction Ads,Promote
20230807,1773475430182910 ,VN,,,1/1/00 0:00,0.1752,2.1888,6/8/23 10:33,1.53,RIE,Promote Report Recall
20230807,1773475714406400 ,EG,,,1/1/00 0:00,4.5877,9.6765,6/8/23 10:38,0.54,Non-Auction Ads,Promote
20230807,1773471933794320 ,PL,PL,,1/1/00 0:00,5.7125,6.4405,6/8/23 10:36,1.84,RIE,Ad Group Recall (Merged)
20230807,1773475406219260 ,ID,,,1/1/00 0:00,0.0644,0.3923,6/8/23 10:33,1.53,RIE,Promote Report Recall
20230807,1773475569712120 ,SA,,,1/1/00 0:00,9.876,4.3149,6/8/23 10:35,1.53,RIE,Promote Report Recall
20230807,1773475557823500 ,VN,VN,,1/1/00 0:00,,1.6248,6/8/23 10:34,2.14,Auction Ads,auction_relation
20230807,1773475927753730 ,ES,,,1/1/00 0:00,6.0984,13.5682,6/8/23 10:43,0.54,Non-Auction Ads,Promote
20230807,1773475623211000 ,SA,,,1/1/00 0:00,9.796,4.3149,6/8/23 10:35,0.54,Non-Auction Ads,Promote
20230807,1773476237602860 ,NZ,Other,,1/1/00 0:00,7.95,8.5118,6/8/23 10:39,1.62,RIE,Ad Group Recall (Merged)
20230807,1773476057600010 ,VN,VN,,1/1/00 0:00,,11.9848,6/8/23 10:42,2.14,Auction Ads,auction_relation
20230807,1773475633584160 ,VN,VN,,1/1/00 0:00,0,0.4144,6/8/23 10:34,2.14,Auction Ads,auction_relation
20230807,1773475504907260 ,PH,,,1/1/00 0:00,6.0937,2.7144,6/8/23 10:35,0.54,Non-Auction Ads,Promote
20230807,1773477395900430 ,HU,Others,,1/1/00 0:00,,52.9193,6/8/23 11:02,1.56,Auction Ads,auction_all
20230807,1773477395900430 ,QA,Others,,1/1/00 0:00,,52.9193,6/8/23 11:02,1.56,Auction Ads,auction_all
20230807,1773477395900430 ,PL,PL,,1/1/00 0:00,,52.9193,6/8/23 11:02,1.64,Auction Ads,auction_relation
20230807,1773477395900430 ,GR,GR,,1/1/00 0:00,,52.9193,6/8/23 11:02,2.11,Auction Ads,auction_relation
20230807,1773477395900430 ,QA,Others,,1/1/00 0:00,,52.9193,6/8/23 11:02,1.56,Auction Ads,auction_all
20230807,1773477395900430 ,CZ,CZ,,1/1/00 0:00,,52.9193,6/8/23 11:02,1.9,Auction Ads,auction_relation
20230807,1773477395900430 ,QA,Others,,1/1/00 0:00,,52.9193,6/8/23 11:02,1.56,Auction Ads,auction_all
20230807,1773477395900430 ,RO,RO,,1/1/00 0:00,,52.9193,6/8/23 11:02,1.94,Auction Ads,auction_relation
20230807,1773475573434370 ,AE,,,1/1/00 0:00,7.115,3.6057,6/8/23 10:36,0.54,Non-Auction Ads,Promote
20230807,1773475569509370 ,KH,,,1/1/00 0:00,2.7606,1.0215,6/8/23 10:35,0.54,Non-Auction Ads,Promote
20230807,1773475652483120 ,VN,VN,,1/1/00 0:00,,0.3941,6/8/23 10:34,2.14,Auction Ads,auction_relation
20230807,1773475662666750 ,VN,VN,,1/1/00 0:00,,0.3941,6/8/23 10:34,2.14,Auction Ads,auction_relation
20230807,1773475409113090 ,EG,,,1/1/00 0:00,0.9056,0.3704,6/8/23 10:35,1.53,RIE,Promote Report Recall
20230807,1773476037795840 ,DE,,,1/1/00 0:00,55.43,11.2511,6/8/23 10:43,0.54,Non-Auction Ads,Promote
20230807,1773476116612100 ,ES,,,1/1/00 0:00,5.4266,13.5682,6/8/23 10:45,0.54,Non-Auction Ads,Promote
20230807,1773477621782640 ,IE,IE,,1/1/00 0:00,16.09,10.1176,6/8/23 10:43,1.52,Auction Ads,auction_relation
20230807,1773477621782640 ,NO,Others,,1/1/00 0:00,16.09,10.1176,6/8/23 10:43,1.56,Auction Ads,auction_all
20230807,1773477621782640 ,DK,DK,,1/1/00 0:00,16.09,10.1176,6/8/23 10:43,1.31,Auction Ads,auction_relation
20230807,1773475760963580 ,SA,,,1/1/00 0:00,0,3.9203,6/8/23 10:39,0.54,Non-Auction Ads,Promote
20230807,1773475698137090 ,HU,,,1/1/00 0:00,3.9545,0.9007,6/8/23 10:38,0.54,Non-Auction Ads,Promote
20230807,1773475803128830 ,SA,,,1/1/00 0:00,2.2978,3.7831,6/8/23 10:39,1.53,RIE,Promote Report Recall
20230807,1773475798498310 ,TR,,,1/1/00 0:00,2.5214,1.5722,6/8/23 10:38,0.54,Non-Auction Ads,Promote
20230807,1773475791564800 ,ID,,,1/1/00 0:00,9.5423,4.4836,6/8/23 10:41,0.54,Non-Auction Ads,Promote
20230807,1773475530020870 ,EG,,,1/1/00 0:00,3.4704,4.043,6/8/23 10:41,0.54,Non-Auction Ads,Promote
20230807,1773475713631230 ,SA,,,1/1/00 0:00,3.708,1.7899,6/8/23 10:39,0.54,Non-Auction Ads,Promote
20230807,1773476239023100 ,ES,,,1/1/00 0:00,5.6912,13.5682,6/8/23 10:47,0.54,Non-Auction Ads,Promote
20230807,1773475870554110 ,KW,,,1/1/00 0:00,16.6956,2.0215,6/8/23 10:40,0.54,Non-Auction Ads,Promote
20230807,1773475918420990 ,HU,,,1/1/00 0:00,2.8886,2.9367,6/8/23 10:42,1.53,RIE,Promote Report Recall
20230807,1773476263138300 ,IL,,,1/1/00 0:00,26.3279,8.4287,6/8/23 10:46,0.54,Non-Auction Ads,Promote
20230807,1773476009596920 ,KH,,,1/1/00 0:00,4.4545,0.8151,6/8/23 10:42,0.54,Non-Auction Ads,Promote
20230807,1773475778068480 ,MY,,,1/1/00 0:00,0.0571,1.3493,6/8/23 10:42,1.53,RIE,Promote Report Recall
20230807,1773476380359680 ,NO,Others,,1/1/00 0:00,20.32,7.6923,6/8/23 10:47,1.56,Auction Ads,auction_all
20230807,1773476360649720 ,IL,,,1/1/00 0:00,21.1556,8.4287,6/8/23 10:47,0.54,Non-Auction Ads,Promote
20230807,1773475980414970 ,TH,,,1/1/00 0:00,1.3702,0.7675,6/8/23 10:43,1.53,RIE,Promote Report Recall
20230807,1773476054146050 ,PH,,,1/1/00 0:00,14.772,2.5509,6/8/23 10:44,0.54,Non-Auction Ads,Promote
20230807,1773476048487420 ,BR,,,1/1/00 0:00,7.7994,4.8116,6/8/23 10:46,0.54,Non-Auction Ads,Promote
20230807,1773435026559020 ,FR,FR,,1/1/00 0:00,1075.5495,34.564,6/8/23 11:00,1.76,RIE,Ad Group Recall (Merged)
20230807,1773476862905390 ,SA,MENA,,1/1/00 0:00,65.9007,11.754,6/8/23 10:49,1.78,Auction Ads,auction_relation
20230807,1773476862905390 ,SA,MENA,,1/1/00 0:00,65.9007,11.754,6/8/23 10:49,1.78,Auction Ads,auction_relation
20230807,1773476301332480 ,SA,,,1/1/00 0:00,34.2631,6.4406,6/8/23 10:47,0.54,Non-Auction Ads,Promote
20230807,1773476073527290 ,SA,,,1/1/00 0:00,3.4998,1.1328,6/8/23 10:44,1.53,RIE,Promote Report Recall
20230807,1773476355689470 ,SA,,,1/1/00 0:00,7.9912,6.4406,6/8/23 10:48,0.54,Non-Auction Ads,Promote
20230807,1773476099957760 ,PH,,,1/1/00 0:00,3.65,0.756,6/8/23 10:44,0.54,Non-Auction Ads,Promote
20230807,1773476365222910 ,DE,,,1/1/00 0:00,11.3852,6.3003,6/8/23 10:48,0.54,Non-Auction Ads,Promote
20230807,1773476270155770 ,SA,,,1/1/00 0:00,13.557,2.4684,6/8/23 10:47,0.54,Non-Auction Ads,Promote
20230807,1773476367895550 ,AE,,,1/1/00 0:00,24.2803,8.6424,6/8/23 10:49,0.54,Non-Auction Ads,Promote
20230807,1773476398299130 ,SA,,,1/1/00 0:00,14.874,6.4406,6/8/23 10:49,0.54,Non-Auction Ads,Promote
20230807,1773480254727200 ,NO,Others,,1/1/00 0:00,454.28,92.411,6/8/23 11:32,1.56,Auction Ads,auction_all
20230807,1773480254727200 ,DK,DK,,1/1/00 0:00,454.28,92.411,6/8/23 11:32,1.31,Auction Ads,auction_relation
20230807,1773476339932180 ,TR,,,1/1/00 0:00,3.3143,2.099,6/8/23 10:47,0.54,Non-Auction Ads,Promote
20230807,1773476139310080 ,TR,,,1/1/00 0:00,0.2829,0.2137,6/8/23 10:46,1.53,RIE,Promote Report Recall
20230807,1773476329746430 ,SA,,,1/1/00 0:00,9.8357,2.4684,6/8/23 10:48,0.54,Non-Auction Ads,Promote
20230807,1773477647551490 ,IQ,Others,,1/1/00 0:00,141.26,11.6766,6/8/23 10:53,1.56,Auction Ads,auction_all
20230807,1773477647551490 ,IQ,Other,,1/1/00 0:00,141.26,11.6766,6/8/23 10:53,1.62,RIE,Ad Group Recall (Merged)
20230807,1773472833426480 ,BE,Other,,1/1/00 0:00,57.16,7.4758,6/8/23 10:50,1.62,RIE,Ad Group Recall (Merged)
20230807,1773476215915520 ,ID,,,1/1/00 0:00,1.5317,1.1133,6/8/23 10:48,1.53,RIE,Promote Report Recall
20230807,1773476445816830 ,VN,,,1/1/00 0:00,23.455,1.1729,6/8/23 10:49,0.54,Non-Auction Ads,Promote
20230807,1773476464431100 ,MY,,,1/1/00 0:00,17.4228,2.7275,6/8/23 10:49,0.54,Non-Auction Ads,Promote
20230807,1773476366254080 ,PH,,,1/1/00 0:00,0.2259,0.0926,6/8/23 10:49,1.53,RIE,Promote Report Recall
20230807,1773476465228800 ,PH,,,1/1/00 0:00,12.1421,1.1147,6/8/23 10:49,0.54,Non-Auction Ads,Promote
20230807,1773473189714940 ,BR,BR,,1/1/00 0:00,21.52,15.9446,6/8/23 10:57,1.7,RIE,Ad Group Recall (Merged)
20230807,1773476654472190 ,SA,,,1/1/00 0:00,12.7176,6.3551,6/8/23 10:53,0.54,Non-Auction Ads,Promote
20230807,1773476446520320 ,MY,,,1/1/00 0:00,18.0043,2.241,6/8/23 10:50,0.54,Non-Auction Ads,Promote
20230807,1773476462178300 ,VN,,,1/1/00 0:00,0.4725,0.1682,6/8/23 10:50,1.53,RIE,Promote Report Recall
20230807,1773476530184190 ,ID,,,1/1/00 0:00,4.095,1.0807,6/8/23 10:51,0.54,Non-Auction Ads,Promote
20230807,1773476533476350 ,SA,,,1/1/00 0:00,10.0732,1.4601,6/8/23 10:51,0.54,Non-Auction Ads,Promote
20230807,1773476826049530 ,AU,,,1/1/00 0:00,40.2465,11.0018,6/8/23 10:56,1.53,RIE,Promote Report Recall
20230807,1773477002824730 ,IE,IE,,1/1/00 0:00,19.32,7.6923,6/8/23 10:55,1.52,Auction Ads,auction_relation
20230807,1773477002824730 ,NO,Others,,1/1/00 0:00,19.32,7.6923,6/8/23 10:55,1.56,Auction Ads,auction_all
20230807,1773477002824730 ,DK,DK,,1/1/00 0:00,19.32,7.6923,6/8/23 10:55,1.31,Auction Ads,auction_relation
20230807,1773476729063420 ,TH,,,1/1/00 0:00,36.6666,3.1611,6/8/23 10:53,0.54,Non-Auction Ads,Promote
20230807,1773476717704190 ,JP,,,1/1/00 0:00,28.8155,4.3569,6/8/23 10:54,0.54,Non-Auction Ads,Promote
20230807,1773476570218530 ,BR,,,1/1/00 0:00,5.6551,2.2031,6/8/23 10:53,0.54,Non-Auction Ads,Promote
20230807,1773477070801960 ,VN,VN,,1/1/00 0:00,14.9381,12.9208,6/8/23 10:58,2.14,Auction Ads,auction_relation
20230807,1773477610141690 ,JP,,,1/1/00 0:00,52.9903,33.944,6/8/23 11:08,0.54,Non-Auction Ads,Promote
20230807,1773473155862520 ,FR,FR,,1/1/00 0:00,1.57,7.4758,6/8/23 10:56,1.76,RIE,Ad Group Recall (Merged)
20230807,1773476809196540 ,IT,,,1/1/00 0:00,26.4464,6.445,6/8/23 10:56,0.54,Non-Auction Ads,Promote
20230807,1773476709617660 ,FI,,,1/1/00 0:00,19.8331,1.3839,6/8/23 10:53,0.54,Non-Auction Ads,Promote
20230807,1773476838076410 ,VN,,,1/1/00 0:00,2.1248,2.989,6/8/23 10:55,1.53,RIE,Promote Report Recall
20230807,1773476693677050 ,TR,,,1/1/00 0:00,4.9687,1.2965,6/8/23 10:54,0.54,Non-Auction Ads,Promote
20230807,1773477002800160 ,VN,VN,,1/1/00 0:00,10.44,6.0162,6/8/23 10:56,2.14,Auction Ads,auction_relation
20230807,1773476659824640 ,ID,,,1/1/00 0:00,0.6071,0.4568,6/8/23 10:54,1.53,RIE,Promote Report Recall
20230807,1773476564882430 ,ID,,,1/1/00 0:00,1.3286,0.608,6/8/23 10:54,1.53,RIE,Promote Report Recall
20230807,1773476792366080 ,TR,,,1/1/00 0:00,1.3912,0.6153,6/8/23 10:55,1.53,RIE,Promote Report Recall
20230807,1773476898112510 ,SA,,,1/1/00 0:00,5.9548,5.5582,6/8/23 10:57,0.54,Non-Auction Ads,Promote
20230807,1773476945150970 ,SA,,,1/1/00 0:00,15.8094,4.358,6/8/23 10:56,0.54,Non-Auction Ads,Promote
20230807,1773476897225720 ,KH,,,1/1/00 0:00,1.6299,1.6968,6/8/23 10:56,0.54,Non-Auction Ads,Promote
20230807,1773476839960570 ,TR,,,1/1/00 0:00,0.455,0.3026,6/8/23 10:56,1.53,RIE,Promote Report Recall
20230807,1773241133399040 ,CO,Other,,1/1/00 0:00,1272.67,565.03,6/8/23 14:20,1.62,RIE,Ad Group Recall (Merged)
20230807,1773241133399040 ,MX,Other,,1/1/00 0:00,1272.67,565.03,6/8/23 14:20,1.62,RIE,Ad Group Recall (Merged)
20230807,1773476885172220 ,AU,,,1/1/00 0:00,14.3642,1.9454,6/8/23 10:57,1.53,RIE,Promote Report Recall
20230807,1773477013403640 ,TH,,,1/1/00 0:00,16.2473,4.7294,6/8/23 10:59,0.54,Non-Auction Ads,Promote
20230807,1773461925314610 ,BR,BR,,1/1/00 0:00,19.67,8.895,6/8/23 11:00,1.7,RIE,Ad Group Recall (Merged)
20230807,1773477243928590 ,VN,VN,,1/1/00 0:00,,3.4496,6/8/23 10:59,2.14,Auction Ads,auction_relation
20230807,1773476929048580 ,ES,,,1/1/00 0:00,10.7848,1.5033,6/8/23 10:57,1.53,RIE,Promote Report Recall
20230807,1773477840757760 ,GB,,,1/1/00 0:00,3.5829,28.3119,6/8/23 11:12,0.54,Non-Auction Ads,Promote
20230807,1773477009942570 ,SG,Other,,1/1/00 0:00,4.62,1.6364,6/8/23 10:58,1.62,RIE,Ad Group Recall (Merged)
20230807,1773473558907900 ,MY,MY,,1/1/00 0:00,26.19,7.4758,6/8/23 11:00,2.3,RIE,Ad Group Recall (Merged)
20230807,1773445412061180 ,US,US&CA,,1/1/00 0:00,12.77,6.5917,6/8/23 11:00,1.81,RIE,Ad Group Recall (Merged)
20230807,1773476881243130 ,ID,,,1/1/00 0:00,0.7091,0.2011,6/8/23 10:57,1.53,RIE,Promote Report Recall
20230807,1773476783469560 ,ID,,,1/1/00 0:00,1.9365,0.3784,6/8/23 10:57,1.53,RIE,Promote Report Recall
20230807,1773477033574400 ,ID,,,1/1/00 0:00,7.5837,2.106,6/8/23 10:59,0.54,Non-Auction Ads,Promote
20230807,1773476900160510 ,PH,,,1/1/00 0:00,0.6129,0.2996,6/8/23 10:58,1.53,RIE,Promote Report Recall
20230807,1773477570661370 ,SA,,,1/1/00 0:00,15.047,21.9064,6/8/23 11:09,0.54,Non-Auction Ads,Promote
20230807,1773477167569920 ,SA,,,1/1/00 0:00,9.3669,4.2599,6/8/23 11:00,0.54,Non-Auction Ads,Promote
20230807,1773477059408890 ,TR,,,1/1/00 0:00,4.3153,1.8499,6/8/23 11:00,0.54,Non-Auction Ads,Promote
20230807,1773477135918080 ,VN,,,1/1/00 0:00,0.4319,0.95,6/8/23 11:00,1.53,RIE,Promote Report Recall
20230807,1773477217894400 ,TR,,,1/1/00 0:00,2.7439,3.085,6/8/23 11:01,0.54,Non-Auction Ads,Promote
20230807,1773477107268610 ,EG,,,1/1/00 0:00,0,1.8109,6/8/23 11:00,0.54,Non-Auction Ads,Promote
20230807,1773477342056440 ,NO,Others,,1/1/00 0:00,20.53,7.6923,6/8/23 11:02,1.56,Auction Ads,auction_all
20230807,1773477342056440 ,DK,DK,,1/1/00 0:00,20.53,7.6923,6/8/23 11:02,1.31,Auction Ads,auction_relation
20230807,1773477342056440 ,IE,IE,,1/1/00 0:00,20.53,7.6923,6/8/23 11:02,1.52,Auction Ads,auction_relation
20230807,1773459928926200 ,JP,,,1/1/00 0:00,77.9976,29.2669,6/8/23 11:18,0.54,Non-Auction Ads,Promote
20230807,1773477274440700 ,ID,,,1/1/00 0:00,13.3029,3.4719,6/8/23 11:02,0.54,Non-Auction Ads,Promote
20230807,1773477280674830 ,GB,,,1/1/00 0:00,44.9799,4.475,6/8/23 11:02,0.54,Non-Auction Ads,Promote
20230807,1773477323081720 ,ID,,,1/1/00 0:00,12.8515,3.4719,6/8/23 11:03,0.54,Non-Auction Ads,Promote
20230807,1773477430317050 ,KW,,,1/1/00 0:00,17.7632,6.7526,6/8/23 11:05,0.54,Non-Auction Ads,Promote
20230807,1773477922222090 ,IQ,Others,,1/1/00 0:00,,11.6766,6/8/23 11:09,1.56,Auction Ads,auction_all
20230807,1773477395724290 ,BR,,,1/1/00 0:00,21.6788,5.233,6/8/23 11:05,0.54,Non-Auction Ads,Promote
20230807,1773473890975760 ,ES,ES,,1/1/00 0:00,46.41,7.4758,6/8/23 11:07,1.79,RIE,Ad Group Recall (Merged)
20230807,1773477452894210 ,ID,,,1/1/00 0:00,13.4688,3.4719,6/8/23 11:05,0.54,Non-Auction Ads,Promote
20230807,1773477196252160 ,SA,,,1/1/00 0:00,8.1006,2.5524,6/8/23 11:04,0.54,Non-Auction Ads,Promote
20230807,1773474081415180 ,IE,IE,,1/1/00 0:00,0,10.0761,6/8/23 11:09,1.52,Auction Ads,auction_relation
20230807,1773477917629440 ,SA,MENA,,1/1/00 0:00,21.0077,7.4606,6/8/23 11:08,1.78,Auction Ads,auction_relation
20230807,1773477541931010 ,ID,,,1/1/00 0:00,5.4023,5.4644,6/8/23 11:07,0.54,Non-Auction Ads,Promote
20230807,1773477312575490 ,GR,,,1/1/00 0:00,2.8299,1.5334,6/8/23 11:04,0.54,Non-Auction Ads,Promote
20230807,1773477811476490 ,AE,MENA,,1/1/00 0:00,0.01,9.7954,6/8/23 11:10,1.67,RIE,Ad Group Recall (Merged)
20230807,1773477388561410 ,TH,,,1/1/00 0:00,2.3455,1.9304,6/8/23 11:05,1.53,RIE,Promote Report Recall
20230807,1773478278105090 ,SA,,,1/1/00 0:00,39.2643,24.7123,6/8/23 11:19,0.54,Non-Auction Ads,Promote
20230807,1773477545066500 ,BR,,,1/1/00 0:00,18.0158,4.277,6/8/23 11:07,0.54,Non-Auction Ads,Promote
20230807,1773477373523960 ,VN,,,1/1/00 0:00,10.5787,0.8272,6/8/23 11:05,0.54,Non-Auction Ads,Promote
20230807,1773477265214490 ,VN,VN,,1/1/00 0:00,0.5726,1.8781,6/8/23 11:05,2.14,Auction Ads,auction_relation
20230807,1773474051790890 ,LB,Other,,1/1/00 0:00,19.22,4.8673,6/8/23 11:08,1.62,RIE,Ad Group Recall (Merged)
20230807,1773477530594300 ,VN,VN,,1/1/00 0:00,1.8137,1.8781,6/8/23 11:06,2.14,Auction Ads,auction_relation
20230807,1773477982036000 ,NO,Others,,1/1/00 0:00,15.89,10.1176,6/8/23 11:12,1.56,Auction Ads,auction_all
20230807,1773477982036000 ,IE,IE,,1/1/00 0:00,15.89,10.1176,6/8/23 11:12,1.52,Auction Ads,auction_relation
20230807,1773477982036000 ,DK,DK,,1/1/00 0:00,15.89,10.1176,6/8/23 11:12,1.31,Auction Ads,auction_relation
20230807,1773477817246720 ,IT,,,1/1/00 0:00,11.6218,8.4233,6/8/23 11:12,0.54,Non-Auction Ads,Promote
20230807,1773477631917070 ,KZ,Other,,1/1/00 0:00,18.29,2.036,6/8/23 11:07,1.62,RIE,Ad Group Recall (Merged)
20230807,1773478272975920 ,VN,VN,,1/1/00 0:00,24.9159,2.2101,6/8/23 11:08,2.14,Auction Ads,auction_relation
20230807,1773477763913730 ,AE,,,1/1/00 0:00,9.475,3.6316,6/8/23 11:11,0.54,Non-Auction Ads,Promote
20230807,1773477969732610 ,KW,,,1/1/00 0:00,49.245,9.3846,6/8/23 11:14,0.54,Non-Auction Ads,Promote
20230807,1773477872210940 ,AE,,,1/1/00 0:00,10.3622,3.6316,6/8/23 11:11,0.54,Non-Auction Ads,Promote
20230807,1773478008442890 ,EG,MENA,,1/1/00 0:00,19.79,6.0162,6/8/23 11:13,1.78,Auction Ads,auction_relation
20230807,1773478008442890 ,VN,VN,,1/1/00 0:00,19.79,6.0162,6/8/23 11:13,2.14,Auction Ads,auction_relation
20230807,1773477951587320 ,VN,,,1/1/00 0:00,10.6479,6.1888,6/8/23 11:13,0.54,Non-Auction Ads,Promote
20230807,1773477700016130 ,SA,,,1/1/00 0:00,7.9382,1.3755,6/8/23 11:10,0.54,Non-Auction Ads,Promote
20230807,1773478012552190 ,ID,,,1/1/00 0:00,10.3105,6.3015,6/8/23 11:14,0.54,Non-Auction Ads,Promote
20230807,1773477748648960 ,ID,,,1/1/00 0:00,8.8072,1.0445,6/8/23 11:11,0.54,Non-Auction Ads,Promote
20230807,1773478002351100 ,VN,,,1/1/00 0:00,20.688,5.0114,6/8/23 11:13,0.54,Non-Auction Ads,Promote
20230807,1773478016686140 ,VN,,,1/1/00 0:00,1.6275,3.5827,6/8/23 11:13,1.53,RIE,Promote Report Recall
20230807,1773478409954300 ,SA,,,1/1/00 0:00,53.0797,18.1367,6/8/23 11:21,0.54,Non-Auction Ads,Promote
20230807,1773478181916690 ,BR,,,1/1/00 0:00,10.5676,7.4215,6/8/23 11:17,0.54,Non-Auction Ads,Promote
20230807,1773478516569080 ,SA,,,1/1/00 0:00,14.8365,24.0646,6/8/23 11:25,0.54,Non-Auction Ads,Promote
20230807,1773478057549830 ,US,,,1/1/00 0:00,4.42,4.3766,6/8/23 11:16,1.53,RIE,Promote Report Recall
20230807,1773478131123200 ,KW,,,1/1/00 0:00,4.035,4.1202,6/8/23 11:16,1.53,RIE,Promote Report Recall
20230807,1773478106000380 ,VN,,,1/1/00 0:00,2.2725,1.0443,6/8/23 11:15,1.53,RIE,Promote Report Recall
20230807,1773478390908960 ,VN,VN,,1/1/00 0:00,,1.2854,6/8/23 11:15,2.14,Auction Ads,auction_relation
20230807,1773478390908960 ,VN,VN,,1/1/00 0:00,,1.2854,6/8/23 11:15,2.14,Auction Ads,auction_relation
20230807,1773478316978170 ,ID,,,1/1/00 0:00,15.8868,5.4924,6/8/23 11:18,0.54,Non-Auction Ads,Promote
20230807,1773478003010560 ,TR,,,1/1/00 0:00,3.1653,1.5869,6/8/23 11:16,0.54,Non-Auction Ads,Promote
20230807,1773478283895800 ,SA,,,1/1/00 0:00,17.91,3.7945,6/8/23 11:18,0.54,Non-Auction Ads,Promote
20230807,1773478190054400 ,NL,,,1/1/00 0:00,2.6646,1.7267,6/8/23 11:17,1.53,RIE,Promote Report Recall
20230807,1773477931288570 ,ID,,,1/1/00 0:00,0.7447,0.3422,6/8/23 11:17,1.53,RIE,Promote Report Recall
20230807,1773478295040000 ,VN,,,1/1/00 0:00,14.083,8.3917,6/8/23 11:20,0.54,Non-Auction Ads,Promote
20230807,1773478261955580 ,SA,,,1/1/00 0:00,11.875,3.2858,6/8/23 11:19,0.54,Non-Auction Ads,Promote
20230807,1773478206424060 ,ID,,,1/1/00 0:00,2.6802,0.4219,6/8/23 11:18,1.53,RIE,Promote Report Recall
20230807,1773478404241400 ,PH,,,1/1/00 0:00,19.8087,4.6062,6/8/23 11:20,0.54,Non-Auction Ads,Promote
20230807,1773478340185080 ,AU,,,1/1/00 0:00,5.4085,3.6156,6/8/23 11:20,1.53,RIE,Promote Report Recall
20230807,1773478177652730 ,VN,,,1/1/00 0:00,0.6999,0.4576,6/8/23 11:18,1.53,RIE,Promote Report Recall
20230807,1773478189953020 ,IL,,,1/1/00 0:00,3.4995,2.4798,6/8/23 11:19,0.54,Non-Auction Ads,Promote
20230807,1773478165117950 ,VN,,,1/1/00 0:00,1.2463,0.6138,6/8/23 11:18,1.53,RIE,Promote Report Recall
20230807,1773478343069690 ,TH,,,1/1/00 0:00,14.8525,3.2972,6/8/23 11:20,0.54,Non-Auction Ads,Promote
20230807,1773478355585020 ,AE,,,1/1/00 0:00,28.9227,2.0835,6/8/23 11:20,0.54,Non-Auction Ads,Promote
20230807,1773478339596290 ,EG,,,1/1/00 0:00,3.1162,0.5713,6/8/23 11:20,0.54,Non-Auction Ads,Promote
20230807,1773478503085060 ,FR,,,1/1/00 0:00,32.1584,7.4585,6/8/23 11:22,0.54,Non-Auction Ads,Promote
20230807,1773478462349330 ,VN,VN,,1/1/00 0:00,1.3403,2.3564,6/8/23 11:20,2.14,Auction Ads,auction_relation
20230807,1773478432507930 ,VN,VN,,1/1/00 0:00,1.3297,2.3564,6/8/23 11:20,2.14,Auction Ads,auction_relation
20230807,1773478366838780 ,ES,,,1/1/00 0:00,0.9359,1.833,6/8/23 11:20,1.53,RIE,Promote Report Recall
20230807,1773478482294780 ,AE,,,1/1/00 0:00,23.8914,2.8895,6/8/23 11:21,0.54,Non-Auction Ads,Promote
20230807,1773478379993110 ,PL,,,1/1/00 0:00,0.6055,1.3947,6/8/23 11:20,1.53,RIE,Promote Report Recall
20230807,1773478366757890 ,KW,,,1/1/00 0:00,7.4772,1.7906,6/8/23 11:21,0.54,Non-Auction Ads,Promote
20230807,1773478708155390 ,VN,VN,,1/1/00 0:00,,4.1681,6/8/23 11:22,2.14,Auction Ads,auction_relation
20230807,1773478417101920 ,GR,,,1/1/00 0:00,7.4502,1.8868,6/8/23 11:21,0.54,Non-Auction Ads,Promote
20230807,1773478914601020 ,SA,,,1/1/00 0:00,19.3576,13.6346,6/8/23 11:29,0.54,Non-Auction Ads,Promote
20230807,1773479082200060 ,IL,,,1/1/00 0:00,7.1737,17.8146,6/8/23 11:30,0.54,Non-Auction Ads,Promote
20230807,1773478397300730 ,VN,,,1/1/00 0:00,2.0036,1.3637,6/8/23 11:21,1.53,RIE,Promote Report Recall
20230807,1773478784497710 ,VN,VN,,1/1/00 0:00,1.39,6.0162,6/8/23 11:24,2.14,Auction Ads,auction_relation
20230807,1773478574511100 ,ID,,,1/1/00 0:00,8.4628,3.7283,6/8/23 11:24,0.54,Non-Auction Ads,Promote
20230807,1773478604945410 ,VN,,,1/1/00 0:00,10.1653,3.1612,6/8/23 11:23,0.54,Non-Auction Ads,Promote
20230807,1773478789438470 ,IT,,,1/1/00 0:00,17.7307,11.0991,6/8/23 11:28,0.54,Non-Auction Ads,Promote
20230807,1773478903275530 ,ID,ID,,1/1/00 0:00,4.3472,5.9275,6/8/23 11:24,2.05,RIE,Ad Group Recall (Merged)
20230807,1773478424028220 ,TH,,,1/1/00 0:00,1.4257,0.6208,6/8/23 11:21,1.53,RIE,Promote Report Recall
20230807,1773478659137580 ,US,US&CA,,1/1/00 0:00,0,2.2206,6/8/23 11:22,1.81,RIE,Ad Group Recall (Merged)
20230807,1773478660412430 ,US,US&CA,,1/1/00 0:00,0,2.2206,6/8/23 11:22,1.81,RIE,Ad Group Recall (Merged)
20230807,1773479011145730 ,US,,,1/1/00 0:00,2.61,16.0465,6/8/23 11:30,0.54,Non-Auction Ads,Promote
20230807,1773478710983710 ,VN,VN,,1/1/00 0:00,1.5982,2.3564,6/8/23 11:24,2.14,Auction Ads,auction_relation
20230807,1773478705175580 ,VN,VN,,1/1/00 0:00,7.5042,2.3564,6/8/23 11:24,2.14,Auction Ads,auction_relation
20230807,1773478669953020 ,VN,,,1/1/00 0:00,10.8429,1.9972,6/8/23 11:24,0.54,Non-Auction Ads,Promote
20230807,1773478665785340 ,MY,,,1/1/00 0:00,3.7279,0.322,6/8/23 11:24,1.53,RIE,Promote Report Recall
20230807,1773478771577870 ,PH,,,1/1/00 0:00,11.9329,4.2852,6/8/23 11:27,0.54,Non-Auction Ads,Promote
20230807,1773478933848080 ,VN,VN,,1/1/00 0:00,0.0097,1.8223,6/8/23 11:26,2.14,Auction Ads,auction_relation
20230807,1773478731841550 ,BR,,,1/1/00 0:00,7.0812,1.454,6/8/23 11:26,0.54,Non-Auction Ads,Promote
20230807,1773479151952890 ,SG,,,1/1/00 0:00,52.4168,12.2105,6/8/23 11:32,0.54,Non-Auction Ads,Promote
20230807,1773478743052280 ,VN,,,1/1/00 0:00,1.184,0.5132,6/8/23 11:26,1.53,RIE,Promote Report Recall
20230807,1773478875937790 ,VN,VN,,1/1/00 0:00,0.22,0.8984,6/8/23 11:27,2.14,Auction Ads,auction_relation
20230807,1773478910399490 ,VN,VN,,1/1/00 0:00,0.26,0.8984,6/8/23 11:27,2.14,Auction Ads,auction_relation
20230807,1773478884638720 ,AU,,,1/1/00 0:00,27.5759,7.9636,6/8/23 11:30,1.53,RIE,Promote Report Recall
20230807,1773478967462910 ,AU,,,1/1/00 0:00,43.3096,5.6689,6/8/23 11:30,0.54,Non-Auction Ads,Promote
20230807,1773478862370810 ,ID,,,1/1/00 0:00,16.2509,2.7851,6/8/23 11:28,0.54,Non-Auction Ads,Promote
20230807,1773478775976960 ,PH,,,1/1/00 0:00,2.3677,0.8648,6/8/23 11:27,1.53,RIE,Promote Report Recall
20230807,1773478927156220 ,BE,,,1/1/00 0:00,1.1671,3.5125,6/8/23 11:29,1.53,RIE,Promote Report Recall
20230807,1773478830598140 ,MY,,,1/1/00 0:00,22.3428,1.3376,6/8/23 11:27,0.54,Non-Auction Ads,Promote
20230807,1773478796682240 ,TR,,,1/1/00 0:00,4.3325,0.6171,6/8/23 11:27,0.54,Non-Auction Ads,Promote
20230807,1773479124189180 ,TH,,,1/1/00 0:00,10.723,11.88,6/8/23 11:32,0.54,Non-Auction Ads,Promote
20230807,1773478939913250 ,PL,,,1/1/00 0:00,3.7769,1.6777,6/8/23 11:28,0.54,Non-Auction Ads,Promote
20230807,1773478904838140 ,ID,,,1/1/00 0:00,8.2521,2.9656,6/8/23 11:30,0.54,Non-Auction Ads,Promote
20230807,1773478904344620 ,VN,VN,,1/1/00 0:00,,2.22,6/8/23 11:30,2.14,Auction Ads,auction_relation
20230807,1773478904344620 ,VN,VN,,1/1/00 0:00,,2.22,6/8/23 11:30,2.14,Auction Ads,auction_relation
20230807,1773479116936190 ,US,,,1/1/00 0:00,12.93,7.0073,6/8/23 11:32,1.53,RIE,Promote Report Recall
20230807,1773478965946370 ,BR,,,1/1/00 0:00,2.7927,1.5121,6/8/23 11:30,0.54,Non-Auction Ads,Promote
20230807,1773479302949900 ,VN,VN,,1/1/00 0:00,19.37,6.0162,6/8/23 11:32,2.14,Auction Ads,auction_relation
20230807,1773475605054510 ,FR,FR,,1/1/00 0:00,6.9033,10.828,6/8/23 11:35,1.76,RIE,Ad Group Recall (Merged)
20230807,1773479013858300 ,MY,,,1/1/00 0:00,23.2188,1.3376,6/8/23 11:30,0.54,Non-Auction Ads,Promote
20230807,1773479080313850 ,SA,,,1/1/00 0:00,13.1146,1.419,6/8/23 11:30,0.54,Non-Auction Ads,Promote
20230807,1773480394100760 ,PK,Other,,1/1/00 0:00,7.18,0.7442,6/8/23 11:31,1.62,RIE,Ad Group Recall (Merged)
20230807,1773479056475130 ,SA,,,1/1/00 0:00,8.5485,0.945,6/8/23 11:31,0.54,Non-Auction Ads,Promote
20230807,1773479045450750 ,ID,,,1/1/00 0:00,6.7768,0.5003,6/8/23 11:31,0.54,Non-Auction Ads,Promote
20230807,1773479085122560 ,ID,,,1/1/00 0:00,6.7492,0.8782,6/8/23 11:32,0.54,Non-Auction Ads,Promote
20230807,1773479230484480 ,TR,,,1/1/00 0:00,11.6965,3.8352,6/8/23 11:33,0.54,Non-Auction Ads,Promote
20230807,1773479116677120 ,IT,,,1/1/00 0:00,9.3653,2.3686,6/8/23 11:32,0.54,Non-Auction Ads,Promote
20230807,1773479210059770 ,ID,,,1/1/00 0:00,17.9792,3.3906,6/8/23 11:34,0.54,Non-Auction Ads,Promote
20230807,1773479085878270 ,ID,,,1/1/00 0:00,1.5206,0.6528,6/8/23 11:33,1.53,RIE,Promote Report Recall
20230807,1773478916222970 ,ID,,,1/1/00 0:00,0.9946,0.6664,6/8/23 11:33,1.53,RIE,Promote Report Recall
20230807,1773479639343120 ,VN,VN,,1/1/00 0:00,8.6848,3.1024,6/8/23 11:35,2.14,Auction Ads,auction_relation
20230807,1773479241010180 ,BR,,,1/1/00 0:00,5.2941,0.7716,6/8/23 11:35,0.54,Non-Auction Ads,Promote
20230807,1773479262190590 ,VN,,,1/1/00 0:00,0.3348,0.1813,6/8/23 11:34,1.53,RIE,Promote Report Recall
20230807,1773479399779320 ,VN,,,1/1/00 0:00,2.5233,1.9732,6/8/23 11:36,1.53,RIE,Promote Report Recall
20230807,1773479561639950 ,VN,VN,,1/1/00 0:00,1.896,1.8223,6/8/23 11:36,2.14,Auction Ads,auction_relation
20230807,1773479250025470 ,ID,,,1/1/00 0:00,17.2706,1.3205,6/8/23 11:36,0.54,Non-Auction Ads,Promote
20230807,1773479584807950 ,NO,Others,,1/1/00 0:00,13.55,6.0162,6/8/23 11:37,1.56,Auction Ads,auction_all
20230807,1773479584807950 ,IE,IE,,1/1/00 0:00,13.55,6.0162,6/8/23 11:37,1.52,Auction Ads,auction_relation
20230807,1773479584807950 ,VN,VN,,1/1/00 0:00,13.55,6.0162,6/8/23 11:37,2.14,Auction Ads,auction_relation
20230807,1773479584807950 ,DK,DK,,1/1/00 0:00,13.55,6.0162,6/8/23 11:37,1.31,Auction Ads,auction_relation
20230807,1773480232931320 ,KR,KR,,1/1/00 0:00,,13.6133,6/8/23 11:37,2.37,Auction Ads,auction_relation
20230807,1773480131765240 ,KR,KR,,1/1/00 0:00,,13.6133,6/8/23 11:37,2.37,Auction Ads,auction_relation
20230807,1773480148686860 ,KR,KR,,1/1/00 0:00,,13.6133,6/8/23 11:37,2.37,Auction Ads,auction_relation
20230807,1773480368166920 ,KR,KR,,1/1/00 0:00,,13.6133,6/8/23 11:37,2.37,Auction Ads,auction_relation
20230807,1773480389262330 ,KR,KR,,1/1/00 0:00,,13.6133,6/8/23 11:37,2.37,Auction Ads,auction_relation
20230807,1773480219206700 ,KR,KR,,1/1/00 0:00,,13.6133,6/8/23 11:37,2.37,Auction Ads,auction_relation
20230807,1773480331212810 ,KR,KR,,1/1/00 0:00,,13.6133,6/8/23 11:37,2.37,Auction Ads,auction_relation
20230807,1773480361614360 ,KR,KR,,1/1/00 0:00,,13.6133,6/8/23 11:37,2.37,Auction Ads,auction_relation
20230807,1773480091471870 ,KR,KR,,1/1/00 0:00,,13.6133,6/8/23 11:37,2.37,Auction Ads,auction_relation
20230807,1773480372282400 ,KR,KR,,1/1/00 0:00,,13.6133,6/8/23 11:37,2.37,Auction Ads,auction_relation
20230807,1773480122726450 ,KR,KR,,1/1/00 0:00,,13.6133,6/8/23 11:37,2.37,Auction Ads,auction_relation
20230807,1773480374968330 ,KR,KR,,1/1/00 0:00,,13.6133,6/8/23 11:37,2.37,Auction Ads,auction_relation
20230807,1773480332855310 ,KR,KR,,1/1/00 0:00,,13.6133,6/8/23 11:37,2.37,Auction Ads,auction_relation
20230807,1773480364679180 ,KR,KR,,1/1/00 0:00,,13.6133,6/8/23 11:37,2.37,Auction Ads,auction_relation
20230807,1773480309760030 ,KR,KR,,1/1/00 0:00,,13.6133,6/8/23 11:37,2.37,Auction Ads,auction_relation
20230807,1773480119318520 ,KR,KR,,1/1/00 0:00,,13.6133,6/8/23 11:37,2.37,Auction Ads,auction_relation
20230807,1773480117361660 ,KR,KR,,1/1/00 0:00,,13.6133,6/8/23 11:37,2.37,Auction Ads,auction_relation
20230807,1773480382155820 ,KR,KR,,1/1/00 0:00,,13.6133,6/8/23 11:37,2.37,Auction Ads,auction_relation
20230807,1773480410682480 ,KR,KR,,1/1/00 0:00,,13.6133,6/8/23 11:37,2.37,Auction Ads,auction_relation
20230807,1773480296617040 ,KR,KR,,1/1/00 0:00,,13.6133,6/8/23 11:37,2.37,Auction Ads,auction_relation
20230807,1773480274994220 ,KR,KR,,1/1/00 0:00,,13.6133,6/8/23 11:37,2.37,Auction Ads,auction_relation
20230807,1773480116992010 ,KR,KR,,1/1/00 0:00,,13.6133,6/8/23 11:37,2.37,Auction Ads,auction_relation
20230807,1773480386143240 ,KR,KR,,1/1/00 0:00,,13.6133,6/8/23 11:37,2.37,Auction Ads,auction_relation
20230807,1773480322457630 ,KR,KR,,1/1/00 0:00,,13.6133,6/8/23 11:37,2.37,Auction Ads,auction_relation
20230807,1773480112331810 ,KR,KR,,1/1/00 0:00,,13.6133,6/8/23 11:37,2.37,Auction Ads,auction_relation
20230807,1773480326966270 ,KR,KR,,1/1/00 0:00,,13.6133,6/8/23 11:37,2.37,Auction Ads,auction_relation
20230807,1773480305398800 ,KR,KR,,1/1/00 0:00,,13.6133,6/8/23 11:37,2.37,Auction Ads,auction_relation
20230807,1773480134125600 ,KR,KR,,1/1/00 0:00,,13.6133,6/8/23 11:37,2.37,Auction Ads,auction_relation
20230807,1773480240941080 ,KR,KR,,1/1/00 0:00,,13.6133,6/8/23 11:37,2.37,Auction Ads,auction_relation
20230807,1773480420605950 ,KR,KR,,1/1/00 0:00,,13.6133,6/8/23 11:37,2.37,Auction Ads,auction_relation
20230807,1773480183829550 ,KR,KR,,1/1/00 0:00,,13.6133,6/8/23 11:37,2.37,Auction Ads,auction_relation
20230807,1773480250466320 ,KR,KR,,1/1/00 0:00,,13.6133,6/8/23 11:37,2.37,Auction Ads,auction_relation
20230807,1773480192087050 ,KR,KR,,1/1/00 0:00,,13.6133,6/8/23 11:37,2.37,Auction Ads,auction_relation
20230807,1773480097688570 ,KR,KR,,1/1/00 0:00,,13.6133,6/8/23 11:37,2.37,Auction Ads,auction_relation
20230807,1773480137691130 ,KR,KR,,1/1/00 0:00,,13.6133,6/8/23 11:37,2.37,Auction Ads,auction_relation
20230807,1773480197505050 ,KR,KR,,1/1/00 0:00,,13.6133,6/8/23 11:37,2.37,Auction Ads,auction_relation
20230807,1773480376463400 ,KR,KR,,1/1/00 0:00,,13.6133,6/8/23 11:37,2.37,Auction Ads,auction_relation
20230807,1773480263956480 ,KR,KR,,1/1/00 0:00,,13.6133,6/8/23 11:37,2.37,Auction Ads,auction_relation
20230807,1773480095243310 ,KR,KR,,1/1/00 0:00,,13.6133,6/8/23 11:37,2.37,Auction Ads,auction_relation
20230807,1773480268521470 ,KR,KR,,1/1/00 0:00,,13.6133,6/8/23 11:37,2.37,Auction Ads,auction_relation
20230807,1773480414168090 ,KR,KR,,1/1/00 0:00,,13.6133,6/8/23 11:37,2.37,Auction Ads,auction_relation
20230807,1773480145572860 ,KR,KR,,1/1/00 0:00,,13.6133,6/8/23 11:37,2.37,Auction Ads,auction_relation
20230807,1773480345937930 ,KR,KR,,1/1/00 0:00,,13.6133,6/8/23 11:37,2.37,Auction Ads,auction_relation
20230807,1773480366096430 ,KR,KR,,1/1/00 0:00,,13.6133,6/8/23 11:37,2.37,Auction Ads,auction_relation
20230807,1773480169975820 ,KR,KR,,1/1/00 0:00,,13.6133,6/8/23 11:37,2.37,Auction Ads,auction_relation
20230807,1773480262243360 ,KR,KR,,1/1/00 0:00,,13.6133,6/8/23 11:37,2.37,Auction Ads,auction_relation
20230807,1773480351216650 ,KR,KR,,1/1/00 0:00,,13.6133,6/8/23 11:37,2.37,Auction Ads,auction_relation
20230807,1773480142049310 ,KR,KR,,1/1/00 0:00,,13.6133,6/8/23 11:37,2.37,Auction Ads,auction_relation
20230807,1773479943375920 ,KR,KR,,1/1/00 0:00,,13.6133,6/8/23 11:37,2.37,Auction Ads,auction_relation
20230807,1773480288447500 ,KR,KR,,1/1/00 0:00,,13.6133,6/8/23 11:37,2.37,Auction Ads,auction_relation
20230807,1773480274909200 ,KR,KR,,1/1/00 0:00,,13.6133,6/8/23 11:37,2.37,Auction Ads,auction_relation
20230807,1773480207709200 ,KR,KR,,1/1/00 0:00,,13.6133,6/8/23 11:37,2.37,Auction Ads,auction_relation
20230807,1773480226821130 ,KR,KR,,1/1/00 0:00,,13.6133,6/8/23 11:37,2.37,Auction Ads,auction_relation
20230807,1773480229754920 ,KR,KR,,1/1/00 0:00,,13.6133,6/8/23 11:37,2.37,Auction Ads,auction_relation
20230807,1773480298755100 ,KR,KR,,1/1/00 0:00,,13.6133,6/8/23 11:37,2.37,Auction Ads,auction_relation
20230807,1773480439828530 ,KR,KR,,1/1/00 0:00,,13.6133,6/8/23 11:37,2.37,Auction Ads,auction_relation
20230807,1773480378539020 ,KR,KR,,1/1/00 0:00,,13.6133,6/8/23 11:37,2.37,Auction Ads,auction_relation
20230807,1773480293533710 ,KR,KR,,1/1/00 0:00,,13.6133,6/8/23 11:37,2.37,Auction Ads,auction_relation
20230807,1773479475656750 ,VN,VN,,1/1/00 0:00,,37.434,6/8/23 11:41,2.14,Auction Ads,auction_relation
20230807,1773479475656750 ,VN,VN,,1/1/00 0:00,,37.434,6/8/23 11:41,2.14,Auction Ads,auction_relation
20230807,1773480251824140 ,KR,KR,,1/1/00 0:00,,6.0233,6/8/23 11:37,2.37,Auction Ads,auction_relation
20230807,1773480292567040 ,KR,KR,,1/1/00 0:00,,6.0233,6/8/23 11:37,2.37,Auction Ads,auction_relation
20230807,1773480373105680 ,KR,KR,,1/1/00 0:00,,6.0233,6/8/23 11:37,2.37,Auction Ads,auction_relation
20230807,1773480210007070 ,KR,KR,,1/1/00 0:00,,6.0233,6/8/23 11:37,2.37,Auction Ads,auction_relation
20230807,1773480100303920 ,KR,KR,,1/1/00 0:00,,6.0233,6/8/23 11:37,2.37,Auction Ads,auction_relation
20230807,1773480220166140 ,KR,KR,,1/1/00 0:00,,6.0233,6/8/23 11:37,2.37,Auction Ads,auction_relation
20230807,1773480215897130 ,KR,KR,,1/1/00 0:00,,6.0233,6/8/23 11:37,2.37,Auction Ads,auction_relation
20230807,1773480369225760 ,KR,KR,,1/1/00 0:00,,6.0233,6/8/23 11:37,2.37,Auction Ads,auction_relation
20230807,1773480164908080 ,KR,KR,,1/1/00 0:00,,6.0233,6/8/23 11:37,2.37,Auction Ads,auction_relation
20230807,1773480283441200 ,KR,KR,,1/1/00 0:00,,6.0233,6/8/23 11:37,2.37,Auction Ads,auction_relation
20230807,1773480131904560 ,KR,KR,,1/1/00 0:00,,6.0233,6/8/23 11:37,2.37,Auction Ads,auction_relation
20230807,1773480298856480 ,KR,KR,,1/1/00 0:00,,6.0233,6/8/23 11:37,2.37,Auction Ads,auction_relation
20230807,1773480245440540 ,KR,KR,,1/1/00 0:00,,6.0233,6/8/23 11:37,2.37,Auction Ads,auction_relation
20230807,1773480179779630 ,KR,KR,,1/1/00 0:00,,6.0233,6/8/23 11:37,2.37,Auction Ads,auction_relation
20230807,1773480138585120 ,KR,KR,,1/1/00 0:00,,6.0233,6/8/23 11:37,2.37,Auction Ads,auction_relation
20230807,1773480103814190 ,KR,KR,,1/1/00 0:00,,6.0233,6/8/23 11:37,2.37,Auction Ads,auction_relation
20230807,1773480343460920 ,KR,KR,,1/1/00 0:00,,6.0233,6/8/23 11:37,2.37,Auction Ads,auction_relation
20230807,1773480332455010 ,KR,KR,,1/1/00 0:00,,6.0233,6/8/23 11:37,2.37,Auction Ads,auction_relation
20230807,1773480144989230 ,KR,KR,,1/1/00 0:00,,6.0233,6/8/23 11:37,2.37,Auction Ads,auction_relation
20230807,1773480166870030 ,KR,KR,,1/1/00 0:00,,6.0233,6/8/23 11:37,2.37,Auction Ads,auction_relation
20230807,1773480207709210 ,KR,KR,,1/1/00 0:00,,6.0233,6/8/23 11:37,2.37,Auction Ads,auction_relation
20230807,1773480151079980 ,KR,KR,,1/1/00 0:00,,6.0233,6/8/23 11:37,2.37,Auction Ads,auction_relation
20230807,1773480322504750 ,KR,KR,,1/1/00 0:00,,6.0233,6/8/23 11:37,2.37,Auction Ads,auction_relation
20230807,1773480199617530 ,KR,KR,,1/1/00 0:00,,6.0233,6/8/23 11:37,2.37,Auction Ads,auction_relation
20230807,1773480125175900 ,KR,KR,,1/1/00 0:00,,6.0233,6/8/23 11:37,2.37,Auction Ads,auction_relation
20230807,1773480341687340 ,KR,KR,,1/1/00 0:00,,6.0233,6/8/23 11:37,2.37,Auction Ads,auction_relation
20230807,1773480357615630 ,KR,KR,,1/1/00 0:00,,6.0233,6/8/23 11:37,2.37,Auction Ads,auction_relation
20230807,1773480200099870 ,KR,KR,,1/1/00 0:00,,6.0233,6/8/23 11:37,2.37,Auction Ads,auction_relation
20230807,1773480129507360 ,KR,KR,,1/1/00 0:00,,6.0233,6/8/23 11:37,2.37,Auction Ads,auction_relation
20230807,1773480210865180 ,KR,KR,,1/1/00 0:00,,6.0233,6/8/23 11:37,2.37,Auction Ads,auction_relation
20230807,1773480113035370 ,KR,KR,,1/1/00 0:00,,6.0233,6/8/23 11:37,2.37,Auction Ads,auction_relation
20230807,1773480359740460 ,KR,KR,,1/1/00 0:00,,6.0233,6/8/23 11:37,2.37,Auction Ads,auction_relation
20230807,1773480176202800 ,KR,KR,,1/1/00 0:00,,6.0233,6/8/23 11:37,2.37,Auction Ads,auction_relation
20230807,1773480296620030 ,KR,KR,,1/1/00 0:00,,6.0233,6/8/23 11:37,2.37,Auction Ads,auction_relation
20230807,1773480278193160 ,KR,KR,,1/1/00 0:00,,6.0233,6/8/23 11:37,2.37,Auction Ads,auction_relation
20230807,1773480328677390 ,KR,KR,,1/1/00 0:00,,6.0233,6/8/23 11:37,2.37,Auction Ads,auction_relation
20230807,1773480253691950 ,KR,KR,,1/1/00 0:00,,6.0233,6/8/23 11:37,2.37,Auction Ads,auction_relation
20230807,1773480262287360 ,KR,KR,,1/1/00 0:00,,6.0233,6/8/23 11:37,2.37,Auction Ads,auction_relation
20230807,1773480371276800 ,KR,KR,,1/1/00 0:00,,6.0233,6/8/23 11:37,2.37,Auction Ads,auction_relation
20230807,1773480349912090 ,KR,KR,,1/1/00 0:00,,6.0233,6/8/23 11:37,2.37,Auction Ads,auction_relation
20230807,1773480276214800 ,KR,KR,,1/1/00 0:00,,6.0233,6/8/23 11:37,2.37,Auction Ads,auction_relation
20230807,1773480070232090 ,KR,KR,,1/1/00 0:00,,6.0233,6/8/23 11:37,2.37,Auction Ads,auction_relation
20230807,1773480322850850 ,KR,KR,,1/1/00 0:00,,6.0233,6/8/23 11:37,2.37,Auction Ads,auction_relation
20230807,1773480110563370 ,KR,KR,,1/1/00 0:00,,6.0233,6/8/23 11:37,2.37,Auction Ads,auction_relation
20230807,1773480361614350 ,KR,KR,,1/1/00 0:00,,6.0233,6/8/23 11:37,2.37,Auction Ads,auction_relation
20230807,1773480112382990 ,KR,KR,,1/1/00 0:00,,6.0233,6/8/23 11:37,2.37,Auction Ads,auction_relation
20230807,1773480207641600 ,KR,KR,,1/1/00 0:00,,6.0233,6/8/23 11:37,2.37,Auction Ads,auction_relation
20230807,1773480185644050 ,KR,KR,,1/1/00 0:00,,6.0233,6/8/23 11:37,2.37,Auction Ads,auction_relation
20230807,1773480131837980 ,KR,KR,,1/1/00 0:00,,6.0233,6/8/23 11:37,2.37,Auction Ads,auction_relation
20230807,1773480313446450 ,KR,KR,,1/1/00 0:00,,6.0233,6/8/23 11:37,2.37,Auction Ads,auction_relation
20230807,1773480172453930 ,KR,KR,,1/1/00 0:00,,6.0233,6/8/23 11:37,2.37,Auction Ads,auction_relation
20230807,1773480267242540 ,KR,KR,,1/1/00 0:00,,6.0233,6/8/23 11:37,2.37,Auction Ads,auction_relation
20230807,1773479463628800 ,FR,,,1/1/00 0:00,8.6877,25.4466,6/8/23 11:38,0.54,Non-Auction Ads,Promote
20230807,1773479446072320 ,SA,,,1/1/00 0:00,11.5951,2.7695,6/8/23 11:37,0.54,Non-Auction Ads,Promote
20230807,1773479440694270 ,AE,,,1/1/00 0:00,27.5693,14.0703,6/8/23 11:38,0.54,Non-Auction Ads,Promote
20230807,1773479629674490 ,AE,,,1/1/00 0:00,24.4982,14.0703,6/8/23 11:39,0.54,Non-Auction Ads,Promote
20230807,1773479921605630 ,SA,,,1/1/00 0:00,84.3491,33.2109,6/8/23 11:45,0.54,Non-Auction Ads,Promote
20230807,1773479393320960 ,TH,,,1/1/00 0:00,37.3474,8.8351,6/8/23 11:38,0.54,Non-Auction Ads,Promote
20230807,1773468520054780 ,BR,BR,,1/1/00 0:00,19.53,15.9446,6/8/23 11:42,1.7,RIE,Ad Group Recall (Merged)
20230807,1773318792601600 ,SA,,,1/1/00 0:00,63.4246,7.9087,6/8/23 11:38,0.54,Non-Auction Ads,Promote
20230807,1773479457069060 ,FR,,,1/1/00 0:00,1.4864,5.4174,6/8/23 11:38,1.53,RIE,Promote Report Recall
20230807,1773479515781120 ,SA,,,1/1/00 0:00,32.8558,3.3293,6/8/23 11:38,0.54,Non-Auction Ads,Promote
20230807,1773479642795000 ,SA,,,1/1/00 0:00,13.3171,7.91,6/8/23 11:41,0.54,Non-Auction Ads,Promote
20230807,1773479477443580 ,TH,,,1/1/00 0:00,27.1996,2.3281,6/8/23 11:38,0.54,Non-Auction Ads,Promote
20230807,1773479526128640 ,JP,,,1/1/00 0:00,34.0775,5.6368,6/8/23 11:40,0.54,Non-Auction Ads,Promote
20230807,1773479479018490 ,PH,,,1/1/00 0:00,19.7934,1.404,6/8/23 11:38,0.54,Non-Auction Ads,Promote
20230807,1773479557706750 ,MA,MA,,1/1/00 0:00,18.77,6.0162,6/8/23 11:40,1.51,Auction Ads,auction_relation
20230807,1773479474949120 ,GR,,,1/1/00 0:00,12.1172,1.8658,6/8/23 11:40,0.54,Non-Auction Ads,Promote
20230807,1773479882191900 ,AE,MENA,,1/1/00 0:00,18.5698,1.6742,6/8/23 11:40,1.78,Auction Ads,auction_relation
20230807,1773479882187790 ,AE,MENA,,1/1/00 0:00,14.6763,1.6742,6/8/23 11:40,1.78,Auction Ads,auction_relation
20230807,1773479882184720 ,AE,MENA,,1/1/00 0:00,10.0972,1.6742,6/8/23 11:40,1.78,Auction Ads,auction_relation
20230807,1773479606434810 ,TR,,,1/1/00 0:00,2.9518,1.0299,6/8/23 11:40,0.54,Non-Auction Ads,Promote
20230807,1773479584748550 ,PT,,,1/1/00 0:00,0.5945,0.9648,6/8/23 11:40,1.53,RIE,Promote Report Recall
20230807,1773479736948730 ,VN,,,1/1/00 0:00,18.2063,2.1017,6/8/23 11:41,0.54,Non-Auction Ads,Promote
20230807,1773479602066430 ,VN,,,1/1/00 0:00,5.5168,1.0035,6/8/23 11:41,0.54,Non-Auction Ads,Promote
20230807,1773479711547390 ,AU,,,1/1/00 0:00,5.5792,1.3405,6/8/23 11:42,1.53,RIE,Promote Report Recall
20230807,1773479682644990 ,VN,,,1/1/00 0:00,0.0197,0.1813,6/8/23 11:41,1.53,RIE,Promote Report Recall
20230807,1773479832952830 ,SA,,,1/1/00 0:00,6.9704,17.6807,6/8/23 11:46,0.54,Non-Auction Ads,Promote
20230807,1773479926251520 ,AE,,,1/1/00 0:00,77.1921,13.3228,6/8/23 11:44,0.54,Non-Auction Ads,Promote
20230807,1773480389261360 ,JP,JP,,1/1/00 0:00,19.9771,12.3018,6/8/23 11:45,3.21,RIE,Ad Group Recall (Merged)
20230807,1773477001643000 ,US,US&CA,,1/1/00 0:00,7.15,16.9398,6/8/23 11:50,1.81,RIE,Ad Group Recall (Merged)
20230807,1773480098448400 ,BR,BR,,1/1/00 0:00,114.18,10.5667,6/8/23 11:47,1.7,RIE,Ad Group Recall (Merged)
20230807,1773480149959710 ,VN,VN,,1/1/00 0:00,9.5474,16.4186,6/8/23 11:51,2.14,Auction Ads,auction_relation
20230807,1773479774990330 ,PH,,,1/1/00 0:00,8.8713,4.2932,6/8/23 11:43,0.54,Non-Auction Ads,Promote
20230807,1773479919246340 ,US,,,1/1/00 0:00,38.33,5.8986,6/8/23 11:44,0.54,Non-Auction Ads,Promote
20230807,1773480113052670 ,TR,,,1/1/00 0:00,11.8667,12.0533,6/8/23 11:48,0.54,Non-Auction Ads,Promote
20230807,1773479640644600 ,TR,,,1/1/00 0:00,4.7889,1.4,6/8/23 11:42,0.54,Non-Auction Ads,Promote
20230807,1773480149951530 ,GB,GB,,1/1/00 0:00,14.45,6.0162,6/8/23 11:46,1.76,Auction Ads,auction_relation
20230807,1773480149951530 ,AU,AU,,1/1/00 0:00,14.45,6.0162,6/8/23 11:46,1.84,Auction Ads,auction_relation
20230807,1773480458884120 ,VN,VN,,1/1/00 0:00,9.4992,10.6561,6/8/23 11:49,2.14,Auction Ads,auction_relation
20230807,1773480490660960 ,IT,,,1/1/00 0:00,10.2952,20.6787,6/8/23 11:54,0.54,Non-Auction Ads,Promote
20230807,1773480231990280 ,VN,VN,,1/1/00 0:00,11.3475,16.4186,6/8/23 11:53,2.14,Auction Ads,auction_relation
20230807,1773480231990280 ,VN,VN,,1/1/00 0:00,11.3475,16.4186,6/8/23 11:53,2.14,Auction Ads,auction_relation
20230807,1773479874268160 ,ES,,,1/1/00 0:00,14.5379,1.725,6/8/23 11:43,0.54,Non-Auction Ads,Promote
20230807,1773479854986240 ,IT,,,1/1/00 0:00,7.3882,1.2379,6/8/23 11:43,0.54,Non-Auction Ads,Promote
20230807,1773479867239420 ,TH,,,1/1/00 0:00,27.7992,2.7428,6/8/23 11:45,0.54,Non-Auction Ads,Promote
20230807,1773479997889530 ,MY,,,1/1/00 0:00,22.4681,5.9248,6/8/23 11:47,0.54,Non-Auction Ads,Promote
20230807,1773476876045320 ,CA,US&CA,,1/1/00 0:00,55.39,7.8513,6/8/23 11:48,1.81,RIE,Ad Group Recall (Merged)
20230807,1773476876045320 ,US,US&CA,,1/1/00 0:00,55.39,7.8513,6/8/23 11:48,1.81,RIE,Ad Group Recall (Merged)
20230807,1773480098060280 ,IL,,,1/1/00 0:00,14.4023,3.8728,6/8/23 11:47,0.54,Non-Auction Ads,Promote
20230807,1773480263793660 ,SA,,,1/1/00 0:00,38.891,7.8136,6/8/23 11:49,0.54,Non-Auction Ads,Promote
20230807,1773477696476200 ,NO,Others,,1/1/00 0:00,0,20.5651,6/8/23 11:58,1.56,Auction Ads,auction_all
20230807,1773480045532160 ,EG,,,1/1/00 0:00,15.6116,2.7247,6/8/23 11:48,0.54,Non-Auction Ads,Promote
20230807,1773480327001120 ,VN,VN,,1/1/00 0:00,19.3176,16.4186,6/8/23 11:55,2.14,Auction Ads,auction_relation
20230807,1773480327001120 ,VN,VN,,1/1/00 0:00,19.3176,16.4186,6/8/23 11:55,2.14,Auction Ads,auction_relation
20230807,1773480683210760 ,VN,VN,,1/1/00 0:00,0.06,2.8661,6/8/23 11:48,2.14,Auction Ads,auction_relation
20230807,1773480138807290 ,SA,,,1/1/00 0:00,27.5167,4.687,6/8/23 11:48,0.54,Non-Auction Ads,Promote
20230807,1773480129134590 ,MY,,,1/1/00 0:00,4.7245,1.6451,6/8/23 11:47,1.53,RIE,Promote Report Recall
20230807,1773480051100670 ,ID,,,1/1/00 0:00,2.5826,1.7632,6/8/23 11:48,1.53,RIE,Promote Report Recall
20230807,1773580199961600 ,US,US,,1/1/00 0:00,0,8537.5813,8/8/23 5:00,1.54,Non-Auction Ads,R&F
20230807,1773480264303610 ,VN,,,1/1/00 0:00,21.4314,2.6772,6/8/23 11:51,0.54,Non-Auction Ads,Promote
20230807,1773480405252090 ,IL,,,1/1/00 0:00,32.5811,6.4782,6/8/23 11:53,0.54,Non-Auction Ads,Promote
20230807,1773480537273340 ,TR,,,1/1/00 0:00,3.7322,7.2477,6/8/23 11:54,0.54,Non-Auction Ads,Promote
20230807,1773480583878700 ,VN,VN,,1/1/00 0:00,8.9019,0,6/8/23 11:49,2.14,Auction Ads,auction_relation
20230807,1773480542053370 ,SA,,,1/1/00 0:00,11.193,7.1999,6/8/23 11:54,0.54,Non-Auction Ads,Promote
20230807,1773480245137400 ,ID,,,1/1/00 0:00,35.5206,2.7321,6/8/23 11:52,0.54,Non-Auction Ads,Promote
20230807,1773480338493440 ,PH,,,1/1/00 0:00,3.5186,0.333,6/8/23 11:51,0.54,Non-Auction Ads,Promote
20230807,1773480331640830 ,TR,,,1/1/00 0:00,5.4255,1.5242,6/8/23 11:52,0.54,Non-Auction Ads,Promote
20230807,1773480390785020 ,IL,,,1/1/00 0:00,10.7655,6.3721,6/8/23 11:54,0.54,Non-Auction Ads,Promote
20230807,1773480314125310 ,SG,,,1/1/00 0:00,2.904,0.8309,6/8/23 11:51,1.53,RIE,Promote Report Recall
20230807,1773480416113660 ,TR,,,1/1/00 0:00,0.8037,4.0615,6/8/23 11:53,0.54,Non-Auction Ads,Promote
20230807,1773480474333180 ,VN,,,1/1/00 0:00,14.5282,2.7118,6/8/23 11:53,0.54,Non-Auction Ads,Promote
20230807,1773480319469570 ,ID,,,1/1/00 0:00,8.7201,1.2247,6/8/23 11:52,0.54,Non-Auction Ads,Promote
20230807,1773480287961150 ,TR,,,1/1/00 0:00,0.9358,0.2114,6/8/23 11:52,1.53,RIE,Promote Report Recall
20230807,1773480559612930 ,SA,,,1/1/00 0:00,12.9387,4.9683,6/8/23 11:54,0.54,Non-Auction Ads,Promote
20230807,1773481229946890 ,SA,MENA,,1/1/00 0:00,117.38,18.6492,6/8/23 12:04,1.67,RIE,Ad Group Recall (Merged)
20230807,1773480453149690 ,ID,,,1/1/00 0:00,0.7471,0.2083,6/8/23 11:54,1.53,RIE,Promote Report Recall
20230807,1773480541977600 ,BR,,,1/1/00 0:00,22.2656,13.6122,6/8/23 12:01,0.54,Non-Auction Ads,Promote
20230807,1773480784771070 ,TR,,,1/1/00 0:00,0.764,5.2537,6/8/23 11:58,0.54,Non-Auction Ads,Promote
20230807,1773480784771070 ,TR,,,1/1/00 0:00,0.764,5.2537,6/8/23 11:58,0.54,Non-Auction Ads,Promote
20230807,1773480492306430 ,VN,,,1/1/00 0:00,0.4943,0.1736,6/8/23 11:54,1.53,RIE,Promote Report Recall
20230807,1773480732808190 ,TR,,,1/1/00 0:00,4.9876,5.2537,6/8/23 11:58,0.54,Non-Auction Ads,Promote
20230807,1773481373124620 ,VN,VN,,1/1/00 0:00,11.0941,16.0581,6/8/23 12:05,2.14,Auction Ads,auction_relation
20230807,1773480558914560 ,VN,,,1/1/00 0:00,0.0378,0.4211,6/8/23 11:54,1.53,RIE,Promote Report Recall
20230807,1773480730799100 ,QA,,,1/1/00 0:00,10.058,2.0959,6/8/23 11:57,0.54,Non-Auction Ads,Promote
20230807,1773493717431330 ,AE,MENA,,1/1/00 0:00,4.6,6.1736,6/8/23 11:59,1.78,Auction Ads,auction_relation
20230807,1773480765719550 ,TR,,,1/1/00 0:00,4.9767,5.2537,6/8/23 11:58,0.54,Non-Auction Ads,Promote
20230807,1773480760733690 ,QA,,,1/1/00 0:00,8.7877,2.0959,6/8/23 11:57,0.54,Non-Auction Ads,Promote
20230807,1773480775411710 ,TR,,,1/1/00 0:00,4.7833,5.2537,6/8/23 11:58,0.54,Non-Auction Ads,Promote
20230807,1773480928089090 ,VN,,,1/1/00 0:00,8.0736,8.4973,6/8/23 12:00,0.54,Non-Auction Ads,Promote
20230807,1773480666400770 ,ID,,,1/1/00 0:00,1.2697,0.7077,6/8/23 11:57,1.53,RIE,Promote Report Recall
20230807,1773480786111480 ,QA,,,1/1/00 0:00,8.5654,2.0959,6/8/23 11:58,0.54,Non-Auction Ads,Promote
20230807,1773480748084220 ,TR,,,1/1/00 0:00,4.8646,5.2537,6/8/23 11:59,0.54,Non-Auction Ads,Promote
20230807,1773480810833920 ,FR,,,1/1/00 0:00,6.6582,5.1083,6/8/23 11:59,1.53,RIE,Promote Report Recall
20230807,1773480852994050 ,DE,,,1/1/00 0:00,8.3791,3.7173,6/8/23 11:59,0.54,Non-Auction Ads,Promote
20230807,1773480840569850 ,TR,,,1/1/00 0:00,5.1187,5.2537,6/8/23 12:00,0.54,Non-Auction Ads,Promote
20230807,1773480855290880 ,TR,,,1/1/00 0:00,5.0376,5.2537,6/8/23 12:00,0.54,Non-Auction Ads,Promote
20230807,1773480713273340 ,TH,,,1/1/00 0:00,1.527,0.6112,6/8/23 11:58,1.53,RIE,Promote Report Recall
20230807,1773480991482880 ,BR,,,1/1/00 0:00,6.4553,14.9933,6/8/23 12:07,0.54,Non-Auction Ads,Promote
20230807,1773480889768960 ,VN,,,1/1/00 0:00,9.1115,1.7745,6/8/23 11:59,0.54,Non-Auction Ads,Promote
20230807,1773481145341950 ,VN,,,1/1/00 0:00,33.4299,7.3184,6/8/23 12:03,0.54,Non-Auction Ads,Promote
20230807,1773481418636320 ,US,,,1/1/00 0:00,23.55,15.3814,6/8/23 12:08,0.54,Non-Auction Ads,Promote
20230807,1773480865589250 ,BR,,,1/1/00 0:00,5.1667,5.0805,6/8/23 12:02,0.54,Non-Auction Ads,Promote
20230807,1773481072578560 ,IL,,,1/1/00 0:00,6.8648,3.7767,6/8/23 12:02,0.54,Non-Auction Ads,Promote
20230807,1773481004095490 ,QA,,,1/1/00 0:00,6.6776,2.0959,6/8/23 12:01,0.54,Non-Auction Ads,Promote
20230807,1773481010520060 ,VN,,,1/1/00 0:00,8.0444,1.2777,6/8/23 12:01,1.53,RIE,Promote Report Recall
20230807,1773480913538040 ,TH,,,1/1/00 0:00,3.1188,0.4161,6/8/23 12:01,1.53,RIE,Promote Report Recall
20230807,1773480892132400 ,IT,,,1/1/00 0:00,2.1362,3.3129,6/8/23 12:02,0.54,Non-Auction Ads,Promote
20230807,1773481208552450 ,VN,,,1/1/00 0:00,70.8496,4.5248,6/8/23 12:04,0.54,Non-Auction Ads,Promote
20230807,1773481074786300 ,SA,,,1/1/00 0:00,7.4797,2.9765,6/8/23 12:03,0.54,Non-Auction Ads,Promote
20230807,1773480803023870 ,IL,,,1/1/00 0:00,10.6705,4.5685,6/8/23 12:05,0.54,Non-Auction Ads,Promote
20230807,1773481173739550 ,KR,KR,,1/1/00 0:00,,0,6/8/23 12:02,2.37,Auction Ads,auction_relation
20230807,1773481316490240 ,FR,,,1/1/00 0:00,2.5654,8.4125,6/8/23 12:07,1.53,RIE,Promote Report Recall
20230807,1773481256060930 ,KW,,,1/1/00 0:00,24.3281,5.4148,6/8/23 12:06,0.54,Non-Auction Ads,Promote
20230807,1773481173392390 ,AT,,,1/1/00 0:00,15.2502,4.2767,6/8/23 12:06,1.53,RIE,Promote Report Recall
20230807,1773481044307960 ,SA,,,1/1/00 0:00,5.2964,1.5801,6/8/23 12:04,0.54,Non-Auction Ads,Promote
20230807,1773481322467330 ,TH,,,1/1/00 0:00,23.5989,4.2285,6/8/23 12:06,0.54,Non-Auction Ads,Promote
20230807,1773481261663230 ,EG,,,1/1/00 0:00,4.9399,4.7965,6/8/23 12:06,0.54,Non-Auction Ads,Promote
20230807,1773481248234490 ,VN,,,1/1/00 0:00,28.2923,0.7297,6/8/23 12:05,0.54,Non-Auction Ads,Promote
20230807,1773481122054140 ,ID,,,1/1/00 0:00,5.5597,2.3423,6/8/23 12:06,0.54,Non-Auction Ads,Promote
20230807,1773481355756540 ,TH,,,1/1/00 0:00,23.8528,4.2285,6/8/23 12:07,0.54,Non-Auction Ads,Promote
20230807,1773481238392830 ,VN,,,1/1/00 0:00,7.2627,0.3015,6/8/23 12:06,1.53,RIE,Promote Report Recall
20230807,1773481388751870 ,TH,,,1/1/00 0:00,24.0252,4.2285,6/8/23 12:07,0.54,Non-Auction Ads,Promote
20230807,1773481334739970 ,VN,,,1/1/00 0:00,5.7478,0.7297,6/8/23 12:06,0.54,Non-Auction Ads,Promote
20230807,1773481411564690 ,PL,,,1/1/00 0:00,4.7237,3.7193,6/8/23 12:08,0.54,Non-Auction Ads,Promote
20230807,1773481374069760 ,TH,,,1/1/00 0:00,30.142,3.5609,6/8/23 12:08,0.54,Non-Auction Ads,Promote
20230807,1773481410847740 ,VN,,,1/1/00 0:00,12.106,0.7297,6/8/23 12:08,0.54,Non-Auction Ads,Promote
20230807,1773479295898620 ,ID,,,1/1/00 0:00,5.5524,1.1999,6/8/23 12:08,0.54,Non-Auction Ads,Promote
20230807,1773481456557060 ,US,,,1/1/00 0:00,5.26,2.72,6/8/23 12:09,1.53,RIE,Promote Report Recall
20230807,1773481412590610 ,US,,,1/1/00 0:00,2.38,1.1473,6/8/23 12:09,1.53,RIE,Promote Report Recall
20230807,1773481427475450 ,KH,,,1/1/00 0:00,5.0844,1.4738,6/8/23 12:09,0.54,Non-Auction Ads,Promote
20230807,1773481542047760 ,VN,VN,,1/1/00 0:00,0.5619,0.3315,6/8/23 12:08,2.14,Auction Ads,auction_relation
20230807,1773482289162240 ,AE,,,1/1/00 0:00,10.9041,49.011,6/8/23 12:21,0.54,Non-Auction Ads,Promote
20230807,1773482515051550 ,VN,VN,,1/1/00 0:00,,11.7106,6/8/23 12:11,2.14,Auction Ads,auction_relation
20230807,1773481504951300 ,FR,,,1/1/00 0:00,1.4424,3.4244,6/8/23 12:10,1.53,RIE,Promote Report Recall
20230807,1773482129400860 ,VN,VN,,1/1/00 0:00,24.8408,12.9208,6/8/23 12:18,2.14,Auction Ads,auction_relation
20230807,1773481663931390 ,VN,,,1/1/00 0:00,9.9507,4.4867,6/8/23 12:12,0.54,Non-Auction Ads,Promote
20230807,1773481568171000 ,SA,,,1/1/00 0:00,270.7784,3.6156,6/8/23 12:11,1.53,RIE,Promote Report Recall
20230807,1773481508676600 ,ID,,,1/1/00 0:00,3.0883,2.3242,6/8/23 12:10,1.53,RIE,Promote Report Recall
20230807,1773481935220730 ,SA,,,1/1/00 0:00,28.0976,10.7763,6/8/23 12:17,0.54,Non-Auction Ads,Promote
20230807,1773482124882990 ,KR,KR,,1/1/00 0:00,,0,6/8/23 12:10,2.37,Auction Ads,auction_relation
20230807,1773482163570730 ,KR,KR,,1/1/00 0:00,,0,6/8/23 12:10,2.37,Auction Ads,auction_relation
20230807,1773482136471600 ,KR,KR,,1/1/00 0:00,,0,6/8/23 12:10,2.37,Auction Ads,auction_relation
20230807,1773482291337210 ,KR,KR,,1/1/00 0:00,,0,6/8/23 12:10,2.37,Auction Ads,auction_relation
20230807,1773482093715450 ,KR,KR,,1/1/00 0:00,,0,6/8/23 12:10,2.37,Auction Ads,auction_relation
20230807,1773482188592160 ,KR,KR,,1/1/00 0:00,,0,6/8/23 12:10,2.37,Auction Ads,auction_relation
20230807,1773482320910350 ,KR,KR,,1/1/00 0:00,,0,6/8/23 12:10,2.37,Auction Ads,auction_relation
20230807,1773482277029930 ,KR,KR,,1/1/00 0:00,,0,6/8/23 12:10,2.37,Auction Ads,auction_relation
20230807,1773482418197550 ,KR,KR,,1/1/00 0:00,,0,6/8/23 12:10,2.37,Auction Ads,auction_relation
20230807,1773482056565790 ,KR,KR,,1/1/00 0:00,,0,6/8/23 12:10,2.37,Auction Ads,auction_relation
20230807,1773482294868010 ,KR,KR,,1/1/00 0:00,,0,6/8/23 12:10,2.37,Auction Ads,auction_relation
20230807,1773482114696200 ,KR,KR,,1/1/00 0:00,,0,6/8/23 12:10,2.37,Auction Ads,auction_relation
20230807,1773482097061880 ,KR,KR,,1/1/00 0:00,,0,6/8/23 12:10,2.37,Auction Ads,auction_relation
20230807,1773482346743810 ,KR,KR,,1/1/00 0:00,,0,6/8/23 12:10,2.37,Auction Ads,auction_relation
20230807,1773482075553820 ,KR,KR,,1/1/00 0:00,,0,6/8/23 12:10,2.37,Auction Ads,auction_relation
20230807,1773482208500780 ,KR,KR,,1/1/00 0:00,,0,6/8/23 12:10,2.37,Auction Ads,auction_relation
20230807,1773482189430800 ,KR,KR,,1/1/00 0:00,,0,6/8/23 12:10,2.37,Auction Ads,auction_relation
20230807,1773482173355000 ,KR,KR,,1/1/00 0:00,,0,6/8/23 12:10,2.37,Auction Ads,auction_relation
20230807,1773482110967820 ,KR,KR,,1/1/00 0:00,,0,6/8/23 12:10,2.37,Auction Ads,auction_relation
20230807,1773482121413680 ,KR,KR,,1/1/00 0:00,,0,6/8/23 12:10,2.37,Auction Ads,auction_relation
20230807,1773482245059630 ,KR,KR,,1/1/00 0:00,,0,6/8/23 12:10,2.37,Auction Ads,auction_relation
20230807,1773482158849050 ,KR,KR,,1/1/00 0:00,,0,6/8/23 12:10,2.37,Auction Ads,auction_relation
20230807,1773482279770140 ,KR,KR,,1/1/00 0:00,,0,6/8/23 12:10,2.37,Auction Ads,auction_relation
20230807,1773482144356370 ,KR,KR,,1/1/00 0:00,,0,6/8/23 12:10,2.37,Auction Ads,auction_relation
20230807,1773482406257660 ,KR,KR,,1/1/00 0:00,,0,6/8/23 12:10,2.37,Auction Ads,auction_relation
20230807,1773482194398200 ,KR,KR,,1/1/00 0:00,,0,6/8/23 12:10,2.37,Auction Ads,auction_relation
20230807,1773482246785020 ,KR,KR,,1/1/00 0:00,,0,6/8/23 12:10,2.37,Auction Ads,auction_relation
20230807,1773482224531500 ,KR,KR,,1/1/00 0:00,,0,6/8/23 12:10,2.37,Auction Ads,auction_relation
20230807,1773482160027660 ,KR,KR,,1/1/00 0:00,,0,6/8/23 12:10,2.37,Auction Ads,auction_relation
20230807,1773482298803210 ,KR,KR,,1/1/00 0:00,,0,6/8/23 12:10,2.37,Auction Ads,auction_relation
20230807,1773482230913040 ,KR,KR,,1/1/00 0:00,,0,6/8/23 12:10,2.37,Auction Ads,auction_relation
20230807,1773482294943760 ,KR,KR,,1/1/00 0:00,,0,6/8/23 12:10,2.37,Auction Ads,auction_relation
20230807,1773482050943000 ,KR,KR,,1/1/00 0:00,,0,6/8/23 12:10,2.37,Auction Ads,auction_relation
20230807,1773482257505310 ,KR,KR,,1/1/00 0:00,,0,6/8/23 12:10,2.37,Auction Ads,auction_relation
20230807,1773482126152730 ,KR,KR,,1/1/00 0:00,,0,6/8/23 12:10,2.37,Auction Ads,auction_relation
20230807,1773482215627790 ,KR,KR,,1/1/00 0:00,,0,6/8/23 12:10,2.37,Auction Ads,auction_relation
20230807,1773482170655760 ,KR,KR,,1/1/00 0:00,,0,6/8/23 12:10,2.37,Auction Ads,auction_relation
20230807,1773482094681080 ,KR,KR,,1/1/00 0:00,,0,6/8/23 12:10,2.37,Auction Ads,auction_relation
20230807,1773482165359610 ,KR,KR,,1/1/00 0:00,,0,6/8/23 12:10,2.37,Auction Ads,auction_relation
20230807,1773482351397900 ,KR,KR,,1/1/00 0:00,,0,6/8/23 12:10,2.37,Auction Ads,auction_relation
20230807,1773482184732670 ,KR,KR,,1/1/00 0:00,,0,6/8/23 12:10,2.37,Auction Ads,auction_relation
20230807,1773482246137850 ,KR,KR,,1/1/00 0:00,,0,6/8/23 12:10,2.37,Auction Ads,auction_relation
20230807,1773481750707200 ,VN,,,1/1/00 0:00,13.6206,4.8952,6/8/23 12:13,0.54,Non-Auction Ads,Promote
20230807,1773481575869490 ,VN,VN,,1/1/00 0:00,0.0641,0.3315,6/8/23 12:10,2.14,Auction Ads,auction_relation
20230807,1773481576172590 ,VN,VN,,1/1/00 0:00,0.353,0.3315,6/8/23 12:10,2.14,Auction Ads,auction_relation
20230807,1773482491802620 ,VN,VN,,1/1/00 0:00,18.13,7.3563,6/8/23 12:16,2.14,Auction Ads,auction_relation
20230807,1773482491802620 ,VN,VN,,1/1/00 0:00,18.13,7.3563,6/8/23 12:16,2.14,Auction Ads,auction_relation
20230807,1773481585160190 ,VN,,,1/1/00 0:00,0,0.7297,6/8/23 12:10,0.54,Non-Auction Ads,Promote
20230807,1773482236837880 ,IQ,Other,,1/1/00 0:00,6.37,10.1993,6/8/23 12:18,1.62,RIE,Ad Group Recall (Merged)
20230807,1773481976280110 ,VN,VN,,1/1/00 0:00,4.9493,2.4908,6/8/23 12:13,2.14,Auction Ads,auction_relation
20230807,1773481535114240 ,MY,,,1/1/00 0:00,9.6051,1.3197,6/8/23 12:12,0.54,Non-Auction Ads,Promote
20230807,1773481703736320 ,VN,,,1/1/00 0:00,9.0664,0.7297,6/8/23 12:12,0.54,Non-Auction Ads,Promote
20230807,1773481793903660 ,BR,,,1/1/00 0:00,7.2125,2.0967,6/8/23 12:14,0.54,Non-Auction Ads,Promote
20230807,1773481994696700 ,PK,PK,,1/1/00 0:00,54.58,2.4073,6/8/23 12:14,1.36,Auction Ads,auction_relation
20230807,1773481720363010 ,TR,,,1/1/00 0:00,5.0516,1.5242,6/8/23 12:14,0.54,Non-Auction Ads,Promote
20230807,1773481917930490 ,MY,,,1/1/00 0:00,23.6946,4.2394,6/8/23 12:17,0.54,Non-Auction Ads,Promote
20230807,1773481858567170 ,US,,,1/1/00 0:00,139.51,7.0329,6/8/23 12:18,0.54,Non-Auction Ads,Promote
20230807,1773481737913340 ,TR,,,1/1/00 0:00,0.7612,0.5319,6/8/23 12:15,1.53,RIE,Promote Report Recall
20230807,1773481865840640 ,HU,,,1/1/00 0:00,6.6311,0.9913,6/8/23 12:16,0.54,Non-Auction Ads,Promote
20230807,1773482151204890 ,VN,VN,,1/1/00 0:00,,1.2199,6/8/23 12:16,2.14,Auction Ads,auction_relation
20230807,1773482786939920 ,QA,Others,,1/1/00 0:00,18.3798,5.7308,6/8/23 12:19,1.56,Auction Ads,auction_all
20230807,1773481914754040 ,PH,,,1/1/00 0:00,11.0818,1.4187,6/8/23 12:17,0.54,Non-Auction Ads,Promote
20230807,1773483406925830 ,US,,,1/1/00 0:00,167.19,81.47,6/8/23 12:40,0.54,Non-Auction Ads,Promote
20230807,1773481906484220 ,SA,,,1/1/00 0:00,8.8976,0.945,6/8/23 12:16,0.54,Non-Auction Ads,Promote
20230807,1773482060170290 ,VN,VN,,1/1/00 0:00,,0.628,6/8/23 12:17,2.14,Auction Ads,auction_relation
20230807,1773482080538620 ,TH,,,1/1/00 0:00,21.8768,1.4283,6/8/23 12:18,0.54,Non-Auction Ads,Promote
20230807,1773482233559090 ,VN,VN,,1/1/00 0:00,,2.0716,6/8/23 12:19,2.14,Auction Ads,auction_relation
20230807,1773482008665090 ,TR,,,1/1/00 0:00,1.5261,0.478,6/8/23 12:18,0.54,Non-Auction Ads,Promote
20230807,1773478709649440 ,NO,Others,,1/1/00 0:00,43.9665,13.9318,6/8/23 12:23,1.56,Auction Ads,auction_all
20230807,1773482238047230 ,BR,,,1/1/00 0:00,18.662,11.8211,6/8/23 12:22,0.54,Non-Auction Ads,Promote
20230807,1773482215656440 ,SA,,,1/1/00 0:00,317.6737,3.6156,6/8/23 12:21,0.54,Non-Auction Ads,Promote
20230807,1773482108153850 ,TR,,,1/1/00 0:00,5.4263,2.5395,6/8/23 12:20,0.54,Non-Auction Ads,Promote
20230807,1773482173210620 ,VN,,,1/1/00 0:00,7.2398,1.4479,6/8/23 12:20,0.54,Non-Auction Ads,Promote
20230807,1773482220042240 ,AE,,,1/1/00 0:00,0.4766,1.7408,6/8/23 12:20,1.53,RIE,Promote Report Recall
20230807,1773482032580610 ,TH,,,1/1/00 0:00,1.1623,0.3186,6/8/23 12:19,1.53,RIE,Promote Report Recall
20230807,1773482225033210 ,ID,,,1/1/00 0:00,20.7982,2.9613,6/8/23 12:22,0.54,Non-Auction Ads,Promote
20230807,1773482185723910 ,TR,,,1/1/00 0:00,2.6779,1.4405,6/8/23 12:21,0.54,Non-Auction Ads,Promote
20230807,1773482443120640 ,SA,,,1/1/00 0:00,13.2374,10.2878,6/8/23 12:25,0.54,Non-Auction Ads,Promote
20230807,1773482137004030 ,TR,,,1/1/00 0:00,1.7735,0.52,6/8/23 12:21,0.54,Non-Auction Ads,Promote
20230807,1773482400083960 ,SA,,,1/1/00 0:00,19.3305,4.7113,6/8/23 12:23,0.54,Non-Auction Ads,Promote
20230807,1773482293849090 ,GR,,,1/1/00 0:00,5.4587,2.1718,6/8/23 12:22,0.54,Non-Auction Ads,Promote
20230807,1773482285900820 ,FI,,,1/1/00 0:00,16.1713,3.3541,6/8/23 12:23,0.54,Non-Auction Ads,Promote
20230807,1773482271880190 ,TR,,,1/1/00 0:00,0.8346,0.3665,6/8/23 12:21,1.53,RIE,Promote Report Recall
20230807,1773482394258460 ,VN,VN,,1/1/00 0:00,,1.2199,6/8/23 12:22,2.14,Auction Ads,auction_relation
20230807,1773482320789500 ,SA,,,1/1/00 0:00,0.6131,1.1197,6/8/23 12:23,1.53,RIE,Promote Report Recall
20230807,1773482884534280 ,KR,KR,,1/1/00 0:00,,13.6133,6/8/23 12:29,2.37,Auction Ads,auction_relation
20230807,1773482859832330 ,KR,KR,,1/1/00 0:00,,13.6133,6/8/23 12:29,2.37,Auction Ads,auction_relation
20230807,1773482859784210 ,KR,KR,,1/1/00 0:00,,13.6133,6/8/23 12:29,2.37,Auction Ads,auction_relation
20230807,1773482857956350 ,KR,KR,,1/1/00 0:00,,13.6133,6/8/23 12:29,2.37,Auction Ads,auction_relation
20230807,1773482805500930 ,KR,KR,,1/1/00 0:00,,13.6133,6/8/23 12:29,2.37,Auction Ads,auction_relation
20230807,1773482391663610 ,VN,,,1/1/00 0:00,67.5439,0.7297,6/8/23 12:23,0.54,Non-Auction Ads,Promote
20230807,1773482515128320 ,JP,,,1/1/00 0:00,42.7175,5.725,6/8/23 12:25,0.54,Non-Auction Ads,Promote
20230807,1773482210898950 ,BR,,,1/1/00 0:00,3.4287,3.447,6/8/23 12:24,0.54,Non-Auction Ads,Promote
20230807,1773482637906960 ,VN,VN,,1/1/00 0:00,1.167,6.0751,6/8/23 12:26,2.14,Auction Ads,auction_relation
20230807,1773482793054210 ,TR,,,1/1/00 0:00,0.6934,10.5542,6/8/23 12:29,0.54,Non-Auction Ads,Promote
20230807,1773482240163870 ,IL,IL,,1/1/00 0:00,92.43,98.79,6/8/23 12:59,1.22,RIE,Ad Group Recall (Merged)
20230807,1773482496125950 ,SA,,,1/1/00 0:00,477.1283,3.6156,6/8/23 12:26,0.54,Non-Auction Ads,Promote
20230807,1773482326451200 ,ID,,,1/1/00 0:00,9.2031,4.2446,6/8/23 12:28,0.54,Non-Auction Ads,Promote
20230807,1773482578009080 ,ID,,,1/1/00 0:00,16.587,3.8135,6/8/23 12:27,0.54,Non-Auction Ads,Promote
20230807,1773482532015100 ,SA,,,1/1/00 0:00,0.7011,0.8457,6/8/23 12:25,1.53,RIE,Promote Report Recall
20230807,1773482543633410 ,PH,,,1/1/00 0:00,10.3801,0.9228,6/8/23 12:26,0.54,Non-Auction Ads,Promote
20230807,1773482573732860 ,PH,,,1/1/00 0:00,10.3134,0.9228,6/8/23 12:26,0.54,Non-Auction Ads,Promote
20230807,1773479200916480 ,AU,AU,,1/1/00 0:00,7.54,1.2552,6/8/23 12:27,1.84,RIE,Ad Group Recall (Merged)
20230807,1773482792449020 ,TR,,,1/1/00 0:00,5.3094,5.1466,6/8/23 12:30,0.54,Non-Auction Ads,Promote
20230807,1773482962643960 ,MA,Other,,1/1/00 0:00,8.0986,5.7088,6/8/23 12:30,1.62,RIE,Ad Group Recall (Merged)
20230807,1773482720456700 ,VN,,,1/1/00 0:00,34.8071,0.7297,6/8/23 12:28,0.54,Non-Auction Ads,Promote
20230807,1773482909511680 ,KW,,,1/1/00 0:00,65.9201,16.416,6/8/23 12:31,0.54,Non-Auction Ads,Promote
20230807,1773324889059320 ,AE,,,1/1/00 0:00,27.3844,3.9676,6/8/23 12:30,1.53,RIE,Promote Report Recall
20230807,1773482699120640 ,TR,,,1/1/00 0:00,13.401,1.8153,6/8/23 12:29,0.54,Non-Auction Ads,Promote
20230807,1773482778078200 ,ID,,,1/1/00 0:00,12.8203,0.3329,6/8/23 12:29,0.54,Non-Auction Ads,Promote
20230807,1773482898503680 ,BE,,,1/1/00 0:00,11.738,2.7858,6/8/23 12:31,0.54,Non-Auction Ads,Promote
20230807,1773482805891070 ,ID,,,1/1/00 0:00,3.8782,1.361,6/8/23 12:31,0.54,Non-Auction Ads,Promote
20230807,1773484876173360 ,JP,JP,,1/1/00 0:00,27.654,86.4883,6/8/23 12:59,3.21,RIE,Ad Group Recall (Merged)
20230807,1773483008442400 ,KR,KR,,1/1/00 0:00,,6.0233,6/8/23 12:31,2.37,Auction Ads,auction_relation
20230807,1773482982392880 ,KR,KR,,1/1/00 0:00,,6.0233,6/8/23 12:31,2.37,Auction Ads,auction_relation
20230807,1773483044606000 ,KR,KR,,1/1/00 0:00,,6.0233,6/8/23 12:31,2.37,Auction Ads,auction_relation
20230807,1773482978103290 ,KR,KR,,1/1/00 0:00,,6.0233,6/8/23 12:31,2.37,Auction Ads,auction_relation
20230807,1773482970508330 ,KR,KR,,1/1/00 0:00,,6.0233,6/8/23 12:31,2.37,Auction Ads,auction_relation
20230807,1773482974934010 ,KR,KR,,1/1/00 0:00,,6.0233,6/8/23 12:31,2.37,Auction Ads,auction_relation
20230807,1773482994730030 ,KR,KR,,1/1/00 0:00,,6.0233,6/8/23 12:31,2.37,Auction Ads,auction_relation
20230807,1773482973549610 ,KR,KR,,1/1/00 0:00,,6.0233,6/8/23 12:31,2.37,Auction Ads,auction_relation
20230807,1773482961429530 ,KR,KR,,1/1/00 0:00,,6.0233,6/8/23 12:31,2.37,Auction Ads,auction_relation
20230807,1773482996463650 ,KR,KR,,1/1/00 0:00,,6.0233,6/8/23 12:31,2.37,Auction Ads,auction_relation
20230807,1773483052515370 ,KR,KR,,1/1/00 0:00,,6.0233,6/8/23 12:31,2.37,Auction Ads,auction_relation
20230807,1773482867818530 ,KR,KR,,1/1/00 0:00,,6.0233,6/8/23 12:31,2.37,Auction Ads,auction_relation
20230807,1773482964633610 ,KR,KR,,1/1/00 0:00,,6.0233,6/8/23 12:31,2.37,Auction Ads,auction_relation
20230807,1773482996457470 ,KR,KR,,1/1/00 0:00,,6.0233,6/8/23 12:31,2.37,Auction Ads,auction_relation
20230807,1773483041579000 ,KR,KR,,1/1/00 0:00,,6.0233,6/8/23 12:31,2.37,Auction Ads,auction_relation
20230807,1773483025949740 ,KR,KR,,1/1/00 0:00,,6.0233,6/8/23 12:31,2.37,Auction Ads,auction_relation
20230807,1773482970515470 ,KR,KR,,1/1/00 0:00,,6.0233,6/8/23 12:31,2.37,Auction Ads,auction_relation
20230807,1773482997969960 ,KR,KR,,1/1/00 0:00,,6.0233,6/8/23 12:31,2.37,Auction Ads,auction_relation
20230807,1773483027953660 ,KR,KR,,1/1/00 0:00,,6.0233,6/8/23 12:31,2.37,Auction Ads,auction_relation
20230807,1773482977876990 ,KR,KR,,1/1/00 0:00,,6.0233,6/8/23 12:31,2.37,Auction Ads,auction_relation
20230807,1773482873999410 ,KR,KR,,1/1/00 0:00,,6.0233,6/8/23 12:31,2.37,Auction Ads,auction_relation
20230807,1773482963015730 ,KR,KR,,1/1/00 0:00,,6.0233,6/8/23 12:31,2.37,Auction Ads,auction_relation
20230807,1773482907319290 ,VN,VN,,1/1/00 0:00,2.2763,6.9004,6/8/23 12:32,2.13,RIE,Ad Group Recall (Merged)
20230807,1773482907319290 ,VN,VN,,1/1/00 0:00,2.2763,6.9004,6/8/23 12:32,2.14,Auction Ads,auction_relation
20230807,1773482907325490 ,VN,VN,,1/1/00 0:00,2.2857,6.9004,6/8/23 12:32,2.14,Auction Ads,auction_relation
20230807,1773482907325490 ,VN,VN,,1/1/00 0:00,2.2857,6.9004,6/8/23 12:32,2.13,RIE,Ad Group Recall (Merged)
20230807,1773482897914880 ,TR,,,1/1/00 0:00,4.5345,7.6801,6/8/23 12:32,0.54,Non-Auction Ads,Promote
20230807,1773482867972090 ,SA,,,1/1/00 0:00,8.1193,6.4095,6/8/23 12:32,0.54,Non-Auction Ads,Promote
20230807,1773485017292830 ,JP,JP,,1/1/00 0:00,145.8226,86.4883,6/8/23 13:03,3.21,RIE,Ad Group Recall (Merged)
20230807,1773482943348750 ,VN,VN,,1/1/00 0:00,,0.9091,6/8/23 12:31,2.14,Auction Ads,auction_relation
20230807,1773482940102650 ,VN,VN,,1/1/00 0:00,,0.9091,6/8/23 12:31,2.14,Auction Ads,auction_relation
20230807,1773482986899450 ,TR,,,1/1/00 0:00,4.8143,3.9464,6/8/23 12:33,0.54,Non-Auction Ads,Promote
20230807,1773482998167550 ,KW,,,1/1/00 0:00,67.9634,16.416,6/8/23 12:34,0.54,Non-Auction Ads,Promote
20230807,1773482994952190 ,RO,,,1/1/00 0:00,12.45,1.8638,6/8/23 12:33,0.54,Non-Auction Ads,Promote
20230807,1773479271882800 ,AU,AU,,1/1/00 0:00,0.8,1.2552,6/8/23 12:33,1.84,RIE,Ad Group Recall (Merged)
20230807,1773479312631850 ,GB,GB,,1/1/00 0:00,0.82,1.2552,6/8/23 12:33,1.72,RIE,Ad Group Recall (Merged)
20230807,1773479326650410 ,GB,GB,,1/1/00 0:00,27,1.2552,6/8/23 12:33,1.72,RIE,Ad Group Recall (Merged)
20230807,1773479312620570 ,AU,AU,,1/1/00 0:00,1.33,1.2552,6/8/23 12:33,1.84,RIE,Ad Group Recall (Merged)
20230807,1773479457956860 ,US,US&CA,,1/1/00 0:00,81.78,15.0359,6/8/23 12:36,1.81,RIE,Ad Group Recall (Merged)
20230807,1773479436473390 ,IT,IT,,1/1/00 0:00,2.5856,10.6645,6/8/23 12:35,1.79,RIE,Ad Group Recall (Merged)
20230807,1773482894192640 ,PL,,,1/1/00 0:00,4.0944,2.7804,6/8/23 12:33,0.54,Non-Auction Ads,Promote
20230807,1773483949241340 ,BR,BR,,1/1/00 0:00,12.1,33.4607,6/8/23 12:44,1.7,RIE,Ad Group Recall (Merged)
20230807,1773483018721280 ,SA,,,1/1/00 0:00,63.9064,8.334,6/8/23 12:34,0.54,Non-Auction Ads,Promote
20230807,1773480240631840 ,IE,IE,,1/1/00 0:00,15.926,31.7868,6/8/23 12:44,1.52,Auction Ads,auction_relation
20230807,1773479333055500 ,GB,GB,,1/1/00 0:00,0.75,1.2552,6/8/23 12:33,1.72,RIE,Ad Group Recall (Merged)
20230807,1773479337522190 ,US,US&CA,,1/1/00 0:00,2.98,1.2552,6/8/23 12:33,1.81,RIE,Ad Group Recall (Merged)
20230807,1773479328687210 ,GB,GB,,1/1/00 0:00,11.29,1.2552,6/8/23 12:33,1.72,RIE,Ad Group Recall (Merged)
20230807,1773479337522190 ,CA,US&CA,,1/1/00 0:00,2.98,1.2552,6/8/23 12:33,1.81,RIE,Ad Group Recall (Merged)
20230807,1773479328687210 ,US,US&CA,,1/1/00 0:00,11.29,1.2552,6/8/23 12:33,1.81,RIE,Ad Group Recall (Merged)
20230807,1773479317389310 ,AU,AU,,1/1/00 0:00,0.63,1.2552,6/8/23 12:33,1.84,RIE,Ad Group Recall (Merged)
20230807,1773479337522190 ,AU,AU,,1/1/00 0:00,2.98,1.2552,6/8/23 12:33,1.84,RIE,Ad Group Recall (Merged)
20230807,1773479328687210 ,AU,AU,,1/1/00 0:00,11.29,1.2552,6/8/23 12:33,1.84,RIE,Ad Group Recall (Merged)
20230807,1773479328687210 ,US,US&CA,,1/1/00 0:00,11.29,1.2552,6/8/23 12:33,1.81,RIE,Ad Group Recall (Merged)
20230807,1773479328687210 ,CA,US&CA,,1/1/00 0:00,11.29,1.2552,6/8/23 12:33,1.81,RIE,Ad Group Recall (Merged)
20230807,1773479337522190 ,GB,GB,,1/1/00 0:00,2.98,1.2552,6/8/23 12:33,1.72,RIE,Ad Group Recall (Merged)
20230807,1773490832262190 ,KW,Others,,1/1/00 0:00,66.42,31.8416,6/8/23 12:44,1.56,Auction Ads,auction_all
20230807,1773490832262190 ,KW,Other,,1/1/00 0:00,66.42,31.8416,6/8/23 12:44,1.62,RIE,Ad Group Recall (Merged)
20230807,1773482951257100 ,BR,,,1/1/00 0:00,8.0435,13.4051,6/8/23 12:36,0.54,Non-Auction Ads,Promote
20230807,1773479330715660 ,US,US&CA,,1/1/00 0:00,0.83,1.2552,6/8/23 12:33,1.81,RIE,Ad Group Recall (Merged)
20230807,1773479330715660 ,GB,GB,,1/1/00 0:00,0.83,1.2552,6/8/23 12:33,1.72,RIE,Ad Group Recall (Merged)
20230807,1773479303016480 ,AU,AU,,1/1/00 0:00,7.02,1.2552,6/8/23 12:33,1.84,RIE,Ad Group Recall (Merged)
20230807,1773479330715660 ,CA,US&CA,,1/1/00 0:00,0.83,1.2552,6/8/23 12:33,1.81,RIE,Ad Group Recall (Merged)
20230807,1773479330715660 ,AU,AU,,1/1/00 0:00,0.83,1.2552,6/8/23 12:33,1.84,RIE,Ad Group Recall (Merged)
20230807,1773483175899150 ,VN,VN,,1/1/00 0:00,5.67,4.5285,6/8/23 12:34,2.14,Auction Ads,auction_relation
20230807,1773483178115100 ,VN,VN,,1/1/00 0:00,5.26,4.5285,6/8/23 12:34,2.14,Auction Ads,auction_relation
20230807,1773483178115100 ,VN,VN,,1/1/00 0:00,5.26,4.5285,6/8/23 12:34,2.14,Auction Ads,auction_relation
20230807,1773479333063680 ,US,US&CA,,1/1/00 0:00,0.51,1.2552,6/8/23 12:34,1.81,RIE,Ad Group Recall (Merged)
20230807,1773479333063680 ,CA,US&CA,,1/1/00 0:00,0.51,1.2552,6/8/23 12:34,1.81,RIE,Ad Group Recall (Merged)
20230807,1773479337518110 ,GB,GB,,1/1/00 0:00,35.34,1.2552,6/8/23 12:34,1.72,RIE,Ad Group Recall (Merged)
20230807,1773479340578860 ,AU,AU,,1/1/00 0:00,1.54,1.2552,6/8/23 12:34,1.84,RIE,Ad Group Recall (Merged)
20230807,1773479333063680 ,GB,GB,,1/1/00 0:00,0.51,1.2552,6/8/23 12:34,1.72,RIE,Ad Group Recall (Merged)
20230807,1773479333063680 ,AU,AU,,1/1/00 0:00,0.51,1.2552,6/8/23 12:34,1.84,RIE,Ad Group Recall (Merged)
20230807,1773482858014720 ,EG,,,1/1/00 0:00,4.8205,7.0664,6/8/23 12:36,0.54,Non-Auction Ads,Promote
20230807,1773483029122050 ,SA,,,1/1/00 0:00,16.159,4.1577,6/8/23 12:35,0.54,Non-Auction Ads,Promote
20230807,1773483262936060 ,GB,,,1/1/00 0:00,27.6553,17.1583,6/8/23 12:39,0.54,Non-Auction Ads,Promote
20230807,1773483176093690 ,TH,,,1/1/00 0:00,79.5363,4.4673,6/8/23 12:36,0.54,Non-Auction Ads,Promote
20230807,1773483185373190 ,GR,,,1/1/00 0:00,11.3577,4.8425,6/8/23 12:36,0.54,Non-Auction Ads,Promote
20230807,1773483096673280 ,ES,,,1/1/00 0:00,7.6704,1.8439,6/8/23 12:35,0.54,Non-Auction Ads,Promote
20230807,1773483350260730 ,VN,VN,,1/1/00 0:00,0.68,4.5285,6/8/23 12:37,2.14,Auction Ads,auction_relation
20230807,1773483355564080 ,VN,VN,,1/1/00 0:00,2.28,4.5285,6/8/23 12:37,2.14,Auction Ads,auction_relation
20230807,1773483177511930 ,SA,,,1/1/00 0:00,16.7402,3.3772,6/8/23 12:37,0.54,Non-Auction Ads,Promote
20230807,1773480235115570 ,IL,IL,,1/1/00 0:00,30.56,18.0553,6/8/23 12:43,1.22,RIE,Ad Group Recall (Merged)
20230807,1773483205910530 ,GR,,,1/1/00 0:00,7.891,2.1382,6/8/23 12:36,0.54,Non-Auction Ads,Promote
20230807,1773483212918780 ,VN,,,1/1/00 0:00,1.5017,1.4862,6/8/23 12:36,1.53,RIE,Promote Report Recall
20230807,1773484550127610 ,SA,,,1/1/00 0:00,43.5019,52.2539,6/8/23 12:59,0.54,Non-Auction Ads,Promote
20230807,1773483036453890 ,BR,,,1/1/00 0:00,1.1923,0.4847,6/8/23 12:37,1.53,RIE,Promote Report Recall
20230807,1773483246106620 ,TH,,,1/1/00 0:00,7.6215,4.5131,6/8/23 12:38,1.53,RIE,Promote Report Recall
20230807,1773483285673980 ,TH,,,1/1/00 0:00,20.4376,4.5131,6/8/23 12:38,0.54,Non-Auction Ads,Promote
20230807,1773484423773180 ,BR,BR,,1/1/00 0:00,4.53,33.4607,6/8/23 12:52,1.7,RIE,Ad Group Recall (Merged)
20230807,1773483749473280 ,KW,,,1/1/00 0:00,35.8597,19.8816,6/8/23 12:46,0.54,Non-Auction Ads,Promote
20230807,1773483345588220 ,VN,,,1/1/00 0:00,26.2162,2.0093,6/8/23 12:38,0.54,Non-Auction Ads,Promote
20230807,1773483190148090 ,ID,,,1/1/00 0:00,28.8393,1.1829,6/8/23 12:38,0.54,Non-Auction Ads,Promote
20230807,1773483374571520 ,SA,,,1/1/00 0:00,2.644,4.0223,6/8/23 12:40,1.53,RIE,Promote Report Recall
20230807,1773483355569170 ,KR,KR,,1/1/00 0:00,,0,6/8/23 12:38,2.37,Auction Ads,auction_relation
20230807,1773483430151180 ,KR,KR,,1/1/00 0:00,,0,6/8/23 12:38,2.37,Auction Ads,auction_relation
20230807,1773483439252590 ,KR,KR,,1/1/00 0:00,,0,6/8/23 12:38,2.37,Auction Ads,auction_relation
20230807,1773483395285010 ,KR,KR,,1/1/00 0:00,,0,6/8/23 12:38,2.37,Auction Ads,auction_relation
20230807,1773483289505820 ,KR,KR,,1/1/00 0:00,,0,6/8/23 12:38,2.37,Auction Ads,auction_relation
20230807,1773483434188800 ,KR,KR,,1/1/00 0:00,,0,6/8/23 12:38,2.37,Auction Ads,auction_relation
20230807,1773483400267790 ,KR,KR,,1/1/00 0:00,,0,6/8/23 12:38,2.37,Auction Ads,auction_relation
20230807,1773483355102210 ,KR,KR,,1/1/00 0:00,,0,6/8/23 12:38,2.37,Auction Ads,auction_relation
20230807,1773483394824190 ,KR,KR,,1/1/00 0:00,,0,6/8/23 12:38,2.37,Auction Ads,auction_relation
20230807,1773483386590210 ,KR,KR,,1/1/00 0:00,,0,6/8/23 12:38,2.37,Auction Ads,auction_relation
20230807,1773483439255560 ,KR,KR,,1/1/00 0:00,,0,6/8/23 12:38,2.37,Auction Ads,auction_relation
20230807,1773483450582060 ,KR,KR,,1/1/00 0:00,,0,6/8/23 12:38,2.37,Auction Ads,auction_relation
20230807,1773483289326590 ,SA,,,1/1/00 0:00,18.643,2.3479,6/8/23 12:38,0.54,Non-Auction Ads,Promote
20230807,1773483254715390 ,ES,,,1/1/00 0:00,1.9146,1.2662,6/8/23 12:38,1.53,RIE,Promote Report Recall
20230807,1773484726221820 ,SA,,,1/1/00 0:00,37.0166,52.2539,6/8/23 13:02,0.54,Non-Auction Ads,Promote
20230807,1773483303163900 ,SA,,,1/1/00 0:00,37.742,4.5508,6/8/23 12:41,0.54,Non-Auction Ads,Promote
20230807,1773483619356720 ,SA,MENA,,1/1/00 0:00,7.6776,5.6605,6/8/23 12:42,1.67,RIE,Ad Group Recall (Merged)
20230807,1773483360185340 ,ID,,,1/1/00 0:00,23.9843,3.3906,6/8/23 12:41,0.54,Non-Auction Ads,Promote
20230807,1773483333584890 ,SA,,,1/1/00 0:00,1.458,0.612,6/8/23 12:39,1.53,RIE,Promote Report Recall
20230807,1773483425374210 ,BR,,,1/1/00 0:00,6.5784,6.2385,6/8/23 12:43,0.54,Non-Auction Ads,Promote
20230807,1773481997981690 ,FR,FR,,1/1/00 0:00,109.3911,59.7001,6/8/23 13:08,1.76,RIE,Ad Group Recall (Merged)
20230807,1773483464454140 ,TR,,,1/1/00 0:00,3.8535,1.3194,6/8/23 12:40,0.54,Non-Auction Ads,Promote
20230807,1773483716616190 ,AE,,,1/1/00 0:00,25.2064,7.983,6/8/23 12:44,0.54,Non-Auction Ads,Promote
20230807,1773483620353040 ,VN,VN,,1/1/00 0:00,3.28,2.8129,6/8/23 12:42,2.14,Auction Ads,auction_relation
20230807,1773483620353040 ,VN,VN,,1/1/00 0:00,3.28,2.8129,6/8/23 12:42,2.14,Auction Ads,auction_relation
20230807,1773483442237440 ,TH,,,1/1/00 0:00,1.1593,0.2609,6/8/23 12:40,1.53,RIE,Promote Report Recall
20230807,1773483533701150 ,IT,,,1/1/00 0:00,20.8119,3.5301,6/8/23 12:42,0.54,Non-Auction Ads,Promote
20230807,1773483549524990 ,BR,,,1/1/00 0:00,11.2059,2.8786,6/8/23 12:43,0.54,Non-Auction Ads,Promote
20230807,1773483768376350 ,VN,VN,,1/1/00 0:00,3.62,2.8129,6/8/23 12:43,2.14,Auction Ads,auction_relation
20230807,1773486405788720 ,BR,BR,,1/1/00 0:00,65.37,88.3133,6/8/23 13:26,1.99,Auction Ads,auction_all
20230807,1773483727013880 ,VN,,,1/1/00 0:00,5.636,2.8751,6/8/23 12:44,0.54,Non-Auction Ads,Promote
20230807,1773483620168700 ,IE,,,1/1/00 0:00,0.2091,1.0401,6/8/23 12:44,1.53,RIE,Promote Report Recall
20230807,1773484116146180 ,FR,,,1/1/00 0:00,55.4141,18.8151,6/8/23 12:51,0.54,Non-Auction Ads,Promote
20230807,1773483638035450 ,KH,,,1/1/00 0:00,2.8579,1.3872,6/8/23 12:44,0.54,Non-Auction Ads,Promote
20230807,1773483731897340 ,SA,,,1/1/00 0:00,15.5536,8.5284,6/8/23 12:46,0.54,Non-Auction Ads,Promote
20230807,1773481496104020 ,AT,,,1/1/00 0:00,13.6862,4.2767,6/8/23 12:45,1.53,RIE,Promote Report Recall
20230807,1773483682488320 ,SA,,,1/1/00 0:00,31.944,3.9505,6/8/23 12:45,0.54,Non-Auction Ads,Promote
20230807,1773483691283450 ,TR,,,1/1/00 0:00,4.2537,1.8553,6/8/23 12:45,0.54,Non-Auction Ads,Promote
20230807,1773488205500440 ,CA,US&CA,,1/1/00 0:00,19.09,12.9968,6/8/23 12:50,1.81,RIE,Ad Group Recall (Merged)
20230807,1773488205500440 ,CA,US&CA,,1/1/00 0:00,19.09,12.9968,6/8/23 12:50,1.81,RIE,Ad Group Recall (Merged)
20230807,1773484559838200 ,SA,,,1/1/00 0:00,54.2362,26.8809,6/8/23 12:58,0.54,Non-Auction Ads,Promote
20230807,1773483878193150 ,TR,,,1/1/00 0:00,0.8829,5.0618,6/8/23 12:47,0.54,Non-Auction Ads,Promote
20230807,1773483686485050 ,KH,,,1/1/00 0:00,4.1688,1.3872,6/8/23 12:45,0.54,Non-Auction Ads,Promote
20230807,1773483818124330 ,KR,KR,,1/1/00 0:00,,0,6/8/23 12:44,2.37,Auction Ads,auction_relation
20230807,1773483893858330 ,KR,KR,,1/1/00 0:00,,0,6/8/23 12:44,2.37,Auction Ads,auction_relation
20230807,1773483808281640 ,KR,KR,,1/1/00 0:00,,0,6/8/23 12:44,2.37,Auction Ads,auction_relation
20230807,1773483839445040 ,KR,KR,,1/1/00 0:00,,0,6/8/23 12:44,2.37,Auction Ads,auction_relation
20230807,1773483809705000 ,KR,KR,,1/1/00 0:00,,0,6/8/23 12:44,2.37,Auction Ads,auction_relation
20230807,1773483803438110 ,KR,KR,,1/1/00 0:00,,0,6/8/23 12:44,2.37,Auction Ads,auction_relation
20230807,1773483683449890 ,KR,KR,,1/1/00 0:00,,0,6/8/23 12:44,2.37,Auction Ads,auction_relation
20230807,1773483793888270 ,KR,KR,,1/1/00 0:00,,0,6/8/23 12:44,2.37,Auction Ads,auction_relation
20230807,1773483748613120 ,PH,,,1/1/00 0:00,7.5603,0.4269,6/8/23 12:45,0.54,Non-Auction Ads,Promote
20230807,1773483544823800 ,KH,,,1/1/00 0:00,4.6122,1.3872,6/8/23 12:45,0.54,Non-Auction Ads,Promote
20230807,1773484645167100 ,VN,,,1/1/00 0:00,0,29.7704,6/8/23 13:00,0.54,Non-Auction Ads,Promote
20230807,1773483902905350 ,BR,,,1/1/00 0:00,8.1955,4.9021,6/8/23 12:48,0.54,Non-Auction Ads,Promote
20230807,1773484841546800 ,BR,BR,,1/1/00 0:00,17.3234,9.2805,6/8/23 12:49,1.7,RIE,Ad Group Recall (Merged)
20230807,1773484108381200 ,VN,VN,,1/1/00 0:00,,5.1288,6/8/23 12:49,2.14,Auction Ads,auction_relation
20230807,1773483768687610 ,MY,,,1/1/00 0:00,2.806,0.6831,6/8/23 12:46,1.53,RIE,Promote Report Recall
20230807,1773483772674050 ,TR,,,1/1/00 0:00,0.7048,0.7257,6/8/23 12:46,0.54,Non-Auction Ads,Promote
20230807,1773483881389050 ,SA,,,1/1/00 0:00,25.7362,1.2349,6/8/23 12:48,0.54,Non-Auction Ads,Promote
20230807,1773483814194170 ,TR,,,1/1/00 0:00,10.5688,2.8453,6/8/23 12:49,0.54,Non-Auction Ads,Promote
20230807,1773483900652540 ,IL,,,1/1/00 0:00,42.4456,2.4094,6/8/23 12:48,0.54,Non-Auction Ads,Promote
20230807,1773484184306680 ,TH,,,1/1/00 0:00,3.1808,10.338,6/8/23 12:52,0.54,Non-Auction Ads,Promote
20230807,1773483851567100 ,VN,,,1/1/00 0:00,0.2876,0.1674,6/8/23 12:47,1.53,RIE,Promote Report Recall
20230807,1773483941888000 ,IT,,,1/1/00 0:00,1.0677,0.5672,6/8/23 12:48,1.53,RIE,Promote Report Recall
20230807,1773483933979650 ,RO,,,1/1/00 0:00,5.2432,2.4526,6/8/23 12:49,0.54,Non-Auction Ads,Promote
20230807,1773483953577980 ,AU,,,1/1/00 0:00,10.6198,2.4889,6/8/23 12:49,1.53,RIE,Promote Report Recall
20230807,1773483929736190 ,IT,,,1/1/00 0:00,14.6703,2.8819,6/8/23 12:49,0.54,Non-Auction Ads,Promote
20230807,1773483967062020 ,DE,,,1/1/00 0:00,5.2055,3.5643,6/8/23 12:49,1.53,RIE,Promote Report Recall
20230807,1773483954821120 ,SA,,,1/1/00 0:00,6.2881,2.1545,6/8/23 12:49,1.53,RIE,Promote Report Recall
20230807,1773483960027140 ,BR,,,1/1/00 0:00,0.8248,1.957,6/8/23 12:49,1.53,RIE,Promote Report Recall
20230807,1773484052728830 ,VN,,,1/1/00 0:00,48.2621,3.5827,6/8/23 12:49,0.54,Non-Auction Ads,Promote
20230807,1773484123900990 ,KW,,,1/1/00 0:00,50.5236,8.7052,6/8/23 12:52,0.54,Non-Auction Ads,Promote
20230807,1773484220081200 ,VN,VN,,1/1/00 0:00,,3.1282,6/8/23 12:51,2.14,Auction Ads,auction_relation
20230807,1773483975424000 ,VN,,,1/1/00 0:00,0.6206,0.1674,6/8/23 12:49,1.53,RIE,Promote Report Recall
20230807,1773484152907780 ,BR,,,1/1/00 0:00,8.2736,2.3447,6/8/23 12:51,0.54,Non-Auction Ads,Promote
20230807,1773485403246590 ,US,,,1/1/00 0:00,107.78,42.3591,6/8/23 13:12,0.54,Non-Auction Ads,Promote
20230807,1773484143335480 ,KW,,,1/1/00 0:00,5.909,3.5756,6/8/23 12:52,0.54,Non-Auction Ads,Promote
20230807,1773483984628740 ,PT,,,1/1/00 0:00,0.4474,0.5789,6/8/23 12:50,1.53,RIE,Promote Report Recall
20230807,1773484130794490 ,PH,,,1/1/00 0:00,9.7785,1.2981,6/8/23 12:51,0.54,Non-Auction Ads,Promote
20230807,1773484331230200 ,SA,,,1/1/00 0:00,107.9261,7.7501,6/8/23 12:55,0.54,Non-Auction Ads,Promote
20230807,1773484277903360 ,VN,VN,,1/1/00 0:00,,3.3931,6/8/23 12:52,2.14,Auction Ads,auction_relation
20230807,1773484190033920 ,PL,,,1/1/00 0:00,4.5034,1.7387,6/8/23 12:52,0.54,Non-Auction Ads,Promote
20230807,1773484434144250 ,MY,MY,,1/1/00 0:00,0.29,5.4578,6/8/23 12:55,2.3,RIE,Ad Group Recall (Merged)
20230807,1773484497382400 ,SA,,,1/1/00 0:00,29.1026,12.8675,6/8/23 12:58,0.54,Non-Auction Ads,Promote
20230807,1773484365372410 ,KW,,,1/1/00 0:00,29.9607,7.3457,6/8/23 12:56,0.54,Non-Auction Ads,Promote
20230807,1773485339350020 ,US,,,1/1/00 0:00,110.78,42.3591,6/8/23 13:13,0.54,Non-Auction Ads,Promote
20230807,1773484211565570 ,US,,,1/1/00 0:00,4.11,3.0604,6/8/23 12:53,1.53,RIE,Promote Report Recall
20230807,1773484232732670 ,BR,,,1/1/00 0:00,0.7613,0.6966,6/8/23 12:52,1.53,RIE,Promote Report Recall
20230807,1773391002608640 ,SA,,,1/1/00 0:00,1.7489,0.4875,6/8/23 12:53,0.54,Non-Auction Ads,Promote
20230807,1773484282743810 ,TR,,,1/1/00 0:00,1.6926,1.2307,6/8/23 12:53,0.54,Non-Auction Ads,Promote
20230807,1773484178475000 ,TR,,,1/1/00 0:00,3.3183,2.8453,6/8/23 12:55,0.54,Non-Auction Ads,Promote
20230807,1773484273935360 ,TR,,,1/1/00 0:00,6.5696,0.8662,6/8/23 12:54,0.54,Non-Auction Ads,Promote
20230807,1773484389768210 ,BR,,,1/1/00 0:00,11.1424,6.6875,6/8/23 12:57,1.53,RIE,Promote Report Recall
20230807,1773484294846460 ,TH,,,1/1/00 0:00,27.7247,2.443,6/8/23 12:55,0.54,Non-Auction Ads,Promote
20230807,1773484450259970 ,RO,,,1/1/00 0:00,6.6051,4.059,6/8/23 12:56,0.54,Non-Auction Ads,Promote
20230807,1773484018729980 ,ID,,,1/1/00 0:00,2.1025,0.3627,6/8/23 12:55,1.53,RIE,Promote Report Recall
20230807,1773484889424890 ,VN,VN,,1/1/00 0:00,,3.9283,6/8/23 12:56,2.14,Auction Ads,auction_relation
20230807,1773484425492480 ,TR,,,1/1/00 0:00,1.8678,1.2307,6/8/23 12:55,0.54,Non-Auction Ads,Promote
20230807,1773484394577920 ,IL,,,1/1/00 0:00,13.6575,2.7285,6/8/23 12:56,0.54,Non-Auction Ads,Promote
20230807,1773484433933310 ,KH,,,1/1/00 0:00,3.8893,0.9795,6/8/23 12:56,0.54,Non-Auction Ads,Promote
20230807,1773484496193540 ,EG,,,1/1/00 0:00,6.0915,2.7243,6/8/23 12:57,0.54,Non-Auction Ads,Promote
20230807,1773484553934850 ,BR,,,1/1/00 0:00,2.6737,4.2742,6/8/23 12:58,0.54,Non-Auction Ads,Promote
20230807,1773486764743690 ,JP,JP,,1/1/00 0:00,282.4047,46.3064,6/8/23 13:18,3.21,RIE,Ad Group Recall (Merged)
20230807,1773484587226110 ,BR,,,1/1/00 0:00,4.7236,7.6454,6/8/23 12:59,0.54,Non-Auction Ads,Promote
20230807,1773484577622060 ,VN,VN,,1/1/00 0:00,,1.0575,6/8/23 12:56,2.14,Auction Ads,auction_relation
20230807,1773484467992570 ,MY,,,1/1/00 0:00,12.1033,2.1716,6/8/23 12:57,0.54,Non-Auction Ads,Promote
20230807,1773484906064900 ,GB,,,1/1/00 0:00,15.7464,14.6859,6/8/23 13:04,0.54,Non-Auction Ads,Promote
20230807,1773484431307840 ,SA,,,1/1/00 0:00,22.1535,4.4297,6/8/23 12:59,0.54,Non-Auction Ads,Promote
20230807,1773484409137170 ,PL,,,1/1/00 0:00,4.4245,0.4349,6/8/23 12:57,0.54,Non-Auction Ads,Promote
20230807,1773484790102040 ,VN,VN,,1/1/00 0:00,11.238,9.6822,6/8/23 13:01,2.14,Auction Ads,auction_relation
20230807,1773484650619900 ,VN,,,1/1/00 0:00,31.8826,3.5827,6/8/23 12:59,0.54,Non-Auction Ads,Promote
20230807,1773484596361210 ,TR,,,1/1/00 0:00,4.3999,0.7483,6/8/23 12:58,0.54,Non-Auction Ads,Promote
20230807,1773484595003390 ,VN,,,1/1/00 0:00,48.5058,0.7297,6/8/23 12:58,0.54,Non-Auction Ads,Promote
20230807,1773484167705630 ,VN,VN,,1/1/00 0:00,,1.0575,6/8/23 12:59,2.14,Auction Ads,auction_relation
20230807,1773484734971900 ,CA,,,1/1/00 0:00,29.6855,5.932,6/8/23 13:01,0.54,Non-Auction Ads,Promote
20230807,1773484600287230 ,SA,,,1/1/00 0:00,3.5853,4.4297,6/8/23 13:01,0.54,Non-Auction Ads,Promote
20230807,1773484844261370 ,KW,,,1/1/00 0:00,17.1309,8.7757,6/8/23 13:03,0.54,Non-Auction Ads,Promote
20230807,1773484931715070 ,SA,,,1/1/00 0:00,10.2223,15.9082,6/8/23 13:08,0.54,Non-Auction Ads,Promote
20230807,1773484715660280 ,VN,,,1/1/00 0:00,26.0576,1.1729,6/8/23 13:00,0.54,Non-Auction Ads,Promote
20230807,1773484703919100 ,VN,,,1/1/00 0:00,8.9387,3.6588,6/8/23 13:01,0.54,Non-Auction Ads,Promote
20230807,1773485162034190 ,VN,VN,,1/1/00 0:00,0.9956,11.1815,6/8/23 13:06,2.14,Auction Ads,auction_relation
20230807,1773481174824960 ,US,US&CA,,1/1/00 0:00,101.52,13.2747,6/8/23 13:08,1.81,RIE,Ad Group Recall (Merged)
20230807,1773485209887770 ,BR,BR,,1/1/00 0:00,4.2947,1.086,6/8/23 13:00,1.99,Auction Ads,auction_all
20230807,1773488666849290 ,ZA,Other,,1/1/00 0:00,33.31,4.5161,6/8/23 13:02,1.62,RIE,Ad Group Recall (Merged)
20230807,1773488666849290 ,IT,IT,,1/1/00 0:00,33.31,4.5161,6/8/23 13:02,1.79,RIE,Ad Group Recall (Merged)
20230807,1773488666849290 ,PK,Other,,1/1/00 0:00,33.31,4.5161,6/8/23 13:02,1.62,RIE,Ad Group Recall (Merged)
20230807,1773485797778480 ,AE,MENA,,1/1/00 0:00,11.6636,0,6/8/23 13:00,1.78,Auction Ads,auction_relation
20230807,1773484752745470 ,SA,,,1/1/00 0:00,32.973,4.5703,6/8/23 13:02,0.54,Non-Auction Ads,Promote
20230807,1773484715469820 ,VN,,,1/1/00 0:00,1.0341,0.7403,6/8/23 13:01,1.53,RIE,Promote Report Recall
20230807,1773484942123000 ,VN,VN,,1/1/00 0:00,,1.0575,6/8/23 13:01,2.14,Auction Ads,auction_relation
20230807,1773485422148610 ,FR,,,1/1/00 0:00,26.7772,18.8151,6/8/23 13:11,1.53,RIE,Promote Report Recall
20230807,1773484847809540 ,BE,,,1/1/00 0:00,4.5674,3.1912,6/8/23 13:03,1.53,RIE,Promote Report Recall
20230807,1773485718080590 ,MA,Other,,1/1/00 0:00,4.52,5.4578,6/8/23 13:06,1.62,RIE,Ad Group Recall (Merged)
20230807,1773485068713990 ,DE,,,1/1/00 0:00,21.8793,15.2834,6/8/23 13:11,1.53,RIE,Promote Report Recall
20230807,1773485019697150 ,VN,VN,,1/1/00 0:00,,1.0575,6/8/23 13:04,2.14,Auction Ads,auction_relation
20230807,1773485003132960 ,VN,VN,,1/1/00 0:00,,1.0575,6/8/23 13:04,2.14,Auction Ads,auction_relation
20230807,1773485039190010 ,VN,VN,,1/1/00 0:00,,1.0575,6/8/23 13:04,2.14,Auction Ads,auction_relation
20230807,1773485029459980 ,VN,VN,,1/1/00 0:00,,1.0575,6/8/23 13:04,2.14,Auction Ads,auction_relation
20230807,1773485128325120 ,ID,,,1/1/00 0:00,7.6434,2.7809,6/8/23 13:07,0.54,Non-Auction Ads,Promote
20230807,1773485284172810 ,VN,VN,,1/1/00 0:00,,6.9147,6/8/23 13:09,2.14,Auction Ads,auction_relation
20230807,1773485577854000 ,MA,MA,,1/1/00 0:00,4.09,11.05,6/8/23 13:11,1.51,Auction Ads,auction_relation
20230807,1773484988775420 ,VN,,,1/1/00 0:00,1.872,0.707,6/8/23 13:06,1.53,RIE,Promote Report Recall
20230807,1773485199484930 ,SA,,,1/1/00 0:00,13.128,3.2505,6/8/23 13:08,0.54,Non-Auction Ads,Promote
20230807,1773485041465340 ,VN,,,1/1/00 0:00,0.2892,1.0745,6/8/23 13:06,1.53,RIE,Promote Report Recall
20230807,1773484984083450 ,ID,,,1/1/00 0:00,3.2637,2.2042,6/8/23 13:07,0.54,Non-Auction Ads,Promote
20230807,1773485156214780 ,ID,,,1/1/00 0:00,6.3007,3.4596,6/8/23 13:08,0.54,Non-Auction Ads,Promote
20230807,1773485152600060 ,IL,,,1/1/00 0:00,7.1276,1.6497,6/8/23 13:08,0.54,Non-Auction Ads,Promote
20230807,1773485978906620 ,US,,,1/1/00 0:00,111.47,29.0269,6/8/23 13:20,0.54,Non-Auction Ads,Promote
20230807,1773482029541400 ,GB,GB,,1/1/00 0:00,6.5808,0.011,6/8/23 13:07,1.72,RIE,Ad Group Recall (Merged)
20230807,1773485283927040 ,IT,,,1/1/00 0:00,12.7948,3.385,6/8/23 13:09,0.54,Non-Auction Ads,Promote
20230807,1773486038848510 ,US,,,1/1/00 0:00,110.72,29.0269,6/8/23 13:21,0.54,Non-Auction Ads,Promote
20230807,1773485101543420 ,KW,,,1/1/00 0:00,6.4392,3.6072,6/8/23 13:09,0.54,Non-Auction Ads,Promote
20230807,1773486056302590 ,US,,,1/1/00 0:00,112.97,29.0269,6/8/23 13:22,0.54,Non-Auction Ads,Promote
20230807,1773486092538880 ,US,,,1/1/00 0:00,112.53,29.0269,6/8/23 13:22,0.54,Non-Auction Ads,Promote
20230807,1773485131071480 ,PH,,,1/1/00 0:00,0.9845,0.6204,6/8/23 13:08,1.53,RIE,Promote Report Recall
20230807,1773486146583550 ,US,,,1/1/00 0:00,114.21,29.0269,6/8/23 13:23,0.54,Non-Auction Ads,Promote
20230807,1773485237604370 ,US,,,1/1/00 0:00,2.02,2.5972,6/8/23 13:09,0.54,Non-Auction Ads,Promote
20230807,1773485265338360 ,VN,,,1/1/00 0:00,31.1159,0.7297,6/8/23 13:09,0.54,Non-Auction Ads,Promote
20230807,1773486177945600 ,US,,,1/1/00 0:00,52.55,29.0269,6/8/23 13:23,1.53,RIE,Promote Report Recall
20230807,1773485343352860 ,VN,VN,,1/1/00 0:00,,1.8104,6/8/23 13:10,2.14,Auction Ads,auction_relation
20230807,1773485343352860 ,VN,VN,,1/1/00 0:00,,1.8104,6/8/23 13:10,2.14,Auction Ads,auction_relation
20230807,1773485218745340 ,MY,,,1/1/00 0:00,23.462,0.2607,6/8/23 13:09,0.54,Non-Auction Ads,Promote
20230807,1773485983252510 ,SA,MENA,,1/1/00 0:00,,3.1909,6/8/23 13:11,1.78,Auction Ads,auction_relation
20230807,1773485983252510 ,SA,MENA,,1/1/00 0:00,,3.1909,6/8/23 13:11,1.78,Auction Ads,auction_relation
20230807,1773486564460560 ,AE,MENA,,1/1/00 0:00,37.04,16.8102,6/8/23 13:18,1.78,Auction Ads,auction_relation
20230807,1773485336491010 ,SA,,,1/1/00 0:00,1.8766,0.5692,6/8/23 13:10,1.53,RIE,Promote Report Recall
20230807,1773485543626750 ,IL,,,1/1/00 0:00,32.3215,8.8501,6/8/23 13:15,0.54,Non-Auction Ads,Promote
20230807,1773485231874050 ,MY,,,1/1/00 0:00,1.4491,0.415,6/8/23 13:10,1.53,RIE,Promote Report Recall
20230807,1773487784370220 ,BR,BR,,1/1/00 0:00,7.1964,1.2576,6/8/23 13:11,1.7,RIE,Ad Group Recall (Merged)
20230807,1773486273067010 ,US,,,1/1/00 0:00,159.54,29.0269,6/8/23 13:25,0.54,Non-Auction Ads,Promote
20230807,1773485426126850 ,IT,,,1/1/00 0:00,13.3563,3.1723,6/8/23 13:11,0.54,Non-Auction Ads,Promote
20230807,1773485405071360 ,ID,,,1/1/00 0:00,7.9384,0.5973,6/8/23 13:11,0.54,Non-Auction Ads,Promote
20230807,1773493369252860 ,SA,MENA,,1/1/00 0:00,25.697,27.3662,6/8/23 13:25,1.78,Auction Ads,auction_relation
20230807,1773486578176010 ,MA,Other,,1/1/00 0:00,23.54,9.83,6/8/23 13:17,1.62,RIE,Ad Group Recall (Merged)
20230807,1773485780999170 ,JP,,,1/1/00 0:00,31.3441,10.0513,6/8/23 13:17,0.54,Non-Auction Ads,Promote
20230807,1773486430267390 ,US,,,1/1/00 0:00,111.15,29.0269,6/8/23 13:27,0.54,Non-Auction Ads,Promote
20230807,1773485356441600 ,VN,,,1/1/00 0:00,45.8689,0.7297,6/8/23 13:12,0.54,Non-Auction Ads,Promote
20230807,1773470753624110 ,PK,Other,,1/1/00 0:00,3.47,0.2014,6/8/23 13:12,1.62,RIE,Ad Group Recall (Merged)
20230807,1773484442854400 ,EG,,,1/1/00 0:00,5.7218,2.2095,6/8/23 13:12,0.54,Non-Auction Ads,Promote
20230807,1773485476233220 ,BR,,,1/1/00 0:00,6.0697,14.4496,6/8/23 13:19,0.54,Non-Auction Ads,Promote
20230807,1773485454052370 ,VN,VN,,1/1/00 0:00,,1.1303,6/8/23 13:12,2.14,Auction Ads,auction_relation
20230807,1773485454061570 ,VN,VN,,1/1/00 0:00,,1.1303,6/8/23 13:12,2.14,Auction Ads,auction_relation
20230807,1773485454385200 ,VN,VN,,1/1/00 0:00,,1.1303,6/8/23 13:12,2.14,Auction Ads,auction_relation
20230807,1773485565774840 ,AE,,,1/1/00 0:00,12.1888,4.3022,6/8/23 13:15,0.54,Non-Auction Ads,Promote
20230807,1773485545582590 ,ID,,,1/1/00 0:00,22.5998,4.3242,6/8/23 13:15,1.53,RIE,Promote Report Recall
20230807,1773485474143230 ,VN,,,1/1/00 0:00,15.1504,0.7297,6/8/23 13:13,0.54,Non-Auction Ads,Promote
20230807,1773488551153680 ,VN,VN,,1/1/00 0:00,2.46,7.2065,6/8/23 13:17,2.14,Auction Ads,auction_relation
20230807,1773485575287810 ,BR,,,1/1/00 0:00,2.8852,5.3636,6/8/23 13:17,1.53,RIE,Promote Report Recall
20230807,1773485614579710 ,TR,,,1/1/00 0:00,4.9741,0.4228,6/8/23 13:14,0.54,Non-Auction Ads,Promote
20230807,1773485562667010 ,TR,,,1/1/00 0:00,3.0021,0.7349,6/8/23 13:15,0.54,Non-Auction Ads,Promote
20230807,1773485644535800 ,TH,,,1/1/00 0:00,1.8517,1.8983,6/8/23 13:15,1.53,RIE,Promote Report Recall
20230807,1773486598351890 ,US,,,1/1/00 0:00,112.01,29.0269,6/8/23 13:30,0.54,Non-Auction Ads,Promote
20230807,1773485570782210 ,BR,,,1/1/00 0:00,8.6409,1.4115,6/8/23 13:15,0.54,Non-Auction Ads,Promote
20230807,1773486035310590 ,CA,US&CA,,1/1/00 0:00,21.52,8.5732,6/8/23 13:18,1.81,RIE,Ad Group Recall (Merged)
20230807,1773485646388240 ,PH,,,1/1/00 0:00,8.0216,1.7444,6/8/23 13:16,0.54,Non-Auction Ads,Promote
20230807,1773485709601790 ,VN,,,1/1/00 0:00,7.794,0.9846,6/8/23 13:16,0.54,Non-Auction Ads,Promote
20230807,1773485728105470 ,PH,,,1/1/00 0:00,8.1315,1.7444,6/8/23 13:16,0.54,Non-Auction Ads,Promote
20230807,1773482471089170 ,US,US&CA,,1/1/00 0:00,1.86,15.9061,6/8/23 13:24,1.81,RIE,Ad Group Recall (Merged)
20230807,1773485570189310 ,SA,,,1/1/00 0:00,2.8124,0.8063,6/8/23 13:16,1.53,RIE,Promote Report Recall
20230807,1773485791510530 ,PT,,,1/1/00 0:00,8.456,1.7679,6/8/23 13:17,0.54,Non-Auction Ads,Promote
20230807,1773485764004860 ,ID,,,1/1/00 0:00,10.1132,1.0017,6/8/23 13:18,0.54,Non-Auction Ads,Promote
20230807,1773485849523210 ,VN,VN,,1/1/00 0:00,,1.1303,6/8/23 13:18,2.14,Auction Ads,auction_relation
20230807,1773485849523210 ,VN,VN,,1/1/00 0:00,,1.1303,6/8/23 13:18,2.14,Auction Ads,auction_relation
20230807,1773485776537600 ,VN,,,1/1/00 0:00,7.4757,0.9846,6/8/23 13:18,0.54,Non-Auction Ads,Promote
20230807,1773485777525840 ,FR,,,1/1/00 0:00,6.0416,1.3549,6/8/23 13:18,1.53,RIE,Promote Report Recall
20230807,1773500985089070 ,UY,Other,,1/1/00 0:00,8.8,2.0049,6/8/23 13:18,1.62,RIE,Ad Group Recall (Merged)
20230807,1773488312600610 ,IQ,Other,,1/1/00 0:00,96.91,56.7758,6/8/23 13:56,1.62,RIE,Ad Group Recall (Merged)
20230807,1773485849193470 ,SA,,,1/1/00 0:00,0.4132,0.3574,6/8/23 13:19,1.53,RIE,Promote Report Recall
20230807,1773485953579010 ,ID,,,1/1/00 0:00,10.1364,0.9502,6/8/23 13:20,0.54,Non-Auction Ads,Promote
20230807,1773485826478080 ,ID,,,1/1/00 0:00,1.7203,0.5144,6/8/23 13:20,1.53,RIE,Promote Report Recall
20230807,1773486563590170 ,VN,VN,,1/1/00 0:00,,0.667,6/8/23 13:20,2.14,Auction Ads,auction_relation
20230807,1773485981052920 ,PH,,,1/1/00 0:00,8.1364,1.815,6/8/23 13:21,0.54,Non-Auction Ads,Promote
20230807,1773485923337220 ,PL,,,1/1/00 0:00,8.1259,1.2513,6/8/23 13:20,0.54,Non-Auction Ads,Promote
20230807,1773486163418110 ,AE,,,1/1/00 0:00,28.7727,2.8895,6/8/23 13:23,0.54,Non-Auction Ads,Promote
20230807,1773486150965270 ,GR,,,1/1/00 0:00,0.4074,6.1056,6/8/23 13:24,0.54,Non-Auction Ads,Promote
20230807,1773487400722430 ,AE,MENA,,1/1/00 0:00,27.49,16.8102,6/8/23 13:32,1.78,Auction Ads,auction_relation
20230807,1773487400722430 ,AE,MENA,,1/1/00 0:00,27.49,16.8102,6/8/23 13:32,1.67,RIE,Ad Group Recall (Merged)
20230807,1773486095396860 ,BR,,,1/1/00 0:00,8.3555,2.8786,6/8/23 13:23,0.54,Non-Auction Ads,Promote
20230807,1773486033719290 ,SA,,,1/1/00 0:00,7.8396,1.614,6/8/23 13:22,0.54,Non-Auction Ads,Promote
20230807,1773486167146490 ,KW,,,1/1/00 0:00,9.612,2.9719,6/8/23 13:24,1.53,RIE,Promote Report Recall
20230807,1773486240602110 ,SA,,,1/1/00 0:00,4.7742,5.7373,6/8/23 13:26,0.54,Non-Auction Ads,Promote
20230807,1773486529800190 ,SA,,,1/1/00 0:00,29.7426,10.3386,6/8/23 13:29,0.54,Non-Auction Ads,Promote
20230807,1773486139541500 ,CZ,,,1/1/00 0:00,1.7598,1.0162,6/8/23 13:24,1.53,RIE,Promote Report Recall
20230807,1773486088939550 ,BR,,,1/1/00 0:00,0.4929,0.4783,6/8/23 13:24,1.53,RIE,Promote Report Recall
20230807,1773486304855040 ,PL,,,1/1/00 0:00,3.3692,3.9754,6/8/23 13:27,0.54,Non-Auction Ads,Promote
20230807,1773486192453630 ,PT,,,1/1/00 0:00,1.4973,0.4098,6/8/23 13:25,1.53,RIE,Promote Report Recall
20230807,1773486470580220 ,KW,,,1/1/00 0:00,33.2463,5.615,6/8/23 13:28,0.54,Non-Auction Ads,Promote
20230807,1773486320968710 ,KW,,,1/1/00 0:00,17.6098,2.725,6/8/23 13:27,0.54,Non-Auction Ads,Promote
20230807,1773486321334270 ,TR,,,1/1/00 0:00,2.3824,2.8537,6/8/23 13:27,0.54,Non-Auction Ads,Promote
20230807,1773486897090560 ,SA,,,1/1/00 0:00,12.4349,14.221,6/8/23 13:36,0.54,Non-Auction Ads,Promote
20230807,1773487217522690 ,AT,,,1/1/00 0:00,22.2274,18.906,6/8/23 13:41,0.54,Non-Auction Ads,Promote
20230807,1773487180111870 ,SA,,,1/1/00 0:00,18.579,20.3196,6/8/23 13:41,0.54,Non-Auction Ads,Promote
20230807,1773486527481860 ,GB,,,1/1/00 0:00,2.6269,5.024,6/8/23 13:29,1.53,RIE,Promote Report Recall
20230807,1773486346823680 ,TH,,,1/1/00 0:00,1.2238,0.6587,6/8/23 13:27,1.53,RIE,Promote Report Recall
20230807,1773486394767360 ,TR,,,1/1/00 0:00,7.533,1.3101,6/8/23 13:28,0.54,Non-Auction Ads,Promote
20230807,1773486390116350 ,ID,,,1/1/00 0:00,8.3474,1.4263,6/8/23 13:28,0.54,Non-Auction Ads,Promote
20230807,1773486497210360 ,VN,,,1/1/00 0:00,13.6997,0.9846,6/8/23 13:28,0.54,Non-Auction Ads,Promote
20230807,1773486411365370 ,SA,,,1/1/00 0:00,0.3917,0.3347,6/8/23 13:28,1.53,RIE,Promote Report Recall
20230807,1773486666302460 ,ID,,,1/1/00 0:00,6.4508,3.325,6/8/23 13:31,1.53,RIE,Promote Report Recall
20230807,1773487541540860 ,JP,,,1/1/00 0:00,32.5187,19.9418,6/8/23 13:46,0.54,Non-Auction Ads,Promote
20230807,1773486336410620 ,ID,,,1/1/00 0:00,1.9392,0.4715,6/8/23 13:30,1.53,RIE,Promote Report Recall
20230807,1773487903083560 ,SA,MENA,,1/1/00 0:00,,8.27,6/8/23 13:36,1.78,Auction Ads,auction_relation
20230807,1773486554649600 ,VN,,,1/1/00 0:00,1.4139,0.3881,6/8/23 13:30,1.53,RIE,Promote Report Recall
20230807,1773487080691730 ,BR,BR,,1/1/00 0:00,,0.3519,6/8/23 13:30,1.7,RIE,Ad Group Recall (Merged)
20230807,1773486914724960 ,VN,VN,,1/1/00 0:00,,0.667,6/8/23 13:31,2.14,Auction Ads,auction_relation
20230807,1773486815020030 ,US,,,1/1/00 0:00,10.58,4.3,6/8/23 13:35,1.53,RIE,Promote Report Recall
20230807,1773486863940600 ,SA,,,1/1/00 0:00,0.5171,5.138,6/8/23 13:35,0.54,Non-Auction Ads,Promote
20230807,1773486655446010 ,ID,,,1/1/00 0:00,7.5146,2.144,6/8/23 13:34,0.54,Non-Auction Ads,Promote
20230807,1773486998560760 ,SA,,,1/1/00 0:00,18.6778,6.9442,6/8/23 13:38,0.54,Non-Auction Ads,Promote
20230807,1773486619508730 ,TR,,,1/1/00 0:00,1.1431,0.4758,6/8/23 13:32,1.53,RIE,Promote Report Recall
20230807,1773486752644090 ,VN,,,1/1/00 0:00,8.0879,0.1025,6/8/23 13:32,1.53,RIE,Promote Report Recall
20230807,1773486545771520 ,ID,,,1/1/00 0:00,0.9246,0.4179,6/8/23 13:33,1.53,RIE,Promote Report Recall
20230807,1773487025905660 ,SA,,,1/1/00 0:00,18.0298,5.0766,6/8/23 13:38,0.54,Non-Auction Ads,Promote
20230807,1773486840526850 ,TR,,,1/1/00 0:00,5.9406,0.2856,6/8/23 13:34,0.54,Non-Auction Ads,Promote
20230807,1773487607178240 ,KR,KR,,1/1/00 0:00,1.01,13.3271,6/8/23 13:46,2.37,Auction Ads,auction_relation
20230807,1773487122974720 ,FR,,,1/1/00 0:00,0.5726,7.6619,6/8/23 13:40,0.54,Non-Auction Ads,Promote
20230807,1773486781300730 ,SA,,,1/1/00 0:00,3.1692,0.842,6/8/23 13:34,1.53,RIE,Promote Report Recall
20230807,1773486892395520 ,VN,,,1/1/00 0:00,7.7887,3.6434,6/8/23 13:37,1.53,RIE,Promote Report Recall
20230807,1773486772846590 ,MY,,,1/1/00 0:00,103.9234,0.2563,6/8/23 13:34,0.54,Non-Auction Ads,Promote
20230807,1773486831510530 ,BR,,,1/1/00 0:00,0.275,0.6162,6/8/23 13:35,1.53,RIE,Promote Report Recall
20230807,1773487101741050 ,VN,VN,,1/1/00 0:00,,0.667,6/8/23 13:35,2.14,Auction Ads,auction_relation
20230807,1773487063047160 ,ID,,,1/1/00 0:00,22.2836,2.3999,6/8/23 13:38,0.54,Non-Auction Ads,Promote
20230807,1773488391438340 ,US,,,1/1/00 0:00,110.06,42.3591,6/8/23 14:00,0.54,Non-Auction Ads,Promote
20230807,1773487233514490 ,IL,,,1/1/00 0:00,27.9672,6.064,6/8/23 13:41,0.54,Non-Auction Ads,Promote
20230807,1773487918345210 ,KW,,,1/1/00 0:00,78.0363,19.627,6/8/23 13:52,0.54,Non-Auction Ads,Promote
20230807,1773491827656730 ,US,US&CA,,1/1/00 0:00,26.95,17.9363,6/8/23 13:50,1.81,RIE,Ad Group Recall (Merged)
20230807,1773486964884480 ,ID,,,1/1/00 0:00,7.735,3.132,6/8/23 13:38,0.54,Non-Auction Ads,Promote
20230807,1773488502939650 ,DE,,,1/1/00 0:00,21.8752,41.9629,6/8/23 14:01,0.54,Non-Auction Ads,Promote
20230807,1773487299807230 ,QA,,,1/1/00 0:00,5.5555,4.0193,6/8/23 13:41,0.54,Non-Auction Ads,Promote
20230807,1773487339959310 ,VN,VN,,1/1/00 0:00,,0.667,6/8/23 13:38,2.14,Auction Ads,auction_relation
20230807,1773487655790590 ,SA,,,1/1/00 0:00,13.0828,14.1063,6/8/23 13:48,0.54,Non-Auction Ads,Promote
20230807,1773487027521530 ,TR,,,1/1/00 0:00,0.6878,0.828,6/8/23 13:38,1.53,RIE,Promote Report Recall
20230807,1773487175176190 ,PH,,,1/1/00 0:00,16.2417,0.7881,6/8/23 13:39,0.54,Non-Auction Ads,Promote
20230807,1773487315078140 ,SA,,,1/1/00 0:00,22.0522,3.8328,6/8/23 13:41,0.54,Non-Auction Ads,Promote
20230807,1773487201130490 ,PH,,,1/1/00 0:00,16.5712,0.7881,6/8/23 13:40,0.54,Non-Auction Ads,Promote
20230807,1773487460854790 ,ES,,,1/1/00 0:00,18.0819,5.4817,6/8/23 13:45,0.54,Non-Auction Ads,Promote
20230807,1773488871639050 ,SA,MENA,,1/1/00 0:00,41.33,16.8,6/8/23 13:53,1.67,RIE,Ad Group Recall (Merged)
20230807,1773487242710010 ,TH,,,1/1/00 0:00,13.0028,1.1805,6/8/23 13:41,0.54,Non-Auction Ads,Promote
20230807,1773487554023420 ,SA,,,1/1/00 0:00,19.0642,5.6683,6/8/23 13:46,0.54,Non-Auction Ads,Promote
20230807,1773487855777800 ,ES,ES,,1/1/00 0:00,94.07,10.591,6/8/23 13:49,1.79,RIE,Ad Group Recall (Merged)
20230807,1773487601971210 ,VN,VN,,1/1/00 0:00,,0.667,6/8/23 13:43,2.14,Auction Ads,auction_relation
20230807,1773487465379840 ,IL,,,1/1/00 0:00,5.119,1.8903,6/8/23 13:44,1.53,RIE,Promote Report Recall
20230807,1773487597375520 ,VN,VN,,1/1/00 0:00,0.7018,0.7454,6/8/23 13:44,2.14,Auction Ads,auction_relation
20230807,1773488846203900 ,SA,MENA,,1/1/00 0:00,25.8488,17.529,6/8/23 13:55,1.78,Auction Ads,auction_relation
20230807,1773487925786620 ,SA,,,1/1/00 0:00,30.7128,12.3128,6/8/23 13:52,0.54,Non-Auction Ads,Promote
20230807,1773487348585470 ,ID,,,1/1/00 0:00,1.4849,0.3531,6/8/23 13:44,1.53,RIE,Promote Report Recall
20230807,1773487519204370 ,RO,,,1/1/00 0:00,11.2584,3.6381,6/8/23 13:46,0.54,Non-Auction Ads,Promote
20230807,1773487521011710 ,TR,,,1/1/00 0:00,0.8363,0.9879,6/8/23 13:45,0.54,Non-Auction Ads,Promote
20230807,1773487976842270 ,VN,VN,,1/1/00 0:00,28.54,6.28,6/8/23 13:48,2.14,Auction Ads,auction_relation
20230807,1773488009499690 ,VN,VN,,1/1/00 0:00,4.5176,1.9589,6/8/23 13:46,2.14,Auction Ads,auction_relation
20230807,1773488009499690 ,VN,VN,,1/1/00 0:00,4.5176,1.9589,6/8/23 13:46,2.14,Auction Ads,auction_relation
20230807,1773487642553340 ,VN,,,1/1/00 0:00,19.8069,3.5827,6/8/23 13:46,0.54,Non-Auction Ads,Promote
20230807,1773487595897860 ,TR,,,1/1/00 0:00,7.6628,4.7308,6/8/23 13:47,0.54,Non-Auction Ads,Promote
20230807,1773487665077250 ,VN,,,1/1/00 0:00,4.234,1.5578,6/8/23 13:47,1.53,RIE,Promote Report Recall
20230807,1773487636620280 ,TR,,,1/1/00 0:00,1.7758,0.5981,6/8/23 13:46,1.53,RIE,Promote Report Recall
20230807,1773488016529410 ,GB,,,1/1/00 0:00,46.1656,9.2883,6/8/23 13:53,0.54,Non-Auction Ads,Promote
20230807,1773484378909730 ,AE,MENA,,1/1/00 0:00,,0.705,6/8/23 13:47,1.78,Auction Ads,auction_relation
20230807,1773487711670270 ,PL,,,1/1/00 0:00,0.8916,0.7844,6/8/23 13:48,1.53,RIE,Promote Report Recall
20230807,1773487692309500 ,KH,,,1/1/00 0:00,12.2875,1.7158,6/8/23 13:48,0.54,Non-Auction Ads,Promote
20230807,1773487939293180 ,TH,,,1/1/00 0:00,26.3954,5.624,6/8/23 13:53,0.54,Non-Auction Ads,Promote
20230807,1773487755635710 ,MY,,,1/1/00 0:00,11.447,0.8902,6/8/23 13:48,0.54,Non-Auction Ads,Promote
20230807,1773486354251820 ,AE,MENA,,1/1/00 0:00,7.69,6.9287,6/8/23 13:53,1.78,Auction Ads,auction_relation
20230807,1773488217626620 ,DE,,,1/1/00 0:00,28.4734,14.066,6/8/23 13:56,0.54,Non-Auction Ads,Promote
20230807,1773487645998080 ,MY,,,1/1/00 0:00,11.1049,1.6219,6/8/23 13:50,0.54,Non-Auction Ads,Promote
20230807,1773488011745280 ,SA,,,1/1/00 0:00,22.4256,3.5595,6/8/23 13:53,0.54,Non-Auction Ads,Promote
20230807,1773487733383160 ,VN,,,1/1/00 0:00,2.5595,0.3966,6/8/23 13:49,1.53,RIE,Promote Report Recall
20230807,1773487811044350 ,VN,,,1/1/00 0:00,12.4932,1.5867,6/8/23 13:50,0.54,Non-Auction Ads,Promote
20230807,1773487975243770 ,TH,,,1/1/00 0:00,13.931,4.7767,6/8/23 13:53,0.54,Non-Auction Ads,Promote
20230807,1773488378147870 ,DE,,,1/1/00 0:00,29.6715,17.8817,6/8/23 13:59,1.53,RIE,Promote Report Recall
20230807,1773487999187970 ,ID,,,1/1/00 0:00,4.2623,4.3494,6/8/23 13:53,0.54,Non-Auction Ads,Promote
20230807,1773484950925310 ,DK,DK,,1/1/00 0:00,0,7.3646,6/8/23 13:55,1.31,Auction Ads,auction_relation
20230807,1773487756777470 ,TH,,,1/1/00 0:00,1.7834,0.3789,6/8/23 13:51,1.53,RIE,Promote Report Recall
20230807,1773488001157120 ,SA,,,1/1/00 0:00,29.3425,9.4561,6/8/23 13:56,0.54,Non-Auction Ads,Promote
20230807,1773488027493370 ,SA,,,1/1/00 0:00,24.7714,4.2655,6/8/23 13:54,0.54,Non-Auction Ads,Promote
20230807,1773484792912930 ,EG,MENA,,1/1/00 0:00,24.1472,3.4045,6/8/23 13:54,1.67,RIE,Ad Group Recall (Merged)
20230807,1773488091302910 ,BR,,,1/1/00 0:00,8.2796,3.4729,6/8/23 13:54,0.54,Non-Auction Ads,Promote
20230807,1773488164357120 ,SA,,,1/1/00 0:00,40.1143,4.376,6/8/23 13:55,0.54,Non-Auction Ads,Promote
20230807,1773488074336250 ,SA,,,1/1/00 0:00,26.8665,2.8485,6/8/23 13:55,0.54,Non-Auction Ads,Promote
20230807,1773488197121020 ,SA,,,1/1/00 0:00,14.1039,4.376,6/8/23 13:55,0.54,Non-Auction Ads,Promote
20230807,1773488128105470 ,SA,,,1/1/00 0:00,27.4555,2.7661,6/8/23 13:55,0.54,Non-Auction Ads,Promote
20230807,1773488911218720 ,US,,,1/1/00 0:00,26.9,35.94,6/8/23 14:11,1.53,RIE,Promote Report Recall
20230807,1773484771493880 ,QA,Others,,1/1/00 0:00,11.8827,8.048,6/8/23 13:59,1.56,Auction Ads,auction_all
20230807,1773484771493880 ,AE,MENA,,1/1/00 0:00,11.8827,8.048,6/8/23 13:59,1.78,Auction Ads,auction_relation
20230807,1773484771493880 ,KW,Others,,1/1/00 0:00,11.8827,8.048,6/8/23 13:59,1.56,Auction Ads,auction_all
20230807,1773484771493880 ,SA,MENA,,1/1/00 0:00,11.8827,8.048,6/8/23 13:59,1.78,Auction Ads,auction_relation
20230807,1773488145971200 ,US,,,1/1/00 0:00,6.03,2.51,6/8/23 13:56,1.53,RIE,Promote Report Recall
20230807,1773489267467260 ,AE,MENA,,1/1/00 0:00,21.3147,1.1564,6/8/23 13:56,1.78,Auction Ads,auction_relation
20230807,1773489267467260 ,QA,Others,,1/1/00 0:00,21.3147,1.1564,6/8/23 13:56,1.56,Auction Ads,auction_all
20230807,1773489267467260 ,SA,MENA,,1/1/00 0:00,21.3147,1.1564,6/8/23 13:56,1.78,Auction Ads,auction_relation
20230807,1773482504563760 ,US,US&CA,,1/1/00 0:00,60.09,13.2747,6/8/23 14:00,1.81,RIE,Ad Group Recall (Merged)
20230807,1773488348699640 ,SA,,,1/1/00 0:00,16.5881,4.376,6/8/23 13:58,0.54,Non-Auction Ads,Promote
20230807,1773488387401730 ,SA,,,1/1/00 0:00,20.3863,4.376,6/8/23 13:58,0.54,Non-Auction Ads,Promote
20230807,1773487916670990 ,BR,,,1/1/00 0:00,3.09,2.3354,6/8/23 13:56,1.53,RIE,Promote Report Recall
20230807,1773488215969790 ,BR,,,1/1/00 0:00,0.1026,0.7483,6/8/23 13:56,1.53,RIE,Promote Report Recall
20230807,1773488262242300 ,RO,,,1/1/00 0:00,3.5934,2.4366,6/8/23 13:58,0.54,Non-Auction Ads,Promote
20230807,1773488236349440 ,PH,,,1/1/00 0:00,16.2766,0.7881,6/8/23 13:56,1.53,RIE,Promote Report Recall
20230807,1773488301163520 ,MY,,,1/1/00 0:00,17.3525,1.5204,6/8/23 13:58,0.54,Non-Auction Ads,Promote
20230807,1773485153579050 ,NO,Others,,1/1/00 0:00,30.628,9.4909,6/8/23 14:00,1.56,Auction Ads,auction_all
20230807,1773485153579050 ,IE,IE,,1/1/00 0:00,30.628,9.4909,6/8/23 14:00,1.52,Auction Ads,auction_relation
20230807,1773485153579050 ,DK,DK,,1/1/00 0:00,30.628,9.4909,6/8/23 14:00,1.31,Auction Ads,auction_relation
20230807,1773490416226330 ,QA,Others,,1/1/00 0:00,,4.8319,6/8/23 13:59,1.56,Auction Ads,auction_all
20230807,1773488416456700 ,SA,,,1/1/00 0:00,17.7583,4.376,6/8/23 13:59,0.54,Non-Auction Ads,Promote
20230807,1773488400648240 ,ES,,,1/1/00 0:00,17.862,2.5197,6/8/23 13:59,1.53,RIE,Promote Report Recall
20230807,1773484924563490 ,ES,ES,,1/1/00 0:00,56.72,15.0359,6/8/23 14:03,1.79,RIE,Ad Group Recall (Merged)
20230807,1773493850699770 ,US,US&CA,,1/1/00 0:00,0,3.9256,6/8/23 14:00,1.81,RIE,Ad Group Recall (Merged)
20230807,1773493855932430 ,US,US&CA,,1/1/00 0:00,0,3.9256,6/8/23 14:00,1.81,RIE,Ad Group Recall (Merged)
20230807,1773493864497170 ,US,US&CA,,1/1/00 0:00,,3.9256,6/8/23 14:00,1.81,RIE,Ad Group Recall (Merged)
20230807,1773493700879370 ,US,US&CA,,1/1/00 0:00,0,3.9256,6/8/23 14:00,1.81,RIE,Ad Group Recall (Merged)
20230807,1773489697081340 ,US,,,1/1/00 0:00,142.98,39.225,6/8/23 14:21,0.54,Non-Auction Ads,Promote
20230807,1773488426477630 ,SA,,,1/1/00 0:00,27.0449,5.2358,6/8/23 14:00,0.54,Non-Auction Ads,Promote
20230807,1773488440744960 ,PH,,,1/1/00 0:00,7.4312,0.6833,6/8/23 14:00,0.54,Non-Auction Ads,Promote
20230807,1773488516809730 ,SA,,,1/1/00 0:00,20.5279,4.376,6/8/23 14:00,0.54,Non-Auction Ads,Promote
20230807,1773488392910850 ,US,,,1/1/00 0:00,10.42,2.8788,6/8/23 14:00,1.53,RIE,Promote Report Recall
20230807,1773488728586240 ,ES,,,1/1/00 0:00,36.5931,7.5182,6/8/23 14:04,0.54,Non-Auction Ads,Promote
20230807,1773488672300100 ,US,,,1/1/00 0:00,8.38,6.905,6/8/23 14:04,0.54,Non-Auction Ads,Promote
20230807,1773488541233150 ,VN,,,1/1/00 0:00,13.2395,3.5218,6/8/23 14:02,0.54,Non-Auction Ads,Promote
20230807,1773488530110460 ,SA,,,1/1/00 0:00,31.1924,4.6998,6/8/23 14:03,0.54,Non-Auction Ads,Promote
20230807,1773488689484850 ,VN,VN,,1/1/00 0:00,,3.7858,6/8/23 14:02,2.14,Auction Ads,auction_relation
20230807,1773488626736160 ,FR,,,1/1/00 0:00,24.1465,4.8172,6/8/23 14:03,0.54,Non-Auction Ads,Promote
20230807,1773488550552570 ,PH,,,1/1/00 0:00,0.9055,0.2418,6/8/23 14:01,1.53,RIE,Promote Report Recall
20230807,1773488531355640 ,MY,,,1/1/00 0:00,11.1154,1.4443,6/8/23 14:02,0.54,Non-Auction Ads,Promote
20230807,1773488563453950 ,TH,,,1/1/00 0:00,1.4528,0.6475,6/8/23 14:02,1.53,RIE,Promote Report Recall
20230807,1773488650860540 ,QA,Others,,1/1/00 0:00,,0.7483,6/8/23 14:02,1.56,Auction Ads,auction_all
20230807,1773488582469630 ,SA,,,1/1/00 0:00,17.6009,1.6705,6/8/23 14:03,0.54,Non-Auction Ads,Promote
20230807,1773489035072510 ,FR,,,1/1/00 0:00,5.7802,11.7597,6/8/23 14:10,1.53,RIE,Promote Report Recall
20230807,1773488687990780 ,PH,,,1/1/00 0:00,11.214,2.1055,6/8/23 14:04,0.54,Non-Auction Ads,Promote
20230807,1773485293420560 ,IT,IT,,1/1/00 0:00,50.18,9.1621,6/8/23 14:09,1.79,RIE,Ad Group Recall (Merged)
20230807,1773488772791290 ,TH,,,1/1/00 0:00,31.3848,2.9087,6/8/23 14:05,0.54,Non-Auction Ads,Promote
20230807,1773488882136060 ,SA,,,1/1/00 0:00,19.328,5.2528,6/8/23 14:06,0.54,Non-Auction Ads,Promote
20230807,1773488695225340 ,PH,,,1/1/00 0:00,0.3588,0.3189,6/8/23 14:04,1.53,RIE,Promote Report Recall
20230807,1773485896943650 ,SA,MENA,,1/1/00 0:00,66.13,1.831,6/8/23 14:05,1.67,RIE,Ad Group Recall (Merged)
20230807,1773488840632320 ,ES,,,1/1/00 0:00,7.9704,2.5197,6/8/23 14:06,1.53,RIE,Promote Report Recall
20230807,1773488714969110 ,BR,,,1/1/00 0:00,3.835,11.6651,6/8/23 14:11,0.54,Non-Auction Ads,Promote
20230807,1773488674363470 ,ID,,,1/1/00 0:00,0.9605,0.2976,6/8/23 14:05,1.53,RIE,Promote Report Recall
20230807,1773489933667390 ,FR,FR,,1/1/00 0:00,136.2393,26.1283,6/8/23 14:21,1.76,RIE,Ad Group Recall (Merged)
20230807,1773488825389060 ,RO,,,1/1/00 0:00,0.3364,0.3029,6/8/23 14:05,1.53,RIE,Promote Report Recall
20230807,1773488723966980 ,GR,,,1/1/00 0:00,2.3014,0.9617,6/8/23 14:06,0.54,Non-Auction Ads,Promote
20230807,1773490685059120 ,ID,ID,,1/1/00 0:00,3.8951,6.6144,6/8/23 14:10,1.8,Auction Ads,auction_relation
20230807,1773490146503690 ,VN,VN,,1/1/00 0:00,5.7861,3.5627,6/8/23 14:09,2.14,Auction Ads,auction_relation
20230807,1773488846175230 ,VN,,,1/1/00 0:00,18.8039,1.6572,6/8/23 14:07,0.54,Non-Auction Ads,Promote
20230807,1773488779061250 ,RO,,,1/1/00 0:00,0.7412,0.3759,6/8/23 14:06,1.53,RIE,Promote Report Recall
20230807,1773488878818300 ,ID,,,1/1/00 0:00,4.8672,1.2149,6/8/23 14:06,0.54,Non-Auction Ads,Promote
20230807,1773488871958520 ,TR,,,1/1/00 0:00,6.1872,1.8708,6/8/23 14:08,0.54,Non-Auction Ads,Promote
20230807,1773488989881340 ,ID,,,1/1/00 0:00,9.8915,0.6171,6/8/23 14:08,0.54,Non-Auction Ads,Promote
20230807,1773489067850750 ,SA,,,1/1/00 0:00,13.9863,7.1783,6/8/23 14:11,0.54,Non-Auction Ads,Promote
20230807,1773489460854780 ,SA,,,1/1/00 0:00,31.9812,14.0538,6/8/23 14:16,0.54,Non-Auction Ads,Promote
20230807,1773489078116350 ,VN,,,1/1/00 0:00,1.19,0.3834,6/8/23 14:09,1.53,RIE,Promote Report Recall
20230807,1773489041480700 ,TR,,,1/1/00 0:00,0.9367,1.1006,6/8/23 14:10,0.54,Non-Auction Ads,Promote
20230807,1773488723665920 ,TR,,,1/1/00 0:00,1.0846,0.2336,6/8/23 14:10,1.53,RIE,Promote Report Recall
20230807,1773488986364930 ,SA,,,1/1/00 0:00,9.6708,1.0723,6/8/23 14:10,0.54,Non-Auction Ads,Promote
20230807,1773489084581880 ,VN,,,1/1/00 0:00,25.3702,1.6572,6/8/23 14:10,0.54,Non-Auction Ads,Promote
20230807,1773489080775680 ,PT,,,1/1/00 0:00,21.7578,2.7997,6/8/23 14:11,0.54,Non-Auction Ads,Promote
20230807,1773489031540730 ,ID,,,1/1/00 0:00,5.6939,0.6045,6/8/23 14:10,0.54,Non-Auction Ads,Promote
20230807,1773489100049410 ,SA,,,1/1/00 0:00,12.8103,2.2424,6/8/23 14:11,0.54,Non-Auction Ads,Promote
20230807,1773489251617790 ,GB,,,1/1/00 0:00,3.9019,3.6778,6/8/23 14:13,1.53,RIE,Promote Report Recall
20230807,1773489201957890 ,TR,,,1/1/00 0:00,4.4001,1.9487,6/8/23 14:12,0.54,Non-Auction Ads,Promote
20230807,1773489257073660 ,PL,,,1/1/00 0:00,0.8258,3.5088,6/8/23 14:13,1.53,RIE,Promote Report Recall
20230807,1773489149719550 ,MY,,,1/1/00 0:00,15.5309,0.722,6/8/23 14:12,0.54,Non-Auction Ads,Promote
20230807,1773489099129850 ,ID,,,1/1/00 0:00,11.0452,3.444,6/8/23 14:14,0.54,Non-Auction Ads,Promote
20230807,1773473443053620 ,FR,,,1/1/00 0:00,12.953,2.0822,6/8/23 14:13,1.53,RIE,Promote Report Recall
20230807,1773489190645760 ,TR,,,1/1/00 0:00,3.7887,0.406,6/8/23 14:12,0.54,Non-Auction Ads,Promote
20230807,1773489458819120 ,AE,MENA,,1/1/00 0:00,33.72,3.0365,6/8/23 14:14,1.78,Auction Ads,auction_relation
20230807,1773489177012220 ,ID,,,1/1/00 0:00,1.002,0.2195,6/8/23 14:13,1.53,RIE,Promote Report Recall
20230807,1773489729677310 ,BR,,,1/1/00 0:00,20.7799,11.784,6/8/23 14:21,0.54,Non-Auction Ads,Promote
20230807,1773489363521540 ,SA,,,1/1/00 0:00,13.72,3.101,6/8/23 14:15,0.54,Non-Auction Ads,Promote
20230807,1773489415396350 ,AT,,,1/1/00 0:00,1.7726,1.4234,6/8/23 14:15,1.53,RIE,Promote Report Recall
20230807,1773489286220800 ,PH,,,1/1/00 0:00,3.3095,1.5668,6/8/23 14:15,0.54,Non-Auction Ads,Promote
20230807,1773490266253390 ,US,,,1/1/00 0:00,40.96,25.2552,6/8/23 14:28,0.54,Non-Auction Ads,Promote
20230807,1773489358203900 ,ID,,,1/1/00 0:00,1.6734,0.3857,6/8/23 14:15,1.53,RIE,Promote Report Recall
20230807,1773489467292670 ,TH,,,1/1/00 0:00,40.1796,4.5016,6/8/23 14:17,0.54,Non-Auction Ads,Promote
20230807,1773489308471300 ,BR,,,1/1/00 0:00,0.1457,2.158,6/8/23 14:16,1.53,RIE,Promote Report Recall
20230807,1773489761055740 ,SA,,,1/1/00 0:00,19.3895,17.7261,6/8/23 14:24,0.54,Non-Auction Ads,Promote
20230807,1773489383360510 ,PH,,,1/1/00 0:00,13.1631,1.2401,6/8/23 14:16,0.54,Non-Auction Ads,Promote
20230807,1773489445523450 ,VN,,,1/1/00 0:00,1.7089,0.3892,6/8/23 14:15,1.53,RIE,Promote Report Recall
20230807,1773489556292610 ,QA,,,1/1/00 0:00,26.2955,2.7478,6/8/23 14:17,0.54,Non-Auction Ads,Promote
20230807,1773489903366140 ,VN,VN,,1/1/00 0:00,,7.0673,6/8/23 14:20,2.14,Auction Ads,auction_relation
20230807,1773489666466880 ,SA,,,1/1/00 0:00,40.7753,3.6776,6/8/23 14:19,0.54,Non-Auction Ads,Promote
20230807,1773489333087230 ,ID,,,1/1/00 0:00,8.7914,2.3065,6/8/23 14:17,1.53,RIE,Promote Report Recall
20230807,1773489786247170 ,SA,,,1/1/00 0:00,19.5517,8.5294,6/8/23 14:22,0.54,Non-Auction Ads,Promote
20230807,1773489816186880 ,SA,MENA,,1/1/00 0:00,36.3317,0,6/8/23 14:17,1.78,Auction Ads,auction_relation
20230807,1773487960415280 ,PE,Other,,1/1/00 0:00,37.12,59.1847,6/8/23 14:48,1.62,RIE,Ad Group Recall (Merged)
20230807,1773487960415280 ,ES,ES,,1/1/00 0:00,37.12,59.1847,6/8/23 14:48,1.79,RIE,Ad Group Recall (Merged)
20230807,1773487960415280 ,AR,Other,,1/1/00 0:00,37.12,59.1847,6/8/23 14:48,1.62,RIE,Ad Group Recall (Merged)
20230807,1773487960415280 ,UY,Other,,1/1/00 0:00,37.12,59.1847,6/8/23 14:48,1.62,RIE,Ad Group Recall (Merged)
20230807,1773487960415280 ,CL,Other,,1/1/00 0:00,37.12,59.1847,6/8/23 14:48,1.62,RIE,Ad Group Recall (Merged)
20230807,1773487960415280 ,CO,Other,,1/1/00 0:00,37.12,59.1847,6/8/23 14:48,1.62,RIE,Ad Group Recall (Merged)
20230807,1773487960415280 ,MX,Other,,1/1/00 0:00,37.12,59.1847,6/8/23 14:48,1.62,RIE,Ad Group Recall (Merged)
20230807,1773487960415280 ,EC,Other,,1/1/00 0:00,37.12,59.1847,6/8/23 14:48,1.62,RIE,Ad Group Recall (Merged)
20230807,1773486355270700 ,SA,MENA,,1/1/00 0:00,,0,6/8/23 14:17,1.78,Auction Ads,auction_relation
20230807,1773489958866010 ,VN,VN,,1/1/00 0:00,5.3893,1.9553,6/8/23 14:19,2.14,Auction Ads,auction_relation
20230807,1773489633910780 ,VN,,,1/1/00 0:00,1.6518,0.5535,6/8/23 14:20,1.53,RIE,Promote Report Recall
20230807,1773489762844670 ,FR,,,1/1/00 0:00,1.0021,2.2407,6/8/23 14:20,1.53,RIE,Promote Report Recall
20230807,1773489860570110 ,SA,,,1/1/00 0:00,17.7126,8.7647,6/8/23 14:23,0.54,Non-Auction Ads,Promote
20230807,1773489691236350 ,VN,,,1/1/00 0:00,8.0894,1.1744,6/8/23 14:20,1.53,RIE,Promote Report Recall
20230807,1773489839665150 ,SA,,,1/1/00 0:00,40.706,3.6776,6/8/23 14:22,0.54,Non-Auction Ads,Promote
20230807,1773489904829460 ,IT,,,1/1/00 0:00,18.2473,6.4414,6/8/23 14:23,0.54,Non-Auction Ads,Promote
20230807,1773487034618910 ,BR,,,1/1/00 0:00,0.1703,1.9137,6/8/23 14:21,1.53,RIE,Promote Report Recall
20230807,1773489817631750 ,TR,,,1/1/00 0:00,4.6021,4.0505,6/8/23 14:22,0.54,Non-Auction Ads,Promote
20230807,1773489814089730 ,US,,,1/1/00 0:00,5.6,3.1759,6/8/23 14:22,1.53,RIE,Promote Report Recall
20230807,1773489829879810 ,TH,,,1/1/00 0:00,29.9702,5.4463,6/8/23 14:23,0.54,Non-Auction Ads,Promote
20230807,1773489824538620 ,TR,,,1/1/00 0:00,0.3721,2.4432,6/8/23 14:23,0.54,Non-Auction Ads,Promote
20230807,1773489785629690 ,ID,,,1/1/00 0:00,0.9236,0.6081,6/8/23 14:22,1.53,RIE,Promote Report Recall
20230807,1773489930181630 ,VN,,,1/1/00 0:00,14.251,3.1054,6/8/23 14:23,1.53,RIE,Promote Report Recall
20230807,1773489973230590 ,TH,,,1/1/00 0:00,31.946,5.4463,6/8/23 14:24,0.54,Non-Auction Ads,Promote
20230807,1773489940554750 ,VN,VN,,1/1/00 0:00,0.0945,0.5362,6/8/23 14:22,2.14,Auction Ads,auction_relation
20230807,1773490045592570 ,TH,,,1/1/00 0:00,35.0512,5.4463,6/8/23 14:25,0.54,Non-Auction Ads,Promote
20230807,1773489872544770 ,KH,,,1/1/00 0:00,2.9844,1.0767,6/8/23 14:23,0.54,Non-Auction Ads,Promote
20230807,1773489606376440 ,ID,,,1/1/00 0:00,11.0572,1.3139,6/8/23 14:23,0.54,Non-Auction Ads,Promote
20230807,1773490123089920 ,SA,,,1/1/00 0:00,10.0679,8.18,6/8/23 14:27,0.54,Non-Auction Ads,Promote
20230807,1773489919623170 ,RO,,,1/1/00 0:00,0.5588,0.9712,6/8/23 14:23,1.53,RIE,Promote Report Recall
20230807,1773491510819840 ,DK,DK,,1/1/00 0:00,59.44,41.404,6/8/23 14:45,1.31,Auction Ads,auction_relation
20230807,1773491510819840 ,NO,Others,,1/1/00 0:00,59.44,41.404,6/8/23 14:45,1.56,Auction Ads,auction_all
20230807,1773489998121980 ,TR,,,1/1/00 0:00,7.5137,3.387,6/8/23 14:25,0.54,Non-Auction Ads,Promote
20230807,1773489897227260 ,TR,,,1/1/00 0:00,10.0001,1.155,6/8/23 14:24,0.54,Non-Auction Ads,Promote
20230807,1773490031296530 ,VN,VN,,1/1/00 0:00,,2.4283,6/8/23 14:25,2.14,Auction Ads,auction_relation
20230807,1773490083133440 ,VN,,,1/1/00 0:00,32.0384,3.5827,6/8/23 14:25,0.54,Non-Auction Ads,Promote
20230807,1773490023404540 ,ID,,,1/1/00 0:00,13.3849,3.3659,6/8/23 14:25,0.54,Non-Auction Ads,Promote
20230807,1773490198236210 ,FR,,,1/1/00 0:00,58.3302,5.2076,6/8/23 14:27,0.54,Non-Auction Ads,Promote
20230807,1773490205766660 ,BR,,,1/1/00 0:00,12.9165,7.1858,6/8/23 14:28,0.54,Non-Auction Ads,Promote
20230807,1773490107442180 ,BR,,,1/1/00 0:00,9.683,1.9528,6/8/23 14:26,0.54,Non-Auction Ads,Promote
20230807,1773490108365820 ,BR,,,1/1/00 0:00,1.8201,2.5567,6/8/23 14:27,1.53,RIE,Promote Report Recall
20230807,1773490180812800 ,MY,,,1/1/00 0:00,6.5686,2.3193,6/8/23 14:27,1.53,RIE,Promote Report Recall
20230807,1773490077131770 ,TR,,,1/1/00 0:00,6.364,1.2193,6/8/23 14:26,1.53,RIE,Promote Report Recall
20230807,1773490061784060 ,SA,,,1/1/00 0:00,11.686,1.9988,6/8/23 14:27,0.54,Non-Auction Ads,Promote
20230807,1773490231959550 ,AT,,,1/1/00 0:00,37.6725,6.1912,6/8/23 14:29,0.54,Non-Auction Ads,Promote
20230807,1773490239001600 ,IT,,,1/1/00 0:00,13.2884,3.0283,6/8/23 14:28,0.54,Non-Auction Ads,Promote
20230807,1773490117932030 ,ID,,,1/1/00 0:00,8.5194,1.0767,6/8/23 14:27,0.54,Non-Auction Ads,Promote
20230807,1773490209561600 ,TR,,,1/1/00 0:00,1.0114,2.9065,6/8/23 14:29,0.54,Non-Auction Ads,Promote
20230807,1773490135386110 ,SA,,,1/1/00 0:00,1.581,0.7821,6/8/23 14:27,1.53,RIE,Promote Report Recall
20230807,1773490297283590 ,RO,,,1/1/00 0:00,11.7511,4.9562,6/8/23 14:30,0.54,Non-Auction Ads,Promote
20230807,1773490346058820 ,US,,,1/1/00 0:00,10.91,4.1033,6/8/23 14:30,1.53,RIE,Promote Report Recall
20230807,1773298085886970 ,PH,PH,,1/1/00 0:00,208.79,178.5362,6/8/23 16:00,1.43,Non-Auction Ads,R&F
20230807,1773490182618110 ,KH,,,1/1/00 0:00,10.7679,0.4026,6/8/23 14:28,0.54,Non-Auction Ads,Promote
20230807,1773490256855040 ,BR,,,1/1/00 0:00,5.0086,1.1775,6/8/23 14:29,0.54,Non-Auction Ads,Promote
20230807,1773490730625020 ,US,,,1/1/00 0:00,173.32,14.7634,6/8/23 14:38,0.54,Non-Auction Ads,Promote
20230807,1773487896619050 ,BR,BR,,1/1/00 0:00,0,0.6239,6/8/23 14:30,1.7,RIE,Ad Group Recall (Merged)
20230807,1773490361509880 ,IL,,,1/1/00 0:00,9.1008,3.7767,6/8/23 14:31,0.54,Non-Auction Ads,Promote
20230807,1773491458662400 ,NO,Others,,1/1/00 0:00,60.39,41.404,6/8/23 14:52,1.56,Auction Ads,auction_all
20230807,1773490308367360 ,SA,,,1/1/00 0:00,11.43,1.465,6/8/23 14:30,1.53,RIE,Promote Report Recall
20230807,1773490395147270 ,BE,,,1/1/00 0:00,21.8459,4.2702,6/8/23 14:31,1.53,RIE,Promote Report Recall
20230807,1773490300914690 ,EG,,,1/1/00 0:00,1.2553,0.6589,6/8/23 14:30,1.53,RIE,Promote Report Recall
20230807,1773490252870650 ,TR,,,1/1/00 0:00,0.5822,0.235,6/8/23 14:30,1.53,RIE,Promote Report Recall
20230807,1773490363445250 ,KW,,,1/1/00 0:00,26.4122,2.4231,6/8/23 14:31,0.54,Non-Auction Ads,Promote
20230807,1773484545224720 ,BE,Other,,1/1/00 0:00,,1.1124,6/8/23 14:30,1.62,RIE,Ad Group Recall (Merged)
20230807,1773491455806460 ,TH,,,1/1/00 0:00,100.5016,35.4944,6/8/23 14:49,0.54,Non-Auction Ads,Promote
20230807,1773490432088060 ,VN,VN,,1/1/00 0:00,,2.4283,6/8/23 14:31,2.14,Auction Ads,auction_relation
20230807,1773490242192380 ,MY,,,1/1/00 0:00,1.5853,0.2789,6/8/23 14:31,1.53,RIE,Promote Report Recall
20230807,1773490611776540 ,VN,VN,,1/1/00 0:00,,4.5799,6/8/23 14:33,2.14,Auction Ads,auction_relation
20230807,1773490580576250 ,SA,,,1/1/00 0:00,19.4245,6.1444,6/8/23 14:34,0.54,Non-Auction Ads,Promote
20230807,1773490415586300 ,TR,,,1/1/00 0:00,2.9639,0.9086,6/8/23 14:32,0.54,Non-Auction Ads,Promote
20230807,1773490488073210 ,MY,,,1/1/00 0:00,16.9047,1.3925,6/8/23 14:33,1.53,RIE,Promote Report Recall
20230807,1773490614726650 ,AE,,,1/1/00 0:00,1.9087,3.0166,6/8/23 14:34,1.53,RIE,Promote Report Recall
20230807,1773490881703930 ,AE,,,1/1/00 0:00,45.0108,8.424,6/8/23 14:38,0.54,Non-Auction Ads,Promote
20230807,1773490512379900 ,VN,,,1/1/00 0:00,2.968,0.4662,6/8/23 14:32,1.53,RIE,Promote Report Recall
20230807,1773490573941840 ,BR,,,1/1/00 0:00,4.3645,4.6102,6/8/23 14:35,0.54,Non-Auction Ads,Promote
20230807,1773490758648830 ,SA,,,1/1/00 0:00,7.4101,5.7912,6/8/23 14:36,0.54,Non-Auction Ads,Promote
20230807,1773490637427720 ,US,US&CA,,1/1/00 0:00,25.47,3.1464,6/8/23 14:34,1.81,RIE,Ad Group Recall (Merged)
20230807,1773490637427720 ,CA,US&CA,,1/1/00 0:00,25.47,3.1464,6/8/23 14:34,1.81,RIE,Ad Group Recall (Merged)
20230807,1773490534432770 ,VN,,,1/1/00 0:00,1.5133,0.4391,6/8/23 14:33,1.53,RIE,Promote Report Recall
20230807,1773490482817020 ,TR,,,1/1/00 0:00,4.4191,0.4309,6/8/23 14:33,0.54,Non-Auction Ads,Promote
20230807,1773490940730370 ,AE,,,1/1/00 0:00,37.0467,8.424,6/8/23 14:39,0.54,Non-Auction Ads,Promote
20230807,1773481946376190 ,FR,,,1/1/00 0:00,24.3555,8.8022,6/8/23 14:39,1.53,RIE,Promote Report Recall
20230807,1773490573322260 ,BR,,,1/1/00 0:00,0.275,0.8456,6/8/23 14:34,1.53,RIE,Promote Report Recall
20230807,1773490928084990 ,TH,,,1/1/00 0:00,6.9005,6.342,6/8/23 14:39,0.54,Non-Auction Ads,Promote
20230807,1773490764637230 ,VN,VN,,1/1/00 0:00,0,2.4283,6/8/23 14:36,2.14,Auction Ads,auction_relation
20230807,1773491006926880 ,US,US&CA,,1/1/00 0:00,31.4,5.2861,6/8/23 14:39,1.81,RIE,Ad Group Recall (Merged)
20230807,1773490820894760 ,VN,VN,,1/1/00 0:00,0.51,2.4283,6/8/23 14:37,2.14,Auction Ads,auction_relation
20230807,1773490900001790 ,SA,,,1/1/00 0:00,21.0554,3.8923,6/8/23 14:38,0.54,Non-Auction Ads,Promote
20230807,1773490855099410 ,VN,VN,,1/1/00 0:00,0.02,2.4283,6/8/23 14:38,2.14,Auction Ads,auction_relation
20230807,1773490835823650 ,VN,VN,,1/1/00 0:00,,0.0657,6/8/23 14:36,2.14,Auction Ads,auction_relation
20230807,1773490807658580 ,PL,,,1/1/00 0:00,8.1113,1.5802,6/8/23 14:37,0.54,Non-Auction Ads,Promote
20230807,1773491105888280 ,SA,MENA,,1/1/00 0:00,26.8,5.5304,6/8/23 14:40,1.78,Auction Ads,auction_relation
20230807,1773490966049790 ,TH,,,1/1/00 0:00,24.3269,7.4597,6/8/23 14:42,0.54,Non-Auction Ads,Promote
20230807,1773490864781310 ,BR,,,1/1/00 0:00,9.7857,0.5978,6/8/23 14:39,0.54,Non-Auction Ads,Promote
20230807,1773490940392480 ,VN,VN,,1/1/00 0:00,0.03,2.4283,6/8/23 14:39,2.14,Auction Ads,auction_relation
20230807,1773491116781560 ,TH,,,1/1/00 0:00,68.0248,8.8853,6/8/23 14:43,0.54,Non-Auction Ads,Promote
20230807,1773491179783170 ,AE,,,1/1/00 0:00,43.4778,8.424,6/8/23 14:43,0.54,Non-Auction Ads,Promote
20230807,1773490944583720 ,VN,VN,,1/1/00 0:00,0.04,2.4283,6/8/23 14:39,2.14,Auction Ads,auction_relation
20230807,1773491154752510 ,VN,VN,,1/1/00 0:00,,4.6003,6/8/23 14:40,2.14,Auction Ads,auction_relation
20230807,1773491171173410 ,VN,VN,,1/1/00 0:00,,4.6003,6/8/23 14:40,2.14,Auction Ads,auction_relation
20230807,1773491160404990 ,VN,,,1/1/00 0:00,57.3341,9.5104,6/8/23 14:44,0.54,Non-Auction Ads,Promote
20230807,1773491255146490 ,VN,VN,,1/1/00 0:00,,0.2078,6/8/23 14:39,2.14,Auction Ads,auction_relation
20230807,1773491221051390 ,AE,,,1/1/00 0:00,35.3947,8.424,6/8/23 14:44,0.54,Non-Auction Ads,Promote
20230807,1773491749928960 ,SA,,,1/1/00 0:00,64.5013,23.8487,6/8/23 14:52,0.54,Non-Auction Ads,Promote
20230807,1773490910225410 ,EG,,,1/1/00 0:00,23.3506,1.7587,6/8/23 14:40,0.54,Non-Auction Ads,Promote
20230807,1773491553387520 ,US,,,1/1/00 0:00,36.75,20.1477,6/8/23 14:50,0.54,Non-Auction Ads,Promote
20230807,1773490928266240 ,MY,,,1/1/00 0:00,10.7552,2.5708,6/8/23 14:41,0.54,Non-Auction Ads,Promote
20230807,1773491085672450 ,KW,,,1/1/00 0:00,38.1612,3.3233,6/8/23 14:41,0.54,Non-Auction Ads,Promote
20230807,1773490943137790 ,TH,,,1/1/00 0:00,3.8583,1.193,6/8/23 14:40,1.53,RIE,Promote Report Recall
20230807,1773492725517310 ,DK,DK,,1/1/00 0:00,48.58,50.1155,6/8/23 15:05,1.31,Auction Ads,auction_relation
20230807,1773492725517310 ,SA,MENA,,1/1/00 0:00,48.58,50.1155,6/8/23 15:05,1.67,RIE,Ad Group Recall (Merged)
20230807,1773492725517310 ,NO,Others,,1/1/00 0:00,48.58,50.1155,6/8/23 15:05,1.56,Auction Ads,auction_all
20230807,1773492725517310 ,MX,Other,,1/1/00 0:00,48.58,50.1155,6/8/23 15:05,1.62,RIE,Ad Group Recall (Merged)
20230807,1773491116338170 ,PH,,,1/1/00 0:00,76.1413,3.5584,6/8/23 14:42,0.54,Non-Auction Ads,Promote
20230807,1773491498039320 ,VN,VN,,1/1/00 0:00,,6.9147,6/8/23 14:45,2.14,Auction Ads,auction_relation
20230807,1773491376777260 ,VN,VN,,1/1/00 0:00,,7.0673,6/8/23 14:45,2.14,Auction Ads,auction_relation
20230807,1773491032611840 ,KW,,,1/1/00 0:00,11.3367,2.809,6/8/23 14:43,0.54,Non-Auction Ads,Promote
20230807,1773491348364290 ,SA,,,1/1/00 0:00,14.9247,8.3024,6/8/23 14:46,0.54,Non-Auction Ads,Promote
20230807,1773460363788290 ,JP,JP,,1/1/00 0:00,80.0218,34.8412,6/8/23 15:00,3.21,RIE,Ad Group Recall (Merged)
20230807,1773491254614010 ,TR,,,1/1/00 0:00,10.5451,3.994,6/8/23 14:44,0.54,Non-Auction Ads,Promote
20230807,1773491027067900 ,ID,,,1/1/00 0:00,8.4629,2.4042,6/8/23 14:43,0.54,Non-Auction Ads,Promote
20230807,1773490869980160 ,ID,,,1/1/00 0:00,0.9538,0.1332,6/8/23 14:42,1.53,RIE,Promote Report Recall
20230807,1773491216906240 ,VN,VN,,1/1/00 0:00,,2.4283,6/8/23 14:45,2.14,Auction Ads,auction_relation
20230807,1773491073777660 ,EG,,,1/1/00 0:00,4.5525,4.926,6/8/23 14:46,0.54,Non-Auction Ads,Promote
20230807,1773491618051070 ,VN,VN,,1/1/00 0:00,,11.7106,6/8/23 14:48,2.14,Auction Ads,auction_relation
20230807,1773488273514510 ,CA,US&CA,,1/1/00 0:00,454.34,25.1825,6/8/23 14:56,1.81,RIE,Ad Group Recall (Merged)
20230807,1773488191623200 ,FR,FR,,1/1/00 0:00,51.38,14.6838,6/8/23 14:51,1.76,RIE,Ad Group Recall (Merged)
20230807,1773491251184640 ,SA,,,1/1/00 0:00,14.6367,2.2784,6/8/23 14:45,0.54,Non-Auction Ads,Promote
20230807,1773325462877200 ,US,US,,1/1/00 0:00,8532.15,2675.8208,7/8/23 5:00,1.54,Non-Auction Ads,R&F
20230807,1773491266948090 ,PH,,,1/1/00 0:00,11.7876,1.4187,6/8/23 14:45,0.54,Non-Auction Ads,Promote
20230807,1773491238274050 ,HU,,,1/1/00 0:00,1.472,2.0479,6/8/23 14:47,1.53,RIE,Promote Report Recall
20230807,1773491458804770 ,VN,VN,,1/1/00 0:00,0,2.4283,6/8/23 14:47,2.14,Auction Ads,auction_relation
20230807,1773491929517050 ,VN,VN,,1/1/00 0:00,2.3585,15.2908,6/8/23 14:54,2.14,Auction Ads,auction_relation
20230807,1773492020226090 ,VN,VN,,1/1/00 0:00,,2.2221,6/8/23 14:47,2.14,Auction Ads,auction_relation
20230807,1773491439671290 ,VN,,,1/1/00 0:00,32.8142,3.5827,6/8/23 14:48,0.54,Non-Auction Ads,Promote
20230807,1773491816684610 ,GB,,,1/1/00 0:00,48.04,11.753,6/8/23 14:54,0.54,Non-Auction Ads,Promote
20230807,1773491999971330 ,VN,VN,,1/1/00 0:00,2.227,15.2908,6/8/23 14:56,2.14,Auction Ads,auction_relation
20230807,1773491536627710 ,SE,,,1/1/00 0:00,3.9658,3.794,6/8/23 14:50,1.53,RIE,Promote Report Recall
20230807,1773491524472830 ,SA,,,1/1/00 0:00,44.0089,3.3293,6/8/23 14:50,0.54,Non-Auction Ads,Promote
20230807,1773491457575940 ,US,,,1/1/00 0:00,2.91,1.3194,6/8/23 14:48,1.53,RIE,Promote Report Recall
20230807,1773491731759120 ,GR,Other,,1/1/00 0:00,11.95,5.6897,6/8/23 14:51,1.62,RIE,Ad Group Recall (Merged)
20230807,1773491522487290 ,ID,,,1/1/00 0:00,1.7508,0.466,6/8/23 14:48,1.53,RIE,Promote Report Recall
20230807,1773492093613070 ,VN,VN,,1/1/00 0:00,2.4711,15.2908,6/8/23 14:57,2.14,Auction Ads,auction_relation
20230807,1773492104736770 ,SA,,,1/1/00 0:00,20.7864,18.8461,6/8/23 14:58,0.54,Non-Auction Ads,Promote
20230807,1773491642463230 ,KW,,,1/1/00 0:00,6.9043,3.5859,6/8/23 14:51,0.54,Non-Auction Ads,Promote
20230807,1773492086429690 ,SA,,,1/1/00 0:00,20.5413,18.3606,6/8/23 14:58,0.54,Non-Auction Ads,Promote
20230807,1773491731768370 ,GR,Other,,1/1/00 0:00,13.34,5.6897,6/8/23 14:53,1.62,RIE,Ad Group Recall (Merged)
20230807,1773491979057150 ,US,,,1/1/00 0:00,61.29,12.8525,6/8/23 14:57,0.54,Non-Auction Ads,Promote
20230807,1773491817034750 ,SA,,,1/1/00 0:00,46.061,7.339,6/8/23 14:54,0.54,Non-Auction Ads,Promote
20230807,1773491632384000 ,TR,,,1/1/00 0:00,3.5455,0.8662,6/8/23 14:50,0.54,Non-Auction Ads,Promote
20230807,1773489349780480 ,EG,,,1/1/00 0:00,0.1988,0.0835,6/8/23 14:51,1.53,RIE,Promote Report Recall
20230807,1773491679898620 ,VN,,,1/1/00 0:00,12.5636,0.7297,6/8/23 14:51,0.54,Non-Auction Ads,Promote
20230807,1773491825519610 ,SA,,,1/1/00 0:00,40.5646,9.9214,6/8/23 14:56,0.54,Non-Auction Ads,Promote
20230807,1773491798452230 ,FR,,,1/1/00 0:00,13.7609,6.1342,6/8/23 14:55,0.54,Non-Auction Ads,Promote
20230807,1773208022476830 ,JP,JP,,1/1/00 0:00,27.8211,17.0601,6/8/23 15:00,3.21,RIE,Ad Group Recall (Merged)
20230807,1773491865387010 ,IT,,,1/1/00 0:00,1.8939,3.4668,6/8/23 14:54,0.54,Non-Auction Ads,Promote
20230807,1773492045371390 ,FI,Others,,1/1/00 0:00,0,1.3433,6/8/23 14:52,1.56,Auction Ads,auction_all
20230807,1773492045371390 ,MA,MA,,1/1/00 0:00,0,1.3433,6/8/23 14:52,1.51,Auction Ads,auction_relation
20230807,1773492056470530 ,ES,,,1/1/00 0:00,24.2786,8.915,6/8/23 14:57,0.54,Non-Auction Ads,Promote
20230807,1773491724122110 ,ID,,,1/1/00 0:00,3.6007,0.6737,6/8/23 14:54,1.53,RIE,Promote Report Recall
20230807,1773491875394560 ,TR,,,1/1/00 0:00,5.226,2.0636,6/8/23 14:55,0.54,Non-Auction Ads,Promote
20230807,1773491904274430 ,KW,,,1/1/00 0:00,15.1755,3.6728,6/8/23 14:56,0.54,Non-Auction Ads,Promote
20230807,1773492358970370 ,US,,,1/1/00 0:00,61.63,17.908,6/8/23 15:03,0.54,Non-Auction Ads,Promote
20230807,1773491940942840 ,SA,,,1/1/00 0:00,13.2453,1.575,6/8/23 14:55,0.54,Non-Auction Ads,Promote
20230807,1773491934060540 ,VN,,,1/1/00 0:00,8.0725,0.7297,6/8/23 14:55,0.54,Non-Auction Ads,Promote
20230807,1773492460738560 ,SA,,,1/1/00 0:00,20.1782,18.8461,6/8/23 15:03,0.54,Non-Auction Ads,Promote
20230807,1773491885712380 ,PH,,,1/1/00 0:00,16.1836,0.2855,6/8/23 14:55,0.54,Non-Auction Ads,Promote
20230807,1773491854972930 ,EG,,,1/1/00 0:00,1.9866,0.4389,6/8/23 14:56,1.53,RIE,Promote Report Recall
20230807,1773407513821180 ,SA,,,1/1/00 0:00,3.148,0.9253,6/8/23 14:56,1.53,RIE,Promote Report Recall
20230807,1773492042494980 ,IT,,,1/1/00 0:00,0.5944,4.5988,6/8/23 14:58,1.53,RIE,Promote Report Recall
20230807,1773492006078460 ,ES,,,1/1/00 0:00,0.9246,1.2257,6/8/23 14:57,1.53,RIE,Promote Report Recall
20230807,1773493493681170 ,US,,,1/1/00 0:00,39.27,45.3133,6/8/23 15:20,0.54,Non-Auction Ads,Promote
20230807,1773493700920370 ,NO,Others,,1/1/00 0:00,151.49,41.404,6/8/23 15:18,1.56,Auction Ads,auction_all
20230807,1773492574091290 ,SA,MENA,,1/1/00 0:00,0,1.3433,6/8/23 14:57,1.78,Auction Ads,auction_relation
20230807,1773492574091290 ,VN,VN,,1/1/00 0:00,0,1.3433,6/8/23 14:57,2.14,Auction Ads,auction_relation
20230807,1773492574091290 ,VN,VN,,1/1/00 0:00,0,1.3433,6/8/23 14:57,2.14,Auction Ads,auction_relation
20230807,1773492574091290 ,QA,Others,,1/1/00 0:00,0,1.3433,6/8/23 14:57,1.56,Auction Ads,auction_all
20230807,1773492574091290 ,AE,MENA,,1/1/00 0:00,0,1.3433,6/8/23 14:57,1.78,Auction Ads,auction_relation
20230807,1773492109080570 ,PH,,,1/1/00 0:00,14.2282,2.0064,6/8/23 14:58,0.54,Non-Auction Ads,Promote
20230807,1773492304075810 ,BE,Other,,1/1/00 0:00,12.58,5.2532,6/8/23 15:01,1.62,RIE,Ad Group Recall (Merged)
20230807,1773492327982130 ,BE,Other,,1/1/00 0:00,30.6,5.2532,6/8/23 15:01,1.62,RIE,Ad Group Recall (Merged)
20230807,1773492004321280 ,MY,,,1/1/00 0:00,11.9826,0.49,6/8/23 14:58,0.54,Non-Auction Ads,Promote
20230807,1773492296459260 ,TR,,,1/1/00 0:00,1.1253,4.4445,6/8/23 15:02,0.54,Non-Auction Ads,Promote
20230807,1773492275478530 ,VN,,,1/1/00 0:00,13.5779,0.7297,6/8/23 15:00,0.54,Non-Auction Ads,Promote
20230807,1773492275478530 ,VN,,,1/1/00 0:00,13.5779,0.7297,6/8/23 15:00,0.54,Non-Auction Ads,Promote
20230807,1773492370450480 ,SA,MENA,,1/1/00 0:00,9.25,1.38,6/8/23 15:01,1.78,Auction Ads,auction_relation
20230807,1773492354792460 ,SA,MENA,,1/1/00 0:00,8.27,1.38,6/8/23 15:01,1.78,Auction Ads,auction_relation
20230807,1773492368594990 ,SA,MENA,,1/1/00 0:00,9.6,1.38,6/8/23 15:01,1.78,Auction Ads,auction_relation
20230807,1773492283058170 ,SA,,,1/1/00 0:00,4.0463,4.6472,6/8/23 15:02,0.54,Non-Auction Ads,Promote
20230807,1773492128738300 ,ID,,,1/1/00 0:00,10.3941,1.0852,6/8/23 15:01,0.54,Non-Auction Ads,Promote
20230807,1773492347595770 ,TR,,,1/1/00 0:00,5.3307,2.0636,6/8/23 15:02,0.54,Non-Auction Ads,Promote
20230807,1773492570629120 ,SA,,,1/1/00 0:00,85.3514,12.6985,6/8/23 15:06,0.54,Non-Auction Ads,Promote
20230807,1773492332216320 ,DE,,,1/1/00 0:00,3.1814,1.1023,6/8/23 15:02,1.53,RIE,Promote Report Recall
20230807,1773490496372760 ,DE,DE,,1/1/00 0:00,0.011,14.2741,6/8/23 15:09,1.01,Auction Ads,auction_relation
20230807,1773492278054910 ,SA,,,1/1/00 0:00,3.3558,0.8576,6/8/23 15:03,1.53,RIE,Promote Report Recall
20230807,1773492396746750 ,AE,,,1/1/00 0:00,2.7526,3.369,6/8/23 15:04,1.53,RIE,Promote Report Recall
20230807,1773492450225150 ,VN,,,1/1/00 0:00,1.4885,1.1508,6/8/23 15:03,1.53,RIE,Promote Report Recall
20230807,1773492403683410 ,BR,,,1/1/00 0:00,3.5211,2.377,6/8/23 15:03,0.54,Non-Auction Ads,Promote
20230807,1773489800863740 ,SA,MENA,,1/1/00 0:00,0.04,5.6902,6/8/23 15:05,1.78,Auction Ads,auction_relation
20230807,1773488703346690 ,SA,MENA,,1/1/00 0:00,,0,6/8/23 15:03,1.78,Auction Ads,auction_relation
20230807,1773488697714730 ,SA,MENA,,1/1/00 0:00,,0,6/8/23 15:03,1.78,Auction Ads,auction_relation
20230807,1773488697731090 ,SA,MENA,,1/1/00 0:00,,0,6/8/23 15:03,1.78,Auction Ads,auction_relation
20230807,1773488697737260 ,SA,MENA,,1/1/00 0:00,,0,6/8/23 15:03,1.78,Auction Ads,auction_relation
20230807,1773491979148290 ,FR,,,1/1/00 0:00,1.5301,0.4971,6/8/23 15:03,1.53,RIE,Promote Report Recall
20230807,1773490182920190 ,PL,,,1/1/00 0:00,2.2456,0.7622,6/8/23 15:04,1.53,RIE,Promote Report Recall
20230807,1773492433100800 ,HU,,,1/1/00 0:00,15.1343,2.9946,6/8/23 15:05,0.54,Non-Auction Ads,Promote
20230807,1773492512028670 ,VN,,,1/1/00 0:00,16.3047,1.7074,6/8/23 15:05,0.54,Non-Auction Ads,Promote
20230807,1773493527049260 ,SA,MENA,,1/1/00 0:00,28.6415,27.3662,6/8/23 15:19,1.78,Auction Ads,auction_relation
20230807,1773492583743490 ,RO,,,1/1/00 0:00,11.0074,2.1102,6/8/23 15:05,0.54,Non-Auction Ads,Promote
20230807,1773492550038530 ,TR,,,1/1/00 0:00,1.2936,2.9065,6/8/23 15:06,0.54,Non-Auction Ads,Promote
20230807,1773492733378560 ,TR,,,1/1/00 0:00,10.5021,6.1361,6/8/23 15:09,0.54,Non-Auction Ads,Promote
20230807,1773492690799610 ,KH,,,1/1/00 0:00,13.7078,3.1517,6/8/23 15:07,0.54,Non-Auction Ads,Promote
20230807,1773492386842640 ,EG,,,1/1/00 0:00,1.5008,0.8558,6/8/23 15:06,1.53,RIE,Promote Report Recall
20230807,1773492951418930 ,VN,VN,,1/1/00 0:00,,7.0673,6/8/23 15:10,2.14,Auction Ads,auction_relation
20230807,1773492539448320 ,VN,,,1/1/00 0:00,16.1805,1.0492,6/8/23 15:06,0.54,Non-Auction Ads,Promote
20230807,1773492714560510 ,SA,,,1/1/00 0:00,8.9856,2.7074,6/8/23 15:07,0.54,Non-Auction Ads,Promote
20230807,1773492773778430 ,SA,,,1/1/00 0:00,10.273,2.7074,6/8/23 15:08,0.54,Non-Auction Ads,Promote
20230807,1773493059675150 ,ID,ID,,1/1/00 0:00,25.59,10.7003,6/8/23 15:12,2.05,RIE,Ad Group Recall (Merged)
20230807,1773492580168700 ,TH,,,1/1/00 0:00,1.8636,0.7535,6/8/23 15:06,1.53,RIE,Promote Report Recall
20230807,1773492718509060 ,PT,,,1/1/00 0:00,0.4513,1.8608,6/8/23 15:09,1.53,RIE,Promote Report Recall
20230807,1773492708836350 ,TR,,,1/1/00 0:00,8.8969,2.0636,6/8/23 15:09,0.54,Non-Auction Ads,Promote
20230807,1773493399783420 ,FR,,,1/1/00 0:00,16.0608,21.3725,6/8/23 15:20,0.54,Non-Auction Ads,Promote
20230807,1773492769574910 ,MY,,,1/1/00 0:00,12.6453,2.628,6/8/23 15:09,0.54,Non-Auction Ads,Promote
20230807,1773492608447490 ,BR,,,1/1/00 0:00,7.4526,5.1279,6/8/23 15:11,0.54,Non-Auction Ads,Promote
20230807,1773492772550650 ,JP,,,1/1/00 0:00,38.1689,2.5886,6/8/23 15:09,0.54,Non-Auction Ads,Promote
20230807,1773492457077760 ,SA,,,1/1/00 0:00,,1.129,6/8/23 15:09,0.54,Non-Auction Ads,Promote
20230807,1773492870236160 ,US,,,1/1/00 0:00,5.78,6.09,6/8/23 15:11,1.53,RIE,Promote Report Recall
20230807,1773493517256750 ,PL,,,1/1/00 0:00,116.3094,22.3091,6/8/23 15:20,1.53,RIE,Promote Report Recall
20230807,1773474453993470 ,US,,,1/1/00 0:00,2.7,0.8997,6/8/23 15:09,1.53,RIE,Promote Report Recall
20230807,1773493197116430 ,BR,,,1/1/00 0:00,8.5074,12.8327,6/8/23 15:15,0.54,Non-Auction Ads,Promote
20230807,1773492841596930 ,DE,,,1/1/00 0:00,30.7907,2.7106,6/8/23 15:10,0.54,Non-Auction Ads,Promote
20230807,1773493147543550 ,US,,,1/1/00 0:00,57.68,19.76,6/8/23 15:20,0.54,Non-Auction Ads,Promote
20230807,1773492915637250 ,BR,,,1/1/00 0:00,9.3075,12.1411,6/8/23 15:15,0.54,Non-Auction Ads,Promote
20230807,1773496193446920 ,US,US&CA,,1/1/00 0:00,233.16,238.7289,6/8/23 17:00,1.81,RIE,Ad Group Recall (Merged)
20230807,1773491170807800 ,ID,,,1/1/00 0:00,1.3335,0.3313,6/8/23 15:10,1.53,RIE,Promote Report Recall
20230807,1773492899358720 ,SA,,,1/1/00 0:00,0,3.582,6/8/23 15:11,0.54,Non-Auction Ads,Promote
20230807,1773492837239810 ,VN,,,1/1/00 0:00,0,0.8733,6/8/23 15:11,0.54,Non-Auction Ads,Promote
20230807,1773492803845120 ,TR,,,1/1/00 0:00,4.9048,0.9347,6/8/23 15:11,0.54,Non-Auction Ads,Promote
20230807,1773492856299520 ,EG,,,1/1/00 0:00,8.5063,2.5317,6/8/23 15:11,0.54,Non-Auction Ads,Promote
20230807,1773493019601920 ,SA,,,1/1/00 0:00,34.8339,5.4791,6/8/23 15:13,0.54,Non-Auction Ads,Promote
20230807,1773492872101890 ,PH,,,1/1/00 0:00,23.6045,0.2855,6/8/23 15:11,0.54,Non-Auction Ads,Promote
20230807,1773489503602720 ,SA,MENA,,1/1/00 0:00,,2.066,6/8/23 15:12,1.78,Auction Ads,auction_relation
20230807,1773493038381060 ,AE,,,1/1/00 0:00,55.04,5.1706,6/8/23 15:13,0.54,Non-Auction Ads,Promote
20230807,1773493224717310 ,SA,,,1/1/00 0:00,53.7139,9.2929,6/8/23 15:16,0.54,Non-Auction Ads,Promote
20230807,1773493337825280 ,IL,,,1/1/00 0:00,14.4582,12.791,6/8/23 15:18,0.54,Non-Auction Ads,Promote
20230807,1773493064805370 ,ID,,,1/1/00 0:00,9.0641,2.069,6/8/23 15:13,0.54,Non-Auction Ads,Promote
20230807,1773492861002750 ,BR,,,1/1/00 0:00,1.104,1.8208,6/8/23 15:13,1.53,RIE,Promote Report Recall
20230807,1773493090012160 ,KH,,,1/1/00 0:00,20.4627,2.6281,6/8/23 15:13,0.54,Non-Auction Ads,Promote
20230807,1773493539575800 ,SA,MENA,,1/1/00 0:00,,10.3866,6/8/23 15:18,1.78,Auction Ads,auction_relation
20230807,1773501426981920 ,MA,MA,,1/1/00 0:00,0,0.0937,6/8/23 15:13,1.51,Auction Ads,auction_relation
20230807,1773501426981920 ,MA,MA,,1/1/00 0:00,0,0.0937,6/8/23 15:13,1.51,Auction Ads,auction_relation
20230807,1773501426981920 ,KW,Others,,1/1/00 0:00,0,0.0937,6/8/23 15:13,1.56,Auction Ads,auction_all
20230807,1773493478896640 ,DE,,,1/1/00 0:00,18.0385,17.0479,6/8/23 15:25,0.54,Non-Auction Ads,Promote
20230807,1773492983769090 ,US,,,1/1/00 0:00,6.51,5.885,6/8/23 15:16,1.53,RIE,Promote Report Recall
20230807,1773493067910140 ,BR,,,1/1/00 0:00,4.9697,1.0591,6/8/23 15:13,0.54,Non-Auction Ads,Promote
20230807,1773493149244420 ,PL,,,1/1/00 0:00,3.6658,3.9088,6/8/23 15:15,1.53,RIE,Promote Report Recall
20230807,1773492945650740 ,BR,,,1/1/00 0:00,4.309,2.5617,6/8/23 15:14,0.54,Non-Auction Ads,Promote
20230807,1773493570460670 ,SA,,,1/1/00 0:00,26.9221,12.5575,6/8/23 15:22,0.54,Non-Auction Ads,Promote
20230807,1773492973092860 ,ID,,,1/1/00 0:00,0.9759,0.1109,6/8/23 15:14,1.53,RIE,Promote Report Recall
20230807,1773493002248190 ,ID,,,1/1/00 0:00,11.4366,0.6127,6/8/23 15:14,0.54,Non-Auction Ads,Promote
20230807,1773493361553410 ,SA,,,1/1/00 0:00,14.8233,9.8473,6/8/23 15:20,0.54,Non-Auction Ads,Promote
20230807,1773493325586430 ,BE,,,1/1/00 0:00,29.0397,6.3175,6/8/23 15:18,0.54,Non-Auction Ads,Promote
20230807,1773493658472510 ,US,,,1/1/00 0:00,20.91,12.63,6/8/23 15:23,1.53,RIE,Promote Report Recall
20230807,1773493191696380 ,VN,,,1/1/00 0:00,109.8913,0.7297,6/8/23 15:16,0.54,Non-Auction Ads,Promote
20230807,1773493258036220 ,VN,,,1/1/00 0:00,1.4403,0.3285,6/8/23 15:17,1.53,RIE,Promote Report Recall
20230807,1773493287124990 ,ID,,,1/1/00 0:00,1.8331,0.3425,6/8/23 15:17,1.53,RIE,Promote Report Recall
20230807,1773493396320260 ,TR,,,1/1/00 0:00,1.5525,2.3635,6/8/23 15:18,0.54,Non-Auction Ads,Promote
20230807,1773493287674880 ,PH,,,1/1/00 0:00,0.4005,0.074,6/8/23 15:17,1.53,RIE,Promote Report Recall
20230807,1773493732682750 ,SA,,,1/1/00 0:00,84.3413,9.2929,6/8/23 15:26,0.54,Non-Auction Ads,Promote
20230807,1773494454063100 ,US,,,1/1/00 0:00,53.06,27.226,6/8/23 15:36,0.54,Non-Auction Ads,Promote
20230807,1773493668567040 ,KW,,,1/1/00 0:00,21.1163,5.9322,6/8/23 15:23,0.54,Non-Auction Ads,Promote
20230807,1773493546467330 ,US,,,1/1/00 0:00,6.16,3.9694,6/8/23 15:22,0.54,Non-Auction Ads,Promote
20230807,1773493442151420 ,GR,,,1/1/00 0:00,5.6471,0.9212,6/8/23 15:20,0.54,Non-Auction Ads,Promote
20230807,1773494464135170 ,GB,,,1/1/00 0:00,52.591,25.7553,6/8/23 15:36,0.54,Non-Auction Ads,Promote
20230807,1773493532281850 ,TR,,,1/1/00 0:00,6.8729,1.8499,6/8/23 15:21,0.54,Non-Auction Ads,Promote
20230807,1773493533231100 ,VN,,,1/1/00 0:00,0.746,0.3852,6/8/23 15:20,1.53,RIE,Promote Report Recall
20230807,1773493741288450 ,US,,,1/1/00 0:00,3.76,5.018,6/8/23 15:26,0.54,Non-Auction Ads,Promote
20230807,1773493859500030 ,ID,,,1/1/00 0:00,23.4555,7.945,6/8/23 15:27,0.54,Non-Auction Ads,Promote
20230807,1773494157632560 ,ES,ES,,1/1/00 0:00,2.27,12.9075,6/8/23 15:30,1.79,RIE,Ad Group Recall (Merged)
20230807,1773479953399800 ,VN,,,1/1/00 0:00,,0.2912,6/8/23 15:24,0.54,Non-Auction Ads,Promote
20230807,1773495098695680 ,US,,,1/1/00 0:00,58.51,41.49,6/8/23 15:48,0.54,Non-Auction Ads,Promote
20230807,1773493801660410 ,ID,,,1/1/00 0:00,2.0746,0.6263,6/8/23 15:26,1.53,RIE,Promote Report Recall
20230807,1773493968150530 ,SA,,,1/1/00 0:00,21.0527,5.1555,6/8/23 15:27,0.54,Non-Auction Ads,Promote
20230807,1773493921460220 ,SA,,,1/1/00 0:00,20.7168,5.1555,6/8/23 15:27,0.54,Non-Auction Ads,Promote
20230807,1773496144433150 ,JP,JP,,1/1/00 0:00,109.3005,86.4883,6/8/23 16:02,3.21,RIE,Ad Group Recall (Merged)
20230807,1773493875007480 ,VN,,,1/1/00 0:00,3.7276,0.4345,6/8/23 15:26,1.53,RIE,Promote Report Recall
20230807,1773493902851070 ,PL,,,1/1/00 0:00,0.5834,0.4282,6/8/23 15:26,1.53,RIE,Promote Report Recall
20230807,1773493949113340 ,KR,KR,,1/1/00 0:00,,0.5566,6/8/23 15:26,2.37,Auction Ads,auction_relation
20230807,1773493880049680 ,KR,KR,,1/1/00 0:00,,0.5566,6/8/23 15:26,2.37,Auction Ads,auction_relation
20230807,1773493936980010 ,KR,KR,,1/1/00 0:00,,0.5566,6/8/23 15:26,2.37,Auction Ads,auction_relation
20230807,1773493938705440 ,KR,KR,,1/1/00 0:00,,0.5566,6/8/23 15:26,2.37,Auction Ads,auction_relation
20230807,1773493939227660 ,KR,KR,,1/1/00 0:00,,0.5566,6/8/23 15:26,2.37,Auction Ads,auction_relation
20230807,1773494218252280 ,SA,,,1/1/00 0:00,29.8222,13.6104,6/8/23 15:34,0.54,Non-Auction Ads,Promote
20230807,1773493950339070 ,SA,,,1/1/00 0:00,8.5459,2.8523,6/8/23 15:28,0.54,Non-Auction Ads,Promote
20230807,1773495099799550 ,SA,MENA,,1/1/00 0:00,,0.3414,6/8/23 15:27,1.78,Auction Ads,auction_relation
20230807,1773494357763070 ,ID,,,1/1/00 0:00,20.4302,13.1521,6/8/23 15:34,0.54,Non-Auction Ads,Promote
20230807,1773494006786050 ,SA,,,1/1/00 0:00,0,2.9102,6/8/23 15:29,0.54,Non-Auction Ads,Promote
20230807,1773494057423870 ,AE,,,1/1/00 0:00,6.5641,1.8989,6/8/23 15:29,1.53,RIE,Promote Report Recall
20230807,1773494034289660 ,ID,,,1/1/00 0:00,9.3572,2.2665,6/8/23 15:29,1.53,RIE,Promote Report Recall
20230807,1773493799841790 ,PH,,,1/1/00 0:00,0.9241,0.255,6/8/23 15:28,1.53,RIE,Promote Report Recall
20230807,1773493939205120 ,VN,,,1/1/00 0:00,2.9708,0.4345,6/8/23 15:28,1.53,RIE,Promote Report Recall
20230807,1773495374602250 ,VN,VN,,1/1/00 0:00,5.4886,5.3795,6/8/23 15:31,2.14,Auction Ads,auction_relation
20230807,1773494321170430 ,SA,,,1/1/00 0:00,36.4542,9.5639,6/8/23 15:34,0.54,Non-Auction Ads,Promote
20230807,1773494148911100 ,VN,VN,,1/1/00 0:00,0.3414,2.9953,6/8/23 15:30,2.14,Auction Ads,auction_relation
20230807,1773494152140830 ,VN,VN,,1/1/00 0:00,,2.9953,6/8/23 15:30,2.14,Auction Ads,auction_relation
20230807,1773494088561670 ,TR,,,1/1/00 0:00,8.4637,2.672,6/8/23 15:30,0.54,Non-Auction Ads,Promote
20230807,1773495654466570 ,VN,VN,,1/1/00 0:00,,1.7833,6/8/23 15:30,2.14,Auction Ads,auction_relation
20230807,1773492131254320 ,US,US&CA,,1/1/00 0:00,56.12,26.13,6/8/23 15:45,1.81,RIE,Ad Group Recall (Merged)
20230807,1773516583755770 ,KW,Others,,1/1/00 0:00,0.7915,0.0937,6/8/23 15:29,1.56,Auction Ads,auction_all
20230807,1773516583755770 ,MA,MA,,1/1/00 0:00,0.7915,0.0937,6/8/23 15:29,1.51,Auction Ads,auction_relation
20230807,1773494226498560 ,MY,,,1/1/00 0:00,37.7041,2.8776,6/8/23 15:31,0.54,Non-Auction Ads,Promote
20230807,1773495098999870 ,KW,,,1/1/00 0:00,38.9715,26.793,6/8/23 15:46,0.54,Non-Auction Ads,Promote
20230807,1773494378164220 ,SA,,,1/1/00 0:00,23.4169,8.1675,6/8/23 15:35,0.54,Non-Auction Ads,Promote
20230807,1773494053283840 ,EG,,,1/1/00 0:00,7.1082,0.9281,6/8/23 15:30,0.54,Non-Auction Ads,Promote
20230807,1773494037486590 ,SA,,,1/1/00 0:00,19.5225,3.3529,6/8/23 15:31,0.54,Non-Auction Ads,Promote
20230807,1773494336304160 ,VN,VN,,1/1/00 0:00,,1.9951,6/8/23 15:31,2.14,Auction Ads,auction_relation
20230807,1773494514124800 ,DE,,,1/1/00 0:00,49.2174,9.2895,6/8/23 15:37,0.54,Non-Auction Ads,Promote
20230807,1772984082394130 ,TW,TW,,1/1/00 0:00,148.5,196.8758,6/8/23 17:00,0.95,Auction Ads,auction_relation
20230807,1773494191673350 ,GR,,,1/1/00 0:00,6.8358,1.4824,6/8/23 15:32,0.54,Non-Auction Ads,Promote
20230807,1773494290243610 ,KR,KR,,1/1/00 0:00,,0.5566,6/8/23 15:32,2.37,Auction Ads,auction_relation
20230807,1773494355766280 ,VN,VN,,1/1/00 0:00,13.35,1.7541,6/8/23 15:32,2.14,Auction Ads,auction_relation
20230807,1773494558751750 ,DE,,,1/1/00 0:00,46.3012,7.7331,6/8/23 15:38,0.54,Non-Auction Ads,Promote
20230807,1773494097876990 ,TR,,,1/1/00 0:00,1.2447,0.3765,6/8/23 15:32,1.53,RIE,Promote Report Recall
20230807,1773494200499200 ,BR,,,1/1/00 0:00,1.2436,2.0276,6/8/23 15:33,1.53,RIE,Promote Report Recall
20230807,1773494317621250 ,BR,,,1/1/00 0:00,0.435,0.353,6/8/23 15:33,1.53,RIE,Promote Report Recall
20230807,1773494340651010 ,US,,,1/1/00 0:00,3.75,4.64,6/8/23 15:37,1.53,RIE,Promote Report Recall
20230807,1773494406831100 ,PH,,,1/1/00 0:00,13.9062,0.7966,6/8/23 15:34,0.54,Non-Auction Ads,Promote
20230807,1773494658798590 ,KW,,,1/1/00 0:00,24.7898,10.4712,6/8/23 15:40,0.54,Non-Auction Ads,Promote
20230807,1773494543178750 ,PH,,,1/1/00 0:00,10.5999,2.9875,6/8/23 15:36,0.54,Non-Auction Ads,Promote
20230807,1773494386021370 ,KH,,,1/1/00 0:00,9.8372,1.5568,6/8/23 15:35,0.54,Non-Auction Ads,Promote
20230807,1773494588971040 ,ES,,,1/1/00 0:00,4.2268,4.7567,6/8/23 15:38,1.53,RIE,Promote Report Recall
20230807,1773494546510860 ,US,,,1/1/00 0:00,10.94,9.84,6/8/23 15:41,1.53,RIE,Promote Report Recall
20230807,1773494653958140 ,TH,,,1/1/00 0:00,16.46,4.36,6/8/23 15:38,0.54,Non-Auction Ads,Promote
20230807,1773494811415550 ,AE,,,1/1/00 0:00,16.0906,11.9088,6/8/23 15:42,0.54,Non-Auction Ads,Promote
20230807,1773494479226880 ,TH,,,1/1/00 0:00,33.1001,2.5217,6/8/23 15:37,0.54,Non-Auction Ads,Promote
20230807,1773494549723130 ,TR,,,1/1/00 0:00,7.0598,6.0049,6/8/23 15:39,0.54,Non-Auction Ads,Promote
20230807,1773494646704120 ,KW,,,1/1/00 0:00,8.3137,4.5337,6/8/23 15:39,0.54,Non-Auction Ads,Promote
20230807,1773494646704120 ,KW,,,1/1/00 0:00,8.3137,4.5337,6/8/23 15:39,0.54,Non-Auction Ads,Promote
20230807,1773494859652090 ,PH,,,1/1/00 0:00,18.9511,10.3373,6/8/23 15:42,0.54,Non-Auction Ads,Promote
20230807,1773494703900670 ,AE,,,1/1/00 0:00,29.7909,5.2544,6/8/23 15:40,1.53,RIE,Promote Report Recall
20230807,1773494603592700 ,AT,,,1/1/00 0:00,7.7974,1.7792,6/8/23 15:38,1.53,RIE,Promote Report Recall
20230807,1773494864363520 ,SA,,,1/1/00 0:00,19.9835,8.3894,6/8/23 15:41,0.54,Non-Auction Ads,Promote
20230807,1773495011224570 ,IL,,,1/1/00 0:00,14.3902,13.0211,6/8/23 15:45,0.54,Non-Auction Ads,Promote
20230807,1773495132061700 ,SE,,,1/1/00 0:00,24.2998,15.7474,6/8/23 15:47,0.54,Non-Auction Ads,Promote
20230807,1773494775530500 ,TR,,,1/1/00 0:00,11.4793,4.0505,6/8/23 15:40,0.54,Non-Auction Ads,Promote
20230807,1773494746349570 ,US,,,1/1/00 0:00,54.69,4.6549,6/8/23 15:41,0.54,Non-Auction Ads,Promote
20230807,1773494486624250 ,ID,,,1/1/00 0:00,7.6688,1.1094,6/8/23 15:39,0.54,Non-Auction Ads,Promote
20230807,1773494780291070 ,RO,,,1/1/00 0:00,25.7073,5.5238,6/8/23 15:41,0.54,Non-Auction Ads,Promote
20230807,1773494683839490 ,QA,,,1/1/00 0:00,16.3351,0.9766,6/8/23 15:39,0.54,Non-Auction Ads,Promote
20230807,1773495037391900 ,VN,VN,,1/1/00 0:00,6.5909,9.2902,6/8/23 15:43,2.14,Auction Ads,auction_relation
20230807,1773494601683970 ,ID,,,1/1/00 0:00,0.9611,0.1257,6/8/23 15:40,1.53,RIE,Promote Report Recall
20230807,1773494911953920 ,AE,,,1/1/00 0:00,42.1954,7.0542,6/8/23 15:43,0.54,Non-Auction Ads,Promote
20230807,1773494829369350 ,DE,,,1/1/00 0:00,3.0162,1.3859,6/8/23 15:41,1.53,RIE,Promote Report Recall
20230807,1773494811260920 ,SA,,,1/1/00 0:00,24.1952,3.7028,6/8/23 15:42,0.54,Non-Auction Ads,Promote
20230807,1773494755078150 ,RO,,,1/1/00 0:00,8.7399,0.939,6/8/23 15:41,0.54,Non-Auction Ads,Promote
20230807,1773495013793790 ,US,,,1/1/00 0:00,65.73,6.7979,6/8/23 15:45,0.54,Non-Auction Ads,Promote
20230807,1773494938752030 ,GB,,,1/1/00 0:00,2.3847,2.844,6/8/23 15:43,1.53,RIE,Promote Report Recall
20230807,1773494947383300 ,TR,,,1/1/00 0:00,10.7529,4.0505,6/8/23 15:43,0.54,Non-Auction Ads,Promote
20230807,1773494794057730 ,MY,,,1/1/00 0:00,2.3097,0.37,6/8/23 15:41,1.53,RIE,Promote Report Recall
20230807,1773494948016130 ,IL,,,1/1/00 0:00,16.6118,1.6091,6/8/23 15:43,0.54,Non-Auction Ads,Promote
20230807,1773494139156520 ,VN,VN,,1/1/00 0:00,5.4948,5.1179,6/8/23 15:45,2.14,Auction Ads,auction_relation
20230807,1773495302865980 ,TH,,,1/1/00 0:00,26.0178,11.7783,6/8/23 15:49,0.54,Non-Auction Ads,Promote
20230807,1773495540430850 ,VN,VN,,1/1/00 0:00,,0,6/8/23 15:43,2.14,Auction Ads,auction_relation
20230807,1773494912777220 ,US,,,1/1/00 0:00,6.11,3.89,6/8/23 15:46,1.53,RIE,Promote Report Recall
20230807,1773495148863490 ,SA,,,1/1/00 0:00,20.5432,4.5395,6/8/23 15:47,0.54,Non-Auction Ads,Promote
20230807,1773495049703420 ,ID,,,1/1/00 0:00,9.3951,0.4787,6/8/23 15:44,0.54,Non-Auction Ads,Promote
20230807,1773495258216460 ,IT,,,1/1/00 0:00,15.9365,5.2329,6/8/23 15:48,0.54,Non-Auction Ads,Promote
20230807,1773495112574970 ,SA,,,1/1/00 0:00,7.224,3.1667,6/8/23 15:47,0.54,Non-Auction Ads,Promote
20230807,1773491554510860 ,DE,DE,,1/1/00 0:00,,5.8542,6/8/23 15:48,1.01,Auction Ads,auction_relation
20230807,1773495242815500 ,GR,Other,,1/1/00 0:00,9.02,2.4718,6/8/23 15:47,1.62,RIE,Ad Group Recall (Merged)
20230807,1773495493411840 ,TH,,,1/1/00 0:00,25.0786,11.7783,6/8/23 15:52,0.54,Non-Auction Ads,Promote
20230807,1773495461986330 ,CH,Other,,1/1/00 0:00,75.05,7.9483,6/8/23 15:50,1.62,RIE,Ad Group Recall (Merged)
20230807,1773494777608190 ,VN,,,1/1/00 0:00,0,0.9995,6/8/23 15:47,0.54,Non-Auction Ads,Promote
20230807,1773495654332410 ,KW,,,1/1/00 0:00,52.4628,14.7161,6/8/23 15:56,0.54,Non-Auction Ads,Promote
20230807,1773495261839360 ,TR,,,1/1/00 0:00,1.1353,2.0648,6/8/23 15:48,0.54,Non-Auction Ads,Promote
20230807,1773495251163140 ,US,,,1/1/00 0:00,11.28,3.74,6/8/23 15:49,1.53,RIE,Promote Report Recall
20230807,1773019229362170 ,PH,PH,,1/1/00 0:00,120.81,32.6197,6/8/23 16:00,1.43,Non-Auction Ads,R&F
20230807,1773019229362170 ,PH,PH,,1/1/00 0:00,120.81,32.6197,6/8/23 16:00,1.43,Non-Auction Ads,R&F
20230807,1773019229362170 ,PH,PH,,1/1/00 0:00,120.81,32.6197,6/8/23 16:00,1.43,Non-Auction Ads,R&F
20230807,1773019229362170 ,PH,PH,,1/1/00 0:00,120.81,32.6197,6/8/23 16:00,1.43,Non-Auction Ads,R&F
20230807,1773495452703740 ,IT,,,1/1/00 0:00,58.4737,6.4079,6/8/23 15:51,0.54,Non-Auction Ads,Promote
20230807,1773495343051770 ,TR,,,1/1/00 0:00,9.5995,2.0648,6/8/23 15:49,0.54,Non-Auction Ads,Promote
20230807,1773493063140350 ,BR,,,1/1/00 0:00,0.3036,0.3063,6/8/23 15:48,1.53,RIE,Promote Report Recall
20230807,1773495319895040 ,SA,,,1/1/00 0:00,19.2187,2.3543,6/8/23 15:50,0.54,Non-Auction Ads,Promote
20230807,1773495322482680 ,AE,,,1/1/00 0:00,0,1.4183,6/8/23 15:49,0.54,Non-Auction Ads,Promote
20230807,1773495451366400 ,BR,,,1/1/00 0:00,4.3604,5.7456,6/8/23 15:52,0.54,Non-Auction Ads,Promote
20230807,1773495323021310 ,SA,,,1/1/00 0:00,8.3244,1.0527,6/8/23 15:50,0.54,Non-Auction Ads,Promote
20230807,1773495396118530 ,ES,,,1/1/00 0:00,0.3634,1.2901,6/8/23 15:50,1.53,RIE,Promote Report Recall
20230807,1773495680661550 ,GB,GB,,1/1/00 0:00,573.3263,105.6343,6/8/23 16:35,1.76,Auction Ads,auction_relation
20230807,1773495680661550 ,US,USCA,,1/1/00 0:00,573.3263,105.6343,6/8/23 16:35,1.78,Auction Ads,auction_relation
20230807,1773495404363770 ,PH,,,1/1/00 0:00,14.0788,2.3363,6/8/23 15:50,0.54,Non-Auction Ads,Promote
20230807,1773495312388100 ,BR,,,1/1/00 0:00,6.6071,2.5181,6/8/23 15:51,0.54,Non-Auction Ads,Promote
20230807,1773495861273600 ,AE,,,1/1/00 0:00,37.0904,12.4543,6/8/23 15:58,0.54,Non-Auction Ads,Promote
20230807,1773495671700480 ,SA,,,1/1/00 0:00,24.4192,6.3444,6/8/23 15:55,0.54,Non-Auction Ads,Promote
20230807,1773504196160560 ,EG,MENA,,1/1/00 0:00,1.2,0.4065,6/8/23 15:50,1.78,Auction Ads,auction_relation
20230807,1773495344179200 ,VN,,,1/1/00 0:00,1.0096,0.5045,6/8/23 15:50,1.53,RIE,Promote Report Recall
20230807,1773492351838200 ,DE,DE,,1/1/00 0:00,9.7777,11.4843,6/8/23 15:58,1.6,RIE,Ad Group Recall (Merged)
20230807,1773495414777850 ,PH,,,1/1/00 0:00,16.3787,1.4187,6/8/23 15:51,0.54,Non-Auction Ads,Promote
20230807,1773495395245050 ,TR,,,1/1/00 0:00,9.8687,2.8067,6/8/23 15:54,1.53,RIE,Promote Report Recall
20230807,1773492301979660 ,US,US&CA,,1/1/00 0:00,5.45,7.9171,6/8/23 15:57,1.81,RIE,Ad Group Recall (Merged)
20230807,1773495430795260 ,QA,,,1/1/00 0:00,4.0387,1.0508,6/8/23 15:52,0.54,Non-Auction Ads,Promote
20230807,1773495628973060 ,ES,,,1/1/00 0:00,2.2236,2.2681,6/8/23 15:55,1.53,RIE,Promote Report Recall
20230807,1773495814394880 ,FR,,,1/1/00 0:00,29.5682,5.1064,6/8/23 15:57,0.54,Non-Auction Ads,Promote
20230807,1773495446999040 ,MY,,,1/1/00 0:00,2.5753,0.5621,6/8/23 15:53,1.53,RIE,Promote Report Recall
20230807,1773495727602690 ,IT,,,1/1/00 0:00,18.0759,3.8381,6/8/23 15:56,0.54,Non-Auction Ads,Promote
20230807,1773495671507970 ,BR,,,1/1/00 0:00,0.2278,0.5467,6/8/23 15:54,1.53,RIE,Promote Report Recall
20230807,1773495575672830 ,VN,,,1/1/00 0:00,3.0601,0.585,6/8/23 15:56,1.53,RIE,Promote Report Recall
20230807,1773496005051390 ,AE,,,1/1/00 0:00,24.4408,8.3641,6/8/23 15:59,0.54,Non-Auction Ads,Promote
20230807,1773495918363640 ,SA,,,1/1/00 0:00,13.573,4.7867,6/8/23 15:58,0.54,Non-Auction Ads,Promote
20230807,1773495904585720 ,NO,Others,,1/1/00 0:00,0,1.3866,6/8/23 15:56,1.56,Auction Ads,auction_all
20230807,1773495261573120 ,BR,,,1/1/00 0:00,10.27,4.8691,6/8/23 15:58,0.54,Non-Auction Ads,Promote
20230807,1773496081091600 ,VN,VN,,1/1/00 0:00,0.12,1.6283,6/8/23 15:57,2.14,Auction Ads,auction_relation
20230807,1773495767459840 ,JP,,,1/1/00 0:00,7.8358,1.5731,6/8/23 15:57,1.53,RIE,Promote Report Recall
20230807,1773495773006850 ,ID,,,1/1/00 0:00,20.3659,1.8159,6/8/23 15:57,0.54,Non-Auction Ads,Promote
20230807,1773496051221550 ,KR,KR,,1/1/00 0:00,51.2,4.4144,6/8/23 15:59,2.18,RIE,Ad Group Recall (Merged)
20230807,1773495854645250 ,TR,,,1/1/00 0:00,5.0584,0.8035,6/8/23 15:57,0.54,Non-Auction Ads,Promote
20230807,1773496045283320 ,KW,,,1/1/00 0:00,98.4698,30.8096,6/8/23 16:01,0.54,Non-Auction Ads,Promote
20230807,1773495976898590 ,KW,Others,,1/1/00 0:00,1.539,2.662,6/8/23 15:59,1.56,Auction Ads,auction_all
20230807,1773495854681090 ,ES,,,1/1/00 0:00,1.1667,1.026,6/8/23 15:58,1.53,RIE,Promote Report Recall
20230807,1773495911552000 ,IL,,,1/1/00 0:00,14.0847,1.4892,6/8/23 15:59,0.54,Non-Auction Ads,Promote
20230807,1773291123425310 ,SG,Other,,1/1/00 0:00,729.9,10.9809,6/8/23 16:00,1.62,RIE,Ad Group Recall (Merged)
20230807,1773483627086890 ,NO,Others,,1/1/00 0:00,0,5.5097,6/8/23 16:00,1.56,Auction Ads,auction_all
20230807,1773483627086890 ,IE,IE,,1/1/00 0:00,0,5.5097,6/8/23 16:00,1.52,Auction Ads,auction_relation
20230807,1773491774594060 ,IT,IT,,1/1/00 0:00,20.55,5.2861,6/8/23 16:00,1.79,RIE,Ad Group Recall (Merged)
20230807,1773491699647490 ,NZ,Other,,1/1/00 0:00,1.23,5.2861,6/8/23 16:00,1.62,RIE,Ad Group Recall (Merged)
20230807,1773491699647490 ,IT,IT,,1/1/00 0:00,1.23,5.2861,6/8/23 16:00,1.79,RIE,Ad Group Recall (Merged)
20230807,1773491742130170 ,FR,FR,,1/1/00 0:00,1.12,5.2861,6/8/23 16:00,1.76,RIE,Ad Group Recall (Merged)
20230807,1773491769504810 ,IT,IT,,1/1/00 0:00,1.04,5.2861,6/8/23 16:00,1.79,RIE,Ad Group Recall (Merged)
20230807,1773491774594060 ,IE,IE,,1/1/00 0:00,20.55,5.2861,6/8/23 16:00,1.52,Auction Ads,auction_relation
20230807,1773491769504810 ,NZ,Other,,1/1/00 0:00,1.04,5.2861,6/8/23 16:00,1.62,RIE,Ad Group Recall (Merged)
20230807,1773491742130170 ,IT,IT,,1/1/00 0:00,1.12,5.2861,6/8/23 16:00,1.79,RIE,Ad Group Recall (Merged)
20230807,1773491774594060 ,FR,FR,,1/1/00 0:00,20.55,5.2861,6/8/23 16:00,1.76,RIE,Ad Group Recall (Merged)
20230807,1773491699647490 ,FR,FR,,1/1/00 0:00,1.23,5.2861,6/8/23 16:00,1.76,RIE,Ad Group Recall (Merged)
20230807,1773491742130170 ,NZ,Other,,1/1/00 0:00,1.12,5.2861,6/8/23 16:00,1.62,RIE,Ad Group Recall (Merged)
20230807,1773491769504810 ,FR,FR,,1/1/00 0:00,1.04,5.2861,6/8/23 16:00,1.76,RIE,Ad Group Recall (Merged)
20230807,1773492640826380 ,US,US&CA,,1/1/00 0:00,68.84,24.9913,6/8/23 16:05,1.81,RIE,Ad Group Recall (Merged)
20230807,1773496268813330 ,ZA,ZA,,1/1/00 0:00,9.93,12.1533,6/8/23 16:00,1.4,Auction Ads,auction_relation
20230807,1773496268813330 ,AE,MENA,,1/1/00 0:00,9.93,12.1533,6/8/23 16:00,1.78,Auction Ads,auction_relation
20230807,1773496268813330 ,TW,TW,,1/1/00 0:00,9.93,12.1533,6/8/23 16:00,0.95,Auction Ads,auction_relation
20230807,1773496268813330 ,TH,TH,,1/1/00 0:00,9.93,12.1533,6/8/23 16:00,1.64,Auction Ads,auction_relation
20230807,1773496268813330 ,GR,GR,,1/1/00 0:00,9.93,12.1533,6/8/23 16:00,2.11,Auction Ads,auction_relation
20230807,1773496268813330 ,PT,PT,,1/1/00 0:00,9.93,12.1533,6/8/23 16:00,1.98,Auction Ads,auction_relation
20230807,1773496268813330 ,FR,FR,,1/1/00 0:00,9.93,12.1533,6/8/23 16:00,1.97,Auction Ads,auction_relation
20230807,1773496268813330 ,PK,PK,,1/1/00 0:00,9.93,12.1533,6/8/23 16:00,1.36,Auction Ads,auction_relation
20230807,1773496268813330 ,DE,DE,,1/1/00 0:00,9.93,12.1533,6/8/23 16:00,1.01,Auction Ads,auction_relation
20230807,1773496268813330 ,RO,RO,,1/1/00 0:00,9.93,12.1533,6/8/23 16:00,1.94,Auction Ads,auction_relation
20230807,1773496268813330 ,MA,MA,,1/1/00 0:00,9.93,12.1533,6/8/23 16:00,1.51,Auction Ads,auction_relation
20230807,1773496268813330 ,PL,PL,,1/1/00 0:00,9.93,12.1533,6/8/23 16:00,1.64,Auction Ads,auction_relation
20230807,1773496268813330 ,FI,Others,,1/1/00 0:00,9.93,12.1533,6/8/23 16:00,1.56,Auction Ads,auction_all
20230807,1773496268813330 ,IL,IL,,1/1/00 0:00,9.93,12.1533,6/8/23 16:00,1.52,Auction Ads,auction_relation
20230807,1773496268813330 ,SE,SE,,1/1/00 0:00,9.93,12.1533,6/8/23 16:00,1.4,Auction Ads,auction_relation
20230807,1773496268813330 ,ES,ES,,1/1/00 0:00,9.93,12.1533,6/8/23 16:00,1.37,Auction Ads,auction_relation
20230807,1773495973039100 ,AE,,,1/1/00 0:00,49.4185,12.4543,6/8/23 16:00,0.54,Non-Auction Ads,Promote
20230807,1773496136750090 ,VN,VN,,1/1/00 0:00,7.76,4.1853,6/8/23 16:00,2.14,Auction Ads,auction_relation
20230807,1773474610210860 ,IE,IE,,1/1/00 0:00,0,2.4968,6/8/23 16:00,1.52,Auction Ads,auction_relation
20230807,1773477944951800 ,IE,IE,,1/1/00 0:00,3.43,2.1696,6/8/23 16:00,1.52,Auction Ads,auction_relation
20230807,1773477942295580 ,IE,IE,,1/1/00 0:00,4.4,2.1696,6/8/23 16:00,1.52,Auction Ads,auction_relation
20230807,1773485500947500 ,VN,VN,,1/1/00 0:00,6.59,1.5516,6/8/23 16:00,2.14,Auction Ads,auction_relation
20230807,1773483428465660 ,VN,VN,,1/1/00 0:00,,0.8995,6/8/23 16:00,2.14,Auction Ads,auction_relation
20230807,1773496101188610 ,VN,VN,,1/1/00 0:00,,2.0264,6/8/23 16:00,2.14,Auction Ads,auction_relation
20230807,1773295704199180 ,MY,MY,,1/1/00 0:00,239.8617,0,6/8/23 16:00,1.43,Non-Auction Ads,R&F
20230807,1773496152810490 ,AE,,,1/1/00 0:00,56.0997,12.4543,6/8/23 16:02,0.54,Non-Auction Ads,Promote
20230807,1773496318595070 ,QA,,,1/1/00 0:00,5.3209,16.9226,6/8/23 16:06,0.54,Non-Auction Ads,Promote
20230807,1773496010461180 ,SA,,,1/1/00 0:00,30.2226,5.8141,6/8/23 16:01,0.54,Non-Auction Ads,Promote
20230807,1773496038889470 ,TR,,,1/1/00 0:00,3.3864,3.0199,6/8/23 16:00,0.54,Non-Auction Ads,Promote
20230807,1773496053990400 ,ID,,,1/1/00 0:00,50.8303,1.692,6/8/23 16:00,0.54,Non-Auction Ads,Promote
20230807,1773487552227360 ,SA,MENA,,1/1/00 0:00,3.4041,2.352,6/8/23 16:00,1.78,Auction Ads,auction_relation
20230807,1773489339159550 ,SA,MENA,,1/1/00 0:00,3.3191,2.352,6/8/23 16:00,1.78,Auction Ads,auction_relation
20230807,1773496106648580 ,GB,,,1/1/00 0:00,4.0929,4.353,6/8/23 16:01,1.53,RIE,Promote Report Recall
20230807,1773496452899840 ,KW,,,1/1/00 0:00,33.8675,14.7161,6/8/23 16:08,0.54,Non-Auction Ads,Promote
20230807,1773488930001920 ,MY,MY,,1/1/00 0:00,36.2021,1.3326,6/8/23 16:01,2.31,Auction Ads,auction_relation
20230807,1773488930001920 ,SG,SG,,1/1/00 0:00,36.2021,1.3326,6/8/23 16:01,1.94,Auction Ads,auction_relation
20230807,1773495974637570 ,CZ,,,1/1/00 0:00,3.0337,2.185,6/8/23 16:01,1.53,RIE,Promote Report Recall
20230807,1773495729392640 ,BR,,,1/1/00 0:00,10.3251,4.6007,6/8/23 16:02,0.54,Non-Auction Ads,Promote
20230807,1773495836419070 ,VN,,,1/1/00 0:00,2.6893,0.6797,6/8/23 16:01,1.53,RIE,Promote Report Recall
20230807,1773496529584120 ,NZ,Other,,1/1/00 0:00,2.22,4.7103,6/8/23 16:03,1.62,RIE,Ad Group Recall (Merged)
20230807,1773496919735300 ,US,,,1/1/00 0:00,73.2,26.1731,6/8/23 16:15,0.54,Non-Auction Ads,Promote
20230807,1773496124067840 ,GR,,,1/1/00 0:00,7.5732,1.3206,6/8/23 16:01,0.54,Non-Auction Ads,Promote
20230807,1773496827184120 ,AE,,,1/1/00 0:00,33.0529,22.9466,6/8/23 16:15,0.54,Non-Auction Ads,Promote
20230807,1773496092380180 ,BR,,,1/1/00 0:00,8.8417,1.824,6/8/23 16:02,0.54,Non-Auction Ads,Promote
20230807,1773496199630840 ,TR,,,1/1/00 0:00,4.457,4.1439,6/8/23 16:05,0.54,Non-Auction Ads,Promote
20230807,1773496138230800 ,BR,,,1/1/00 0:00,11.6017,1.8321,6/8/23 16:03,0.54,Non-Auction Ads,Promote
20230807,1773496047512570 ,MY,,,1/1/00 0:00,12.5405,0.6439,6/8/23 16:02,0.54,Non-Auction Ads,Promote
20230807,1773496295591940 ,HU,,,1/1/00 0:00,22.1013,3.34,6/8/23 16:05,0.54,Non-Auction Ads,Promote
20230807,1773496187817980 ,MY,,,1/1/00 0:00,17.5257,1.1892,6/8/23 16:03,1.53,RIE,Promote Report Recall
20230807,1773496209461250 ,FR,,,1/1/00 0:00,2.4656,1.109,6/8/23 16:04,1.53,RIE,Promote Report Recall
20230807,1773496226092030 ,MY,,,1/1/00 0:00,12.8627,0.6439,6/8/23 16:04,0.54,Non-Auction Ads,Promote
20230807,1773447785878540 ,IE,IE,,1/1/00 0:00,10.51,4.7064,6/8/23 16:06,1.52,Auction Ads,auction_relation
20230807,1773496355501050 ,VN,,,1/1/00 0:00,0.905,0.4409,6/8/23 16:05,1.53,RIE,Promote Report Recall
20230807,1773496458046510 ,VN,VN,,1/1/00 0:00,,1.7833,6/8/23 16:06,2.14,Auction Ads,auction_relation
20230807,1773496253956090 ,TR,,,1/1/00 0:00,2.7576,1.604,6/8/23 16:06,0.54,Non-Auction Ads,Promote
20230807,1773496928713770 ,IQ,Other,,1/1/00 0:00,52.62,15.7054,6/8/23 16:15,1.62,RIE,Ad Group Recall (Merged)
20230807,1773496269579270 ,BR,,,1/1/00 0:00,11.3475,1.6846,6/8/23 16:06,0.54,Non-Auction Ads,Promote
20230807,1773496779388930 ,NL,,,1/1/00 0:00,28.7708,12.4757,6/8/23 16:14,0.54,Non-Auction Ads,Promote
20230807,1773496974668800 ,AE,,,1/1/00 0:00,72.0162,18.2348,6/8/23 16:16,0.54,Non-Auction Ads,Promote
20230807,1773493017609230 ,EG,MENA,,1/1/00 0:00,19.2362,3.4045,6/8/23 16:08,1.67,RIE,Ad Group Recall (Merged)
20230807,1773480974588960 ,US,,,1/1/00 0:00,5.88,2.7243,6/8/23 16:08,1.53,RIE,Promote Report Recall
20230807,1773496593110060 ,VN,VN,,1/1/00 0:00,,1.1331,6/8/23 16:07,2.14,Auction Ads,auction_relation
20230807,1773496494244870 ,CZ,,,1/1/00 0:00,6.3793,5.2287,6/8/23 16:09,0.54,Non-Auction Ads,Promote
20230807,1773496454424570 ,VN,,,1/1/00 0:00,2.162,1.2943,6/8/23 16:08,1.53,RIE,Promote Report Recall
20230807,1773496533417980 ,PH,,,1/1/00 0:00,163.1704,3.4245,6/8/23 16:09,0.54,Non-Auction Ads,Promote
20230807,1773496655766570 ,VN,VN,,1/1/00 0:00,0.5863,1.2667,6/8/23 16:08,2.14,Auction Ads,auction_relation
20230807,1773496655766570 ,VN,VN,,1/1/00 0:00,0.5863,1.2667,6/8/23 16:08,2.14,Auction Ads,auction_relation
20230807,1773496533770240 ,SA,,,1/1/00 0:00,11.0407,1.832,6/8/23 16:09,0.54,Non-Auction Ads,Promote
20230807,1773496632441850 ,SA,,,1/1/00 0:00,15.6283,2.9284,6/8/23 16:10,0.54,Non-Auction Ads,Promote
20230807,1773496587053050 ,VN,,,1/1/00 0:00,14.5257,1.2088,6/8/23 16:09,0.54,Non-Auction Ads,Promote
20230807,1773496729825280 ,SA,,,1/1/00 0:00,26.7276,7.7455,6/8/23 16:13,0.54,Non-Auction Ads,Promote
20230807,1773496585849850 ,IL,,,1/1/00 0:00,28.1173,4.5685,6/8/23 16:11,0.54,Non-Auction Ads,Promote
20230807,1773496660998140 ,SA,,,1/1/00 0:00,468.7048,3.6156,6/8/23 16:10,0.54,Non-Auction Ads,Promote
20230807,1773496886742020 ,US,,,1/1/00 0:00,11.94,9.87,6/8/23 16:15,1.53,RIE,Promote Report Recall
20230807,1773498286510080 ,VN,VN,,1/1/00 0:00,,2.57,6/8/23 16:10,2.14,Auction Ads,auction_relation
20230807,1773496284352510 ,MY,,,1/1/00 0:00,10.6764,1.7586,6/8/23 16:10,0.54,Non-Auction Ads,Promote
20230807,1773496548912120 ,ID,,,1/1/00 0:00,9.3936,1.0767,6/8/23 16:10,0.54,Non-Auction Ads,Promote
20230807,1773496637125630 ,TR,,,1/1/00 0:00,0.6043,0.1812,6/8/23 16:10,1.53,RIE,Promote Report Recall
20230807,1773497274265600 ,US,,,1/1/00 0:00,75.56,23.4322,6/8/23 16:22,0.54,Non-Auction Ads,Promote
20230807,1773496621773820 ,TR,,,1/1/00 0:00,0.9954,3.4493,6/8/23 16:13,0.54,Non-Auction Ads,Promote
20230807,1773496496812030 ,TR,,,1/1/00 0:00,0.7058,0.4039,6/8/23 16:11,1.53,RIE,Promote Report Recall
20230807,1773496610263040 ,KH,,,1/1/00 0:00,7.7525,1.1398,6/8/23 16:11,0.54,Non-Auction Ads,Promote
20230807,1773496686793720 ,PH,,,1/1/00 0:00,15.7538,0.2888,6/8/23 16:11,0.54,Non-Auction Ads,Promote
20230807,1773496871339000 ,SA,,,1/1/00 0:00,9.7484,3.5736,6/8/23 16:14,0.54,Non-Auction Ads,Promote
20230807,1773496834279420 ,TR,,,1/1/00 0:00,6.9245,0.4942,6/8/23 16:13,0.54,Non-Auction Ads,Promote
20230807,1773496876698630 ,BR,,,1/1/00 0:00,4.1366,8.1399,6/8/23 16:17,0.54,Non-Auction Ads,Promote
20230807,1773497027238930 ,BR,BR,,1/1/00 0:00,0,0.2814,6/8/23 16:14,1.7,RIE,Ad Group Recall (Merged)
20230807,1773497027248170 ,BR,BR,,1/1/00 0:00,0,0.2814,6/8/23 16:14,1.7,RIE,Ad Group Recall (Merged)
20230807,1773497029146670 ,BR,BR,,1/1/00 0:00,0,0.2814,6/8/23 16:14,1.7,RIE,Ad Group Recall (Merged)
20230807,1773497029137420 ,BR,BR,,1/1/00 0:00,0,0.2814,6/8/23 16:14,1.7,RIE,Ad Group Recall (Merged)
20230807,1773497009318910 ,PH,,,1/1/00 0:00,163.1009,3.4245,6/8/23 16:16,0.54,Non-Auction Ads,Promote
20230807,1773497337827370 ,IQ,Other,,1/1/00 0:00,11.41,5.6942,6/8/23 16:17,1.62,RIE,Ad Group Recall (Merged)
20230807,1773497337827370 ,IQ,Others,,1/1/00 0:00,11.41,5.6942,6/8/23 16:17,1.56,Auction Ads,auction_all
20230807,1773497029155850 ,VN,VN,,1/1/00 0:00,0.0304,1.2667,6/8/23 16:15,2.14,Auction Ads,auction_relation
20230807,1773497029155850 ,VN,VN,,1/1/00 0:00,0.0304,1.2667,6/8/23 16:15,2.14,Auction Ads,auction_relation
20230807,1773496958679040 ,BR,,,1/1/00 0:00,3.5313,2.4838,6/8/23 16:16,0.54,Non-Auction Ads,Promote
20230807,1773496956385280 ,PH,,,1/1/00 0:00,0.921,0.1905,6/8/23 16:15,1.53,RIE,Promote Report Recall
20230807,1773497339170820 ,BR,,,1/1/00 0:00,5.3596,11.6651,6/8/23 16:21,0.54,Non-Auction Ads,Promote
20230807,1773497035386930 ,GR,,,1/1/00 0:00,18.545,5.4761,6/8/23 16:17,0.54,Non-Auction Ads,Promote
20230807,1773496908096510 ,TR,,,1/1/00 0:00,2.472,1.2997,6/8/23 16:16,1.53,RIE,Promote Report Recall
20230807,1773503665341450 ,BR,BR,,1/1/00 0:00,65.14,212.1225,6/8/23 18:01,1.7,RIE,Ad Group Recall (Merged)
20230807,1773497040975890 ,EG,,,1/1/00 0:00,0.255,0.0659,6/8/23 16:16,1.53,RIE,Promote Report Recall
20230807,1773496907099140 ,BR,,,1/1/00 0:00,4.9309,7.2271,6/8/23 16:19,0.54,Non-Auction Ads,Promote
20230807,1773496971512830 ,SA,,,1/1/00 0:00,6.8718,3.0094,6/8/23 16:17,0.54,Non-Auction Ads,Promote
20230807,1773496994432070 ,GR,,,1/1/00 0:00,4.1289,2.4969,6/8/23 16:17,0.54,Non-Auction Ads,Promote
20230807,1773497125073920 ,SA,,,1/1/00 0:00,14.0502,5.1922,6/8/23 16:18,0.54,Non-Auction Ads,Promote
20230807,1773497076498430 ,KW,,,1/1/00 0:00,18.3093,3.319,6/8/23 16:17,0.54,Non-Auction Ads,Promote
20230807,1773497297382430 ,VN,VN,,1/1/00 0:00,,0.4721,6/8/23 16:17,2.14,Auction Ads,auction_relation
20230807,1773493555511310 ,BH,Others,,1/1/00 0:00,0.01,5.6902,6/8/23 16:19,1.56,Auction Ads,auction_all
20230807,1773493555511310 ,BH,Other,,1/1/00 0:00,0.01,5.6902,6/8/23 16:19,1.62,RIE,Ad Group Recall (Merged)
20230807,1773497097786360 ,ID,,,1/1/00 0:00,17.8448,1.4016,6/8/23 16:17,0.54,Non-Auction Ads,Promote
20230807,1773497031726090 ,AE,MENA,,1/1/00 0:00,22.024,7.0226,6/8/23 16:20,1.78,Auction Ads,auction_relation
20230807,1773497191811070 ,SA,,,1/1/00 0:00,9.0177,6.1129,6/8/23 16:19,0.54,Non-Auction Ads,Promote
20230807,1773497114875900 ,ID,,,1/1/00 0:00,18.8387,1.4016,6/8/23 16:17,0.54,Non-Auction Ads,Promote
20230807,1773497576364030 ,KW,,,1/1/00 0:00,89.9145,13.3228,6/8/23 16:24,0.54,Non-Auction Ads,Promote
20230807,1773497060321280 ,KW,,,1/1/00 0:00,16.868,1.7067,6/8/23 16:18,0.54,Non-Auction Ads,Promote
20230807,1773497170686970 ,SA,,,1/1/00 0:00,22.2977,3.7662,6/8/23 16:19,0.54,Non-Auction Ads,Promote
20230807,1773291130466330 ,VN,VN,,1/1/00 0:00,126.1372,92.545,6/8/23 17:00,2.32,Non-Auction Ads,R&F
20230807,1771852298414080 ,VN,VN,,1/1/00 0:00,408.2306,92.545,6/8/23 17:00,2.32,Non-Auction Ads,R&F
20230807,1770552673429530 ,VN,VN,,1/1/00 0:00,398.6021,92.545,6/8/23 17:00,2.32,Non-Auction Ads,R&F
20230807,1773497630270460 ,QA,,,1/1/00 0:00,84.9868,13.3228,6/8/23 16:25,0.54,Non-Auction Ads,Promote
20230807,1773497432205350 ,DE,,,1/1/00 0:00,58.7156,7.833,6/8/23 16:23,0.54,Non-Auction Ads,Promote
20230807,1773497084664830 ,TR,,,1/1/00 0:00,2.6224,0.5702,6/8/23 16:18,0.54,Non-Auction Ads,Promote
20230807,1773498281486340 ,US,,,1/1/00 0:00,60.16,35.26,6/8/23 16:37,0.54,Non-Auction Ads,Promote
20230807,1773496988633090 ,GR,,,1/1/00 0:00,6.2291,2.2022,6/8/23 16:19,0.54,Non-Auction Ads,Promote
20230807,1773497217438720 ,EG,,,1/1/00 0:00,8.0305,6.2796,6/8/23 16:22,1.53,RIE,Promote Report Recall
20230807,1773497167254520 ,SA,,,1/1/00 0:00,15.8524,7.8396,6/8/23 16:23,0.54,Non-Auction Ads,Promote
20230807,1773497406914590 ,TH,TH,,1/1/00 0:00,28.409,2.7407,6/8/23 16:21,1.64,Auction Ads,auction_relation
20230807,1773330538560560 ,US,USCA,,1/1/00 0:00,539.28,201.1521,6/8/23 18:00,1.78,Auction Ads,auction_relation
20230807,1773330142286840 ,US,USCA,,1/1/00 0:00,468.68,201.1521,6/8/23 18:00,1.78,Auction Ads,auction_relation
20230807,1773497171363840 ,EG,,,1/1/00 0:00,0.2133,0.2713,6/8/23 16:19,1.53,RIE,Promote Report Recall
20230807,1773329638791180 ,US,USCA,,1/1/00 0:00,437.32,201.1521,6/8/23 18:00,1.78,Auction Ads,auction_relation
20230807,1773493896729600 ,EG,,,1/1/00 0:00,8.314,2.2095,6/8/23 16:21,0.54,Non-Auction Ads,Promote
20230807,1773497508878330 ,SA,,,1/1/00 0:00,45.2346,8.2329,6/8/23 16:25,0.54,Non-Auction Ads,Promote
20230807,1773497214954490 ,ID,,,1/1/00 0:00,11.5134,0.5525,6/8/23 16:21,0.54,Non-Auction Ads,Promote
20230807,1773497340430330 ,MY,,,1/1/00 0:00,9.6158,1.3649,6/8/23 16:22,0.54,Non-Auction Ads,Promote
20230807,1773497473572870 ,US,,,1/1/00 0:00,12.26,5.5961,6/8/23 16:24,1.53,RIE,Promote Report Recall
20230807,1773497417313280 ,SA,,,1/1/00 0:00,13.4453,3.0522,6/8/23 16:23,0.54,Non-Auction Ads,Promote
20230807,1773497763076100 ,IT,,,1/1/00 0:00,19.2084,11.7267,6/8/23 16:29,0.54,Non-Auction Ads,Promote
20230807,1773497935992850 ,VN,VN,,1/1/00 0:00,0.13,0.472,6/8/23 16:22,2.14,Auction Ads,auction_relation
20230807,1773497410954240 ,FI,,,1/1/00 0:00,26.9646,1.8565,6/8/23 16:23,0.54,Non-Auction Ads,Promote
20230807,1773497641027580 ,TH,,,1/1/00 0:00,103.9632,7.3251,6/8/23 16:26,0.54,Non-Auction Ads,Promote
20230807,1773497536585720 ,SA,,,1/1/00 0:00,14.599,5.1922,6/8/23 16:25,0.54,Non-Auction Ads,Promote
20230807,1773497484136450 ,RO,,,1/1/00 0:00,9.8966,0.6378,6/8/23 16:23,0.54,Non-Auction Ads,Promote
20230807,1773497493610490 ,PH,,,1/1/00 0:00,4.9086,0.8888,6/8/23 16:23,0.54,Non-Auction Ads,Promote
20230807,1773497463389180 ,TR,,,1/1/00 0:00,11.4726,1.1573,6/8/23 16:24,0.54,Non-Auction Ads,Promote
20230807,1773498238343170 ,DE,,,1/1/00 0:00,37.0635,23.4864,6/8/23 16:36,0.54,Non-Auction Ads,Promote
20230807,1773497632458750 ,FR,,,1/1/00 0:00,5.7996,4.2831,6/8/23 16:27,1.53,RIE,Promote Report Recall
20230807,1773497579648000 ,AE,,,1/1/00 0:00,9.2784,1.9383,6/8/23 16:25,1.53,RIE,Promote Report Recall
20230807,1773497670096900 ,US,,,1/1/00 0:00,4.61,3.8083,6/8/23 16:27,1.53,RIE,Promote Report Recall
20230807,1773497656157180 ,SA,,,1/1/00 0:00,11.1688,1.601,6/8/23 16:26,0.54,Non-Auction Ads,Promote
20230807,1773497908724780 ,VN,VN,,1/1/00 0:00,,2.27,6/8/23 16:26,2.14,Auction Ads,auction_relation
20230807,1773504974701610 ,SA,MENA,,1/1/00 0:00,4.4063,3.3798,6/8/23 16:28,1.78,Auction Ads,auction_relation
20230807,1773386573394960 ,IE,IE,,1/1/00 0:00,0.01,5.2059,6/8/23 16:30,1.52,Auction Ads,auction_relation
20230807,1773497559133220 ,BR,,,1/1/00 0:00,1.3481,1.6427,6/8/23 16:28,1.53,RIE,Promote Report Recall
20230807,1773497885710380 ,BR,BR,,1/1/00 0:00,15.42,5.1,6/8/23 16:30,1.7,RIE,Ad Group Recall (Merged)
20230807,1773497932807170 ,BR,,,1/1/00 0:00,10.5533,6.4822,6/8/23 16:31,0.54,Non-Auction Ads,Promote
20230807,1773498070191150 ,KR,KR,,1/1/00 0:00,0.24,3.5091,6/8/23 16:30,2.37,Auction Ads,auction_relation
20230807,1773497824925690 ,JP,,,1/1/00 0:00,1.7702,0.5034,6/8/23 16:28,1.53,RIE,Promote Report Recall
20230807,1773413914563580 ,SA,,,1/1/00 0:00,3.3241,1.3276,6/8/23 16:29,1.53,RIE,Promote Report Recall
20230807,1773497874977810 ,BR,,,1/1/00 0:00,21.2459,1.8426,6/8/23 16:29,0.54,Non-Auction Ads,Promote
20230807,1773497789422590 ,SA,,,1/1/00 0:00,13.7413,1.1455,6/8/23 16:29,0.54,Non-Auction Ads,Promote
20230807,1773497944695810 ,SA,,,1/1/00 0:00,22.5185,4.9973,6/8/23 16:31,0.54,Non-Auction Ads,Promote
20230807,1773498129255420 ,SA,,,1/1/00 0:00,23.3426,15.6391,6/8/23 16:36,0.54,Non-Auction Ads,Promote
20230807,1773497898290190 ,FR,,,1/1/00 0:00,6.196,1.3317,6/8/23 16:31,1.53,RIE,Promote Report Recall
20230807,1773498066568190 ,IL,,,1/1/00 0:00,15.9499,3.5158,6/8/23 16:32,0.54,Non-Auction Ads,Promote
20230807,1773498075281410 ,BE,,,1/1/00 0:00,20.1442,5.5042,6/8/23 16:34,0.54,Non-Auction Ads,Promote
20230807,1773498128847890 ,KR,KR,,1/1/00 0:00,0.2,3.5091,6/8/23 16:33,2.37,Auction Ads,auction_relation
20230807,1773498128857130 ,KR,KR,,1/1/00 0:00,0.4,3.5091,6/8/23 16:33,2.37,Auction Ads,auction_relation
20230807,1773498067472430 ,VN,VN,,1/1/00 0:00,,0.472,6/8/23 16:31,2.14,Auction Ads,auction_relation
20230807,1773498027871230 ,VN,VN,,1/1/00 0:00,0.22,0.472,6/8/23 16:31,2.14,Auction Ads,auction_relation
20230807,1773498027851770 ,VN,VN,,1/1/00 0:00,0.24,0.472,6/8/23 16:31,2.14,Auction Ads,auction_relation
20230807,1773498070432770 ,RO,,,1/1/00 0:00,25.6941,3.9332,6/8/23 16:34,0.54,Non-Auction Ads,Promote
20230807,1773497971165180 ,TR,,,1/1/00 0:00,1.4336,0.4875,6/8/23 16:32,1.53,RIE,Promote Report Recall
20230807,1773498151130130 ,BR,,,1/1/00 0:00,7.5962,3.3966,6/8/23 16:34,0.54,Non-Auction Ads,Promote
20230807,1773498126898180 ,FR,,,1/1/00 0:00,10.3145,2.0744,6/8/23 16:33,1.53,RIE,Promote Report Recall
20230807,1773498099435520 ,IL,,,1/1/00 0:00,33.81,5.7175,6/8/23 16:34,0.54,Non-Auction Ads,Promote
20230807,1773498159052800 ,TR,,,1/1/00 0:00,3.8397,2.9693,6/8/23 16:34,0.54,Non-Auction Ads,Promote
20230807,1773498124459010 ,IT,,,1/1/00 0:00,1.673,0.6813,6/8/23 16:33,1.53,RIE,Promote Report Recall
20230807,1773476369508430 ,VN,VN,,1/1/00 0:00,349.01,66.934,6/8/23 17:00,2.32,Non-Auction Ads,R&F
20230807,1773477681829900 ,VN,VN,,1/1/00 0:00,62.52,66.934,6/8/23 17:00,2.32,Non-Auction Ads,R&F
20230807,1773498118389760 ,QA,,,1/1/00 0:00,8.8521,3.5755,6/8/23 16:35,0.54,Non-Auction Ads,Promote
20230807,1773498164285440 ,SA,,,1/1/00 0:00,17.4861,3.9942,6/8/23 16:35,0.54,Non-Auction Ads,Promote
20230807,1773498071232510 ,AE,,,1/1/00 0:00,51.6,3.3586,6/8/23 16:35,0.54,Non-Auction Ads,Promote
20230807,1773498008116220 ,SA,,,1/1/00 0:00,1.5515,0.3846,6/8/23 16:34,1.53,RIE,Promote Report Recall
20230807,1773498111115260 ,VN,,,1/1/00 0:00,0.525,0.1682,6/8/23 16:34,1.53,RIE,Promote Report Recall
20230807,1773498189154370 ,HU,,,1/1/00 0:00,15.3967,0.918,6/8/23 16:34,0.54,Non-Auction Ads,Promote
20230807,1773497933722620 ,PH,,,1/1/00 0:00,0.9278,0.1321,6/8/23 16:34,1.53,RIE,Promote Report Recall
20230807,1773498189088770 ,SA,,,1/1/00 0:00,5.7203,1.1901,6/8/23 16:35,0.54,Non-Auction Ads,Promote
20230807,1773498149211170 ,SA,MENA,,1/1/00 0:00,3.1587,11.0184,6/8/23 16:40,1.78,Auction Ads,auction_relation
20230807,1773498360813560 ,VN,VN,,1/1/00 0:00,0.52,1.1881,6/8/23 16:36,2.14,Auction Ads,auction_relation
20230807,1773498353116190 ,VN,VN,,1/1/00 0:00,0.56,1.1881,6/8/23 16:36,2.14,Auction Ads,auction_relation
20230807,1773498367475720 ,VN,VN,,1/1/00 0:00,,1.1881,6/8/23 16:36,2.14,Auction Ads,auction_relation
20230807,1773498360813560 ,VN,VN,,1/1/00 0:00,0.52,1.1881,6/8/23 16:36,2.14,Auction Ads,auction_relation
20230807,1773498313934850 ,GB,,,1/1/00 0:00,1.9895,1.8875,6/8/23 16:36,1.53,RIE,Promote Report Recall
20230807,1773498279368700 ,SA,,,1/1/00 0:00,26.0401,4.4622,6/8/23 16:37,0.54,Non-Auction Ads,Promote
20230807,1773501781785630 ,TW,TW,,1/1/00 0:00,22.99,11.8127,6/8/23 16:42,2.59,RIE,Ad Group Recall (Merged)
20230807,1773498198045690 ,SA,,,1/1/00 0:00,7.6528,1.5801,6/8/23 16:36,0.54,Non-Auction Ads,Promote
20230807,1773500380167170 ,US,,,1/1/00 0:00,152.21,85.0797,6/8/23 17:10,0.54,Non-Auction Ads,Promote
20230807,1773498193095680 ,TR,,,1/1/00 0:00,6.8186,0.653,6/8/23 16:36,0.54,Non-Auction Ads,Promote
20230807,1773498325724160 ,FR,,,1/1/00 0:00,45.6406,3.4044,6/8/23 16:38,0.54,Non-Auction Ads,Promote
20230807,1773498610363390 ,US,,,1/1/00 0:00,30.17,10.03,6/8/23 16:42,1.53,RIE,Promote Report Recall
20230807,1773498276959230 ,VN,,,1/1/00 0:00,0.7202,0.1682,6/8/23 16:37,1.53,RIE,Promote Report Recall
20230807,1773498436376570 ,VN,VN,,1/1/00 0:00,0.6687,0.7925,6/8/23 16:37,2.14,Auction Ads,auction_relation
20230807,1773499083112460 ,VN,VN,,1/1/00 0:00,0.2878,18.8189,6/8/23 16:47,2.14,Auction Ads,auction_relation
20230807,1773498278483960 ,SA,,,1/1/00 0:00,7.5704,1.5801,6/8/23 16:38,0.54,Non-Auction Ads,Promote
20230807,1773498585144360 ,VN,VN,,1/1/00 0:00,2.9601,3.6881,6/8/23 16:40,2.14,Auction Ads,auction_relation
20230807,1773498330970110 ,VN,,,1/1/00 0:00,0.6414,0.1682,6/8/23 16:38,1.53,RIE,Promote Report Recall
20230807,1773498099858460 ,VN,VN,,1/1/00 0:00,1.5263,1.8957,6/8/23 16:39,2.14,Auction Ads,auction_relation
20230807,1773498565568510 ,SA,,,1/1/00 0:00,14.0635,4.0059,6/8/23 16:41,0.54,Non-Auction Ads,Promote
20230807,1773498443587580 ,VN,,,1/1/00 0:00,0.941,0.6243,6/8/23 16:38,0.54,Non-Auction Ads,Promote
20230807,1773498771558450 ,FR,,,1/1/00 0:00,56.4036,10.32,6/8/23 16:45,0.54,Non-Auction Ads,Promote
20230807,1773498362099710 ,VN,,,1/1/00 0:00,0.1993,0.1682,6/8/23 16:38,1.53,RIE,Promote Report Recall
20230807,1773498597107710 ,TR,,,1/1/00 0:00,11.7662,2.1767,6/8/23 16:41,0.54,Non-Auction Ads,Promote
20230807,1773498463116290 ,BE,,,1/1/00 0:00,16.348,3.098,6/8/23 16:41,0.54,Non-Auction Ads,Promote
20230807,1773498833409020 ,SA,,,1/1/00 0:00,36.6328,12.337,6/8/23 16:46,0.54,Non-Auction Ads,Promote
20230807,1773498581556230 ,DE,,,1/1/00 0:00,6.3073,2.4367,6/8/23 16:42,1.53,RIE,Promote Report Recall
20230807,1773499268415490 ,NL,,,1/1/00 0:00,7.8509,22.4021,6/8/23 16:53,0.54,Non-Auction Ads,Promote
20230807,1773498552501250 ,VN,,,1/1/00 0:00,0.1824,0.1682,6/8/23 16:41,1.53,RIE,Promote Report Recall
20230807,1773498609114130 ,ES,,,1/1/00 0:00,6.6157,1.8439,6/8/23 16:42,0.54,Non-Auction Ads,Promote
20230807,1773498647256060 ,MY,,,1/1/00 0:00,33.227,4.8287,6/8/23 16:44,0.54,Non-Auction Ads,Promote
20230807,1773498749157380 ,BR,,,1/1/00 0:00,6.1621,6.1498,6/8/23 16:45,0.54,Non-Auction Ads,Promote
20230807,1773498608088060 ,SA,,,1/1/00 0:00,12.6401,2.8684,6/8/23 16:43,0.54,Non-Auction Ads,Promote
20230807,1773498677199870 ,US,,,1/1/00 0:00,6.72,3.1498,6/8/23 16:43,0.54,Non-Auction Ads,Promote
20230807,1773491901659130 ,ID,,,1/1/00 0:00,0.912,0.274,6/8/23 16:43,1.53,RIE,Promote Report Recall
20230807,1773498640096260 ,CZ,,,1/1/00 0:00,0.1761,1.1011,6/8/23 16:43,1.53,RIE,Promote Report Recall
20230807,1773498684665860 ,ES,,,1/1/00 0:00,8.4408,1.8439,6/8/23 16:43,1.53,RIE,Promote Report Recall
20230807,1773498642944000 ,SG,,,1/1/00 0:00,2.6545,0.2479,6/8/23 16:43,1.53,RIE,Promote Report Recall
20230807,1773500093965320 ,VN,VN,,1/1/00 0:00,239.3481,27.9817,6/8/23 16:57,2.14,Auction Ads,auction_relation
20230807,1773498150370300 ,ID,,,1/1/00 0:00,2.8248,0.4454,6/8/23 16:43,1.53,RIE,Promote Report Recall
20230807,1773499705751570 ,DK,DK,,1/1/00 0:00,19.17,25.8621,6/8/23 16:56,1.31,Auction Ads,auction_relation
20230807,1773499705751570 ,IE,IE,,1/1/00 0:00,19.17,25.8621,6/8/23 16:56,1.52,Auction Ads,auction_relation
20230807,1773499705751570 ,FR,FR,,1/1/00 0:00,19.17,25.8621,6/8/23 16:56,1.97,Auction Ads,auction_relation
20230807,1773499705751570 ,FR,FR,,1/1/00 0:00,19.17,25.8621,6/8/23 16:56,1.97,Auction Ads,auction_relation
20230807,1773499115514920 ,VN,VN,,1/1/00 0:00,12.54,4.219,6/8/23 16:46,2.14,Auction Ads,auction_relation
20230807,1773498940746750 ,KW,,,1/1/00 0:00,40.9071,11.4547,6/8/23 16:49,0.54,Non-Auction Ads,Promote
20230807,1773498848007220 ,ES,,,1/1/00 0:00,12.7225,1.8439,6/8/23 16:45,0.54,Non-Auction Ads,Promote
20230807,1773499450367010 ,NL,,,1/1/00 0:00,21.4946,22.4021,6/8/23 16:55,1.53,RIE,Promote Report Recall
20230807,1773498603807740 ,ID,,,1/1/00 0:00,9.361,0.7946,6/8/23 16:44,0.54,Non-Auction Ads,Promote
20230807,1773478014431280 ,SA,MENA,,1/1/00 0:00,,21.9048,6/8/23 16:56,1.78,Auction Ads,auction_relation
20230807,1773498858644480 ,US,,,1/1/00 0:00,7.44,4.2016,6/8/23 16:46,1.53,RIE,Promote Report Recall
20230807,1773498830146560 ,SA,,,1/1/00 0:00,24.2997,6.5063,6/8/23 16:47,0.54,Non-Auction Ads,Promote
20230807,1773498847429630 ,IL,,,1/1/00 0:00,15.932,3.1012,6/8/23 16:46,0.54,Non-Auction Ads,Promote
20230807,1773498885765120 ,SA,,,1/1/00 0:00,2.8922,1.2433,6/8/23 16:45,0.54,Non-Auction Ads,Promote
20230807,1773495378570290 ,US,US&CA,,1/1/00 0:00,171.9,5.6175,6/8/23 16:48,1.81,RIE,Ad Group Recall (Merged)
20230807,1773498889489410 ,IL,,,1/1/00 0:00,13.2555,1.5542,6/8/23 16:46,0.54,Non-Auction Ads,Promote
20230807,1773498908547070 ,ID,,,1/1/00 0:00,2.1381,0.5733,6/8/23 16:46,1.53,RIE,Promote Report Recall
20230807,1773498843064320 ,PH,,,1/1/00 0:00,34.7954,2.1186,6/8/23 16:47,0.54,Non-Auction Ads,Promote
20230807,1773498807116810 ,VN,VN,,1/1/00 0:00,0.05,0.6414,6/8/23 16:47,2.14,Auction Ads,auction_relation
20230807,1773499176054800 ,VN,VN,,1/1/00 0:00,0.04,0.6414,6/8/23 16:47,2.14,Auction Ads,auction_relation
20230807,1773499017683970 ,ES,,,1/1/00 0:00,12.7224,1.8439,6/8/23 16:47,0.54,Non-Auction Ads,Promote
20230807,1773499238464510 ,IL,,,1/1/00 0:00,53.8465,7.3157,6/8/23 16:51,0.54,Non-Auction Ads,Promote
20230807,1773499012231170 ,VN,,,1/1/00 0:00,6.4959,1.3013,6/8/23 16:48,1.53,RIE,Promote Report Recall
20230807,1773499088892920 ,SA,,,1/1/00 0:00,2.4472,1.6165,6/8/23 16:48,1.53,RIE,Promote Report Recall
20230807,1773498984747000 ,IL,,,1/1/00 0:00,14.1996,2.3803,6/8/23 16:49,0.54,Non-Auction Ads,Promote
20230807,1773499087968250 ,AE,,,1/1/00 0:00,1.5683,1.8096,6/8/23 16:48,1.53,RIE,Promote Report Recall
20230807,1773499177895950 ,KW,Others,,1/1/00 0:00,0.5238,2.662,6/8/23 16:49,1.56,Auction Ads,auction_all
20230807,1773499381564410 ,JP,,,1/1/00 0:00,42.8373,8.3774,6/8/23 16:53,0.54,Non-Auction Ads,Promote
20230807,1773499202765830 ,US,,,1/1/00 0:00,30.16,5.8013,6/8/23 16:51,1.53,RIE,Promote Report Recall
20230807,1773499025140740 ,BR,,,1/1/00 0:00,1.6768,1.1446,6/8/23 16:49,1.53,RIE,Promote Report Recall
20230807,1773474468022320 ,VN,VN,,1/1/00 0:00,39.8284,18.8189,6/8/23 16:59,2.14,Auction Ads,auction_relation
20230807,1773499258349560 ,SA,,,1/1/00 0:00,9.2148,4.5796,6/8/23 16:52,0.54,Non-Auction Ads,Promote
20230807,1773498325403650 ,PL,,,1/1/00 0:00,1.5633,0.3324,6/8/23 16:50,1.53,RIE,Promote Report Recall
20230807,1773498325403650 ,PL,,,1/1/00 0:00,1.5633,0.3324,6/8/23 16:50,1.53,RIE,Promote Report Recall
20230807,1773495757639680 ,IQ,Other,,1/1/00 0:00,43.57,4.3599,6/8/23 16:53,1.62,RIE,Ad Group Recall (Merged)
20230807,1773499732958210 ,SE,,,1/1/00 0:00,26.1791,17.6943,6/8/23 16:59,1.53,RIE,Promote Report Recall
20230807,1773499210483710 ,TR,,,1/1/00 0:00,2.3139,2.9065,6/8/23 16:52,0.54,Non-Auction Ads,Promote
20230807,1773499332304890 ,TR,,,1/1/00 0:00,3.9029,2.9065,6/8/23 16:52,0.54,Non-Auction Ads,Promote
20230807,1773499146174460 ,KH,,,1/1/00 0:00,4.25,0.75,6/8/23 16:51,0.54,Non-Auction Ads,Promote
20230807,1773499174965240 ,IL,,,1/1/00 0:00,1.5732,1.1674,6/8/23 16:51,1.53,RIE,Promote Report Recall
20230807,1773499618391070 ,US,,,1/1/00 0:00,62.27,14.3885,6/8/23 16:58,0.54,Non-Auction Ads,Promote
20230807,1773499572867100 ,NL,,,1/1/00 0:00,18.2893,12.0525,6/8/23 16:57,0.54,Non-Auction Ads,Promote
20230807,1773540860281880 ,GB,GB,,1/1/00 0:00,1.73,5.8865,6/8/23 16:54,1.76,Auction Ads,auction_relation
20230807,1773499412572160 ,IL,,,1/1/00 0:00,16.5641,6.0137,6/8/23 16:55,0.54,Non-Auction Ads,Promote
20230807,1773500026974250 ,VN,VN,,1/1/00 0:00,7.7172,6.5847,6/8/23 16:55,2.14,Auction Ads,auction_relation
20230807,1773500109158450 ,AE,MENA,,1/1/00 0:00,4.42,3.2962,6/8/23 16:54,1.78,Auction Ads,auction_relation
20230807,1773499291402240 ,SA,,,1/1/00 0:00,7.677,2.2892,6/8/23 16:54,0.54,Non-Auction Ads,Promote
20230807,1773499175571450 ,TR,,,1/1/00 0:00,4.5473,0.2785,6/8/23 16:54,0.54,Non-Auction Ads,Promote
20230807,1773499374499840 ,BR,,,1/1/00 0:00,4.0548,1.122,6/8/23 16:54,1.53,RIE,Promote Report Recall
20230807,1773498906600450 ,TR,,,1/1/00 0:00,2.0532,1.4428,6/8/23 16:54,0.54,Non-Auction Ads,Promote
20230807,1773499589281840 ,VN,VN,,1/1/00 0:00,4.97,1.0129,6/8/23 16:55,2.14,Auction Ads,auction_relation
20230807,1773499514674180 ,DE,,,1/1/00 0:00,11.4679,4.7238,6/8/23 16:57,1.53,RIE,Promote Report Recall
20230807,1773499487207430 ,PT,,,1/1/00 0:00,5.9,1.9189,6/8/23 16:56,0.54,Non-Auction Ads,Promote
20230807,1773499523985410 ,HU,,,1/1/00 0:00,4.2135,2.9367,6/8/23 16:57,1.53,RIE,Promote Report Recall
20230807,1773499702673400 ,PH,,,1/1/00 0:00,29.7456,2.2875,6/8/23 16:59,0.54,Non-Auction Ads,Promote
20230807,1773494895938600 ,VN,VN,,1/1/00 0:00,9.9751,19.9461,6/8/23 17:00,2.14,Auction Ads,auction_relation
20230807,1773499583005690 ,VN,,,1/1/00 0:00,1.7873,0.6166,6/8/23 16:57,1.53,RIE,Promote Report Recall
20230807,1773493602227230 ,ID,ID,,1/1/00 0:00,12.7689,1.1521,6/8/23 16:59,1.8,Auction Ads,auction_relation
20230807,1773499659393070 ,US,,,1/1/00 0:00,6.98,1.16,6/8/23 16:59,1.53,RIE,Promote Report Recall
20230807,1773500010810370 ,VN,VN,,1/1/00 0:00,,15.6659,6/8/23 17:00,2.14,Auction Ads,auction_relation
20230807,1773499970657290 ,VN,VN,,1/1/00 0:00,0.3914,18.8189,6/8/23 17:00,2.14,Auction Ads,auction_relation
20230807,1773496444259330 ,NO,Others,,1/1/00 0:00,1.13,25.465,6/8/23 17:02,1.56,Auction Ads,auction_all
20230807,1773496444259330 ,PT,PT,,1/1/00 0:00,1.13,25.465,6/8/23 17:02,1.98,Auction Ads,auction_relation
20230807,1773496444259330 ,DK,DK,,1/1/00 0:00,1.13,25.465,6/8/23 17:02,1.31,Auction Ads,auction_relation
20230807,1773496444259330 ,DE,DE,,1/1/00 0:00,1.13,25.465,6/8/23 17:02,1.01,Auction Ads,auction_relation
20230807,1773496444259330 ,PT,PT,,1/1/00 0:00,1.13,25.465,6/8/23 17:02,1.98,Auction Ads,auction_relation
20230807,1773499833803790 ,TH,TH,,1/1/00 0:00,65.73,14.3028,6/8/23 17:00,1.87,RIE,Ad Group Recall (Merged)
20230807,1773476707731450 ,VN,VN,,1/1/00 0:00,7.4034,9.557,6/8/23 17:00,2.14,Auction Ads,auction_relation
20230807,1773474551321650 ,VN,VN,,1/1/00 0:00,3.1332,9.557,6/8/23 17:00,2.14,Auction Ads,auction_relation
20230807,1773474024236030 ,VN,VN,,1/1/00 0:00,19.4973,9.557,6/8/23 17:00,2.14,Auction Ads,auction_relation
20230807,1773481901873180 ,VN,VN,,1/1/00 0:00,9.8744,9.557,6/8/23 17:00,2.14,Auction Ads,auction_relation
20230807,1773481901873180 ,VN,VN,,1/1/00 0:00,9.8744,9.557,6/8/23 17:00,2.14,Auction Ads,auction_relation
20230807,1773474028809260 ,VN,VN,,1/1/00 0:00,15.5171,9.557,6/8/23 17:00,2.14,Auction Ads,auction_relation
20230807,1773472481323010 ,VN,VN,,1/1/00 0:00,14.257,9.557,6/8/23 17:00,2.14,Auction Ads,auction_relation
20230807,1773474568306680 ,VN,VN,,1/1/00 0:00,2.8497,9.557,6/8/23 17:00,2.14,Auction Ads,auction_relation
20230807,1773476934343680 ,VN,VN,,1/1/00 0:00,10.8123,9.557,6/8/23 17:00,2.14,Auction Ads,auction_relation
20230807,1773474568325150 ,VN,VN,,1/1/00 0:00,2.9016,9.557,6/8/23 17:00,2.14,Auction Ads,auction_relation
20230807,1773474028809260 ,VN,VN,,1/1/00 0:00,15.5171,9.557,6/8/23 17:00,2.14,Auction Ads,auction_relation
20230807,1773478620220450 ,VN,VN,,1/1/00 0:00,92.1937,9.557,6/8/23 17:00,2.14,Auction Ads,auction_relation
20230807,1773499761366050 ,US,,,1/1/00 0:00,63.65,14.3885,6/8/23 17:00,0.54,Non-Auction Ads,Promote
20230807,1773296666136590 ,TH,TH,,1/1/00 0:00,19.9254,5.7888,6/8/23 17:00,1.64,Auction Ads,auction_relation
20230807,1773499913102340 ,US,,,1/1/00 0:00,69.38,16.9789,6/8/23 17:02,1.53,RIE,Promote Report Recall
20230807,1773499771083770 ,SA,,,1/1/00 0:00,58.5575,11.3651,6/8/23 17:00,0.54,Non-Auction Ads,Promote
20230807,1773499934740480 ,SA,,,1/1/00 0:00,27.7407,17.1863,6/8/23 17:02,0.54,Non-Auction Ads,Promote
20230807,1773380272766000 ,ID,ID,,1/1/00 0:00,18.8471,12.3501,6/8/23 17:00,1.8,Auction Ads,auction_relation
20230807,1773500501291010 ,FR,FR,,1/1/00 0:00,24.14,25.8621,6/8/23 17:04,1.97,Auction Ads,auction_relation
20230807,1773500501291010 ,IE,IE,,1/1/00 0:00,24.14,25.8621,6/8/23 17:04,1.52,Auction Ads,auction_relation
20230807,1773500501291010 ,TW,TW,,1/1/00 0:00,24.14,25.8621,6/8/23 17:04,0.95,Auction Ads,auction_relation
20230807,1773500501291010 ,FR,FR,,1/1/00 0:00,24.14,25.8621,6/8/23 17:04,1.97,Auction Ads,auction_relation
20230807,1773500501291010 ,US,USCA,,1/1/00 0:00,24.14,25.8621,6/8/23 17:04,1.78,Auction Ads,auction_relation
20230807,1773500501291010 ,DK,DK,,1/1/00 0:00,24.14,25.8621,6/8/23 17:04,1.31,Auction Ads,auction_relation
20230807,1773500501291010 ,VN,VN,,1/1/00 0:00,24.14,25.8621,6/8/23 17:04,2.14,Auction Ads,auction_relation
20230807,1773500501291010 ,NO,Others,,1/1/00 0:00,24.14,25.8621,6/8/23 17:04,1.56,Auction Ads,auction_all
20230807,1773282315589660 ,TH,TH,,1/1/00 0:00,14.0188,5.7888,6/8/23 17:00,1.64,Auction Ads,auction_relation
20230807,1773495870915630 ,AE,MENA,,1/1/00 0:00,14.1781,2.6828,6/8/23 17:00,1.67,RIE,Ad Group Recall (Merged)
20230807,1773495617088520 ,AE,MENA,,1/1/00 0:00,0.914,2.6828,6/8/23 17:00,1.67,RIE,Ad Group Recall (Merged)
20230807,1773496300654640 ,AE,MENA,,1/1/00 0:00,0.9558,2.4604,6/8/23 17:00,1.67,RIE,Ad Group Recall (Merged)
20230807,1773494951867420 ,VN,VN,,1/1/00 0:00,,5.212,6/8/23 17:00,2.14,Auction Ads,auction_relation
20230807,1773179298542590 ,ID,ID,,1/1/00 0:00,613.4058,1.633,6/8/23 17:00,1.8,Non-Auction Ads,R&F
20230807,1773179298542590 ,ID,ID,,1/1/00 0:00,613.4058,1.633,6/8/23 17:00,1.8,Non-Auction Ads,R&F
20230807,1773179298542590 ,ID,ID,,1/1/00 0:00,613.4058,1.633,6/8/23 17:00,1.8,Non-Auction Ads,R&F
20230807,1773178339123230 ,ID,ID,,1/1/00 0:00,439.2196,1.633,6/8/23 17:00,1.8,Non-Auction Ads,R&F
20230807,1773179298542590 ,ID,ID,,1/1/00 0:00,613.4058,1.633,6/8/23 17:00,1.8,Non-Auction Ads,R&F
20230807,1773178842832920 ,ID,ID,,1/1/00 0:00,175.0192,1.633,6/8/23 17:00,1.8,Non-Auction Ads,R&F
20230807,1773179298542590 ,ID,ID,,1/1/00 0:00,613.4058,1.633,6/8/23 17:00,1.8,Non-Auction Ads,R&F
20230807,1773178114985010 ,ID,ID,,1/1/00 0:00,230.6016,1.633,6/8/23 17:00,1.8,Non-Auction Ads,R&F
20230807,1773178606028830 ,ID,ID,,1/1/00 0:00,252.8324,1.633,6/8/23 17:00,1.8,Non-Auction Ads,R&F
20230807,1773179298542590 ,ID,ID,,1/1/00 0:00,613.4058,1.633,6/8/23 17:00,1.8,Non-Auction Ads,R&F
20230807,1773481224091640 ,VN,VN,,1/1/00 0:00,,3.1668,6/8/23 17:00,2.14,Auction Ads,auction_relation
20230807,1773481224091640 ,VN,VN,,1/1/00 0:00,,3.1668,6/8/23 17:00,2.14,Auction Ads,auction_relation
20230807,1773495419007010 ,AE,MENA,,1/1/00 0:00,8.0189,1.1296,6/8/23 17:00,1.67,RIE,Ad Group Recall (Merged)
20230807,1773494110803980 ,VN,VN,,1/1/00 0:00,,5.1613,6/8/23 17:00,2.14,Auction Ads,auction_relation
20230807,1773292800631820 ,TH,TH,,1/1/00 0:00,,0.9184,6/8/23 17:00,1.64,Auction Ads,auction_relation
20230807,1773499808641020 ,PH,,,1/1/00 0:00,20.0784,2.2875,6/8/23 17:00,0.54,Non-Auction Ads,Promote
20230807,1773496192140320 ,VN,VN,,1/1/00 0:00,,2.7539,6/8/23 17:00,2.14,Auction Ads,auction_relation
20230807,1773500444896260 ,US,,,1/1/00 0:00,88.66,24.5475,6/8/23 17:11,0.54,Non-Auction Ads,Promote
20230807,1773499768654850 ,FR,,,1/1/00 0:00,26.8974,1.3444,6/8/23 17:00,0.54,Non-Auction Ads,Promote
20230807,1773466480313370 ,IQ,Other,,1/1/00 0:00,25.17,4.67,6/8/23 17:01,1.62,RIE,Ad Group Recall (Merged)
20230807,1773494284196880 ,VN,VN,,1/1/00 0:00,2.2277,2.4603,6/8/23 17:01,2.14,Auction Ads,auction_relation
20230807,1773494284196880 ,VN,VN,,1/1/00 0:00,2.2277,2.4603,6/8/23 17:01,2.14,Auction Ads,auction_relation
20230807,1773499779429380 ,IT,,,1/1/00 0:00,2.2786,1.2455,6/8/23 17:01,1.53,RIE,Promote Report Recall
20230807,1773012009997320 ,IL,IL,,1/1/00 0:00,887.04,514.7983,6/8/23 22:00,1.43,Non-Auction Ads,R&F
20230807,1773499892139020 ,VN,VN,,1/1/00 0:00,,1.1751,6/8/23 17:01,2.14,Auction Ads,auction_relation
20230807,1773499884878890 ,VN,VN,,1/1/00 0:00,,1.1751,6/8/23 17:01,2.14,Auction Ads,auction_relation
20230807,1773499892128810 ,VN,VN,,1/1/00 0:00,,1.1751,6/8/23 17:01,2.14,Auction Ads,auction_relation
20230807,1773500226062330 ,SA,,,1/1/00 0:00,20.3568,16.7343,6/8/23 17:10,0.54,Non-Auction Ads,Promote
20230807,1773499993821210 ,FR,FR,,1/1/00 0:00,0.28,5.8726,6/8/23 17:03,1.76,RIE,Ad Group Recall (Merged)
20230807,1773499993821210 ,NZ,Other,,1/1/00 0:00,0.28,5.8726,6/8/23 17:03,1.62,RIE,Ad Group Recall (Merged)
20230807,1773499921975290 ,SA,,,1/1/00 0:00,27.434,2.0435,6/8/23 17:02,0.54,Non-Auction Ads,Promote
20230807,1773500722353150 ,BR,BR,,1/1/00 0:00,2.9015,0.8572,6/8/23 17:01,1.99,Auction Ads,auction_all
20230807,1773500018429950 ,NZ,Other,,1/1/00 0:00,0,5.8726,6/8/23 17:04,1.62,RIE,Ad Group Recall (Merged)
20230807,1773500300255280 ,VN,VN,,1/1/00 0:00,,5.7348,6/8/23 17:04,2.14,Auction Ads,auction_relation
20230807,1773500029047810 ,PH,,,1/1/00 0:00,39.539,3.8602,6/8/23 17:04,0.54,Non-Auction Ads,Promote
20230807,1773499816756220 ,KH,,,1/1/00 0:00,3.974,0.8283,6/8/23 17:03,0.54,Non-Auction Ads,Promote
20230807,1773500059165690 ,SA,,,1/1/00 0:00,16.4626,2.4153,6/8/23 17:04,0.54,Non-Auction Ads,Promote
20230807,1773500729266170 ,SA,MENA,,1/1/00 0:00,7.9621,8.1621,6/8/23 17:06,1.78,Auction Ads,auction_relation
20230807,1773500051102720 ,MY,,,1/1/00 0:00,1.267,0.3327,6/8/23 17:04,1.53,RIE,Promote Report Recall
20230807,1773499936650240 ,SA,,,1/1/00 0:00,6.9383,0.9071,6/8/23 17:04,0.54,Non-Auction Ads,Promote
20230807,1773502181195810 ,SA,MENA,,1/1/00 0:00,,24.2247,6/8/23 17:17,1.78,Auction Ads,auction_relation
20230807,1773499943633920 ,TR,,,1/1/00 0:00,10.6225,5.1462,6/8/23 17:05,0.54,Non-Auction Ads,Promote
20230807,1773500053266430 ,SA,,,1/1/00 0:00,0.9864,0.4628,6/8/23 17:04,1.53,RIE,Promote Report Recall
20230807,1773499911240700 ,SA,,,1/1/00 0:00,23.3184,7.8675,6/8/23 17:10,0.54,Non-Auction Ads,Promote
20230807,1773500115385340 ,SA,,,1/1/00 0:00,1.0234,1.3534,6/8/23 17:05,1.53,RIE,Promote Report Recall
20230807,1773500230834170 ,TH,,,1/1/00 0:00,33.1413,3.306,6/8/23 17:08,0.54,Non-Auction Ads,Promote
20230807,1773500435850240 ,SA,,,1/1/00 0:00,23.0414,17.7261,6/8/23 17:15,0.54,Non-Auction Ads,Promote
20230807,1773500309749840 ,ES,,,1/1/00 0:00,6.9785,3.7555,6/8/23 17:09,1.53,RIE,Promote Report Recall
20230807,1773500274672640 ,SA,,,1/1/00 0:00,7.8447,1.8031,6/8/23 17:08,0.54,Non-Auction Ads,Promote
20230807,1773499942433850 ,PH,,,1/1/00 0:00,2.7008,0.5311,6/8/23 17:06,0.54,Non-Auction Ads,Promote
20230807,1773500597057580 ,MA,MA,,1/1/00 0:00,,0.5245,6/8/23 17:07,1.51,Auction Ads,auction_relation
20230807,1773501680781330 ,US,US&CA,,1/1/00 0:00,31.42,8,6/8/23 17:13,1.81,RIE,Ad Group Recall (Merged)
20230807,1773501680781330 ,US,USCA,,1/1/00 0:00,31.42,8,6/8/23 17:13,1.78,Auction Ads,auction_relation
20230807,1773501680781330 ,US,USCA,,1/1/00 0:00,31.42,8,6/8/23 17:13,1.78,Auction Ads,auction_relation
20230807,1773500226613250 ,VN,,,1/1/00 0:00,17.2498,1.5954,6/8/23 17:09,0.54,Non-Auction Ads,Promote
20230807,1773500470925310 ,US,,,1/1/00 0:00,2.52,2.55,6/8/23 17:11,1.53,RIE,Promote Report Recall
20230807,1773500357490690 ,TR,,,1/1/00 0:00,5.6683,0.8157,6/8/23 17:10,0.54,Non-Auction Ads,Promote
20230807,1773500450120700 ,TR,,,1/1/00 0:00,4.7367,1.0888,6/8/23 17:10,0.54,Non-Auction Ads,Promote
20230807,1773501385722910 ,ID,ID,,1/1/00 0:00,91.11,25.8621,6/8/23 17:21,1.8,Auction Ads,auction_relation
20230807,1773501385722910 ,KH,KH,,1/1/00 0:00,91.11,25.8621,6/8/23 17:21,1.5,Auction Ads,auction_relation
20230807,1773501385722910 ,IT,IT,,1/1/00 0:00,91.11,25.8621,6/8/23 17:21,1.36,Auction Ads,auction_relation
20230807,1773501385722910 ,KH,KH,,1/1/00 0:00,91.11,25.8621,6/8/23 17:21,1.5,Auction Ads,auction_relation
20230807,1773501385722910 ,MY,MY,,1/1/00 0:00,91.11,25.8621,6/8/23 17:21,2.31,Auction Ads,auction_relation
20230807,1773501385722910 ,ID,ID,,1/1/00 0:00,91.11,25.8621,6/8/23 17:21,1.8,Auction Ads,auction_relation
20230807,1773501385722910 ,GB,GB,,1/1/00 0:00,91.11,25.8621,6/8/23 17:21,1.76,Auction Ads,auction_relation
20230807,1773500447480830 ,BR,,,1/1/00 0:00,11.9214,9.5639,6/8/23 17:15,0.54,Non-Auction Ads,Promote
20230807,1773500488385530 ,SA,,,1/1/00 0:00,12.1416,1.5066,6/8/23 17:11,1.53,RIE,Promote Report Recall
20230807,1773500468736000 ,SA,,,1/1/00 0:00,12.2829,2.5821,6/8/23 17:11,0.54,Non-Auction Ads,Promote
20230807,1773500881472510 ,US,,,1/1/00 0:00,34.81,20.07,6/8/23 17:21,0.54,Non-Auction Ads,Promote
20230807,1773500691360770 ,TR,,,1/1/00 0:00,9.2032,9.5136,6/8/23 17:15,0.54,Non-Auction Ads,Promote
20230807,1773500647512060 ,TR,,,1/1/00 0:00,5.4664,2.9693,6/8/23 17:13,0.54,Non-Auction Ads,Promote
20230807,1773500623251450 ,IL,,,1/1/00 0:00,17.9247,4.2218,6/8/23 17:14,0.54,Non-Auction Ads,Promote
20230807,1773500516490240 ,VN,,,1/1/00 0:00,1.8034,0.2732,6/8/23 17:11,1.53,RIE,Promote Report Recall
20230807,1773500640041980 ,PH,,,1/1/00 0:00,9.8546,3.1095,6/8/23 17:13,0.54,Non-Auction Ads,Promote
20230807,1773500465036290 ,ID,,,1/1/00 0:00,1.8314,0.3014,6/8/23 17:12,1.53,RIE,Promote Report Recall
20230807,1773500766185470 ,JP,,,1/1/00 0:00,47.6723,8.3774,6/8/23 17:15,0.54,Non-Auction Ads,Promote
20230807,1773500939521020 ,KH,Other,,1/1/00 0:00,2.97,3.6579,6/8/23 17:14,1.62,RIE,Ad Group Recall (Merged)
20230807,1773500659526650 ,SA,,,1/1/00 0:00,16.8092,1.5066,6/8/23 17:14,0.54,Non-Auction Ads,Promote
20230807,1773500904423420 ,US,,,1/1/00 0:00,65.31,14.3885,6/8/23 17:18,0.54,Non-Auction Ads,Promote
20230807,1773500525605890 ,HU,,,1/1/00 0:00,1.9503,0.4773,6/8/23 17:13,1.53,RIE,Promote Report Recall
20230807,1773500569008130 ,ID,,,1/1/00 0:00,0.9472,0.6936,6/8/23 17:14,1.53,RIE,Promote Report Recall
20230807,1773500666163200 ,SA,,,1/1/00 0:00,6.8108,6.3574,6/8/23 17:16,0.54,Non-Auction Ads,Promote
20230807,1773501641942030 ,SA,MENA,,1/1/00 0:00,9.4174,8.1621,6/8/23 17:17,1.78,Auction Ads,auction_relation
20230807,1773500655255550 ,ID,,,1/1/00 0:00,9.7922,1.746,6/8/23 17:14,0.54,Non-Auction Ads,Promote
20230807,1773500728515580 ,SA,,,1/1/00 0:00,28.639,2.0318,6/8/23 17:15,0.54,Non-Auction Ads,Promote
20230807,1773500254547960 ,ID,,,1/1/00 0:00,1.8418,0.1756,6/8/23 17:14,1.53,RIE,Promote Report Recall
20230807,1773500643865600 ,ID,,,1/1/00 0:00,2.6355,0.5393,6/8/23 17:14,1.53,RIE,Promote Report Recall
20230807,1773500682192900 ,PL,,,1/1/00 0:00,4.1382,1.3983,6/8/23 17:15,1.53,RIE,Promote Report Recall
20230807,1773497885695020 ,SA,MENA,,1/1/00 0:00,12.45,5.4445,6/8/23 17:17,1.78,Auction Ads,auction_relation
20230807,1773500764207100 ,MY,,,1/1/00 0:00,15.9189,1.6704,6/8/23 17:16,0.54,Non-Auction Ads,Promote
20230807,1773500472679420 ,ID,,,1/1/00 0:00,1.0042,0.0859,6/8/23 17:15,1.53,RIE,Promote Report Recall
20230807,1773500668716030 ,ID,,,1/1/00 0:00,1.0518,0.9924,6/8/23 17:16,1.53,RIE,Promote Report Recall
20230807,1773497165680670 ,FR,FR,,1/1/00 0:00,5.5355,4.3672,6/8/23 17:18,1.76,RIE,Ad Group Recall (Merged)
20230807,1773497165680670 ,PT,Other,,1/1/00 0:00,5.5355,4.3672,6/8/23 17:18,1.62,RIE,Ad Group Recall (Merged)
20230807,1773497165680670 ,IT,IT,,1/1/00 0:00,5.5355,4.3672,6/8/23 17:18,1.79,RIE,Ad Group Recall (Merged)
20230807,1773500855314430 ,MY,,,1/1/00 0:00,19.3478,1.6704,6/8/23 17:17,0.54,Non-Auction Ads,Promote
20230807,1773500688686080 ,BR,,,1/1/00 0:00,1.7691,0.3476,6/8/23 17:16,1.53,RIE,Promote Report Recall
20230807,1773500839817210 ,TH,,,1/1/00 0:00,97.1511,2.3697,6/8/23 17:17,0.54,Non-Auction Ads,Promote
20230807,1773500943092730 ,SA,,,1/1/00 0:00,12.4963,6.0661,6/8/23 17:19,0.54,Non-Auction Ads,Promote
20230807,1773500865332220 ,AE,,,1/1/00 0:00,4.7045,1.2169,6/8/23 17:18,1.53,RIE,Promote Report Recall
20230807,1773500864172030 ,SA,,,1/1/00 0:00,19.2511,1.4045,6/8/23 17:18,0.54,Non-Auction Ads,Promote
20230807,1773500794376190 ,BR,,,1/1/00 0:00,5.5403,2.5804,6/8/23 17:19,0.54,Non-Auction Ads,Promote
20230807,1773500874716160 ,TR,,,1/1/00 0:00,4.6144,0.5383,6/8/23 17:18,0.54,Non-Auction Ads,Promote
20230807,1773500969902080 ,IT,,,1/1/00 0:00,1.5411,0.94,6/8/23 17:18,1.53,RIE,Promote Report Recall
20230807,1773501376346110 ,SA,,,1/1/00 0:00,96.2244,17.2524,6/8/23 17:27,0.54,Non-Auction Ads,Promote
20230807,1773501376153600 ,DE,,,1/1/00 0:00,29.3124,15.052,6/8/23 17:26,0.54,Non-Auction Ads,Promote
20230807,1773501048387580 ,DE,,,1/1/00 0:00,10.2126,2.3629,6/8/23 17:21,1.53,RIE,Promote Report Recall
20230807,1773501029919740 ,BR,,,1/1/00 0:00,0.3222,0.8577,6/8/23 17:20,1.53,RIE,Promote Report Recall
20230807,1773501435489280 ,US,,,1/1/00 0:00,121.97,16.2016,6/8/23 17:27,0.54,Non-Auction Ads,Promote
20230807,1773501508576260 ,US,,,1/1/00 0:00,119.16,16.2016,6/8/23 17:28,0.54,Non-Auction Ads,Promote
20230807,1773501123919870 ,SA,,,1/1/00 0:00,30.7523,4.621,6/8/23 17:22,0.54,Non-Auction Ads,Promote
20230807,1773501204940800 ,BR,,,1/1/00 0:00,10.6412,7.5675,6/8/23 17:23,0.54,Non-Auction Ads,Promote
20230807,1773502396218410 ,SA,MENA,,1/1/00 0:00,3.82,6.255,6/8/23 17:23,1.78,Auction Ads,auction_relation
20230807,1773501148529660 ,SA,,,1/1/00 0:00,17.7925,3.971,6/8/23 17:21,0.54,Non-Auction Ads,Promote
20230807,1773501191157760 ,EG,,,1/1/00 0:00,42.0836,3.6494,6/8/23 17:22,0.54,Non-Auction Ads,Promote
20230807,1773501169907710 ,BR,,,1/1/00 0:00,5.0804,4.6286,6/8/23 17:23,0.54,Non-Auction Ads,Promote
20230807,1773501223813120 ,SA,,,1/1/00 0:00,26.7728,2.5083,6/8/23 17:22,0.54,Non-Auction Ads,Promote
20230807,1773502447997950 ,US,,,1/1/00 0:00,124.94,34.7256,6/8/23 17:43,0.54,Non-Auction Ads,Promote
20230807,1773501714360370 ,US,,,1/1/00 0:00,66.47,14.3885,6/8/23 17:30,0.54,Non-Auction Ads,Promote
20230807,1773501234727930 ,KW,,,1/1/00 0:00,36.543,4.6921,6/8/23 17:24,0.54,Non-Auction Ads,Promote
20230807,1773501216584700 ,VN,,,1/1/00 0:00,127.5566,3.1759,6/8/23 17:23,0.54,Non-Auction Ads,Promote
20230807,1773501196511230 ,TR,,,1/1/00 0:00,4.5583,2.3211,6/8/23 17:23,0.54,Non-Auction Ads,Promote
20230807,1773501426215930 ,VN,VN,,1/1/00 0:00,0.0001,1.017,6/8/23 17:22,2.14,Auction Ads,auction_relation
20230807,1773501232585740 ,ES,,,1/1/00 0:00,22.4531,3.1239,6/8/23 17:24,0.54,Non-Auction Ads,Promote
20230807,1773501386309630 ,FI,,,1/1/00 0:00,22.2018,5.3763,6/8/23 17:25,1.53,RIE,Promote Report Recall
20230807,1773501365971970 ,TH,,,1/1/00 0:00,0,3.1969,6/8/23 17:25,1.53,RIE,Promote Report Recall
20230807,1773498614140960 ,FR,FR,,1/1/00 0:00,9.4671,20.5528,6/8/23 17:37,1.76,RIE,Ad Group Recall (Merged)
20230807,1773501324999680 ,AE,,,1/1/00 0:00,15.9465,3.1307,6/8/23 17:25,1.53,RIE,Promote Report Recall
20230807,1773501246895110 ,RO,,,1/1/00 0:00,1.0904,0.3218,6/8/23 17:24,1.53,RIE,Promote Report Recall
20230807,1773501317838850 ,TR,,,1/1/00 0:00,1.9671,0.3046,6/8/23 17:24,1.53,RIE,Promote Report Recall
20230807,1773501183553530 ,ID,,,1/1/00 0:00,3.5308,0.4439,6/8/23 17:25,1.53,RIE,Promote Report Recall
20230807,1773501381906430 ,HU,,,1/1/00 0:00,0.7881,1.1415,6/8/23 17:25,0.54,Non-Auction Ads,Promote
20230807,1773501976238080 ,BR,BR,,1/1/00 0:00,32.1864,8.7473,6/8/23 17:31,1.7,RIE,Ad Group Recall (Merged)
20230807,1773501409026050 ,TR,,,1/1/00 0:00,8.3159,2.8144,6/8/23 17:26,0.54,Non-Auction Ads,Promote
20230807,1773501392680960 ,DE,,,1/1/00 0:00,4.9975,1.6973,6/8/23 17:26,1.53,RIE,Promote Report Recall
20230807,1773501567304700 ,EG,,,1/1/00 0:00,19.8494,7.5583,6/8/23 17:31,0.54,Non-Auction Ads,Promote
20230807,1773500898908160 ,VN,VN,,1/1/00 0:00,,2.216,6/8/23 17:27,2.14,Auction Ads,auction_relation
20230807,1773501611143180 ,PK,Other,,1/1/00 0:00,0,0.246,6/8/23 17:25,1.62,RIE,Ad Group Recall (Merged)
20230807,1773499233110010 ,TR,,,1/1/00 0:00,4.3667,4.234,6/8/23 17:30,1.53,RIE,Promote Report Recall
20230807,1773501611770880 ,SA,,,1/1/00 0:00,7.9487,5.0246,6/8/23 17:31,0.54,Non-Auction Ads,Promote
20230807,1773501524421630 ,ID,,,1/1/00 0:00,2.0565,1.0275,6/8/23 17:27,1.53,RIE,Promote Report Recall
20230807,1773501567580190 ,BR,,,1/1/00 0:00,10.4857,2.279,6/8/23 17:29,0.54,Non-Auction Ads,Promote
20230807,1773501415201790 ,BR,,,1/1/00 0:00,0.7761,0.5611,6/8/23 17:29,1.53,RIE,Promote Report Recall
20230807,1773501916089350 ,PT,,,1/1/00 0:00,8.06,5.518,6/8/23 17:33,1.53,RIE,Promote Report Recall
20230807,1773501639699450 ,TR,,,1/1/00 0:00,2.9892,0.6373,6/8/23 17:30,1.53,RIE,Promote Report Recall
20230807,1773502044480540 ,VN,VN,,1/1/00 0:00,13.12,2.7571,6/8/23 17:33,2.14,Auction Ads,auction_relation
20230807,1773502526182400 ,US,,,1/1/00 0:00,74.57,24.5475,6/8/23 17:44,0.54,Non-Auction Ads,Promote
20230807,1773501761058820 ,RO,,,1/1/00 0:00,11.8022,3.0108,6/8/23 17:33,0.54,Non-Auction Ads,Promote
20230807,1773501963116550 ,GB,,,1/1/00 0:00,22.1329,5.1029,6/8/23 17:35,1.53,RIE,Promote Report Recall
20230807,1773501469433850 ,SA,,,1/1/00 0:00,42.2978,3.7605,6/8/23 17:34,0.54,Non-Auction Ads,Promote
20230807,1773502949563420 ,TH,TH,,1/1/00 0:00,8.2041,22.0543,6/8/23 17:44,1.87,RIE,Ad Group Recall (Merged)
20230807,1773406870786050 ,VN,,,1/1/00 0:00,0.9737,0.7059,6/8/23 17:32,0.54,Non-Auction Ads,Promote
20230807,1773502078176260 ,BE,,,1/1/00 0:00,24.3773,7.3752,6/8/23 17:37,0.54,Non-Auction Ads,Promote
20230807,1773502179022850 ,SA,MENA,,1/1/00 0:00,0,5.6362,6/8/23 17:37,1.78,Auction Ads,auction_relation
20230807,1773502179022850 ,MA,MA,,1/1/00 0:00,0,5.6362,6/8/23 17:37,1.51,Auction Ads,auction_relation
20230807,1773502179022850 ,BH,Others,,1/1/00 0:00,0,5.6362,6/8/23 17:37,1.56,Auction Ads,auction_all
20230807,1773502179022850 ,JO,Others,,1/1/00 0:00,0,5.6362,6/8/23 17:37,1.56,Auction Ads,auction_all
20230807,1773502179022850 ,LB,Others,,1/1/00 0:00,0,5.6362,6/8/23 17:37,1.56,Auction Ads,auction_all
20230807,1773502179022850 ,QA,Others,,1/1/00 0:00,0,5.6362,6/8/23 17:37,1.56,Auction Ads,auction_all
20230807,1773502179022850 ,AE,MENA,,1/1/00 0:00,0,5.6362,6/8/23 17:37,1.78,Auction Ads,auction_relation
20230807,1773502050018300 ,SA,,,1/1/00 0:00,21.2927,1.9919,6/8/23 17:36,0.54,Non-Auction Ads,Promote
20230807,1773502017630200 ,IL,,,1/1/00 0:00,26.2732,10.3041,6/8/23 17:39,0.54,Non-Auction Ads,Promote
20230807,1773501900968960 ,SA,,,1/1/00 0:00,1.9221,0.7225,6/8/23 17:34,1.53,RIE,Promote Report Recall
20230807,1773502069396480 ,VN,,,1/1/00 0:00,81.2588,0.5614,6/8/23 17:36,0.54,Non-Auction Ads,Promote
20230807,1773502116423680 ,CA,,,1/1/00 0:00,42.6201,5.4343,6/8/23 17:38,0.54,Non-Auction Ads,Promote
20230807,1773502092457980 ,QA,,,1/1/00 0:00,34.5783,4.6472,6/8/23 17:38,0.54,Non-Auction Ads,Promote
20230807,1773502509495340 ,VN,VN,,1/1/00 0:00,10.47,2.7571,6/8/23 17:37,2.14,Auction Ads,auction_relation
20230807,1773502445902850 ,FR,,,1/1/00 0:00,34.1448,12.4535,6/8/23 17:43,0.54,Non-Auction Ads,Promote
20230807,1773502389569540 ,DE,,,1/1/00 0:00,84.9114,8.0001,6/8/23 17:42,0.54,Non-Auction Ads,Promote
20230807,1773501888159740 ,SA,,,1/1/00 0:00,2.1004,1.1382,6/8/23 17:37,1.53,RIE,Promote Report Recall
20230807,1773502404239360 ,IL,,,1/1/00 0:00,42.1998,7.7027,6/8/23 17:42,1.53,RIE,Promote Report Recall
20230807,1773502136075260 ,ID,,,1/1/00 0:00,29.5924,1.139,6/8/23 17:38,0.54,Non-Auction Ads,Promote
20230807,1773502241198090 ,CA,US&CA,,1/1/00 0:00,7.02,3.2019,6/8/23 17:39,1.81,RIE,Ad Group Recall (Merged)
20230807,1773502054042630 ,BR,,,1/1/00 0:00,12.5987,1.1463,6/8/23 17:38,0.54,Non-Auction Ads,Promote
20230807,1773502203159550 ,QA,,,1/1/00 0:00,30.8138,1.434,6/8/23 17:38,0.54,Non-Auction Ads,Promote
20230807,1773502438977530 ,IL,,,1/1/00 0:00,42.0137,7.7027,6/8/23 17:43,0.54,Non-Auction Ads,Promote
20230807,1773502260189250 ,ES,,,1/1/00 0:00,14.4081,1.9675,6/8/23 17:40,0.54,Non-Auction Ads,Promote
20230807,1773502113988610 ,ID,,,1/1/00 0:00,15.9093,0.6198,6/8/23 17:38,0.54,Non-Auction Ads,Promote
20230807,1773502357373950 ,TR,,,1/1/00 0:00,3.8187,2.2822,6/8/23 17:42,0.54,Non-Auction Ads,Promote
20230807,1773501928199170 ,BR,,,1/1/00 0:00,3.1151,1.6294,6/8/23 17:41,1.53,RIE,Promote Report Recall
20230807,1773501851835400 ,VN,VN,,1/1/00 0:00,8.518,4.7126,6/8/23 17:42,2.14,Auction Ads,auction_relation
20230807,1773501851835400 ,VN,VN,,1/1/00 0:00,8.518,4.7126,6/8/23 17:42,2.14,Auction Ads,auction_relation
20230807,1773502348919810 ,TR,,,1/1/00 0:00,2.8084,1.2543,6/8/23 17:42,0.54,Non-Auction Ads,Promote
20230807,1773502479622140 ,SA,,,1/1/00 0:00,14.1835,6.6312,6/8/23 17:43,0.54,Non-Auction Ads,Promote
20230807,1773502590660640 ,ES,ES,,1/1/00 0:00,5.45,7.3378,6/8/23 17:44,1.79,RIE,Ad Group Recall (Merged)
20230807,1773502558664700 ,ES,,,1/1/00 0:00,38.5236,9.9787,6/8/23 17:45,0.54,Non-Auction Ads,Promote
20230807,1773502385083390 ,QA,,,1/1/00 0:00,17.3852,3.2014,6/8/23 17:43,0.54,Non-Auction Ads,Promote
20230807,1773502404436050 ,US,,,1/1/00 0:00,1.81,1.44,6/8/23 17:42,1.53,RIE,Promote Report Recall
20230807,1773502540644350 ,EG,,,1/1/00 0:00,29.4719,5.643,6/8/23 17:43,0.54,Non-Auction Ads,Promote
20230807,1773499381969920 ,EG,,,1/1/00 0:00,0,0.2551,6/8/23 17:42,0.54,Non-Auction Ads,Promote
20230807,1773502425507860 ,US,,,1/1/00 0:00,9.28,2.41,6/8/23 17:43,1.53,RIE,Promote Report Recall
20230807,1773502500770810 ,TR,,,1/1/00 0:00,0.9161,0.4792,6/8/23 17:43,1.53,RIE,Promote Report Recall
20230807,1773502829526020 ,DE,,,1/1/00 0:00,49.7197,10.2307,6/8/23 17:49,1.53,RIE,Promote Report Recall
20230807,1773502527211520 ,SA,,,1/1/00 0:00,11.2886,1.6846,6/8/23 17:43,0.54,Non-Auction Ads,Promote
20230807,1773499567373400 ,IT,IT,,1/1/00 0:00,32.0827,11.4756,6/8/23 17:51,1.79,RIE,Ad Group Recall (Merged)
20230807,1773502486250490 ,SA,,,1/1/00 0:00,10.6838,1.6846,6/8/23 17:44,0.54,Non-Auction Ads,Promote
20230807,1773502512387090 ,US,,,1/1/00 0:00,3.92,2.04,6/8/23 17:44,0.54,Non-Auction Ads,Promote
20230807,1773502771528710 ,FR,,,1/1/00 0:00,10.4549,5.1312,6/8/23 17:48,1.53,RIE,Promote Report Recall
20230807,1773502585376770 ,TR,,,1/1/00 0:00,13.096,1.986,6/8/23 17:45,0.54,Non-Auction Ads,Promote
20230807,1773502554070010 ,SA,,,1/1/00 0:00,8.8125,1.0527,6/8/23 17:45,0.54,Non-Auction Ads,Promote
20230807,1773502853591040 ,RO,,,1/1/00 0:00,17.4321,6.0082,6/8/23 17:49,0.54,Non-Auction Ads,Promote
20230807,1773502276262940 ,VN,VN,,1/1/00 0:00,9.2573,4.7126,6/8/23 17:48,2.14,Auction Ads,auction_relation
20230807,1773503112885250 ,CA,,,1/1/00 0:00,191.1518,10.5877,6/8/23 17:54,1.53,RIE,Promote Report Recall
20230807,1772644092759070 ,KZ,Other,,1/1/00 0:00,52.34,20.9524,6/8/23 18:00,1.62,RIE,Ad Group Recall (Merged)
20230807,1773502765155330 ,FR,,,1/1/00 0:00,23.9741,2.8225,6/8/23 17:47,0.54,Non-Auction Ads,Promote
20230807,1773502680748030 ,TR,,,1/1/00 0:00,4.8034,0.8662,6/8/23 17:46,0.54,Non-Auction Ads,Promote
20230807,1773503003472940 ,VN,VN,,1/1/00 0:00,8.9052,1.6248,6/8/23 17:46,2.14,Auction Ads,auction_relation
20230807,1773503003472940 ,VN,VN,,1/1/00 0:00,8.9052,1.6248,6/8/23 17:46,2.14,Auction Ads,auction_relation
20230807,1773502985740290 ,PT,,,1/1/00 0:00,8.7209,5.518,6/8/23 17:52,0.54,Non-Auction Ads,Promote
20230807,1773502636818480 ,EG,,,1/1/00 0:00,0.662,0.5137,6/8/23 17:46,1.53,RIE,Promote Report Recall
20230807,1773502805018670 ,VN,VN,,1/1/00 0:00,,2.8815,6/8/23 17:50,2.14,Auction Ads,auction_relation
20230807,1773502799594490 ,SA,,,1/1/00 0:00,29.7719,2.9939,6/8/23 17:50,0.54,Non-Auction Ads,Promote
20230807,1773502210788350 ,NL,,,1/1/00 0:00,2.6309,1.2662,6/8/23 17:49,1.53,RIE,Promote Report Recall
20230807,1773503696378930 ,DE,DE,,1/1/00 0:00,,132.1754,6/8/23 18:59,1.01,Auction Ads,auction_relation
20230807,1773502932436000 ,BR,,,1/1/00 0:00,16.1653,3.3959,6/8/23 17:53,0.54,Non-Auction Ads,Promote
20230807,1773491712906240 ,TH,,,1/1/00 0:00,1.8504,0.5433,6/8/23 17:51,1.53,RIE,Promote Report Recall
20230807,1773503153053690 ,SA,,,1/1/00 0:00,26.4985,2.735,6/8/23 17:53,0.54,Non-Auction Ads,Promote
20230807,1773503134143490 ,SA,,,1/1/00 0:00,17.7927,1.3755,6/8/23 17:53,0.54,Non-Auction Ads,Promote
20230807,1773503363359760 ,VN,VN,,1/1/00 0:00,,3.8342,6/8/23 17:55,2.14,Auction Ads,auction_relation
20230807,1773503363359760 ,VN,VN,,1/1/00 0:00,,3.8342,6/8/23 17:55,2.14,Auction Ads,auction_relation
20230807,1773503368337400 ,TH,,,1/1/00 0:00,55.5638,5.9261,6/8/23 17:57,0.54,Non-Auction Ads,Promote
20230807,1773503507398650 ,SA,MENA,,1/1/00 0:00,0,0.3414,6/8/23 17:52,1.78,Auction Ads,auction_relation
20230807,1773503071282170 ,SA,,,1/1/00 0:00,4.622,5.2457,6/8/23 17:57,1.53,RIE,Promote Report Recall
20230807,1773503076658190 ,NL,,,1/1/00 0:00,5.6461,1.3213,6/8/23 17:53,1.53,RIE,Promote Report Recall
20230807,1773503521970180 ,ES,,,1/1/00 0:00,37.9174,10.8841,6/8/23 17:59,0.54,Non-Auction Ads,Promote
20230807,1773503225842740 ,BR,,,1/1/00 0:00,25.1951,3.394,6/8/23 17:56,0.54,Non-Auction Ads,Promote
20230807,1773503739069440 ,US,,,1/1/00 0:00,140.84,18.0273,6/8/23 18:04,0.54,Non-Auction Ads,Promote
20230807,1773503289924610 ,RO,,,1/1/00 0:00,1.2914,3.3035,6/8/23 17:56,0.54,Non-Auction Ads,Promote
20230807,1773503138488350 ,GR,,,1/1/00 0:00,5.6459,1.0674,6/8/23 17:54,1.53,RIE,Promote Report Recall
20230807,1773496865581050 ,EG,MENA,,1/1/00 0:00,20.5584,4.7235,6/8/23 17:57,1.67,RIE,Ad Group Recall (Merged)
20230807,1773503266456610 ,BR,,,1/1/00 0:00,12.8864,3.6657,6/8/23 17:57,0.54,Non-Auction Ads,Promote
20230807,1773503291406340 ,FI,,,1/1/00 0:00,1.6509,0.9304,6/8/23 17:56,1.53,RIE,Promote Report Recall
20230807,1773503329525760 ,SA,,,1/1/00 0:00,16.5827,2.5584,6/8/23 17:57,0.54,Non-Auction Ads,Promote
20230807,1773503360646140 ,BR,,,1/1/00 0:00,12.5211,3.6657,6/8/23 17:57,0.54,Non-Auction Ads,Promote
20230807,1773503322361850 ,IL,,,1/1/00 0:00,14.4157,3.219,6/8/23 17:58,0.54,Non-Auction Ads,Promote
20230807,1773503520741380 ,FR,,,1/1/00 0:00,22.9139,9.1222,6/8/23 18:00,0.54,Non-Auction Ads,Promote
20230807,1773503430546430 ,SA,,,1/1/00 0:00,10.3586,4.614,6/8/23 17:59,0.54,Non-Auction Ads,Promote
20230807,1773503541353470 ,BR,,,1/1/00 0:00,9.4451,9.6378,6/8/23 18:00,0.54,Non-Auction Ads,Promote
20230807,1773503270432770 ,BR,,,1/1/00 0:00,3.3222,0.9553,6/8/23 17:57,1.53,RIE,Promote Report Recall
20230807,1773503492966400 ,SA,,,1/1/00 0:00,15.1647,3.1905,6/8/23 17:58,1.53,RIE,Promote Report Recall
20230807,1773503381137410 ,GR,,,1/1/00 0:00,5.8676,1.9121,6/8/23 17:58,0.54,Non-Auction Ads,Promote
20230807,1773504060748910 ,US,,,1/1/00 0:00,169.73,34.0901,6/8/23 18:09,0.54,Non-Auction Ads,Promote
20230807,1773503452384250 ,TR,,,1/1/00 0:00,0.4825,0.262,6/8/23 17:58,1.53,RIE,Promote Report Recall
20230807,1773503716608030 ,VN,VN,,1/1/00 0:00,,0,6/8/23 17:58,2.14,Auction Ads,auction_relation
20230807,1773503367688190 ,TR,,,1/1/00 0:00,0.2678,0.1586,6/8/23 17:59,1.53,RIE,Promote Report Recall
20230807,1773503672237060 ,BR,,,1/1/00 0:00,52.3088,6.3413,6/8/23 18:02,0.54,Non-Auction Ads,Promote
20230807,1773503719442430 ,PL,,,1/1/00 0:00,7.5068,6.995,6/8/23 18:03,0.54,Non-Auction Ads,Promote
20230807,1773504370458640 ,KZ,Other,,1/1/00 0:00,12.7,2.3588,6/8/23 18:00,1.62,RIE,Ad Group Recall (Merged)
20230807,1773503550971900 ,TR,,,1/1/00 0:00,0.4044,0.1607,6/8/23 17:59,1.53,RIE,Promote Report Recall
20230807,1773503550971900 ,TR,,,1/1/00 0:00,0.4044,0.1607,6/8/23 17:59,1.53,RIE,Promote Report Recall
20230807,1773503678715900 ,US,,,1/1/00 0:00,33.5,4.9438,6/8/23 18:02,1.53,RIE,Promote Report Recall
20230807,1773503606251520 ,SA,,,1/1/00 0:00,0,0.8227,6/8/23 18:00,1.53,RIE,Promote Report Recall
20230807,1773480867615790 ,KZ,Other,,1/1/00 0:00,1.27,1.2112,6/8/23 18:01,1.62,RIE,Ad Group Recall (Merged)
20230807,1773503788752900 ,US,,,1/1/00 0:00,66.26,18.0273,6/8/23 18:04,0.54,Non-Auction Ads,Promote
20230807,1773503790883840 ,IT,,,1/1/00 0:00,18.7565,1.0054,6/8/23 18:03,0.54,Non-Auction Ads,Promote
20230807,1773503934509050 ,SG,SG,,1/1/00 0:00,27.7,16.185,6/8/23 18:04,1.94,Auction Ads,auction_relation
20230807,1773503934509050 ,PK,PK,,1/1/00 0:00,27.7,16.185,6/8/23 18:04,1.36,Auction Ads,auction_relation
20230807,1773503934509050 ,ZA,ZA,,1/1/00 0:00,27.7,16.185,6/8/23 18:04,1.4,Auction Ads,auction_relation
20230807,1773503934509050 ,SA,MENA,,1/1/00 0:00,27.7,16.185,6/8/23 18:04,1.78,Auction Ads,auction_relation
20230807,1773503934509050 ,NZ,NZ,,1/1/00 0:00,27.7,16.185,6/8/23 18:04,1.58,Auction Ads,auction_relation
20230807,1773503934509050 ,MX,MX,,1/1/00 0:00,27.7,16.185,6/8/23 18:04,1.99,Auction Ads,auction_all
20230807,1773503934509050 ,OM,Others,,1/1/00 0:00,27.7,16.185,6/8/23 18:04,1.56,Auction Ads,auction_all
20230807,1773503934509050 ,AU,AU,,1/1/00 0:00,27.7,16.185,6/8/23 18:04,1.84,Auction Ads,auction_relation
20230807,1773503934509050 ,IQ,Others,,1/1/00 0:00,27.7,16.185,6/8/23 18:04,1.56,Auction Ads,auction_all
20230807,1773503934509050 ,TW,TW,,1/1/00 0:00,27.7,16.185,6/8/23 18:04,0.95,Auction Ads,auction_relation
20230807,1773503934509050 ,SA,MENA,,1/1/00 0:00,27.7,16.185,6/8/23 18:04,1.78,Auction Ads,auction_relation
20230807,1773503934509050 ,ZA,ZA,,1/1/00 0:00,27.7,16.185,6/8/23 18:04,1.4,Auction Ads,auction_relation
20230807,1773503934509050 ,GR,GR,,1/1/00 0:00,27.7,16.185,6/8/23 18:04,2.11,Auction Ads,auction_relation
20230807,1773503934509050 ,PK,PK,,1/1/00 0:00,27.7,16.185,6/8/23 18:04,1.36,Auction Ads,auction_relation
20230807,1773503934509050 ,QA,Others,,1/1/00 0:00,27.7,16.185,6/8/23 18:04,1.56,Auction Ads,auction_all
20230807,1773503934509050 ,IQ,Others,,1/1/00 0:00,27.7,16.185,6/8/23 18:04,1.56,Auction Ads,auction_all
20230807,1773503934509050 ,ID,ID,,1/1/00 0:00,27.7,16.185,6/8/23 18:04,1.8,Auction Ads,auction_relation
20230807,1773503934509050 ,CO,CO,,1/1/00 0:00,27.7,16.185,6/8/23 18:04,1.93,Auction Ads,auction_all
20230807,1773503934509050 ,BE,BE,,1/1/00 0:00,27.7,16.185,6/8/23 18:04,1.15,Auction Ads,auction_relation
20230807,1773503934509050 ,TW,TW,,1/1/00 0:00,27.7,16.185,6/8/23 18:04,0.95,Auction Ads,auction_relation
20230807,1773503934509050 ,PL,PL,,1/1/00 0:00,27.7,16.185,6/8/23 18:04,1.64,Auction Ads,auction_relation
20230807,1773503934509050 ,AE,MENA,,1/1/00 0:00,27.7,16.185,6/8/23 18:04,1.78,Auction Ads,auction_relation
20230807,1773503934509050 ,TH,TH,,1/1/00 0:00,27.7,16.185,6/8/23 18:04,1.64,Auction Ads,auction_relation
20230807,1773503934509050 ,MY,MY,,1/1/00 0:00,27.7,16.185,6/8/23 18:04,2.31,Auction Ads,auction_relation
20230807,1773503934509050 ,GR,GR,,1/1/00 0:00,27.7,16.185,6/8/23 18:04,2.11,Auction Ads,auction_relation
20230807,1773503934509050 ,SE,SE,,1/1/00 0:00,27.7,16.185,6/8/23 18:04,1.4,Auction Ads,auction_relation
20230807,1773503934509050 ,KW,Others,,1/1/00 0:00,27.7,16.185,6/8/23 18:04,1.56,Auction Ads,auction_all
20230807,1773503934509050 ,TH,TH,,1/1/00 0:00,27.7,16.185,6/8/23 18:04,1.64,Auction Ads,auction_relation
20230807,1773503934509050 ,PL,PL,,1/1/00 0:00,27.7,16.185,6/8/23 18:04,1.64,Auction Ads,auction_relation
20230807,1773503934509050 ,PT,PT,,1/1/00 0:00,27.7,16.185,6/8/23 18:04,1.98,Auction Ads,auction_relation
20230807,1773503934509050 ,AR,AR,,1/1/00 0:00,27.7,16.185,6/8/23 18:04,2.23,Auction Ads,auction_all
20230807,1773503934509050 ,TH,TH,,1/1/00 0:00,27.7,16.185,6/8/23 18:04,1.64,Auction Ads,auction_relation
20230807,1773503934509050 ,LB,Others,,1/1/00 0:00,27.7,16.185,6/8/23 18:04,1.56,Auction Ads,auction_all
20230807,1773503934509050 ,TR,TR,,1/1/00 0:00,27.7,16.185,6/8/23 18:04,0.83,Auction Ads,auction_relation
20230807,1773503934509050 ,IQ,Others,,1/1/00 0:00,27.7,16.185,6/8/23 18:04,1.56,Auction Ads,auction_all
20230807,1773503934509050 ,ID,ID,,1/1/00 0:00,27.7,16.185,6/8/23 18:04,1.8,Auction Ads,auction_relation
20230807,1773503909369860 ,ES,,,1/1/00 0:00,19.205,9.1218,6/8/23 18:05,0.54,Non-Auction Ads,Promote
20230807,1773503845384190 ,IT,,,1/1/00 0:00,15.1487,7.9318,6/8/23 18:05,0.54,Non-Auction Ads,Promote
20230807,1773503829161980 ,SA,,,1/1/00 0:00,18.8804,4.5868,6/8/23 18:05,0.54,Non-Auction Ads,Promote
20230807,1773503969326080 ,TR,,,1/1/00 0:00,6.5354,11.3495,6/8/23 18:09,0.54,Non-Auction Ads,Promote
20230807,1773503787184130 ,SA,,,1/1/00 0:00,7.8045,3.9237,6/8/23 18:05,1.53,RIE,Promote Report Recall
20230807,1773503678507010 ,BR,,,1/1/00 0:00,11.9298,1.8111,6/8/23 18:05,0.54,Non-Auction Ads,Promote
20230807,1773503446913020 ,ID,,,1/1/00 0:00,7.5301,0.6386,6/8/23 18:04,1.53,RIE,Promote Report Recall
20230807,1773503789356030 ,SA,,,1/1/00 0:00,15.1165,3.3127,6/8/23 18:05,0.54,Non-Auction Ads,Promote
20230807,1773503785667580 ,TR,,,1/1/00 0:00,5.712,0.7313,6/8/23 18:05,0.54,Non-Auction Ads,Promote
20230807,1773504010451980 ,SA,MENA,,1/1/00 0:00,,2.7,6/8/23 18:06,1.78,Auction Ads,auction_relation
20230807,1773503954937850 ,SA,,,1/1/00 0:00,14.4609,2.6605,6/8/23 18:06,0.54,Non-Auction Ads,Promote
20230807,1773503835679740 ,TR,,,1/1/00 0:00,0.961,0.2247,6/8/23 18:05,1.53,RIE,Promote Report Recall
20230807,1773503952451590 ,GB,,,1/1/00 0:00,29.2738,3.5256,6/8/23 18:07,1.53,RIE,Promote Report Recall
20230807,1773504181132280 ,IL,,,1/1/00 0:00,29.3,7.3157,6/8/23 18:09,0.54,Non-Auction Ads,Promote
20230807,1773503834342400 ,SA,,,1/1/00 0:00,22.06,2.462,6/8/23 18:06,0.54,Non-Auction Ads,Promote
20230807,1773503893993540 ,HU,,,1/1/00 0:00,10.5274,1.3321,6/8/23 18:06,0.54,Non-Auction Ads,Promote
20230807,1773504197168130 ,DE,,,1/1/00 0:00,27.6532,8.0103,6/8/23 18:11,0.54,Non-Auction Ads,Promote
20230807,1773503857563640 ,ID,,,1/1/00 0:00,2.4986,0.7423,6/8/23 18:06,1.53,RIE,Promote Report Recall
20230807,1773504007532540 ,US,,,1/1/00 0:00,11.29,2.76,6/8/23 18:08,1.53,RIE,Promote Report Recall
20230807,1773504228796410 ,IL,,,1/1/00 0:00,19.6992,7.3157,6/8/23 18:10,0.54,Non-Auction Ads,Promote
20230807,1773504542464010 ,VN,VN,,1/1/00 0:00,8.5556,1.2804,6/8/23 18:08,2.14,Auction Ads,auction_relation
20230807,1773504166246400 ,TR,,,1/1/00 0:00,3.3993,3.1717,6/8/23 18:09,0.54,Non-Auction Ads,Promote
20230807,1773503991614460 ,BR,,,1/1/00 0:00,1.5965,0.2725,6/8/23 18:08,1.53,RIE,Promote Report Recall
20230807,1773504235061250 ,US,,,1/1/00 0:00,54.29,6.343,6/8/23 18:11,1.53,RIE,Promote Report Recall
20230807,1773503991713790 ,BR,,,1/1/00 0:00,13.7705,2.1047,6/8/23 18:09,0.54,Non-Auction Ads,Promote
20230807,1773504060180480 ,RO,,,1/1/00 0:00,0.7191,0.2859,6/8/23 18:09,1.53,RIE,Promote Report Recall
20230807,1773504137142270 ,SA,,,1/1/00 0:00,19.7656,2.2636,6/8/23 18:10,0.54,Non-Auction Ads,Promote
20230807,1773504128914430 ,SA,,,1/1/00 0:00,15.5774,1.3397,6/8/23 18:10,0.54,Non-Auction Ads,Promote
20230807,1773504438012930 ,SA,,,1/1/00 0:00,38.3576,7.8156,6/8/23 18:15,0.54,Non-Auction Ads,Promote
20230807,1773504313387060 ,QA,,,1/1/00 0:00,33.7737,4.6174,6/8/23 18:13,0.54,Non-Auction Ads,Promote
20230807,1773504166217730 ,RO,,,1/1/00 0:00,3.8274,1.5558,6/8/23 18:10,0.54,Non-Auction Ads,Promote
20230807,1773504236151800 ,IL,,,1/1/00 0:00,20.9423,2.5305,6/8/23 18:11,0.54,Non-Auction Ads,Promote
20230807,1773504215511040 ,PL,,,1/1/00 0:00,2.8178,0.5018,6/8/23 18:11,1.53,RIE,Promote Report Recall
20230807,1773504521419780 ,ES,,,1/1/00 0:00,14.5841,4.6796,6/8/23 18:15,0.54,Non-Auction Ads,Promote
20230807,1773504306850820 ,FR,,,1/1/00 0:00,2.85,1.4183,6/8/23 18:13,1.53,RIE,Promote Report Recall
20230807,1773504335749120 ,CZ,,,1/1/00 0:00,20.5702,2.8842,6/8/23 18:13,0.54,Non-Auction Ads,Promote
20230807,1773504378035220 ,BR,,,1/1/00 0:00,1.0854,1.9899,6/8/23 18:13,1.53,RIE,Promote Report Recall
20230807,1773504317137920 ,ID,,,1/1/00 0:00,0.9167,0.3603,6/8/23 18:12,1.53,RIE,Promote Report Recall
20230807,1773504471286790 ,BR,,,1/1/00 0:00,4.5963,2.3212,6/8/23 18:14,1.53,RIE,Promote Report Recall
20230807,1773504176410620 ,TH,,,1/1/00 0:00,0.38,0.64,6/8/23 18:13,1.53,RIE,Promote Report Recall
20230807,1773504487013380 ,HU,,,1/1/00 0:00,8.0763,2.3529,6/8/23 18:15,0.54,Non-Auction Ads,Promote
20230807,1773504463652860 ,BR,,,1/1/00 0:00,11.6446,1.4192,6/8/23 18:15,0.54,Non-Auction Ads,Promote
20230807,1773504582991870 ,BR,,,1/1/00 0:00,20.4805,4.7143,6/8/23 18:17,0.54,Non-Auction Ads,Promote
20230807,1773504868017200 ,MA,Other,,1/1/00 0:00,0.4193,3.7834,6/8/23 18:17,1.62,RIE,Ad Group Recall (Merged)
20230807,1773504493857790 ,IT,,,1/1/00 0:00,7.4852,1.4372,6/8/23 18:16,1.53,RIE,Promote Report Recall
20230807,1773504562214910 ,US,,,1/1/00 0:00,5.19,3.51,6/8/23 18:17,1.53,RIE,Promote Report Recall
20230807,1773504577252350 ,US,,,1/1/00 0:00,4.81,1.07,6/8/23 18:16,1.53,RIE,Promote Report Recall
20230807,1773505694908570 ,MX,MX,,1/1/00 0:00,236.1577,25.9979,6/8/23 18:29,1.99,Auction Ads,auction_all
20230807,1773505694908570 ,MX,MX,,1/1/00 0:00,236.1577,25.9979,6/8/23 18:29,1.99,Auction Ads,auction_all
20230807,1773504468413440 ,TR,,,1/1/00 0:00,0.9085,0.2087,6/8/23 18:16,1.53,RIE,Promote Report Recall
20230807,1773504542180370 ,PL,,,1/1/00 0:00,1.8872,0.4974,6/8/23 18:16,1.53,RIE,Promote Report Recall
20230807,1773504821014570 ,TH,TH,,1/1/00 0:00,44.0095,1.6441,6/8/23 18:18,1.64,Auction Ads,auction_relation
20230807,1773504653363200 ,GR,,,1/1/00 0:00,8.8828,1.514,6/8/23 18:18,0.54,Non-Auction Ads,Promote
20230807,1773502653221900 ,NO,Others,,1/1/00 0:00,27.8781,8.3991,6/8/23 18:18,1.56,Auction Ads,auction_all
20230807,1773502653221900 ,TH,TH,,1/1/00 0:00,27.8781,8.3991,6/8/23 18:18,1.64,Auction Ads,auction_relation
20230807,1773502653221900 ,SE,SE,,1/1/00 0:00,27.8781,8.3991,6/8/23 18:18,1.4,Auction Ads,auction_relation
20230807,1773502653221900 ,IE,IE,,1/1/00 0:00,27.8781,8.3991,6/8/23 18:18,1.52,Auction Ads,auction_relation
20230807,1773502653221900 ,CZ,CZ,,1/1/00 0:00,27.8781,8.3991,6/8/23 18:18,1.9,Auction Ads,auction_relation
20230807,1773502653221900 ,RO,RO,,1/1/00 0:00,27.8781,8.3991,6/8/23 18:18,1.94,Auction Ads,auction_relation
20230807,1773502653221900 ,NL,NL,,1/1/00 0:00,27.8781,8.3991,6/8/23 18:18,1.19,Auction Ads,auction_relation
20230807,1773502653221900 ,PT,PT,,1/1/00 0:00,27.8781,8.3991,6/8/23 18:18,1.98,Auction Ads,auction_relation
20230807,1773502653221900 ,NO,Others,,1/1/00 0:00,27.8781,8.3991,6/8/23 18:18,1.56,Auction Ads,auction_all
20230807,1773502653221900 ,PL,PL,,1/1/00 0:00,27.8781,8.3991,6/8/23 18:18,1.64,Auction Ads,auction_relation
20230807,1773502653221900 ,IL,IL,,1/1/00 0:00,27.8781,8.3991,6/8/23 18:18,1.52,Auction Ads,auction_relation
20230807,1773502653221900 ,FI,Others,,1/1/00 0:00,27.8781,8.3991,6/8/23 18:18,1.56,Auction Ads,auction_all
20230807,1773502653221900 ,IE,IE,,1/1/00 0:00,27.8781,8.3991,6/8/23 18:18,1.52,Auction Ads,auction_relation
20230807,1773502653221900 ,DE,DE,,1/1/00 0:00,27.8781,8.3991,6/8/23 18:18,1.01,Auction Ads,auction_relation
20230807,1773502653221900 ,DK,DK,,1/1/00 0:00,27.8781,8.3991,6/8/23 18:18,1.31,Auction Ads,auction_relation
20230807,1773502653221900 ,RO,RO,,1/1/00 0:00,27.8781,8.3991,6/8/23 18:18,1.94,Auction Ads,auction_relation
20230807,1773502653221900 ,FI,Others,,1/1/00 0:00,27.8781,8.3991,6/8/23 18:18,1.56,Auction Ads,auction_all
20230807,1773501193198590 ,FI,Others,,1/1/00 0:00,0,10.0761,6/8/23 18:19,1.56,Auction Ads,auction_all
20230807,1773501193198590 ,NO,Others,,1/1/00 0:00,0,10.0761,6/8/23 18:19,1.56,Auction Ads,auction_all
20230807,1773501193198590 ,FI,Others,,1/1/00 0:00,0,10.0761,6/8/23 18:19,1.56,Auction Ads,auction_all
20230807,1773501193198590 ,IE,IE,,1/1/00 0:00,0,10.0761,6/8/23 18:19,1.52,Auction Ads,auction_relation
20230807,1773505316795390 ,US,,,1/1/00 0:00,133.42,20.2627,6/8/23 18:29,0.54,Non-Auction Ads,Promote
20230807,1773504727371770 ,IL,,,1/1/00 0:00,14.3201,2.0643,6/8/23 18:19,0.54,Non-Auction Ads,Promote
20230807,1773504761579520 ,US,,,1/1/00 0:00,28.67,5.3789,6/8/23 18:21,1.53,RIE,Promote Report Recall
20230807,1773504810335230 ,US,,,1/1/00 0:00,7.25,3.3483,6/8/23 18:21,1.53,RIE,Promote Report Recall
20230807,1773504748931070 ,PL,,,1/1/00 0:00,0.4734,1.6883,6/8/23 18:20,1.53,RIE,Promote Report Recall
20230807,1773504773190690 ,FR,,,1/1/00 0:00,6.3616,2.0744,6/8/23 18:20,1.53,RIE,Promote Report Recall
20230807,1773504900983870 ,QA,,,1/1/00 0:00,14.9686,4.1475,6/8/23 18:22,0.54,Non-Auction Ads,Promote
20230807,1773504723589120 ,SA,,,1/1/00 0:00,16.5984,5.5523,6/8/23 18:22,0.54,Non-Auction Ads,Promote
20230807,1773504987617280 ,KW,,,1/1/00 0:00,6.8587,11.2789,6/8/23 18:28,0.54,Non-Auction Ads,Promote
20230807,1773504934312960 ,FR,,,1/1/00 0:00,35.5049,2.1298,6/8/23 18:21,0.54,Non-Auction Ads,Promote
20230807,1773504785992700 ,TR,,,1/1/00 0:00,4.6407,1.401,6/8/23 18:21,0.54,Non-Auction Ads,Promote
20230807,1773505052793850 ,SA,,,1/1/00 0:00,18.8589,6.1755,6/8/23 18:24,0.54,Non-Auction Ads,Promote
20230807,1773504743035900 ,ID,,,1/1/00 0:00,2.112,0.6178,6/8/23 18:21,1.53,RIE,Promote Report Recall
20230807,1773501385341980 ,SA,MENA,,1/1/00 0:00,0,2.4928,6/8/23 18:22,1.78,Auction Ads,auction_relation
20230807,1773504877223930 ,MY,,,1/1/00 0:00,1.0384,0.123,6/8/23 18:22,1.53,RIE,Promote Report Recall
20230807,1773501864049690 ,US,US&CA,,1/1/00 0:00,16,0.95,6/8/23 18:22,1.81,RIE,Ad Group Recall (Merged)
20230807,1773501795496030 ,GB,GB,,1/1/00 0:00,17.9912,5.4577,6/8/23 18:26,1.76,Auction Ads,auction_relation
20230807,1773505271838750 ,BY,BY,,1/1/00 0:00,1.59,3.7621,6/8/23 18:24,2.14,Auction Ads,auction_relation
20230807,1773505417243690 ,SA,MENA,,1/1/00 0:00,0.001,0.6787,6/8/23 18:22,1.78,Auction Ads,auction_relation
20230807,1773504972161020 ,IT,,,1/1/00 0:00,0.2312,1.0131,6/8/23 18:23,1.53,RIE,Promote Report Recall
20230807,1773507873427500 ,SA,MENA,,1/1/00 0:00,9.3543,1.769,6/8/23 18:24,1.78,Auction Ads,auction_relation
20230807,1773505098266630 ,US,,,1/1/00 0:00,1.73,2.84,6/8/23 18:25,1.53,RIE,Promote Report Recall
20230807,1773505114555390 ,ID,,,1/1/00 0:00,235.3135,3.1418,6/8/23 18:26,0.54,Non-Auction Ads,Promote
20230807,1773492205608960 ,US,,,1/1/00 0:00,52.49,10.5505,6/8/23 18:30,1.53,RIE,Promote Report Recall
20230807,1773505055799290 ,VN,,,1/1/00 0:00,1.8789,0.0588,6/8/23 18:23,1.53,RIE,Promote Report Recall
20230807,1773505031402490 ,TR,,,1/1/00 0:00,9.655,1.2598,6/8/23 18:24,0.54,Non-Auction Ads,Promote
20230807,1773505327714300 ,SA,,,1/1/00 0:00,20.1679,5.6435,6/8/23 18:29,0.54,Non-Auction Ads,Promote
20230807,1773505262268420 ,FR,,,1/1/00 0:00,30.4129,2.7041,6/8/23 18:27,0.54,Non-Auction Ads,Promote
20230807,1773505258935300 ,ES,,,1/1/00 0:00,3.7525,1.6424,6/8/23 18:27,1.53,RIE,Promote Report Recall
20230807,1773501816999980 ,AE,MENA,,1/1/00 0:00,0,7.4243,6/8/23 18:30,1.78,Auction Ads,auction_relation
20230807,1773501816999980 ,SA,MENA,,1/1/00 0:00,0,7.4243,6/8/23 18:30,1.78,Auction Ads,auction_relation
20230807,1773505172273170 ,BR,,,1/1/00 0:00,13.6288,3.6166,6/8/23 18:28,0.54,Non-Auction Ads,Promote
20230807,1773506108815360 ,US,,,1/1/00 0:00,69.12,24.46,6/8/23 18:43,0.54,Non-Auction Ads,Promote
20230807,1773505559596030 ,FR,,,1/1/00 0:00,31.99,8.0825,6/8/23 18:31,0.54,Non-Auction Ads,Promote
20230807,1773505285172220 ,GB,,,1/1/00 0:00,2.2801,0.8461,6/8/23 18:27,1.53,RIE,Promote Report Recall
20230807,1773505264646140 ,PL,,,1/1/00 0:00,4.5437,0.5731,6/8/23 18:28,1.53,RIE,Promote Report Recall
20230807,1773505308959750 ,US,,,1/1/00 0:00,1.75,1.1714,6/8/23 18:28,1.53,RIE,Promote Report Recall
20230807,1773495496426510 ,AE,MENA,,1/1/00 0:00,3.1511,2.6828,6/8/23 18:30,1.67,RIE,Ad Group Recall (Merged)
20230807,1773505430307840 ,GR,,,1/1/00 0:00,10.3235,4.3603,6/8/23 18:30,0.54,Non-Auction Ads,Promote
20230807,1773505572430850 ,SA,,,1/1/00 0:00,26.6984,6.7458,6/8/23 18:33,0.54,Non-Auction Ads,Promote
20230807,1773505732881450 ,SE,Other,,1/1/00 0:00,182.78,7.9483,6/8/23 18:33,1.62,RIE,Ad Group Recall (Merged)
20230807,1773506691415050 ,SA,MENA,,1/1/00 0:00,24.9471,17.177,6/8/23 18:40,1.78,Auction Ads,auction_relation
20230807,1773506691415050 ,SA,MENA,,1/1/00 0:00,24.9471,17.177,6/8/23 18:40,1.78,Auction Ads,auction_relation
20230807,1773505702545410 ,SA,,,1/1/00 0:00,112.7421,7.8156,6/8/23 18:34,0.54,Non-Auction Ads,Promote
20230807,1773505371009020 ,EG,,,1/1/00 0:00,0.6825,0.425,6/8/23 18:29,1.53,RIE,Promote Report Recall
20230807,1773505584670720 ,IL,,,1/1/00 0:00,40.7122,6.2105,6/8/23 18:33,0.54,Non-Auction Ads,Promote
20230807,1773506176206850 ,US,,,1/1/00 0:00,193.35,17.8833,6/8/23 18:42,0.54,Non-Auction Ads,Promote
20230807,1773505958244400 ,VN,VN,,1/1/00 0:00,,0.7347,6/8/23 18:30,2.14,Auction Ads,auction_relation
20230807,1773505827160060 ,SA,MENA,,1/1/00 0:00,,2.0835,6/8/23 18:32,1.78,Auction Ads,auction_relation
20230807,1773505652232190 ,US,,,1/1/00 0:00,22.67,6.53,6/8/23 18:35,1.53,RIE,Promote Report Recall
20230807,1773505506334720 ,TR,,,1/1/00 0:00,3.913,0.2438,6/8/23 18:31,0.54,Non-Auction Ads,Promote
20230807,1773506362094590 ,SA,,,1/1/00 0:00,164.3722,19.7137,6/8/23 18:44,0.54,Non-Auction Ads,Promote
20230807,1773505416082430 ,GB,,,1/1/00 0:00,5.0873,1.5468,6/8/23 18:32,1.53,RIE,Promote Report Recall
20230807,1773505535174650 ,SA,,,1/1/00 0:00,3.2998,0.8078,6/8/23 18:32,1.53,RIE,Promote Report Recall
20230807,1773505943918590 ,ES,ES,,1/1/00 0:00,200.62,24.3061,6/8/23 18:47,1.79,RIE,Ad Group Recall (Merged)
20230807,1773505943918590 ,US,US&CA,,1/1/00 0:00,200.62,24.3061,6/8/23 18:47,1.81,RIE,Ad Group Recall (Merged)
20230807,1773505344967680 ,QA,,,1/1/00 0:00,21.1842,2.8171,6/8/23 18:33,0.54,Non-Auction Ads,Promote
20230807,1773505658888190 ,SA,,,1/1/00 0:00,0,3.582,6/8/23 18:34,0.54,Non-Auction Ads,Promote
20230807,1773506119146530 ,US,,,1/1/00 0:00,127.46,11.9197,6/8/23 18:40,0.54,Non-Auction Ads,Promote
20230807,1773507246266370 ,DE,,,1/1/00 0:00,81.8672,46.3544,6/8/23 18:59,0.54,Non-Auction Ads,Promote
20230807,1773505679877120 ,VN,VN,,1/1/00 0:00,0.7613,0.1805,6/8/23 18:33,2.14,Auction Ads,auction_relation
20230807,1773503908051980 ,EG,MENA,,1/1/00 0:00,17.16,7.1582,6/8/23 18:39,1.67,RIE,Ad Group Recall (Merged)
20230807,1773503908051980 ,KR,KR,,1/1/00 0:00,17.16,7.1582,6/8/23 18:39,2.37,Auction Ads,auction_relation
20230807,1773505663929340 ,GR,,,1/1/00 0:00,64.207,1.3726,6/8/23 18:35,0.54,Non-Auction Ads,Promote
20230807,1773507000520750 ,US,,,1/1/00 0:00,239.05,32.3952,6/8/23 18:56,0.54,Non-Auction Ads,Promote
20230807,1773506036577290 ,CL,Other,,1/1/00 0:00,2975.96,24.3061,6/8/23 18:49,1.62,RIE,Ad Group Recall (Merged)
20230807,1773506036577290 ,US,US&CA,,1/1/00 0:00,2975.96,24.3061,6/8/23 18:49,1.81,RIE,Ad Group Recall (Merged)
20230807,1773506036577290 ,CO,Other,,1/1/00 0:00,2975.96,24.3061,6/8/23 18:49,1.62,RIE,Ad Group Recall (Merged)
20230807,1773506036577290 ,ES,ES,,1/1/00 0:00,2975.96,24.3061,6/8/23 18:49,1.79,RIE,Ad Group Recall (Merged)
20230807,1773506036577290 ,MX,Other,,1/1/00 0:00,2975.96,24.3061,6/8/23 18:49,1.62,RIE,Ad Group Recall (Merged)
20230807,1773505732250620 ,SA,,,1/1/00 0:00,18.963,0.7611,6/8/23 18:35,0.54,Non-Auction Ads,Promote
20230807,1773505862030330 ,VN,VN,,1/1/00 0:00,1.5425,0.4723,6/8/23 18:35,2.14,Auction Ads,auction_relation
20230807,1773507043232770 ,US,,,1/1/00 0:00,224.55,32.3952,6/8/23 18:56,0.54,Non-Auction Ads,Promote
20230807,1773507043232770 ,US,,,1/1/00 0:00,224.55,32.3952,6/8/23 18:56,0.54,Non-Auction Ads,Promote
20230807,1773506787333150 ,BR,BR,,1/1/00 0:00,0.6547,0.3909,6/8/23 18:36,1.7,RIE,Ad Group Recall (Merged)
20230807,1773506787326990 ,BR,BR,,1/1/00 0:00,0.1767,0.3909,6/8/23 18:36,1.7,RIE,Ad Group Recall (Merged)
20230807,1773505983866880 ,TH,,,1/1/00 0:00,0,2.4908,6/8/23 18:38,1.53,RIE,Promote Report Recall
20230807,1773506031901690 ,ID,,,1/1/00 0:00,83.4451,3.1418,6/8/23 18:40,0.54,Non-Auction Ads,Promote
20230807,1773505902446590 ,PL,,,1/1/00 0:00,8.4989,1.0174,6/8/23 18:38,0.54,Non-Auction Ads,Promote
20230807,1773507091896320 ,US,,,1/1/00 0:00,226.64,32.3952,6/8/23 18:57,0.54,Non-Auction Ads,Promote
20230807,1773506256016430 ,PL,PL,,1/1/00 0:00,214.28,24.3061,6/8/23 18:53,1.84,RIE,Ad Group Recall (Merged)
20230807,1773506102574080 ,DE,,,1/1/00 0:00,50.9727,6.2258,6/8/23 18:41,0.54,Non-Auction Ads,Promote
20230807,1773505916729340 ,MY,,,1/1/00 0:00,2.1318,0.3973,6/8/23 18:38,1.53,RIE,Promote Report Recall
20230807,1773506772637690 ,BY,BY,,1/1/00 0:00,,11.3188,6/8/23 18:45,2.14,Auction Ads,auction_relation
20230807,1773506181174270 ,FR,,,1/1/00 0:00,37.853,5.4826,6/8/23 18:42,0.54,Non-Auction Ads,Promote
20230807,1773506004440070 ,PL,,,1/1/00 0:00,0.5835,0.5506,6/8/23 18:40,1.53,RIE,Promote Report Recall
20230807,1773506197790720 ,SA,,,1/1/00 0:00,18.7097,7.6733,6/8/23 18:44,0.54,Non-Auction Ads,Promote
20230807,1773506170048510 ,GR,,,1/1/00 0:00,3.2469,4.168,6/8/23 18:41,1.53,RIE,Promote Report Recall
20230807,1773506073575420 ,IL,,,1/1/00 0:00,1.7785,1.0372,6/8/23 18:40,1.53,RIE,Promote Report Recall
20230807,1773506089417730 ,US,,,1/1/00 0:00,8.5,2.5193,6/8/23 18:41,1.53,RIE,Promote Report Recall
20230807,1773506085620730 ,SA,,,1/1/00 0:00,16.9852,1.5002,6/8/23 18:41,0.54,Non-Auction Ads,Promote
20230807,1773506389458990 ,ES,,,1/1/00 0:00,10.1372,8.2682,6/8/23 18:45,0.54,Non-Auction Ads,Promote
20230807,1773503124454400 ,NO,Others,,1/1/00 0:00,28.2111,3.9189,6/8/23 18:43,1.56,Auction Ads,auction_all
20230807,1773506224444420 ,GR,,,1/1/00 0:00,3.357,4.168,6/8/23 18:43,1.53,RIE,Promote Report Recall
20230807,1773506282274810 ,TR,,,1/1/00 0:00,4.1732,8.2096,6/8/23 18:46,0.54,Non-Auction Ads,Promote
20230807,1773507231626240 ,US,,,1/1/00 0:00,69.42,32.3952,6/8/23 18:59,1.53,RIE,Promote Report Recall
20230807,1773506223539200 ,PL,,,1/1/00 0:00,6.186,1.9401,6/8/23 18:43,1.53,RIE,Promote Report Recall
20230807,1773506262095870 ,SA,,,1/1/00 0:00,19.3068,2.9284,6/8/23 18:44,0.54,Non-Auction Ads,Promote
20230807,1773506284689440 ,SA,,,1/1/00 0:00,9.8513,3.2042,6/8/23 18:44,0.54,Non-Auction Ads,Promote
20230807,1773506183799800 ,SA,,,1/1/00 0:00,8.639,1.0977,6/8/23 18:43,0.54,Non-Auction Ads,Promote
20230807,1773506266020880 ,DK,,,1/1/00 0:00,8.4476,1.9297,6/8/23 18:44,1.53,RIE,Promote Report Recall
20230807,1773506608195580 ,IE,,,1/1/00 0:00,20.0566,9.3924,6/8/23 18:48,0.54,Non-Auction Ads,Promote
20230807,1773506298206260 ,ES,,,1/1/00 0:00,3.0485,0.9538,6/8/23 18:44,1.53,RIE,Promote Report Recall
20230807,1773505700249680 ,FR,,,1/1/00 0:00,5.9219,2.1875,6/8/23 18:45,1.53,RIE,Promote Report Recall
20230807,1773506335241220 ,EG,,,1/1/00 0:00,0,1.4354,6/8/23 18:47,0.54,Non-Auction Ads,Promote
20230807,1773507024427010 ,IT,,,1/1/00 0:00,24.6205,14.5727,6/8/23 18:55,0.54,Non-Auction Ads,Promote
20230807,1773506487939070 ,SA,,,1/1/00 0:00,28.8441,1.9916,6/8/23 18:47,0.54,Non-Auction Ads,Promote
20230807,1773506208327680 ,ID,,,1/1/00 0:00,22.5077,0.6606,6/8/23 18:47,0.54,Non-Auction Ads,Promote
20230807,1773378875167740 ,VN,,,1/1/00 0:00,4.3035,0.423,6/8/23 18:47,0.54,Non-Auction Ads,Promote
20230807,1773506352447490 ,FR,,,1/1/00 0:00,3.2025,0.7542,6/8/23 18:47,1.53,RIE,Promote Report Recall
20230807,1773506979766270 ,US,,,1/1/00 0:00,93.72,10.0113,6/8/23 18:54,0.54,Non-Auction Ads,Promote
20230807,1773506654597120 ,KW,,,1/1/00 0:00,50.7006,3.128,6/8/23 18:49,0.54,Non-Auction Ads,Promote
20230807,1773506582204420 ,ES,,,1/1/00 0:00,0.1761,0.9538,6/8/23 18:48,1.53,RIE,Promote Report Recall
20230807,1773506023120890 ,SA,,,1/1/00 0:00,2.5615,1.7814,6/8/23 18:48,1.53,RIE,Promote Report Recall
20230807,1773506499587070 ,ID,,,1/1/00 0:00,10.7867,0.6606,6/8/23 18:48,0.54,Non-Auction Ads,Promote
20230807,1773506714247170 ,FR,,,1/1/00 0:00,44.6995,2.1016,6/8/23 18:50,0.54,Non-Auction Ads,Promote
20230807,1773506787408890 ,KW,,,1/1/00 0:00,22.5102,3.128,6/8/23 18:52,0.54,Non-Auction Ads,Promote
20230807,1773507001273340 ,IL,,,1/1/00 0:00,18.1206,6.3847,6/8/23 18:54,0.54,Non-Auction Ads,Promote
20230807,1773506838517760 ,DE,,,1/1/00 0:00,14.012,3.5265,6/8/23 18:53,1.53,RIE,Promote Report Recall
20230807,1773507087040510 ,SA,MENA,,1/1/00 0:00,8.18,2.4543,6/8/23 18:53,1.78,Auction Ads,auction_relation
20230807,1773503277714460 ,SA,MENA,,1/1/00 0:00,,3.5914,6/8/23 18:54,1.78,Auction Ads,auction_relation
20230807,1773506646430720 ,BR,,,1/1/00 0:00,0.9812,0.5569,6/8/23 18:51,1.53,RIE,Promote Report Recall
20230807,1773506884552700 ,KW,,,1/1/00 0:00,8.9936,2.3625,6/8/23 18:53,0.54,Non-Auction Ads,Promote
20230807,1773515311158280 ,IE,IE,,1/1/00 0:00,17.8951,5.2254,6/8/23 18:55,1.52,Auction Ads,auction_relation
20230807,1773507157223420 ,US,,,1/1/00 0:00,56.47,6.6881,6/8/23 18:57,0.54,Non-Auction Ads,Promote
20230807,1773506976658430 ,PL,,,1/1/00 0:00,1.4313,1.0134,6/8/23 18:54,1.53,RIE,Promote Report Recall
20230807,1773509836006410 ,SA,MENA,,1/1/00 0:00,202.8813,68.1782,6/8/23 19:33,1.78,Auction Ads,auction_relation
20230807,1773507746421760 ,TH,,,1/1/00 0:00,56.0955,29.2449,6/8/23 19:08,0.54,Non-Auction Ads,Promote
20230807,1773506885473280 ,VN,,,1/1/00 0:00,1.7989,0.0973,6/8/23 18:54,1.53,RIE,Promote Report Recall
20230807,1773506995075070 ,PL,,,1/1/00 0:00,14.3756,1.5055,6/8/23 18:55,0.54,Non-Auction Ads,Promote
20230807,1773507062840320 ,DE,,,1/1/00 0:00,3.7653,2.8958,6/8/23 18:56,1.53,RIE,Promote Report Recall
20230807,1773506992726010 ,PH,,,1/1/00 0:00,0.3961,0.1175,6/8/23 18:56,1.53,RIE,Promote Report Recall
20230807,1773507127657470 ,PE,PE,,1/1/00 0:00,6.2461,0.3143,6/8/23 18:56,1.68,Auction Ads,auction_all
20230807,1773507203979260 ,SA,,,1/1/00 0:00,44.3393,4.5261,6/8/23 18:58,0.54,Non-Auction Ads,Promote
20230807,1773506276136960 ,FR,,,1/1/00 0:00,4.0611,0.9562,6/8/23 18:57,1.53,RIE,Promote Report Recall
20230807,1773507216764930 ,TR,,,1/1/00 0:00,5.9001,2.099,6/8/23 18:58,0.54,Non-Auction Ads,Promote
20230807,1773507131180030 ,TR,,,1/1/00 0:00,7.2475,1.1831,6/8/23 18:57,0.54,Non-Auction Ads,Promote
20230807,1773507134799870 ,TR,,,1/1/00 0:00,5.0753,0.5476,6/8/23 18:57,0.54,Non-Auction Ads,Promote
20230807,1773507263994880 ,SA,,,1/1/00 0:00,11.9366,8.0554,6/8/23 18:59,0.54,Non-Auction Ads,Promote
20230807,1773504065890350 ,IT,IT,,1/1/00 0:00,28.2534,21.1339,6/8/23 19:07,1.79,RIE,Ad Group Recall (Merged)
20230807,1773507280236550 ,TH,,,1/1/00 0:00,0,3.7683,6/8/23 18:59,1.53,RIE,Promote Report Recall
20230807,1773507268893690 ,TR,,,1/1/00 0:00,2.0346,0.8819,6/8/23 18:59,1.53,RIE,Promote Report Recall
20230807,1773507202922510 ,BR,,,1/1/00 0:00,5.7147,2.0355,6/8/23 18:59,0.54,Non-Auction Ads,Promote
20230807,1773507368667140 ,FR,,,1/1/00 0:00,77.7668,6.6828,6/8/23 19:00,0.54,Non-Auction Ads,Promote
20230807,1773507130397690 ,SA,,,1/1/00 0:00,2.8522,0.6749,6/8/23 18:59,1.53,RIE,Promote Report Recall
20230807,1773507302976510 ,DE,,,1/1/00 0:00,8.7502,2.6785,6/8/23 18:59,1.53,RIE,Promote Report Recall
20230807,1773507174079480 ,TR,,,1/1/00 0:00,4.31,0.2447,6/8/23 18:59,1.53,RIE,Promote Report Recall
20230807,1773507243564030 ,TR,,,1/1/00 0:00,4.4283,1.6407,6/8/23 18:59,1.53,RIE,Promote Report Recall
20230807,1773507133127680 ,SA,,,1/1/00 0:00,36.1852,2.2312,6/8/23 18:59,0.54,Non-Auction Ads,Promote
20230807,1773507402902530 ,US,,,1/1/00 0:00,12.22,4.741,6/8/23 19:01,1.53,RIE,Promote Report Recall
20230807,1773490026168370 ,VN,VN,,1/1/00 0:00,,2.3202,6/8/23 19:00,2.14,Auction Ads,auction_relation
20230807,1773507416715260 ,ES,,,1/1/00 0:00,21.0996,5.379,6/8/23 19:02,0.54,Non-Auction Ads,Promote
20230807,1773509532572680 ,UY,Other,,1/1/00 0:00,8.05,2.0049,6/8/23 19:00,1.62,RIE,Ad Group Recall (Merged)
20230807,1773507441013760 ,GB,,,1/1/00 0:00,31.9764,5.0795,6/8/23 19:02,0.54,Non-Auction Ads,Promote
20230807,1773508298864640 ,US,,,1/1/00 0:00,152.26,22.4782,6/8/23 19:15,0.54,Non-Auction Ads,Promote
20230807,1773507309231100 ,US,,,1/1/00 0:00,10.96,2.07,6/8/23 19:00,1.53,RIE,Promote Report Recall
20230807,1773507514515460 ,ES,,,1/1/00 0:00,16.3133,3.5867,6/8/23 19:02,0.54,Non-Auction Ads,Promote
20230807,1773507333379070 ,FR,,,1/1/00 0:00,6.6047,1.0418,6/8/23 19:01,1.53,RIE,Promote Report Recall
20230807,1773507253242880 ,BR,,,1/1/00 0:00,1.8077,1.83,6/8/23 19:01,1.53,RIE,Promote Report Recall
20230807,1773507195693050 ,SA,,,1/1/00 0:00,1.9806,1.4059,6/8/23 19:01,1.53,RIE,Promote Report Recall
20230807,1773507449736190 ,US,,,1/1/00 0:00,8.77,3.15,6/8/23 19:03,0.54,Non-Auction Ads,Promote
20230807,1773507604188160 ,SA,,,1/1/00 0:00,80.1882,5.6503,6/8/23 19:05,0.54,Non-Auction Ads,Promote
20230807,1773507446018050 ,KH,,,1/1/00 0:00,8.33,2.9785,6/8/23 19:03,0.54,Non-Auction Ads,Promote
20230807,1773507755563000 ,PH,,,1/1/00 0:00,18.2317,9.7202,6/8/23 19:07,0.54,Non-Auction Ads,Promote
20230807,1773507454466050 ,BR,,,1/1/00 0:00,1.8939,2.0441,6/8/23 19:03,0.54,Non-Auction Ads,Promote
20230807,1773507500345360 ,FR,,,1/1/00 0:00,3.6651,1.2003,6/8/23 19:03,1.53,RIE,Promote Report Recall
20230807,1773507510660100 ,RO,,,1/1/00 0:00,6.7552,1.4785,6/8/23 19:04,0.54,Non-Auction Ads,Promote
20230807,1773507633935360 ,SA,,,1/1/00 0:00,24.1899,5.2618,6/8/23 19:05,0.54,Non-Auction Ads,Promote
20230807,1773504567310330 ,AE,MENA,,1/1/00 0:00,,13.5432,6/8/23 19:12,1.78,Auction Ads,auction_relation
20230807,1773507678660610 ,ID,,,1/1/00 0:00,23.7457,4.5458,6/8/23 19:05,0.54,Non-Auction Ads,Promote
20230807,1773507534391290 ,SA,,,1/1/00 0:00,7.2555,1.0966,6/8/23 19:04,0.54,Non-Auction Ads,Promote
20230807,1773510183902200 ,BY,BY,,1/1/00 0:00,24.87,5.4736,6/8/23 19:06,2.14,Auction Ads,auction_relation
20230807,1773503812655120 ,FR,FR,,1/1/00 0:00,31.0037,0.6695,6/8/23 19:05,1.97,Auction Ads,auction_relation
20230807,1773507681154050 ,US,,,1/1/00 0:00,18.69,3.4,6/8/23 19:06,1.53,RIE,Promote Report Recall
20230807,1773535094087680 ,BR,BR,,1/1/00 0:00,0.28,17.3491,6/8/23 19:17,1.99,Auction Ads,auction_all
20230807,1773507554231290 ,SA,,,1/1/00 0:00,22.6015,1.2723,6/8/23 19:05,0.54,Non-Auction Ads,Promote
20230807,1773507668190220 ,VN,VN,,1/1/00 0:00,,1.1751,6/8/23 19:05,2.14,Auction Ads,auction_relation
20230807,1773507668198440 ,VN,VN,,1/1/00 0:00,,1.1751,6/8/23 19:05,2.14,Auction Ads,auction_relation
20230807,1773507670993970 ,VN,VN,,1/1/00 0:00,,1.1751,6/8/23 19:05,2.14,Auction Ads,auction_relation
20230807,1773507304833020 ,SA,,,1/1/00 0:00,8.2476,2.5713,6/8/23 19:06,1.53,RIE,Promote Report Recall
20230807,1773507675189250 ,QA,,,1/1/00 0:00,4.1759,1.349,6/8/23 19:06,0.54,Non-Auction Ads,Promote
20230807,1773507961209850 ,SA,,,1/1/00 0:00,17.4915,8.783,6/8/23 19:12,0.54,Non-Auction Ads,Promote
20230807,1773507884738560 ,SA,,,1/1/00 0:00,27.3101,6.2094,6/8/23 19:10,0.54,Non-Auction Ads,Promote
20230807,1773508695513100 ,US,,,1/1/00 0:00,114.59,24.7542,6/8/23 19:21,0.54,Non-Auction Ads,Promote
20230807,1773507759559680 ,RO,,,1/1/00 0:00,12.0244,3.1811,6/8/23 19:07,0.54,Non-Auction Ads,Promote
20230807,1773507775837180 ,TR,,,1/1/00 0:00,5.8084,2.9687,6/8/23 19:08,0.54,Non-Auction Ads,Promote
20230807,1773507795974140 ,MY,,,1/1/00 0:00,27.8246,3.3454,6/8/23 19:08,0.54,Non-Auction Ads,Promote
20230807,1773509273673730 ,US,,,1/1/00 0:00,233.9,37.5155,6/8/23 19:32,0.54,Non-Auction Ads,Promote
20230807,1773507797688320 ,PL,,,1/1/00 0:00,2.6535,2.048,6/8/23 19:08,1.53,RIE,Promote Report Recall
20230807,1773505004885010 ,KW,Others,,1/1/00 0:00,0.46,20.9833,6/8/23 19:21,1.56,Auction Ads,auction_all
20230807,1773505004885010 ,QA,Others,,1/1/00 0:00,0.46,20.9833,6/8/23 19:21,1.56,Auction Ads,auction_all
20230807,1773505004885010 ,MA,MA,,1/1/00 0:00,0.46,20.9833,6/8/23 19:21,1.51,Auction Ads,auction_relation
20230807,1773505004885010 ,AE,MENA,,1/1/00 0:00,0.46,20.9833,6/8/23 19:21,1.78,Auction Ads,auction_relation
20230807,1773505004885010 ,SA,MENA,,1/1/00 0:00,0.46,20.9833,6/8/23 19:21,1.78,Auction Ads,auction_relation
20230807,1773507984575500 ,US,,,1/1/00 0:00,4.24,1.8446,6/8/23 19:10,1.53,RIE,Promote Report Recall
20230807,1773508009447420 ,SA,,,1/1/00 0:00,1.7297,0.8417,6/8/23 19:10,1.53,RIE,Promote Report Recall
20230807,1773507966154750 ,RO,,,1/1/00 0:00,24.1239,2.0081,6/8/23 19:11,0.54,Non-Auction Ads,Promote
20230807,1773508757854220 ,MA,MA,,1/1/00 0:00,5.86,1.9851,6/8/23 19:11,1.51,Auction Ads,auction_relation
20230807,1773507959176190 ,GR,,,1/1/00 0:00,8.5522,0.7087,6/8/23 19:11,1.53,RIE,Promote Report Recall
20230807,1773508571150350 ,IQ,Others,,1/1/00 0:00,,2.346,6/8/23 19:12,1.56,Auction Ads,auction_all
20230807,1773508309627900 ,SA,,,1/1/00 0:00,21.6794,7.014,6/8/23 19:17,0.54,Non-Auction Ads,Promote
20230807,1773508183865350 ,DE,,,1/1/00 0:00,9.2702,2.4283,6/8/23 19:15,1.53,RIE,Promote Report Recall
20230807,1773508483057690 ,AE,MENA,,1/1/00 0:00,3.139,3.9109,6/8/23 19:15,1.78,Auction Ads,auction_relation
20230807,1773417385616380 ,SA,,,1/1/00 0:00,2.4072,0.7665,6/8/23 19:12,0.54,Non-Auction Ads,Promote
20230807,1773508202243070 ,US,,,1/1/00 0:00,8.1,2.3221,6/8/23 19:15,0.54,Non-Auction Ads,Promote
20230807,1773508186448900 ,FI,,,1/1/00 0:00,13.2194,3.1161,6/8/23 19:15,0.54,Non-Auction Ads,Promote
20230807,1773504912320540 ,QA,Others,,1/1/00 0:00,45.84,9.2733,6/8/23 19:19,1.56,Auction Ads,auction_all
20230807,1773504912320540 ,MA,MA,,1/1/00 0:00,45.84,9.2733,6/8/23 19:19,1.51,Auction Ads,auction_relation
20230807,1773504912320540 ,AE,MENA,,1/1/00 0:00,45.84,9.2733,6/8/23 19:19,1.78,Auction Ads,auction_relation
20230807,1773504912320540 ,EG,MENA,,1/1/00 0:00,45.84,9.2733,6/8/23 19:19,1.78,Auction Ads,auction_relation
20230807,1773504912320540 ,KW,Others,,1/1/00 0:00,45.84,9.2733,6/8/23 19:19,1.56,Auction Ads,auction_all
20230807,1773504912320540 ,SA,MENA,,1/1/00 0:00,45.84,9.2733,6/8/23 19:19,1.78,Auction Ads,auction_relation
20230807,1773506218880050 ,NO,Others,,1/1/00 0:00,34.08,37.93,6/8/23 19:37,1.56,Auction Ads,auction_all
20230807,1773508325011460 ,BR,,,1/1/00 0:00,12.9723,4.7843,6/8/23 19:17,0.54,Non-Auction Ads,Promote
20230807,1773508012509180 ,TH,,,1/1/00 0:00,0,2.2158,6/8/23 19:16,1.53,RIE,Promote Report Recall
20230807,1773508622164990 ,IL,,,1/1/00 0:00,29.2783,13.9723,6/8/23 19:22,1.53,RIE,Promote Report Recall
20230807,1773508175701020 ,BR,,,1/1/00 0:00,8.9506,2.0081,6/8/23 19:16,0.54,Non-Auction Ads,Promote
20230807,1773508279043070 ,TR,,,1/1/00 0:00,3.5521,0.901,6/8/23 19:16,0.54,Non-Auction Ads,Promote
20230807,1773508210135040 ,TR,,,1/1/00 0:00,5.2707,1.3871,6/8/23 19:17,0.54,Non-Auction Ads,Promote
20230807,1773508423410690 ,DE,,,1/1/00 0:00,8.6292,2.3782,6/8/23 19:18,1.53,RIE,Promote Report Recall
20230807,1773505462507560 ,MA,MA,,1/1/00 0:00,0.24,20.9833,6/8/23 19:28,1.51,Auction Ads,auction_relation
20230807,1773505462507560 ,AE,MENA,,1/1/00 0:00,0.24,20.9833,6/8/23 19:28,1.78,Auction Ads,auction_relation
20230807,1773505462507560 ,SA,MENA,,1/1/00 0:00,0.24,20.9833,6/8/23 19:28,1.78,Auction Ads,auction_relation
20230807,1773505462507560 ,QA,Others,,1/1/00 0:00,0.24,20.9833,6/8/23 19:28,1.56,Auction Ads,auction_all
20230807,1773505462507560 ,KW,Others,,1/1/00 0:00,0.24,20.9833,6/8/23 19:28,1.56,Auction Ads,auction_all
20230807,1773505036075040 ,NO,Others,,1/1/00 0:00,0.08,4.69,6/8/23 19:20,1.56,Auction Ads,auction_all
20230807,1773508421895160 ,SA,,,1/1/00 0:00,13.3943,2.3794,6/8/23 19:19,0.54,Non-Auction Ads,Promote
20230807,1773508517285890 ,SA,,,1/1/00 0:00,25.0672,2.3506,6/8/23 19:19,0.54,Non-Auction Ads,Promote
20230807,1773508138175520 ,SA,MENA,,1/1/00 0:00,31.86,3.8387,6/8/23 19:20,1.67,RIE,Ad Group Recall (Merged)
20230807,1773508591640580 ,DE,,,1/1/00 0:00,7.2092,1.6866,6/8/23 19:20,1.53,RIE,Promote Report Recall
20230807,1773508671864830 ,DE,,,1/1/00 0:00,54.1088,2.6804,6/8/23 19:21,0.54,Non-Auction Ads,Promote
20230807,1773508891452420 ,US,,,1/1/00 0:00,12.29,7.56,6/8/23 19:24,1.53,RIE,Promote Report Recall
20230807,1773508473715710 ,TR,,,1/1/00 0:00,0.565,0.1189,6/8/23 19:20,1.53,RIE,Promote Report Recall
20230807,1773508596714490 ,IL,,,1/1/00 0:00,19.9347,1.9133,6/8/23 19:21,0.54,Non-Auction Ads,Promote
20230807,1773508573859840 ,IL,,,1/1/00 0:00,34.5428,6.4845,6/8/23 19:24,0.54,Non-Auction Ads,Promote
20230807,1773508518970360 ,TR,,,1/1/00 0:00,5.6008,0.88,6/8/23 19:20,0.54,Non-Auction Ads,Promote
20230807,1773508829321220 ,US,,,1/1/00 0:00,16.9,5.5617,6/8/23 19:25,0.54,Non-Auction Ads,Promote
20230807,1773509477603330 ,GB,,,1/1/00 0:00,69.5742,18.9714,6/8/23 19:34,0.54,Non-Auction Ads,Promote
20230807,1773508822979580 ,UY,Other,,1/1/00 0:00,4.2,2.0049,6/8/23 19:23,1.62,RIE,Ad Group Recall (Merged)
20230807,1773509749692440 ,KW,Others,,1/1/00 0:00,,13.0036,6/8/23 19:32,1.56,Auction Ads,auction_all
20230807,1773509031845890 ,IL,,,1/1/00 0:00,28.8374,7.5228,6/8/23 19:28,0.54,Non-Auction Ads,Promote
20230807,1773508816066560 ,SA,MENA,,1/1/00 0:00,5.74,1.38,6/8/23 19:25,1.78,Auction Ads,auction_relation
20230807,1773508808816670 ,SA,MENA,,1/1/00 0:00,5.7,1.38,6/8/23 19:25,1.78,Auction Ads,auction_relation
20230807,1773509111055400 ,SA,MENA,,1/1/00 0:00,31.3,3.8387,6/8/23 19:26,1.67,RIE,Ad Group Recall (Merged)
20230807,1773509216465920 ,SA,MENA,,1/1/00 0:00,31.3204,9.5848,6/8/23 19:29,1.78,Auction Ads,auction_relation
20230807,1773508811364350 ,GR,,,1/1/00 0:00,17.202,1.3791,6/8/23 19:25,0.54,Non-Auction Ads,Promote
20230807,1773508847522820 ,RO,,,1/1/00 0:00,3.5444,0.9437,6/8/23 19:25,1.53,RIE,Promote Report Recall
20230807,1773509078140940 ,UY,Other,,1/1/00 0:00,7.33,2.0049,6/8/23 19:25,1.62,RIE,Ad Group Recall (Merged)
20230807,1773508844740600 ,IL,,,1/1/00 0:00,3.5001,0.7118,6/8/23 19:25,1.53,RIE,Promote Report Recall
20230807,1773508914749440 ,KW,,,1/1/00 0:00,7.6464,2.076,6/8/23 19:27,0.54,Non-Auction Ads,Promote
20230807,1773508924506110 ,RO,,,1/1/00 0:00,2.3229,0.9437,6/8/23 19:26,1.53,RIE,Promote Report Recall
20230807,1773509083594810 ,VN,,,1/1/00 0:00,9.112,1.608,6/8/23 19:27,1.53,RIE,Promote Report Recall
20230807,1773509075897340 ,US,,,1/1/00 0:00,3.54,1.46,6/8/23 19:27,0.54,Non-Auction Ads,Promote
20230807,1773508927704060 ,TR,,,1/1/00 0:00,10.6893,1.6764,6/8/23 19:28,0.54,Non-Auction Ads,Promote
20230807,1773508994699260 ,ID,,,1/1/00 0:00,1.905,0.3438,6/8/23 19:28,1.53,RIE,Promote Report Recall
20230807,1773509201763330 ,DE,,,1/1/00 0:00,35.4715,5.4004,6/8/23 19:30,0.54,Non-Auction Ads,Promote
20230807,1773509046035450 ,JP,,,1/1/00 0:00,1.1075,1.121,6/8/23 19:28,1.53,RIE,Promote Report Recall
20230807,1773509158959100 ,TR,,,1/1/00 0:00,8.4785,2.0883,6/8/23 19:30,0.54,Non-Auction Ads,Promote
20230807,1773508096868350 ,SA,,,1/1/00 0:00,39.4743,7.7835,6/8/23 19:34,0.54,Non-Auction Ads,Promote
20230807,1773505796103170 ,IL,,,1/1/00 0:00,8.9402,2.4687,6/8/23 19:31,1.53,RIE,Promote Report Recall
20230807,1773505797074970 ,EG,MENA,,1/1/00 0:00,0,5.5053,6/8/23 19:33,1.78,Auction Ads,auction_relation
20230807,1773505797074970 ,AE,MENA,,1/1/00 0:00,0,5.5053,6/8/23 19:33,1.78,Auction Ads,auction_relation
20230807,1773509239808000 ,SA,,,1/1/00 0:00,4.8836,0.9526,6/8/23 19:31,1.53,RIE,Promote Report Recall
20230807,1773509423007740 ,SA,,,1/1/00 0:00,19.4213,7.1218,6/8/23 19:35,0.54,Non-Auction Ads,Promote
20230807,1773509294430220 ,ES,,,1/1/00 0:00,16.7294,1.5382,6/8/23 19:32,0.54,Non-Auction Ads,Promote
20230807,1773509291203580 ,ID,,,1/1/00 0:00,37.8867,0.8224,6/8/23 19:32,0.54,Non-Auction Ads,Promote
20230807,1773509311585280 ,TR,,,1/1/00 0:00,7.3024,1.2805,6/8/23 19:32,0.54,Non-Auction Ads,Promote
20230807,1773509418268670 ,SA,,,1/1/00 0:00,9.1801,1.7604,6/8/23 19:34,1.53,RIE,Promote Report Recall
20230807,1773509531984890 ,IL,,,1/1/00 0:00,20.6489,3.7767,6/8/23 19:35,0.54,Non-Auction Ads,Promote
20230807,1773509580774400 ,IL,,,1/1/00 0:00,20.6461,3.7767,6/8/23 19:36,0.54,Non-Auction Ads,Promote
20230807,1773509517061120 ,RO,,,1/1/00 0:00,19.0337,2.4366,6/8/23 19:35,1.53,RIE,Promote Report Recall
20230807,1773509436684290 ,PL,,,1/1/00 0:00,4.2595,0.9418,6/8/23 19:34,1.53,RIE,Promote Report Recall
20230807,1773498435580960 ,CA,US&CA,,1/1/00 0:00,3.11,5.1325,6/8/23 19:37,1.81,RIE,Ad Group Recall (Merged)
20230807,1773509723137050 ,AE,MENA,,1/1/00 0:00,,0.9863,6/8/23 19:34,1.78,Auction Ads,auction_relation
20230807,1773509768639480 ,SA,,,1/1/00 0:00,43.4142,7.1218,6/8/23 19:38,0.54,Non-Auction Ads,Promote
20230807,1773510807124990 ,US,,,1/1/00 0:00,258.75,35.7522,6/8/23 19:55,0.54,Non-Auction Ads,Promote
20230807,1773509549192190 ,SA,,,1/1/00 0:00,19.4589,1.9511,6/8/23 19:36,0.54,Non-Auction Ads,Promote
20230807,1773509583244290 ,FR,,,1/1/00 0:00,7.1763,2.5183,6/8/23 19:37,1.53,RIE,Promote Report Recall
20230807,1773509544945670 ,RO,,,1/1/00 0:00,5.9426,3.0125,6/8/23 19:38,0.54,Non-Auction Ads,Promote
20230807,1773506265806880 ,RO,,,1/1/00 0:00,15.7179,1.1232,6/8/23 19:37,1.53,RIE,Promote Report Recall
20230807,1773509656646650 ,SA,,,1/1/00 0:00,26.5973,1.3334,6/8/23 19:37,0.54,Non-Auction Ads,Promote
20230807,1773509814356990 ,VN,,,1/1/00 0:00,43.5763,3.8882,6/8/23 19:39,0.54,Non-Auction Ads,Promote
20230807,1773509737829380 ,FI,,,1/1/00 0:00,6.5595,3.2036,6/8/23 19:39,1.53,RIE,Promote Report Recall
20230807,1773510065848320 ,US,,,1/1/00 0:00,81.34,9.3825,6/8/23 19:43,0.54,Non-Auction Ads,Promote
20230807,1773509777132550 ,BR,,,1/1/00 0:00,8.382,1.5733,6/8/23 19:38,0.54,Non-Auction Ads,Promote
20230807,1773498850083850 ,KW,Others,,1/1/00 0:00,,1.0863,6/8/23 19:38,1.56,Auction Ads,auction_all
20230807,1773521099376640 ,CO,Other,,1/1/00 0:00,15.38,3.5372,6/8/23 19:39,1.62,RIE,Ad Group Recall (Merged)
20230807,1773536513386540 ,US,US&CA,,1/1/00 0:00,5.91,10.5675,6/8/23 19:43,1.81,RIE,Ad Group Recall (Merged)
20230807,1773509954708480 ,SA,,,1/1/00 0:00,20.5038,7.1218,6/8/23 19:42,0.54,Non-Auction Ads,Promote
20230807,1773509870386180 ,RO,,,1/1/00 0:00,35.2361,5.2023,6/8/23 19:41,1.53,RIE,Promote Report Recall
20230807,1773509748276220 ,US,,,1/1/00 0:00,12.76,2.236,6/8/23 19:39,1.53,RIE,Promote Report Recall
20230807,1773509832398850 ,CA,,,1/1/00 0:00,51.8686,3.7756,6/8/23 19:41,0.54,Non-Auction Ads,Promote
20230807,1773510025519120 ,BR,BR,,1/1/00 0:00,8.22,4.6728,6/8/23 19:42,1.7,RIE,Ad Group Recall (Merged)
20230807,1773453938933760 ,AU,,,1/1/00 0:00,2.5171,1.5331,6/8/23 19:40,1.53,RIE,Promote Report Recall
20230807,1773509840788480 ,SA,,,1/1/00 0:00,37.6472,2.4557,6/8/23 19:40,0.54,Non-Auction Ads,Promote
20230807,1773509803317250 ,GR,,,1/1/00 0:00,6.3285,1.5746,6/8/23 19:40,0.54,Non-Auction Ads,Promote
20230807,1773510881507330 ,US,,,1/1/00 0:00,175.55,30.5316,6/8/23 19:56,0.54,Non-Auction Ads,Promote
20230807,1773510167410690 ,US,,,1/1/00 0:00,58.06,15.0409,6/8/23 19:46,1.53,RIE,Promote Report Recall
20230807,1773510006952960 ,SA,,,1/1/00 0:00,15.7244,5.8671,6/8/23 19:43,0.54,Non-Auction Ads,Promote
20230807,1773509992528890 ,TR,,,1/1/00 0:00,11.4009,1.265,6/8/23 19:42,0.54,Non-Auction Ads,Promote
20230807,1773509945007100 ,SA,,,1/1/00 0:00,26.189,1.7129,6/8/23 19:42,0.54,Non-Auction Ads,Promote
20230807,1773510077735940 ,IT,,,1/1/00 0:00,59.0467,5.8909,6/8/23 19:44,0.54,Non-Auction Ads,Promote
20230807,1773510361259010 ,SA,MENA,,1/1/00 0:00,,0.282,6/8/23 19:43,1.78,Auction Ads,auction_relation
20230807,1773510092565500 ,DE,,,1/1/00 0:00,14.0343,3.5018,6/8/23 19:43,1.53,RIE,Promote Report Recall
20230807,1773510136436730 ,SA,MENA,,1/1/00 0:00,4.99,1.8782,6/8/23 19:43,1.78,Auction Ads,auction_relation
20230807,1773510136436730 ,QA,Others,,1/1/00 0:00,4.99,1.8782,6/8/23 19:43,1.56,Auction Ads,auction_all
20230807,1773510136436730 ,AE,MENA,,1/1/00 0:00,4.99,1.8782,6/8/23 19:43,1.78,Auction Ads,auction_relation
20230807,1773510136436730 ,KW,Others,,1/1/00 0:00,4.99,1.8782,6/8/23 19:43,1.56,Auction Ads,auction_all
20230807,1773510109737980 ,HU,,,1/1/00 0:00,8.5029,4.5458,6/8/23 19:45,0.54,Non-Auction Ads,Promote
20230807,1773510083872760 ,TR,,,1/1/00 0:00,10.771,3.0928,6/8/23 19:44,0.54,Non-Auction Ads,Promote
20230807,1773510036232190 ,BR,,,1/1/00 0:00,12.1966,1.8033,6/8/23 19:44,0.54,Non-Auction Ads,Promote
20230807,1773506540917810 ,US,US&CA,,1/1/00 0:00,41.26,1.925,6/8/23 19:44,1.81,RIE,Ad Group Recall (Merged)
20230807,1773506592197680 ,US,US&CA,,1/1/00 0:00,49.96,1.925,6/8/23 19:44,1.81,RIE,Ad Group Recall (Merged)
20230807,1773510386907140 ,US,,,1/1/00 0:00,9.31,11.45,6/8/23 19:49,0.54,Non-Auction Ads,Promote
20230807,1773510086812670 ,BR,,,1/1/00 0:00,17.4164,2.4051,6/8/23 19:44,0.54,Non-Auction Ads,Promote
20230807,1773510211256370 ,AE,MENA,,1/1/00 0:00,,6.9838,6/8/23 19:46,1.78,Auction Ads,auction_relation
20230807,1773510211256370 ,SA,MENA,,1/1/00 0:00,,6.9838,6/8/23 19:46,1.78,Auction Ads,auction_relation
20230807,1773510361258010 ,KW,Others,,1/1/00 0:00,14.0838,6.9838,6/8/23 19:46,1.56,Auction Ads,auction_all
20230807,1773510211256370 ,KW,Others,,1/1/00 0:00,,6.9838,6/8/23 19:46,1.56,Auction Ads,auction_all
20230807,1773510361258010 ,EG,MENA,,1/1/00 0:00,14.0838,6.9838,6/8/23 19:46,1.78,Auction Ads,auction_relation
20230807,1773510361258010 ,AE,MENA,,1/1/00 0:00,14.0838,6.9838,6/8/23 19:46,1.78,Auction Ads,auction_relation
20230807,1773510361258010 ,SA,MENA,,1/1/00 0:00,14.0838,6.9838,6/8/23 19:46,1.78,Auction Ads,auction_relation
20230807,1773510208683000 ,SA,,,1/1/00 0:00,21.9992,6.5146,6/8/23 19:46,0.54,Non-Auction Ads,Promote
20230807,1773511289242620 ,SA,,,1/1/00 0:00,48.5213,26.9267,6/8/23 20:04,0.54,Non-Auction Ads,Promote
20230807,1773510204045310 ,IT,,,1/1/00 0:00,26.1411,0.8183,6/8/23 19:45,0.54,Non-Auction Ads,Promote
20230807,1773508646448130 ,GB,GB,,1/1/00 0:00,55.9,16.92,6/8/23 19:55,1.72,RIE,Ad Group Recall (Merged)
20230807,1773510463174650 ,TH,,,1/1/00 0:00,36.6749,8.2023,6/8/23 19:50,0.54,Non-Auction Ads,Promote
20230807,1773510536780800 ,AE,MENA,,1/1/00 0:00,18.07,3.2923,6/8/23 19:46,1.78,Auction Ads,auction_relation
20230807,1773510536780800 ,QA,Others,,1/1/00 0:00,18.07,3.2923,6/8/23 19:46,1.56,Auction Ads,auction_all
20230807,1773516926972970 ,FR,FR,,1/1/00 0:00,9293.4578,272.4242,6/8/23 22:30,1.76,RIE,Ad Group Recall (Merged)
20230807,1773510318195710 ,TR,,,1/1/00 0:00,19.949,4.224,6/8/23 19:47,0.54,Non-Auction Ads,Promote
20230807,1773510312766460 ,IL,,,1/1/00 0:00,22.0882,4.293,6/8/23 19:48,0.54,Non-Auction Ads,Promote
20230807,1773511262753790 ,IQ,Other,,1/1/00 0:00,25.79,11.886,6/8/23 19:54,1.62,RIE,Ad Group Recall (Merged)
20230807,1773510504365060 ,NL,,,1/1/00 0:00,165.4931,6.1381,6/8/23 19:50,0.54,Non-Auction Ads,Promote
20230807,1773510347420670 ,US,,,1/1/00 0:00,9.39,2.203,6/8/23 19:49,0.54,Non-Auction Ads,Promote
20230807,1773510218727430 ,IT,,,1/1/00 0:00,1.2549,0.47,6/8/23 19:47,1.53,RIE,Promote Report Recall
20230807,1773510655902720 ,SA,,,1/1/00 0:00,32.5918,9.5711,6/8/23 19:55,0.54,Non-Auction Ads,Promote
20230807,1773512477293610 ,AE,MENA,,1/1/00 0:00,18.1973,16.3783,6/8/23 20:00,1.67,RIE,Ad Group Recall (Merged)
20230807,1773510488184830 ,IT,,,1/1/00 0:00,2.4651,0.4643,6/8/23 19:50,1.53,RIE,Promote Report Recall
20230807,1773510239093760 ,TR,,,1/1/00 0:00,7.12,1.6298,6/8/23 19:50,0.54,Non-Auction Ads,Promote
20230807,1773510425264130 ,GR,,,1/1/00 0:00,3.6543,0.2386,6/8/23 19:50,1.53,RIE,Promote Report Recall
20230807,1773510761391100 ,SA,,,1/1/00 0:00,34.2179,8.3671,6/8/23 19:55,0.54,Non-Auction Ads,Promote
20230807,1773510677089280 ,ES,,,1/1/00 0:00,47.8836,4.8073,6/8/23 19:54,1.53,RIE,Promote Report Recall
20230807,1773498590353450 ,GB,GB,,1/1/00 0:00,47.63,2.6559,6/8/23 19:52,1.72,RIE,Ad Group Recall (Merged)
20230807,1773510307367940 ,BR,,,1/1/00 0:00,3.4206,0.8444,6/8/23 19:50,1.53,RIE,Promote Report Recall
20230807,1773510370166780 ,KH,,,1/1/00 0:00,10.7603,0.8334,6/8/23 19:50,0.54,Non-Auction Ads,Promote
20230807,1773510458003460 ,BR,,,1/1/00 0:00,26.786,0.9363,6/8/23 19:50,0.54,Non-Auction Ads,Promote
20230807,1773510539150330 ,SA,,,1/1/00 0:00,12.736,2.7311,6/8/23 19:54,0.54,Non-Auction Ads,Promote
20230807,1773510640188410 ,IL,,,1/1/00 0:00,2.7334,1.8621,6/8/23 19:52,1.53,RIE,Promote Report Recall
20230807,1773510508280830 ,KH,,,1/1/00 0:00,11.6292,0.8334,6/8/23 19:51,0.54,Non-Auction Ads,Promote
20230807,1773512599916560 ,AE,MENA,,1/1/00 0:00,7.7173,16.3783,6/8/23 20:04,1.67,RIE,Ad Group Recall (Merged)
20230807,1773510696913920 ,AE,,,1/1/00 0:00,11.6719,2.245,6/8/23 19:54,1.53,RIE,Promote Report Recall
20230807,1773510565248060 ,KH,,,1/1/00 0:00,11.6865,0.8334,6/8/23 19:52,0.54,Non-Auction Ads,Promote
20230807,1773511414208510 ,FR,,,1/1/00 0:00,49.096,18.8151,6/8/23 20:06,0.54,Non-Auction Ads,Promote
20230807,1773510765865980 ,TR,,,1/1/00 0:00,7.8726,3.9122,6/8/23 19:55,0.54,Non-Auction Ads,Promote
20230807,1773511093235710 ,TR,TR,,1/1/00 0:00,529.02,24.3061,6/8/23 20:09,1.63,RIE,Ad Group Recall (Merged)
20230807,1773510768546810 ,TR,,,1/1/00 0:00,7.2805,0.8323,6/8/23 19:54,0.54,Non-Auction Ads,Promote
20230807,1773510799625210 ,SA,,,1/1/00 0:00,28.7961,6.2135,6/8/23 19:58,0.54,Non-Auction Ads,Promote
20230807,1773510884861950 ,TR,,,1/1/00 0:00,6.2598,4.224,6/8/23 19:56,0.54,Non-Auction Ads,Promote
20230807,1773511076310040 ,KW,Others,,1/1/00 0:00,,3.2486,6/8/23 19:56,1.56,Auction Ads,auction_all
20230807,1773511076310040 ,AE,MENA,,1/1/00 0:00,,3.2486,6/8/23 19:56,1.78,Auction Ads,auction_relation
20230807,1773511043682350 ,PK,Other,,1/1/00 0:00,1.43,0.3141,6/8/23 19:55,1.62,RIE,Ad Group Recall (Merged)
20230807,1773511896185880 ,IQ,Other,,1/1/00 0:00,9.19,2.4286,6/8/23 19:59,1.62,RIE,Ad Group Recall (Merged)
20230807,1773501029191720 ,TR,TR,,1/1/00 0:00,26.43,3.57,6/8/23 20:00,1.63,RIE,Ad Group Recall (Merged)
20230807,1773511282768900 ,BR,,,1/1/00 0:00,6.9107,5.8053,6/8/23 20:02,0.54,Non-Auction Ads,Promote
20230807,1773511219441710 ,SA,MENA,,1/1/00 0:00,4.9,2.4136,6/8/23 19:59,1.78,Auction Ads,auction_relation
20230807,1773511194116100 ,ES,,,1/1/00 0:00,36.1771,4.8708,6/8/23 20:02,0.54,Non-Auction Ads,Promote
20230807,1773510720702460 ,TR,,,1/1/00 0:00,0.6187,0.1227,6/8/23 19:57,1.53,RIE,Promote Report Recall
20230807,1773512261591090 ,SA,MENA,,1/1/00 0:00,8.2978,4.6772,6/8/23 20:03,1.67,RIE,Ad Group Recall (Merged)
20230807,1773511112519680 ,DE,,,1/1/00 0:00,11.0945,2.2131,6/8/23 20:01,1.53,RIE,Promote Report Recall
20230807,1773510818192380 ,PH,,,1/1/00 0:00,0.8713,0.0286,6/8/23 19:59,1.53,RIE,Promote Report Recall
20230807,1773510116839420 ,ES,,,1/1/00 0:00,15.2645,2.3353,6/8/23 20:02,1.53,RIE,Promote Report Recall
20230807,1773511203944450 ,SA,,,1/1/00 0:00,,1.4221,6/8/23 20:02,0.54,Non-Auction Ads,Promote
20230807,1773496263613450 ,PK,Other,,1/1/00 0:00,4.75,0.2014,6/8/23 20:00,1.62,RIE,Ad Group Recall (Merged)
20230807,1773511286844410 ,KW,,,1/1/00 0:00,34.6766,1.9515,6/8/23 20:03,0.54,Non-Auction Ads,Promote
20230807,1773511483862020 ,GR,,,1/1/00 0:00,8.423,5.8548,6/8/23 20:06,0.54,Non-Auction Ads,Promote
20230807,1773001140710410 ,NZ,NZ,,1/1/00 0:00,102.0182,89.1639,6/8/23 21:00,1.58,Auction Ads,auction_relation
20230807,1773511159656450 ,EG,,,1/1/00 0:00,3.5456,2.0836,6/8/23 20:04,1.53,RIE,Promote Report Recall
20230807,1773511256649730 ,BR,,,1/1/00 0:00,9.6074,0.8127,6/8/23 20:03,0.54,Non-Auction Ads,Promote
20230807,1773508213627940 ,GB,,,1/1/00 0:00,4.1057,3.2129,6/8/23 20:05,1.53,RIE,Promote Report Recall
20230807,1773511404166140 ,IL,,,1/1/00 0:00,22.3756,3.7767,6/8/23 20:05,0.54,Non-Auction Ads,Promote
20230807,1773511287067650 ,BR,,,1/1/00 0:00,21.2088,3.6203,6/8/23 20:06,0.54,Non-Auction Ads,Promote
20230807,1773511440588800 ,SA,,,1/1/00 0:00,41.5534,7.7835,6/8/23 20:08,0.54,Non-Auction Ads,Promote
20230807,1773511082652670 ,GR,,,1/1/00 0:00,6.1087,0.6848,6/8/23 20:04,0.54,Non-Auction Ads,Promote
20230807,1773511583311870 ,KW,,,1/1/00 0:00,39.7916,7.0383,6/8/23 20:08,0.54,Non-Auction Ads,Promote
20230807,1773511463950330 ,SA,,,1/1/00 0:00,14.0449,2.2212,6/8/23 20:06,0.54,Non-Auction Ads,Promote
20230807,1773512997445680 ,SA,MENA,,1/1/00 0:00,,0,6/8/23 20:05,1.78,Auction Ads,auction_relation
20230807,1773511809927170 ,DE,,,1/1/00 0:00,67.4146,11.6096,6/8/23 20:12,0.54,Non-Auction Ads,Promote
20230807,1773511492973570 ,RO,,,1/1/00 0:00,13.3963,2.1053,6/8/23 20:07,0.54,Non-Auction Ads,Promote
20230807,1773507900636190 ,EG,MENA,,1/1/00 0:00,2.4649,6.2717,6/8/23 20:09,1.78,Auction Ads,auction_relation
20230807,1773511880338480 ,VN,VN,,1/1/00 0:00,,2.048,6/8/23 20:07,2.14,Auction Ads,auction_relation
20230807,1773511461618690 ,TR,,,1/1/00 0:00,0.6546,0.2111,6/8/23 20:07,1.53,RIE,Promote Report Recall
20230807,1773511669237820 ,IL,,,1/1/00 0:00,19.7351,4.4887,6/8/23 20:09,0.54,Non-Auction Ads,Promote
20230807,1773511863962620 ,US,,,1/1/00 0:00,93.81,8.6772,6/8/23 20:14,0.54,Non-Auction Ads,Promote
20230807,1773511588663290 ,ID,,,1/1/00 0:00,9.2842,1.3655,6/8/23 20:08,0.54,Non-Auction Ads,Promote
20230807,1773511781652480 ,BE,,,1/1/00 0:00,33.0741,4.3673,6/8/23 20:10,1.53,RIE,Promote Report Recall
20230807,1773511783222270 ,FR,,,1/1/00 0:00,46.6019,6.023,6/8/23 20:11,0.54,Non-Auction Ads,Promote
20230807,1773512085468160 ,ES,,,1/1/00 0:00,34.9996,10.4731,6/8/23 20:16,1.53,RIE,Promote Report Recall
20230807,1773512110266370 ,FR,,,1/1/00 0:00,40.305,10.8884,6/8/23 20:17,0.54,Non-Auction Ads,Promote
20230807,1773512134983680 ,PE,Other,,1/1/00 0:00,44.21,9.4503,6/8/23 20:16,1.62,RIE,Ad Group Recall (Merged)
20230807,1773511732980740 ,PL,,,1/1/00 0:00,8.4859,2.2644,6/8/23 20:10,0.54,Non-Auction Ads,Promote
20230807,1773511611078650 ,TR,,,1/1/00 0:00,4.3854,0.575,6/8/23 20:09,0.54,Non-Auction Ads,Promote
20230807,1773511776744450 ,IL,,,1/1/00 0:00,29.0906,3.7767,6/8/23 20:11,0.54,Non-Auction Ads,Promote
20230807,1773513188032560 ,EG,MENA,,1/1/00 0:00,0.61,0.4065,6/8/23 20:09,1.78,Auction Ads,auction_relation
20230807,1773511826108420 ,PL,,,1/1/00 0:00,7.7824,2.2644,6/8/23 20:11,0.54,Non-Auction Ads,Promote
20230807,1773511702149120 ,SA,,,1/1/00 0:00,32.5805,2.5989,6/8/23 20:11,0.54,Non-Auction Ads,Promote
20230807,1773511937672190 ,KW,,,1/1/00 0:00,0.7973,3.319,6/8/23 20:13,1.53,RIE,Promote Report Recall
20230807,1773512917910520 ,SA,,,1/1/00 0:00,96.9866,26.8809,6/8/23 20:29,0.54,Non-Auction Ads,Promote
20230807,1773512257217530 ,SA,,,1/1/00 0:00,101.9663,9.5652,6/8/23 20:18,0.54,Non-Auction Ads,Promote
20230807,1773511802370050 ,RO,,,1/1/00 0:00,52.0816,0.6378,6/8/23 20:11,1.53,RIE,Promote Report Recall
20230807,1773512388156410 ,SA,,,1/1/00 0:00,104.1415,8.595,6/8/23 20:20,0.54,Non-Auction Ads,Promote
20230807,1773512018369530 ,IL,,,1/1/00 0:00,44.6042,6.0303,6/8/23 20:17,0.54,Non-Auction Ads,Promote
20230807,1773512076252160 ,SA,,,1/1/00 0:00,18.5468,1.3877,6/8/23 20:15,0.54,Non-Auction Ads,Promote
20230807,1773511936450560 ,ID,,,1/1/00 0:00,0.9526,0.4846,6/8/23 20:14,1.53,RIE,Promote Report Recall
20230807,1773512120647680 ,TR,,,1/1/00 0:00,11.6097,1.4139,6/8/23 20:16,0.54,Non-Auction Ads,Promote
20230807,1773511650292730 ,ID,,,1/1/00 0:00,2.362,0.011,6/8/23 20:15,1.53,RIE,Promote Report Recall
20230807,1773512058711040 ,BR,,,1/1/00 0:00,1.6766,0.8166,6/8/23 20:16,1.53,RIE,Promote Report Recall
20230807,1773512027145210 ,SA,,,1/1/00 0:00,16.5955,1.537,6/8/23 20:16,0.54,Non-Auction Ads,Promote
20230807,1773516224961550 ,JP,JP,,1/1/00 0:00,,95.1418,6/8/23 21:16,2.16,Auction Ads,auction_all
20230807,1773512193653760 ,TR,,,1/1/00 0:00,11.0395,2.2952,6/8/23 20:17,0.54,Non-Auction Ads,Promote
20230807,1773512292399110 ,US,,,1/1/00 0:00,12.66,4.24,6/8/23 20:19,1.53,RIE,Promote Report Recall
20230807,1773512234996730 ,SA,,,1/1/00 0:00,11.7126,2.7311,6/8/23 20:18,0.54,Non-Auction Ads,Promote
20230807,1773506625000440 ,MY,,,1/1/00 0:00,1.1351,0.0461,6/8/23 20:18,1.53,RIE,Promote Report Recall
20230807,1773506625000440 ,MY,,,1/1/00 0:00,1.1351,0.0461,6/8/23 20:18,1.53,RIE,Promote Report Recall
20230807,1773512437698560 ,BR,,,1/1/00 0:00,14.2383,2.0967,6/8/23 20:21,0.54,Non-Auction Ads,Promote
20230807,1773525574999090 ,MA,MA,,1/1/00 0:00,7.65,3.77,6/8/23 20:21,1.51,Auction Ads,auction_relation
20230807,1773525574999090 ,ZA,ZA,,1/1/00 0:00,7.65,3.77,6/8/23 20:21,1.4,Auction Ads,auction_relation
20230807,1773525574999090 ,QA,Others,,1/1/00 0:00,7.65,3.77,6/8/23 20:21,1.56,Auction Ads,auction_all
20230807,1773525574999090 ,US,USCA,,1/1/00 0:00,7.65,3.77,6/8/23 20:21,1.78,Auction Ads,auction_relation
20230807,1773525574999090 ,SA,MENA,,1/1/00 0:00,7.65,3.77,6/8/23 20:21,1.78,Auction Ads,auction_relation
20230807,1773525574999090 ,CA,USCA,,1/1/00 0:00,7.65,3.77,6/8/23 20:21,1.78,Auction Ads,auction_relation
20230807,1773525574999090 ,AE,MENA,,1/1/00 0:00,7.65,3.77,6/8/23 20:21,1.78,Auction Ads,auction_relation
20230807,1773525574999090 ,KW,Others,,1/1/00 0:00,7.65,3.77,6/8/23 20:21,1.56,Auction Ads,auction_all
20230807,1773525574999090 ,EG,MENA,,1/1/00 0:00,7.65,3.77,6/8/23 20:21,1.78,Auction Ads,auction_relation
20230807,1773525574999090 ,TR,TR,,1/1/00 0:00,7.65,3.77,6/8/23 20:21,0.83,Auction Ads,auction_relation
20230807,1773509023428620 ,IQ,Other,,1/1/00 0:00,48.62,11.249,6/8/23 20:26,1.62,RIE,Ad Group Recall (Merged)
20230807,1773512305131520 ,SA,,,1/1/00 0:00,31.483,4.0464,6/8/23 20:22,0.54,Non-Auction Ads,Promote
20230807,1773512441371640 ,SA,,,1/1/00 0:00,12.2459,3.2599,6/8/23 20:22,0.54,Non-Auction Ads,Promote
20230807,1773510935650300 ,IL,,,1/1/00 0:00,48.7416,15.1866,6/8/23 20:32,1.53,RIE,Promote Report Recall
20230807,1773513611110440 ,SA,MENA,,1/1/00 0:00,,17.177,6/8/23 20:33,1.78,Auction Ads,auction_relation
20230807,1773511050317820 ,IL,,,1/1/00 0:00,29.828,15.1866,6/8/23 20:32,1.53,RIE,Promote Report Recall
20230807,1773512388060160 ,TR,,,1/1/00 0:00,6.5699,0.6729,6/8/23 20:21,0.54,Non-Auction Ads,Promote
20230807,1773512572322840 ,SA,MENA,,1/1/00 0:00,2.7003,2.352,6/8/23 20:22,1.78,Auction Ads,auction_relation
20230807,1773512426986490 ,SA,,,1/1/00 0:00,21.5031,0.9879,6/8/23 20:22,0.54,Non-Auction Ads,Promote
20230807,1773512708323330 ,MA,MA,,1/1/00 0:00,5.47,1.9851,6/8/23 20:23,1.51,Auction Ads,auction_relation
20230807,1773509525280810 ,DE,DE,,1/1/00 0:00,22.2303,11.0599,6/8/23 20:30,1.01,Auction Ads,auction_relation
20230807,1773512603630590 ,US,,,1/1/00 0:00,10.04,1.8911,6/8/23 20:24,1.53,RIE,Promote Report Recall
20230807,1773512652953600 ,VN,,,1/1/00 0:00,13.2996,0.9826,6/8/23 20:24,1.53,RIE,Promote Report Recall
20230807,1773512596969470 ,TR,,,1/1/00 0:00,7.2228,1.3012,6/8/23 20:24,1.53,RIE,Promote Report Recall
20230807,1773513017664510 ,OM,Others,,1/1/00 0:00,,3.7736,6/8/23 20:25,1.56,Auction Ads,auction_all
20230807,1773513017664510 ,BH,Others,,1/1/00 0:00,,3.7736,6/8/23 20:25,1.56,Auction Ads,auction_all
20230807,1773513017664510 ,OM,Others,,1/1/00 0:00,,3.7736,6/8/23 20:25,1.56,Auction Ads,auction_all
20230807,1773513046907920 ,AE,MENA,,1/1/00 0:00,16.42,7.1334,6/8/23 20:27,1.78,Auction Ads,auction_relation
20230807,1773512588089340 ,TR,,,1/1/00 0:00,0.6479,0.0722,6/8/23 20:23,1.53,RIE,Promote Report Recall
20230807,1773512429264910 ,TR,,,1/1/00 0:00,8.6,1.6322,6/8/23 20:25,0.54,Non-Auction Ads,Promote
20230807,1773512615378940 ,TR,,,1/1/00 0:00,5.3522,1.6587,6/8/23 20:25,0.54,Non-Auction Ads,Promote
20230807,1773512734919680 ,SA,,,1/1/00 0:00,18.7442,5.443,6/8/23 20:26,0.54,Non-Auction Ads,Promote
20230807,1773512992461830 ,US,,,1/1/00 0:00,53.52,9.1586,6/8/23 20:31,0.54,Non-Auction Ads,Promote
20230807,1773513073524750 ,SA,MENA,,1/1/00 0:00,,3.9481,6/8/23 20:25,1.78,Auction Ads,auction_relation
20230807,1773512877493250 ,US,,,1/1/00 0:00,11.01,6.3513,6/8/23 20:29,1.53,RIE,Promote Report Recall
20230807,1773512673409020 ,IL,,,1/1/00 0:00,9.8392,4.2218,6/8/23 20:27,0.54,Non-Auction Ads,Promote
20230807,1773513124419580 ,KW,,,1/1/00 0:00,119.3095,8.1324,6/8/23 20:32,0.54,Non-Auction Ads,Promote
20230807,1773513405634560 ,SA,,,1/1/00 0:00,119.6625,13.6158,6/8/23 20:36,0.54,Non-Auction Ads,Promote
20230807,1773512873095180 ,QA,Other,,1/1/00 0:00,7.3214,4.6772,6/8/23 20:29,1.62,RIE,Ad Group Recall (Merged)
20230807,1773512639596610 ,BR,,,1/1/00 0:00,0.4761,0.6731,6/8/23 20:25,1.53,RIE,Promote Report Recall
20230807,1773512647196670 ,GB,,,1/1/00 0:00,4.2966,0.3062,6/8/23 20:25,1.53,RIE,Promote Report Recall
20230807,1773513158432780 ,BR,BR,,1/1/00 0:00,,3.1761,6/8/23 20:28,1.99,Auction Ads,auction_all
20230807,1773512921870330 ,SA,,,1/1/00 0:00,20.8953,4.5586,6/8/23 20:30,0.54,Non-Auction Ads,Promote
20230807,1773511110471680 ,IL,,,1/1/00 0:00,47.5371,15.1866,6/8/23 20:40,1.53,RIE,Promote Report Recall
20230807,1773512742413310 ,BR,,,1/1/00 0:00,0.2217,0.353,6/8/23 20:26,1.53,RIE,Promote Report Recall
20230807,1773513954813950 ,SE,,,1/1/00 0:00,305.1094,23.0249,6/8/23 20:45,0.54,Non-Auction Ads,Promote
20230807,1773509858656250 ,DE,DE,,1/1/00 0:00,33.9412,11.0599,6/8/23 20:39,1.01,Auction Ads,auction_relation
20230807,1773513379408960 ,SA,,,1/1/00 0:00,30.7556,8.8975,6/8/23 20:37,0.54,Non-Auction Ads,Promote
20230807,1773513004499970 ,IT,,,1/1/00 0:00,27.362,2.1346,6/8/23 20:31,0.54,Non-Auction Ads,Promote
20230807,1773513089821690 ,SA,,,1/1/00 0:00,24.1819,3.985,6/8/23 20:33,0.54,Non-Auction Ads,Promote
20230807,1773513058228220 ,TR,,,1/1/00 0:00,5.1586,1.4083,6/8/23 20:32,0.54,Non-Auction Ads,Promote
20230807,1773513535151150 ,SA,MENA,,1/1/00 0:00,6.8986,4.6772,6/8/23 20:35,1.67,RIE,Ad Group Recall (Merged)
20230807,1773513306066950 ,FR,,,1/1/00 0:00,25.8778,5.4615,6/8/23 20:36,0.54,Non-Auction Ads,Promote
20230807,1773513406782460 ,SA,,,1/1/00 0:00,26.6719,4.687,6/8/23 20:36,0.54,Non-Auction Ads,Promote
20230807,1773514528313350 ,US,,,1/1/00 0:00,184.22,35.739,6/8/23 20:54,0.54,Non-Auction Ads,Promote
20230807,1773513075427330 ,SA,,,1/1/00 0:00,1.3034,0.2909,6/8/23 20:32,1.53,RIE,Promote Report Recall
20230807,1773513094763520 ,US,,,1/1/00 0:00,4.41,0.59,6/8/23 20:32,1.53,RIE,Promote Report Recall
20230807,1773513216826370 ,BR,,,1/1/00 0:00,3.4926,1.1165,6/8/23 20:35,1.53,RIE,Promote Report Recall
20230807,1773514749849610 ,TH,TH,,1/1/00 0:00,21.7934,32.4501,6/8/23 20:54,1.64,Auction Ads,auction_relation
20230807,1773514749849610 ,TH,TH,,1/1/00 0:00,21.7934,32.4501,6/8/23 20:54,1.64,Auction Ads,auction_relation
20230807,1773513596000250 ,SA,,,1/1/00 0:00,34.9615,4.3374,6/8/23 20:40,0.54,Non-Auction Ads,Promote
20230807,1773513544991740 ,TR,,,1/1/00 0:00,8.6086,1.0219,6/8/23 20:38,0.54,Non-Auction Ads,Promote
20230807,1773513426110460 ,TR,,,1/1/00 0:00,7.6456,1.4132,6/8/23 20:39,1.53,RIE,Promote Report Recall
20230807,1773513758066690 ,SA,,,1/1/00 0:00,31.7924,7.1892,6/8/23 20:43,0.54,Non-Auction Ads,Promote
20230807,1773513490505730 ,VN,,,1/1/00 0:00,1.7176,1.6187,6/8/23 20:39,1.53,RIE,Promote Report Recall
20230807,1773513553144830 ,AE,,,1/1/00 0:00,2.4555,2.9012,6/8/23 20:40,1.53,RIE,Promote Report Recall
20230807,1773513681053700 ,IT,,,1/1/00 0:00,27.7693,2.5162,6/8/23 20:40,0.54,Non-Auction Ads,Promote
20230807,1773513670456320 ,SA,,,1/1/00 0:00,34.6661,1.9233,6/8/23 20:41,0.54,Non-Auction Ads,Promote
20230807,1773513651345410 ,US,,,1/1/00 0:00,11.56,4.3963,6/8/23 20:43,0.54,Non-Auction Ads,Promote
20230807,1773513990427650 ,DE,,,1/1/00 0:00,30.5609,9.4434,6/8/23 20:47,0.54,Non-Auction Ads,Promote
20230807,1773513431511040 ,PH,,,1/1/00 0:00,2.2052,0.6038,6/8/23 20:41,1.53,RIE,Promote Report Recall
20230807,1773513744901120 ,US,,,1/1/00 0:00,4.49,2.2155,6/8/23 20:43,1.53,RIE,Promote Report Recall
20230807,1773513737714690 ,GB,,,1/1/00 0:00,10.0599,1.7519,6/8/23 20:42,1.53,RIE,Promote Report Recall
20230807,1773513886667770 ,SA,,,1/1/00 0:00,42.4624,3.9675,6/8/23 20:44,0.54,Non-Auction Ads,Promote
20230807,1773513664441350 ,US,,,1/1/00 0:00,6,0.49,6/8/23 20:41,1.53,RIE,Promote Report Recall
20230807,1773513701696510 ,BR,,,1/1/00 0:00,2.4275,1.6466,6/8/23 20:43,1.53,RIE,Promote Report Recall
20230807,1773514432650290 ,SA,MENA,,1/1/00 0:00,37.0844,12.2616,6/8/23 20:49,1.67,RIE,Ad Group Recall (Merged)
20230807,1773513841148930 ,FR,,,1/1/00 0:00,28.198,2.9404,6/8/23 20:44,0.54,Non-Auction Ads,Promote
20230807,1773513832210430 ,US,,,1/1/00 0:00,13.82,2.43,6/8/23 20:44,1.53,RIE,Promote Report Recall
20230807,1773518140891170 ,NL,NL,,1/1/00 0:00,,6.0663,6/8/23 20:47,1.19,Auction Ads,auction_relation
20230807,1773513972453380 ,FR,,,1/1/00 0:00,48.5492,2.1238,6/8/23 20:45,0.54,Non-Auction Ads,Promote
20230807,1773514067354630 ,FR,,,1/1/00 0:00,10.7908,6.1342,6/8/23 20:48,0.54,Non-Auction Ads,Promote
20230807,1773514026416120 ,SA,,,1/1/00 0:00,29.9183,3.8837,6/8/23 20:47,0.54,Non-Auction Ads,Promote
20230807,1773513702498300 ,SA,,,1/1/00 0:00,3.0494,0.2906,6/8/23 20:45,1.53,RIE,Promote Report Recall
20230807,1773514237486090 ,VN,VN,,1/1/00 0:00,6.8942,2.1887,6/8/23 20:47,2.14,Auction Ads,auction_relation
20230807,1773514492729390 ,SA,MENA,,1/1/00 0:00,28.0581,0.682,6/8/23 20:46,1.78,Auction Ads,auction_relation
20230807,1773514002478110 ,TH,TH,,1/1/00 0:00,51.2404,6.2921,6/8/23 20:48,1.64,Auction Ads,auction_relation
20230807,1773514022034430 ,TH,TH,,1/1/00 0:00,58.8669,6.2921,6/8/23 20:48,1.64,Auction Ads,auction_relation
20230807,1773514211563520 ,TH,TH,,1/1/00 0:00,24.5554,6.2921,6/8/23 20:48,1.64,Auction Ads,auction_relation
20230807,1773514211563550 ,TH,TH,,1/1/00 0:00,210.6705,6.2921,6/8/23 20:48,1.64,Auction Ads,auction_relation
20230807,1773514081772540 ,SA,,,1/1/00 0:00,22.492,4.3253,6/8/23 20:48,0.54,Non-Auction Ads,Promote
20230807,1773513964210170 ,TR,,,1/1/00 0:00,12.5195,0.4395,6/8/23 20:46,0.54,Non-Auction Ads,Promote
20230807,1773511013248050 ,FR,FR,,1/1/00 0:00,31.9395,11.4756,6/8/23 20:50,1.76,RIE,Ad Group Recall (Merged)
20230807,1773514047207420 ,SA,,,1/1/00 0:00,49.2411,2.5509,6/8/23 20:47,0.54,Non-Auction Ads,Promote
20230807,1773513941796870 ,DE,,,1/1/00 0:00,12.1732,1.134,6/8/23 20:47,1.53,RIE,Promote Report Recall
20230807,1773513790657530 ,IL,,,1/1/00 0:00,0.7687,0.8396,6/8/23 20:47,1.53,RIE,Promote Report Recall
20230807,1773514099084290 ,SA,,,1/1/00 0:00,21.6953,4.3253,6/8/23 20:48,0.54,Non-Auction Ads,Promote
20230807,1773514115457020 ,SA,,,1/1/00 0:00,23.4998,4.3253,6/8/23 20:48,0.54,Non-Auction Ads,Promote
20230807,1773514090072070 ,US,,,1/1/00 0:00,9.17,2.4204,6/8/23 20:48,1.53,RIE,Promote Report Recall
20230807,1773514836152320 ,IT,,,1/1/00 0:00,77.1611,22.2098,6/8/23 21:00,0.54,Non-Auction Ads,Promote
20230807,1773514139004920 ,SA,,,1/1/00 0:00,22.9159,4.3253,6/8/23 20:49,0.54,Non-Auction Ads,Promote
20230807,1773514147149870 ,PL,,,1/1/00 0:00,23.7952,3.0864,6/8/23 20:49,0.54,Non-Auction Ads,Promote
20230807,1773513792835580 ,SA,,,1/1/00 0:00,28.6015,4.2775,6/8/23 20:50,0.54,Non-Auction Ads,Promote
20230807,1773514154540030 ,SA,,,1/1/00 0:00,20.9969,4.3253,6/8/23 20:50,0.54,Non-Auction Ads,Promote
20230807,1773514175172610 ,SA,,,1/1/00 0:00,21.4847,4.3253,6/8/23 20:50,0.54,Non-Auction Ads,Promote
20230807,1773514033380350 ,BR,,,1/1/00 0:00,1.338,0.2919,6/8/23 20:49,1.53,RIE,Promote Report Recall
20230807,1773514073591810 ,BR,,,1/1/00 0:00,1.7749,0.5862,6/8/23 20:49,1.53,RIE,Promote Report Recall
20230807,1773514045129730 ,BR,,,1/1/00 0:00,16.2224,1.324,6/8/23 20:50,0.54,Non-Auction Ads,Promote
20230807,1773514384425010 ,MA,MA,,1/1/00 0:00,19.04,0.8072,6/8/23 20:50,1.51,Auction Ads,auction_relation
20230807,1773508496714800 ,SA,MENA,,1/1/00 0:00,10.7262,13.6908,6/8/23 21:00,1.78,Auction Ads,auction_relation
20230807,1773514249705470 ,SA,,,1/1/00 0:00,20.3568,4.3253,6/8/23 20:52,0.54,Non-Auction Ads,Promote
20230807,1773514344142850 ,NZ,,,1/1/00 0:00,8.1483,3.7811,6/8/23 20:51,1.53,RIE,Promote Report Recall
20230807,1773512160287740 ,EG,MENA,,1/1/00 0:00,9.699,1.7859,6/8/23 20:51,1.78,Auction Ads,auction_relation
20230807,1773511000199210 ,IQ,Other,,1/1/00 0:00,100.72,9.1712,6/8/23 20:57,1.62,RIE,Ad Group Recall (Merged)
20230807,1773514292644860 ,GB,,,1/1/00 0:00,6.6683,2.6343,6/8/23 20:51,1.53,RIE,Promote Report Recall
20230807,1773514151446530 ,BR,,,1/1/00 0:00,6.8389,1.088,6/8/23 20:51,0.54,Non-Auction Ads,Promote
20230807,1773514831506430 ,BR,,,1/1/00 0:00,30.811,13.1691,6/8/23 21:00,0.54,Non-Auction Ads,Promote
20230807,1773514428715010 ,SA,,,1/1/00 0:00,34.5055,4.3253,6/8/23 20:53,0.54,Non-Auction Ads,Promote
20230807,1773515066642430 ,US,,,1/1/00 0:00,82.7,17.2767,6/8/23 21:04,0.54,Non-Auction Ads,Promote
20230807,1773514385382400 ,HU,,,1/1/00 0:00,13.8767,1.1415,6/8/23 20:52,0.54,Non-Auction Ads,Promote
20230807,1773514485491740 ,VN,VN,,1/1/00 0:00,6.3938,2.1887,6/8/23 20:53,2.14,Auction Ads,auction_relation
20230807,1773514922480640 ,CA,,,1/1/00 0:00,114.9249,10.5877,6/8/23 21:00,0.54,Non-Auction Ads,Promote
20230807,1773514441576450 ,IT,,,1/1/00 0:00,0.4293,0.0807,6/8/23 20:53,1.53,RIE,Promote Report Recall
20230807,1773514576528390 ,IT,,,1/1/00 0:00,12.6575,1.6938,6/8/23 20:55,1.53,RIE,Promote Report Recall
20230807,1771382108146730 ,DE,DE,,1/1/00 0:00,1574.951,235.9403,6/8/23 23:00,1.41,Non-Auction Ads,R&F
20230807,1771392359083120 ,DE,DE,,1/1/00 0:00,1801.1344,235.9403,6/8/23 23:00,1.41,Non-Auction Ads,R&F
20230807,1773514449169410 ,PT,,,1/1/00 0:00,4.6687,1.1015,6/8/23 20:55,0.54,Non-Auction Ads,Promote
20230807,1773514778850310 ,BE,,,1/1/00 0:00,2.19,2.3631,6/8/23 20:58,1.53,RIE,Promote Report Recall
20230807,1773514412466170 ,ID,,,1/1/00 0:00,2.0944,0.0347,6/8/23 20:58,1.53,RIE,Promote Report Recall
20230807,1773483809627180 ,KW,Other,,1/1/00 0:00,3.4843,1.609,6/8/23 21:00,1.62,RIE,Ad Group Recall (Merged)
20230807,1773510351719470 ,KW,Others,,1/1/00 0:00,1.117,1.4731,6/8/23 21:00,1.56,Auction Ads,auction_all
20230807,1773506809255980 ,KW,Others,,1/1/00 0:00,,4.8,6/8/23 21:00,1.56,Auction Ads,auction_all
20230807,1773514872522750 ,SA,,,1/1/00 0:00,35.6917,2.1969,6/8/23 21:00,0.54,Non-Auction Ads,Promote
20230807,1773515288527870 ,HU,,,1/1/00 0:00,23.9538,14.0741,6/8/23 21:08,0.54,Non-Auction Ads,Promote
20230807,1773514623529990 ,EG,,,1/1/00 0:00,1.7597,0.6361,6/8/23 21:00,1.53,RIE,Promote Report Recall
20230807,1773496542220300 ,KW,Other,,1/1/00 0:00,12.2622,2.6891,6/8/23 21:00,1.62,RIE,Ad Group Recall (Merged)
20230807,1773514907043840 ,QA,,,1/1/00 0:00,20.5581,2.8821,6/8/23 21:00,0.54,Non-Auction Ads,Promote
20230807,1773515105447930 ,SA,,,1/1/00 0:00,45.4401,5.3788,6/8/23 21:03,0.54,Non-Auction Ads,Promote
20230807,1773505879617580 ,SA,MENA,,1/1/00 0:00,29.0903,0.682,6/8/23 21:00,1.78,Auction Ads,auction_relation
20230807,1773515375570940 ,IQ,Other,,1/1/00 0:00,19.02,7.9494,6/8/23 21:06,1.62,RIE,Ad Group Recall (Merged)
20230807,1773514943518720 ,US,,,1/1/00 0:00,4.42,1.7633,6/8/23 21:02,1.53,RIE,Promote Report Recall
20230807,1773515154317310 ,US,,,1/1/00 0:00,11.6,4.2086,6/8/23 21:04,1.53,RIE,Promote Report Recall
20230807,1773516604674040 ,US,,,1/1/00 0:00,432.5359,47.5959,6/8/23 21:27,0.54,Non-Auction Ads,Promote
20230807,1773516438031440 ,AE,MENA,,1/1/00 0:00,31.49,16.8102,6/8/23 21:13,1.78,Auction Ads,auction_relation
20230807,1773515008008190 ,BR,,,1/1/00 0:00,15.9599,1.1438,6/8/23 21:03,0.54,Non-Auction Ads,Promote
20230807,1773514896184320 ,TR,,,1/1/00 0:00,14.2348,0.6961,6/8/23 21:02,0.54,Non-Auction Ads,Promote
20230807,1773515386545150 ,US,,,1/1/00 0:00,56.12,8.446,6/8/23 21:09,1.53,RIE,Promote Report Recall
20230807,1773515544547330 ,FR,,,1/1/00 0:00,43.496,11.9299,6/8/23 21:10,0.54,Non-Auction Ads,Promote
20230807,1773515215302660 ,GR,,,1/1/00 0:00,19.3042,5.0434,6/8/23 21:07,0.54,Non-Auction Ads,Promote
20230807,1773515421977600 ,ES,,,1/1/00 0:00,63.1298,7.532,6/8/23 21:08,1.53,RIE,Promote Report Recall
20230807,1773515143934970 ,SA,,,1/1/00 0:00,1.5354,0.3332,6/8/23 21:04,1.53,RIE,Promote Report Recall
20230807,1773515252221950 ,CA,,,1/1/00 0:00,2.819,1.5433,6/8/23 21:05,1.53,RIE,Promote Report Recall
20230807,1773515085506560 ,TR,,,1/1/00 0:00,12.9451,0.5781,6/8/23 21:04,0.54,Non-Auction Ads,Promote
20230807,1773514853151750 ,BR,,,1/1/00 0:00,0.5561,1.3944,6/8/23 21:06,1.53,RIE,Promote Report Recall
20230807,1773511817662490 ,FI,Other,,1/1/00 0:00,33.65,2.11,6/8/23 21:07,1.62,RIE,Ad Group Recall (Merged)
20230807,1773511817662490 ,FI,Others,,1/1/00 0:00,33.65,2.11,6/8/23 21:07,1.56,Auction Ads,auction_all
20230807,1773511817662490 ,SE,Other,,1/1/00 0:00,33.65,2.11,6/8/23 21:07,1.62,RIE,Ad Group Recall (Merged)
20230807,1773511899000880 ,LB,Others,,1/1/00 0:00,18.12,5.0315,6/8/23 21:08,1.56,Auction Ads,auction_all
20230807,1773515278374910 ,SA,,,1/1/00 0:00,11.3182,2.6722,6/8/23 21:07,1.53,RIE,Promote Report Recall
20230807,1773515240296440 ,SA,,,1/1/00 0:00,1.7726,0.5164,6/8/23 21:07,1.53,RIE,Promote Report Recall
20230807,1773515409085440 ,TH,,,1/1/00 0:00,64.5989,6.4197,6/8/23 21:10,0.54,Non-Auction Ads,Promote
20230807,1773515368013830 ,PH,,,1/1/00 0:00,9.7925,0.5784,6/8/23 21:07,0.54,Non-Auction Ads,Promote
20230807,1773515333177340 ,DE,,,1/1/00 0:00,34.4061,2.7858,6/8/23 21:09,1.53,RIE,Promote Report Recall
20230807,1773515948091390 ,PK,Other,,1/1/00 0:00,9.93,2.2167,6/8/23 21:09,1.62,RIE,Ad Group Recall (Merged)
20230807,1773515426990080 ,IL,,,1/1/00 0:00,26.035,3.6594,6/8/23 21:09,0.54,Non-Auction Ads,Promote
20230807,1773515409598520 ,AE,,,1/1/00 0:00,57.6435,2.0384,6/8/23 21:09,0.54,Non-Auction Ads,Promote
20230807,1773515833673730 ,US,,,1/1/00 0:00,133.06,14.0054,6/8/23 21:16,0.54,Non-Auction Ads,Promote
20230807,1773515578654720 ,US,,,1/1/00 0:00,93.62,6.38,6/8/23 21:12,1.53,RIE,Promote Report Recall
20230807,1773515489507330 ,SA,,,1/1/00 0:00,0,1.5376,6/8/23 21:09,0.54,Non-Auction Ads,Promote
20230807,1773513208887290 ,ZA,ZA,,1/1/00 0:00,59.59,38.6786,6/8/23 21:29,1.4,Auction Ads,auction_relation
20230807,1773513208887290 ,CA,USCA,,1/1/00 0:00,59.59,38.6786,6/8/23 21:29,1.78,Auction Ads,auction_relation
20230807,1773515422173190 ,RO,,,1/1/00 0:00,1.9263,0.8983,6/8/23 21:09,1.53,RIE,Promote Report Recall
20230807,1773515593534460 ,US,,,1/1/00 0:00,4.53,4.0363,6/8/23 21:12,1.53,RIE,Promote Report Recall
20230807,1773515518996480 ,IT,,,1/1/00 0:00,2.6853,0.4099,6/8/23 21:10,1.53,RIE,Promote Report Recall
20230807,1773512105476200 ,LB,Others,,1/1/00 0:00,12.36,5.0315,6/8/23 21:13,1.56,Auction Ads,auction_all
20230807,1773516011753470 ,IL,,,1/1/00 0:00,62.8196,14.1408,6/8/23 21:18,0.54,Non-Auction Ads,Promote
20230807,1773515579036670 ,BR,,,1/1/00 0:00,17.3698,1.1399,6/8/23 21:11,0.54,Non-Auction Ads,Promote
20230807,1773515478319100 ,TR,,,1/1/00 0:00,5.8983,0.5963,6/8/23 21:10,0.54,Non-Auction Ads,Promote
20230807,1773515508513790 ,BR,,,1/1/00 0:00,16.6454,1.1399,6/8/23 21:12,0.54,Non-Auction Ads,Promote
20230807,1773516073129980 ,IL,,,1/1/00 0:00,57.3306,14.1408,6/8/23 21:19,0.54,Non-Auction Ads,Promote
20230807,1773515834913850 ,SA,,,1/1/00 0:00,59.1888,7.2929,6/8/23 21:16,0.54,Non-Auction Ads,Promote
20230807,1773515678659640 ,IL,,,1/1/00 0:00,13.6549,0.961,6/8/23 21:13,1.53,RIE,Promote Report Recall
20230807,1773515714873350 ,BR,,,1/1/00 0:00,9.5108,1.3566,6/8/23 21:13,0.54,Non-Auction Ads,Promote
20230807,1773515625556990 ,BR,,,1/1/00 0:00,16.8506,1.9661,6/8/23 21:14,0.54,Non-Auction Ads,Promote
20230807,1773515681042430 ,SA,,,1/1/00 0:00,19.2902,1.4158,6/8/23 21:13,0.54,Non-Auction Ads,Promote
20230807,1773516126772220 ,BR,,,1/1/00 0:00,10.2082,10.7973,6/8/23 21:19,0.54,Non-Auction Ads,Promote
20230807,1773515718909950 ,DE,,,1/1/00 0:00,5.3376,1.8819,6/8/23 21:14,1.53,RIE,Promote Report Recall
20230807,1773515730771970 ,US,,,1/1/00 0:00,2.78,3.9625,6/8/23 21:15,1.53,RIE,Promote Report Recall
20230807,1773515837371390 ,SA,,,1/1/00 0:00,19.9172,2.5153,6/8/23 21:15,0.54,Non-Auction Ads,Promote
20230807,1773515717151740 ,EG,,,1/1/00 0:00,1.1048,0.4898,6/8/23 21:14,1.53,RIE,Promote Report Recall
20230807,1773514472258560 ,IT,,,1/1/00 0:00,4.9748,0.3964,6/8/23 21:14,1.53,RIE,Promote Report Recall
20230807,1773517282476030 ,US,,,1/1/00 0:00,75.56,45.1667,6/8/23 21:40,0.54,Non-Auction Ads,Promote
20230807,1773515993504770 ,KW,,,1/1/00 0:00,66.5901,4.9944,6/8/23 21:17,0.54,Non-Auction Ads,Promote
20230807,1773515724455940 ,BR,,,1/1/00 0:00,18.1638,1.0982,6/8/23 21:15,0.54,Non-Auction Ads,Promote
20230807,1773515792475130 ,TR,,,1/1/00 0:00,24.2965,2.1159,6/8/23 21:16,0.54,Non-Auction Ads,Promote
20230807,1773515957970940 ,IT,,,1/1/00 0:00,10.8852,0.9688,6/8/23 21:17,1.53,RIE,Promote Report Recall
20230807,1773515978294270 ,PH,,,1/1/00 0:00,46.2477,2.2199,6/8/23 21:17,0.54,Non-Auction Ads,Promote
20230807,1773512580789260 ,LB,Others,,1/1/00 0:00,3.54,5.0315,6/8/23 21:19,1.56,Auction Ads,auction_all
20230807,1773516325308430 ,PK,Other,,1/1/00 0:00,10.26,2.2167,6/8/23 21:18,1.62,RIE,Ad Group Recall (Merged)
20230807,1773515975038970 ,TR,,,1/1/00 0:00,10.6348,0.8527,6/8/23 21:17,0.54,Non-Auction Ads,Promote
20230807,1773516262368290 ,SA,MENA,,1/1/00 0:00,24.99,9.076,6/8/23 21:21,1.67,RIE,Ad Group Recall (Merged)
20230807,1773515763024890 ,SA,,,1/1/00 0:00,1.4316,1.3007,6/8/23 21:19,1.53,RIE,Promote Report Recall
20230807,1773515763024890 ,SA,,,1/1/00 0:00,1.4316,1.3007,6/8/23 21:19,1.53,RIE,Promote Report Recall
20230807,1773516085389310 ,SA,,,1/1/00 0:00,19.2721,3.0711,6/8/23 21:20,0.54,Non-Auction Ads,Promote
20230807,1773516873184260 ,CA,,,1/1/00 0:00,81.9317,26.1336,6/8/23 21:32,0.54,Non-Auction Ads,Promote
20230807,1773516422606850 ,SA,,,1/1/00 0:00,19.3144,14.3042,6/8/23 21:26,0.54,Non-Auction Ads,Promote
20230807,1773516137660410 ,KW,,,1/1/00 0:00,10.389,3.8274,6/8/23 21:20,0.54,Non-Auction Ads,Promote
20230807,1773512568353890 ,AE,MENA,,1/1/00 0:00,4.1716,1.6626,6/8/23 21:20,1.78,Auction Ads,auction_relation
20230807,1773512568353890 ,DK,DK,,1/1/00 0:00,4.1716,1.6626,6/8/23 21:20,1.31,Auction Ads,auction_relation
20230807,1773512568353890 ,EG,MENA,,1/1/00 0:00,4.1716,1.6626,6/8/23 21:20,1.78,Auction Ads,auction_relation
20230807,1773512568353890 ,FI,Others,,1/1/00 0:00,4.1716,1.6626,6/8/23 21:20,1.56,Auction Ads,auction_all
20230807,1773512568353890 ,NO,Others,,1/1/00 0:00,4.1716,1.6626,6/8/23 21:20,1.56,Auction Ads,auction_all
20230807,1773512568353890 ,SA,MENA,,1/1/00 0:00,4.1716,1.6626,6/8/23 21:20,1.78,Auction Ads,auction_relation
20230807,1773512568353890 ,KR,KR,,1/1/00 0:00,4.1716,1.6626,6/8/23 21:20,2.37,Auction Ads,auction_relation
20230807,1773512568353890 ,IE,IE,,1/1/00 0:00,4.1716,1.6626,6/8/23 21:20,1.52,Auction Ads,auction_relation
20230807,1773516106397700 ,US,,,1/1/00 0:00,14.34,0.57,6/8/23 21:20,1.53,RIE,Promote Report Recall
20230807,1773516485775360 ,FR,,,1/1/00 0:00,53.6664,11.9299,6/8/23 21:26,0.54,Non-Auction Ads,Promote
20230807,1773516232672260 ,PL,,,1/1/00 0:00,7.7628,4.6246,6/8/23 21:22,0.54,Non-Auction Ads,Promote
20230807,1773516117883900 ,KW,,,1/1/00 0:00,18.2313,3.6152,6/8/23 21:21,0.54,Non-Auction Ads,Promote
20230807,1773516190406650 ,KW,,,1/1/00 0:00,3.2897,1.4785,6/8/23 21:21,1.53,RIE,Promote Report Recall
20230807,1773516163088450 ,PL,,,1/1/00 0:00,15.3317,1.0021,6/8/23 21:21,0.54,Non-Auction Ads,Promote
20230807,1773516215476220 ,SA,,,1/1/00 0:00,9.5853,3.9203,6/8/23 21:22,0.54,Non-Auction Ads,Promote
20230807,1773514670583800 ,SA,MENA,,1/1/00 0:00,,3.9481,6/8/23 21:22,1.78,Auction Ads,auction_relation
20230807,1773516118065150 ,RO,,,1/1/00 0:00,11.3776,2.7255,6/8/23 21:23,0.54,Non-Auction Ads,Promote
20230807,1773515575286780 ,HU,Other,,1/1/00 0:00,29.1046,0.4807,6/8/23 21:21,1.62,RIE,Ad Group Recall (Merged)
20230807,1773515575286780 ,TH,TH,,1/1/00 0:00,29.1046,0.4807,6/8/23 21:21,1.64,Auction Ads,auction_relation
20230807,1773515575286780 ,SA,MENA,,1/1/00 0:00,29.1046,0.4807,6/8/23 21:21,1.78,Auction Ads,auction_relation
20230807,1773515575286780 ,HU,Other,,1/1/00 0:00,29.1046,0.4807,6/8/23 21:21,1.62,RIE,Ad Group Recall (Merged)
20230807,1773516239842310 ,AT,,,1/1/00 0:00,3.2355,0.0605,6/8/23 21:22,1.53,RIE,Promote Report Recall
20230807,1773516736687110 ,RO,,,1/1/00 0:00,49.1738,9.6791,6/8/23 21:30,0.54,Non-Auction Ads,Promote
20230807,1773516366077950 ,TR,,,1/1/00 0:00,16.1009,0.7153,6/8/23 21:24,0.54,Non-Auction Ads,Promote
20230807,1773425635704830 ,SA,,,1/1/00 0:00,1.6688,1.1475,6/8/23 21:24,0.54,Non-Auction Ads,Promote
20230807,1773516351684610 ,IL,,,1/1/00 0:00,11.8677,2.1847,6/8/23 21:25,0.54,Non-Auction Ads,Promote
20230807,1773516189626360 ,PH,,,1/1/00 0:00,0.0537,0.0066,6/8/23 21:24,1.53,RIE,Promote Report Recall
20230807,1773516652496890 ,SA,,,1/1/00 0:00,35.7026,4.8676,6/8/23 21:29,0.54,Non-Auction Ads,Promote
20230807,1773517107183610 ,SA,,,1/1/00 0:00,311.0795,16.5425,6/8/23 21:35,1.53,RIE,Promote Report Recall
20230807,1773425671214080 ,SA,,,1/1/00 0:00,1.5779,0.9794,6/8/23 21:25,0.54,Non-Auction Ads,Promote
20230807,1773516485749760 ,FI,,,1/1/00 0:00,4.3364,1.1819,6/8/23 21:26,1.53,RIE,Promote Report Recall
20230807,1773516587199480 ,PH,,,1/1/00 0:00,50.2061,1.8253,6/8/23 21:27,0.54,Non-Auction Ads,Promote
20230807,1773517270793220 ,US,,,1/1/00 0:00,235.33,19.946,6/8/23 21:39,1.53,RIE,Promote Report Recall
20230807,1773516640108540 ,PH,,,1/1/00 0:00,50.1654,1.8253,6/8/23 21:27,0.54,Non-Auction Ads,Promote
20230807,1773517590405120 ,KW,,,1/1/00 0:00,27.0775,25.54,6/8/23 21:45,0.54,Non-Auction Ads,Promote
20230807,1773516705384450 ,PH,,,1/1/00 0:00,50.1692,1.8253,6/8/23 21:29,0.54,Non-Auction Ads,Promote
20230807,1773516646885380 ,PL,,,1/1/00 0:00,4.1717,0.5275,6/8/23 21:29,1.53,RIE,Promote Report Recall
20230807,1773520266140670 ,SA,MENA,,1/1/00 0:00,9.616,3.3238,6/8/23 21:30,1.78,Auction Ads,auction_relation
20230807,1773516789561340 ,PH,,,1/1/00 0:00,86.6091,1.8253,6/8/23 21:30,0.54,Non-Auction Ads,Promote
20230807,1773516709138430 ,SA,,,1/1/00 0:00,29.9872,3.1293,6/8/23 21:31,0.54,Non-Auction Ads,Promote
20230807,1773518540616700 ,IL,,,1/1/00 0:00,210.5543,43.5488,6/8/23 21:59,0.54,Non-Auction Ads,Promote
20230807,1773516581006350 ,BR,,,1/1/00 0:00,3.9663,0.7777,6/8/23 21:30,1.53,RIE,Promote Report Recall
20230807,1773517030634510 ,SA,MENA,,1/1/00 0:00,,5.5304,6/8/23 21:33,1.78,Auction Ads,auction_relation
20230807,1773516818335740 ,BE,,,1/1/00 0:00,11.413,1.5537,6/8/23 21:31,1.53,RIE,Promote Report Recall
20230807,1773513640418330 ,US,US&CA,,1/1/00 0:00,1347.52,11.9367,6/8/23 21:37,1.81,RIE,Ad Group Recall (Merged)
20230807,1773513189023760 ,DE,DE,,1/1/00 0:00,3.4073,2.0241,6/8/23 21:32,1.01,Auction Ads,auction_relation
20230807,1773516907581440 ,US,,,1/1/00 0:00,2.01,0.5914,6/8/23 21:32,1.53,RIE,Promote Report Recall
20230807,1773499393179650 ,US,,,1/1/00 0:00,9.13,3.0689,6/8/23 21:33,1.53,RIE,Promote Report Recall
20230807,1773516875700240 ,FR,,,1/1/00 0:00,28.8139,2.5078,6/8/23 21:32,1.53,RIE,Promote Report Recall
20230807,1773516923948030 ,TR,,,1/1/00 0:00,7.0061,0.3855,6/8/23 21:32,0.54,Non-Auction Ads,Promote
20230807,1773513690166300 ,SA,MENA,,1/1/00 0:00,19.06,5.8304,6/8/23 21:34,1.78,Auction Ads,auction_relation
20230807,1773513690166300 ,AE,MENA,,1/1/00 0:00,19.06,5.8304,6/8/23 21:34,1.78,Auction Ads,auction_relation
20230807,1773513690166300 ,KW,Others,,1/1/00 0:00,19.06,5.8304,6/8/23 21:34,1.56,Auction Ads,auction_all
20230807,1773513690166300 ,EG,MENA,,1/1/00 0:00,19.06,5.8304,6/8/23 21:34,1.78,Auction Ads,auction_relation
20230807,1773513690166300 ,QA,Others,,1/1/00 0:00,19.06,5.8304,6/8/23 21:34,1.56,Auction Ads,auction_all
20230807,1773516862023680 ,US,,,1/1/00 0:00,13.35,0.5914,6/8/23 21:32,1.53,RIE,Promote Report Recall
20230807,1773517109080060 ,US,,,1/1/00 0:00,9.56,6.9869,6/8/23 21:35,1.53,RIE,Promote Report Recall
20230807,1773516829531140 ,BR,,,1/1/00 0:00,2.8687,1.4138,6/8/23 21:33,1.53,RIE,Promote Report Recall
20230807,1773517447056380 ,SA,,,1/1/00 0:00,543.4557,12.8383,6/8/23 21:40,0.54,Non-Auction Ads,Promote
20230807,1773516960357370 ,SA,,,1/1/00 0:00,22.7533,1.8776,6/8/23 21:34,0.54,Non-Auction Ads,Promote
20230807,1773517423196160 ,US,,,1/1/00 0:00,102.62,11.8509,6/8/23 21:41,0.54,Non-Auction Ads,Promote
20230807,1773517945669630 ,SA,,,1/1/00 0:00,21.3137,24.6964,6/8/23 21:50,0.54,Non-Auction Ads,Promote
20230807,1773517039712260 ,IE,,,1/1/00 0:00,16.3654,3.0273,6/8/23 21:35,1.53,RIE,Promote Report Recall
20230807,1773517301944320 ,BR,BR,,1/1/00 0:00,0.0226,0.4631,6/8/23 21:34,1.99,Auction Ads,auction_all
20230807,1773517301944320 ,BR,BR,,1/1/00 0:00,0.0226,0.4631,6/8/23 21:34,1.99,Auction Ads,auction_all
20230807,1773513853917230 ,NO,Others,,1/1/00 0:00,12.5236,10.0761,6/8/23 21:42,1.56,Auction Ads,auction_all
20230807,1773517136610310 ,ES,,,1/1/00 0:00,3.9071,1.332,6/8/23 21:35,1.53,RIE,Promote Report Recall
20230807,1773517292089340 ,TH,,,1/1/00 0:00,31.5043,3.6838,6/8/23 21:38,0.54,Non-Auction Ads,Promote
20230807,1773518515835950 ,SA,MENA,,1/1/00 0:00,54.4545,23.3367,6/8/23 21:51,1.78,Auction Ads,auction_relation
20230807,1773426454780930 ,EG,,,1/1/00 0:00,12.733,1.2843,6/8/23 21:37,1.53,RIE,Promote Report Recall
20230807,1773426454780930 ,EG,,,1/1/00 0:00,12.733,1.2843,6/8/23 21:37,0.54,Non-Auction Ads,Promote
20230807,1773517103582210 ,EG,,,1/1/00 0:00,0.976,0.2238,6/8/23 21:36,1.53,RIE,Promote Report Recall
20230807,1773517368033280 ,SA,,,1/1/00 0:00,108.2432,5.63,6/8/23 21:40,0.54,Non-Auction Ads,Promote
20230807,1773517182514190 ,US,,,1/1/00 0:00,10.18,2.6478,6/8/23 21:39,0.54,Non-Auction Ads,Promote
20230807,1773517636032510 ,IL,,,1/1/00 0:00,53.0474,10.1697,6/8/23 21:45,0.54,Non-Auction Ads,Promote
20230807,1768499665874970 ,PL,PL,,1/1/00 0:00,277.9485,161.7038,6/8/23 23:00,1.43,Non-Auction Ads,R&F
20230807,1773517733365760 ,SA,,,1/1/00 0:00,27.7993,10.8584,6/8/23 21:46,0.54,Non-Auction Ads,Promote
20230807,1771940498285580 ,NL,NL,,1/1/00 0:00,533.5553,160.9677,6/8/23 23:00,1.43,Non-Auction Ads,R&F
20230807,1773517479694340 ,ES,,,1/1/00 0:00,24.0694,5.7945,6/8/23 21:42,0.54,Non-Auction Ads,Promote
20230807,1773517234634750 ,VN,,,1/1/00 0:00,1.9845,0.5172,6/8/23 21:39,1.53,RIE,Promote Report Recall
20230807,1773516240295940 ,BR,,,1/1/00 0:00,2.1832,0.7736,6/8/23 21:40,1.53,RIE,Promote Report Recall
20230807,1773517536882690 ,MY,,,1/1/00 0:00,34.85,5.1987,6/8/23 21:42,0.54,Non-Auction Ads,Promote
20230807,1773517416392700 ,PL,,,1/1/00 0:00,0.6166,0.033,6/8/23 21:40,1.53,RIE,Promote Report Recall
20230807,1773517327149060 ,BR,,,1/1/00 0:00,4.3789,1.2866,6/8/23 21:40,1.53,RIE,Promote Report Recall
20230807,1773518219995180 ,AE,MENA,,1/1/00 0:00,3.2968,7.7363,6/8/23 21:46,1.78,Auction Ads,auction_relation
20230807,1773520076363800 ,GB,GB,,1/1/00 0:00,67.2,199.3075,6/8/23 23:17,1.76,Auction Ads,auction_relation
20230807,1773520076363800 ,GB,GB,,1/1/00 0:00,67.2,199.3075,6/8/23 23:17,1.72,RIE,Ad Group Recall (Merged)
20230807,1773517579254790 ,GR,,,1/1/00 0:00,23.2769,2.9067,6/8/23 21:42,0.54,Non-Auction Ads,Promote
20230807,1773517438351360 ,SA,,,1/1/00 0:00,58.7519,0.5878,6/8/23 21:41,0.54,Non-Auction Ads,Promote
20230807,1773517800094740 ,PL,,,1/1/00 0:00,6.2736,7.0066,6/8/23 21:46,1.53,RIE,Promote Report Recall
20230807,1773517470329850 ,TR,,,1/1/00 0:00,2.7954,0.9043,6/8/23 21:42,1.53,RIE,Promote Report Recall
20230807,1773517540725760 ,EG,,,1/1/00 0:00,28.6625,2.2233,6/8/23 21:43,1.53,RIE,Promote Report Recall
20230807,1773517758782460 ,IL,,,1/1/00 0:00,67.4719,10.1748,6/8/23 21:50,0.54,Non-Auction Ads,Promote
20230807,1773517640274940 ,SA,,,1/1/00 0:00,47.7219,1.1866,6/8/23 21:43,0.54,Non-Auction Ads,Promote
20230807,1773517931074560 ,SA,,,1/1/00 0:00,27.6845,10.8584,6/8/23 21:50,0.54,Non-Auction Ads,Promote
20230807,1773517576758270 ,PT,,,1/1/00 0:00,7.1097,0.6827,6/8/23 21:44,1.53,RIE,Promote Report Recall
20230807,1773517745543200 ,CL,Other,,1/1/00 0:00,2.2336,0.9864,6/8/23 21:45,1.62,RIE,Ad Group Recall (Merged)
20230807,1773517828707370 ,CL,Other,,1/1/00 0:00,2.6846,0.9864,6/8/23 21:45,1.62,RIE,Ad Group Recall (Merged)
20230807,1773517671934000 ,FI,,,1/1/00 0:00,3.588,0.044,6/8/23 21:45,1.53,RIE,Promote Report Recall
20230807,1773518146845690 ,SA,,,1/1/00 0:00,31.1765,10.8584,6/8/23 21:52,0.54,Non-Auction Ads,Promote
20230807,1773514844242940 ,SE,,,1/1/00 0:00,4.0777,1.5547,6/8/23 21:47,1.53,RIE,Promote Report Recall
20230807,1773517126340600 ,ES,ES,,1/1/00 0:00,11.0069,2.747,6/8/23 21:49,1.37,Auction Ads,auction_relation
20230807,1773517798824960 ,SA,,,1/1/00 0:00,10.8673,1.4009,6/8/23 21:48,0.54,Non-Auction Ads,Promote
20230807,1773517797354530 ,CZ,,,1/1/00 0:00,1.7824,0.2648,6/8/23 21:47,1.53,RIE,Promote Report Recall
20230807,1773517663335420 ,BR,,,1/1/00 0:00,1.5701,0.082,6/8/23 21:47,1.53,RIE,Promote Report Recall
20230807,1773518067982330 ,SA,,,1/1/00 0:00,27.7754,4.6873,6/8/23 21:51,0.54,Non-Auction Ads,Promote
20230807,1773517989665790 ,SA,,,1/1/00 0:00,1.5594,0.7896,6/8/23 21:50,1.53,RIE,Promote Report Recall
20230807,1773518000311360 ,VN,,,1/1/00 0:00,2.6992,1.016,6/8/23 21:50,1.53,RIE,Promote Report Recall
20230807,1773518269437950 ,TH,,,1/1/00 0:00,31.9738,4.2285,6/8/23 21:54,0.54,Non-Auction Ads,Promote
20230807,1773517811161130 ,US,USCA,,1/1/00 0:00,0.04,0.57,6/8/23 21:50,1.78,Auction Ads,auction_relation
20230807,1773518294641660 ,US,USCA,,1/1/00 0:00,,0.57,6/8/23 21:50,1.78,Auction Ads,auction_relation
20230807,1773518102564910 ,US,USCA,,1/1/00 0:00,0.04,0.57,6/8/23 21:50,1.78,Auction Ads,auction_relation
20230807,1773518345768960 ,SA,,,1/1/00 0:00,48.7909,6.5306,6/8/23 21:57,0.54,Non-Auction Ads,Promote
20230807,1773515491468330 ,TR,TR,,1/1/00 0:00,44.7,0.16,6/8/23 21:51,0.83,Auction Ads,auction_relation
20230807,1773518316872700 ,TH,,,1/1/00 0:00,31.7238,4.2285,6/8/23 21:54,0.54,Non-Auction Ads,Promote
20230807,1773518447050750 ,JP,,,1/1/00 0:00,26.536,7.1266,6/8/23 21:57,1.53,RIE,Promote Report Recall
20230807,1773518348643320 ,TH,,,1/1/00 0:00,32.0506,4.2285,6/8/23 21:55,0.54,Non-Auction Ads,Promote
20230807,1773469057929210 ,DK,,,1/1/00 0:00,7.6465,3.3413,6/8/23 21:54,1.53,RIE,Promote Report Recall
20230807,1773518169828350 ,QA,,,1/1/00 0:00,0.7597,0.4635,6/8/23 21:53,1.53,RIE,Promote Report Recall
20230807,1773518380206080 ,TH,,,1/1/00 0:00,31.5461,4.2285,6/8/23 21:55,0.54,Non-Auction Ads,Promote
20230807,1773518522680320 ,US,,,1/1/00 0:00,47.71,7.056,6/8/23 21:58,1.53,RIE,Promote Report Recall
20230807,1773518203575300 ,ES,,,1/1/00 0:00,21.3088,0.5432,6/8/23 21:53,0.54,Non-Auction Ads,Promote
20230807,1773518411017210 ,TH,,,1/1/00 0:00,31.5062,4.2285,6/8/23 21:56,0.54,Non-Auction Ads,Promote
20230807,1773515784203260 ,TR,,,1/1/00 0:00,,0.0514,6/8/23 21:54,0.54,Non-Auction Ads,Promote
20230807,1773518857125880 ,SA,MENA,,1/1/00 0:00,,2.4176,6/8/23 21:55,1.78,Auction Ads,auction_relation
20230807,1773518240013310 ,TR,,,1/1/00 0:00,13.0477,3.9673,6/8/23 21:57,0.54,Non-Auction Ads,Promote
20230807,1773427650874360 ,SA,,,1/1/00 0:00,2.735,0.2607,6/8/23 21:54,0.54,Non-Auction Ads,Promote
20230807,1773518528114680 ,SA,,,1/1/00 0:00,13.2079,2.9989,6/8/23 21:57,0.54,Non-Auction Ads,Promote
20230807,1773518793496570 ,US,US&CA,,1/1/00 0:00,300.93,15.3715,6/8/23 22:01,1.81,RIE,Ad Group Recall (Merged)
20230807,1773518403355640 ,TR,,,1/1/00 0:00,3.3783,0.5897,6/8/23 21:58,1.53,RIE,Promote Report Recall
20230807,1773518509422590 ,ID,,,1/1/00 0:00,4.3222,0.9332,6/8/23 21:59,1.53,RIE,Promote Report Recall
20230807,1773502696566810 ,GB,GB,,1/1/00 0:00,21.7743,10.7951,6/8/23 22:00,1.72,RIE,Ad Group Recall (Merged)
20230807,1773512409452560 ,IQ,Other,,1/1/00 0:00,0,8.9985,6/8/23 22:00,1.62,RIE,Ad Group Recall (Merged)
20230807,1773506762533930 ,EG,MENA,,1/1/00 0:00,11.5201,8.3721,6/8/23 22:00,1.67,RIE,Ad Group Recall (Merged)
20230807,1773518729757690 ,SA,,,1/1/00 0:00,24.1072,10.8584,6/8/23 22:03,0.54,Non-Auction Ads,Promote
20230807,1773519344421980 ,IQ,Others,,1/1/00 0:00,25.96,6.0813,6/8/23 22:00,1.56,Auction Ads,auction_all
20230807,1773510471356410 ,AT,AT,,1/1/00 0:00,20.6741,2.3534,6/8/23 22:00,0.89,Auction Ads,auction_relation
20230807,1773510471356410 ,DE,DE,,1/1/00 0:00,20.6741,2.3534,6/8/23 22:00,1.01,Auction Ads,auction_relation
20230807,1773510471356410 ,IE,IE,,1/1/00 0:00,20.6741,2.3534,6/8/23 22:00,1.52,Auction Ads,auction_relation
20230807,1773510471356410 ,ES,ES,,1/1/00 0:00,20.6741,2.3534,6/8/23 22:00,1.37,Auction Ads,auction_relation
20230807,1773510471356410 ,PT,PT,,1/1/00 0:00,20.6741,2.3534,6/8/23 22:00,1.98,Auction Ads,auction_relation
20230807,1773510471356410 ,SE,SE,,1/1/00 0:00,20.6741,2.3534,6/8/23 22:00,1.4,Auction Ads,auction_relation
20230807,1773510471356410 ,GB,GB,,1/1/00 0:00,20.6741,2.3534,6/8/23 22:00,1.76,Auction Ads,auction_relation
20230807,1773510471356410 ,NL,NL,,1/1/00 0:00,20.6741,2.3534,6/8/23 22:00,1.19,Auction Ads,auction_relation
20230807,1773510471356410 ,NO,Others,,1/1/00 0:00,20.6741,2.3534,6/8/23 22:00,1.56,Auction Ads,auction_all
20230807,1773510471356410 ,GR,GR,,1/1/00 0:00,20.6741,2.3534,6/8/23 22:00,2.11,Auction Ads,auction_relation
20230807,1773510471356410 ,EG,MENA,,1/1/00 0:00,20.6741,2.3534,6/8/23 22:00,1.78,Auction Ads,auction_relation
20230807,1773510471356410 ,DE,DE,,1/1/00 0:00,20.6741,2.3534,6/8/23 22:00,1.01,Auction Ads,auction_relation
20230807,1773510471356410 ,FI,Others,,1/1/00 0:00,20.6741,2.3534,6/8/23 22:00,1.56,Auction Ads,auction_all
20230807,1773510471356410 ,DK,DK,,1/1/00 0:00,20.6741,2.3534,6/8/23 22:00,1.31,Auction Ads,auction_relation
20230807,1773510471356410 ,CH,CH,,1/1/00 0:00,20.6741,2.3534,6/8/23 22:00,0.93,Auction Ads,auction_relation
20230807,1773510471356410 ,CZ,CZ,,1/1/00 0:00,20.6741,2.3534,6/8/23 22:00,1.9,Auction Ads,auction_relation
20230807,1773510471356410 ,DE,DE,,1/1/00 0:00,20.6741,2.3534,6/8/23 22:00,1.01,Auction Ads,auction_relation
20230807,1773510471356410 ,HU,Others,,1/1/00 0:00,20.6741,2.3534,6/8/23 22:00,1.56,Auction Ads,auction_all
20230807,1773510471356410 ,EG,MENA,,1/1/00 0:00,20.6741,2.3534,6/8/23 22:00,1.78,Auction Ads,auction_relation
20230807,1773510471356410 ,PL,PL,,1/1/00 0:00,20.6741,2.3534,6/8/23 22:00,1.64,Auction Ads,auction_relation
20230807,1773510471356410 ,IT,IT,,1/1/00 0:00,20.6741,2.3534,6/8/23 22:00,1.36,Auction Ads,auction_relation
20230807,1773510471356410 ,RO,RO,,1/1/00 0:00,20.6741,2.3534,6/8/23 22:00,1.94,Auction Ads,auction_relation
20230807,1773510471356410 ,BE,BE,,1/1/00 0:00,20.6741,2.3534,6/8/23 22:00,1.15,Auction Ads,auction_relation
20230807,1773518988763130 ,SA,,,1/1/00 0:00,104.424,9.5711,6/8/23 22:06,0.54,Non-Auction Ads,Promote
20230807,1773518629910530 ,MY,,,1/1/00 0:00,24.4155,1.367,6/8/23 22:00,0.54,Non-Auction Ads,Promote
20230807,1773518630947840 ,IT,,,1/1/00 0:00,29.4743,1.5052,6/8/23 22:00,0.54,Non-Auction Ads,Promote
20230807,1773490366911530 ,VN,VN,,1/1/00 0:00,4.4128,2.3202,6/8/23 22:00,2.14,Auction Ads,auction_relation
20230807,1773518830927870 ,US,,,1/1/00 0:00,92.58,2.84,6/8/23 22:02,0.54,Non-Auction Ads,Promote
20230807,1773518660488190 ,SA,,,1/1/00 0:00,2.3245,0.8552,6/8/23 22:01,1.53,RIE,Promote Report Recall
20230807,1773518852980740 ,FR,,,1/1/00 0:00,24.2459,2.9918,6/8/23 22:04,0.54,Non-Auction Ads,Promote
20230807,1773518683161600 ,US,,,1/1/00 0:00,19.35,0.65,6/8/23 22:01,1.53,RIE,Promote Report Recall
20230807,1773518968307710 ,SA,,,1/1/00 0:00,25.7176,5.2584,6/8/23 22:05,0.54,Non-Auction Ads,Promote
20230807,1773518693686270 ,BR,,,1/1/00 0:00,20.507,0.8526,6/8/23 22:01,0.54,Non-Auction Ads,Promote
20230807,1773518856476670 ,SA,,,1/1/00 0:00,25.84,2.4723,6/8/23 22:04,0.54,Non-Auction Ads,Promote
20230807,1773518867741730 ,IT,,,1/1/00 0:00,8.5186,1.431,6/8/23 22:03,1.53,RIE,Promote Report Recall
20230807,1773519034618880 ,US,,,1/1/00 0:00,95.97,7.29,6/8/23 22:07,0.54,Non-Auction Ads,Promote
20230807,1773518862802950 ,BR,,,1/1/00 0:00,20.9152,2.2058,6/8/23 22:05,0.54,Non-Auction Ads,Promote
20230807,1773518794670080 ,SA,,,1/1/00 0:00,37.4863,0.7056,6/8/23 22:04,0.54,Non-Auction Ads,Promote
20230807,1773519095681020 ,VN,,,1/1/00 0:00,0.6766,3.5827,6/8/23 22:06,1.53,RIE,Promote Report Recall
20230807,1773519080343550 ,SA,,,1/1/00 0:00,9.3695,2.5506,6/8/23 22:06,0.54,Non-Auction Ads,Promote
20230807,1773518763969530 ,IL,,,1/1/00 0:00,26.8317,2.3717,6/8/23 22:06,0.54,Non-Auction Ads,Promote
20230807,1773519107398650 ,VN,,,1/1/00 0:00,45.9039,3.5827,6/8/23 22:07,0.54,Non-Auction Ads,Promote
20230807,1773519191703550 ,SA,,,1/1/00 0:00,53.5219,9.5711,6/8/23 22:08,0.54,Non-Auction Ads,Promote
20230807,1773519129750520 ,VN,,,1/1/00 0:00,47.7333,3.5827,6/8/23 22:07,0.54,Non-Auction Ads,Promote
20230807,1773519158713340 ,VN,,,1/1/00 0:00,17.0462,3.5827,6/8/23 22:07,0.54,Non-Auction Ads,Promote
20230807,1773519167762430 ,SA,,,1/1/00 0:00,49.5396,9.5711,6/8/23 22:09,0.54,Non-Auction Ads,Promote
20230807,1773519283028990 ,US,,,1/1/00 0:00,95.44,11.1858,6/8/23 22:10,0.54,Non-Auction Ads,Promote
20230807,1773520128991230 ,SA,,,1/1/00 0:00,125.9105,29.7225,6/8/23 22:25,0.54,Non-Auction Ads,Promote
20230807,1773519032462340 ,PL,,,1/1/00 0:00,0.9028,0.3852,6/8/23 22:07,1.53,RIE,Promote Report Recall
20230807,1773519028368380 ,ES,,,1/1/00 0:00,28.9677,0.5726,6/8/23 22:07,0.54,Non-Auction Ads,Promote
20230807,1773519062892540 ,SA,,,1/1/00 0:00,57.011,6.3947,6/8/23 22:08,0.54,Non-Auction Ads,Promote
20230807,1773519056601090 ,SA,,,1/1/00 0:00,195.807,4.0757,6/8/23 22:08,0.54,Non-Auction Ads,Promote
20230807,1773519183126530 ,SA,,,1/1/00 0:00,23.6468,3.9761,6/8/23 22:08,0.54,Non-Auction Ads,Promote
20230807,1773519296928800 ,IQ,Other,,1/1/00 0:00,50.88,4.6756,6/8/23 22:09,1.62,RIE,Ad Group Recall (Merged)
20230807,1773519451332600 ,IL,,,1/1/00 0:00,29.7735,9.9863,6/8/23 22:14,0.54,Non-Auction Ads,Promote
20230807,1773519021040640 ,SA,,,1/1/00 0:00,13.8131,2.3781,6/8/23 22:08,1.53,RIE,Promote Report Recall
20230807,1773521682358300 ,US,US&CA,,1/1/00 0:00,96.48,30.7567,6/8/23 22:30,1.81,RIE,Ad Group Recall (Merged)
20230807,1773519380739070 ,VN,,,1/1/00 0:00,22.7528,5.1656,6/8/23 22:12,0.54,Non-Auction Ads,Promote
20230807,1773519881903110 ,US,,,1/1/00 0:00,81.49,14.48,6/8/23 22:20,1.53,RIE,Promote Report Recall
20230807,1773519303401470 ,US,,,1/1/00 0:00,4.95,1.2508,6/8/23 22:10,1.53,RIE,Promote Report Recall
20230807,1773519528884220 ,QA,,,1/1/00 0:00,18.314,5.2641,6/8/23 22:13,0.54,Non-Auction Ads,Promote
20230807,1773519429971970 ,PL,,,1/1/00 0:00,12.9594,2.8575,6/8/23 22:12,0.54,Non-Auction Ads,Promote
20230807,1773519287512060 ,SA,,,1/1/00 0:00,25.0482,2.1923,6/8/23 22:11,0.54,Non-Auction Ads,Promote
20230807,1773519247413300 ,IE,,,1/1/00 0:00,11.7648,0.3634,6/8/23 22:10,1.53,RIE,Promote Report Recall
20230807,1773519415446530 ,GB,,,1/1/00 0:00,3.0986,2.4907,6/8/23 22:13,1.53,RIE,Promote Report Recall
20230807,1773519150854140 ,TR,,,1/1/00 0:00,0.3655,0.0128,6/8/23 22:10,1.53,RIE,Promote Report Recall
20230807,1773519277620220 ,TR,,,1/1/00 0:00,6.7784,0.304,6/8/23 22:10,0.54,Non-Auction Ads,Promote
20230807,1773519433895950 ,US,,,1/1/00 0:00,98,2,6/8/23 22:13,0.54,Non-Auction Ads,Promote
20230807,1773519415291910 ,AT,,,1/1/00 0:00,3.2466,0.2556,6/8/23 22:13,1.53,RIE,Promote Report Recall
20230807,1773519489739780 ,PL,,,1/1/00 0:00,26.5318,2.4233,6/8/23 22:14,0.54,Non-Auction Ads,Promote
20230807,1773519536990210 ,QA,,,1/1/00 0:00,11.2951,0.9694,6/8/23 22:14,1.53,RIE,Promote Report Recall
20230807,1773524798123050 ,MA,MA,,1/1/00 0:00,26.4046,3.5955,6/8/23 22:15,1.51,Auction Ads,auction_relation
20230807,1773519534389250 ,US,,,1/1/00 0:00,4.98,2.0348,6/8/23 22:15,0.54,Non-Auction Ads,Promote
20230807,1773519424892930 ,BR,,,1/1/00 0:00,0.8864,0.314,6/8/23 22:14,1.53,RIE,Promote Report Recall
20230807,1773519779096580 ,US,,,1/1/00 0:00,29.38,4.8737,6/8/23 22:17,1.53,RIE,Promote Report Recall
20230807,1773515802249230 ,FR,FR,,1/1/00 0:00,4.3051,1.0566,6/8/23 22:14,1.76,RIE,Ad Group Recall (Merged)
20230807,1773519494333440 ,IL,,,1/1/00 0:00,5.0702,1.5828,6/8/23 22:15,1.53,RIE,Promote Report Recall
20230807,1773519743724550 ,BE,,,1/1/00 0:00,41.0852,4.2702,6/8/23 22:18,1.53,RIE,Promote Report Recall
20230807,1773520668684300 ,MA,MA,,1/1/00 0:00,6.7318,2.0435,6/8/23 22:16,1.51,Auction Ads,auction_relation
20230807,1773519849968640 ,SA,,,1/1/00 0:00,29.3296,4.4986,6/8/23 22:20,0.54,Non-Auction Ads,Promote
20230807,1773519629612030 ,FR,,,1/1/00 0:00,6.9118,0.1285,6/8/23 22:16,1.53,RIE,Promote Report Recall
20230807,1773519797548030 ,IE,,,1/1/00 0:00,6.406,2.1261,6/8/23 22:18,1.53,RIE,Promote Report Recall
20230807,1773520101732350 ,KW,,,1/1/00 0:00,31.581,5.615,6/8/23 22:23,0.54,Non-Auction Ads,Promote
20230807,1773519647888460 ,SE,,,1/1/00 0:00,4.1865,0.0217,6/8/23 22:16,1.53,RIE,Promote Report Recall
20230807,1773519567766530 ,TR,,,1/1/00 0:00,1.4467,0.1906,6/8/23 22:17,1.53,RIE,Promote Report Recall
20230807,1773520298083330 ,BR,,,1/1/00 0:00,6.9339,8.3307,6/8/23 22:27,1.53,RIE,Promote Report Recall
20230807,1773520890914850 ,IQ,Other,,1/1/00 0:00,46.39,9.9574,6/8/23 22:27,1.62,RIE,Ad Group Recall (Merged)
20230807,1773520890914850 ,IQ,Others,,1/1/00 0:00,46.39,9.9574,6/8/23 22:27,1.56,Auction Ads,auction_all
20230807,1773519806464000 ,FR,,,1/1/00 0:00,4.7984,0.8427,6/8/23 22:19,1.53,RIE,Promote Report Recall
20230807,1773519937740800 ,KW,,,1/1/00 0:00,10.8808,2.0063,6/8/23 22:21,0.54,Non-Auction Ads,Promote
20230807,1773520061016060 ,SA,,,1/1/00 0:00,25.0324,4.3253,6/8/23 22:23,0.54,Non-Auction Ads,Promote
20230807,1773519943070720 ,TH,,,1/1/00 0:00,0,2.2158,6/8/23 22:22,1.53,RIE,Promote Report Recall
20230807,1773520078057470 ,SA,,,1/1/00 0:00,25.2401,4.3253,6/8/23 22:23,0.54,Non-Auction Ads,Promote
20230807,1773519922241530 ,SA,,,1/1/00 0:00,12.419,2.1931,6/8/23 22:22,0.54,Non-Auction Ads,Promote
20230807,1773520097685500 ,SA,,,1/1/00 0:00,24.8189,4.3253,6/8/23 22:23,0.54,Non-Auction Ads,Promote
20230807,1773520104653840 ,SE,,,1/1/00 0:00,59.7273,4.1567,6/8/23 22:24,1.53,RIE,Promote Report Recall
20230807,1773520116960250 ,SA,,,1/1/00 0:00,24.811,4.3253,6/8/23 22:24,0.54,Non-Auction Ads,Promote
20230807,1773520113570820 ,US,,,1/1/00 0:00,5,4.7186,6/8/23 22:24,1.53,RIE,Promote Report Recall
20230807,1773520396872700 ,FR,,,1/1/00 0:00,52.0689,6.055,6/8/23 22:27,0.54,Non-Auction Ads,Promote
20230807,1773520146525180 ,SA,,,1/1/00 0:00,18.8321,4.3253,6/8/23 22:24,0.54,Non-Auction Ads,Promote
20230807,1773493811648510 ,ID,,,1/1/00 0:00,1.1829,0.1822,6/8/23 22:22,1.53,RIE,Promote Report Recall
20230807,1773519994339330 ,CA,,,1/1/00 0:00,2.1309,0.4511,6/8/23 22:22,1.53,RIE,Promote Report Recall
20230807,1773520348990460 ,SA,,,1/1/00 0:00,47.3302,2.0494,6/8/23 22:28,0.54,Non-Auction Ads,Promote
20230807,1773520315471870 ,ID,,,1/1/00 0:00,6.7212,0.1001,6/8/23 22:28,1.53,RIE,Promote Report Recall
20230807,1773520462219260 ,QA,,,1/1/00 0:00,51.5121,0.885,6/8/23 22:28,0.54,Non-Auction Ads,Promote
20230807,1773520367740930 ,US,,,1/1/00 0:00,30.6426,0.4067,6/8/23 22:28,1.53,RIE,Promote Report Recall
20230807,1773499924879360 ,US,,,1/1/00 0:00,6.86,1.8711,6/8/23 22:29,1.53,RIE,Promote Report Recall
20230807,1773520242860030 ,EG,,,1/1/00 0:00,1.0488,0.0141,6/8/23 22:28,1.53,RIE,Promote Report Recall
20230807,1773520406688770 ,GB,,,1/1/00 0:00,10.6971,0.255,6/8/23 22:28,1.53,RIE,Promote Report Recall
20230807,1773520456454140 ,EG,,,1/1/00 0:00,1.0488,0.2451,6/8/23 22:29,1.53,RIE,Promote Report Recall
20230807,1773520462741500 ,SA,,,1/1/00 0:00,4.9338,0.6549,6/8/23 22:29,1.53,RIE,Promote Report Recall
20230807,1773520545556480 ,SA,,,1/1/00 0:00,1.3915,0.5485,6/8/23 22:30,1.53,RIE,Promote Report Recall
20230807,1773520641543170 ,DE,,,1/1/00 0:00,73.2775,14.0056,6/8/23 22:32,0.54,Non-Auction Ads,Promote
20230807,1773517938017310 ,CH,CH,,1/1/00 0:00,57.3405,38.0845,6/8/23 22:48,0.93,Auction Ads,auction_relation
20230807,1773522118546430 ,MA,MA,,1/1/00 0:00,21.96,11.972,6/8/23 22:32,1.51,Auction Ads,auction_relation
20230807,1773520800273440 ,US,US&CA,,1/1/00 0:00,39.51,15.0473,6/8/23 22:34,1.81,RIE,Ad Group Recall (Merged)
20230807,1773520800282620 ,US,US&CA,,1/1/00 0:00,37.04,15.0473,6/8/23 22:34,1.81,RIE,Ad Group Recall (Merged)
20230807,1773564256033840 ,IT,IT,,1/1/00 0:00,8.1449,3.2846,6/8/23 22:30,1.36,Auction Ads,auction_relation
20230807,1773564256033840 ,CZ,CZ,,1/1/00 0:00,8.1449,3.2846,6/8/23 22:30,1.9,Auction Ads,auction_relation
20230807,1773564256033840 ,DK,DK,,1/1/00 0:00,8.1449,3.2846,6/8/23 22:30,1.31,Auction Ads,auction_relation
20230807,1773564256033840 ,JP,JP,,1/1/00 0:00,8.1449,3.2846,6/8/23 22:30,2.16,Auction Ads,auction_all
20230807,1773564256033840 ,BE,BE,,1/1/00 0:00,8.1449,3.2846,6/8/23 22:30,1.15,Auction Ads,auction_relation
20230807,1773564256033840 ,SE,SE,,1/1/00 0:00,8.1449,3.2846,6/8/23 22:30,1.4,Auction Ads,auction_relation
20230807,1773564256033840 ,NZ,NZ,,1/1/00 0:00,8.1449,3.2846,6/8/23 22:30,1.58,Auction Ads,auction_relation
20230807,1773564256033840 ,GB,GB,,1/1/00 0:00,8.1449,3.2846,6/8/23 22:30,1.76,Auction Ads,auction_relation
20230807,1773564256033840 ,AT,AT,,1/1/00 0:00,8.1449,3.2846,6/8/23 22:30,0.89,Auction Ads,auction_relation
20230807,1773564256033840 ,FR,FR,,1/1/00 0:00,8.1449,3.2846,6/8/23 22:30,1.97,Auction Ads,auction_relation
20230807,1773564256033840 ,RO,RO,,1/1/00 0:00,8.1449,3.2846,6/8/23 22:30,1.94,Auction Ads,auction_relation
20230807,1773564256033840 ,NO,Others,,1/1/00 0:00,8.1449,3.2846,6/8/23 22:30,1.56,Auction Ads,auction_all
20230807,1773564256033840 ,DE,DE,,1/1/00 0:00,8.1449,3.2846,6/8/23 22:30,1.01,Auction Ads,auction_relation
20230807,1773564256033840 ,FI,Others,,1/1/00 0:00,8.1449,3.2846,6/8/23 22:30,1.56,Auction Ads,auction_all
20230807,1773564256033840 ,ES,ES,,1/1/00 0:00,8.1449,3.2846,6/8/23 22:30,1.37,Auction Ads,auction_relation
20230807,1773564256033840 ,NL,NL,,1/1/00 0:00,8.1449,3.2846,6/8/23 22:30,1.19,Auction Ads,auction_relation
20230807,1773564256033840 ,CH,CH,,1/1/00 0:00,8.1449,3.2846,6/8/23 22:30,0.93,Auction Ads,auction_relation
20230807,1773564256033840 ,PT,PT,,1/1/00 0:00,8.1449,3.2846,6/8/23 22:30,1.98,Auction Ads,auction_relation
20230807,1773564256033840 ,IE,IE,,1/1/00 0:00,8.1449,3.2846,6/8/23 22:30,1.52,Auction Ads,auction_relation
20230807,1773564256033840 ,PL,PL,,1/1/00 0:00,8.1449,3.2846,6/8/23 22:30,1.64,Auction Ads,auction_relation
20230807,1773564256033840 ,AU,AU,,1/1/00 0:00,8.1449,3.2846,6/8/23 22:30,1.84,Auction Ads,auction_relation
20230807,1773516940078090 ,AU,AU,,1/1/00 0:00,66.15,8.3346,6/8/23 22:33,1.84,RIE,Ad Group Recall (Merged)
20230807,1773520649358370 ,GR,,,1/1/00 0:00,4.2707,6.5005,6/8/23 22:32,1.53,RIE,Promote Report Recall
20230807,1773520536910840 ,SA,,,1/1/00 0:00,0.3972,1.3884,6/8/23 22:30,1.53,RIE,Promote Report Recall
20230807,1773520952572930 ,SA,,,1/1/00 0:00,25.5231,10.0208,6/8/23 22:37,0.54,Non-Auction Ads,Promote
20230807,1773520726257660 ,IT,,,1/1/00 0:00,40.1662,3.3292,6/8/23 22:32,0.54,Non-Auction Ads,Promote
20230807,1773519364851720 ,MA,MA,,1/1/00 0:00,24.5264,0.1571,6/8/23 22:31,1.51,Auction Ads,auction_relation
20230807,1773520972664830 ,JP,,,1/1/00 0:00,51.463,9.8154,6/8/23 22:37,1.53,RIE,Promote Report Recall
20230807,1773520624548870 ,US,,,1/1/00 0:00,296.85,1.05,6/8/23 22:32,0.54,Non-Auction Ads,Promote
20230807,1773522045883420 ,IQ,Others,,1/1/00 0:00,,9.9574,6/8/23 22:38,1.56,Auction Ads,auction_all
20230807,1773521496475680 ,MA,Other,,1/1/00 0:00,7.8131,11.5134,6/8/23 22:39,1.62,RIE,Ad Group Recall (Merged)
20230807,1773520892530680 ,KW,,,1/1/00 0:00,17.0787,5.4951,6/8/23 22:35,0.54,Non-Auction Ads,Promote
20230807,1773520505988100 ,BR,,,1/1/00 0:00,12.0858,0.4166,6/8/23 22:32,0.54,Non-Auction Ads,Promote
20230807,1773520851067910 ,US,,,1/1/00 0:00,101.65,5.1907,6/8/23 22:35,0.54,Non-Auction Ads,Promote
20230807,1773520851067910 ,US,,,1/1/00 0:00,101.65,5.1907,6/8/23 22:35,0.54,Non-Auction Ads,Promote
20230807,1773500051938300 ,US,,,1/1/00 0:00,2.51,1.5729,6/8/23 22:33,1.53,RIE,Promote Report Recall
20230807,1773520850604030 ,ES,,,1/1/00 0:00,29.2856,5.0172,6/8/23 22:36,0.54,Non-Auction Ads,Promote
20230807,1773520727647230 ,AU,,,1/1/00 0:00,26.6543,1.5704,6/8/23 22:33,1.53,RIE,Promote Report Recall
20230807,1773520755809280 ,ID,,,1/1/00 0:00,0.6798,0.1751,6/8/23 22:34,0.54,Non-Auction Ads,Promote
20230807,1773520640835580 ,EG,,,1/1/00 0:00,1.0177,0.4319,6/8/23 22:35,1.53,RIE,Promote Report Recall
20230807,1773520812839990 ,GR,,,1/1/00 0:00,10.8752,1.3573,6/8/23 22:36,0.54,Non-Auction Ads,Promote
20230807,1773520926622720 ,TR,,,1/1/00 0:00,7.1281,0.5027,6/8/23 22:36,0.54,Non-Auction Ads,Promote
20230807,1773520873140220 ,US,,,1/1/00 0:00,11.79,0.05,6/8/23 22:36,1.53,RIE,Promote Report Recall
20230807,1773520981561340 ,BR,,,1/1/00 0:00,20.043,0.579,6/8/23 22:38,0.54,Non-Auction Ads,Promote
20230807,1773521073867820 ,RO,RO,,1/1/00 0:00,,2.3802,6/8/23 22:39,1.94,Auction Ads,auction_relation
20230807,1773521693244450 ,US,US&CA,,1/1/00 0:00,68.95,7.22,6/8/23 22:42,1.81,RIE,Ad Group Recall (Merged)
20230807,1773521174055930 ,VN,,,1/1/00 0:00,49.4468,2.8741,6/8/23 22:39,0.54,Non-Auction Ads,Promote
20230807,1773521057168380 ,RO,,,1/1/00 0:00,2.2184,0.9117,6/8/23 22:38,1.53,RIE,Promote Report Recall
20230807,1773521202778110 ,SA,,,1/1/00 0:00,21.514,3.1155,6/8/23 22:41,0.54,Non-Auction Ads,Promote
20230807,1773521284328450 ,SA,,,1/1/00 0:00,15.274,3.1155,6/8/23 22:41,0.54,Non-Auction Ads,Promote
20230807,1773521167750140 ,IL,,,1/1/00 0:00,6.9206,2.0439,6/8/23 22:41,1.53,RIE,Promote Report Recall
20230807,1773520948843520 ,US,,,1/1/00 0:00,22.17,0.28,6/8/23 22:39,1.53,RIE,Promote Report Recall
20230807,1773521029267470 ,BR,,,1/1/00 0:00,5.5978,0.5747,6/8/23 22:40,1.53,RIE,Promote Report Recall
20230807,1773521000790040 ,BR,BR,,1/1/00 0:00,0.8392,2.9435,6/8/23 22:42,1.99,Auction Ads,auction_all
20230807,1773521000790040 ,BR,BR,,1/1/00 0:00,0.8392,2.9435,6/8/23 22:42,1.7,RIE,Ad Group Recall (Merged)
20230807,1773521000790040 ,BR,BR,,1/1/00 0:00,0.8392,2.9435,6/8/23 22:42,1.99,Auction Ads,auction_all
20230807,1773521275761660 ,KW,,,1/1/00 0:00,14.134,3.7722,6/8/23 22:42,0.54,Non-Auction Ads,Promote
20230807,1773521219893250 ,RO,,,1/1/00 0:00,0.1536,0.0059,6/8/23 22:42,1.53,RIE,Promote Report Recall
20230807,1773521326926850 ,BR,,,1/1/00 0:00,9.0285,0.753,6/8/23 22:43,0.54,Non-Auction Ads,Promote
20230807,1773522136254460 ,GB,,,1/1/00 0:00,191.8016,28.0251,6/8/23 22:55,0.54,Non-Auction Ads,Promote
20230807,1773518828349440 ,SE,Other,,1/1/00 0:00,62.9071,18.2319,6/8/23 22:51,1.62,RIE,Ad Group Recall (Merged)
20230807,1773518828349440 ,HU,Other,,1/1/00 0:00,62.9071,18.2319,6/8/23 22:51,1.62,RIE,Ad Group Recall (Merged)
20230807,1773518828349440 ,QA,Other,,1/1/00 0:00,62.9071,18.2319,6/8/23 22:51,1.62,RIE,Ad Group Recall (Merged)
20230807,1773518828349440 ,ES,ES,,1/1/00 0:00,62.9071,18.2319,6/8/23 22:51,1.79,RIE,Ad Group Recall (Merged)
20230807,1773521337937920 ,US,,,1/1/00 0:00,4.95,0.65,6/8/23 22:43,1.53,RIE,Promote Report Recall
20230807,1773521675176960 ,US,,,1/1/00 0:00,31.99,7.0029,6/8/23 22:48,1.53,RIE,Promote Report Recall
20230807,1773521392362510 ,KH,,,1/1/00 0:00,9.72,1.8622,6/8/23 22:44,0.54,Non-Auction Ads,Promote
20230807,1773521392539640 ,VN,,,1/1/00 0:00,3.3274,0.8167,6/8/23 22:44,1.53,RIE,Promote Report Recall
20230807,1773521429098500 ,BR,,,1/1/00 0:00,19.1235,3.6042,6/8/23 22:46,0.54,Non-Auction Ads,Promote
20230807,1773521289627650 ,BR,,,1/1/00 0:00,15.3027,0.8943,6/8/23 22:44,0.54,Non-Auction Ads,Promote
20230807,1773521431507970 ,US,,,1/1/00 0:00,4.97,2.1881,6/8/23 22:45,1.53,RIE,Promote Report Recall
20230807,1773521257744450 ,BR,,,1/1/00 0:00,4.5985,0.8461,6/8/23 22:45,1.53,RIE,Promote Report Recall
20230807,1773521436461050 ,TR,,,1/1/00 0:00,8.999,1.1258,6/8/23 22:45,0.54,Non-Auction Ads,Promote
20230807,1773521591351300 ,US,,,1/1/00 0:00,5.8269,2.9934,6/8/23 22:47,1.53,RIE,Promote Report Recall
20230807,1773521574412290 ,SA,,,1/1/00 0:00,37.9765,2.2165,6/8/23 22:47,0.54,Non-Auction Ads,Promote
20230807,1773521523013630 ,US,,,1/1/00 0:00,11.83,0.09,6/8/23 22:46,1.53,RIE,Promote Report Recall
20230807,1773521560564740 ,US,,,1/1/00 0:00,95.16,0.26,6/8/23 22:47,0.54,Non-Auction Ads,Promote
20230807,1773521510432760 ,SA,,,1/1/00 0:00,4.1368,1.4589,6/8/23 22:47,1.53,RIE,Promote Report Recall
20230807,1773521565237250 ,BR,,,1/1/00 0:00,0.8105,0.0821,6/8/23 22:47,1.53,RIE,Promote Report Recall
20230807,1773521680455680 ,SA,,,1/1/00 0:00,16.8202,3.3689,6/8/23 22:49,0.54,Non-Auction Ads,Promote
20230807,1773521586772990 ,FR,,,1/1/00 0:00,6.768,3.3509,6/8/23 22:49,1.53,RIE,Promote Report Recall
20230807,1773521660650490 ,IL,,,1/1/00 0:00,3.5267,1.0568,6/8/23 22:48,1.53,RIE,Promote Report Recall
20230807,1773521779881980 ,KW,,,1/1/00 0:00,32.277,3.2014,6/8/23 22:49,0.54,Non-Auction Ads,Promote
20230807,1773521445565440 ,BR,,,1/1/00 0:00,20.8471,0.9187,6/8/23 22:48,0.54,Non-Auction Ads,Promote
20230807,1773521752836100 ,PL,,,1/1/00 0:00,9.698,7.5875,6/8/23 22:51,0.54,Non-Auction Ads,Promote
20230807,1773521715056640 ,KR,,,1/1/00 0:00,2.5378,2.4327,6/8/23 22:49,1.53,RIE,Promote Report Recall
20230807,1773521595813880 ,TH,,,1/1/00 0:00,32.8529,4.0768,6/8/23 22:50,1.53,RIE,Promote Report Recall
20230807,1773521997573120 ,US,,,1/1/00 0:00,131.27,13.2831,6/8/23 22:53,0.54,Non-Auction Ads,Promote
20230807,1773521693938680 ,VN,,,1/1/00 0:00,1.6068,0.4596,6/8/23 22:49,1.53,RIE,Promote Report Recall
20230807,1773521787052030 ,US,,,1/1/00 0:00,4.42,1.8349,6/8/23 22:49,0.54,Non-Auction Ads,Promote
20230807,1773521702699010 ,US,,,1/1/00 0:00,149.15,0.85,6/8/23 22:49,0.54,Non-Auction Ads,Promote
20230807,1773521740711930 ,SA,,,1/1/00 0:00,11.8729,0.08,6/8/23 22:50,1.53,RIE,Promote Report Recall
20230807,1773521778952190 ,US,,,1/1/00 0:00,0.62,0.09,6/8/23 22:50,1.53,RIE,Promote Report Recall
20230807,1773521667439620 ,BR,,,1/1/00 0:00,1.6257,0.2368,6/8/23 22:50,1.53,RIE,Promote Report Recall
20230807,1773522893843500 ,AE,MENA,,1/1/00 0:00,2.8854,7.7363,6/8/23 22:53,1.78,Auction Ads,auction_relation
20230807,1773521871885360 ,MY,MY,,1/1/00 0:00,7.41,0.8395,6/8/23 22:51,2.31,Auction Ads,auction_relation
20230807,1773521795938300 ,TR,,,1/1/00 0:00,13.6809,0.5543,6/8/23 22:51,0.54,Non-Auction Ads,Promote
20230807,1773522036224000 ,SA,,,1/1/00 0:00,69.4408,6.1658,6/8/23 22:53,0.54,Non-Auction Ads,Promote
20230807,1773521930973230 ,MY,MY,,1/1/00 0:00,7.86,0.8395,6/8/23 22:51,2.31,Auction Ads,auction_relation
20230807,1773521848671230 ,TR,,,1/1/00 0:00,6.0724,0.0521,6/8/23 22:51,1.53,RIE,Promote Report Recall
20230807,1773522110998560 ,VN,VN,,1/1/00 0:00,0.1696,2.8464,6/8/23 22:52,2.14,Auction Ads,auction_relation
20230807,1773522156070910 ,SA,,,1/1/00 0:00,144.6014,10.8584,6/8/23 22:56,0.54,Non-Auction Ads,Promote
20230807,1773521844230140 ,NZ,,,1/1/00 0:00,7.8131,0.0122,6/8/23 22:52,1.53,RIE,Promote Report Recall
20230807,1773522879969280 ,IQ,Other,,1/1/00 0:00,15.48,9.9574,6/8/23 22:56,1.62,RIE,Ad Group Recall (Merged)
20230807,1773521923136510 ,VN,,,1/1/00 0:00,2.827,0.8167,6/8/23 22:53,1.53,RIE,Promote Report Recall
20230807,1773521989275650 ,BR,,,1/1/00 0:00,21.1881,3.3137,6/8/23 22:54,0.54,Non-Auction Ads,Promote
20230807,1773522714188830 ,SG,SG,,1/1/00 0:00,23.0103,11.1542,6/8/23 22:57,1.94,Auction Ads,auction_relation
20230807,1773522427844620 ,MY,MY,,1/1/00 0:00,4.7247,2.1921,6/8/23 22:54,2.31,Auction Ads,auction_relation
20230807,1773522242959360 ,SA,,,1/1/00 0:00,84.7116,10.8584,6/8/23 22:58,0.54,Non-Auction Ads,Promote
20230807,1773521861400580 ,GR,,,1/1/00 0:00,38.9384,0.4074,6/8/23 22:53,0.54,Non-Auction Ads,Promote
20230807,1773522020995070 ,GB,,,1/1/00 0:00,1.1096,2.0615,6/8/23 22:54,1.53,RIE,Promote Report Recall
20230807,1773522726429740 ,IQ,Others,,1/1/00 0:00,24.14,6.4031,6/8/23 22:56,1.56,Auction Ads,auction_all
20230807,1773522982905870 ,CA,US&CA,,1/1/00 0:00,63.66,26.584,6/8/23 23:00,1.81,RIE,Ad Group Recall (Merged)
20230807,1773522982905870 ,CA,US&CA,,1/1/00 0:00,63.66,26.584,6/8/23 23:00,1.81,RIE,Ad Group Recall (Merged)
20230807,1773518924897310 ,EG,MENA,,1/1/00 0:00,8.7182,4.897,6/8/23 22:56,1.67,RIE,Ad Group Recall (Merged)
20230807,1773522020228090 ,PH,,,1/1/00 0:00,0.893,0.2065,6/8/23 22:54,1.53,RIE,Promote Report Recall
20230807,1773522045334560 ,VN,VN,,1/1/00 0:00,0.317,2.8464,6/8/23 22:55,2.14,Auction Ads,auction_relation
20230807,1773522040742910 ,VN,VN,,1/1/00 0:00,0.3445,2.8464,6/8/23 22:55,2.14,Auction Ads,auction_relation
20230807,1773522045316130 ,VN,VN,,1/1/00 0:00,0.2592,2.8464,6/8/23 22:55,2.14,Auction Ads,auction_relation
20230807,1773522045326330 ,VN,VN,,1/1/00 0:00,0.2463,2.8464,6/8/23 22:55,2.14,Auction Ads,auction_relation
20230807,1773522071670780 ,EG,,,1/1/00 0:00,0.495,0.2247,6/8/23 22:55,1.53,RIE,Promote Report Recall
20230807,1773522443629610 ,IQ,Others,,1/1/00 0:00,,6.4194,6/8/23 22:59,1.56,Auction Ads,auction_all
20230807,1773523677965360 ,BR,BR,,1/1/00 0:00,5.6161,61.3266,6/8/23 23:19,1.99,Auction Ads,auction_all
20230807,1773522317099010 ,SA,,,1/1/00 0:00,25.7414,3.9942,6/8/23 22:59,0.54,Non-Auction Ads,Promote
20230807,1773523776647180 ,QA,Others,,1/1/00 0:00,3.6617,1.2534,6/8/23 22:56,1.56,Auction Ads,auction_all
20230807,1773523776647180 ,AE,MENA,,1/1/00 0:00,3.6617,1.2534,6/8/23 22:56,1.78,Auction Ads,auction_relation
20230807,1773522301785090 ,SA,,,1/1/00 0:00,26.1361,2.4276,6/8/23 22:59,1.53,RIE,Promote Report Recall
20230807,1773500892958770 ,GB,GB,,1/1/00 0:00,2.4992,13.0389,6/8/23 23:00,1.72,RIE,Ad Group Recall (Merged)
20230807,1773512162329600 ,SA,MENA,,1/1/00 0:00,,1.2202,6/8/23 22:59,1.78,Auction Ads,auction_relation
20230807,1773522335595520 ,MY,,,1/1/00 0:00,20.6283,1.3337,6/8/23 22:59,0.54,Non-Auction Ads,Promote
20230807,1773522784975870 ,IL,IL,,1/1/00 0:00,60.95,32.7484,6/8/23 23:08,1.52,Auction Ads,auction_relation
20230807,1773502616529950 ,SA,MENA,,1/1/00 0:00,20.56,9.62,6/8/23 23:00,1.78,Auction Ads,auction_relation
20230807,1773517743167520 ,SA,MENA,,1/1/00 0:00,20.23,9.076,6/8/23 23:00,1.67,RIE,Ad Group Recall (Merged)
20230807,1773517737717760 ,SA,MENA,,1/1/00 0:00,20.59,9.076,6/8/23 23:00,1.67,RIE,Ad Group Recall (Merged)
20230807,1773493439041580 ,QA,Others,,1/1/00 0:00,18.6024,0.1652,6/8/23 22:59,1.56,Auction Ads,auction_all
20230807,1773495975984170 ,MA,MA,,1/1/00 0:00,21.1,7.589,6/8/23 23:00,1.51,Auction Ads,auction_relation
20230807,1773516259977250 ,SA,MENA,,1/1/00 0:00,20.16,9.076,6/8/23 23:00,1.67,RIE,Ad Group Recall (Merged)
20230807,1773522406333440 ,SA,,,1/1/00 0:00,86.4872,10.8584,6/8/23 23:00,0.54,Non-Auction Ads,Promote
20230807,1773519236748300 ,GB,GB,,1/1/00 0:00,33.7222,18.5998,6/8/23 23:03,1.72,RIE,Ad Group Recall (Merged)
20230807,1773521317633020 ,SA,MENA,,1/1/00 0:00,30.9,5.0366,6/8/23 23:00,1.67,RIE,Ad Group Recall (Merged)
20230807,1773521317633020 ,SA,MENA,,1/1/00 0:00,30.9,5.0366,6/8/23 23:00,1.78,Auction Ads,auction_relation
20230807,1773520098699290 ,SA,MENA,,1/1/00 0:00,31.25,5.0366,6/8/23 23:00,1.78,Auction Ads,auction_relation
20230807,1773520880898050 ,SA,MENA,,1/1/00 0:00,30.57,5.0366,6/8/23 23:00,1.78,Auction Ads,auction_relation
20230807,1773520130609160 ,MA,MA,,1/1/00 0:00,2.8414,3.3065,6/8/23 23:00,1.51,Auction Ads,auction_relation
20230807,1773505583562800 ,SA,MENA,,1/1/00 0:00,51.25,5.634,6/8/23 23:00,1.67,RIE,Ad Group Recall (Merged)
20230807,1773535836793880 ,GB,GB,,1/1/00 0:00,1.54,4.2852,6/8/23 23:00,1.76,Auction Ads,auction_relation
20230807,1773513208888350 ,DK,DK,,1/1/00 0:00,11.0057,0,6/8/23 23:00,1.31,Auction Ads,auction_relation
20230807,1773513208888350 ,DK,DK,,1/1/00 0:00,11.0057,0,6/8/23 23:00,1.31,Auction Ads,auction_relation
20230807,1773513208888350 ,KW,Others,,1/1/00 0:00,11.0057,0,6/8/23 23:00,1.56,Auction Ads,auction_all
20230807,1773513208888350 ,FI,Others,,1/1/00 0:00,11.0057,0,6/8/23 23:00,1.56,Auction Ads,auction_all
20230807,1773513208888350 ,SA,MENA,,1/1/00 0:00,11.0057,0,6/8/23 23:00,1.78,Auction Ads,auction_relation
20230807,1773513208888350 ,AT,AT,,1/1/00 0:00,11.0057,0,6/8/23 23:00,0.89,Auction Ads,auction_relation
20230807,1773513208888350 ,IE,IE,,1/1/00 0:00,11.0057,0,6/8/23 23:00,1.52,Auction Ads,auction_relation
20230807,1773513208888350 ,EG,MENA,,1/1/00 0:00,11.0057,0,6/8/23 23:00,1.78,Auction Ads,auction_relation
20230807,1773513208888350 ,QA,Others,,1/1/00 0:00,11.0057,0,6/8/23 23:00,1.56,Auction Ads,auction_all
20230807,1773513208888350 ,EG,MENA,,1/1/00 0:00,11.0057,0,6/8/23 23:00,1.78,Auction Ads,auction_relation
20230807,1773513208888350 ,AE,MENA,,1/1/00 0:00,11.0057,0,6/8/23 23:00,1.78,Auction Ads,auction_relation
20230807,1773513208888350 ,NO,Others,,1/1/00 0:00,11.0057,0,6/8/23 23:00,1.56,Auction Ads,auction_all
20230807,1773522655763450 ,SA,,,1/1/00 0:00,70.3788,16.2783,6/8/23 23:04,0.54,Non-Auction Ads,Promote
20230807,1773513506804750 ,AT,AT,,1/1/00 0:00,20.1433,6.2656,6/8/23 23:00,0.89,Auction Ads,auction_relation
20230807,1773513506804750 ,AT,AT,,1/1/00 0:00,20.1433,6.2656,6/8/23 23:00,0.89,Auction Ads,auction_relation
20230807,1773522457892860 ,US,,,1/1/00 0:00,2.45,0.03,6/8/23 23:00,1.53,RIE,Promote Report Recall
20230807,1773522873964570 ,SA,MENA,,1/1/00 0:00,16.0042,9.6129,6/8/23 23:02,1.78,Auction Ads,auction_relation
20230807,1773514759015450 ,GB,GB,,1/1/00 0:00,6.7329,0.7722,6/8/23 23:00,1.76,Auction Ads,auction_relation
20230807,1773514756958210 ,GB,GB,,1/1/00 0:00,,0.7722,6/8/23 23:00,1.76,Auction Ads,auction_relation
20230807,1773506224677880 ,SA,MENA,,1/1/00 0:00,,5.2396,6/8/23 23:01,1.78,Auction Ads,auction_relation
20230807,1773506847096880 ,KW,Others,,1/1/00 0:00,,5.2396,6/8/23 23:01,1.56,Auction Ads,auction_all
20230807,1773507672931340 ,KW,Others,,1/1/00 0:00,,5.2396,6/8/23 23:01,1.56,Auction Ads,auction_all
20230807,1773520797419520 ,AE,MENA,,1/1/00 0:00,20.71,4.4288,6/8/23 23:01,1.67,RIE,Ad Group Recall (Merged)
20230807,1773508309202990 ,FR,FR,,1/1/00 0:00,5.274,0,6/8/23 23:00,1.76,RIE,Ad Group Recall (Merged)
20230807,1773519087998990 ,SA,MENA,,1/1/00 0:00,21.6242,13.1906,6/8/23 23:06,1.67,RIE,Ad Group Recall (Merged)
20230807,1773522542889980 ,US,,,1/1/00 0:00,3.21,4.54,6/8/23 23:01,1.53,RIE,Promote Report Recall
20230807,1773522467699710 ,FR,,,1/1/00 0:00,48.91,2.9445,6/8/23 23:01,0.54,Non-Auction Ads,Promote
20230807,1773495043531790 ,QA,Others,,1/1/00 0:00,44.2402,0,6/8/23 23:01,1.56,Auction Ads,auction_all
20230807,1773495043531790 ,SA,MENA,,1/1/00 0:00,44.2402,0,6/8/23 23:01,1.78,Auction Ads,auction_relation
20230807,1773205577856040 ,NO,Other,,1/1/00 0:00,301.1573,0.0069,6/8/23 23:01,1.62,RIE,Ad Group Recall (Merged)
20230807,1773522442875900 ,ES,,,1/1/00 0:00,2.5528,1.1313,6/8/23 23:01,1.53,RIE,Promote Report Recall
20230807,1773522643795990 ,BR,,,1/1/00 0:00,8.9155,3.4696,6/8/23 23:03,0.54,Non-Auction Ads,Promote
20230807,1772078535609350 ,TH,,,1/1/00 0:00,3.83,1.6064,6/8/23 23:02,1.53,RIE,Promote Report Recall
20230807,1773522762066970 ,TH,TH,,1/1/00 0:00,17.8701,3.0171,6/8/23 23:04,1.64,Auction Ads,auction_relation
20230807,1773522784975920 ,PK,PK,,1/1/00 0:00,,0.1121,6/8/23 23:03,1.36,Auction Ads,auction_relation
20230807,1773522969419770 ,SA,,,1/1/00 0:00,40.818,9.514,6/8/23 23:08,0.54,Non-Auction Ads,Promote
20230807,1773523394011160 ,IQ,Other,,1/1/00 0:00,17.71,9.9574,6/8/23 23:09,1.62,RIE,Ad Group Recall (Merged)
20230807,1773522583093250 ,SA,,,1/1/00 0:00,13.9862,0.5091,6/8/23 23:04,0.54,Non-Auction Ads,Promote
20230807,1773523102531610 ,MA,MA,,1/1/00 0:00,,2.0177,6/8/23 23:04,1.51,Auction Ads,auction_relation
20230807,1773523102531610 ,MA,MA,,1/1/00 0:00,,2.0177,6/8/23 23:04,1.51,Auction Ads,auction_relation
20230807,1773523526112300 ,SA,MENA,,1/1/00 0:00,6.7,16.5456,6/8/23 23:13,1.78,Auction Ads,auction_relation
20230807,1773522812387320 ,KW,,,1/1/00 0:00,19.3662,3.1407,6/8/23 23:06,0.54,Non-Auction Ads,Promote
20230807,1773522760258560 ,SA,,,1/1/00 0:00,38.8299,1.9254,6/8/23 23:06,0.54,Non-Auction Ads,Promote
20230807,1773522644713490 ,BR,,,1/1/00 0:00,17.9996,3.5788,6/8/23 23:06,0.54,Non-Auction Ads,Promote
20230807,1773523352228880 ,MY,MY,,1/1/00 0:00,1.6839,1.3307,6/8/23 23:05,2.31,Auction Ads,auction_relation
20230807,1773522533479420 ,EG,,,1/1/00 0:00,3.1245,0.7431,6/8/23 23:05,1.53,RIE,Promote Report Recall
20230807,1773522701040640 ,BR,,,1/1/00 0:00,6.1024,4.0824,6/8/23 23:07,1.53,RIE,Promote Report Recall
20230807,1773522938457130 ,BR,BR,,1/1/00 0:00,3.0749,4.0041,6/8/23 23:08,1.99,Auction Ads,auction_all
20230807,1773523109594160 ,DE,DE,,1/1/00 0:00,99.91,19.0529,6/8/23 23:16,1.01,Auction Ads,auction_relation
20230807,1773522781244410 ,JP,,,1/1/00 0:00,3.7651,1.1329,6/8/23 23:06,1.53,RIE,Promote Report Recall
20230807,1773522770121730 ,CA,,,1/1/00 0:00,1.2786,0.4556,6/8/23 23:06,1.53,RIE,Promote Report Recall
20230807,1773522818968580 ,BR,,,1/1/00 0:00,15.5188,1.6403,6/8/23 23:08,0.54,Non-Auction Ads,Promote
20230807,1773523537887240 ,NZ,NZ,,1/1/00 0:00,10.0634,4.9856,6/8/23 23:10,1.58,Auction Ads,auction_relation
20230807,1773522934180860 ,SA,,,1/1/00 0:00,21.3062,2.1861,6/8/23 23:08,0.54,Non-Auction Ads,Promote
20230807,1773522670340100 ,US,,,1/1/00 0:00,11.28,0.07,6/8/23 23:07,1.53,RIE,Promote Report Recall
20230807,1773519590330400 ,DE,DE,,1/1/00 0:00,7.92,5.947,6/8/23 23:11,1.01,Auction Ads,auction_relation
20230807,1773523181662210 ,TR,,,1/1/00 0:00,34.6392,7.9699,6/8/23 23:12,1.53,RIE,Promote Report Recall
20230807,1773523067218950 ,PT,,,1/1/00 0:00,37.3953,3.8321,6/8/23 23:11,0.54,Non-Auction Ads,Promote
20230807,1773522892497920 ,TR,,,1/1/00 0:00,12.0239,1.5272,6/8/23 23:08,0.54,Non-Auction Ads,Promote
20230807,1773523044665350 ,BR,,,1/1/00 0:00,21.1859,1.8513,6/8/23 23:09,0.54,Non-Auction Ads,Promote
20230807,1773523190881280 ,SA,,,1/1/00 0:00,38.9278,4.7154,6/8/23 23:11,0.54,Non-Auction Ads,Promote
20230807,1773523185398780 ,ES,,,1/1/00 0:00,29.4509,5.0172,6/8/23 23:12,0.54,Non-Auction Ads,Promote
20230807,1773504828962820 ,US,,,1/1/00 0:00,6.95,6.2164,6/8/23 23:12,1.53,RIE,Promote Report Recall
20230807,1773504932127750 ,CA,,,1/1/00 0:00,7.552,2.5208,6/8/23 23:11,1.53,RIE,Promote Report Recall
20230807,1773522922498050 ,US,,,1/1/00 0:00,22.87,0.015,6/8/23 23:10,1.53,RIE,Promote Report Recall
20230807,1773523068688380 ,ID,,,1/1/00 0:00,10.4376,0.8482,6/8/23 23:11,0.54,Non-Auction Ads,Promote
20230807,1773523040162830 ,PL,,,1/1/00 0:00,14.2347,0.0551,6/8/23 23:11,0.54,Non-Auction Ads,Promote
20230807,1773523730372640 ,US,US&CA,,1/1/00 0:00,99.8,25.8074,6/8/23 23:22,1.81,RIE,Ad Group Recall (Merged)
20230807,1773523206983680 ,GR,,,1/1/00 0:00,15.2979,1.0646,6/8/23 23:12,0.54,Non-Auction Ads,Promote
20230807,1773524005169180 ,BR,BR,,1/1/00 0:00,,0,6/8/23 23:12,1.99,Auction Ads,auction_all
20230807,1773523945135100 ,IQ,Other,,1/1/00 0:00,16.85,9.9574,6/8/23 23:17,1.62,RIE,Ad Group Recall (Merged)
20230807,1773523143773180 ,SA,,,1/1/00 0:00,15.7052,0.096,6/8/23 23:13,0.54,Non-Auction Ads,Promote
20230807,1773523298887690 ,DE,DE,,1/1/00 0:00,18.68,5.9067,6/8/23 23:15,1.01,Auction Ads,auction_relation
20230807,1773523200074750 ,BR,,,1/1/00 0:00,15.5596,1.6403,6/8/23 23:13,0.54,Non-Auction Ads,Promote
20230807,1773523221750790 ,FR,,,1/1/00 0:00,2.9934,0.7691,6/8/23 23:13,1.53,RIE,Promote Report Recall
20230807,1773522918310910 ,PH,,,1/1/00 0:00,7.2479,0.025,6/8/23 23:13,0.54,Non-Auction Ads,Promote
20230807,1773523313189880 ,KW,,,1/1/00 0:00,6.482,1.4944,6/8/23 23:14,1.53,RIE,Promote Report Recall
20230807,1773505559966720 ,CA,,,1/1/00 0:00,12.2099,14.1176,6/8/23 23:19,1.53,RIE,Promote Report Recall
20230807,1773523287761920 ,IL,,,1/1/00 0:00,40.9604,10.295,6/8/23 23:17,0.54,Non-Auction Ads,Promote
20230807,1773523336742910 ,BR,,,1/1/00 0:00,24.1857,4.512,6/8/23 23:15,0.54,Non-Auction Ads,Promote
20230807,1773523676647420 ,SA,,,1/1/00 0:00,42.8144,15.869,6/8/23 23:20,0.54,Non-Auction Ads,Promote
20230807,1773523353971710 ,TH,,,1/1/00 0:00,15.8568,2.1666,6/8/23 23:14,1.53,RIE,Promote Report Recall
20230807,1773505623635970 ,CA,,,1/1/00 0:00,7.7387,2.5395,6/8/23 23:15,1.53,RIE,Promote Report Recall
20230807,1773523252020220 ,SA,,,1/1/00 0:00,38.84,0.0987,6/8/23 23:14,0.54,Non-Auction Ads,Promote
20230807,1773523221512190 ,TH,,,1/1/00 0:00,4.7,1.7028,6/8/23 23:14,1.53,RIE,Promote Report Recall
20230807,1773523320454140 ,ID,,,1/1/00 0:00,5.9164,0.9422,6/8/23 23:14,1.53,RIE,Promote Report Recall
20230807,1773523454354440 ,TH,TH,,1/1/00 0:00,5.48,1.628,6/8/23 23:16,1.64,Auction Ads,auction_relation
20230807,1773523683967020 ,AU,AU,,1/1/00 0:00,55.4307,8.1136,6/8/23 23:18,1.84,Auction Ads,auction_relation
20230807,1773523402683390 ,TR,,,1/1/00 0:00,7.5806,1.5693,6/8/23 23:16,0.54,Non-Auction Ads,Promote
20230807,1773523411468290 ,US,,,1/1/00 0:00,4.94,1.9755,6/8/23 23:16,1.53,RIE,Promote Report Recall
20230807,1773523517110270 ,PH,,,1/1/00 0:00,45.3763,4.6662,6/8/23 23:17,0.54,Non-Auction Ads,Promote
20230807,1773523493847040 ,RO,,,1/1/00 0:00,16.6657,2.5172,6/8/23 23:16,0.54,Non-Auction Ads,Promote
20230807,1773523426275320 ,PH,,,1/1/00 0:00,20.4982,1.31,6/8/23 23:16,0.54,Non-Auction Ads,Promote
20230807,1773523554982910 ,TH,,,1/1/00 0:00,1.81,10.4033,6/8/23 23:21,1.53,RIE,Promote Report Recall
20230807,1773523492943890 ,TH,TH,,1/1/00 0:00,5.76,1.628,6/8/23 23:16,1.64,Auction Ads,auction_relation
20230807,1773520038981630 ,US,US&CA,,1/1/00 0:00,29.13,8.5867,6/8/23 23:20,1.81,RIE,Ad Group Recall (Merged)
20230807,1773523577001980 ,PH,,,1/1/00 0:00,70.2087,4.6662,6/8/23 23:19,0.54,Non-Auction Ads,Promote
20230807,1773523528486910 ,RO,,,1/1/00 0:00,10.1826,2.5172,6/8/23 23:18,0.54,Non-Auction Ads,Promote
20230807,1773523549018160 ,TH,TH,,1/1/00 0:00,12.57,1.628,6/8/23 23:18,1.64,Auction Ads,auction_relation
20230807,1773523484572670 ,TR,,,1/1/00 0:00,13.8148,0.0091,6/8/23 23:17,0.54,Non-Auction Ads,Promote
20230807,1773523503235090 ,ES,,,1/1/00 0:00,121.0059,0.0551,6/8/23 23:18,0.54,Non-Auction Ads,Promote
20230807,1773523846509600 ,GB,GB,,1/1/00 0:00,28.86,12.6853,6/8/23 23:24,1.76,Auction Ads,auction_relation
20230807,1773523580746750 ,EG,,,1/1/00 0:00,1.2454,0.0302,6/8/23 23:19,1.53,RIE,Promote Report Recall
20230807,1773523402112000 ,BR,,,1/1/00 0:00,0.0719,0.4769,6/8/23 23:20,1.53,RIE,Promote Report Recall
20230807,1773524317097980 ,US,,,1/1/00 0:00,130.29,18.56,6/8/23 23:29,0.54,Non-Auction Ads,Promote
20230807,1773520118988850 ,AE,MENA,,1/1/00 0:00,33.1355,1.7001,6/8/23 23:21,1.78,Auction Ads,auction_relation
20230807,1773520118988850 ,SA,MENA,,1/1/00 0:00,33.1355,1.7001,6/8/23 23:21,1.78,Auction Ads,auction_relation
20230807,1773520118988850 ,EG,MENA,,1/1/00 0:00,33.1355,1.7001,6/8/23 23:21,1.78,Auction Ads,auction_relation
20230807,1773520118988850 ,RO,RO,,1/1/00 0:00,33.1355,1.7001,6/8/23 23:21,1.94,Auction Ads,auction_relation
20230807,1773523723982850 ,US,,,1/1/00 0:00,0.54,2.005,6/8/23 23:21,0.54,Non-Auction Ads,Promote
20230807,1773520579964970 ,QA,Others,,1/1/00 0:00,11.74,15.5771,6/8/23 23:28,1.56,Auction Ads,auction_all
20230807,1773523836134400 ,US,,,1/1/00 0:00,9.82,3.0401,6/8/23 23:22,0.54,Non-Auction Ads,Promote
20230807,1773524595302450 ,IQ,Others,,1/1/00 0:00,16.23,9.9574,6/8/23 23:25,1.56,Auction Ads,auction_all
20230807,1773524595302450 ,IQ,Other,,1/1/00 0:00,16.23,9.9574,6/8/23 23:25,1.62,RIE,Ad Group Recall (Merged)
20230807,1773523861150720 ,BR,,,1/1/00 0:00,2.3987,1.9787,6/8/23 23:22,1.53,RIE,Promote Report Recall
20230807,1773523989023770 ,MY,MY,,1/1/00 0:00,1.6839,3.2984,6/8/23 23:23,2.31,Auction Ads,auction_relation
20230807,1773523868137470 ,MA,MA,,1/1/00 0:00,5.1025,0.0937,6/8/23 23:22,1.51,Auction Ads,auction_relation
20230807,1773523868137470 ,SA,MENA,,1/1/00 0:00,5.1025,0.0937,6/8/23 23:22,1.78,Auction Ads,auction_relation
20230807,1773523868137470 ,AE,MENA,,1/1/00 0:00,5.1025,0.0937,6/8/23 23:22,1.78,Auction Ads,auction_relation
20230807,1773523868137470 ,QA,Others,,1/1/00 0:00,5.1025,0.0937,6/8/23 23:22,1.56,Auction Ads,auction_all
20230807,1773523807971320 ,SA,,,1/1/00 0:00,38.584,2.3404,6/8/23 23:23,0.54,Non-Auction Ads,Promote
20230807,1773524003891200 ,PH,,,1/1/00 0:00,40.852,3.8884,6/8/23 23:25,0.54,Non-Auction Ads,Promote
20230807,1773523941409790 ,TR,,,1/1/00 0:00,7.1647,0.2937,6/8/23 23:24,0.54,Non-Auction Ads,Promote
20230807,1773524203629600 ,BR,BR,,1/1/00 0:00,0.5808,0.3659,6/8/23 23:24,1.99,Auction Ads,auction_all
20230807,1773524016609280 ,PH,,,1/1/00 0:00,54.5837,2.1675,6/8/23 23:25,0.54,Non-Auction Ads,Promote
20230807,1773523949196280 ,TH,,,1/1/00 0:00,4.2469,0.8179,6/8/23 23:24,1.53,RIE,Promote Report Recall
20230807,1773524110639100 ,VN,,,1/1/00 0:00,1.6462,4.8247,6/8/23 23:26,1.53,RIE,Promote Report Recall
20230807,1773524083937280 ,PH,,,1/1/00 0:00,34.295,3.8884,6/8/23 23:26,0.54,Non-Auction Ads,Promote
20230807,1773508324041730 ,US,,,1/1/00 0:00,11.05,3.8925,6/8/23 23:27,1.53,RIE,Promote Report Recall
20230807,1773524250975230 ,PH,,,1/1/00 0:00,20.2736,5.5179,6/8/23 23:29,0.54,Non-Auction Ads,Promote
20230807,1773524007794690 ,US,,,1/1/00 0:00,4.96,1.2563,6/8/23 23:26,1.53,RIE,Promote Report Recall
20230807,1773523933777940 ,BR,,,1/1/00 0:00,49.1613,1.8353,6/8/23 23:27,0.54,Non-Auction Ads,Promote
20230807,1773433571833850 ,SA,,,1/1/00 0:00,15.8416,10.262,6/8/23 23:31,0.54,Non-Auction Ads,Promote
20230807,1773524109135870 ,BR,BR,,1/1/00 0:00,0.9918,0,6/8/23 23:25,1.7,RIE,Ad Group Recall (Merged)
20230807,1773524223462400 ,VN,,,1/1/00 0:00,34.8836,2.6845,6/8/23 23:28,0.54,Non-Auction Ads,Promote
20230807,1773524234897410 ,BR,,,1/1/00 0:00,14.5873,4.3378,6/8/23 23:29,0.54,Non-Auction Ads,Promote
20230807,1773524071264260 ,TR,,,1/1/00 0:00,7.6056,0.6373,6/8/23 23:27,0.54,Non-Auction Ads,Promote
20230807,1773524331965440 ,TH,,,1/1/00 0:00,30.2312,7.2226,6/8/23 23:31,0.54,Non-Auction Ads,Promote
20230807,1773524227757100 ,KH,Other,,1/1/00 0:00,1.4937,1.0551,6/8/23 23:27,1.62,RIE,Ad Group Recall (Merged)
20230807,1773524217284610 ,SA,,,1/1/00 0:00,3.7187,1.5434,6/8/23 23:29,1.53,RIE,Promote Report Recall
20230807,1772447431660590 ,NZ,Other,,1/1/00 0:00,807.6261,311.6132,7/8/23 1:00,1.62,RIE,Ad Group Recall (Merged)
20230807,1773523874607100 ,SA,,,1/1/00 0:00,11.8216,0,6/8/23 23:28,0.54,Non-Auction Ads,Promote
20230807,1773524381534200 ,TH,,,1/1/00 0:00,29.5872,7.2226,6/8/23 23:32,0.54,Non-Auction Ads,Promote
20230807,1773524356044800 ,PH,,,1/1/00 0:00,27.6515,2.5163,6/8/23 23:30,0.54,Non-Auction Ads,Promote
20230807,1773520856170490 ,AE,MENA,,1/1/00 0:00,,6.1464,6/8/23 23:32,1.78,Auction Ads,auction_relation
20230807,1773520856170490 ,KR,KR,,1/1/00 0:00,,6.1464,6/8/23 23:32,2.37,Auction Ads,auction_relation
20230807,1773524414499840 ,TH,,,1/1/00 0:00,30.799,7.2226,6/8/23 23:32,0.54,Non-Auction Ads,Promote
20230807,1773524430573570 ,PH,,,1/1/00 0:00,29.3752,4.2116,6/8/23 23:31,1.53,RIE,Promote Report Recall
20230807,1773524476756990 ,TH,,,1/1/00 0:00,26.9793,7.2226,6/8/23 23:33,0.54,Non-Auction Ads,Promote
20230807,1773524611836960 ,GB,GB,,1/1/00 0:00,29.25,12.6853,6/8/23 23:36,1.76,Auction Ads,auction_relation
20230807,1773524280018960 ,US,,,1/1/00 0:00,5.23,1.2588,6/8/23 23:30,0.54,Non-Auction Ads,Promote
20230807,1773522794774530 ,FR,,,1/1/00 0:00,11.3692,0.022,6/8/23 23:30,1.53,RIE,Promote Report Recall
20230807,1773525798751230 ,MY,MY,,1/1/00 0:00,,0.6631,6/8/23 23:31,2.31,Auction Ads,auction_relation
20230807,1773524657908730 ,JP,,,1/1/00 0:00,41.5831,7.7613,6/8/23 23:36,0.54,Non-Auction Ads,Promote
20230807,1773525244327930 ,IQ,Others,,1/1/00 0:00,,9.9574,6/8/23 23:38,1.56,Auction Ads,auction_all
20230807,1773521609644080 ,GB,GB,,1/1/00 0:00,9.9837,16.3801,6/8/23 23:40,1.76,Auction Ads,auction_relation
20230807,1773524078594050 ,BR,,,1/1/00 0:00,4.4568,0.0247,6/8/23 23:32,1.53,RIE,Promote Report Recall
20230807,1773524443570170 ,ID,,,1/1/00 0:00,10.8988,0.5345,6/8/23 23:32,1.53,RIE,Promote Report Recall
20230807,1773524436728830 ,KH,,,1/1/00 0:00,3.717,0.7904,6/8/23 23:33,0.54,Non-Auction Ads,Promote
20230807,1773524722731040 ,VN,VN,,1/1/00 0:00,10.44,1.3433,6/8/23 23:33,2.14,Auction Ads,auction_relation
20230807,1773524798113840 ,GB,GB,,1/1/00 0:00,18.19,12.6853,6/8/23 23:39,1.76,Auction Ads,auction_relation
20230807,1773524573619200 ,VN,,,1/1/00 0:00,1.0542,2.504,6/8/23 23:34,1.53,RIE,Promote Report Recall
20230807,1773525187885100 ,US,US&CA,,1/1/00 0:00,100,25.8074,6/8/23 23:45,1.81,RIE,Ad Group Recall (Merged)
20230807,1773524800001020 ,US,,,1/1/00 0:00,15.98,6.0013,6/8/23 23:37,1.53,RIE,Promote Report Recall
20230807,1773524665956350 ,VN,VN,,1/1/00 0:00,5.73,2.1086,6/8/23 23:35,2.14,Auction Ads,auction_relation
20230807,1773524470004740 ,IT,,,1/1/00 0:00,30.8823,0.044,6/8/23 23:34,0.54,Non-Auction Ads,Promote
20230807,1773524247947270 ,TH,,,1/1/00 0:00,8.36,0.15,6/8/23 23:34,1.53,RIE,Promote Report Recall
20230807,1773524560723960 ,KH,,,1/1/00 0:00,4.0349,0.3806,6/8/23 23:34,0.54,Non-Auction Ads,Promote
20230807,1773524621782010 ,QA,,,1/1/00 0:00,1.3663,0.4275,6/8/23 23:35,1.53,RIE,Promote Report Recall
20230807,1773524627601400 ,SA,,,1/1/00 0:00,13.3811,0.8375,6/8/23 23:35,1.53,RIE,Promote Report Recall
20230807,1773434038392830 ,SA,,,1/1/00 0:00,1.8875,0.2312,6/8/23 23:36,0.54,Non-Auction Ads,Promote
20230807,1773521360833550 ,SA,MENA,,1/1/00 0:00,96.359,13.1906,6/8/23 23:43,1.67,RIE,Ad Group Recall (Merged)
20230807,1773521360833550 ,SA,MENA,,1/1/00 0:00,96.359,13.1906,6/8/23 23:43,1.78,Auction Ads,auction_relation
20230807,1773524827980800 ,VN,VN,,1/1/00 0:00,6.86,0.8731,6/8/23 23:38,2.14,Auction Ads,auction_relation
20230807,1773524577356800 ,ID,,,1/1/00 0:00,1.0898,0.0004,6/8/23 23:37,1.53,RIE,Promote Report Recall
20230807,1773522530302970 ,CA,US&CA,,1/1/00 0:00,331.3184,42.0457,6/8/23 23:58,1.81,RIE,Ad Group Recall (Merged)
20230807,1773524846841850 ,PH,,,1/1/00 0:00,0.7444,0.211,6/8/23 23:38,1.53,RIE,Promote Report Recall
20230807,1773525082048540 ,FR,FR,,1/1/00 0:00,29.97,11.3817,6/8/23 23:44,1.97,Auction Ads,auction_relation
20230807,1773525041077290 ,ID,ID,,1/1/00 0:00,59.8708,0.0127,6/8/23 23:38,2.05,RIE,Ad Group Recall (Merged)
20230807,1773524841704450 ,PL,,,1/1/00 0:00,43.4844,0.1872,6/8/23 23:39,0.54,Non-Auction Ads,Promote
20230807,1773525257397280 ,HU,Others,,1/1/00 0:00,10.28,1.3433,6/8/23 23:39,1.56,Auction Ads,auction_all
20230807,1773525257397280 ,NZ,NZ,,1/1/00 0:00,10.28,1.3433,6/8/23 23:39,1.58,Auction Ads,auction_relation
20230807,1773525257397280 ,AU,AU,,1/1/00 0:00,10.28,1.3433,6/8/23 23:39,1.84,Auction Ads,auction_relation
20230807,1773524924309520 ,VN,VN,,1/1/00 0:00,14.83,0.8731,6/8/23 23:39,2.14,Auction Ads,auction_relation
20230807,1773524928571400 ,VN,VN,,1/1/00 0:00,17.25,0.8731,6/8/23 23:40,2.14,Auction Ads,auction_relation
20230807,1773525110765600 ,BR,BR,,1/1/00 0:00,97.51,8.9878,6/8/23 23:44,1.99,Auction Ads,auction_all
20230807,1773524902812670 ,SA,,,1/1/00 0:00,0.8851,1.3218,6/8/23 23:40,1.53,RIE,Promote Report Recall
20230807,1773525226869760 ,US,,,1/1/00 0:00,44.36,8.2982,6/8/23 23:44,1.53,RIE,Promote Report Recall
20230807,1773524845528060 ,ID,,,1/1/00 0:00,1.9411,0.5128,6/8/23 23:40,1.53,RIE,Promote Report Recall
20230807,1773524909698050 ,VN,,,1/1/00 0:00,6.3639,1.0417,6/8/23 23:40,1.53,RIE,Promote Report Recall
20230807,1773525286702130 ,NZ,NZ,,1/1/00 0:00,8.5573,0,6/8/23 23:40,1.58,Auction Ads,auction_relation
20230807,1773521314452480 ,NL,NL,,1/1/00 0:00,2.1251,2.4239,6/8/23 23:42,1.19,Auction Ads,auction_relation
20230807,1773525279680520 ,GB,GB,,1/1/00 0:00,29.23,12.6853,6/8/23 23:47,1.76,Auction Ads,auction_relation
20230807,1773524738754560 ,US,,,1/1/00 0:00,11.38,0.01,6/8/23 23:42,1.53,RIE,Promote Report Recall
20230807,1773525207038970 ,SA,,,1/1/00 0:00,30.5582,4.9983,6/8/23 23:45,0.54,Non-Auction Ads,Promote
20230807,1773526169615390 ,IQ,Other,,1/1/00 0:00,25.76,9.9574,6/8/23 23:47,1.62,RIE,Ad Group Recall (Merged)
20230807,1773525019850750 ,HU,,,1/1/00 0:00,14.4316,0.4901,6/8/23 23:43,0.54,Non-Auction Ads,Promote
20230807,1773526122155050 ,EC,Others,,1/1/00 0:00,28.79,28.76,6/8/23 23:56,1.56,Auction Ads,auction_all
20230807,1773525120486400 ,VN,,,1/1/00 0:00,4.0433,0.6023,6/8/23 23:43,1.53,RIE,Promote Report Recall
20230807,1773525090865150 ,KW,,,1/1/00 0:00,19.7761,0,6/8/23 23:44,0.54,Non-Auction Ads,Promote
20230807,1773521563939850 ,US,USCA,,1/1/00 0:00,,3.75,6/8/23 23:45,1.78,Auction Ads,auction_relation
20230807,1773521563924480 ,US,USCA,,1/1/00 0:00,,3.75,6/8/23 23:45,1.78,Auction Ads,auction_relation
20230807,1773521563941920 ,US,USCA,,1/1/00 0:00,,3.75,6/8/23 23:45,1.78,Auction Ads,auction_relation
20230807,1773521563946010 ,US,USCA,,1/1/00 0:00,,3.75,6/8/23 23:45,1.78,Auction Ads,auction_relation
20230807,1773521563948060 ,US,USCA,,1/1/00 0:00,,3.75,6/8/23 23:45,1.78,Auction Ads,auction_relation
20230807,1773525283507230 ,MX,Other,,1/1/00 0:00,26.25,5.4578,6/8/23 23:46,1.62,RIE,Ad Group Recall (Merged)
20230807,1773525988609020 ,ID,ID,,1/1/00 0:00,3.0426,13.1738,6/8/23 23:50,1.8,Auction Ads,auction_relation
20230807,1773516593695750 ,US,,,1/1/00 0:00,4.19,0,6/8/23 23:45,1.53,RIE,Promote Report Recall
20230807,1773525656483840 ,BR,BR,,1/1/00 0:00,2.1691,2.9864,6/8/23 23:46,1.7,RIE,Ad Group Recall (Merged)
20230807,1773525575265320 ,PE,PE,,1/1/00 0:00,11.93,0.25,6/8/23 23:45,1.68,Auction Ads,auction_all
20230807,1773525253555200 ,VN,,,1/1/00 0:00,0.733,0.6377,6/8/23 23:45,1.53,RIE,Promote Report Recall
20230807,1773521758086170 ,GB,GB,,1/1/00 0:00,0,3.4428,6/8/23 23:47,1.76,Auction Ads,auction_relation
20230807,1773525563728920 ,SA,MENA,,1/1/00 0:00,,6.6667,6/8/23 23:48,1.78,Auction Ads,auction_relation
20230807,1773525245977600 ,US,,,1/1/00 0:00,10.62,0,6/8/23 23:45,1.53,RIE,Promote Report Recall
20230807,1773525457403900 ,VN,,,1/1/00 0:00,0.3511,3.5827,6/8/23 23:48,1.53,RIE,Promote Report Recall
20230807,1773525318721530 ,PH,,,1/1/00 0:00,0.4491,0.2711,6/8/23 23:47,1.53,RIE,Promote Report Recall
20230807,1773525691034620 ,GB,GB,,1/1/00 0:00,29.29,12.6853,6/8/23 23:53,1.76,Auction Ads,auction_relation
20230807,1773525512721400 ,KW,,,1/1/00 0:00,13.3497,6.2656,6/8/23 23:51,0.54,Non-Auction Ads,Promote
20230807,1773525562468350 ,SA,,,1/1/00 0:00,29.0547,6.1755,6/8/23 23:51,0.54,Non-Auction Ads,Promote
20230807,1773525641542650 ,ID,,,1/1/00 0:00,22.9189,9.3938,6/8/23 23:52,0.54,Non-Auction Ads,Promote
20230807,1773525347033090 ,ID,,,1/1/00 0:00,1.9777,0.0013,6/8/23 23:48,1.53,RIE,Promote Report Recall
20230807,1773525342573570 ,SA,,,1/1/00 0:00,13.6936,1.6833,6/8/23 23:48,0.54,Non-Auction Ads,Promote
20230807,1773525963681810 ,SA,MENA,,1/1/00 0:00,,9.5388,6/8/23 23:52,1.78,Auction Ads,auction_relation
20230807,1773526040602670 ,MY,MY,,1/1/00 0:00,5.6974,3.0106,6/8/23 23:50,2.31,Auction Ads,auction_relation
20230807,1773510899181610 ,SA,MENA,,1/1/00 0:00,19.85,7.5747,6/8/23 23:52,1.78,Auction Ads,auction_relation
20230807,1773510899181610 ,KW,Others,,1/1/00 0:00,19.85,7.5747,6/8/23 23:52,1.56,Auction Ads,auction_all
20230807,1773510899181610 ,AE,MENA,,1/1/00 0:00,19.85,7.5747,6/8/23 23:52,1.78,Auction Ads,auction_relation
20230807,1773510899181610 ,QA,Others,,1/1/00 0:00,19.85,7.5747,6/8/23 23:52,1.56,Auction Ads,auction_all
20230807,1773510899181610 ,EG,MENA,,1/1/00 0:00,19.85,7.5747,6/8/23 23:52,1.78,Auction Ads,auction_relation
20230807,1773525427017730 ,PH,,,1/1/00 0:00,0.8983,0.2994,6/8/23 23:48,1.53,RIE,Promote Report Recall
20230807,1773525878758430 ,IQ,Others,,1/1/00 0:00,,8.6862,6/8/23 23:54,1.56,Auction Ads,auction_all
20230807,1773525565428730 ,VN,,,1/1/00 0:00,4.4018,0.5123,6/8/23 23:50,1.53,RIE,Promote Report Recall
20230807,1773525282295800 ,VN,,,1/1/00 0:00,1.971,0.002,6/8/23 23:49,1.53,RIE,Promote Report Recall
20230807,1773526208355320 ,SA,,,1/1/00 0:00,51.6643,35.3493,7/8/23 0:01,0.54,Non-Auction Ads,Promote
20230807,1773525570999300 ,US,,,1/1/00 0:00,5,0.8267,6/8/23 23:51,1.53,RIE,Promote Report Recall
20230807,1773525674708990 ,PH,PH,,1/1/00 0:00,6.28,1.3631,6/8/23 23:51,2.46,Auction Ads,auction_relation
20230807,1773525862026240 ,SA,,,1/1/00 0:00,16.8411,8.0011,6/8/23 23:54,0.54,Non-Auction Ads,Promote
20230807,1773524292841470 ,BR,,,1/1/00 0:00,,0.5675,6/8/23 23:52,0.54,Non-Auction Ads,Promote
20230807,1773525781360640 ,SA,,,1/1/00 0:00,30.875,5.045,6/8/23 23:54,0.54,Non-Auction Ads,Promote
20230807,1773525774332000 ,TW,TW,,1/1/00 0:00,0.73,3.0506,6/8/23 23:53,2.59,RIE,Ad Group Recall (Merged)
20230807,1773525772007430 ,BR,,,1/1/00 0:00,9.4921,2.2269,6/8/23 23:53,1.53,RIE,Promote Report Recall
20230807,1773525181599740 ,TH,,,1/1/00 0:00,3.85,1.5988,6/8/23 23:53,1.53,RIE,Promote Report Recall
20230807,1773525842213890 ,IT,,,1/1/00 0:00,23.6621,4.8168,6/8/23 23:54,0.54,Non-Auction Ads,Promote
20230807,1773525825857540 ,TH,,,1/1/00 0:00,5.09,4.8167,6/8/23 23:54,1.53,RIE,Promote Report Recall
20230807,1773521063388160 ,LB,Others,,1/1/00 0:00,19.88,5.4123,6/8/23 23:55,1.56,Auction Ads,auction_all
20230807,1773521063388160 ,LB,Other,,1/1/00 0:00,19.88,5.4123,6/8/23 23:55,1.62,RIE,Ad Group Recall (Merged)
20230807,1773509486751740 ,GB,GB,,1/1/00 0:00,25.2185,20.0928,7/8/23 0:00,1.76,Auction Ads,auction_relation
20230807,1773510108932130 ,GB,GB,,1/1/00 0:00,25.1671,20.0928,7/8/23 0:00,1.76,Auction Ads,auction_relation
20230807,1773522522265640 ,AT,AT,,1/1/00 0:00,4.4563,6.2964,6/8/23 23:56,0.89,Auction Ads,auction_relation
20230807,1773525869681670 ,CA,,,1/1/00 0:00,14.0943,2.8375,6/8/23 23:54,1.53,RIE,Promote Report Recall
20230807,1773442920687630 ,VN,VN,,1/1/00 0:00,,1.0197,6/8/23 23:54,2.14,Auction Ads,auction_relation
20230807,1773525888158720 ,MY,MY,,1/1/00 0:00,,0.6631,6/8/23 23:54,2.31,Auction Ads,auction_relation
20230807,1773525762443260 ,GR,,,1/1/00 0:00,22.0114,0.7925,6/8/23 23:54,0.54,Non-Auction Ads,Promote
20230807,1773331161559080 ,US,US,,1/1/00 0:00,3038.4,1627.9556,7/8/23 5:00,1.54,Non-Auction Ads,R&F
20230807,1773525883186170 ,IL,,,1/1/00 0:00,53.9625,2.3355,6/8/23 23:55,0.54,Non-Auction Ads,Promote
20230807,1773522168221720 ,ES,ES,,1/1/00 0:00,16.96,4.1899,6/8/23 23:56,1.37,Auction Ads,auction_relation
20230807,1773525930196000 ,ID,ID,,1/1/00 0:00,,0.0127,6/8/23 23:54,1.8,Auction Ads,auction_relation
20230807,1773522252226610 ,ES,ES,,1/1/00 0:00,7.56,4.1899,6/8/23 23:57,1.37,Auction Ads,auction_relation
20230807,1773526024118270 ,TH,,,1/1/00 0:00,4.86,3.72,6/8/23 23:58,1.53,RIE,Promote Report Recall
20230807,1773525969161220 ,BR,,,1/1/00 0:00,3.6219,2.2692,6/8/23 23:57,1.53,RIE,Promote Report Recall
20230807,1773525818484800 ,SA,,,1/1/00 0:00,26.6562,0.0067,6/8/23 23:56,1.53,RIE,Promote Report Recall
20230807,1773526044039200 ,MA,MA,,1/1/00 0:00,11.74,0.5245,6/8/23 23:56,1.51,Auction Ads,auction_relation
20230807,1773526697996330 ,MA,MA,,1/1/00 0:00,2.34,2.0207,6/8/23 23:58,1.51,Auction Ads,auction_relation
20230807,1773526393955340 ,MY,MY,,1/1/00 0:00,4.8897,3.0106,6/8/23 23:59,2.31,Auction Ads,auction_relation
20230807,1773510897937450 ,KW,Others,,1/1/00 0:00,21.39,1.9295,6/8/23 23:59,1.56,Auction Ads,auction_all
20230807,1773511009044510 ,KW,Others,,1/1/00 0:00,,1.9295,6/8/23 23:59,1.56,Auction Ads,auction_all
20230807,1773526104569850 ,MY,,,1/1/00 0:00,22.1933,0.6972,6/8/23 23:59,0.54,Non-Auction Ads,Promote
20230807,1773516575479840 ,GB,GB,,1/1/00 0:00,8.3506,9.8996,7/8/23 0:00,1.76,Auction Ads,auction_relation
20230807,1773516633556010 ,GB,GB,,1/1/00 0:00,15.8985,9.8996,7/8/23 0:00,1.76,Auction Ads,auction_relation
20230807,1773526307655680 ,SA,,,1/1/00 0:00,30.3638,14.3954,7/8/23 0:01,0.54,Non-Auction Ads,Promote
20230807,1773521821230080 ,US,,,1/1/00 0:00,11.85,14.7953,7/8/23 0:02,0.54,Non-Auction Ads,Promote
20230807,1773522420176940 ,US,USCA,,1/1/00 0:00,9.63,3.75,7/8/23 0:00,1.78,Auction Ads,auction_relation
20230807,1773399234773020 ,NO,Others,,1/1/00 0:00,,2.3534,7/8/23 0:00,1.56,Auction Ads,auction_all
20230807,1773399234773020 ,FI,Others,,1/1/00 0:00,,2.3534,7/8/23 0:00,1.56,Auction Ads,auction_all
20230807,1773399234773020 ,GB,GB,,1/1/00 0:00,,2.3534,7/8/23 0:00,1.76,Auction Ads,auction_relation
20230807,1773399234773020 ,RO,RO,,1/1/00 0:00,,2.3534,7/8/23 0:00,1.94,Auction Ads,auction_relation
20230807,1773399234773020 ,NO,Others,,1/1/00 0:00,,2.3534,7/8/23 0:00,1.56,Auction Ads,auction_all
20230807,1773399234773020 ,HU,Others,,1/1/00 0:00,,2.3534,7/8/23 0:00,1.56,Auction Ads,auction_all
20230807,1773399234773020 ,PT,PT,,1/1/00 0:00,,2.3534,7/8/23 0:00,1.98,Auction Ads,auction_relation
20230807,1773399234773020 ,GR,GR,,1/1/00 0:00,,2.3534,7/8/23 0:00,2.11,Auction Ads,auction_relation
20230807,1773399234773020 ,IE,IE,,1/1/00 0:00,,2.3534,7/8/23 0:00,1.52,Auction Ads,auction_relation
20230807,1773399234773020 ,CZ,CZ,,1/1/00 0:00,,2.3534,7/8/23 0:00,1.9,Auction Ads,auction_relation
20230807,1773399234773020 ,PL,PL,,1/1/00 0:00,,2.3534,7/8/23 0:00,1.64,Auction Ads,auction_relation
20230807,1773399234773020 ,DK,DK,,1/1/00 0:00,,2.3534,7/8/23 0:00,1.31,Auction Ads,auction_relation
20230807,1773526982898700 ,IQ,Others,,1/1/00 0:00,25.33,9.9574,7/8/23 0:01,1.56,Auction Ads,auction_all
20230807,1773526982898700 ,IQ,Others,,1/1/00 0:00,25.33,9.9574,7/8/23 0:01,1.56,Auction Ads,auction_all
20230807,1773527286970410 ,NZ,NZ,,1/1/00 0:00,13.339,44.7654,7/8/23 0:11,1.58,Auction Ads,auction_relation
20230807,1773519534371840 ,US,,,1/1/00 0:00,14.91,2.745,7/8/23 0:00,0.54,Non-Auction Ads,Promote
20230807,1773521391972350 ,US,,,1/1/00 0:00,0.97,2.2457,7/8/23 0:00,0.54,Non-Auction Ads,Promote
20230807,1772929406280720 ,GB,GB,,1/1/00 0:00,12.8647,0,7/8/23 0:00,1.82,Non-Auction Ads,R&F
20230807,1772929406280720 ,GB,GB,,1/1/00 0:00,12.8647,0,7/8/23 0:00,1.82,Non-Auction Ads,R&F
20230807,1772929406280720 ,GB,GB,,1/1/00 0:00,12.8647,0,7/8/23 0:00,1.82,Non-Auction Ads,R&F
20230807,1772665812153370 ,GB,GB,,1/1/00 0:00,227.4234,0,7/8/23 0:00,1.82,Non-Auction Ads,R&F
20230807,1772665812153370 ,GB,GB,,1/1/00 0:00,227.4234,0,7/8/23 0:00,1.82,Non-Auction Ads,R&F
20230807,1772663690815570 ,GB,GB,,1/1/00 0:00,132.0201,0,7/8/23 0:00,1.82,Non-Auction Ads,R&F
20230807,1772663690815570 ,GB,GB,,1/1/00 0:00,132.0201,0,7/8/23 0:00,1.82,Non-Auction Ads,R&F
20230807,1773526016720890 ,MY,,,1/1/00 0:00,0.1361,0.205,7/8/23 0:00,0.54,Non-Auction Ads,Promote
20230807,1773525968803840 ,TH,,,1/1/00 0:00,3.3343,0.5487,7/8/23 0:00,0.54,Non-Auction Ads,Promote
20230807,1773521533456380 ,US,,,1/1/00 0:00,25.75,5.9883,7/8/23 0:01,0.54,Non-Auction Ads,Promote
20230807,1773525756385280 ,PH,,,1/1/00 0:00,1.9902,0.3379,7/8/23 0:00,0.54,Non-Auction Ads,Promote
20230807,1773521543402500 ,US,,,1/1/00 0:00,7.12,2.1304,7/8/23 0:00,0.54,Non-Auction Ads,Promote
20230807,1773522533860380 ,US,USCA,,1/1/00 0:00,,3.75,7/8/23 0:01,1.78,Auction Ads,auction_relation
20230807,1773522529138720 ,US,USCA,,1/1/00 0:00,6.12,3.75,7/8/23 0:01,1.78,Auction Ads,auction_relation
20230807,1773522542042120 ,US,USCA,,1/1/00 0:00,,3.75,7/8/23 0:01,1.78,Auction Ads,auction_relation
20230807,1773522529144860 ,US,USCA,,1/1/00 0:00,,3.75,7/8/23 0:01,1.78,Auction Ads,auction_relation
20230807,1773509335710720 ,TR,,,1/1/00 0:00,7.5587,0.7683,7/8/23 0:00,0.54,Non-Auction Ads,Promote
20230807,1773521563504640 ,US,,,1/1/00 0:00,3.6483,1.7648,7/8/23 0:01,0.54,Non-Auction Ads,Promote
20230807,1773522577757180 ,AT,AT,,1/1/00 0:00,1.1441,6.2964,7/8/23 0:02,0.89,Auction Ads,auction_relation
20230807,1773522577814520 ,AT,AT,,1/1/00 0:00,59.7182,6.2964,7/8/23 0:02,0.89,Auction Ads,auction_relation
20230807,1773525017198590 ,DE,,,1/1/00 0:00,5.4254,8.6327,7/8/23 0:03,0.54,Non-Auction Ads,Promote
20230807,1773526290178050 ,RO,,,1/1/00 0:00,14.9059,1.8345,7/8/23 0:01,0.54,Non-Auction Ads,Promote
20230807,1773509321897980 ,TR,,,1/1/00 0:00,0.7413,0.1151,7/8/23 0:01,0.54,Non-Auction Ads,Promote
20230807,1773520720730110 ,US,,,1/1/00 0:00,10,2.5,7/8/23 0:01,0.54,Non-Auction Ads,Promote
20230807,1773521557810180 ,US,,,1/1/00 0:00,5.76,4,7/8/23 0:02,0.54,Non-Auction Ads,Promote
20230807,1773521850976260 ,CA,,,1/1/00 0:00,3.1405,2.2541,7/8/23 0:01,0.54,Non-Auction Ads,Promote
20230807,1773526095678460 ,VN,,,1/1/00 0:00,5.8956,0.129,7/8/23 0:01,1.53,RIE,Promote Report Recall
20230807,1773521280346120 ,ES,ES,,1/1/00 0:00,5.63,4.1899,7/8/23 0:02,1.37,Auction Ads,auction_relation
20230807,1773522417967110 ,TH,,,1/1/00 0:00,8.42,1.4688,7/8/23 0:01,1.53,RIE,Promote Report Recall
20230807,1773525000116270 ,IQ,Other,,1/1/00 0:00,10.02,6.5363,7/8/23 0:04,1.62,RIE,Ad Group Recall (Merged)
20230807,1773437681266680 ,SA,,,1/1/00 0:00,3.4677,0.8666,7/8/23 0:01,0.54,Non-Auction Ads,Promote
20230807,1773524998051840 ,ES,,,1/1/00 0:00,6.6031,7.1187,7/8/23 0:04,0.54,Non-Auction Ads,Promote
20230807,1773522369979390 ,US,,,1/1/00 0:00,62.68,16.7519,7/8/23 0:07,0.54,Non-Auction Ads,Promote
20230807,1773521738097670 ,CA,,,1/1/00 0:00,0.0374,2.2541,7/8/23 0:02,0.54,Non-Auction Ads,Promote
20230807,1773521825356800 ,US,,,1/1/00 0:00,5.2,2.2925,7/8/23 0:03,0.54,Non-Auction Ads,Promote
20230807,1773438269614080 ,SA,,,1/1/00 0:00,1.5994,1.0181,7/8/23 0:03,0.54,Non-Auction Ads,Promote
20230807,1773526599528460 ,VN,VN,,1/1/00 0:00,0.4204,0.0657,7/8/23 0:03,2.14,Auction Ads,auction_relation
20230807,1773522026350590 ,US,,,1/1/00 0:00,5,2.0365,7/8/23 0:04,0.54,Non-Auction Ads,Promote
20230807,1773522202626060 ,US,,,1/1/00 0:00,4.95,3.9838,7/8/23 0:04,0.54,Non-Auction Ads,Promote
20230807,1773526182504440 ,TH,,,1/1/00 0:00,0.8941,0.5775,7/8/23 0:03,0.54,Non-Auction Ads,Promote
20230807,1773526398132230 ,ES,,,1/1/00 0:00,3.7967,1.1016,7/8/23 0:04,1.53,RIE,Promote Report Recall
20230807,1773526528586750 ,TH,,,1/1/00 0:00,10.77,8.6375,7/8/23 0:06,1.53,RIE,Promote Report Recall
20230807,1773522174788610 ,US,,,1/1/00 0:00,5,1.6688,7/8/23 0:04,0.54,Non-Auction Ads,Promote
20230807,1773526699225090 ,EC,Others,,1/1/00 0:00,23.19,4.56,7/8/23 0:05,1.56,Auction Ads,auction_all
20230807,1773526609506330 ,TH,TH,,1/1/00 0:00,11.543,1.7617,7/8/23 0:04,1.64,Auction Ads,auction_relation
20230807,1773521996921860 ,US,,,1/1/00 0:00,10,1.5271,7/8/23 0:04,0.54,Non-Auction Ads,Promote
20230807,1773526540374010 ,TH,TH,,1/1/00 0:00,10.9611,3.1172,7/8/23 0:05,1.64,Auction Ads,auction_relation
20230807,1773526593369090 ,US,,,1/1/00 0:00,95.42,5.22,7/8/23 0:06,1.53,RIE,Promote Report Recall
20230807,1773526516523010 ,ES,,,1/1/00 0:00,2.2005,0.4383,7/8/23 0:05,1.53,RIE,Promote Report Recall
20230807,1773526402660350 ,MY,,,1/1/00 0:00,29.1988,0.2488,7/8/23 0:05,0.54,Non-Auction Ads,Promote
20230807,1773526126928900 ,TH,,,1/1/00 0:00,15.98,1.0547,7/8/23 0:05,1.53,RIE,Promote Report Recall
20230807,1773526523053050 ,TH,,,1/1/00 0:00,1.7123,1.2936,7/8/23 0:06,0.54,Non-Auction Ads,Promote
20230807,1773526189001730 ,BR,,,1/1/00 0:00,0.2545,0.2891,7/8/23 0:05,1.53,RIE,Promote Report Recall
20230807,1773526477297670 ,TH,,,1/1/00 0:00,10.6147,5.2189,7/8/23 0:07,1.53,RIE,Promote Report Recall
20230807,1773526429348860 ,TH,,,1/1/00 0:00,1.7259,0.5103,7/8/23 0:06,0.54,Non-Auction Ads,Promote
20230807,1773522475274240 ,US,,,1/1/00 0:00,5,5,7/8/23 0:07,0.54,Non-Auction Ads,Promote
20230807,1773526105155580 ,PH,,,1/1/00 0:00,0.4493,0.2079,7/8/23 0:06,0.54,Non-Auction Ads,Promote
20230807,1773522606517250 ,US,,,1/1/00 0:00,0,5.521,7/8/23 0:08,0.54,Non-Auction Ads,Promote
20230807,1773526496526330 ,TH,,,1/1/00 0:00,1.7286,1.3826,7/8/23 0:07,0.54,Non-Auction Ads,Promote
20230807,1773435119977470 ,VN,,,1/1/00 0:00,1.4459,0.4087,7/8/23 0:07,0.54,Non-Auction Ads,Promote
20230807,1773435119977470 ,VN,,,1/1/00 0:00,1.4459,0.4087,7/8/23 0:07,0.54,Non-Auction Ads,Promote
20230807,1773522589796350 ,US,,,1/1/00 0:00,5.81,0.07,7/8/23 0:07,0.54,Non-Auction Ads,Promote
20230807,1773521098687490 ,US,,,1/1/00 0:00,5,1.6667,7/8/23 0:07,0.54,Non-Auction Ads,Promote
20230807,1773526596396030 ,TH,,,1/1/00 0:00,0.8652,0.2966,7/8/23 0:07,0.54,Non-Auction Ads,Promote
20230807,1773526103394300 ,TH,,,1/1/00 0:00,1.6233,0.6307,7/8/23 0:07,0.54,Non-Auction Ads,Promote
20230807,1773522004731910 ,US,,,1/1/00 0:00,10,3.5928,7/8/23 0:08,0.54,Non-Auction Ads,Promote
20230807,1773526608695300 ,PL,,,1/1/00 0:00,0.3192,0.6613,7/8/23 0:07,1.53,RIE,Promote Report Recall
20230807,1773522817797120 ,US,,,1/1/00 0:00,5,1.2264,7/8/23 0:08,0.54,Non-Auction Ads,Promote
20230807,1773526526156800 ,TH,,,1/1/00 0:00,0.8527,0.2205,7/8/23 0:08,0.54,Non-Auction Ads,Promote
20230807,1773522894928900 ,US,,,1/1/00 0:00,4.75,2.672,7/8/23 0:09,0.54,Non-Auction Ads,Promote
20230807,1773524093322240 ,IT,,,1/1/00 0:00,2.7401,0.5536,7/8/23 0:08,0.54,Non-Auction Ads,Promote
20230807,1773438996032510 ,SA,,,1/1/00 0:00,1.666,0.9144,7/8/23 0:09,0.54,Non-Auction Ads,Promote
20230807,1773523236337670 ,US,,,1/1/00 0:00,0.4,3.3225,7/8/23 0:09,0.54,Non-Auction Ads,Promote
20230807,1773525550557180 ,DE,,,1/1/00 0:00,5.5027,8.6327,7/8/23 0:11,0.54,Non-Auction Ads,Promote
20230807,1773526784323590 ,BR,,,1/1/00 0:00,0.55,0.4196,7/8/23 0:09,1.53,RIE,Promote Report Recall
20230807,1773522668385280 ,US,,,1/1/00 0:00,9.81,5,7/8/23 0:10,0.54,Non-Auction Ads,Promote
20230807,1773526712059910 ,US,,,1/1/00 0:00,5.12,1.9209,7/8/23 0:09,1.53,RIE,Promote Report Recall
20230807,1773526311162880 ,MY,,,1/1/00 0:00,0.9307,0,7/8/23 0:09,0.54,Non-Auction Ads,Promote
20230807,1773526901786630 ,TH,,,1/1/00 0:00,12.66,9.27,7/8/23 0:11,1.53,RIE,Promote Report Recall
20230807,1773526800601090 ,TH,,,1/1/00 0:00,64.3089,6.2789,7/8/23 0:11,0.54,Non-Auction Ads,Promote
20230807,1773526794739730 ,TH,TH,,1/1/00 0:00,2.4251,1.7617,7/8/23 0:09,1.64,Auction Ads,auction_relation
20230807,1773526321638400 ,PH,,,1/1/00 0:00,0.8998,0.3087,7/8/23 0:09,0.54,Non-Auction Ads,Promote
20230807,1773440582054910 ,SA,,,1/1/00 0:00,1.6662,2.131,7/8/23 0:09,0.54,Non-Auction Ads,Promote
20230807,1773526622356480 ,MY,,,1/1/00 0:00,24.8715,0.8603,7/8/23 0:09,0.54,Non-Auction Ads,Promote
20230807,1773523339139070 ,US,,,1/1/00 0:00,6.51,3.2484,7/8/23 0:10,0.54,Non-Auction Ads,Promote
20230807,1773526752966660 ,TH,,,1/1/00 0:00,4.8558,1.6826,7/8/23 0:10,1.53,RIE,Promote Report Recall
20230807,1773523329755140 ,CA,,,1/1/00 0:00,2.4602,0.4215,7/8/23 0:09,0.54,Non-Auction Ads,Promote
20230807,1773523224579100 ,SA,MENA,,1/1/00 0:00,14.9131,13.1906,7/8/23 0:12,1.78,Auction Ads,auction_relation
20230807,1773526799687680 ,TH,,,1/1/00 0:00,1.9825,0.8177,7/8/23 0:10,0.54,Non-Auction Ads,Promote
20230807,1773526945135620 ,BR,,,1/1/00 0:00,12.5615,5.8053,7/8/23 0:11,1.53,RIE,Promote Report Recall
20230807,1773526821601280 ,TH,,,1/1/00 0:00,2.1083,0.8177,7/8/23 0:10,0.54,Non-Auction Ads,Promote
20230807,1773526752392190 ,ID,,,1/1/00 0:00,10.9,1.205,7/8/23 0:10,0.54,Non-Auction Ads,Promote
20230807,1773522812855310 ,BR,,,1/1/00 0:00,1.6417,0.2019,7/8/23 0:10,0.54,Non-Auction Ads,Promote
20230807,1773523940477950 ,US,,,1/1/00 0:00,4.63,25,7/8/23 0:14,0.54,Non-Auction Ads,Promote
20230807,1773526922073090 ,TH,,,1/1/00 0:00,381.4356,4.4451,7/8/23 0:11,0.54,Non-Auction Ads,Promote
20230807,1773526562065410 ,ID,,,1/1/00 0:00,1.0889,0.8853,7/8/23 0:11,0.54,Non-Auction Ads,Promote
20230807,1773526907289600 ,US,,,1/1/00 0:00,50,5.625,7/8/23 0:12,1.53,RIE,Promote Report Recall
20230807,1773523941715970 ,US,,,1/1/00 0:00,9.58,3.3333,7/8/23 0:12,0.54,Non-Auction Ads,Promote
20230807,1773525879431160 ,ID,,,1/1/00 0:00,0.9892,0.222,7/8/23 0:11,0.54,Non-Auction Ads,Promote
20230807,1773524190338050 ,US,,,1/1/00 0:00,5,3.3333,7/8/23 0:12,0.54,Non-Auction Ads,Promote
20230807,1773526498014200 ,ID,,,1/1/00 0:00,1.9842,0.6681,7/8/23 0:12,0.54,Non-Auction Ads,Promote
20230807,1773526909401090 ,US,,,1/1/00 0:00,10,3.3333,7/8/23 0:12,1.53,RIE,Promote Report Recall
20230807,1773526359467000 ,ID,,,1/1/00 0:00,2.0116,0.7652,7/8/23 0:12,0.54,Non-Auction Ads,Promote
20230807,1773523008722950 ,US,,,1/1/00 0:00,10,0.5224,7/8/23 0:12,0.54,Non-Auction Ads,Promote
20230807,1773526803269630 ,ID,,,1/1/00 0:00,7.479,0.2489,7/8/23 0:12,0.54,Non-Auction Ads,Promote
20230807,1773524227106820 ,US,,,1/1/00 0:00,5,1.6667,7/8/23 0:12,0.54,Non-Auction Ads,Promote
20230807,1773523107724290 ,US,,,1/1/00 0:00,0.03,1.7918,7/8/23 0:12,0.54,Non-Auction Ads,Promote
20230807,1773526997851130 ,VN,,,1/1/00 0:00,6.2154,1.3488,7/8/23 0:12,1.53,RIE,Promote Report Recall
20230807,1773526754633730 ,ID,,,1/1/00 0:00,0.989,0.2705,7/8/23 0:12,0.54,Non-Auction Ads,Promote
20230807,1773526637395960 ,ID,,,1/1/00 0:00,4.36,0.4993,7/8/23 0:12,0.54,Non-Auction Ads,Promote
20230807,1773523354645520 ,SA,MENA,,1/1/00 0:00,10.9338,13.1906,7/8/23 0:14,1.78,Auction Ads,auction_relation
20230807,1773525959072760 ,ID,,,1/1/00 0:00,2.1799,0.4115,7/8/23 0:12,0.54,Non-Auction Ads,Promote
20230807,1773523312501760 ,US,,,1/1/00 0:00,6.38,1.2225,7/8/23 0:12,0.54,Non-Auction Ads,Promote
20230807,1773441532801020 ,SA,,,1/1/00 0:00,5.0004,0.7017,7/8/23 0:12,0.54,Non-Auction Ads,Promote
20230807,1773527016071170 ,US,,,1/1/00 0:00,19.5,7.9317,7/8/23 0:14,0.54,Non-Auction Ads,Promote
20230807,1773526977719300 ,BR,,,1/1/00 0:00,19.1938,3.2719,7/8/23 0:13,0.54,Non-Auction Ads,Promote
20230807,1773524852808710 ,US,,,1/1/00 0:00,5,1.451,7/8/23 0:13,0.54,Non-Auction Ads,Promote
20230807,1773523496462380 ,GB,GB,,1/1/00 0:00,13.8869,1.8281,7/8/23 0:13,1.76,Auction Ads,auction_relation
20230807,1773521447437360 ,BR,,,1/1/00 0:00,3.2811,0.0308,7/8/23 0:13,0.54,Non-Auction Ads,Promote
20230807,1773524093557760 ,US,,,1/1/00 0:00,9.4,5.3049,7/8/23 0:14,0.54,Non-Auction Ads,Promote
20230807,1773522635250690 ,US,,,1/1/00 0:00,5.68,3.0435,7/8/23 0:13,0.54,Non-Auction Ads,Promote
20230807,1773526101677050 ,ID,,,1/1/00 0:00,0.983,0.2718,7/8/23 0:13,0.54,Non-Auction Ads,Promote
20230807,1773527525635090 ,NZ,NZ,,1/1/00 0:00,9.64,1.3433,7/8/23 0:13,1.58,Auction Ads,auction_relation
20230807,1773527525635090 ,GB,GB,,1/1/00 0:00,9.64,1.3433,7/8/23 0:13,1.76,Auction Ads,auction_relation
20230807,1773527525635090 ,AU,AU,,1/1/00 0:00,9.64,1.3433,7/8/23 0:13,1.84,Auction Ads,auction_relation
20230807,1773527682252830 ,IQ,Others,,1/1/00 0:00,7.32,9.9574,7/8/23 0:15,1.56,Auction Ads,auction_all
20230807,1773526850075640 ,TH,,,1/1/00 0:00,2.07,0.8177,7/8/23 0:13,0.54,Non-Auction Ads,Promote
20230807,1773523600930820 ,US,,,1/1/00 0:00,4.41,3.5629,7/8/23 0:14,0.54,Non-Auction Ads,Promote
20230807,1773441888918530 ,SA,,,1/1/00 0:00,1.5994,0.3979,7/8/23 0:13,0.54,Non-Auction Ads,Promote
20230807,1773526750260220 ,TH,,,1/1/00 0:00,2.2028,0.8177,7/8/23 0:13,0.54,Non-Auction Ads,Promote
20230807,1773527069654020 ,TH,,,1/1/00 0:00,11.91,1.6064,7/8/23 0:14,1.53,RIE,Promote Report Recall
20230807,1773526233293820 ,ID,,,1/1/00 0:00,0.879,0.3053,7/8/23 0:14,0.54,Non-Auction Ads,Promote
20230807,1773526777470970 ,TH,,,1/1/00 0:00,2.1263,0.8177,7/8/23 0:14,0.54,Non-Auction Ads,Promote
20230807,1773524316917760 ,US,,,1/1/00 0:00,10.98,4,7/8/23 0:15,0.54,Non-Auction Ads,Promote
20230807,1773527118981120 ,VN,,,1/1/00 0:00,46.094,1.3141,7/8/23 0:14,0.54,Non-Auction Ads,Promote
20230807,1773525950806010 ,ID,,,1/1/00 0:00,1.3844,0.3926,7/8/23 0:14,0.54,Non-Auction Ads,Promote
20230807,1773525247897600 ,US,,,1/1/00 0:00,10,1.4329,7/8/23 0:14,0.54,Non-Auction Ads,Promote
20230807,1773526734920770 ,MY,,,1/1/00 0:00,6.367,0.5907,7/8/23 0:14,0.54,Non-Auction Ads,Promote
20230807,1773525608076290 ,US,,,1/1/00 0:00,5,1.3725,7/8/23 0:14,0.54,Non-Auction Ads,Promote
20230807,1773527030043640 ,ID,,,1/1/00 0:00,1.9775,0.3415,7/8/23 0:14,1.53,RIE,Promote Report Recall
20230807,1773523506276350 ,US,,,1/1/00 0:00,11.08,3.4783,7/8/23 0:15,0.54,Non-Auction Ads,Promote
20230807,1773525113119740 ,US,,,1/1/00 0:00,6,1.6464,7/8/23 0:15,0.54,Non-Auction Ads,Promote
20230807,1773569778839600 ,DE,DE,,1/1/00 0:00,142.86,57.3741,7/8/23 0:30,1.01,Auction Ads,auction_relation
20230807,1773569778839600 ,NZ,NZ,,1/1/00 0:00,142.86,57.3741,7/8/23 0:30,1.58,Auction Ads,auction_relation
20230807,1773525684670460 ,US,,,1/1/00 0:00,11.92,3.0722,7/8/23 0:16,0.54,Non-Auction Ads,Promote
20230807,1773443236289530 ,VN,,,1/1/00 0:00,0.9691,0.2164,7/8/23 0:15,0.54,Non-Auction Ads,Promote
20230807,1773527187130360 ,AU,,,1/1/00 0:00,2.5498,0.6778,7/8/23 0:15,1.53,RIE,Promote Report Recall
20230807,1773445613555710 ,VN,,,1/1/00 0:00,1.9298,1.8823,7/8/23 0:16,0.54,Non-Auction Ads,Promote
20230807,1773525315117060 ,US,,,1/1/00 0:00,5,2.5,7/8/23 0:16,0.54,Non-Auction Ads,Promote
20230807,1773525908333570 ,US,,,1/1/00 0:00,5,1.9697,7/8/23 0:16,0.54,Non-Auction Ads,Promote
20230807,1773525909537790 ,US,,,1/1/00 0:00,11,6.0838,7/8/23 0:17,0.54,Non-Auction Ads,Promote
20230807,1773523424920580 ,US,,,1/1/00 0:00,10.76,0.03,7/8/23 0:16,0.54,Non-Auction Ads,Promote
20230807,1773525692535810 ,US,,,1/1/00 0:00,5.96,5,7/8/23 0:17,0.54,Non-Auction Ads,Promote
20230807,1773571914109970 ,DK,DK,,1/1/00 0:00,142.08,57.3741,7/8/23 0:30,1.31,Auction Ads,auction_relation
20230807,1773571914109970 ,IE,IE,,1/1/00 0:00,142.08,57.3741,7/8/23 0:30,1.52,Auction Ads,auction_relation
20230807,1773571914109970 ,SE,SE,,1/1/00 0:00,142.08,57.3741,7/8/23 0:30,1.4,Auction Ads,auction_relation
20230807,1773571914109970 ,CH,CH,,1/1/00 0:00,142.08,57.3741,7/8/23 0:30,0.93,Auction Ads,auction_relation
20230807,1773475914780670 ,VN,,,1/1/00 0:00,,1.2517,7/8/23 0:16,0.54,Non-Auction Ads,Promote
20230807,1773524348991490 ,US,,,1/1/00 0:00,6,0.3,7/8/23 0:16,0.54,Non-Auction Ads,Promote
20230807,1773525705460740 ,US,,,1/1/00 0:00,10.01,2.6407,7/8/23 0:17,0.54,Non-Auction Ads,Promote
20230807,1773445674249210 ,VN,,,1/1/00 0:00,0.9931,0.4104,7/8/23 0:16,0.54,Non-Auction Ads,Promote
20230807,1773525250320380 ,US,,,1/1/00 0:00,10.91,3.6196,7/8/23 0:17,0.54,Non-Auction Ads,Promote
20230807,1773524007330830 ,IL,IL,,1/1/00 0:00,29.6,6.1081,7/8/23 0:17,1.52,Auction Ads,auction_relation
20230807,1773525903669250 ,US,,,1/1/00 0:00,5.96,1.25,7/8/23 0:16,0.54,Non-Auction Ads,Promote
20230807,1773527481185310 ,MX,MX,,1/1/00 0:00,,0,7/8/23 0:16,1.99,Auction Ads,auction_all
20230807,1773526935144450 ,TH,,,1/1/00 0:00,5.191,0.8177,7/8/23 0:16,0.54,Non-Auction Ads,Promote
20230807,1773527246493690 ,TH,,,1/1/00 0:00,19.7511,3.163,7/8/23 0:17,0.54,Non-Auction Ads,Promote
20230807,1773525670970370 ,US,,,1/1/00 0:00,10.63,8.4917,7/8/23 0:18,0.54,Non-Auction Ads,Promote
20230807,1773527306297340 ,MY,,,1/1/00 0:00,1.3502,1.0709,7/8/23 0:17,1.53,RIE,Promote Report Recall
20230807,1773525849773060 ,US,,,1/1/00 0:00,21.85,2.0031,7/8/23 0:17,0.54,Non-Auction Ads,Promote
20230807,1773526971538430 ,TH,,,1/1/00 0:00,2.1597,0.8177,7/8/23 0:17,0.54,Non-Auction Ads,Promote
20230807,1773528096657420 ,MX,MX,,1/1/00 0:00,,23.0961,7/8/23 0:22,1.99,Auction Ads,auction_all
20230807,1773443872147450 ,SA,,,1/1/00 0:00,10.1104,3.8016,7/8/23 0:18,0.54,Non-Auction Ads,Promote
20230807,1773527328185340 ,MY,,,1/1/00 0:00,0.7025,1.0709,7/8/23 0:17,1.53,RIE,Promote Report Recall
20230807,1773527340881920 ,MY,,,1/1/00 0:00,8.9614,1.0709,7/8/23 0:17,1.53,RIE,Promote Report Recall
20230807,1773527343939580 ,BR,,,1/1/00 0:00,20.0653,2.9507,7/8/23 0:18,0.54,Non-Auction Ads,Promote
20230807,1773526894896130 ,TH,,,1/1/00 0:00,5.1909,0.8177,7/8/23 0:17,0.54,Non-Auction Ads,Promote
20230807,1773526977736710 ,US,,,1/1/00 0:00,54,12.5475,7/8/23 0:20,0.54,Non-Auction Ads,Promote
20230807,1773527352587260 ,MY,,,1/1/00 0:00,8.1076,1.0709,7/8/23 0:18,1.53,RIE,Promote Report Recall
20230807,1773526254784510 ,US,,,1/1/00 0:00,10.42,4.1305,7/8/23 0:19,0.54,Non-Auction Ads,Promote
20230807,1773523182134270 ,BR,,,1/1/00 0:00,1.6419,0.5716,7/8/23 0:18,0.54,Non-Auction Ads,Promote
20230807,1773442644810750 ,SA,,,1/1/00 0:00,3.4093,1.4631,7/8/23 0:18,0.54,Non-Auction Ads,Promote
20230807,1773526396819470 ,US,,,1/1/00 0:00,0.39,4.5673,7/8/23 0:19,0.54,Non-Auction Ads,Promote
20230807,1773527188157460 ,BR,,,1/1/00 0:00,1.6502,0.9529,7/8/23 0:18,1.53,RIE,Promote Report Recall
20230807,1773526499025920 ,US,,,1/1/00 0:00,5.96,5.75,7/8/23 0:19,0.54,Non-Auction Ads,Promote
20230807,1773527066124280 ,TH,,,1/1/00 0:00,2.0508,0.8177,7/8/23 0:18,0.54,Non-Auction Ads,Promote
20230807,1773528157965310 ,US,,,1/1/00 0:00,657.283,47.5959,7/8/23 0:32,0.54,Non-Auction Ads,Promote
20230807,1773526125709310 ,PH,,,1/1/00 0:00,0.4231,0.2687,7/8/23 0:18,0.54,Non-Auction Ads,Promote
20230807,1773527562058750 ,TH,,,1/1/00 0:00,56.6217,11.9935,7/8/23 0:21,0.54,Non-Auction Ads,Promote
20230807,1773528545117210 ,NZ,NZ,,1/1/00 0:00,19.0476,44.7654,7/8/23 0:31,1.58,Auction Ads,auction_relation
20230807,1773526606057490 ,CA,,,1/1/00 0:00,4.5612,1.7492,7/8/23 0:19,0.54,Non-Auction Ads,Promote
20230807,1773527351492610 ,IE,,,1/1/00 0:00,2.9159,0.4294,7/8/23 0:19,1.53,RIE,Promote Report Recall
20230807,1773527362098230 ,FR,,,1/1/00 0:00,3.3017,0.8229,7/8/23 0:19,1.53,RIE,Promote Report Recall
20230807,1773527450206200 ,MY,,,1/1/00 0:00,2.5599,0.9931,7/8/23 0:19,1.53,RIE,Promote Report Recall
20230807,1773524906638380 ,US,USCA,,1/1/00 0:00,218.97,28.5161,7/8/23 0:27,1.78,Auction Ads,auction_relation
20230807,1773526135516160 ,US,,,1/1/00 0:00,10,3.8889,7/8/23 0:20,0.54,Non-Auction Ads,Promote
20230807,1773525838083070 ,US,,,1/1/00 0:00,5,1.4785,7/8/23 0:19,0.54,Non-Auction Ads,Promote
20230807,1773527052526590 ,TH,,,1/1/00 0:00,2.3782,0.4992,7/8/23 0:19,0.54,Non-Auction Ads,Promote
20230807,1773527069109250 ,ID,,,1/1/00 0:00,0.9884,0.1918,7/8/23 0:19,0.54,Non-Auction Ads,Promote
20230807,1773526662619140 ,US,,,1/1/00 0:00,8.74,3.9613,7/8/23 0:20,0.54,Non-Auction Ads,Promote
20230807,1773527464951800 ,MY,,,1/1/00 0:00,3.754,0.9931,7/8/23 0:19,1.53,RIE,Promote Report Recall
20230807,1773526967193600 ,US,,,1/1/00 0:00,4.88,2.5271,7/8/23 0:20,0.54,Non-Auction Ads,Promote
20230807,1773527473588220 ,VN,,,1/1/00 0:00,1.682,0.4115,7/8/23 0:20,1.53,RIE,Promote Report Recall
20230807,1773526169129980 ,US,,,1/1/00 0:00,1.62,1.4785,7/8/23 0:20,0.54,Non-Auction Ads,Promote
20230807,1773526865465340 ,US,,,1/1/00 0:00,10.7,3.9942,7/8/23 0:21,0.54,Non-Auction Ads,Promote
20230807,1773527349093380 ,US,,,1/1/00 0:00,9.91,6.1249,7/8/23 0:22,0.54,Non-Auction Ads,Promote
20230807,1773525787732000 ,US,,,1/1/00 0:00,6.39,2.6183,7/8/23 0:21,0.54,Non-Auction Ads,Promote
20230807,1773526695162880 ,CA,,,1/1/00 0:00,6.49,1.2115,7/8/23 0:20,0.54,Non-Auction Ads,Promote
20230807,1773528518578190 ,ID,ID,,1/1/00 0:00,19.7607,1.0622,7/8/23 0:20,1.8,Auction Ads,auction_relation
20230807,1773527321748480 ,TH,,,1/1/00 0:00,0.8573,0.2079,7/8/23 0:20,0.54,Non-Auction Ads,Promote
20230807,1773527499838460 ,BE,,,1/1/00 0:00,31.2337,3.6897,7/8/23 0:21,0.54,Non-Auction Ads,Promote
20230807,1773523234883590 ,BR,,,1/1/00 0:00,,1.91,7/8/23 0:21,0.54,Non-Auction Ads,Promote
20230807,1773527285926910 ,ID,,,1/1/00 0:00,3.248,0.3504,7/8/23 0:21,1.53,RIE,Promote Report Recall
20230807,1773527261486080 ,US,,,1/1/00 0:00,5.12,2,7/8/23 0:21,0.54,Non-Auction Ads,Promote
20230807,1773527188304940 ,US,,,1/1/00 0:00,5.96,2.8586,7/8/23 0:21,0.54,Non-Auction Ads,Promote
20230807,1773527188304940 ,US,,,1/1/00 0:00,5.96,2.8586,7/8/23 0:21,1.53,RIE,Promote Report Recall
20230807,1773524707409950 ,IT,IT,,1/1/00 0:00,29.4183,43.0306,7/8/23 0:33,1.36,Auction Ads,auction_relation
20230807,1773527597523970 ,MY,,,1/1/00 0:00,14.0022,1.6773,7/8/23 0:22,1.53,RIE,Promote Report Recall
20230807,1773527271830530 ,MY,,,1/1/00 0:00,2.6673,2.0959,7/8/23 0:22,0.54,Non-Auction Ads,Promote
20230807,1773527420249090 ,US,,,1/1/00 0:00,5,1.6667,7/8/23 0:22,0.54,Non-Auction Ads,Promote
20230807,1773527609209850 ,MY,,,1/1/00 0:00,0.9637,1.6773,7/8/23 0:22,1.53,RIE,Promote Report Recall
20230807,1773527036013570 ,US,,,1/1/00 0:00,5,2.4377,7/8/23 0:22,0.54,Non-Auction Ads,Promote
20230807,1773527360097300 ,US,,,1/1/00 0:00,5,2.5,7/8/23 0:22,0.54,Non-Auction Ads,Promote
20230807,1773527280754690 ,US,,,1/1/00 0:00,0.81,3.4921,7/8/23 0:22,1.53,RIE,Promote Report Recall
20230807,1773527280754690 ,US,,,1/1/00 0:00,0.81,3.4921,7/8/23 0:22,0.54,Non-Auction Ads,Promote
20230807,1773527829301260 ,BR,BR,,1/1/00 0:00,,0.3952,7/8/23 0:22,1.99,Auction Ads,auction_all
20230807,1773527579505660 ,SA,,,1/1/00 0:00,42.0012,2.4443,7/8/23 0:22,0.54,Non-Auction Ads,Promote
20230807,1773527355958270 ,US,,,1/1/00 0:00,10,4.1139,7/8/23 0:23,0.54,Non-Auction Ads,Promote
20230807,1773527286185980 ,TH,,,1/1/00 0:00,1.5876,0.5949,7/8/23 0:22,0.54,Non-Auction Ads,Promote
20230807,1773527724009520 ,TH,TH,,1/1/00 0:00,5.3469,3.5459,7/8/23 0:23,1.64,Auction Ads,auction_relation
20230807,1773527243887620 ,US,,,1/1/00 0:00,5.96,2.0245,7/8/23 0:23,0.54,Non-Auction Ads,Promote
20230807,1773443853010940 ,SA,,,1/1/00 0:00,3.1452,3.8016,7/8/23 0:24,0.54,Non-Auction Ads,Promote
20230807,1773526542201850 ,PH,,,1/1/00 0:00,0.8893,0.4285,7/8/23 0:23,0.54,Non-Auction Ads,Promote
20230807,1773527638454270 ,ID,,,1/1/00 0:00,10.8984,0.6116,7/8/23 0:23,0.54,Non-Auction Ads,Promote
20230807,1773527650112510 ,IT,,,1/1/00 0:00,0.7927,1.0044,7/8/23 0:24,1.53,RIE,Promote Report Recall
20230807,1773527647831040 ,US,,,1/1/00 0:00,10.01,6.25,7/8/23 0:25,0.54,Non-Auction Ads,Promote
20230807,1773528035801130 ,VN,VN,,1/1/00 0:00,1.54,3.6164,7/8/23 0:24,2.14,Auction Ads,auction_relation
20230807,1773527728907260 ,SA,,,1/1/00 0:00,12.9201,4.4408,7/8/23 0:25,0.54,Non-Auction Ads,Promote
20230807,1773526004995070 ,FR,,,1/1/00 0:00,4.8644,0.011,7/8/23 0:23,0.54,Non-Auction Ads,Promote
20230807,1773446130491390 ,VN,,,1/1/00 0:00,0.842,0.3306,7/8/23 0:24,0.54,Non-Auction Ads,Promote
20230807,1773527525069820 ,MY,,,1/1/00 0:00,1.2207,0.5759,7/8/23 0:24,0.54,Non-Auction Ads,Promote
20230807,1773527735766010 ,MY,,,1/1/00 0:00,4.9902,0.9931,7/8/23 0:24,1.53,RIE,Promote Report Recall
20230807,1773524033878030 ,GB,GB,,1/1/00 0:00,0.6275,1.3627,7/8/23 0:24,1.72,RIE,Ad Group Recall (Merged)
20230807,1773524033878030 ,GB,GB,,1/1/00 0:00,0.6275,1.3627,7/8/23 0:24,1.72,RIE,Ad Group Recall (Merged)
20230807,1773524269164570 ,GB,GB,,1/1/00 0:00,25.5361,9.2911,7/8/23 0:28,1.76,Auction Ads,auction_relation
20230807,1773527723885570 ,TH,,,1/1/00 0:00,1.3843,0.3903,7/8/23 0:24,0.54,Non-Auction Ads,Promote
20230807,1773443452888060 ,SA,,,1/1/00 0:00,3.4841,1.8824,7/8/23 0:25,0.54,Non-Auction Ads,Promote
20230807,1773526607586320 ,FR,,,1/1/00 0:00,6.9666,3.9647,7/8/23 0:26,0.54,Non-Auction Ads,Promote
20230807,1773523376885810 ,BR,,,1/1/00 0:00,1.6419,0.2816,7/8/23 0:25,0.54,Non-Auction Ads,Promote
20230807,1773527672815620 ,US,,,1/1/00 0:00,5,2.1699,7/8/23 0:26,0.54,Non-Auction Ads,Promote
20230807,1773446175841280 ,VN,,,1/1/00 0:00,2.9465,0.4322,7/8/23 0:25,0.54,Non-Auction Ads,Promote
20230807,1773527744385020 ,TH,,,1/1/00 0:00,3.23,0.15,7/8/23 0:26,1.53,RIE,Promote Report Recall
20230807,1773525666754560 ,US,,,1/1/00 0:00,5,1.4785,7/8/23 0:26,0.54,Non-Auction Ads,Promote
20230807,1773527921753090 ,PL,,,1/1/00 0:00,1.4423,0.9029,7/8/23 0:27,1.53,RIE,Promote Report Recall
20230807,1773526665038850 ,ID,,,1/1/00 0:00,1.0806,0.4658,7/8/23 0:26,0.54,Non-Auction Ads,Promote
20230807,1773527844724740 ,US,,,1/1/00 0:00,11.15,5.3846,7/8/23 0:29,0.54,Non-Auction Ads,Promote
20230807,1773527926003720 ,VN,VN,,1/1/00 0:00,,2.22,7/8/23 0:28,2.14,Auction Ads,auction_relation
20230807,1773527926003720 ,VN,VN,,1/1/00 0:00,,2.22,7/8/23 0:28,2.14,Auction Ads,auction_relation
20230807,1773526673472510 ,FR,,,1/1/00 0:00,3.5874,2.4809,7/8/23 0:28,0.54,Non-Auction Ads,Promote
20230807,1773527897723900 ,CA,,,1/1/00 0:00,0.0524,0.692,7/8/23 0:27,0.54,Non-Auction Ads,Promote
20230807,1773527897723900 ,CA,,,1/1/00 0:00,0.0524,0.692,7/8/23 0:27,1.53,RIE,Promote Report Recall
20230807,1773527028940800 ,US,,,1/1/00 0:00,5.96,5.885,7/8/23 0:29,0.54,Non-Auction Ads,Promote
20230807,1773527597562880 ,US,,,1/1/00 0:00,5,2.1699,7/8/23 0:28,0.54,Non-Auction Ads,Promote
20230807,1773524374560770 ,GB,GB,,1/1/00 0:00,25.5235,9.2911,7/8/23 0:30,1.76,Auction Ads,auction_relation
20230807,1773445998074880 ,VN,,,1/1/00 0:00,2.328,0.6987,7/8/23 0:29,0.54,Non-Auction Ads,Promote
20230807,1773527997392900 ,US,,,1/1/00 0:00,4.98,1.9231,7/8/23 0:29,0.54,Non-Auction Ads,Promote
20230807,1773528168865790 ,MA,MA,,1/1/00 0:00,2.28,1.0562,7/8/23 0:29,1.51,Auction Ads,auction_relation
20230807,1773527510912000 ,ID,,,1/1/00 0:00,7.2667,0.2832,7/8/23 0:29,0.54,Non-Auction Ads,Promote
20230807,1773527958598660 ,US,,,1/1/00 0:00,5,1.6531,7/8/23 0:29,0.54,Non-Auction Ads,Promote
20230807,1773528113027070 ,VN,VN,,1/1/00 0:00,1.36,3.6164,7/8/23 0:29,2.14,Auction Ads,auction_relation
20230807,1773528072788000 ,VN,VN,,1/1/00 0:00,1.09,3.6164,7/8/23 0:29,2.14,Auction Ads,auction_relation
20230807,1773527858906110 ,FR,,,1/1/00 0:00,3.3014,1.4245,7/8/23 0:29,1.53,RIE,Promote Report Recall
20230807,1773528782338040 ,SA,MENA,,1/1/00 0:00,4.54,4.6166,7/8/23 0:30,1.67,RIE,Ad Group Recall (Merged)
20230807,1773523377481760 ,BR,,,1/1/00 0:00,0,0.3769,7/8/23 0:29,0.54,Non-Auction Ads,Promote
20230807,1773494467570700 ,VN,VN,,1/1/00 0:00,6.23,1.6101,7/8/23 0:30,2.14,Auction Ads,auction_relation
20230807,1773446235166720 ,VN,,,1/1/00 0:00,5.0197,0.5215,7/8/23 0:29,0.54,Non-Auction Ads,Promote
20230807,1773528390703120 ,MY,MY,,1/1/00 0:00,3.6599,12.1315,7/8/23 0:33,2.31,Auction Ads,auction_relation
20230807,1773528387101690 ,MY,MY,,1/1/00 0:00,4.2811,12.1315,7/8/23 0:33,2.31,Auction Ads,auction_relation
20230807,1773524179554350 ,GB,GB,,1/1/00 0:00,25.5368,9.2911,7/8/23 0:32,1.76,Auction Ads,auction_relation
20230807,1773527127739390 ,PH,,,1/1/00 0:00,0.8926,0.5434,7/8/23 0:30,0.54,Non-Auction Ads,Promote
20230807,1773446102750210 ,VN,,,1/1/00 0:00,1.6853,0.3237,7/8/23 0:30,0.54,Non-Auction Ads,Promote
20230807,1773444215418880 ,SA,,,1/1/00 0:00,3.3453,1.8824,7/8/23 0:30,0.54,Non-Auction Ads,Promote
20230807,1773524692220940 ,IL,IL,,1/1/00 0:00,29.22,6.1081,7/8/23 0:33,1.52,Auction Ads,auction_relation
20230807,1773528270367740 ,VN,VN,,1/1/00 0:00,14.9408,5.4246,7/8/23 0:32,2.13,RIE,Ad Group Recall (Merged)
20230807,1773527516617720 ,ID,,,1/1/00 0:00,0.9794,1.0829,7/8/23 0:31,0.54,Non-Auction Ads,Promote
20230807,1773528804462600 ,SG,Other,,1/1/00 0:00,31.9435,51.8218,7/8/23 0:45,1.62,RIE,Ad Group Recall (Merged)
20230807,1773523763375110 ,BR,,,1/1/00 0:00,3.7183,0.7931,7/8/23 0:31,0.54,Non-Auction Ads,Promote
20230807,1773528046302210 ,US,,,1/1/00 0:00,5,2.2748,7/8/23 0:32,0.54,Non-Auction Ads,Promote
20230807,1773528119303170 ,US,,,1/1/00 0:00,5,2.1699,7/8/23 0:32,0.54,Non-Auction Ads,Promote
20230807,1773528154496000 ,US,,,1/1/00 0:00,5,2.1699,7/8/23 0:32,0.54,Non-Auction Ads,Promote
20230807,1773528021353470 ,KH,,,1/1/00 0:00,0.096,0.0461,7/8/23 0:32,0.54,Non-Auction Ads,Promote
20230807,1773528318249980 ,US,,,1/1/00 0:00,1.75,4.845,7/8/23 0:33,1.53,RIE,Promote Report Recall
20230807,1773446324823040 ,VN,,,1/1/00 0:00,42.0452,9.8135,7/8/23 0:34,0.54,Non-Auction Ads,Promote
20230807,1773528071724030 ,US,,,1/1/00 0:00,5,2.1699,7/8/23 0:33,0.54,Non-Auction Ads,Promote
20230807,1773444468118590 ,SA,,,1/1/00 0:00,16.724,3.8016,7/8/23 0:33,0.54,Non-Auction Ads,Promote
20230807,1773446379307010 ,VN,,,1/1/00 0:00,0.9654,0.3738,7/8/23 0:33,0.54,Non-Auction Ads,Promote
20230807,1773131259935750 ,TH,,,1/1/00 0:00,1.71,1.118,7/8/23 0:33,1.53,RIE,Promote Report Recall
20230807,1773446370765820 ,VN,,,1/1/00 0:00,10.6026,2.104,7/8/23 0:33,0.54,Non-Auction Ads,Promote
20230807,1773527844590590 ,ID,,,1/1/00 0:00,1.089,0.3195,7/8/23 0:33,0.54,Non-Auction Ads,Promote
20230807,1773528149041150 ,TH,,,1/1/00 0:00,1.7052,0.4379,7/8/23 0:33,0.54,Non-Auction Ads,Promote
20230807,1773527967342590 ,ID,,,1/1/00 0:00,2.9666,0.7448,7/8/23 0:34,0.54,Non-Auction Ads,Promote
20230807,1773528400497660 ,BR,BR,,1/1/00 0:00,5.7282,0.3638,7/8/23 0:34,1.99,Auction Ads,auction_all
20230807,1773524734853150 ,US,USCA,,1/1/00 0:00,,2.47,7/8/23 0:34,1.78,Auction Ads,auction_relation
20230807,1773524734853150 ,US,US&CA,,1/1/00 0:00,,2.47,7/8/23 0:34,1.81,RIE,Ad Group Recall (Merged)
20230807,1773528719875070 ,MY,MY,,1/1/00 0:00,42.7154,20.4226,7/8/23 0:38,2.31,Auction Ads,auction_relation
20230807,1773528432124920 ,SA,,,1/1/00 0:00,29.3665,5.0954,7/8/23 0:35,0.54,Non-Auction Ads,Promote
20230807,1773521410499580 ,AU,,,1/1/00 0:00,5.1524,0.7674,7/8/23 0:34,0.54,Non-Auction Ads,Promote
20230807,1773528226768890 ,ID,,,1/1/00 0:00,14.0411,2.0254,7/8/23 0:34,0.54,Non-Auction Ads,Promote
20230807,1773528332040190 ,TH,,,1/1/00 0:00,0.6857,0.2289,7/8/23 0:34,0.54,Non-Auction Ads,Promote
20230807,1773528450315260 ,SA,,,1/1/00 0:00,40.3647,5.0954,7/8/23 0:35,1.53,RIE,Promote Report Recall
20230807,1773528204048380 ,US,,,1/1/00 0:00,5,2.1699,7/8/23 0:35,0.54,Non-Auction Ads,Promote
20230807,1773446476406780 ,VN,,,1/1/00 0:00,1.8462,1.0296,7/8/23 0:35,0.54,Non-Auction Ads,Promote
20230807,1773528468258810 ,SA,,,1/1/00 0:00,29.3984,5.0954,7/8/23 0:35,0.54,Non-Auction Ads,Promote
20230807,1773444818135040 ,SA,,,1/1/00 0:00,3.3217,0.687,7/8/23 0:35,0.54,Non-Auction Ads,Promote
20230807,1773528628450350 ,SA,MENA,,1/1/00 0:00,7.9327,6.7561,7/8/23 0:36,1.78,Auction Ads,auction_relation
20230807,1773528229925890 ,US,,,1/1/00 0:00,5,2.1699,7/8/23 0:35,0.54,Non-Auction Ads,Promote
20230807,1773527773100030 ,ID,,,1/1/00 0:00,0.9889,0.7205,7/8/23 0:35,0.54,Non-Auction Ads,Promote
20230807,1773528896263180 ,JP,JP,,1/1/00 0:00,110.0187,22.5205,7/8/23 0:39,2.16,Auction Ads,auction_all
20230807,1773528803259440 ,JP,JP,,1/1/00 0:00,176.7302,22.5205,7/8/23 0:39,2.16,Auction Ads,auction_all
20230807,1773528486183930 ,SA,,,1/1/00 0:00,29.5958,5.0954,7/8/23 0:36,0.54,Non-Auction Ads,Promote
20230807,1773528500598780 ,SA,,,1/1/00 0:00,29.6975,5.0954,7/8/23 0:36,0.54,Non-Auction Ads,Promote
20230807,1773528456180730 ,SA,,,1/1/00 0:00,22.2763,2.462,7/8/23 0:35,0.54,Non-Auction Ads,Promote
20230807,1773444505728000 ,SA,,,1/1/00 0:00,3.3319,0.687,7/8/23 0:35,0.54,Non-Auction Ads,Promote
20230807,1773444756701180 ,SA,,,1/1/00 0:00,3.3827,1.8824,7/8/23 0:35,0.54,Non-Auction Ads,Promote
20230807,1773528516200440 ,SA,,,1/1/00 0:00,29.9239,5.0954,7/8/23 0:36,0.54,Non-Auction Ads,Promote
20230807,1773528256122880 ,US,,,1/1/00 0:00,4.99,2.1699,7/8/23 0:35,0.54,Non-Auction Ads,Promote
20230807,1773528330865660 ,QA,,,1/1/00 0:00,27.441,1.6289,7/8/23 0:35,0.54,Non-Auction Ads,Promote
20230807,1773528531951610 ,SA,,,1/1/00 0:00,40.3837,5.0954,7/8/23 0:36,0.54,Non-Auction Ads,Promote
20230807,1773528448245790 ,BR,BR,,1/1/00 0:00,0.3964,0.3638,7/8/23 0:36,1.7,RIE,Ad Group Recall (Merged)
20230807,1773528180641790 ,US,,,1/1/00 0:00,5,2.1699,7/8/23 0:36,0.54,Non-Auction Ads,Promote
20230807,1773528284812290 ,US,,,1/1/00 0:00,5,2.1699,7/8/23 0:36,0.54,Non-Auction Ads,Promote
20230807,1773528566025210 ,SA,,,1/1/00 0:00,28.3913,5.0954,7/8/23 0:37,0.54,Non-Auction Ads,Promote
20230807,1773528402900990 ,TH,,,1/1/00 0:00,1.7446,0.3986,7/8/23 0:36,0.54,Non-Auction Ads,Promote
20230807,1773522240909310 ,BR,,,1/1/00 0:00,1.6521,0.4897,7/8/23 0:36,0.54,Non-Auction Ads,Promote
20230807,1773528588995590 ,CA,,,1/1/00 0:00,15.2916,8.3981,7/8/23 0:38,1.53,RIE,Promote Report Recall
20230807,1773528206094330 ,TH,,,1/1/00 0:00,1.5447,1.0924,7/8/23 0:36,0.54,Non-Auction Ads,Promote
20230807,1773444591632380 ,SA,,,1/1/00 0:00,3.5263,1.8824,7/8/23 0:37,0.54,Non-Auction Ads,Promote
20230807,1773525425475600 ,CA,USCA,,1/1/00 0:00,1.7349,4.0027,7/8/23 0:37,1.78,Auction Ads,auction_relation
20230807,1773525425475600 ,US,USCA,,1/1/00 0:00,1.7349,4.0027,7/8/23 0:37,1.78,Auction Ads,auction_relation
20230807,1773444714413050 ,SA,,,1/1/00 0:00,2.9028,1.4464,7/8/23 0:37,0.54,Non-Auction Ads,Promote
20230807,1773528330458110 ,US,,,1/1/00 0:00,5,2.1699,7/8/23 0:37,0.54,Non-Auction Ads,Promote
20230807,1773528582075390 ,SA,,,1/1/00 0:00,28.3692,5.0954,7/8/23 0:37,0.54,Non-Auction Ads,Promote
20230807,1773528354532350 ,US,,,1/1/00 0:00,5,2.1699,7/8/23 0:37,0.54,Non-Auction Ads,Promote
20230807,1773528598260730 ,SA,,,1/1/00 0:00,28.9132,5.0954,7/8/23 0:37,0.54,Non-Auction Ads,Promote
20230807,1773528376290310 ,US,,,1/1/00 0:00,5,2.1699,7/8/23 0:37,0.54,Non-Auction Ads,Promote
20230807,1773528777310220 ,TH,TH,,1/1/00 0:00,5.03,4.2192,7/8/23 0:38,1.64,Auction Ads,auction_relation
20230807,1773528549322750 ,SA,,,1/1/00 0:00,27.479,5.0954,7/8/23 0:38,0.54,Non-Auction Ads,Promote
20230807,1773528615614460 ,SA,,,1/1/00 0:00,29.3004,5.0954,7/8/23 0:38,0.54,Non-Auction Ads,Promote
20230807,1773528425597950 ,US,,,1/1/00 0:00,5,2.1699,7/8/23 0:37,0.54,Non-Auction Ads,Promote
20230807,1773446528989180 ,VN,,,1/1/00 0:00,2.191,1.1704,7/8/23 0:37,0.54,Non-Auction Ads,Promote
20230807,1773528187993080 ,ID,,,1/1/00 0:00,3.5363,0.515,7/8/23 0:37,0.54,Non-Auction Ads,Promote
20230807,1773528630874110 ,SA,,,1/1/00 0:00,28.9672,5.0954,7/8/23 0:38,0.54,Non-Auction Ads,Promote
20230807,1773528619443200 ,SA,,,1/1/00 0:00,40.1036,7.6167,7/8/23 0:39,0.54,Non-Auction Ads,Promote
20230807,1773444169058300 ,SA,,,1/1/00 0:00,3.3188,3.7297,7/8/23 0:38,0.54,Non-Auction Ads,Promote
20230807,1773528857738290 ,ID,ID,,1/1/00 0:00,,9.3638,7/8/23 0:40,1.8,Auction Ads,auction_relation
20230807,1773528715879420 ,CA,,,1/1/00 0:00,73.923,8.3981,7/8/23 0:40,1.53,RIE,Promote Report Recall
20230807,1773528303348740 ,US,,,1/1/00 0:00,10,3.1707,7/8/23 0:38,0.54,Non-Auction Ads,Promote
20230807,1773528583923710 ,SA,,,1/1/00 0:00,31.0059,3.1598,7/8/23 0:38,0.54,Non-Auction Ads,Promote
20230807,1773445064065020 ,SA,,,1/1/00 0:00,3.196,1.8824,7/8/23 0:38,0.54,Non-Auction Ads,Promote
20230807,1773528277103610 ,TH,,,1/1/00 0:00,0.8889,0.5922,7/8/23 0:38,0.54,Non-Auction Ads,Promote
20230807,1773528650981380 ,HU,,,1/1/00 0:00,29.3788,5.1444,7/8/23 0:39,0.54,Non-Auction Ads,Promote
20230807,1773525005114370 ,US,USCA,,1/1/00 0:00,2.43,16.4171,7/8/23 0:44,1.78,Auction Ads,auction_relation
20230807,1773528249477120 ,TH,,,1/1/00 0:00,8.76,1.8653,7/8/23 0:39,1.53,RIE,Promote Report Recall
20230807,1773528480827390 ,ID,,,1/1/00 0:00,1.7875,0.8367,7/8/23 0:39,0.54,Non-Auction Ads,Promote
20230807,1773529169501230 ,JP,JP,,1/1/00 0:00,20.7555,22.5205,7/8/23 0:46,2.16,Auction Ads,auction_all
20230807,1773528768087040 ,HU,,,1/1/00 0:00,28.5201,5.1444,7/8/23 0:40,0.54,Non-Auction Ads,Promote
20230807,1773523805935620 ,BR,,,1/1/00 0:00,1.6011,0.3331,7/8/23 0:39,0.54,Non-Auction Ads,Promote
20230807,1773446465460220 ,VN,,,1/1/00 0:00,0.6202,0.6076,7/8/23 0:39,0.54,Non-Auction Ads,Promote
20230807,1773528678074370 ,GR,,,1/1/00 0:00,20.911,1.8687,7/8/23 0:40,0.54,Non-Auction Ads,Promote
20230807,1773528650887170 ,ID,,,1/1/00 0:00,10.8597,0.4538,7/8/23 0:40,0.54,Non-Auction Ads,Promote
20230807,1773528867228720 ,TH,TH,,1/1/00 0:00,2.2743,1.7617,7/8/23 0:40,1.64,Auction Ads,auction_relation
20230807,1773528702392320 ,MY,,,1/1/00 0:00,20.494,2.1354,7/8/23 0:40,0.54,Non-Auction Ads,Promote
20230807,1773444554614780 ,SA,,,1/1/00 0:00,3.3323,3.2038,7/8/23 0:41,0.54,Non-Auction Ads,Promote
20230807,1773529236169770 ,JP,JP,,1/1/00 0:00,19.7878,22.5205,7/8/23 0:48,2.16,Auction Ads,auction_all
20230807,1773528592283650 ,US,,,1/1/00 0:00,21.23,5.9233,7/8/23 0:42,0.54,Non-Auction Ads,Promote
20230807,1773528789666810 ,VN,,,1/1/00 0:00,38.324,3.5827,7/8/23 0:42,0.54,Non-Auction Ads,Promote
20230807,1773530787467290 ,CO,CO,,1/1/00 0:00,10.2659,2.0935,7/8/23 0:41,1.93,Auction Ads,auction_all
20230807,1773523927712770 ,BR,,,1/1/00 0:00,1.6417,0.3826,7/8/23 0:41,0.54,Non-Auction Ads,Promote
20230807,1773446703684610 ,VN,,,1/1/00 0:00,3.4572,0.5255,7/8/23 0:41,0.54,Non-Auction Ads,Promote
20230807,1773523959896070 ,BR,,,1/1/00 0:00,1.6418,0.3393,7/8/23 0:41,0.54,Non-Auction Ads,Promote
20230807,1773528802079740 ,US,,,1/1/00 0:00,11.74,6.7033,7/8/23 0:44,0.54,Non-Auction Ads,Promote
20230807,1773447035897850 ,VN,,,1/1/00 0:00,0.0741,1.5048,7/8/23 0:42,0.54,Non-Auction Ads,Promote
20230807,1773528798450680 ,SA,,,1/1/00 0:00,12.752,2.7086,7/8/23 0:43,0.54,Non-Auction Ads,Promote
20230807,1773528537608190 ,ID,,,1/1/00 0:00,0.3859,0.096,7/8/23 0:42,0.54,Non-Auction Ads,Promote
20230807,1773529044924440 ,VN,VN,,1/1/00 0:00,,1.7012,7/8/23 0:43,2.14,Auction Ads,auction_relation
20230807,1773529044924440 ,VN,VN,,1/1/00 0:00,,1.7012,7/8/23 0:43,2.14,Auction Ads,auction_relation
20230807,1773529130981370 ,CO,CO,,1/1/00 0:00,23.63,2.35,7/8/23 0:44,1.93,Auction Ads,auction_all
20230807,1773529130981370 ,CO,CO,,1/1/00 0:00,23.63,2.35,7/8/23 0:44,1.93,Auction Ads,auction_all
20230807,1773529130981370 ,CO,CO,,1/1/00 0:00,23.63,2.35,7/8/23 0:44,1.93,Auction Ads,auction_all
20230807,1773447233252350 ,VN,,,1/1/00 0:00,6.1239,2.6531,7/8/23 0:44,0.54,Non-Auction Ads,Promote
20230807,1773529097617410 ,US,,,1/1/00 0:00,82.41,9.1201,7/8/23 0:46,0.54,Non-Auction Ads,Promote
20230807,1773528916136960 ,TH,,,1/1/00 0:00,0.8654,0.2887,7/8/23 0:43,0.54,Non-Auction Ads,Promote
20230807,1773506724882450 ,AE,MENA,,1/1/00 0:00,,6.9838,7/8/23 0:45,1.78,Auction Ads,auction_relation
20230807,1773506724882450 ,SA,MENA,,1/1/00 0:00,,6.9838,7/8/23 0:45,1.78,Auction Ads,auction_relation
20230807,1773506724882450 ,KW,Others,,1/1/00 0:00,,6.9838,7/8/23 0:45,1.56,Auction Ads,auction_all
20230807,1773506724882450 ,EG,MENA,,1/1/00 0:00,,6.9838,7/8/23 0:45,1.78,Auction Ads,auction_relation
20230807,1773529285066750 ,BR,BR,,1/1/00 0:00,0.1067,4.9859,7/8/23 0:45,1.7,RIE,Ad Group Recall (Merged)
20230807,1773525424857100 ,IQ,Others,,1/1/00 0:00,,8.6768,7/8/23 0:46,1.56,Auction Ads,auction_all
20230807,1773528811455490 ,GR,,,1/1/00 0:00,10.7637,0,7/8/23 0:44,0.54,Non-Auction Ads,Promote
20230807,1773528748082170 ,ID,,,1/1/00 0:00,1.7769,0.3912,7/8/23 0:44,1.53,RIE,Promote Report Recall
20230807,1773528968580100 ,BR,,,1/1/00 0:00,3.2835,0.6397,7/8/23 0:45,1.53,RIE,Promote Report Recall
20230807,1773528633752580 ,US,,,1/1/00 0:00,4.97,0.93,7/8/23 0:45,0.54,Non-Auction Ads,Promote
20230807,1773529270407160 ,IQ,Other,,1/1/00 0:00,19.17,0.0924,7/8/23 0:45,1.62,RIE,Ad Group Recall (Merged)
20230807,1773528809850910 ,US,,,1/1/00 0:00,4.15,2.8571,7/8/23 0:45,0.54,Non-Auction Ads,Promote
20230807,1773528988627960 ,MY,,,1/1/00 0:00,22.1713,5.238,7/8/23 0:46,0.54,Non-Auction Ads,Promote
20230807,1773523914998790 ,BR,,,1/1/00 0:00,3.326,2.279,7/8/23 0:46,0.54,Non-Auction Ads,Promote
20230807,1773528912991230 ,MY,,,1/1/00 0:00,3.7278,0.8745,7/8/23 0:45,0.54,Non-Auction Ads,Promote
20230807,1773528887599100 ,MY,,,1/1/00 0:00,26.2119,1.9035,7/8/23 0:46,0.54,Non-Auction Ads,Promote
20230807,1773528887599100 ,MY,,,1/1/00 0:00,26.2119,1.9035,7/8/23 0:46,1.53,RIE,Promote Report Recall
20230807,1773445740407800 ,SA,,,1/1/00 0:00,3.2306,1.4464,7/8/23 0:46,0.54,Non-Auction Ads,Promote
20230807,1773509597133820 ,TR,,,1/1/00 0:00,103.0944,3.699,7/8/23 0:47,0.54,Non-Auction Ads,Promote
20230807,1773529183501310 ,US,,,1/1/00 0:00,18.6,1.5338,7/8/23 0:47,0.54,Non-Auction Ads,Promote
20230807,1773529325601790 ,US,,,1/1/00 0:00,39.79,6.1878,7/8/23 0:49,1.53,RIE,Promote Report Recall
20230807,1773529460930590 ,SA,MENA,,1/1/00 0:00,,4.6166,7/8/23 0:49,1.78,Auction Ads,auction_relation
20230807,1773529201547270 ,US,,,1/1/00 0:00,18.37,6.53,7/8/23 0:50,0.54,Non-Auction Ads,Promote
20230807,1773528521749500 ,ID,,,1/1/00 0:00,0.9837,0.2329,7/8/23 0:47,0.54,Non-Auction Ads,Promote
20230807,1773525549838380 ,DE,DE,,1/1/00 0:00,4.4594,1.3486,7/8/23 0:48,1.01,Auction Ads,auction_relation
20230807,1773529044047870 ,SA,,,1/1/00 0:00,43.9684,4.676,7/8/23 0:49,0.54,Non-Auction Ads,Promote
20230807,1773528959693870 ,US,,,1/1/00 0:00,5,1.3043,7/8/23 0:48,0.54,Non-Auction Ads,Promote
20230807,1773528856752130 ,US,,,1/1/00 0:00,5.31,3.5903,7/8/23 0:49,0.54,Non-Auction Ads,Promote
20230807,1773529623895070 ,VN,VN,,1/1/00 0:00,5.7127,2.2676,7/8/23 0:48,2.14,Auction Ads,auction_relation
20230807,1773528794824700 ,ID,,,1/1/00 0:00,1.0785,0.2292,7/8/23 0:48,0.54,Non-Auction Ads,Promote
20230807,1773528984931330 ,US,,,1/1/00 0:00,10,0.87,7/8/23 0:48,0.54,Non-Auction Ads,Promote
20230807,1773529122273300 ,US,,,1/1/00 0:00,5,2.12,7/8/23 0:50,0.54,Non-Auction Ads,Promote
20230807,1773529227494400 ,TH,,,1/1/00 0:00,6.73,2.81,7/8/23 0:50,1.53,RIE,Promote Report Recall
20230807,1773528811033600 ,TH,,,1/1/00 0:00,0.7093,0.6583,7/8/23 0:50,0.54,Non-Auction Ads,Promote
20230807,1773525561915420 ,CL,CL,,1/1/00 0:00,1.3895,0.7893,7/8/23 0:50,1.85,Auction Ads,auction_all
20230807,1773525561915420 ,PE,PE,,1/1/00 0:00,1.3895,0.7893,7/8/23 0:50,1.68,Auction Ads,auction_all
20230807,1773525561915420 ,MX,MX,,1/1/00 0:00,1.3895,0.7893,7/8/23 0:50,1.99,Auction Ads,auction_all
20230807,1773525561915420 ,EC,Others,,1/1/00 0:00,1.3895,0.7893,7/8/23 0:50,1.56,Auction Ads,auction_all
20230807,1773525561915420 ,CO,CO,,1/1/00 0:00,1.3895,0.7893,7/8/23 0:50,1.93,Auction Ads,auction_all
20230807,1773529437413370 ,VN,,,1/1/00 0:00,6.5742,3.5827,7/8/23 0:51,1.53,RIE,Promote Report Recall
20230807,1773529340012580 ,US,,,1/1/00 0:00,5,1.381,7/8/23 0:51,1.53,RIE,Promote Report Recall
20230807,1773529630168080 ,EC,Other,,1/1/00 0:00,4.38,0.9567,7/8/23 0:50,1.62,RIE,Ad Group Recall (Merged)
20230807,1773528839017470 ,MY,,,1/1/00 0:00,0.9971,0.6713,7/8/23 0:50,0.54,Non-Auction Ads,Promote
20230807,1773509809347580 ,TR,,,1/1/00 0:00,0.7413,0.3416,7/8/23 0:51,0.54,Non-Auction Ads,Promote
20230807,1773446607328250 ,SA,,,1/1/00 0:00,3.2147,2.2925,7/8/23 0:51,0.54,Non-Auction Ads,Promote
20230807,1773528861535230 ,TH,,,1/1/00 0:00,0.8631,0.2113,7/8/23 0:51,0.54,Non-Auction Ads,Promote
20230807,1773529424837630 ,TH,,,1/1/00 0:00,1.5,0.6996,7/8/23 0:51,1.53,RIE,Promote Report Recall
20230807,1773529341191190 ,FR,,,1/1/00 0:00,27.1413,5.6172,7/8/23 0:52,0.54,Non-Auction Ads,Promote
20230807,1773529199152130 ,US,,,1/1/00 0:00,5,0,7/8/23 0:51,0.54,Non-Auction Ads,Promote
20230807,1773529453628410 ,TH,,,1/1/00 0:00,10.3305,3.3277,7/8/23 0:51,1.53,RIE,Promote Report Recall
20230807,1773529367255040 ,QA,,,1/1/00 0:00,12.3788,1.9007,7/8/23 0:51,0.54,Non-Auction Ads,Promote
20230807,1773529480207430 ,TH,,,1/1/00 0:00,6.35,5.045,7/8/23 0:52,1.53,RIE,Promote Report Recall
20230807,1773529327161340 ,BR,,,1/1/00 0:00,1.6416,0.763,7/8/23 0:51,1.53,RIE,Promote Report Recall
20230807,1773530160739360 ,ID,ID,,1/1/00 0:00,0.9495,3.0585,7/8/23 0:52,1.8,Auction Ads,auction_relation
20230807,1773529396498430 ,PH,,,1/1/00 0:00,18.2026,0,7/8/23 0:51,0.54,Non-Auction Ads,Promote
20230807,1773525674657790 ,MX,MX,,1/1/00 0:00,0.9388,0.7893,7/8/23 0:51,1.99,Auction Ads,auction_all
20230807,1773525674657790 ,CL,CL,,1/1/00 0:00,0.9388,0.7893,7/8/23 0:51,1.85,Auction Ads,auction_all
20230807,1773525674657790 ,CO,CO,,1/1/00 0:00,0.9388,0.7893,7/8/23 0:51,1.93,Auction Ads,auction_all
20230807,1773528801857540 ,US,,,1/1/00 0:00,5,2.5,7/8/23 0:52,0.54,Non-Auction Ads,Promote
20230807,1773447986067450 ,VN,,,1/1/00 0:00,16.7323,2.4629,7/8/23 0:53,0.54,Non-Auction Ads,Promote
20230807,1773529369499650 ,US,,,1/1/00 0:00,5.17,1.6667,7/8/23 0:53,0.54,Non-Auction Ads,Promote
20230807,1773522124038140 ,AU,,,1/1/00 0:00,7.893,2.239,7/8/23 0:53,0.54,Non-Auction Ads,Promote
20230807,1773529079261180 ,MY,,,1/1/00 0:00,2.595,2.2589,7/8/23 0:54,1.53,RIE,Promote Report Recall
20230807,1773529079261180 ,MY,,,1/1/00 0:00,2.595,2.2589,7/8/23 0:54,0.54,Non-Auction Ads,Promote
20230807,1773529397114880 ,ID,,,1/1/00 0:00,2.1799,0.8535,7/8/23 0:53,0.54,Non-Auction Ads,Promote
20230807,1773529435557890 ,BR,,,1/1/00 0:00,1.4838,0.2605,7/8/23 0:53,1.53,RIE,Promote Report Recall
20230807,1773529640180740 ,IT,,,1/1/00 0:00,14.8355,3.5308,7/8/23 0:54,0.54,Non-Auction Ads,Promote
20230807,1773530048296960 ,US,,,1/1/00 0:00,254.51,35.9235,7/8/23 1:02,0.54,Non-Auction Ads,Promote
20230807,1773526699218960 ,DE,DE,,1/1/00 0:00,20.7674,1.3486,7/8/23 0:54,1.01,Auction Ads,auction_relation
20230807,1773509986454590 ,TR,,,1/1/00 0:00,0.7614,0.3208,7/8/23 0:54,0.54,Non-Auction Ads,Promote
20230807,1773529284864000 ,TH,,,1/1/00 0:00,10.46,1.5678,7/8/23 0:54,1.53,RIE,Promote Report Recall
20230807,1773529516432380 ,US,,,1/1/00 0:00,2.23,1.6578,7/8/23 0:54,0.54,Non-Auction Ads,Promote
20230807,1773526753883130 ,ID,,,1/1/00 0:00,3.9461,0.3928,7/8/23 0:54,0.54,Non-Auction Ads,Promote
20230807,1773529860455420 ,VN,VN,,1/1/00 0:00,6.0094,2.2676,7/8/23 0:54,2.14,Auction Ads,auction_relation
20230807,1773529121493040 ,US,,,1/1/00 0:00,10,2.5,7/8/23 0:54,0.54,Non-Auction Ads,Promote
20230807,1773529251855360 ,ID,,,1/1/00 0:00,1.0727,0.1471,7/8/23 0:54,0.54,Non-Auction Ads,Promote
20230807,1773529911782450 ,BR,BR,,1/1/00 0:00,0.9845,0.3909,7/8/23 0:55,1.7,RIE,Ad Group Recall (Merged)
20230807,1773529724923910 ,RO,,,1/1/00 0:00,11.9937,12.8282,7/8/23 0:56,1.53,RIE,Promote Report Recall
20230807,1773529677503490 ,US,,,1/1/00 0:00,13,3.0586,7/8/23 0:56,0.54,Non-Auction Ads,Promote
20230807,1773529954701310 ,CO,CO,,1/1/00 0:00,0.02,1.3433,7/8/23 0:56,1.93,Auction Ads,auction_all
20230807,1773529954701310 ,KZ,KZ,,1/1/00 0:00,0.02,1.3433,7/8/23 0:56,2,Auction Ads,auction_relation
20230807,1773529954701310 ,BR,BR,,1/1/00 0:00,0.02,1.3433,7/8/23 0:56,1.99,Auction Ads,auction_all
20230807,1773529954701310 ,US,USCA,,1/1/00 0:00,0.02,1.3433,7/8/23 0:56,1.78,Auction Ads,auction_relation
20230807,1773529954701310 ,QA,Others,,1/1/00 0:00,0.02,1.3433,7/8/23 0:56,1.56,Auction Ads,auction_all
20230807,1773529954701310 ,PL,PL,,1/1/00 0:00,0.02,1.3433,7/8/23 0:56,1.64,Auction Ads,auction_relation
20230807,1773529954701310 ,VN,VN,,1/1/00 0:00,0.02,1.3433,7/8/23 0:56,2.14,Auction Ads,auction_relation
20230807,1773529954701310 ,EG,MENA,,1/1/00 0:00,0.02,1.3433,7/8/23 0:56,1.78,Auction Ads,auction_relation
20230807,1773529954701310 ,PL,PL,,1/1/00 0:00,0.02,1.3433,7/8/23 0:56,1.64,Auction Ads,auction_relation
20230807,1773529954701310 ,DE,DE,,1/1/00 0:00,0.02,1.3433,7/8/23 0:56,1.01,Auction Ads,auction_relation
20230807,1773529954701310 ,NZ,NZ,,1/1/00 0:00,0.02,1.3433,7/8/23 0:56,1.58,Auction Ads,auction_relation
20230807,1773529954701310 ,ES,ES,,1/1/00 0:00,0.02,1.3433,7/8/23 0:56,1.37,Auction Ads,auction_relation
20230807,1773529954701310 ,HU,Others,,1/1/00 0:00,0.02,1.3433,7/8/23 0:56,1.56,Auction Ads,auction_all
20230807,1773529954701310 ,CO,CO,,1/1/00 0:00,0.02,1.3433,7/8/23 0:56,1.93,Auction Ads,auction_all
20230807,1773529954701310 ,AE,MENA,,1/1/00 0:00,0.02,1.3433,7/8/23 0:56,1.78,Auction Ads,auction_relation
20230807,1773529954701310 ,IQ,Others,,1/1/00 0:00,0.02,1.3433,7/8/23 0:56,1.56,Auction Ads,auction_all
20230807,1773529954701310 ,FI,Others,,1/1/00 0:00,0.02,1.3433,7/8/23 0:56,1.56,Auction Ads,auction_all
20230807,1773529954701310 ,AT,AT,,1/1/00 0:00,0.02,1.3433,7/8/23 0:56,0.89,Auction Ads,auction_relation
20230807,1773529954701310 ,PL,PL,,1/1/00 0:00,0.02,1.3433,7/8/23 0:56,1.64,Auction Ads,auction_relation
20230807,1773529954701310 ,KW,Others,,1/1/00 0:00,0.02,1.3433,7/8/23 0:56,1.56,Auction Ads,auction_all
20230807,1773529954701310 ,GR,GR,,1/1/00 0:00,0.02,1.3433,7/8/23 0:56,2.11,Auction Ads,auction_relation
20230807,1773529954701310 ,KZ,KZ,,1/1/00 0:00,0.02,1.3433,7/8/23 0:56,2,Auction Ads,auction_relation
20230807,1773529954701310 ,PT,PT,,1/1/00 0:00,0.02,1.3433,7/8/23 0:56,1.98,Auction Ads,auction_relation
20230807,1773529954701310 ,NL,NL,,1/1/00 0:00,0.02,1.3433,7/8/23 0:56,1.19,Auction Ads,auction_relation
20230807,1773529954701310 ,PK,PK,,1/1/00 0:00,0.02,1.3433,7/8/23 0:56,1.36,Auction Ads,auction_relation
20230807,1773529954701310 ,IL,IL,,1/1/00 0:00,0.02,1.3433,7/8/23 0:56,1.52,Auction Ads,auction_relation
20230807,1773529954701310 ,KZ,KZ,,1/1/00 0:00,0.02,1.3433,7/8/23 0:56,2,Auction Ads,auction_relation
20230807,1773529954701310 ,LB,Others,,1/1/00 0:00,0.02,1.3433,7/8/23 0:56,1.56,Auction Ads,auction_all
20230807,1773529954701310 ,BH,Others,,1/1/00 0:00,0.02,1.3433,7/8/23 0:56,1.56,Auction Ads,auction_all
20230807,1773529954701310 ,JO,Others,,1/1/00 0:00,0.02,1.3433,7/8/23 0:56,1.56,Auction Ads,auction_all
20230807,1773529954701310 ,OM,Others,,1/1/00 0:00,0.02,1.3433,7/8/23 0:56,1.56,Auction Ads,auction_all
20230807,1773529954701310 ,HU,Others,,1/1/00 0:00,0.02,1.3433,7/8/23 0:56,1.56,Auction Ads,auction_all
20230807,1773529954701310 ,HU,Others,,1/1/00 0:00,0.02,1.3433,7/8/23 0:56,1.56,Auction Ads,auction_all
20230807,1773529954701310 ,KZ,KZ,,1/1/00 0:00,0.02,1.3433,7/8/23 0:56,2,Auction Ads,auction_relation
20230807,1773529954701310 ,CL,CL,,1/1/00 0:00,0.02,1.3433,7/8/23 0:56,1.85,Auction Ads,auction_all
20230807,1773529954701310 ,ID,ID,,1/1/00 0:00,0.02,1.3433,7/8/23 0:56,1.8,Auction Ads,auction_relation
20230807,1773529954701310 ,AU,AU,,1/1/00 0:00,0.02,1.3433,7/8/23 0:56,1.84,Auction Ads,auction_relation
20230807,1773529954701310 ,BE,BE,,1/1/00 0:00,0.02,1.3433,7/8/23 0:56,1.15,Auction Ads,auction_relation
20230807,1773529954701310 ,PE,PE,,1/1/00 0:00,0.02,1.3433,7/8/23 0:56,1.68,Auction Ads,auction_all
20230807,1773529954701310 ,MA,MA,,1/1/00 0:00,0.02,1.3433,7/8/23 0:56,1.51,Auction Ads,auction_relation
20230807,1773529563621370 ,MY,,,1/1/00 0:00,25.4404,5.238,7/8/23 0:57,0.54,Non-Auction Ads,Promote
20230807,1773529659173880 ,TH,,,1/1/00 0:00,1.7433,0.2475,7/8/23 0:56,0.54,Non-Auction Ads,Promote
20230807,1773529631046660 ,CA,,,1/1/00 0:00,7.4024,0.8873,7/8/23 0:56,0.54,Non-Auction Ads,Promote
20230807,1773529685039110 ,US,,,1/1/00 0:00,11.92,3.2344,7/8/23 0:57,0.54,Non-Auction Ads,Promote
20230807,1773448461853690 ,VN,,,1/1/00 0:00,1.6262,0.354,7/8/23 0:56,0.54,Non-Auction Ads,Promote
20230807,1773529059486750 ,US,,,1/1/00 0:00,2.02,0.76,7/8/23 0:56,0.54,Non-Auction Ads,Promote
20230807,1773529723725820 ,TR,,,1/1/00 0:00,10.1125,0.9338,7/8/23 0:57,0.54,Non-Auction Ads,Promote
20230807,1773529617285120 ,TH,,,1/1/00 0:00,0.0513,2.6686,7/8/23 0:57,0.54,Non-Auction Ads,Promote
20230807,1773529046376440 ,MY,,,1/1/00 0:00,1.302,0.1191,7/8/23 0:57,0.54,Non-Auction Ads,Promote
20230807,1773529771517950 ,KW,,,1/1/00 0:00,32.5077,1.7392,7/8/23 0:57,0.54,Non-Auction Ads,Promote
20230807,1773529957947390 ,TH,,,1/1/00 0:00,27.6398,5.9211,7/8/23 0:59,0.54,Non-Auction Ads,Promote
20230807,1773530116186110 ,JP,,,1/1/00 0:00,43.2964,10.7588,7/8/23 1:02,0.54,Non-Auction Ads,Promote
20230807,1773529035374590 ,ID,,,1/1/00 0:00,3.9881,1.8573,7/8/23 0:58,0.54,Non-Auction Ads,Promote
20230807,1773529626012670 ,TH,,,1/1/00 0:00,1.6947,0.7255,7/8/23 0:57,0.54,Non-Auction Ads,Promote
20230807,1773530710943790 ,FR,FR,,1/1/00 0:00,9.2,11.2211,7/8/23 1:03,1.97,Auction Ads,auction_relation
20230807,1773530083423280 ,VN,VN,,1/1/00 0:00,3.5468,2.2676,7/8/23 0:58,2.14,Auction Ads,auction_relation
20230807,1773529781399550 ,BR,,,1/1/00 0:00,20.8577,0.2221,7/8/23 0:58,0.54,Non-Auction Ads,Promote
20230807,1773529426714620 ,ID,,,1/1/00 0:00,0.8535,0.5411,7/8/23 0:58,0.54,Non-Auction Ads,Promote
20230807,1773529967480840 ,SA,MENA,,1/1/00 0:00,29,4.3233,7/8/23 1:00,1.78,Auction Ads,auction_relation
20230807,1773530153936940 ,MA,MA,,1/1/00 0:00,2.44,1.0562,7/8/23 0:59,1.51,Auction Ads,auction_relation
20230807,1773529912547330 ,MY,,,1/1/00 0:00,1.3107,0.623,7/8/23 0:58,1.53,RIE,Promote Report Recall
20230807,1773530025598980 ,TH,,,1/1/00 0:00,9.51,4.4683,7/8/23 1:01,1.53,RIE,Promote Report Recall
20230807,1773510479480830 ,TR,,,1/1/00 0:00,0.7418,0.1703,7/8/23 0:59,0.54,Non-Auction Ads,Promote
20230807,1773448667179010 ,SA,,,1/1/00 0:00,3.3324,0.4067,7/8/23 0:59,0.54,Non-Auction Ads,Promote
20230807,1773530145271810 ,VN,,,1/1/00 0:00,2.127,6.08,7/8/23 1:02,1.53,RIE,Promote Report Recall
20230807,1773526096832560 ,CA,US&CA,,1/1/00 0:00,41.9,1.4021,7/8/23 1:00,1.81,RIE,Ad Group Recall (Merged)
20230807,1773493532303390 ,DK,DK,,1/1/00 0:00,14.3,1.1484,7/8/23 1:00,1.31,Auction Ads,auction_relation
20230807,1773530210638850 ,CA,,,1/1/00 0:00,3.0434,14.6,7/8/23 1:05,1.53,RIE,Promote Report Recall
20230807,1773529777687550 ,TH,,,1/1/00 0:00,0.8618,0.2514,7/8/23 1:00,0.54,Non-Auction Ads,Promote
20230807,1773448796465150 ,VN,,,1/1/00 0:00,3.8439,0.512,7/8/23 1:00,0.54,Non-Auction Ads,Promote
20230807,1773530172636160 ,VN,,,1/1/00 0:00,76.3537,6.08,7/8/23 1:03,0.54,Non-Auction Ads,Promote
20230807,1773530141974530 ,BR,,,1/1/00 0:00,73.6258,3.5701,7/8/23 1:02,0.54,Non-Auction Ads,Promote
20230807,1773526617449470 ,CZ,CZ,,1/1/00 0:00,0.5724,25.4286,7/8/23 1:06,1.9,Auction Ads,auction_relation
20230807,1773526617449470 ,MA,MA,,1/1/00 0:00,0.5724,25.4286,7/8/23 1:06,1.51,Auction Ads,auction_relation
20230807,1773526617449470 ,DE,DE,,1/1/00 0:00,0.5724,25.4286,7/8/23 1:06,1.01,Auction Ads,auction_relation
20230807,1773526617449470 ,AT,AT,,1/1/00 0:00,0.5724,25.4286,7/8/23 1:06,0.89,Auction Ads,auction_relation
20230807,1773526617449470 ,EG,MENA,,1/1/00 0:00,0.5724,25.4286,7/8/23 1:06,1.78,Auction Ads,auction_relation
20230807,1773526617449470 ,ID,ID,,1/1/00 0:00,0.5724,25.4286,7/8/23 1:06,1.8,Auction Ads,auction_relation
20230807,1773526617449470 ,HU,Others,,1/1/00 0:00,0.5724,25.4286,7/8/23 1:06,1.56,Auction Ads,auction_all
20230807,1773526617449470 ,MY,MY,,1/1/00 0:00,0.5724,25.4286,7/8/23 1:06,2.31,Auction Ads,auction_relation
20230807,1773526617449470 ,GR,GR,,1/1/00 0:00,0.5724,25.4286,7/8/23 1:06,2.11,Auction Ads,auction_relation
20230807,1773526617449470 ,IE,IE,,1/1/00 0:00,0.5724,25.4286,7/8/23 1:06,1.52,Auction Ads,auction_relation
20230807,1773526617449470 ,RO,RO,,1/1/00 0:00,0.5724,25.4286,7/8/23 1:06,1.94,Auction Ads,auction_relation
20230807,1773526617449470 ,FI,Others,,1/1/00 0:00,0.5724,25.4286,7/8/23 1:06,1.56,Auction Ads,auction_all
20230807,1773526617449470 ,PT,PT,,1/1/00 0:00,0.5724,25.4286,7/8/23 1:06,1.98,Auction Ads,auction_relation
20230807,1773526617449470 ,SA,MENA,,1/1/00 0:00,0.5724,25.4286,7/8/23 1:06,1.78,Auction Ads,auction_relation
20230807,1773526617449470 ,IT,IT,,1/1/00 0:00,0.5724,25.4286,7/8/23 1:06,1.36,Auction Ads,auction_relation
20230807,1773526617449470 ,QA,Others,,1/1/00 0:00,0.5724,25.4286,7/8/23 1:06,1.56,Auction Ads,auction_all
20230807,1773526617449470 ,SE,SE,,1/1/00 0:00,0.5724,25.4286,7/8/23 1:06,1.4,Auction Ads,auction_relation
20230807,1773526617449470 ,MA,MA,,1/1/00 0:00,0.5724,25.4286,7/8/23 1:06,1.51,Auction Ads,auction_relation
20230807,1773526617449470 ,TH,TH,,1/1/00 0:00,0.5724,25.4286,7/8/23 1:06,1.64,Auction Ads,auction_relation
20230807,1773526617449470 ,ZA,ZA,,1/1/00 0:00,0.5724,25.4286,7/8/23 1:06,1.4,Auction Ads,auction_relation
20230807,1773510597968890 ,TR,,,1/1/00 0:00,1.9952,0.1331,7/8/23 1:01,0.54,Non-Auction Ads,Promote
20230807,1773530196415480 ,VN,,,1/1/00 0:00,6.8739,6.08,7/8/23 1:03,1.53,RIE,Promote Report Recall
20230807,1773524606018560 ,BR,,,1/1/00 0:00,1.6478,0.8856,7/8/23 1:01,1.53,RIE,Promote Report Recall
20230807,1773524606018560 ,BR,,,1/1/00 0:00,1.6478,0.8856,7/8/23 1:01,0.54,Non-Auction Ads,Promote
20230807,1773529949083650 ,TH,,,1/1/00 0:00,1.35,3.6864,7/8/23 1:03,1.53,RIE,Promote Report Recall
20230807,1773530398959620 ,US,,,1/1/00 0:00,147.57,24.6418,7/8/23 1:06,0.54,Non-Auction Ads,Promote
20230807,1773448492210170 ,SA,,,1/1/00 0:00,0,1.7888,7/8/23 1:03,0.54,Non-Auction Ads,Promote
20230807,1773529999821820 ,TH,,,1/1/00 0:00,3.88,2.524,7/8/23 1:03,1.53,RIE,Promote Report Recall
20230807,1773530205085700 ,RO,,,1/1/00 0:00,10.4671,7.1236,7/8/23 1:04,0.54,Non-Auction Ads,Promote
20230807,1773530159648770 ,FR,,,1/1/00 0:00,17.5325,0.1431,7/8/23 1:02,1.53,RIE,Promote Report Recall
20230807,1773536584509450 ,JP,JP,,1/1/00 0:00,418.07,468.4817,7/8/23 2:37,3.21,RIE,Ad Group Recall (Merged)
20230807,1773530256908280 ,VN,,,1/1/00 0:00,0.8778,6.08,7/8/23 1:04,1.53,RIE,Promote Report Recall
20230807,1773530292355070 ,VN,VN,,1/1/00 0:00,,4.7633,7/8/23 1:04,2.14,Auction Ads,auction_relation
20230807,1773530292355070 ,VN,VN,,1/1/00 0:00,,4.7633,7/8/23 1:04,2.14,Auction Ads,auction_relation
20230807,1773524751304710 ,BR,,,1/1/00 0:00,1.6519,0.4696,7/8/23 1:03,0.54,Non-Auction Ads,Promote
20230807,1773531395346460 ,MY,MY,,1/1/00 0:00,4.1848,2.5284,7/8/23 1:03,2.31,Auction Ads,auction_relation
20230807,1773530114313210 ,MY,,,1/1/00 0:00,16.5774,1.5204,7/8/23 1:03,0.54,Non-Auction Ads,Promote
20230807,1773530196506620 ,MY,,,1/1/00 0:00,15.1415,1.5204,7/8/23 1:03,0.54,Non-Auction Ads,Promote
20230807,1773530327707640 ,VN,,,1/1/00 0:00,61.4076,6.08,7/8/23 1:05,0.54,Non-Auction Ads,Promote
20230807,1773529997143040 ,US,,,1/1/00 0:00,3.2556,0.9544,7/8/23 1:04,0.54,Non-Auction Ads,Promote
20230807,1773448505701370 ,SA,,,1/1/00 0:00,1.6631,0.2228,7/8/23 1:04,0.54,Non-Auction Ads,Promote
20230807,1773530134351870 ,ID,,,1/1/00 0:00,19.5025,2.8837,7/8/23 1:05,0.54,Non-Auction Ads,Promote
20230807,1773529406332930 ,ID,,,1/1/00 0:00,2.177,0.2503,7/8/23 1:05,0.54,Non-Auction Ads,Promote
20230807,1773529886379010 ,US,,,1/1/00 0:00,10,3.9229,7/8/23 1:05,0.54,Non-Auction Ads,Promote
20230807,1773530127903740 ,US,,,1/1/00 0:00,11.16,4.18,7/8/23 1:05,1.53,RIE,Promote Report Recall
20230807,1773530342685690 ,TH,,,1/1/00 0:00,36.1643,2.8797,7/8/23 1:05,0.54,Non-Auction Ads,Promote
20230807,1773448386527230 ,SA,,,1/1/00 0:00,1.6662,0.6074,7/8/23 1:05,0.54,Non-Auction Ads,Promote
20230807,1773449086663680 ,SA,,,1/1/00 0:00,1.5783,0.5844,7/8/23 1:05,0.54,Non-Auction Ads,Promote
20230807,1773530254566400 ,VN,,,1/1/00 0:00,1.6833,0.5647,7/8/23 1:05,1.53,RIE,Promote Report Recall
20230807,1773530225361920 ,US,,,1/1/00 0:00,5,1.9755,7/8/23 1:05,0.54,Non-Auction Ads,Promote
20230807,1773530126248960 ,TH,,,1/1/00 0:00,0.8157,0.5865,7/8/23 1:05,0.54,Non-Auction Ads,Promote
20230807,1773529492744190 ,US,,,1/1/00 0:00,5.2,2.5679,7/8/23 1:05,0.54,Non-Auction Ads,Promote
20230807,1773530588802050 ,MY,MY,,1/1/00 0:00,12.3668,12.1315,7/8/23 1:08,2.31,Auction Ads,auction_relation
20230807,1773530584246270 ,MY,MY,,1/1/00 0:00,6.8411,12.1315,7/8/23 1:08,2.31,Auction Ads,auction_relation
20230807,1773530582446090 ,MY,MY,,1/1/00 0:00,4.7487,12.1315,7/8/23 1:08,2.31,Auction Ads,auction_relation
20230807,1773530224183290 ,TH,,,1/1/00 0:00,7.0326,2.9329,7/8/23 1:06,0.54,Non-Auction Ads,Promote
20230807,1773530877409280 ,MX,MX,,1/1/00 0:00,,23.0961,7/8/23 1:12,1.99,Auction Ads,auction_all
20230807,1773530179239930 ,TH,,,1/1/00 0:00,1.5243,0.4726,7/8/23 1:06,0.54,Non-Auction Ads,Promote
20230807,1773530308372480 ,BR,,,1/1/00 0:00,0.6651,0.3019,7/8/23 1:06,1.53,RIE,Promote Report Recall
20230807,1773510894777340 ,TR,,,1/1/00 0:00,2.9176,0.1268,7/8/23 1:06,0.54,Non-Auction Ads,Promote
20230807,1773530461590520 ,SA,,,1/1/00 0:00,46.3381,7.6733,7/8/23 1:08,0.54,Non-Auction Ads,Promote
20230807,1773530463454220 ,VN,VN,,1/1/00 0:00,3.22,1.1989,7/8/23 1:07,2.14,Auction Ads,auction_relation
20230807,1773530510535680 ,VN,,,1/1/00 0:00,2.1704,4.8247,7/8/23 1:08,1.53,RIE,Promote Report Recall
20230807,1773510971011070 ,TR,,,1/1/00 0:00,0.7294,0.1497,7/8/23 1:06,0.54,Non-Auction Ads,Promote
20230807,1773530226314240 ,TH,,,1/1/00 0:00,1.6537,0.4974,7/8/23 1:07,0.54,Non-Auction Ads,Promote
20230807,1773530685237250 ,TH,,,1/1/00 0:00,171.8447,12.2579,7/8/23 1:11,0.54,Non-Auction Ads,Promote
20230807,1773529722378250 ,SA,MENA,,1/1/00 0:00,10.46,2.5546,7/8/23 1:08,1.67,RIE,Ad Group Recall (Merged)
20230807,1773530796416030 ,PK,PK,,1/1/00 0:00,1.46,1.04,7/8/23 1:07,1.36,Auction Ads,auction_relation
20230807,1773549824589840 ,US,USCA,,1/1/00 0:00,0.68,19.069,7/8/23 1:13,1.78,Auction Ads,auction_relation
20230807,1773530256014340 ,US,,,1/1/00 0:00,5,1.6464,7/8/23 1:08,0.54,Non-Auction Ads,Promote
20230807,1773530877544450 ,MY,MY,,1/1/00 0:00,5.8259,12.1315,7/8/23 1:11,2.31,Auction Ads,auction_relation
20230807,1773530874521630 ,MY,MY,,1/1/00 0:00,6.8933,12.1315,7/8/23 1:11,2.31,Auction Ads,auction_relation
20230807,1773530860502040 ,MY,MY,,1/1/00 0:00,4.8902,12.1315,7/8/23 1:11,2.31,Auction Ads,auction_relation
20230807,1773530870145040 ,MY,MY,,1/1/00 0:00,7.4792,12.1315,7/8/23 1:11,2.31,Auction Ads,auction_relation
20230807,1773530859839480 ,MY,MY,,1/1/00 0:00,6.5682,12.1315,7/8/23 1:11,2.31,Auction Ads,auction_relation
20230807,1773530878499850 ,MY,MY,,1/1/00 0:00,3.4194,12.1315,7/8/23 1:11,2.31,Auction Ads,auction_relation
20230807,1773524892577790 ,BR,,,1/1/00 0:00,1.5408,0.3236,7/8/23 1:08,0.54,Non-Auction Ads,Promote
20230807,1773530306305020 ,MY,,,1/1/00 0:00,17.6163,1.6974,7/8/23 1:08,0.54,Non-Auction Ads,Promote
20230807,1773530526008320 ,SA,,,1/1/00 0:00,15.5001,2.0836,7/8/23 1:08,1.53,RIE,Promote Report Recall
20230807,1773529523468290 ,US,,,1/1/00 0:00,6.78,2.4033,7/8/23 1:09,0.54,Non-Auction Ads,Promote
20230807,1773530699829240 ,SA,,,1/1/00 0:00,132.3537,12.8383,7/8/23 1:12,0.54,Non-Auction Ads,Promote
20230807,1773530804044810 ,JP,JP,,1/1/00 0:00,,13.9389,7/8/23 1:12,2.16,Auction Ads,auction_all
20230807,1773530878510080 ,TH,TH,,1/1/00 0:00,,1.9035,7/8/23 1:09,1.64,Auction Ads,auction_relation
20230807,1773529600524280 ,ID,,,1/1/00 0:00,0.9834,0.4221,7/8/23 1:08,0.54,Non-Auction Ads,Promote
20230807,1773530581043200 ,GB,,,1/1/00 0:00,26.7738,5.0332,7/8/23 1:10,1.53,RIE,Promote Report Recall
20230807,1773530260296700 ,MY,,,1/1/00 0:00,4.61,0.4559,7/8/23 1:09,0.54,Non-Auction Ads,Promote
20230807,1773530599219200 ,TH,,,1/1/00 0:00,37.2096,2.8797,7/8/23 1:09,0.54,Non-Auction Ads,Promote
20230807,1773530458302470 ,BR,,,1/1/00 0:00,23.9168,1.2241,7/8/23 1:09,0.54,Non-Auction Ads,Promote
20230807,1773530487290880 ,TH,,,1/1/00 0:00,0.8644,0.5623,7/8/23 1:09,0.54,Non-Auction Ads,Promote
20230807,1773530415077370 ,TH,,,1/1/00 0:00,4.9038,0.5623,7/8/23 1:09,0.54,Non-Auction Ads,Promote
20230807,1773527269339130 ,DE,DE,,1/1/00 0:00,33.0602,7.7852,7/8/23 1:11,1.01,Auction Ads,auction_relation
20230807,1773530246611960 ,ID,,,1/1/00 0:00,1.9513,0.5719,7/8/23 1:09,0.54,Non-Auction Ads,Promote
20230807,1773531253625880 ,IQ,Others,,1/1/00 0:00,,2.6391,7/8/23 1:11,1.56,Auction Ads,auction_all
20230807,1773530571713660 ,TH,,,1/1/00 0:00,1.0673,0.9912,7/8/23 1:10,0.54,Non-Auction Ads,Promote
20230807,1773530567289850 ,MY,,,1/1/00 0:00,1.3174,0.3353,7/8/23 1:10,0.54,Non-Auction Ads,Promote
20230807,1773557209289740 ,TH,TH,,1/1/00 0:00,,4.814,7/8/23 1:11,1.64,Auction Ads,auction_relation
20230807,1773530497000450 ,MY,,,1/1/00 0:00,2.3666,0.6812,7/8/23 1:11,0.54,Non-Auction Ads,Promote
20230807,1773531104713730 ,US,,,1/1/00 0:00,165.17,29.5282,7/8/23 1:19,0.54,Non-Auction Ads,Promote
20230807,1773530448841730 ,TH,,,1/1/00 0:00,18.5544,1.2615,7/8/23 1:11,0.54,Non-Auction Ads,Promote
20230807,1773449422988290 ,SA,,,1/1/00 0:00,6.952,1.726,7/8/23 1:12,0.54,Non-Auction Ads,Promote
20230807,1773530563680250 ,ID,,,1/1/00 0:00,17.0886,3.5432,7/8/23 1:13,0.54,Non-Auction Ads,Promote
20230807,1773530631508990 ,ID,,,1/1/00 0:00,0.7639,0.0913,7/8/23 1:12,1.53,RIE,Promote Report Recall
20230807,1773532126805020 ,BR,BR,,1/1/00 0:00,19.77,82.9425,7/8/23 1:32,1.99,Auction Ads,auction_all
20230807,1773530493081600 ,ID,,,1/1/00 0:00,1.0834,0.1938,7/8/23 1:12,0.54,Non-Auction Ads,Promote
20230807,1773557328167970 ,TH,TH,,1/1/00 0:00,5.3502,4.814,7/8/23 1:13,1.64,Auction Ads,auction_relation
20230807,1773525142732800 ,BR,,,1/1/00 0:00,1.636,0.9409,7/8/23 1:13,0.54,Non-Auction Ads,Promote
20230807,1773530771759100 ,MY,,,1/1/00 0:00,18.3227,1.2621,7/8/23 1:13,0.54,Non-Auction Ads,Promote
20230807,1773530711433220 ,US,,,1/1/00 0:00,6.95,3.3333,7/8/23 1:13,0.54,Non-Auction Ads,Promote
20230807,1773530675860480 ,TH,,,1/1/00 0:00,1.0618,1.0624,7/8/23 1:13,0.54,Non-Auction Ads,Promote
20230807,1773531138816040 ,MY,MY,,1/1/00 0:00,10.2041,12.1315,7/8/23 1:15,2.31,Auction Ads,auction_relation
20230807,1773531137252380 ,MY,MY,,1/1/00 0:00,10.8883,12.1315,7/8/23 1:15,2.31,Auction Ads,auction_relation
20230807,1773531126837280 ,MY,MY,,1/1/00 0:00,10.2388,12.1315,7/8/23 1:15,2.31,Auction Ads,auction_relation
20230807,1773531136086060 ,MY,MY,,1/1/00 0:00,11.0864,12.1315,7/8/23 1:15,2.31,Auction Ads,auction_relation
20230807,1773530546169850 ,MY,,,1/1/00 0:00,2.8057,1.0612,7/8/23 1:13,0.54,Non-Auction Ads,Promote
20230807,1773531072593930 ,VN,VN,,1/1/00 0:00,11.1958,4.2186,7/8/23 1:14,2.14,Auction Ads,auction_relation
20230807,1773529992624130 ,JP,,,1/1/00 0:00,45.0867,5.6766,7/8/23 1:14,0.54,Non-Auction Ads,Promote
20230807,1773530477062140 ,MY,,,1/1/00 0:00,1.5171,0.3165,7/8/23 1:13,0.54,Non-Auction Ads,Promote
20230807,1773530719030270 ,ID,,,1/1/00 0:00,0.7144,0.6081,7/8/23 1:13,1.53,RIE,Promote Report Recall
20230807,1773545929776170 ,US,USCA,,1/1/00 0:00,0,0.9854,7/8/23 1:13,1.78,Auction Ads,auction_relation
20230807,1773449631202300 ,SA,,,1/1/00 0:00,6.3975,1.4262,7/8/23 1:13,0.54,Non-Auction Ads,Promote
20230807,1773525087973380 ,BR,,,1/1/00 0:00,3.2235,0.8326,7/8/23 1:13,0.54,Non-Auction Ads,Promote
20230807,1773531123927090 ,VN,VN,,1/1/00 0:00,2.7509,6.2536,7/8/23 1:15,2.13,RIE,Ad Group Recall (Merged)
20230807,1773531123927090 ,VN,VN,,1/1/00 0:00,2.7509,6.2536,7/8/23 1:15,2.13,RIE,Ad Group Recall (Merged)
20230807,1773557424015360 ,TH,TH,,1/1/00 0:00,,4.814,7/8/23 1:15,1.64,Auction Ads,auction_relation
20230807,1773529217753090 ,JP,,,1/1/00 0:00,2.242,0.5923,7/8/23 1:14,0.54,Non-Auction Ads,Promote
20230807,1773546596159500 ,US,USCA,,1/1/00 0:00,0.06,19.069,7/8/23 1:19,1.78,Auction Ads,auction_relation
20230807,1773525230513150 ,BR,,,1/1/00 0:00,3.2587,0.8181,7/8/23 1:14,0.54,Non-Auction Ads,Promote
20230807,1773530733648890 ,TH,,,1/1/00 0:00,0.8589,0.2517,7/8/23 1:14,0.54,Non-Auction Ads,Promote
20230807,1773530798204920 ,ID,,,1/1/00 0:00,0.6054,0.6081,7/8/23 1:14,1.53,RIE,Promote Report Recall
20230807,1773530722765830 ,BR,,,1/1/00 0:00,1.443,0.5446,7/8/23 1:14,1.53,RIE,Promote Report Recall
20230807,1773530737993730 ,ID,,,1/1/00 0:00,1.0919,0.912,7/8/23 1:14,1.53,RIE,Promote Report Recall
20230807,1773530580789250 ,ID,,,1/1/00 0:00,0.9887,0.7453,7/8/23 1:14,0.54,Non-Auction Ads,Promote
20230807,1773449635796990 ,SA,,,1/1/00 0:00,3.3001,0.7324,7/8/23 1:15,0.54,Non-Auction Ads,Promote
20230807,1773546597701680 ,US,USCA,,1/1/00 0:00,,40.5386,7/8/23 1:24,1.78,Auction Ads,auction_relation
20230807,1773530826540030 ,ID,,,1/1/00 0:00,0.9768,0.1907,7/8/23 1:15,1.53,RIE,Promote Report Recall
20230807,1773530851348480 ,TH,,,1/1/00 0:00,0.8653,0.2352,7/8/23 1:15,0.54,Non-Auction Ads,Promote
20230807,1773530892677120 ,ID,,,1/1/00 0:00,4.6595,2.2925,7/8/23 1:15,1.53,RIE,Promote Report Recall
20230807,1773557524232210 ,TH,TH,,1/1/00 0:00,,4.814,7/8/23 1:16,1.64,Auction Ads,auction_relation
20230807,1773531062612010 ,ID,ID,,1/1/00 0:00,1.8634,2.4765,7/8/23 1:16,1.8,Auction Ads,auction_relation
20230807,1773530986179580 ,KH,,,1/1/00 0:00,13.8055,1.5223,7/8/23 1:16,0.54,Non-Auction Ads,Promote
20230807,1773531696776240 ,BR,BR,,1/1/00 0:00,,0.3038,7/8/23 1:15,1.99,Auction Ads,auction_all
20230807,1773530977191930 ,PH,,,1/1/00 0:00,0.847,0.3391,7/8/23 1:16,1.53,RIE,Promote Report Recall
20230807,1773531004548090 ,VN,,,1/1/00 0:00,5.9573,0.9695,7/8/23 1:16,1.53,RIE,Promote Report Recall
20230807,1773530335562750 ,ID,,,1/1/00 0:00,1.9612,0.8643,7/8/23 1:16,0.54,Non-Auction Ads,Promote
20230807,1773531025659900 ,MY,,,1/1/00 0:00,9.7107,1.1402,7/8/23 1:17,1.53,RIE,Promote Report Recall
20230807,1773532890013710 ,MY,MY,,1/1/00 0:00,5.067,1.1251,7/8/23 1:17,2.31,Auction Ads,auction_relation
20230807,1773532187515900 ,GB,GB,,1/1/00 0:00,13.83,10.2809,7/8/23 1:19,1.76,Auction Ads,auction_relation
20230807,1773530922663940 ,US,,,1/1/00 0:00,5,2.1313,7/8/23 1:17,0.54,Non-Auction Ads,Promote
20230807,1773530973824000 ,CA,,,1/1/00 0:00,1.9666,2.7306,7/8/23 1:18,0.54,Non-Auction Ads,Promote
20230807,1773530973824000 ,CA,,,1/1/00 0:00,1.9666,2.7306,7/8/23 1:18,1.53,RIE,Promote Report Recall
20230807,1773527340006400 ,CA,USCA,,1/1/00 0:00,21.31,0.3147,7/8/23 1:17,1.78,Auction Ads,auction_relation
20230807,1773527340025850 ,CA,USCA,,1/1/00 0:00,14.13,0.3147,7/8/23 1:17,1.78,Auction Ads,auction_relation
20230807,1773527340006400 ,US,USCA,,1/1/00 0:00,21.31,0.3147,7/8/23 1:17,1.78,Auction Ads,auction_relation
20230807,1773527334563870 ,US,USCA,,1/1/00 0:00,12.72,0.3147,7/8/23 1:17,1.78,Auction Ads,auction_relation
20230807,1773527387846690 ,US,USCA,,1/1/00 0:00,4.68,0.3147,7/8/23 1:17,1.78,Auction Ads,auction_relation
20230807,1773527334563870 ,CA,USCA,,1/1/00 0:00,12.72,0.3147,7/8/23 1:17,1.78,Auction Ads,auction_relation
20230807,1773527340015640 ,US,USCA,,1/1/00 0:00,9.02,0.3147,7/8/23 1:17,1.78,Auction Ads,auction_relation
20230807,1773530998669310 ,VN,,,1/1/00 0:00,3.2423,0.4867,7/8/23 1:17,1.53,RIE,Promote Report Recall
20230807,1773530865168380 ,MY,,,1/1/00 0:00,2.9002,2.3585,7/8/23 1:18,0.54,Non-Auction Ads,Promote
20230807,1773529794701310 ,ID,,,1/1/00 0:00,1.0619,0.2063,7/8/23 1:18,0.54,Non-Auction Ads,Promote
20230807,1773531497243660 ,SA,MENA,,1/1/00 0:00,7.85,4.8107,7/8/23 1:19,1.78,Auction Ads,auction_relation
20230807,1773531497243660 ,KW,Others,,1/1/00 0:00,7.85,4.8107,7/8/23 1:19,1.56,Auction Ads,auction_all
20230807,1773530053945350 ,US,,,1/1/00 0:00,4.35,3.4228,7/8/23 1:19,0.54,Non-Auction Ads,Promote
20230807,1773530238075900 ,US,,,1/1/00 0:00,4.99,1.5775,7/8/23 1:18,0.54,Non-Auction Ads,Promote
20230807,1773360087502910 ,SA,,,1/1/00 0:00,1.3915,0.4994,7/8/23 1:18,0.54,Non-Auction Ads,Promote
20230807,1773531178262520 ,KH,,,1/1/00 0:00,13.6228,1.5223,7/8/23 1:19,0.54,Non-Auction Ads,Promote
20230807,1773535536913450 ,EC,Other,,1/1/00 0:00,15.78,2.9714,7/8/23 1:20,1.62,RIE,Ad Group Recall (Merged)
20230807,1773531011986450 ,US,,,1/1/00 0:00,9.93,3.0256,7/8/23 1:20,1.53,RIE,Promote Report Recall
20230807,1773530926483470 ,TH,,,1/1/00 0:00,13.41,1.9042,7/8/23 1:20,1.53,RIE,Promote Report Recall
20230807,1773530981614590 ,KH,,,1/1/00 0:00,5.5306,0.4161,7/8/23 1:20,0.54,Non-Auction Ads,Promote
20230807,1773527615242280 ,CA,USCA,,1/1/00 0:00,17.84,0.3147,7/8/23 1:20,1.78,Auction Ads,auction_relation
20230807,1773527615242280 ,US,USCA,,1/1/00 0:00,17.84,0.3147,7/8/23 1:20,1.78,Auction Ads,auction_relation
20230807,1773449383138300 ,VN,,,1/1/00 0:00,1.6832,0.5638,7/8/23 1:20,0.54,Non-Auction Ads,Promote
20230807,1773531954927650 ,US,,,1/1/00 0:00,340.43,59.1288,7/8/23 1:34,0.54,Non-Auction Ads,Promote
20230807,1773527549956090 ,PH,,,1/1/00 0:00,3.0526,0.7286,7/8/23 1:20,0.54,Non-Auction Ads,Promote
20230807,1773531641647150 ,TH,TH,,1/1/00 0:00,,16.1046,7/8/23 1:23,1.64,Auction Ads,auction_relation
20230807,1773531213445150 ,US,,,1/1/00 0:00,9.86,0,7/8/23 1:20,1.53,RIE,Promote Report Recall
20230807,1773531051047930 ,MY,,,1/1/00 0:00,9.6529,3.1661,7/8/23 1:21,0.54,Non-Auction Ads,Promote
20230807,1773532599590940 ,KR,KR,,1/1/00 0:00,,36.6291,7/8/23 1:29,2.37,Auction Ads,auction_relation
20230807,1773537159138350 ,MY,MY,,1/1/00 0:00,2.9863,2.7873,7/8/23 1:21,2.31,Auction Ads,auction_relation
20230807,1773525406994430 ,BR,,,1/1/00 0:00,3.2094,0.7358,7/8/23 1:21,0.54,Non-Auction Ads,Promote
20230807,1773531073833980 ,TH,,,1/1/00 0:00,4.4501,1.0961,7/8/23 1:21,0.54,Non-Auction Ads,Promote
20230807,1773531261825070 ,CA,,,1/1/00 0:00,8.8157,2.7306,7/8/23 1:21,1.53,RIE,Promote Report Recall
20230807,1773531352001530 ,SA,,,1/1/00 0:00,19.2831,5.7912,7/8/23 1:22,0.54,Non-Auction Ads,Promote
20230807,1773449453890560 ,VN,,,1/1/00 0:00,0.9589,0.2695,7/8/23 1:21,0.54,Non-Auction Ads,Promote
20230807,1773531081830400 ,FR,,,1/1/00 0:00,6.0198,1.5235,7/8/23 1:21,0.54,Non-Auction Ads,Promote
20230807,1773527480353790 ,PH,,,1/1/00 0:00,54.7353,2.3183,7/8/23 1:21,0.54,Non-Auction Ads,Promote
20230807,1773531432697870 ,VN,VN,,1/1/00 0:00,,1.8174,7/8/23 1:21,2.14,Auction Ads,auction_relation
20230807,1773531236954110 ,US,,,1/1/00 0:00,15,3.1913,7/8/23 1:22,0.54,Non-Auction Ads,Promote
20230807,1773525528913920 ,BR,,,1/1/00 0:00,3.4518,0.9409,7/8/23 1:22,0.54,Non-Auction Ads,Promote
20230807,1773531379564570 ,CA,US&CA,,1/1/00 0:00,7.7241,3.3887,7/8/23 1:22,1.81,RIE,Ad Group Recall (Merged)
20230807,1773531379564570 ,US,US&CA,,1/1/00 0:00,7.7241,3.3887,7/8/23 1:22,1.81,RIE,Ad Group Recall (Merged)
20230807,1773525533214720 ,BR,,,1/1/00 0:00,1.634,0.5855,7/8/23 1:22,0.54,Non-Auction Ads,Promote
20230807,1773531242423330 ,BR,,,1/1/00 0:00,1.6521,0.0595,7/8/23 1:22,1.53,RIE,Promote Report Recall
20230807,1773531536389150 ,US,USCA,,1/1/00 0:00,10,4.9916,7/8/23 1:23,1.78,Auction Ads,auction_relation
20230807,1773530650120190 ,TH,,,1/1/00 0:00,0.8678,0.2678,7/8/23 1:22,0.54,Non-Auction Ads,Promote
20230807,1773531740415020 ,KH,KH,,1/1/00 0:00,,22.5264,7/8/23 1:27,1.5,Auction Ads,auction_relation
20230807,1773531841199130 ,ID,ID,,1/1/00 0:00,,3.8021,7/8/23 1:23,1.8,Auction Ads,auction_relation
20230807,1773531531783200 ,AE,MENA,,1/1/00 0:00,3.86,2.4147,7/8/23 1:23,1.78,Auction Ads,auction_relation
20230807,1773531531783200 ,ZA,ZA,,1/1/00 0:00,3.86,2.4147,7/8/23 1:23,1.4,Auction Ads,auction_relation
20230807,1773524761108510 ,BR,,,1/1/00 0:00,1.6953,0.8422,7/8/23 1:22,1.53,RIE,Promote Report Recall
20230807,1773524761108510 ,BR,,,1/1/00 0:00,1.6953,0.8422,7/8/23 1:22,0.54,Non-Auction Ads,Promote
20230807,1773530185259010 ,US,,,1/1/00 0:00,5.96,3.9775,7/8/23 1:23,0.54,Non-Auction Ads,Promote
20230807,1773531493348380 ,EC,Others,,1/1/00 0:00,,1.7679,7/8/23 1:23,1.56,Auction Ads,auction_all
20230807,1773449679268860 ,VN,,,1/1/00 0:00,1.9282,2.4629,7/8/23 1:23,0.54,Non-Auction Ads,Promote
20230807,1773525548142590 ,BR,,,1/1/00 0:00,0.3613,0.0386,7/8/23 1:23,0.54,Non-Auction Ads,Promote
20230807,1773531511454750 ,VN,VN,,1/1/00 0:00,7.4326,1.9527,7/8/23 1:23,2.14,Auction Ads,auction_relation
20230807,1773527789551620 ,US,,,1/1/00 0:00,11.86,2.9425,7/8/23 1:23,0.54,Non-Auction Ads,Promote
20230807,1773527789551620 ,US,,,1/1/00 0:00,11.86,2.9425,7/8/23 1:23,0.54,Non-Auction Ads,Promote
20230807,1773531512780850 ,TW,TW,,1/1/00 0:00,15.17,2.3153,7/8/23 1:23,0.95,Auction Ads,auction_relation
20230807,1773531623997490 ,JP,JP,,1/1/00 0:00,4.44,11.3079,7/8/23 1:26,2.16,Auction Ads,auction_all
20230807,1773532617964590 ,US,USCA,,1/1/00 0:00,530.07,99.0088,7/8/23 1:45,1.78,Auction Ads,auction_relation
20230807,1773531138159630 ,US,,,1/1/00 0:00,4.93,1.3969,7/8/23 1:23,0.54,Non-Auction Ads,Promote
20230807,1773531708869640 ,JP,JP,,1/1/00 0:00,,12.7762,7/8/23 1:27,2.16,Auction Ads,auction_all
20230807,1773531107668990 ,ID,,,1/1/00 0:00,1.9702,0.1978,7/8/23 1:24,0.54,Non-Auction Ads,Promote
20230807,1773531390406650 ,TH,,,1/1/00 0:00,6.3319,1.1886,7/8/23 1:24,0.54,Non-Auction Ads,Promote
20230807,1773532848131070 ,BR,BR,,1/1/00 0:00,89.47,82.9425,7/8/23 1:43,1.99,Auction Ads,auction_all
20230807,1773531573903370 ,VN,VN,,1/1/00 0:00,,1.5595,7/8/23 1:24,2.14,Auction Ads,auction_relation
20230807,1773531104520190 ,TH,,,1/1/00 0:00,0.87,1.9048,7/8/23 1:24,1.53,RIE,Promote Report Recall
20230807,1773531721031720 ,MY,MY,,1/1/00 0:00,9.186,3.1146,7/8/23 1:24,2.31,Auction Ads,auction_relation
20230807,1773531733621770 ,MY,MY,,1/1/00 0:00,9.4074,3.1146,7/8/23 1:24,2.31,Auction Ads,auction_relation
20230807,1773531713720330 ,MY,MY,,1/1/00 0:00,9.6993,3.1146,7/8/23 1:24,2.31,Auction Ads,auction_relation
20230807,1773451211879420 ,SA,,,1/1/00 0:00,8.2501,1.5994,7/8/23 1:25,0.54,Non-Auction Ads,Promote
20230807,1773531343603710 ,TH,,,1/1/00 0:00,0.8602,0.2605,7/8/23 1:25,0.54,Non-Auction Ads,Promote
20230807,1773531318904830 ,TH,,,1/1/00 0:00,3.22,0.8403,7/8/23 1:25,0.54,Non-Auction Ads,Promote
20230807,1773531647931440 ,TH,TH,,1/1/00 0:00,2.75,1.6727,7/8/23 1:25,1.64,Auction Ads,auction_relation
20230807,1773531551421440 ,US,,,1/1/00 0:00,19.03,5.497,7/8/23 1:26,0.54,Non-Auction Ads,Promote
20230807,1773531193241600 ,US,,,1/1/00 0:00,10,5,7/8/23 1:26,0.54,Non-Auction Ads,Promote
20230807,1773531024904190 ,TH,,,1/1/00 0:00,0.7568,0.9112,7/8/23 1:25,0.54,Non-Auction Ads,Promote
20230807,1773531391095810 ,ID,,,1/1/00 0:00,1.9247,0.7448,7/8/23 1:25,0.54,Non-Auction Ads,Promote
20230807,1773531560999940 ,SA,,,1/1/00 0:00,11.742,0.9491,7/8/23 1:26,1.53,RIE,Promote Report Recall
20230807,1773531598808130 ,VN,,,1/1/00 0:00,0.4003,0.4539,7/8/23 1:25,1.53,RIE,Promote Report Recall
20230807,1773532066078720 ,MY,MY,,1/1/00 0:00,,0.488,7/8/23 1:26,2.31,Auction Ads,auction_relation
20230807,1773531667053580 ,VN,VN,,1/1/00 0:00,3.5,1.5595,7/8/23 1:26,2.14,Auction Ads,auction_relation
20230807,1773531714258970 ,VN,VN,,1/1/00 0:00,4.5912,4.6952,7/8/23 1:27,2.13,RIE,Ad Group Recall (Merged)
20230807,1773531701599280 ,TH,TH,,1/1/00 0:00,2.98,1.6727,7/8/23 1:27,1.64,Auction Ads,auction_relation
20230807,1773530940467200 ,ID,,,1/1/00 0:00,0.9778,0.2202,7/8/23 1:26,0.54,Non-Auction Ads,Promote
20230807,1773451437747200 ,SA,,,1/1/00 0:00,3.4998,1.8824,7/8/23 1:27,0.54,Non-Auction Ads,Promote
20230807,1773530816931840 ,US,,,1/1/00 0:00,5,2.2925,7/8/23 1:27,0.54,Non-Auction Ads,Promote
20230807,1773531719118890 ,TW,TW,,1/1/00 0:00,,3.6507,7/8/23 1:27,0.95,Auction Ads,auction_relation
20230807,1773511807071230 ,TR,,,1/1/00 0:00,1.4549,0.201,7/8/23 1:27,0.54,Non-Auction Ads,Promote
20230807,1773531631038460 ,DE,,,1/1/00 0:00,7.3839,0.8807,7/8/23 1:27,1.53,RIE,Promote Report Recall
20230807,1773531016169470 ,US,,,1/1/00 0:00,9.79,3.1707,7/8/23 1:28,0.54,Non-Auction Ads,Promote
20230807,1773533487347740 ,JP,JP,,1/1/00 0:00,,77.7577,7/8/23 1:44,2.16,Auction Ads,auction_all
20230807,1773533487347740 ,JP,JP,,1/1/00 0:00,,77.7577,7/8/23 1:44,2.16,Auction Ads,auction_all
20230807,1773531794356270 ,TH,TH,,1/1/00 0:00,2.7,1.6727,7/8/23 1:28,1.64,Auction Ads,auction_relation
20230807,1773531578349590 ,TH,,,1/1/00 0:00,9.82,3.7683,7/8/23 1:28,1.53,RIE,Promote Report Recall
20230807,1773451636724740 ,SA,,,1/1/00 0:00,7.6371,0.6553,7/8/23 1:27,0.54,Non-Auction Ads,Promote
20230807,1773531867541500 ,GB,,,1/1/00 0:00,21.0371,7.7619,7/8/23 1:30,1.53,RIE,Promote Report Recall
20230807,1773527966795770 ,PH,,,1/1/00 0:00,0.4411,0.1622,7/8/23 1:27,0.54,Non-Auction Ads,Promote
20230807,1773532959347730 ,BR,BR,,1/1/00 0:00,71.22,82.9425,7/8/23 1:45,1.99,Auction Ads,auction_all
20230807,1773532959347730 ,BR,BR,,1/1/00 0:00,71.22,82.9425,7/8/23 1:45,1.7,RIE,Ad Group Recall (Merged)
20230807,1773530919126010 ,JP,,,1/1/00 0:00,6.3112,1.5976,7/8/23 1:28,0.54,Non-Auction Ads,Promote
20230807,1773531800488970 ,VN,VN,,1/1/00 0:00,,1.5595,7/8/23 1:28,2.14,Auction Ads,auction_relation
20230807,1773531703820280 ,ID,,,1/1/00 0:00,81.6507,3.2638,7/8/23 1:29,0.54,Non-Auction Ads,Promote
20230807,1773449911094270 ,VN,,,1/1/00 0:00,0.9691,0.1935,7/8/23 1:28,0.54,Non-Auction Ads,Promote
20230807,1773531839072250 ,TH,TH,,1/1/00 0:00,,1.6727,7/8/23 1:29,1.64,Auction Ads,auction_relation
20230807,1773531944078350 ,VN,VN,,1/1/00 0:00,6.7523,3.6532,7/8/23 1:29,2.14,Auction Ads,auction_relation
20230807,1773531283564540 ,ID,,,1/1/00 0:00,1.9162,0.1657,7/8/23 1:28,0.54,Non-Auction Ads,Promote
20230807,1773531713460220 ,ID,,,1/1/00 0:00,1.1012,0.2895,7/8/23 1:28,1.53,RIE,Promote Report Recall
20230807,1773531349514240 ,TH,,,1/1/00 0:00,7.86,1.7462,7/8/23 1:29,1.53,RIE,Promote Report Recall
20230807,1773531778425850 ,TH,,,1/1/00 0:00,0,1.1763,7/8/23 1:29,1.53,RIE,Promote Report Recall
20230807,1773531901540350 ,SA,,,1/1/00 0:00,17.95,3.7501,7/8/23 1:30,0.54,Non-Auction Ads,Promote
20230807,1773532363922430 ,VN,VN,,1/1/00 0:00,48.3998,7.0768,7/8/23 1:31,2.14,Auction Ads,auction_relation
20230807,1773531785268220 ,VN,,,1/1/00 0:00,0.8157,0.264,7/8/23 1:29,1.53,RIE,Promote Report Recall
20230807,1773531739227140 ,US,,,1/1/00 0:00,11.29,8.2629,7/8/23 1:31,0.54,Non-Auction Ads,Promote
20230807,1773531699243010 ,US,,,1/1/00 0:00,5,1.3333,7/8/23 1:30,0.54,Non-Auction Ads,Promote
20230807,1773531635734520 ,ID,,,1/1/00 0:00,3.0737,0.7097,7/8/23 1:30,0.54,Non-Auction Ads,Promote
20230807,1773531351508990 ,TH,,,1/1/00 0:00,3.0632,1.4155,7/8/23 1:30,0.54,Non-Auction Ads,Promote
20230807,1773530907932750 ,US,,,1/1/00 0:00,10,5,7/8/23 1:31,0.54,Non-Auction Ads,Promote
20230807,1773575925871650 ,ID,ID,,1/1/00 0:00,3.5292,0.7654,7/8/23 1:30,1.8,Auction Ads,auction_relation
20230807,1773532294788110 ,ID,ID,,1/1/00 0:00,3.9234,8.1124,7/8/23 1:32,1.8,Auction Ads,auction_relation
20230807,1773528555584510 ,ID,,,1/1/00 0:00,1.8219,0.8367,7/8/23 1:31,0.54,Non-Auction Ads,Promote
20230807,1773531648391160 ,KH,,,1/1/00 0:00,0.9523,0.4007,7/8/23 1:31,0.54,Non-Auction Ads,Promote
20230807,1773532812272690 ,TH,TH,,1/1/00 0:00,,73.8284,7/8/23 1:46,1.64,Auction Ads,auction_relation
20230807,1773531662397500 ,ID,,,1/1/00 0:00,0.9463,0.5695,7/8/23 1:31,0.54,Non-Auction Ads,Promote
20230807,1773531463926780 ,ID,,,1/1/00 0:00,2.1801,0.2114,7/8/23 1:31,0.54,Non-Auction Ads,Promote
20230807,1773531763658750 ,US,,,1/1/00 0:00,4.88,2.2296,7/8/23 1:31,0.54,Non-Auction Ads,Promote
20230807,1773531851332610 ,TH,,,1/1/00 0:00,14.3768,1.2037,7/8/23 1:31,0.54,Non-Auction Ads,Promote
20230807,1773532839123960 ,VN,VN,,1/1/00 0:00,0.1,1.6101,7/8/23 1:31,2.14,Auction Ads,auction_relation
20230807,1773533387325490 ,ID,ID,,1/1/00 0:00,27.3911,7.751,7/8/23 1:34,1.8,Auction Ads,auction_relation
20230807,1773532296349690 ,US,,,1/1/00 0:00,136.3435,21.2731,7/8/23 1:36,0.54,Non-Auction Ads,Promote
20230807,1773528327492610 ,PH,,,1/1/00 0:00,0.4467,0.1248,7/8/23 1:32,0.54,Non-Auction Ads,Promote
20230807,1773361423685630 ,SA,,,1/1/00 0:00,1.5755,0.5103,7/8/23 1:32,0.54,Non-Auction Ads,Promote
20230807,1773531980481540 ,US,,,1/1/00 0:00,10,2.7778,7/8/23 1:33,1.53,RIE,Promote Report Recall
20230807,1773532016442450 ,TH,,,1/1/00 0:00,6.05,3.7871,7/8/23 1:33,1.53,RIE,Promote Report Recall
20230807,1773525678147580 ,BR,,,1/1/00 0:00,1.613,0.2428,7/8/23 1:32,0.54,Non-Auction Ads,Promote
20230807,1773532099907580 ,SA,,,1/1/00 0:00,49.6702,3.868,7/8/23 1:33,0.54,Non-Auction Ads,Promote
20230807,1773532099907580 ,SA,,,1/1/00 0:00,49.6702,3.868,7/8/23 1:33,0.54,Non-Auction Ads,Promote
20230807,1773531964362750 ,MY,,,1/1/00 0:00,6.1537,0.4034,7/8/23 1:32,1.53,RIE,Promote Report Recall
20230807,1773450817387520 ,SA,,,1/1/00 0:00,1.5567,0.4905,7/8/23 1:32,0.54,Non-Auction Ads,Promote
20230807,1773531869531130 ,TH,,,1/1/00 0:00,3.0264,1.0251,7/8/23 1:33,0.54,Non-Auction Ads,Promote
20230807,1773531805605890 ,TH,,,1/1/00 0:00,0.45,1.5773,7/8/23 1:33,1.53,RIE,Promote Report Recall
20230807,1773528206242810 ,PH,,,1/1/00 0:00,0.5408,0.1499,7/8/23 1:33,0.54,Non-Auction Ads,Promote
20230807,1773526030193660 ,BR,,,1/1/00 0:00,9.89,1.91,7/8/23 1:34,0.54,Non-Auction Ads,Promote
20230807,1773532413721650 ,MY,MY,,1/1/00 0:00,,3.5752,7/8/23 1:34,2.31,Auction Ads,auction_relation
20230807,1773532273207340 ,MY,MY,,1/1/00 0:00,3.62,1.8412,7/8/23 1:34,2.31,Auction Ads,auction_relation
20230807,1773452293681150 ,SA,,,1/1/00 0:00,18.8778,2.0241,7/8/23 1:34,0.54,Non-Auction Ads,Promote
20230807,1773532187600910 ,ID,ID,,1/1/00 0:00,4.5688,1.14,7/8/23 1:34,1.8,Auction Ads,auction_relation
20230807,1773532601613320 ,MY,MY,,1/1/00 0:00,7.7876,4.8587,7/8/23 1:34,2.31,Auction Ads,auction_relation
20230807,1773532601613320 ,MA,MA,,1/1/00 0:00,7.7876,4.8587,7/8/23 1:34,1.51,Auction Ads,auction_relation
20230807,1773532601613320 ,SA,MENA,,1/1/00 0:00,7.7876,4.8587,7/8/23 1:34,1.78,Auction Ads,auction_relation
20230807,1773532601613320 ,AE,MENA,,1/1/00 0:00,7.7876,4.8587,7/8/23 1:34,1.78,Auction Ads,auction_relation
20230807,1773532601613320 ,ID,ID,,1/1/00 0:00,7.7876,4.8587,7/8/23 1:34,1.8,Auction Ads,auction_relation
20230807,1773532195646470 ,TH,,,1/1/00 0:00,5.88,9.27,7/8/23 1:35,1.53,RIE,Promote Report Recall
20230807,1773531893210110 ,ID,,,1/1/00 0:00,8.7435,10.7916,7/8/23 1:36,0.54,Non-Auction Ads,Promote
20230807,1773534042396690 ,PH,PH,,1/1/00 0:00,,145.5613,7/8/23 2:01,2.46,Auction Ads,auction_relation
20230807,1773531914596350 ,TH,,,1/1/00 0:00,0.1003,0.4346,7/8/23 1:34,0.54,Non-Auction Ads,Promote
20230807,1773532142204970 ,KR,KR,,1/1/00 0:00,,3.0369,7/8/23 1:35,2.37,Auction Ads,auction_relation
20230807,1773532223285290 ,KR,KR,,1/1/00 0:00,,3.0369,7/8/23 1:35,2.37,Auction Ads,auction_relation
20230807,1773531688190970 ,TH,,,1/1/00 0:00,1.3566,0.3204,7/8/23 1:34,0.54,Non-Auction Ads,Promote
20230807,1773450365431810 ,VN,,,1/1/00 0:00,1.8357,0.3529,7/8/23 1:35,0.54,Non-Auction Ads,Promote
20230807,1773531839675390 ,ID,,,1/1/00 0:00,0.959,0.4424,7/8/23 1:35,0.54,Non-Auction Ads,Promote
20230807,1773526104155150 ,BR,,,1/1/00 0:00,1.5618,0.4504,7/8/23 1:35,0.54,Non-Auction Ads,Promote
20230807,1773531994817530 ,TH,,,1/1/00 0:00,2.2604,2.0025,7/8/23 1:35,0.54,Non-Auction Ads,Promote
20230807,1773531100687360 ,US,,,1/1/00 0:00,8.75,2.3445,7/8/23 1:35,0.54,Non-Auction Ads,Promote
20230807,1773531759305720 ,MY,,,1/1/00 0:00,3.715,0.5198,7/8/23 1:35,0.54,Non-Auction Ads,Promote
20230807,1773526199640060 ,BR,,,1/1/00 0:00,3.2461,0.797,7/8/23 1:35,0.54,Non-Auction Ads,Promote
20230807,1773532363895820 ,ID,ID,,1/1/00 0:00,,6.4937,7/8/23 1:37,1.8,Auction Ads,auction_relation
20230807,1773532145253380 ,TH,,,1/1/00 0:00,6.48,1.6514,7/8/23 1:35,1.53,RIE,Promote Report Recall
20230807,1773532101778430 ,TH,,,1/1/00 0:00,1.528,1.3345,7/8/23 1:35,0.54,Non-Auction Ads,Promote
20230807,1773532260688910 ,ID,ID,,1/1/00 0:00,2.84,1.14,7/8/23 1:35,1.8,Auction Ads,auction_relation
20230807,1773532132562950 ,US,,,1/1/00 0:00,4.97,9.85,7/8/23 1:38,0.54,Non-Auction Ads,Promote
20230807,1773532139637760 ,MY,,,1/1/00 0:00,20.527,1.7811,7/8/23 1:36,0.54,Non-Auction Ads,Promote
20230807,1773531728557050 ,ID,,,1/1/00 0:00,0.8823,0.1943,7/8/23 1:36,0.54,Non-Auction Ads,Promote
20230807,1773531945728000 ,US,,,1/1/00 0:00,5,2.2667,7/8/23 1:36,0.54,Non-Auction Ads,Promote
20230807,1773532093432830 ,US,,,1/1/00 0:00,5.96,1.8424,7/8/23 1:37,0.54,Non-Auction Ads,Promote
20230807,1773532172959740 ,TH,,,1/1/00 0:00,0.8653,0.5412,7/8/23 1:36,0.54,Non-Auction Ads,Promote
20230807,1773531700229120 ,US,,,1/1/00 0:00,4.81,4,7/8/23 1:38,0.54,Non-Auction Ads,Promote
20230807,1773532326045730 ,MY,MY,,1/1/00 0:00,4.29,1.8412,7/8/23 1:37,2.31,Auction Ads,auction_relation
20230807,1773532658345010 ,VN,VN,,1/1/00 0:00,1.3013,19.0178,7/8/23 1:41,2.14,Auction Ads,auction_relation
20230807,1773532226622460 ,ID,,,1/1/00 0:00,1.0745,0.8169,7/8/23 1:37,1.53,RIE,Promote Report Recall
20230807,1773532395453440 ,GB,,,1/1/00 0:00,7.8665,2.9367,7/8/23 1:38,1.53,RIE,Promote Report Recall
20230807,1773452542043130 ,SA,,,1/1/00 0:00,24.2701,6.7318,7/8/23 1:38,0.54,Non-Auction Ads,Promote
20230807,1773532470873090 ,ID,ID,,1/1/00 0:00,,6.4937,7/8/23 1:38,1.8,Auction Ads,auction_relation
20230807,1773532222832640 ,TH,,,1/1/00 0:00,1.6564,0.3561,7/8/23 1:37,0.54,Non-Auction Ads,Promote
20230807,1773533998142510 ,EC,Others,,1/1/00 0:00,,2.7068,7/8/23 1:38,1.56,Auction Ads,auction_all
20230807,1773533998142510 ,CO,CO,,1/1/00 0:00,,2.7068,7/8/23 1:38,1.93,Auction Ads,auction_all
20230807,1773532307575810 ,FR,,,1/1/00 0:00,4.4027,1.4301,7/8/23 1:38,1.53,RIE,Promote Report Recall
20230807,1773532512209930 ,ID,ID,,1/1/00 0:00,0.53,0.3227,7/8/23 1:37,1.8,Auction Ads,auction_relation
20230807,1773532095180800 ,US,,,1/1/00 0:00,4.75,2.6876,7/8/23 1:38,0.54,Non-Auction Ads,Promote
20230807,1773532856378380 ,VN,VN,,1/1/00 0:00,,2.9833,7/8/23 1:38,2.14,Auction Ads,auction_relation
20230807,1773532940401710 ,VN,VN,,1/1/00 0:00,13.287,5.2662,7/8/23 1:39,2.14,Auction Ads,auction_relation
20230807,1773362323089410 ,SA,,,1/1/00 0:00,21.1218,10.262,7/8/23 1:40,0.54,Non-Auction Ads,Promote
20230807,1773532216858630 ,TH,,,1/1/00 0:00,9.33,10.4033,7/8/23 1:40,1.53,RIE,Promote Report Recall
20230807,1773532335504410 ,MY,MY,,1/1/00 0:00,3.51,1.8412,7/8/23 1:38,2.31,Auction Ads,auction_relation
20230807,1773532259736590 ,MY,MY,,1/1/00 0:00,3.4,1.8412,7/8/23 1:38,2.31,Auction Ads,auction_relation
20230807,1773532345312320 ,TH,,,1/1/00 0:00,35.6279,4.6246,7/8/23 1:39,0.54,Non-Auction Ads,Promote
20230807,1773533335781370 ,JP,JP,,1/1/00 0:00,99.0424,78.2767,7/8/23 1:50,2.16,Auction Ads,auction_all
20230807,1773533335781370 ,JP,JP,,1/1/00 0:00,99.0424,78.2767,7/8/23 1:50,2.16,Auction Ads,auction_all
20230807,1773533575583770 ,KR,KR,,1/1/00 0:00,,36.6291,7/8/23 1:45,2.37,Auction Ads,auction_relation
20230807,1773532362618880 ,TH,,,1/1/00 0:00,5.94,1.8653,7/8/23 1:39,1.53,RIE,Promote Report Recall
20230807,1773532839116800 ,ID,ID,,1/1/00 0:00,6.7,4.2516,7/8/23 1:40,1.8,Auction Ads,auction_relation
20230807,1773532274846720 ,TH,,,1/1/00 0:00,7.1857,0.9626,7/8/23 1:39,0.54,Non-Auction Ads,Promote
20230807,1773528822210560 ,AR,AR,,1/1/00 0:00,93.54,0,7/8/23 1:38,2.23,Auction Ads,auction_all
20230807,1773532487641130 ,GB,GB,,1/1/00 0:00,28.92,2.4061,7/8/23 1:39,1.76,Auction Ads,auction_relation
20230807,1773532368658430 ,BR,,,1/1/00 0:00,7.9963,1.7441,7/8/23 1:39,1.53,RIE,Promote Report Recall
20230807,1773532509912060 ,PH,,,1/1/00 0:00,105.1999,5.5179,7/8/23 1:40,0.54,Non-Auction Ads,Promote
20230807,1773532232188930 ,TH,,,1/1/00 0:00,4.67,1.7028,7/8/23 1:40,1.53,RIE,Promote Report Recall
20230807,1773532577764350 ,DE,,,1/1/00 0:00,168.6897,10.9502,7/8/23 1:41,0.54,Non-Auction Ads,Promote
20230807,1773532578527280 ,EC,Others,,1/1/00 0:00,,0.9567,7/8/23 1:40,1.56,Auction Ads,auction_all
20230807,1773531933619240 ,MY,MY,,1/1/00 0:00,6.1541,4.1508,7/8/23 1:40,2.31,Auction Ads,auction_relation
20230807,1773531933619240 ,MY,MY,,1/1/00 0:00,6.1541,4.1508,7/8/23 1:40,2.31,Auction Ads,auction_relation
20230807,1773532341668910 ,KW,Others,,1/1/00 0:00,0.09,1.058,7/8/23 1:40,1.56,Auction Ads,auction_all
20230807,1773532341668910 ,AE,MENA,,1/1/00 0:00,0.09,1.058,7/8/23 1:40,1.78,Auction Ads,auction_relation
20230807,1773532341668910 ,QA,Others,,1/1/00 0:00,0.09,1.058,7/8/23 1:40,1.56,Auction Ads,auction_all
20230807,1773532341668910 ,SA,MENA,,1/1/00 0:00,0.09,1.058,7/8/23 1:40,1.78,Auction Ads,auction_relation
20230807,1773532622354480 ,ID,ID,,1/1/00 0:00,,6.4937,7/8/23 1:41,1.8,Auction Ads,auction_relation
20230807,1773532383098880 ,TH,,,1/1/00 0:00,7.47,2.81,7/8/23 1:40,1.53,RIE,Promote Report Recall
20230807,1773532663786490 ,ID,ID,,1/1/00 0:00,4.38,7.3749,7/8/23 1:41,1.8,Auction Ads,auction_relation
20230807,1773532645894170 ,ID,ID,,1/1/00 0:00,1.66,7.3749,7/8/23 1:41,1.8,Auction Ads,auction_relation
20230807,1773532658507800 ,ID,ID,,1/1/00 0:00,7.5,7.3749,7/8/23 1:41,1.8,Auction Ads,auction_relation
20230807,1773450848425980 ,VN,,,1/1/00 0:00,0.5263,0.3574,7/8/23 1:40,0.54,Non-Auction Ads,Promote
20230807,1773531992155200 ,US,,,1/1/00 0:00,13.83,3.7233,7/8/23 1:41,0.54,Non-Auction Ads,Promote
20230807,1773531981824000 ,BR,,,1/1/00 0:00,2.998,0.4448,7/8/23 1:40,1.53,RIE,Promote Report Recall
20230807,1773532484603900 ,US,,,1/1/00 0:00,4.87,0.36,7/8/23 1:40,1.53,RIE,Promote Report Recall
20230807,1773532816044080 ,EC,Others,,1/1/00 0:00,,12.895,7/8/23 1:43,1.56,Auction Ads,auction_all
20230807,1773532629119000 ,ID,ID,,1/1/00 0:00,0.9301,0.3227,7/8/23 1:40,1.8,Auction Ads,auction_relation
20230807,1773532637100030 ,ID,ID,,1/1/00 0:00,0.8789,0.3227,7/8/23 1:40,1.8,Auction Ads,auction_relation
20230807,1773532635330560 ,ID,ID,,1/1/00 0:00,0.5533,0.3227,7/8/23 1:40,1.8,Auction Ads,auction_relation
20230807,1773532524487740 ,ID,,,1/1/00 0:00,17.1013,2.5626,7/8/23 1:41,0.54,Non-Auction Ads,Promote
20230807,1773532672254970 ,SA,MENA,,1/1/00 0:00,16.1883,7.2501,7/8/23 1:42,1.67,RIE,Ad Group Recall (Merged)
20230807,1773532672254970 ,QA,Other,,1/1/00 0:00,16.1883,7.2501,7/8/23 1:42,1.62,RIE,Ad Group Recall (Merged)
20230807,1773532672254970 ,AE,MENA,,1/1/00 0:00,16.1883,7.2501,7/8/23 1:42,1.67,RIE,Ad Group Recall (Merged)
20230807,1773532587301900 ,JP,JP,,1/1/00 0:00,19.77,12.422,7/8/23 1:43,3.21,RIE,Ad Group Recall (Merged)
20230807,1773532881354770 ,ID,ID,,1/1/00 0:00,5.4539,3.7217,7/8/23 1:42,1.8,Auction Ads,auction_relation
20230807,1773532688473130 ,JP,JP,,1/1/00 0:00,,8.3224,7/8/23 1:42,2.16,Auction Ads,auction_all
20230807,1773532721745960 ,ID,ID,,1/1/00 0:00,1.8652,1.14,7/8/23 1:41,1.8,Auction Ads,auction_relation
20230807,1773532606985220 ,FR,,,1/1/00 0:00,3.2686,0.6842,7/8/23 1:41,1.53,RIE,Promote Report Recall
20230807,1773532692091920 ,VN,VN,,1/1/00 0:00,,1.401,7/8/23 1:42,2.14,Auction Ads,auction_relation
20230807,1773532466445310 ,TH,,,1/1/00 0:00,0.8131,1.345,7/8/23 1:42,1.53,RIE,Promote Report Recall
20230807,1773532635008000 ,MY,,,1/1/00 0:00,3.7937,0.9931,7/8/23 1:42,1.53,RIE,Promote Report Recall
20230807,1773532301777920 ,ID,,,1/1/00 0:00,3.2294,0.8169,7/8/23 1:42,0.54,Non-Auction Ads,Promote
20230807,1773450896789500 ,VN,,,1/1/00 0:00,1.6261,0.3671,7/8/23 1:42,0.54,Non-Auction Ads,Promote
20230807,1773533273582620 ,US,USCA,,1/1/00 0:00,23.38,9.188,7/8/23 1:43,1.78,Auction Ads,auction_relation
20230807,1773532491367420 ,BR,,,1/1/00 0:00,15.4325,1.139,7/8/23 1:42,0.54,Non-Auction Ads,Promote
20230807,1773532856362000 ,VN,VN,,1/1/00 0:00,5.9101,6.872,7/8/23 1:43,2.14,Auction Ads,auction_relation
20230807,1773526450644990 ,BR,,,1/1/00 0:00,1.5905,0.8235,7/8/23 1:42,0.54,Non-Auction Ads,Promote
20230807,1773532536273920 ,TH,,,1/1/00 0:00,14.31,4.2481,7/8/23 1:43,1.53,RIE,Promote Report Recall
20230807,1773532701882410 ,VN,VN,,1/1/00 0:00,2.9087,0.7307,7/8/23 1:42,2.14,Auction Ads,auction_relation
20230807,1773532697173010 ,VN,VN,,1/1/00 0:00,5.4596,0.7307,7/8/23 1:42,2.14,Auction Ads,auction_relation
20230807,1773532431283200 ,BR,,,1/1/00 0:00,3.2157,0.3326,7/8/23 1:42,1.53,RIE,Promote Report Recall
20230807,1773512127532030 ,TR,,,1/1/00 0:00,0.759,0.1808,7/8/23 1:42,0.54,Non-Auction Ads,Promote
20230807,1773450941990910 ,VN,,,1/1/00 0:00,1.8453,0.3279,7/8/23 1:42,0.54,Non-Auction Ads,Promote
20230807,1773532472461360 ,TH,,,1/1/00 0:00,10.978,5.2189,7/8/23 1:44,1.53,RIE,Promote Report Recall
20230807,1773532565952510 ,IL,,,1/1/00 0:00,53.393,0.7108,7/8/23 1:43,0.54,Non-Auction Ads,Promote
20230807,1773362417262590 ,SA,,,1/1/00 0:00,6.6638,1.4262,7/8/23 1:43,0.54,Non-Auction Ads,Promote
20230807,1773534606017580 ,BR,BR,,1/1/00 0:00,8.0502,7.2105,7/8/23 1:44,1.99,Auction Ads,auction_all
20230807,1773532372207610 ,ID,,,1/1/00 0:00,1.9495,0.3633,7/8/23 1:43,0.54,Non-Auction Ads,Promote
20230807,1773533018151940 ,US,,,1/1/00 0:00,172.3,41.1765,7/8/23 1:49,0.54,Non-Auction Ads,Promote
20230807,1773532556781570 ,TH,,,1/1/00 0:00,7.6,8.6375,7/8/23 1:45,1.53,RIE,Promote Report Recall
20230807,1773533015534600 ,VN,VN,,1/1/00 0:00,,5.2059,7/8/23 1:44,2.14,Auction Ads,auction_relation
20230807,1773532341502970 ,TH,,,1/1/00 0:00,1.6805,0.4697,7/8/23 1:43,0.54,Non-Auction Ads,Promote
20230807,1773532548245500 ,KH,,,1/1/00 0:00,10.2246,5.0667,7/8/23 1:44,0.54,Non-Auction Ads,Promote
20230807,1773532863065130 ,ID,ID,,1/1/00 0:00,56.05,6.4937,7/8/23 1:45,1.8,Auction Ads,auction_relation
20230807,1773532850713610 ,ID,ID,,1/1/00 0:00,,6.4937,7/8/23 1:45,1.8,Auction Ads,auction_relation
20230807,1773532659642370 ,KH,,,1/1/00 0:00,5.895,0.7342,7/8/23 1:44,0.54,Non-Auction Ads,Promote
20230807,1773532697636860 ,IL,,,1/1/00 0:00,53.8443,0.7108,7/8/23 1:44,0.54,Non-Auction Ads,Promote
20230807,1773532750596090 ,ID,,,1/1/00 0:00,10.218,0.7461,7/8/23 1:44,0.54,Non-Auction Ads,Promote
20230807,1773532850555900 ,ID,ID,,1/1/00 0:00,1.5111,1.14,7/8/23 1:44,1.8,Auction Ads,auction_relation
20230807,1773531612983360 ,ID,,,1/1/00 0:00,1.0826,1.0819,7/8/23 1:44,0.54,Non-Auction Ads,Promote
20230807,1773534959801370 ,JP,JP,,1/1/00 0:00,,78.0682,7/8/23 1:57,2.16,Auction Ads,auction_all
20230807,1773531342450680 ,ID,,,1/1/00 0:00,6.9753,0.8545,7/8/23 1:44,0.54,Non-Auction Ads,Promote
20230807,1773532458705920 ,MY,,,1/1/00 0:00,0.7201,0.6027,7/8/23 1:44,0.54,Non-Auction Ads,Promote
20230807,1773531748752380 ,US,,,1/1/00 0:00,4.03,3.1892,7/8/23 1:45,0.54,Non-Auction Ads,Promote
20230807,1773532470237190 ,US,,,1/1/00 0:00,0,6.53,7/8/23 1:46,0.54,Non-Auction Ads,Promote
20230807,1773532893952010 ,ID,ID,,1/1/00 0:00,4.71,4.2516,7/8/23 1:45,1.8,Auction Ads,auction_relation
20230807,1773533042594860 ,ES,ES,,1/1/00 0:00,11.73,19.8967,7/8/23 1:47,1.37,Auction Ads,auction_relation
20230807,1773533051915290 ,IE,IE,,1/1/00 0:00,21.87,19.8967,7/8/23 1:47,1.52,Auction Ads,auction_relation
20230807,1773533042594860 ,DE,DE,,1/1/00 0:00,11.73,19.8967,7/8/23 1:47,1.01,Auction Ads,auction_relation
20230807,1773533042594860 ,FR,FR,,1/1/00 0:00,11.73,19.8967,7/8/23 1:47,1.97,Auction Ads,auction_relation
20230807,1773533042594860 ,IL,IL,,1/1/00 0:00,11.73,19.8967,7/8/23 1:47,1.52,Auction Ads,auction_relation
20230807,1773533042594860 ,IE,IE,,1/1/00 0:00,11.73,19.8967,7/8/23 1:47,1.52,Auction Ads,auction_relation
20230807,1773533051915290 ,IL,IL,,1/1/00 0:00,21.87,19.8967,7/8/23 1:47,1.52,Auction Ads,auction_relation
20230807,1773533042594860 ,CH,CH,,1/1/00 0:00,11.73,19.8967,7/8/23 1:47,0.93,Auction Ads,auction_relation
20230807,1773533051915290 ,PL,PL,,1/1/00 0:00,21.87,19.8967,7/8/23 1:47,1.64,Auction Ads,auction_relation
20230807,1773533051915290 ,FI,Others,,1/1/00 0:00,21.87,19.8967,7/8/23 1:47,1.56,Auction Ads,auction_all
20230807,1773533051915290 ,NL,NL,,1/1/00 0:00,21.87,19.8967,7/8/23 1:47,1.19,Auction Ads,auction_relation
20230807,1773533042594860 ,PL,PL,,1/1/00 0:00,11.73,19.8967,7/8/23 1:47,1.64,Auction Ads,auction_relation
20230807,1773533042594860 ,DK,DK,,1/1/00 0:00,11.73,19.8967,7/8/23 1:47,1.31,Auction Ads,auction_relation
20230807,1773533051915290 ,SE,SE,,1/1/00 0:00,21.87,19.8967,7/8/23 1:47,1.4,Auction Ads,auction_relation
20230807,1773533042594860 ,BE,BE,,1/1/00 0:00,11.73,19.8967,7/8/23 1:47,1.15,Auction Ads,auction_relation
20230807,1773533042594860 ,IT,IT,,1/1/00 0:00,11.73,19.8967,7/8/23 1:47,1.36,Auction Ads,auction_relation
20230807,1773533042594860 ,SE,SE,,1/1/00 0:00,11.73,19.8967,7/8/23 1:47,1.4,Auction Ads,auction_relation
20230807,1773533042594860 ,AT,AT,,1/1/00 0:00,11.73,19.8967,7/8/23 1:47,0.89,Auction Ads,auction_relation
20230807,1773533051915290 ,BE,BE,,1/1/00 0:00,21.87,19.8967,7/8/23 1:47,1.15,Auction Ads,auction_relation
20230807,1773533051915290 ,DK,DK,,1/1/00 0:00,21.87,19.8967,7/8/23 1:47,1.31,Auction Ads,auction_relation
20230807,1773533042594860 ,FI,Others,,1/1/00 0:00,11.73,19.8967,7/8/23 1:47,1.56,Auction Ads,auction_all
20230807,1773533042594860 ,NO,Others,,1/1/00 0:00,11.73,19.8967,7/8/23 1:47,1.56,Auction Ads,auction_all
20230807,1773533042594860 ,NL,NL,,1/1/00 0:00,11.73,19.8967,7/8/23 1:47,1.19,Auction Ads,auction_relation
20230807,1773532783204350 ,TH,,,1/1/00 0:00,2.1098,0.5617,7/8/23 1:45,0.54,Non-Auction Ads,Promote
20230807,1773532976375850 ,MX,MX,,1/1/00 0:00,4.37,0.682,7/8/23 1:45,1.99,Auction Ads,auction_all
20230807,1773533740094490 ,MY,MY,,1/1/00 0:00,10.5716,1.8272,7/8/23 1:45,2.31,Auction Ads,auction_relation
20230807,1773532585470980 ,BR,,,1/1/00 0:00,3.2034,0.9159,7/8/23 1:45,1.53,RIE,Promote Report Recall
20230807,1773532536186880 ,ID,,,1/1/00 0:00,2.1348,1.7564,7/8/23 1:45,0.54,Non-Auction Ads,Promote
20230807,1773532949638160 ,EC,Others,,1/1/00 0:00,,1.7679,7/8/23 1:46,1.56,Auction Ads,auction_all
20230807,1773532623385600 ,US,,,1/1/00 0:00,9.59,3.0256,7/8/23 1:46,0.54,Non-Auction Ads,Promote
20230807,1773532628873220 ,TH,,,1/1/00 0:00,8.86,1.118,7/8/23 1:46,1.53,RIE,Promote Report Recall
20230807,1773532841802750 ,ID,,,1/1/00 0:00,11.8231,2.022,7/8/23 1:46,0.54,Non-Auction Ads,Promote
20230807,1773532594647040 ,TH,,,1/1/00 0:00,3.07,0.6996,7/8/23 1:46,1.53,RIE,Promote Report Recall
20230807,1773532556791810 ,MY,,,1/1/00 0:00,6.3451,0.5907,7/8/23 1:46,0.54,Non-Auction Ads,Promote
20230807,1773532976179200 ,ID,ID,,1/1/00 0:00,1.5514,1.14,7/8/23 1:47,1.8,Auction Ads,auction_relation
20230807,1773532743759870 ,TH,,,1/1/00 0:00,6.0344,0.6873,7/8/23 1:46,0.54,Non-Auction Ads,Promote
20230807,1773533730142220 ,ZA,ZA,,1/1/00 0:00,97.8,56.7239,7/8/23 1:55,1.4,Auction Ads,auction_relation
20230807,1773532745484280 ,TH,,,1/1/00 0:00,1.687,0,7/8/23 1:47,0.54,Non-Auction Ads,Promote
20230807,1773532469079040 ,KH,,,1/1/00 0:00,0.9972,0.1483,7/8/23 1:47,0.54,Non-Auction Ads,Promote
20230807,1773533993055230 ,BR,BR,,1/1/00 0:00,,67.4521,7/8/23 1:58,1.99,Auction Ads,auction_all
20230807,1773532309261330 ,US,,,1/1/00 0:00,9.19,8,7/8/23 1:47,0.54,Non-Auction Ads,Promote
20230807,1773532921990140 ,SA,,,1/1/00 0:00,25.4478,8.5294,7/8/23 1:47,0.54,Non-Auction Ads,Promote
20230807,1773532936691710 ,SA,,,1/1/00 0:00,108.4244,8.9992,7/8/23 1:47,0.54,Non-Auction Ads,Promote
20230807,1773532997783550 ,ID,ID,,1/1/00 0:00,3.42,4.2516,7/8/23 1:47,1.8,Auction Ads,auction_relation
20230807,1773531863354370 ,US,,,1/1/00 0:00,4.49,2.5679,7/8/23 1:47,0.54,Non-Auction Ads,Promote
20230807,1773532489646080 ,US,,,1/1/00 0:00,14.91,2.7819,7/8/23 1:47,0.54,Non-Auction Ads,Promote
20230807,1773532358654980 ,US,,,1/1/00 0:00,10,3.695,7/8/23 1:47,0.54,Non-Auction Ads,Promote
20230807,1773533022438400 ,JP,JP,,1/1/00 0:00,,2.0548,7/8/23 1:47,2.16,Auction Ads,auction_all
20230807,1773532643036160 ,ID,,,1/1/00 0:00,0.9508,0.244,7/8/23 1:47,0.54,Non-Auction Ads,Promote
20230807,1773532719529980 ,US,,,1/1/00 0:00,4.89,4.7275,7/8/23 1:48,0.54,Non-Auction Ads,Promote
20230807,1773533124692990 ,ID,ID,,1/1/00 0:00,4.92,4.2516,7/8/23 1:48,1.8,Auction Ads,auction_relation
20230807,1773533292905470 ,ID,ID,,1/1/00 0:00,,9.8215,7/8/23 1:49,1.8,Auction Ads,auction_relation
20230807,1773533554083870 ,ID,ID,,1/1/00 0:00,15.2802,3.6753,7/8/23 1:48,1.8,Auction Ads,auction_relation
20230807,1773532960515070 ,ID,,,1/1/00 0:00,2.0158,0.236,7/8/23 1:47,1.53,RIE,Promote Report Recall
20230807,1773533607480350 ,TW,TW,,1/1/00 0:00,4.58,1.463,7/8/23 1:48,0.95,Auction Ads,auction_relation
20230807,1773533128738810 ,VN,VN,,1/1/00 0:00,4.4536,0.5753,7/8/23 1:47,2.14,Auction Ads,auction_relation
20230807,1773532446446590 ,MY,,,1/1/00 0:00,0.9025,0.5421,7/8/23 1:47,0.54,Non-Auction Ads,Promote
20230807,1773532581433340 ,US,,,1/1/00 0:00,10,3.3333,7/8/23 1:49,0.54,Non-Auction Ads,Promote
20230807,1773533117668380 ,ID,ID,,1/1/00 0:00,,6.4937,7/8/23 1:49,1.8,Auction Ads,auction_relation
20230807,1773533115678730 ,ID,ID,,1/1/00 0:00,,6.4937,7/8/23 1:49,1.8,Auction Ads,auction_relation
20230807,1773533113972760 ,ID,ID,,1/1/00 0:00,,6.4937,7/8/23 1:49,1.8,Auction Ads,auction_relation
20230807,1773533103329280 ,ID,ID,,1/1/00 0:00,53.78,6.4937,7/8/23 1:49,1.8,Auction Ads,auction_relation
20230807,1773532597062660 ,US,,,1/1/00 0:00,4.11,2.5,7/8/23 1:49,0.54,Non-Auction Ads,Promote
20230807,1773533980493870 ,GR,GR,,1/1/00 0:00,22.6,2.2702,7/8/23 1:49,2.11,Auction Ads,auction_relation
20230807,1773532927824900 ,US,,,1/1/00 0:00,4.53,2.3333,7/8/23 1:49,0.54,Non-Auction Ads,Promote
20230807,1773532893039610 ,TH,,,1/1/00 0:00,1.0617,0.3309,7/8/23 1:49,0.54,Non-Auction Ads,Promote
20230807,1773532756759550 ,US,,,1/1/00 0:00,10.55,2.6829,7/8/23 1:49,0.54,Non-Auction Ads,Promote
20230807,1773533054716920 ,ID,,,1/1/00 0:00,5.7104,1.4246,7/8/23 1:49,1.53,RIE,Promote Report Recall
20230807,1773533259679770 ,ID,ID,,1/1/00 0:00,77.5927,2.3873,7/8/23 1:49,1.8,Auction Ads,auction_relation
20230807,1773532991695870 ,US,,,1/1/00 0:00,10.14,6.6667,7/8/23 1:50,0.54,Non-Auction Ads,Promote
20230807,1773533658098700 ,TH,TH,,1/1/00 0:00,4.942,7.3638,7/8/23 1:50,1.64,Auction Ads,auction_relation
20230807,1773532582264830 ,TH,,,1/1/00 0:00,1.4615,0.7584,7/8/23 1:49,0.54,Non-Auction Ads,Promote
20230807,1773532848647170 ,US,,,1/1/00 0:00,4.8,1.1816,7/8/23 1:49,0.54,Non-Auction Ads,Promote
20230807,1773533171506220 ,ID,ID,,1/1/00 0:00,11.9,4.2516,7/8/23 1:50,1.8,Auction Ads,auction_relation
20230807,1773533068542980 ,US,,,1/1/00 0:00,9.41,3.3494,7/8/23 1:50,1.53,RIE,Promote Report Recall
20230807,1773532981940240 ,CA,,,1/1/00 0:00,4.0004,1.6035,7/8/23 1:49,0.54,Non-Auction Ads,Promote
20230807,1773523040233470 ,BR,,,1/1/00 0:00,1.6213,0.647,7/8/23 1:49,0.54,Non-Auction Ads,Promote
20230807,1773533844624430 ,SG,SG,,1/1/00 0:00,20.7472,23.6605,7/8/23 1:54,1.94,Auction Ads,auction_relation
20230807,1773532953396220 ,TH,,,1/1/00 0:00,0.0061,0.234,7/8/23 1:49,0.54,Non-Auction Ads,Promote
20230807,1773533117382660 ,BR,,,1/1/00 0:00,1.615,0.5099,7/8/23 1:50,1.53,RIE,Promote Report Recall
20230807,1773532885471230 ,ID,,,1/1/00 0:00,4.1244,0.4763,7/8/23 1:50,0.54,Non-Auction Ads,Promote
20230807,1773534024463370 ,VN,VN,,1/1/00 0:00,2.5878,1.5591,7/8/23 1:50,2.14,Auction Ads,auction_relation
20230807,1773512417294330 ,TR,,,1/1/00 0:00,1.4566,0.1905,7/8/23 1:50,0.54,Non-Auction Ads,Promote
20230807,1773533052689400 ,VN,,,1/1/00 0:00,1.6609,0.6476,7/8/23 1:50,1.53,RIE,Promote Report Recall
20230807,1773533038916600 ,SA,,,1/1/00 0:00,8.8096,2.479,7/8/23 1:50,1.53,RIE,Promote Report Recall
20230807,1773451500800000 ,VN,,,1/1/00 0:00,0.9501,1.9375,7/8/23 1:50,0.54,Non-Auction Ads,Promote
20230807,1773451465707520 ,VN,,,1/1/00 0:00,1.5248,0.6096,7/8/23 1:50,0.54,Non-Auction Ads,Promote
20230807,1773533164344320 ,KH,,,1/1/00 0:00,4.0103,1.1495,7/8/23 1:50,0.54,Non-Auction Ads,Promote
20230807,1773533272526890 ,ID,ID,,1/1/00 0:00,3.56,4.2516,7/8/23 1:51,1.8,Auction Ads,auction_relation
20230807,1773533552703500 ,ID,ID,,1/1/00 0:00,12.3945,6.1508,7/8/23 1:51,1.8,Auction Ads,auction_relation
20230807,1773533203972090 ,AU,,,1/1/00 0:00,6.0463,3.424,7/8/23 1:51,1.53,RIE,Promote Report Recall
20230807,1773533211762690 ,VN,VN,,1/1/00 0:00,7.5407,0.5753,7/8/23 1:50,2.14,Auction Ads,auction_relation
20230807,1773533209754620 ,VN,,,1/1/00 0:00,6.7789,3.8023,7/8/23 1:51,1.53,RIE,Promote Report Recall
20230807,1773529596610570 ,IQ,Others,,1/1/00 0:00,,8.6768,7/8/23 1:52,1.56,Auction Ads,auction_all
20230807,1773533079246850 ,BR,,,1/1/00 0:00,2.6533,1.4028,7/8/23 1:50,1.53,RIE,Promote Report Recall
20230807,1773533022491640 ,TH,,,1/1/00 0:00,1.6491,0.3165,7/8/23 1:50,0.54,Non-Auction Ads,Promote
20230807,1773533275217950 ,ID,ID,,1/1/00 0:00,11.1646,2.4123,7/8/23 1:51,1.8,Auction Ads,auction_relation
20230807,1773526730901500 ,BR,,,1/1/00 0:00,1.6154,0.5779,7/8/23 1:51,0.54,Non-Auction Ads,Promote
20230807,1773533956497450 ,ID,ID,,1/1/00 0:00,9.3452,3.7758,7/8/23 1:51,1.8,Auction Ads,auction_relation
20230807,1773528628537340 ,PH,,,1/1/00 0:00,1.3039,1.1509,7/8/23 1:51,0.54,Non-Auction Ads,Promote
20230807,1773533416500240 ,MY,MY,,1/1/00 0:00,4.707,2.7443,7/8/23 1:51,2.31,Auction Ads,auction_relation
20230807,1773533460016130 ,MY,MY,,1/1/00 0:00,4.8763,2.7443,7/8/23 1:51,2.31,Auction Ads,auction_relation
20230807,1773533455285280 ,MY,MY,,1/1/00 0:00,4.8018,2.7443,7/8/23 1:51,2.31,Auction Ads,auction_relation
20230807,1773533254821890 ,US,,,1/1/00 0:00,1.2,6.6667,7/8/23 1:53,1.53,RIE,Promote Report Recall
20230807,1773533589733400 ,SA,MENA,,1/1/00 0:00,,0.5093,7/8/23 1:51,1.78,Auction Ads,auction_relation
20230807,1773533589733400 ,BH,Others,,1/1/00 0:00,,0.5093,7/8/23 1:51,1.56,Auction Ads,auction_all
20230807,1773533315161130 ,PH,PH,,1/1/00 0:00,4.67,1.2791,7/8/23 1:51,2.46,Auction Ads,auction_relation
20230807,1773533315161130 ,PK,PK,,1/1/00 0:00,4.67,1.2791,7/8/23 1:51,1.36,Auction Ads,auction_relation
20230807,1773532752151550 ,JP,,,1/1/00 0:00,12.3118,3.299,7/8/23 1:52,0.54,Non-Auction Ads,Promote
20230807,1773535567933470 ,RO,RO,,1/1/00 0:00,,3.2334,7/8/23 1:52,1.94,Auction Ads,auction_relation
20230807,1773533431263280 ,ID,ID,,1/1/00 0:00,,4.2516,7/8/23 1:53,1.8,Auction Ads,auction_relation
20230807,1773533404860460 ,JP,JP,,1/1/00 0:00,,7.7699,7/8/23 1:54,2.16,Auction Ads,auction_all
20230807,1773530388170750 ,ID,,,1/1/00 0:00,1.1576,0.5988,7/8/23 1:52,0.54,Non-Auction Ads,Promote
20230807,1773533426995210 ,ID,ID,,1/1/00 0:00,1.988,1.14,7/8/23 1:52,1.8,Auction Ads,auction_relation
20230807,1773533026697210 ,ID,,,1/1/00 0:00,1.1051,0.4373,7/8/23 1:52,0.54,Non-Auction Ads,Promote
20230807,1773533270474750 ,US,,,1/1/00 0:00,5,4.08,7/8/23 1:53,0.54,Non-Auction Ads,Promote
20230807,1773532907214840 ,ID,,,1/1/00 0:00,3.7916,0.5198,7/8/23 1:52,0.54,Non-Auction Ads,Promote
20230807,1773533506071600 ,VN,VN,,1/1/00 0:00,2.473,5.6711,7/8/23 1:54,2.14,Auction Ads,auction_relation
20230807,1773532804226040 ,ID,,,1/1/00 0:00,1.118,0.1991,7/8/23 1:53,0.54,Non-Auction Ads,Promote
20230807,1773532383102980 ,US,,,1/1/00 0:00,9.96,4.3,7/8/23 1:54,0.54,Non-Auction Ads,Promote
20230807,1773533410724890 ,MX,MX,,1/1/00 0:00,7.33,1.7189,7/8/23 1:53,1.99,Auction Ads,auction_all
20230807,1773533415460880 ,MX,MX,,1/1/00 0:00,4.14,1.7189,7/8/23 1:53,1.99,Auction Ads,auction_all
20230807,1773528796035070 ,PH,,,1/1/00 0:00,1.4598,0.5549,7/8/23 1:53,0.54,Non-Auction Ads,Promote
20230807,1773454937065470 ,SA,,,1/1/00 0:00,1.5086,0.521,7/8/23 1:53,0.54,Non-Auction Ads,Promote
20230807,1773533432564760 ,VN,VN,,1/1/00 0:00,8.9057,1.5717,7/8/23 1:53,2.14,Auction Ads,auction_relation
20230807,1773533157085190 ,US,,,1/1/00 0:00,20.66,4,7/8/23 1:54,0.54,Non-Auction Ads,Promote
20230807,1773532715597820 ,US,,,1/1/00 0:00,5,2.5,7/8/23 1:54,0.54,Non-Auction Ads,Promote
20230807,1773529346557950 ,GB,,,1/1/00 0:00,6.158,4.6166,7/8/23 1:55,0.54,Non-Auction Ads,Promote
20230807,1773533871544350 ,MY,MY,,1/1/00 0:00,,13.6059,7/8/23 1:56,2.31,Auction Ads,auction_relation
20230807,1773532682617860 ,US,,,1/1/00 0:00,8.06,2.2619,7/8/23 1:54,0.54,Non-Auction Ads,Promote
20230807,1773533502342160 ,ID,ID,,1/1/00 0:00,9.47,4.2516,7/8/23 1:55,1.8,Auction Ads,auction_relation
20230807,1773533677736990 ,JP,JP,,1/1/00 0:00,,24.0567,7/8/23 2:00,2.16,Auction Ads,auction_all
20230807,1773534323051530 ,ID,ID,,1/1/00 0:00,3.3208,1.1164,7/8/23 1:54,1.8,Auction Ads,auction_relation
20230807,1773533618244650 ,TH,TH,,1/1/00 0:00,5.6347,2.6598,7/8/23 1:55,1.64,Auction Ads,auction_relation
20230807,1773533442272250 ,MY,,,1/1/00 0:00,0.5555,1.6635,7/8/23 1:54,1.53,RIE,Promote Report Recall
20230807,1773533725692000 ,US,USCA,,1/1/00 0:00,,9.188,7/8/23 1:56,1.78,Auction Ads,auction_relation
20230807,1773533401243650 ,US,,,1/1/00 0:00,4.9,2.8183,7/8/23 1:55,1.53,RIE,Promote Report Recall
20230807,1773526893925380 ,BR,,,1/1/00 0:00,1.4672,0.4748,7/8/23 1:55,0.54,Non-Auction Ads,Promote
20230807,1773532843482110 ,ID,,,1/1/00 0:00,0.7096,0.641,7/8/23 1:55,0.54,Non-Auction Ads,Promote
20230807,1773533413289980 ,US,,,1/1/00 0:00,3.269,9.1775,7/8/23 1:57,0.54,Non-Auction Ads,Promote
20230807,1773533113913340 ,MY,,,1/1/00 0:00,0.8849,0.6947,7/8/23 1:55,0.54,Non-Auction Ads,Promote
20230807,1773530003959810 ,NO,Others,,1/1/00 0:00,2.4223,1.4276,7/8/23 1:55,1.56,Auction Ads,auction_all
20230807,1773530003959810 ,IT,IT,,1/1/00 0:00,2.4223,1.4276,7/8/23 1:55,1.36,Auction Ads,auction_relation
20230807,1773530003959810 ,NL,NL,,1/1/00 0:00,2.4223,1.4276,7/8/23 1:55,1.19,Auction Ads,auction_relation
20230807,1773454657774590 ,SA,,,1/1/00 0:00,1.5673,1.2142,7/8/23 1:55,0.54,Non-Auction Ads,Promote
20230807,1773532951640060 ,MY,,,1/1/00 0:00,6.2592,1.488,7/8/23 1:56,0.54,Non-Auction Ads,Promote
20230807,1773533007722490 ,ID,,,1/1/00 0:00,1.0589,0.357,7/8/23 1:55,0.54,Non-Auction Ads,Promote
20230807,1773533702178810 ,DE,DE,,1/1/00 0:00,1.25,4.4123,7/8/23 1:56,1.01,Auction Ads,auction_relation
20230807,1773533569526820 ,PT,,,1/1/00 0:00,162.2205,5.518,7/8/23 1:57,0.54,Non-Auction Ads,Promote
20230807,1773533522371580 ,VN,,,1/1/00 0:00,0.0074,1.626,7/8/23 1:56,1.53,RIE,Promote Report Recall
20230807,1773534536336410 ,KW,Others,,1/1/00 0:00,10.4239,0,7/8/23 1:56,1.56,Auction Ads,auction_all
20230807,1773534536336410 ,MA,MA,,1/1/00 0:00,10.4239,0,7/8/23 1:56,1.51,Auction Ads,auction_relation
20230807,1773534536336410 ,AE,MENA,,1/1/00 0:00,10.4239,0,7/8/23 1:56,1.78,Auction Ads,auction_relation
20230807,1773533882135600 ,TH,TH,,1/1/00 0:00,11.4517,4.1074,7/8/23 1:57,1.64,Auction Ads,auction_relation
20230807,1773533496642560 ,ID,,,1/1/00 0:00,13.0031,0.4887,7/8/23 1:56,0.54,Non-Auction Ads,Promote
20230807,1773533450917880 ,TH,,,1/1/00 0:00,1.0623,0.981,7/8/23 1:56,0.54,Non-Auction Ads,Promote
20230807,1773533798023170 ,TH,TH,,1/1/00 0:00,7.3199,3.6188,7/8/23 1:57,1.64,Auction Ads,auction_relation
20230807,1773528966506490 ,PH,,,1/1/00 0:00,0.8822,0.1659,7/8/23 1:56,0.54,Non-Auction Ads,Promote
20230807,1773533623132160 ,JP,JP,,1/1/00 0:00,19.29,6.452,7/8/23 1:57,3.21,RIE,Ad Group Recall (Merged)
20230807,1773533758509100 ,ID,ID,,1/1/00 0:00,18.7919,3.6753,7/8/23 1:57,1.8,Auction Ads,auction_relation
20230807,1773533000182780 ,US,,,1/1/00 0:00,55.34,9.6818,7/8/23 1:59,0.54,Non-Auction Ads,Promote
20230807,1773532705682430 ,US,,,1/1/00 0:00,10,4.3,7/8/23 1:57,0.54,Non-Auction Ads,Promote
20230807,1773533151556610 ,US,,,1/1/00 0:00,4.9,10.12,7/8/23 2:00,0.54,Non-Auction Ads,Promote
20230807,1773533616270370 ,BH,Others,,1/1/00 0:00,1.81,0.5093,7/8/23 1:57,1.56,Auction Ads,auction_all
20230807,1773533622188060 ,SA,MENA,,1/1/00 0:00,4.09,0.5093,7/8/23 1:57,1.78,Auction Ads,auction_relation
20230807,1773533616270370 ,QA,Others,,1/1/00 0:00,1.81,0.5093,7/8/23 1:57,1.56,Auction Ads,auction_all
20230807,1773533622188060 ,QA,Others,,1/1/00 0:00,4.09,0.5093,7/8/23 1:57,1.56,Auction Ads,auction_all
20230807,1773533622188060 ,BH,Others,,1/1/00 0:00,4.09,0.5093,7/8/23 1:57,1.56,Auction Ads,auction_all
20230807,1773533470224380 ,ID,,,1/1/00 0:00,4.6541,1.2139,7/8/23 1:58,1.53,RIE,Promote Report Recall
20230807,1773516135274490 ,AE,MENA,,1/1/00 0:00,19.18,8.3333,7/8/23 2:00,1.67,RIE,Ad Group Recall (Merged)
20230807,1773533940649980 ,BR,BR,,1/1/00 0:00,7.7337,1.7864,7/8/23 1:58,1.7,RIE,Ad Group Recall (Merged)
20230807,1773534394431530 ,VN,VN,,1/1/00 0:00,10.3044,9.3014,7/8/23 2:00,2.13,RIE,Ad Group Recall (Merged)
20230807,1773451914790910 ,VN,,,1/1/00 0:00,1.7947,0.6013,7/8/23 1:58,0.54,Non-Auction Ads,Promote
20230807,1773533736763420 ,MY,MY,,1/1/00 0:00,2.4,2.2186,7/8/23 1:59,2.31,Auction Ads,auction_relation
20230807,1773533745243150 ,MY,MY,,1/1/00 0:00,1.74,2.2186,7/8/23 1:59,2.31,Auction Ads,auction_relation
20230807,1773534046263360 ,US,USCA,,1/1/00 0:00,24.95,9.188,7/8/23 2:00,1.78,Auction Ads,auction_relation
20230807,1773533801576460 ,ID,ID,,1/1/00 0:00,7.22,4.2516,7/8/23 2:00,1.8,Auction Ads,auction_relation
20230807,1773527057992710 ,BR,,,1/1/00 0:00,8.6492,0.1336,7/8/23 1:58,0.54,Non-Auction Ads,Promote
20230807,1773533278009340 ,ID,,,1/1/00 0:00,1.8928,0.1796,7/8/23 1:59,0.54,Non-Auction Ads,Promote
20230807,1773524156900360 ,SA,MENA,,1/1/00 0:00,,5.2157,7/8/23 2:00,1.78,Auction Ads,auction_relation
20230807,1773529314852860 ,PH,,,1/1/00 0:00,0.8749,0.3979,7/8/23 1:59,0.54,Non-Auction Ads,Promote
20230807,1773533381467130 ,TH,,,1/1/00 0:00,4.2115,1.0629,7/8/23 1:59,0.54,Non-Auction Ads,Promote
20230807,1773532846354430 ,GB,,,1/1/00 0:00,1.1679,8.6175,7/8/23 2:00,0.54,Non-Auction Ads,Promote
20230807,1773534409404460 ,BR,BR,,1/1/00 0:00,39.13,48.0875,7/8/23 2:08,1.99,Auction Ads,auction_all
20230807,1773533634587690 ,MY,MY,,1/1/00 0:00,82.1473,3.5438,7/8/23 2:00,2.31,Auction Ads,auction_relation
20230807,1773526818607110 ,BR,,,1/1/00 0:00,1.5085,2.4914,7/8/23 2:00,0.54,Non-Auction Ads,Promote
20230807,1773533697691640 ,PH,,,1/1/00 0:00,9.8105,0.263,7/8/23 2:00,0.54,Non-Auction Ads,Promote
20230807,1773527045723140 ,BR,,,1/1/00 0:00,1.5265,0.5466,7/8/23 2:00,0.54,Non-Auction Ads,Promote
20230807,1773533787738110 ,VN,,,1/1/00 0:00,31.1878,2.504,7/8/23 2:00,0.54,Non-Auction Ads,Promote
20230807,1773533849370650 ,MY,MY,,1/1/00 0:00,4.75,2.2186,7/8/23 2:00,2.31,Auction Ads,auction_relation
20230807,1773533857050670 ,MY,MY,,1/1/00 0:00,4.79,2.2186,7/8/23 2:00,2.31,Auction Ads,auction_relation
20230807,1773529432404990 ,PH,,,1/1/00 0:00,1.6398,0.5201,7/8/23 2:00,0.54,Non-Auction Ads,Promote
20230807,1773532888243200 ,US,,,1/1/00 0:00,10.02,4.5158,7/8/23 2:01,0.54,Non-Auction Ads,Promote
20230807,1773526247001090 ,MY,MY,,1/1/00 0:00,3.2867,1.7724,7/8/23 2:00,2.31,Auction Ads,auction_relation
20230807,1773519799126030 ,AE,MENA,,1/1/00 0:00,17.35,1.627,7/8/23 2:00,1.78,Auction Ads,auction_relation
20230807,1773533956934670 ,BR,BR,,1/1/00 0:00,27.85,6.2891,7/8/23 2:01,1.99,Auction Ads,auction_all
20230807,1773533956784200 ,VN,VN,,1/1/00 0:00,15.0783,6.2047,7/8/23 2:01,2.13,RIE,Ad Group Recall (Merged)
20230807,1773530125786130 ,CA,USCA,,1/1/00 0:00,5.3085,4.1156,7/8/23 2:01,1.78,Auction Ads,auction_relation
20230807,1773533920843810 ,ID,ID,,1/1/00 0:00,12.07,4.2516,7/8/23 2:01,1.8,Auction Ads,auction_relation
20230807,1773533268788220 ,TH,,,1/1/00 0:00,1.6571,0.7584,7/8/23 2:00,0.54,Non-Auction Ads,Promote
20230807,1773533813556220 ,ID,,,1/1/00 0:00,10.315,0.8715,7/8/23 2:00,0.54,Non-Auction Ads,Promote
20230807,1773530449924130 ,KW,Others,,1/1/00 0:00,5.41,7.372,7/8/23 2:02,1.56,Auction Ads,auction_all
20230807,1773530455049240 ,KW,Others,,1/1/00 0:00,4.58,7.372,7/8/23 2:02,1.56,Auction Ads,auction_all
20230807,1773533524737020 ,TH,,,1/1/00 0:00,1.3582,1.1548,7/8/23 2:01,0.54,Non-Auction Ads,Promote
20230807,1773533936938060 ,TW,TW,,1/1/00 0:00,1.11,3.0106,7/8/23 2:01,0.95,Auction Ads,auction_relation
20230807,1773535218884650 ,BR,BR,,1/1/00 0:00,,87.14,7/8/23 2:17,1.99,Auction Ads,auction_all
20230807,1773533575386110 ,ID,,,1/1/00 0:00,0.6715,0.3284,7/8/23 2:01,0.54,Non-Auction Ads,Promote
20230807,1773533928918010 ,MY,,,1/1/00 0:00,39.0563,5.7362,7/8/23 2:02,0.54,Non-Auction Ads,Promote
20230807,1773533891784700 ,PT,,,1/1/00 0:00,3.7653,3.471,7/8/23 2:02,1.53,RIE,Promote Report Recall
20230807,1773534008633340 ,TW,TW,,1/1/00 0:00,,2.147,7/8/23 2:02,0.95,Auction Ads,auction_relation
20230807,1773534008633340 ,TW,TW,,1/1/00 0:00,,2.147,7/8/23 2:02,0.95,Auction Ads,auction_relation
20230807,1773534373947390 ,KR,KR,,1/1/00 0:00,,36.6291,7/8/23 2:09,2.37,Auction Ads,auction_relation
20230807,1773534011252730 ,ID,ID,,1/1/00 0:00,4.54,4.2516,7/8/23 2:03,1.8,Auction Ads,auction_relation
20230807,1773279241198620 ,TH,TH,,1/1/00 0:00,1.25,0.3555,7/8/23 2:02,1.87,RIE,Ad Group Recall (Merged)
20230807,1773533611305980 ,ID,,,1/1/00 0:00,0.901,0.3058,7/8/23 2:02,0.54,Non-Auction Ads,Promote
20230807,1773530601295870 ,GB,GB,,1/1/00 0:00,5.8686,8.376,7/8/23 2:03,1.76,Auction Ads,auction_relation
20230807,1773530553450530 ,GB,GB,,1/1/00 0:00,54.8928,8.376,7/8/23 2:03,1.76,Auction Ads,auction_relation
20230807,1773533077380100 ,US,,,1/1/00 0:00,7.27,5.4187,7/8/23 2:03,0.54,Non-Auction Ads,Promote
20230807,1773533026283520 ,US,,,1/1/00 0:00,9.83,3.6364,7/8/23 2:03,0.54,Non-Auction Ads,Promote
20230807,1773519748074540 ,BR,,,1/1/00 0:00,1.5042,0.5006,7/8/23 2:02,0.54,Non-Auction Ads,Promote
20230807,1773530342020130 ,US,,,1/1/00 0:00,1.51,1.6464,7/8/23 2:02,0.54,Non-Auction Ads,Promote
20230807,1773534319122440 ,MX,MX,,1/1/00 0:00,43.0765,23.0961,7/8/23 2:06,1.99,Auction Ads,auction_all
20230807,1773533732723710 ,TH,,,1/1/00 0:00,4.1658,0.531,7/8/23 2:02,0.54,Non-Auction Ads,Promote
20230807,1773533804065790 ,ID,,,1/1/00 0:00,2.0353,0.333,7/8/23 2:02,0.54,Non-Auction Ads,Promote
20230807,1773533949791230 ,US,,,1/1/00 0:00,4.94,1.6918,7/8/23 2:03,1.53,RIE,Promote Report Recall
20230807,1773533910310910 ,BR,,,1/1/00 0:00,19.7704,3.2967,7/8/23 2:03,0.54,Non-Auction Ads,Promote
20230807,1773533924738050 ,TH,,,1/1/00 0:00,13.03,2.5115,7/8/23 2:03,1.53,RIE,Promote Report Recall
20230807,1773531854615550 ,DE,,,1/1/00 0:00,11.0061,8.6327,7/8/23 2:04,0.54,Non-Auction Ads,Promote
20230807,1773533875828740 ,CA,,,1/1/00 0:00,0.0972,2.7306,7/8/23 2:03,0.54,Non-Auction Ads,Promote
20230807,1773534219745280 ,MY,MY,,1/1/00 0:00,6.5874,12.1315,7/8/23 2:05,2.31,Auction Ads,auction_relation
20230807,1773534207831050 ,MY,MY,,1/1/00 0:00,6.7934,12.1315,7/8/23 2:05,2.31,Auction Ads,auction_relation
20230807,1773534226479130 ,MY,MY,,1/1/00 0:00,7.7818,12.1315,7/8/23 2:05,2.31,Auction Ads,auction_relation
20230807,1773534205168650 ,MY,MY,,1/1/00 0:00,7.2089,12.1315,7/8/23 2:05,2.31,Auction Ads,auction_relation
20230807,1773534207965230 ,MY,MY,,1/1/00 0:00,11.9379,12.1315,7/8/23 2:05,2.31,Auction Ads,auction_relation
20230807,1773534225553440 ,MY,MY,,1/1/00 0:00,7.0747,12.1315,7/8/23 2:05,2.31,Auction Ads,auction_relation
20230807,1773534206010400 ,MY,MY,,1/1/00 0:00,5.5028,12.1315,7/8/23 2:05,2.31,Auction Ads,auction_relation
20230807,1773534207851520 ,MY,MY,,1/1/00 0:00,6.2586,12.1315,7/8/23 2:05,2.31,Auction Ads,auction_relation
20230807,1773534218766330 ,MY,MY,,1/1/00 0:00,5.9127,12.1315,7/8/23 2:05,2.31,Auction Ads,auction_relation
20230807,1773452582610940 ,VN,,,1/1/00 0:00,0.791,0.2658,7/8/23 2:03,0.54,Non-Auction Ads,Promote
20230807,1773535007141880 ,ID,ID,,1/1/00 0:00,1.1757,4.0367,7/8/23 2:03,1.8,Auction Ads,auction_relation
20230807,1773533815785470 ,TH,,,1/1/00 0:00,15.22,1.7802,7/8/23 2:03,1.53,RIE,Promote Report Recall
20230807,1773535334003740 ,NZ,NZ,,1/1/00 0:00,477.38,94.395,7/8/23 2:21,1.58,Auction Ads,auction_relation
20230807,1773535334003740 ,GB,GB,,1/1/00 0:00,477.38,94.395,7/8/23 2:21,1.76,Auction Ads,auction_relation
20230807,1773535334003740 ,AU,AU,,1/1/00 0:00,477.38,94.395,7/8/23 2:21,1.84,Auction Ads,auction_relation
20230807,1773533562145790 ,ID,,,1/1/00 0:00,0.911,0.3532,7/8/23 2:03,0.54,Non-Auction Ads,Promote
20230807,1773534057910300 ,TH,TH,,1/1/00 0:00,0.49,2.2186,7/8/23 2:04,1.64,Auction Ads,auction_relation
20230807,1773534054862860 ,TH,TH,,1/1/00 0:00,0.43,2.2186,7/8/23 2:04,1.64,Auction Ads,auction_relation
20230807,1773533840372730 ,KH,,,1/1/00 0:00,0.9805,0.2869,7/8/23 2:04,0.54,Non-Auction Ads,Promote
20230807,1773534024598570 ,CA,USCA,,1/1/00 0:00,12.56,0.4513,7/8/23 2:04,1.78,Auction Ads,auction_relation
20230807,1773534151009310 ,VN,VN,,1/1/00 0:00,2.7143,0.6569,7/8/23 2:04,2.14,Auction Ads,auction_relation
20230807,1773534158015520 ,ID,ID,,1/1/00 0:00,,0.587,7/8/23 2:04,1.8,Auction Ads,auction_relation
20230807,1773534151605290 ,ID,ID,,1/1/00 0:00,,0.587,7/8/23 2:04,1.8,Auction Ads,auction_relation
20230807,1773534152536080 ,ID,ID,,1/1/00 0:00,,0.587,7/8/23 2:04,1.8,Auction Ads,auction_relation
20230807,1773533954940920 ,SA,,,1/1/00 0:00,5.6645,6.4095,7/8/23 2:05,1.53,RIE,Promote Report Recall
20230807,1773534138975280 ,TH,TH,,1/1/00 0:00,0,0.2508,7/8/23 2:04,1.64,Auction Ads,auction_relation
20230807,1773535079130110 ,JP,JP,,1/1/00 0:00,,78.0682,7/8/23 2:19,2.16,Auction Ads,auction_all
20230807,1773568348935160 ,HU,Others,,1/1/00 0:00,0.5171,13.0083,7/8/23 2:06,1.56,Auction Ads,auction_all
20230807,1773534313795610 ,MY,MY,,1/1/00 0:00,3.5983,10.2155,7/8/23 2:06,2.31,Auction Ads,auction_relation
20230807,1773534961852460 ,TH,TH,,1/1/00 0:00,4.7581,2.383,7/8/23 2:05,1.64,Auction Ads,auction_relation
20230807,1773534187281400 ,GB,GB,,1/1/00 0:00,0.83,6.0787,7/8/23 2:05,1.76,Auction Ads,auction_relation
20230807,1773527260647490 ,BR,,,1/1/00 0:00,3.1111,2.1363,7/8/23 2:05,0.54,Non-Auction Ads,Promote
20230807,1773534016070660 ,US,,,1/1/00 0:00,19.87,4.4444,7/8/23 2:05,0.54,Non-Auction Ads,Promote
20230807,1773533939746820 ,US,,,1/1/00 0:00,42.62,4.1462,7/8/23 2:05,0.54,Non-Auction Ads,Promote
20230807,1773535047890940 ,ID,ID,,1/1/00 0:00,,1.14,7/8/23 2:05,1.8,Auction Ads,auction_relation
20230807,1773535220066320 ,ID,ID,,1/1/00 0:00,12.6723,5.237,7/8/23 2:06,1.8,Auction Ads,auction_relation
20230807,1773527505422340 ,BR,,,1/1/00 0:00,1.4635,2.4914,7/8/23 2:05,0.54,Non-Auction Ads,Promote
20230807,1773533650194430 ,ID,,,1/1/00 0:00,3.9572,0,7/8/23 2:05,0.54,Non-Auction Ads,Promote
20230807,1773535207974940 ,JP,JP,,1/1/00 0:00,,78.0682,7/8/23 2:21,2.16,Auction Ads,auction_all
20230807,1773533107028990 ,US,,,1/1/00 0:00,3.84,0,7/8/23 2:05,0.54,Non-Auction Ads,Promote
20230807,1773529783668730 ,PH,,,1/1/00 0:00,0.3979,0.2267,7/8/23 2:05,0.54,Non-Auction Ads,Promote
20230807,1773534245057550 ,ID,ID,,1/1/00 0:00,6.12,4.2516,7/8/23 2:06,1.8,Auction Ads,auction_relation
20230807,1773534656574490 ,VN,VN,,1/1/00 0:00,,6.2548,7/8/23 2:06,2.14,Auction Ads,auction_relation
20230807,1773533860953090 ,KH,,,1/1/00 0:00,0.9693,0.3122,7/8/23 2:06,0.54,Non-Auction Ads,Promote
20230807,1773539811180560 ,MY,MY,,1/1/00 0:00,6.3535,1.322,7/8/23 2:06,2.31,Auction Ads,auction_relation
20230807,1773539811180560 ,MY,MY,,1/1/00 0:00,6.3535,1.322,7/8/23 2:06,2.31,Auction Ads,auction_relation
20230807,1773539811180560 ,MY,MY,,1/1/00 0:00,6.3535,1.322,7/8/23 2:06,2.31,Auction Ads,auction_relation
20230807,1773534007555090 ,BR,,,1/1/00 0:00,17.7435,2.279,7/8/23 2:06,0.54,Non-Auction Ads,Promote
20230807,1773534228397100 ,VN,VN,,1/1/00 0:00,0.03,3.0369,7/8/23 2:06,2.14,Auction Ads,auction_relation
20230807,1773534850756600 ,ID,ID,,1/1/00 0:00,,6.9894,7/8/23 2:08,1.8,Auction Ads,auction_relation
20230807,1773527646252030 ,BR,,,1/1/00 0:00,1.4283,0.5051,7/8/23 2:06,0.54,Non-Auction Ads,Promote
20230807,1773452706798590 ,VN,,,1/1/00 0:00,0.9227,0.3274,7/8/23 2:06,0.54,Non-Auction Ads,Promote
20230807,1773534239412250 ,VN,VN,,1/1/00 0:00,0.02,3.0369,7/8/23 2:07,2.14,Auction Ads,auction_relation
20230807,1773534339961870 ,KR,KR,,1/1/00 0:00,12.0578,2.1048,7/8/23 2:06,2.37,Auction Ads,auction_relation
20230807,1773534423453710 ,ID,ID,,1/1/00 0:00,10.5808,3.2219,7/8/23 2:07,1.8,Auction Ads,auction_relation
20230807,1773534217239550 ,FR,,,1/1/00 0:00,87.1067,6.3206,7/8/23 2:08,0.54,Non-Auction Ads,Promote
20230807,1773452574108670 ,VN,,,1/1/00 0:00,1.6567,0.8403,7/8/23 2:06,0.54,Non-Auction Ads,Promote
20230807,1773533757671420 ,TH,,,1/1/00 0:00,1.0427,0.4707,7/8/23 2:06,0.54,Non-Auction Ads,Promote
20230807,1773534025521150 ,PT,,,1/1/00 0:00,1.6295,1.1386,7/8/23 2:07,1.53,RIE,Promote Report Recall
20230807,1773534366322690 ,ID,ID,,1/1/00 0:00,,4.2516,7/8/23 2:08,1.8,Auction Ads,auction_relation
20230807,1773534577968140 ,TR,TR,,1/1/00 0:00,29.63,20.2346,7/8/23 2:11,1.63,RIE,Ad Group Recall (Merged)
20230807,1773535214273540 ,US,,,1/1/00 0:00,414.89,84.0415,7/8/23 2:24,0.54,Non-Auction Ads,Promote
20230807,1773533933096960 ,US,,,1/1/00 0:00,89.94,18.2625,7/8/23 2:11,0.54,Non-Auction Ads,Promote
20230807,1773527469149190 ,BR,,,1/1/00 0:00,2.6714,2.0331,7/8/23 2:08,0.54,Non-Auction Ads,Promote
20230807,1773535363725310 ,MY,MY,,1/1/00 0:00,4.5322,2.9096,7/8/23 2:08,2.31,Auction Ads,auction_relation
20230807,1773534039355390 ,TH,,,1/1/00 0:00,4.8283,0.3806,7/8/23 2:08,0.54,Non-Auction Ads,Promote
20230807,1773534341482490 ,SA,,,1/1/00 0:00,5.9255,6.4095,7/8/23 2:09,1.53,RIE,Promote Report Recall
20230807,1773534220838910 ,KW,Other,,1/1/00 0:00,1.37,2.5689,7/8/23 2:08,1.62,RIE,Ad Group Recall (Merged)
20230807,1773534220838910 ,KW,Other,,1/1/00 0:00,1.37,2.5689,7/8/23 2:08,1.62,RIE,Ad Group Recall (Merged)
20230807,1773534508896250 ,ID,ID,,1/1/00 0:00,,3.6753,7/8/23 2:09,1.8,Auction Ads,auction_relation
20230807,1773535183428620 ,BR,BR,,1/1/00 0:00,28.35,47.3915,7/8/23 2:16,1.99,Auction Ads,auction_all
20230807,1773534488935440 ,ID,ID,,1/1/00 0:00,,4.5426,7/8/23 2:09,1.8,Auction Ads,auction_relation
20230807,1773534365338640 ,GR,Other,,1/1/00 0:00,,4.8944,7/8/23 2:09,1.62,RIE,Ad Group Recall (Merged)
20230807,1773533460620290 ,US,,,1/1/00 0:00,13.95,5.3333,7/8/23 2:09,0.54,Non-Auction Ads,Promote
20230807,1773534346423310 ,GB,GB,,1/1/00 0:00,10.15,3.1464,7/8/23 2:09,1.76,Auction Ads,auction_relation
20230807,1773533875263490 ,US,,,1/1/00 0:00,9.64,2.5,7/8/23 2:09,0.54,Non-Auction Ads,Promote
20230807,1773535096849420 ,ID,ID,,1/1/00 0:00,,0,7/8/23 2:08,1.8,Auction Ads,auction_relation
20230807,1773535832392720 ,MY,MY,,1/1/00 0:00,89.77,62.2852,7/8/23 2:20,2.31,Auction Ads,auction_relation
20230807,1773534458408970 ,ID,ID,,1/1/00 0:00,,4.2516,7/8/23 2:09,1.8,Auction Ads,auction_relation
20230807,1773534219032610 ,PT,,,1/1/00 0:00,1.6294,1.1386,7/8/23 2:09,1.53,RIE,Promote Report Recall
20230807,1773534366375930 ,VN,,,1/1/00 0:00,8.9572,1.418,7/8/23 2:09,1.53,RIE,Promote Report Recall
20230807,1773533512857600 ,US,,,1/1/00 0:00,5.59,3.8925,7/8/23 2:10,0.54,Non-Auction Ads,Promote
20230807,1773535062133770 ,TH,TH,,1/1/00 0:00,3.8663,2.9546,7/8/23 2:10,1.64,Auction Ads,auction_relation
20230807,1773534164400120 ,KH,,,1/1/00 0:00,0.4694,0.4717,7/8/23 2:09,0.54,Non-Auction Ads,Promote
20230807,1773534293447680 ,ID,,,1/1/00 0:00,10.5293,0.9679,7/8/23 2:10,0.54,Non-Auction Ads,Promote
20230807,1773534524853240 ,US,US&CA,,1/1/00 0:00,9.06,0,7/8/23 2:09,1.81,RIE,Ad Group Recall (Merged)
20230807,1773534524853240 ,CA,US&CA,,1/1/00 0:00,9.06,0,7/8/23 2:09,1.81,RIE,Ad Group Recall (Merged)
20230807,1773534878892080 ,BR,BR,,1/1/00 0:00,,40.5333,7/8/23 2:16,1.99,Auction Ads,auction_all
20230807,1773534445170690 ,BR,,,1/1/00 0:00,2.327,1.297,7/8/23 2:11,1.53,RIE,Promote Report Recall
20230807,1773534368731150 ,US,,,1/1/00 0:00,9.08,2.6421,7/8/23 2:11,0.54,Non-Auction Ads,Promote
20230807,1773534523897860 ,US,,,1/1/00 0:00,101.21,15.2396,7/8/23 2:13,1.53,RIE,Promote Report Recall
20230807,1773534569137170 ,VN,VN,,1/1/00 0:00,,1.0804,7/8/23 2:11,2.13,RIE,Ad Group Recall (Merged)
20230807,1773533830717440 ,ID,,,1/1/00 0:00,0.9185,0.2223,7/8/23 2:11,0.54,Non-Auction Ads,Promote
20230807,1773534347216900 ,US,,,1/1/00 0:00,2.35,0.5,7/8/23 2:11,0.54,Non-Auction Ads,Promote
20230807,1773534467136510 ,US,,,1/1/00 0:00,0.7181,4.2008,7/8/23 2:11,1.53,RIE,Promote Report Recall
20230807,1773534683424760 ,SG,SG,,1/1/00 0:00,,2.1057,7/8/23 2:11,1.94,Auction Ads,auction_relation
20230807,1773534539608060 ,CZ,Other,,1/1/00 0:00,2.04,2.1223,7/8/23 2:11,1.62,RIE,Ad Group Recall (Merged)
20230807,1773533679173630 ,ID,,,1/1/00 0:00,0.8843,0.4409,7/8/23 2:11,0.54,Non-Auction Ads,Promote
20230807,1773535135278130 ,SA,MENA,,1/1/00 0:00,0.086,13.4721,7/8/23 2:13,1.78,Auction Ads,auction_relation
20230807,1773527958255620 ,BR,,,1/1/00 0:00,1.5495,0.1839,7/8/23 2:11,0.54,Non-Auction Ads,Promote
20230807,1773524602067970 ,BR,,,1/1/00 0:00,1.4485,0.4692,7/8/23 2:11,0.54,Non-Auction Ads,Promote
20230807,1773534321165310 ,US,,,1/1/00 0:00,4.46,1.3825,7/8/23 2:11,0.54,Non-Auction Ads,Promote
20230807,1773535195064320 ,SA,MENA,,1/1/00 0:00,3.7854,3.3238,7/8/23 2:12,1.78,Auction Ads,auction_relation
20230807,1773535484975100 ,US,,,1/1/00 0:00,410.01,84.0415,7/8/23 2:27,0.54,Non-Auction Ads,Promote
20230807,1773534063446010 ,ID,,,1/1/00 0:00,3.8487,0.7254,7/8/23 2:11,0.54,Non-Auction Ads,Promote
20230807,1773528047622140 ,BR,,,1/1/00 0:00,1.6256,0.2347,7/8/23 2:11,0.54,Non-Auction Ads,Promote
20230807,1773528096363540 ,BR,,,1/1/00 0:00,,1.4844,7/8/23 2:12,0.54,Non-Auction Ads,Promote
20230807,1773528096363540 ,BR,,,1/1/00 0:00,,1.4844,7/8/23 2:12,0.54,Non-Auction Ads,Promote
20230807,1773534885065770 ,VN,VN,,1/1/00 0:00,0.14,0.5977,7/8/23 2:12,2.14,Auction Ads,auction_relation
20230807,1773534393878530 ,BR,,,1/1/00 0:00,1.8283,0.8954,7/8/23 2:12,1.53,RIE,Promote Report Recall
20230807,1773534569637880 ,VN,,,1/1/00 0:00,1.5131,4.8247,7/8/23 2:12,1.53,RIE,Promote Report Recall
20230807,1773534468407340 ,BR,BR,,1/1/00 0:00,0.02,0.9528,7/8/23 2:12,1.99,Auction Ads,auction_all
20230807,1773534485700600 ,VN,,,1/1/00 0:00,0.9118,0.0691,7/8/23 2:12,1.53,RIE,Promote Report Recall
20230807,1773534687840270 ,VN,VN,,1/1/00 0:00,2.5734,1.3787,7/8/23 2:12,2.14,Auction Ads,auction_relation
20230807,1773534468415500 ,BR,BR,,1/1/00 0:00,0,0.9528,7/8/23 2:12,1.99,Auction Ads,auction_all
20230807,1773534678052860 ,ID,ID,,1/1/00 0:00,18.59,4.2516,7/8/23 2:12,1.8,Auction Ads,auction_relation
20230807,1773535777307680 ,TH,TH,,1/1/00 0:00,9.8107,5.4567,7/8/23 2:13,1.64,Auction Ads,auction_relation
20230807,1773534165288960 ,ID,,,1/1/00 0:00,2.1388,0.3807,7/8/23 2:12,0.54,Non-Auction Ads,Promote
20230807,1773534874560540 ,PL,PL,,1/1/00 0:00,3.38,2.2968,7/8/23 2:12,1.64,Auction Ads,auction_relation
20230807,1773534874560540 ,GB,GB,,1/1/00 0:00,3.38,2.2968,7/8/23 2:12,1.76,Auction Ads,auction_relation
20230807,1773534874560540 ,IE,IE,,1/1/00 0:00,3.38,2.2968,7/8/23 2:12,1.52,Auction Ads,auction_relation
20230807,1773534874560540 ,SE,SE,,1/1/00 0:00,3.38,2.2968,7/8/23 2:12,1.4,Auction Ads,auction_relation
20230807,1773534874560540 ,DK,DK,,1/1/00 0:00,3.38,2.2968,7/8/23 2:12,1.31,Auction Ads,auction_relation
20230807,1773534564526080 ,US,,,1/1/00 0:00,9.4,3.4716,7/8/23 2:13,0.54,Non-Auction Ads,Promote
20230807,1773527350141950 ,BR,,,1/1/00 0:00,1.5411,0.6196,7/8/23 2:13,0.54,Non-Auction Ads,Promote
20230807,1773534661012490 ,VN,VN,,1/1/00 0:00,,1.0804,7/8/23 2:13,2.13,RIE,Ad Group Recall (Merged)
20230807,1773455917470720 ,SA,,,1/1/00 0:00,3.2387,1.2142,7/8/23 2:13,0.54,Non-Auction Ads,Promote
20230807,1773534692730890 ,VN,VN,,1/1/00 0:00,9.9964,9.3014,7/8/23 2:14,2.13,RIE,Ad Group Recall (Merged)
20230807,1773535559468080 ,BR,BR,,1/1/00 0:00,187.21,45.3494,7/8/23 2:23,1.99,Auction Ads,auction_all
20230807,1773537731444760 ,JP,JP,,1/1/00 0:00,194.15,284.1525,7/8/23 3:00,2.16,Auction Ads,auction_all
20230807,1773365473506300 ,SA,,,1/1/00 0:00,1.4636,0.4,7/8/23 2:14,0.54,Non-Auction Ads,Promote
20230807,1773534957734960 ,PH,PH,,1/1/00 0:00,32.25,19.1744,7/8/23 2:18,2.46,Auction Ads,auction_relation
20230807,1773534882770990 ,KW,Others,,1/1/00 0:00,5.3339,4.8319,7/8/23 2:15,1.56,Auction Ads,auction_all
20230807,1773534882770990 ,AE,MENA,,1/1/00 0:00,5.3339,4.8319,7/8/23 2:15,1.78,Auction Ads,auction_relation
20230807,1773534632020990 ,MY,,,1/1/00 0:00,27.3047,0.4845,7/8/23 2:14,1.53,RIE,Promote Report Recall
20230807,1773534604854270 ,ID,,,1/1/00 0:00,10.3027,9.984,7/8/23 2:16,0.54,Non-Auction Ads,Promote
20230807,1773534776573980 ,KH,KH,,1/1/00 0:00,5.4002,0.9498,7/8/23 2:14,1.5,Auction Ads,auction_relation
20230807,1773533799895040 ,KH,,,1/1/00 0:00,7.5113,0.6929,7/8/23 2:14,0.54,Non-Auction Ads,Promote
20230807,1773534444023800 ,ID,,,1/1/00 0:00,1.8296,0.3501,7/8/23 2:14,0.54,Non-Auction Ads,Promote
20230807,1773534478745600 ,BR,,,1/1/00 0:00,6.8639,0.6184,7/8/23 2:15,1.53,RIE,Promote Report Recall
20230807,1773535012626430 ,ID,ID,,1/1/00 0:00,13.4688,7.3242,7/8/23 2:15,1.8,Auction Ads,auction_relation
20230807,1773534438453250 ,US,,,1/1/00 0:00,4.41,1.17,7/8/23 2:15,1.53,RIE,Promote Report Recall
20230807,1773534438453250 ,US,,,1/1/00 0:00,4.41,1.17,7/8/23 2:15,0.54,Non-Auction Ads,Promote
20230807,1773535191133230 ,ID,ID,,1/1/00 0:00,,20.8032,7/8/23 2:19,1.8,Auction Ads,auction_relation
20230807,1773534866226170 ,VN,VN,,1/1/00 0:00,6.1384,0.5753,7/8/23 2:15,2.14,Auction Ads,auction_relation
20230807,1773534887161930 ,PH,PH,,1/1/00 0:00,47.86,3.9112,7/8/23 2:15,2.46,Auction Ads,auction_relation
20230807,1773534889687050 ,PH,PH,,1/1/00 0:00,6.05,3.9112,7/8/23 2:15,2.46,Auction Ads,auction_relation
20230807,1773534568821760 ,BR,,,1/1/00 0:00,5.3639,0.8522,7/8/23 2:15,1.53,RIE,Promote Report Recall
20230807,1773534528713720 ,TH,,,1/1/00 0:00,1.426,0,7/8/23 2:15,0.54,Non-Auction Ads,Promote
20230807,1773535801855010 ,VN,VN,,1/1/00 0:00,,1.7421,7/8/23 2:15,2.14,Auction Ads,auction_relation
20230807,1773531064721440 ,GB,GB,,1/1/00 0:00,14.76,1.0958,7/8/23 2:15,1.76,Auction Ads,auction_relation
20230807,1773531064721440 ,HU,Other,,1/1/00 0:00,14.76,1.0958,7/8/23 2:15,1.62,RIE,Ad Group Recall (Merged)
20230807,1773531064721440 ,AU,AU,,1/1/00 0:00,14.76,1.0958,7/8/23 2:15,1.84,Auction Ads,auction_relation
20230807,1773531064721440 ,AU,AU,,1/1/00 0:00,14.76,1.0958,7/8/23 2:15,1.84,Auction Ads,auction_relation
20230807,1773535078492160 ,MY,MY,,1/1/00 0:00,20.26,3.8859,7/8/23 2:16,2.3,RIE,Ad Group Recall (Merged)
20230807,1773534874570750 ,PH,Other,,1/1/00 0:00,18.44,7.529,7/8/23 2:16,1.62,RIE,Ad Group Recall (Merged)
20230807,1773534795816960 ,SA,,,1/1/00 0:00,37.4912,4.9421,7/8/23 2:16,0.54,Non-Auction Ads,Promote
20230807,1773534721580030 ,SA,,,1/1/00 0:00,25.1735,3.7269,7/8/23 2:16,0.54,Non-Auction Ads,Promote
20230807,1773456912843770 ,SA,,,1/1/00 0:00,34.7696,4.3932,7/8/23 2:16,0.54,Non-Auction Ads,Promote
20230807,1773528171141120 ,BR,,,1/1/00 0:00,1.5556,0.6197,7/8/23 2:16,0.54,Non-Auction Ads,Promote
20230807,1773552622918750 ,ID,ID,,1/1/00 0:00,14.942,6.2023,7/8/23 2:16,1.8,Auction Ads,auction_relation
20230807,1773534852738040 ,SA,,,1/1/00 0:00,64.6346,8.3272,7/8/23 2:18,0.54,Non-Auction Ads,Promote
20230807,1773534681982970 ,TH,,,1/1/00 0:00,1.5039,1.1892,7/8/23 2:16,0.54,Non-Auction Ads,Promote
20230807,1773535021145100 ,MY,MY,,1/1/00 0:00,1.31,0.4643,7/8/23 2:16,2.31,Auction Ads,auction_relation
20230807,1773535054046200 ,VN,VN,,1/1/00 0:00,,1.4033,7/8/23 2:16,2.14,Auction Ads,auction_relation
20230807,1773535973579770 ,MY,MY,,1/1/00 0:00,59.67,51.2434,7/8/23 2:27,2.31,Auction Ads,auction_relation
20230807,1773534615859200 ,TH,,,1/1/00 0:00,1.0356,0.4047,7/8/23 2:16,0.54,Non-Auction Ads,Promote
20230807,1773456284790780 ,SA,,,1/1/00 0:00,1.5915,1.2142,7/8/23 2:16,0.54,Non-Auction Ads,Promote
20230807,1773528710208510 ,BR,,,1/1/00 0:00,1.4856,3.2228,7/8/23 2:17,0.54,Non-Auction Ads,Promote
20230807,1773534888741920 ,JP,JP,,1/1/00 0:00,,2.6946,7/8/23 2:17,2.16,Auction Ads,auction_all
20230807,1773528545502210 ,BR,,,1/1/00 0:00,3.0715,0.555,7/8/23 2:17,0.54,Non-Auction Ads,Promote
20230807,1773528791650300 ,BR,,,1/1/00 0:00,3.0535,1.6216,7/8/23 2:18,1.53,RIE,Promote Report Recall
20230807,1773528791650300 ,BR,,,1/1/00 0:00,3.0535,1.6216,7/8/23 2:18,0.54,Non-Auction Ads,Promote
20230807,1773535020461070 ,TH,TH,,1/1/00 0:00,9.6201,6.8995,7/8/23 2:19,1.64,Auction Ads,auction_relation
20230807,1773534729739270 ,QA,,,1/1/00 0:00,26.8863,1.8688,7/8/23 2:18,0.54,Non-Auction Ads,Promote
20230807,1773534541614080 ,TH,,,1/1/00 0:00,8.2682,1.0814,7/8/23 2:18,0.54,Non-Auction Ads,Promote
20230807,1773534909209600 ,US,,,1/1/00 0:00,9.24,3.3333,7/8/23 2:19,1.53,RIE,Promote Report Recall
20230807,1773534703604730 ,SA,,,1/1/00 0:00,22.3856,3.9382,7/8/23 2:19,0.54,Non-Auction Ads,Promote
20230807,1773533335909370 ,JP,,,1/1/00 0:00,1.953,0.8354,7/8/23 2:18,0.54,Non-Auction Ads,Promote
20230807,1773534883876860 ,BR,,,1/1/00 0:00,0.2669,0.863,7/8/23 2:19,1.53,RIE,Promote Report Recall
20230807,1773537798178830 ,JP,JP,,1/1/00 0:00,141.73,284.1525,7/8/23 3:04,2.16,Auction Ads,auction_all
20230807,1773527214327810 ,BR,,,1/1/00 0:00,3.1235,0,7/8/23 2:19,0.54,Non-Auction Ads,Promote
20230807,1773533610737730 ,JP,,,1/1/00 0:00,3.2361,1.0125,7/8/23 2:19,0.54,Non-Auction Ads,Promote
20230807,1773535063510020 ,US,,,1/1/00 0:00,139.29,10.2606,7/8/23 2:21,0.54,Non-Auction Ads,Promote
20230807,1773535092551690 ,BR,BR,,1/1/00 0:00,3.342,4.3447,7/8/23 2:20,1.99,Auction Ads,auction_all
20230807,1773535194621950 ,VN,VN,,1/1/00 0:00,27.852,6.4386,7/8/23 2:21,2.14,Auction Ads,auction_relation
20230807,1773535194621950 ,VN,VN,,1/1/00 0:00,27.852,6.4386,7/8/23 2:21,2.14,Auction Ads,auction_relation
20230807,1773534985601020 ,PH,,,1/1/00 0:00,0.6812,0.2702,7/8/23 2:19,1.53,RIE,Promote Report Recall
20230807,1773534971501570 ,VN,,,1/1/00 0:00,13.0342,1.5757,7/8/23 2:20,1.53,RIE,Promote Report Recall
20230807,1773534672610300 ,TH,,,1/1/00 0:00,4.5606,0.203,7/8/23 2:19,0.54,Non-Auction Ads,Promote
20230807,1773535024019450 ,KR,,,1/1/00 0:00,3.2817,0.5879,7/8/23 2:20,1.53,RIE,Promote Report Recall
20230807,1773528685469700 ,BR,,,1/1/00 0:00,2.9753,0,7/8/23 2:20,0.54,Non-Auction Ads,Promote
20230807,1773535129361440 ,MY,MY,,1/1/00 0:00,0.81,0.4643,7/8/23 2:20,2.31,Auction Ads,auction_relation
20230807,1773535136296960 ,MY,MY,,1/1/00 0:00,1.35,0.4643,7/8/23 2:20,2.31,Auction Ads,auction_relation
20230807,1773535322146860 ,ID,ID,,1/1/00 0:00,,1.1262,7/8/23 2:20,1.8,Auction Ads,auction_relation
20230807,1773535055063040 ,EG,,,1/1/00 0:00,1.5964,0.43,7/8/23 2:20,1.53,RIE,Promote Report Recall
20230807,1773536492648480 ,AU,AU,,1/1/00 0:00,383.16,94.395,7/8/23 2:39,1.84,Auction Ads,auction_relation
20230807,1773536492648480 ,GB,GB,,1/1/00 0:00,383.16,94.395,7/8/23 2:39,1.76,Auction Ads,auction_relation
20230807,1773535110388730 ,IL,,,1/1/00 0:00,20.0805,0.9055,7/8/23 2:21,0.54,Non-Auction Ads,Promote
20230807,1773536626093050 ,TH,TH,,1/1/00 0:00,87.69,10.1454,7/8/23 2:23,1.64,Auction Ads,auction_relation
20230807,1773535116534830 ,KH,KH,,1/1/00 0:00,7.1247,1.0791,7/8/23 2:21,1.5,Auction Ads,auction_relation
20230807,1773535244803120 ,ID,ID,,1/1/00 0:00,,1.14,7/8/23 2:21,1.8,Auction Ads,auction_relation
20230807,1773535458778120 ,US,USCA,,1/1/00 0:00,,2.8781,7/8/23 2:22,1.78,Auction Ads,auction_relation
20230807,1773529012509700 ,BR,,,1/1/00 0:00,1.4347,0.9624,7/8/23 2:22,0.54,Non-Auction Ads,Promote
20230807,1773528714378240 ,BR,,,1/1/00 0:00,1.3913,0.4242,7/8/23 2:22,0.54,Non-Auction Ads,Promote
20230807,1773535972446250 ,ID,ID,,1/1/00 0:00,,3.7758,7/8/23 2:22,1.8,Auction Ads,auction_relation
20230807,1773535083819010 ,VN,,,1/1/00 0:00,8.5685,1.2397,7/8/23 2:22,1.53,RIE,Promote Report Recall
20230807,1773535078087680 ,TH,,,1/1/00 0:00,0.1335,1.2428,7/8/23 2:22,1.53,RIE,Promote Report Recall
20230807,1773535022862340 ,US,,,1/1/00 0:00,11.62,6.53,7/8/23 2:23,0.54,Non-Auction Ads,Promote
20230807,1773535503862780 ,ID,ID,,1/1/00 0:00,43.5381,20.8032,7/8/23 2:26,1.8,Auction Ads,auction_relation
20230807,1773535666945050 ,PK,PK,,1/1/00 0:00,0,0.2791,7/8/23 2:22,1.36,Auction Ads,auction_relation
20230807,1773535128310780 ,VN,,,1/1/00 0:00,4.14,1.6895,7/8/23 2:22,1.53,RIE,Promote Report Recall
20230807,1773535601696770 ,US,,,1/1/00 0:00,79.36,34.5017,7/8/23 2:29,1.53,RIE,Promote Report Recall
20230807,1773535370266670 ,BR,BR,,1/1/00 0:00,,0.672,7/8/23 2:22,1.99,Auction Ads,auction_all
20230807,1773535370266670 ,BR,BR,,1/1/00 0:00,,0.672,7/8/23 2:22,1.99,Auction Ads,auction_all
20230807,1773531565923320 ,US,USCA,,1/1/00 0:00,19.8,8.0933,7/8/23 2:24,1.78,Auction Ads,auction_relation
20230807,1773531565923320 ,US,USCA,,1/1/00 0:00,19.8,8.0933,7/8/23 2:24,1.78,Auction Ads,auction_relation
20230807,1773531565923320 ,US,USCA,,1/1/00 0:00,19.8,8.0933,7/8/23 2:24,1.78,Auction Ads,auction_relation
20230807,1773531565923320 ,US,USCA,,1/1/00 0:00,19.8,8.0933,7/8/23 2:24,1.78,Auction Ads,auction_relation
20230807,1773535280776190 ,ID,ID,,1/1/00 0:00,11.08,1.0925,7/8/23 2:23,1.8,Auction Ads,auction_relation
20230807,1773504355955710 ,VN,,,1/1/00 0:00,,0.1942,7/8/23 2:23,0.54,Non-Auction Ads,Promote
20230807,1773503500777470 ,VN,,,1/1/00 0:00,,0.1942,7/8/23 2:23,0.54,Non-Auction Ads,Promote
20230807,1773535227988990 ,VN,,,1/1/00 0:00,6.001,1.7603,7/8/23 2:23,1.53,RIE,Promote Report Recall
20230807,1773535408414750 ,MY,MY,,1/1/00 0:00,8.3955,0.9443,7/8/23 2:23,2.31,Auction Ads,auction_relation
20230807,1773535047542780 ,KH,,,1/1/00 0:00,4.1056,2.8352,7/8/23 2:23,0.54,Non-Auction Ads,Promote
20230807,1773535555805230 ,VN,VN,,1/1/00 0:00,6.7745,1.5666,7/8/23 2:23,2.14,Auction Ads,auction_relation
20230807,1773535443179530 ,ID,ID,,1/1/00 0:00,18.36,1.7773,7/8/23 2:23,1.8,Auction Ads,auction_relation
20230807,1773536289676320 ,TW,TW,,1/1/00 0:00,24.43,6.6789,7/8/23 2:24,0.95,Auction Ads,auction_relation
20230807,1773536289676320 ,TW,TW,,1/1/00 0:00,24.43,6.6789,7/8/23 2:24,0.95,Auction Ads,auction_relation
20230807,1773529169793020 ,BR,,,1/1/00 0:00,3.1849,0.9731,7/8/23 2:23,0.54,Non-Auction Ads,Promote
20230807,1773534761024510 ,US,,,1/1/00 0:00,10,5.465,7/8/23 2:24,0.54,Non-Auction Ads,Promote
20230807,1773535005932540 ,TH,,,1/1/00 0:00,1.6443,0.411,7/8/23 2:24,0.54,Non-Auction Ads,Promote
20230807,1773535941068850 ,BR,BR,,1/1/00 0:00,38.55,40.9517,7/8/23 2:31,1.99,Auction Ads,auction_all
20230807,1773534899709950 ,TH,,,1/1/00 0:00,1.473,1.1998,7/8/23 2:24,0.54,Non-Auction Ads,Promote
20230807,1773535179041790 ,ID,,,1/1/00 0:00,14.7504,1.3095,7/8/23 2:24,0.54,Non-Auction Ads,Promote
20230807,1773535469328460 ,VN,VN,,1/1/00 0:00,18.6945,6.4386,7/8/23 2:25,2.14,Auction Ads,auction_relation
20230807,1773535469379630 ,VN,VN,,1/1/00 0:00,18.1401,6.4386,7/8/23 2:25,2.14,Auction Ads,auction_relation
20230807,1773535469328460 ,VN,VN,,1/1/00 0:00,18.6945,6.4386,7/8/23 2:25,2.14,Auction Ads,auction_relation
20230807,1773535452004410 ,VN,VN,,1/1/00 0:00,35.4266,6.4386,7/8/23 2:25,2.14,Auction Ads,auction_relation
20230807,1773535469379630 ,VN,VN,,1/1/00 0:00,18.1401,6.4386,7/8/23 2:25,2.14,Auction Ads,auction_relation
20230807,1773535469364220 ,SA,,,1/1/00 0:00,59.5806,13.9827,7/8/23 2:27,1.53,RIE,Promote Report Recall
20230807,1773535220023360 ,AU,,,1/1/00 0:00,108.8597,3.1738,7/8/23 2:24,0.54,Non-Auction Ads,Promote
20230807,1773535361600510 ,VN,,,1/1/00 0:00,0.9487,6.08,7/8/23 2:25,1.53,RIE,Promote Report Recall
20230807,1773535415722030 ,MY,MY,,1/1/00 0:00,1.81,0.8451,7/8/23 2:24,2.31,Auction Ads,auction_relation
20230807,1773535409867820 ,MY,MY,,1/1/00 0:00,,0.8451,7/8/23 2:24,2.31,Auction Ads,auction_relation
20230807,1773535411084330 ,MY,MY,,1/1/00 0:00,1.13,0.8451,7/8/23 2:24,2.31,Auction Ads,auction_relation
20230807,1773534212045820 ,US,,,1/1/00 0:00,4.68,3,7/8/23 2:25,0.54,Non-Auction Ads,Promote
20230807,1773535264573440 ,TH,,,1/1/00 0:00,6.69,3.7683,7/8/23 2:25,1.53,RIE,Promote Report Recall
20230807,1773535391344670 ,VN,VN,,1/1/00 0:00,1.44,0.5977,7/8/23 2:25,2.14,Auction Ads,auction_relation
20230807,1773536283513900 ,TR,TR,,1/1/00 0:00,94.59,72.8778,7/8/23 2:39,1.63,RIE,Ad Group Recall (Merged)
20230807,1773535908413470 ,BR,BR,,1/1/00 0:00,162.19,45.3494,7/8/23 2:33,1.99,Auction Ads,auction_all
20230807,1773535140162560 ,TH,,,1/1/00 0:00,1.394,0.6367,7/8/23 2:25,0.54,Non-Auction Ads,Promote
20230807,1773535498370050 ,ID,ID,,1/1/00 0:00,,1.1262,7/8/23 2:25,1.8,Auction Ads,auction_relation
20230807,1773534888036380 ,ID,ID,,1/1/00 0:00,0.2469,1.1619,7/8/23 2:25,1.8,Auction Ads,auction_relation
20230807,1773535202180090 ,TH,,,1/1/00 0:00,1.0425,0.262,7/8/23 2:25,0.54,Non-Auction Ads,Promote
20230807,1773535470914570 ,VN,VN,,1/1/00 0:00,19.7162,2.5203,7/8/23 2:26,2.14,Auction Ads,auction_relation
20230807,1773535386300420 ,US,,,1/1/00 0:00,43.95,0,7/8/23 2:25,1.53,RIE,Promote Report Recall
20230807,1773535343289340 ,ID,,,1/1/00 0:00,18.7137,0.9535,7/8/23 2:26,0.54,Non-Auction Ads,Promote
20230807,1773535385593850 ,KH,,,1/1/00 0:00,9.6589,1.1029,7/8/23 2:26,0.54,Non-Auction Ads,Promote
20230807,1773535124787200 ,BR,,,1/1/00 0:00,23.819,2.2571,7/8/23 2:26,0.54,Non-Auction Ads,Promote
20230807,1773535629031450 ,PE,PE,,1/1/00 0:00,,1.7824,7/8/23 2:26,1.68,Auction Ads,auction_all
20230807,1773534151372800 ,ID,,,1/1/00 0:00,1.7102,0.6988,7/8/23 2:26,0.54,Non-Auction Ads,Promote
20230807,1773534972654640 ,US,,,1/1/00 0:00,4.54,3.5998,7/8/23 2:27,0.54,Non-Auction Ads,Promote
20230807,1773535470363660 ,NZ,NZ,,1/1/00 0:00,16.43,2.965,7/8/23 2:27,1.58,Auction Ads,auction_relation
20230807,1773535470363660 ,GB,GB,,1/1/00 0:00,16.43,2.965,7/8/23 2:27,1.76,Auction Ads,auction_relation
20230807,1773367260560380 ,SA,,,1/1/00 0:00,6.3283,6.5535,7/8/23 2:28,0.54,Non-Auction Ads,Promote
20230807,1773536140543020 ,TH,TH,,1/1/00 0:00,6.0417,10.4935,7/8/23 2:29,1.87,RIE,Ad Group Recall (Merged)
20230807,1773535302733820 ,BR,,,1/1/00 0:00,1.5327,0.2729,7/8/23 2:26,1.53,RIE,Promote Report Recall
20230807,1773532441336830 ,EG,MENA,,1/1/00 0:00,15.055,4.3696,7/8/23 2:27,1.78,Auction Ads,auction_relation
20230807,1773529379853310 ,BR,,,1/1/00 0:00,11.9443,1.2855,7/8/23 2:27,0.54,Non-Auction Ads,Promote
20230807,1773535367351300 ,US,,,1/1/00 0:00,11.62,4.455,7/8/23 2:27,0.54,Non-Auction Ads,Promote
20230807,1773535632903170 ,ID,ID,,1/1/00 0:00,4.55,6.4937,7/8/23 2:28,1.8,Auction Ads,auction_relation
20230807,1773535634166810 ,ID,ID,,1/1/00 0:00,,6.4937,7/8/23 2:28,1.8,Auction Ads,auction_relation
20230807,1773535629905930 ,ID,ID,,1/1/00 0:00,3.5,6.4937,7/8/23 2:28,1.8,Auction Ads,auction_relation
20230807,1773535632092170 ,ID,ID,,1/1/00 0:00,,6.4937,7/8/23 2:28,1.8,Auction Ads,auction_relation
20230807,1773535638199340 ,ID,ID,,1/1/00 0:00,,6.4937,7/8/23 2:28,1.8,Auction Ads,auction_relation
20230807,1773535713358880 ,ZA,Other,,1/1/00 0:00,12.9,14.8533,7/8/23 2:30,1.62,RIE,Ad Group Recall (Merged)
20230807,1773535713358880 ,ZA,ZA,,1/1/00 0:00,12.9,14.8533,7/8/23 2:30,1.4,Auction Ads,auction_relation
20230807,1773535713691690 ,HU,Other,,1/1/00 0:00,5.09,16.4067,7/8/23 2:30,1.62,RIE,Ad Group Recall (Merged)
20230807,1773535713691690 ,CZ,Other,,1/1/00 0:00,5.09,16.4067,7/8/23 2:30,1.62,RIE,Ad Group Recall (Merged)
20230807,1773535713691690 ,AU,AU,,1/1/00 0:00,5.09,16.4067,7/8/23 2:30,1.84,Auction Ads,auction_relation
20230807,1773535782008860 ,ID,ID,,1/1/00 0:00,15.1523,20.8032,7/8/23 2:31,1.8,Auction Ads,auction_relation
20230807,1773535598423070 ,JP,JP,,1/1/00 0:00,,8.05,7/8/23 2:29,2.16,Auction Ads,auction_all
20230807,1773535436603390 ,SA,,,1/1/00 0:00,3.0733,0.8,7/8/23 2:27,1.53,RIE,Promote Report Recall
20230807,1773529914165250 ,BR,,,1/1/00 0:00,1.4611,0.2768,7/8/23 2:27,0.54,Non-Auction Ads,Promote
20230807,1773535004736510 ,TH,,,1/1/00 0:00,0.6745,0.219,7/8/23 2:27,0.54,Non-Auction Ads,Promote
20230807,1773536371505160 ,ID,ID,,1/1/00 0:00,90.7,37.8199,7/8/23 2:34,1.8,Auction Ads,auction_relation
20230807,1773535678244860 ,AU,AU,,1/1/00 0:00,,22.2936,7/8/23 2:31,1.84,Auction Ads,auction_relation
20230807,1773535544174590 ,TH,,,1/1/00 0:00,8.13,3.7871,7/8/23 2:28,1.53,RIE,Promote Report Recall
20230807,1773537761172490 ,VN,VN,,1/1/00 0:00,,5.692,7/8/23 2:29,2.14,Auction Ads,auction_relation
20230807,1773536058104860 ,VN,VN,,1/1/00 0:00,,12.067,7/8/23 2:30,2.14,Auction Ads,auction_relation
20230807,1773533615728640 ,MY,,,1/1/00 0:00,1.3479,0.5046,7/8/23 2:28,0.54,Non-Auction Ads,Promote
20230807,1773535552401410 ,TH,,,1/1/00 0:00,2.1031,1.6826,7/8/23 2:29,1.53,RIE,Promote Report Recall
20230807,1773535927521390 ,BR,BR,,1/1/00 0:00,39.32,19.2958,7/8/23 2:31,1.99,Auction Ads,auction_all
20230807,1773536268140590 ,VN,VN,,1/1/00 0:00,33.445,27.9073,7/8/23 2:33,2.14,Auction Ads,auction_relation
20230807,1773535564673020 ,KW,,,1/1/00 0:00,24.4453,0.5045,7/8/23 2:28,0.54,Non-Auction Ads,Promote
20230807,1773535758728210 ,NZ,NZ,,1/1/00 0:00,,3.7736,7/8/23 2:29,1.58,Auction Ads,auction_relation
20230807,1773535758728210 ,AU,AU,,1/1/00 0:00,,3.7736,7/8/23 2:29,1.84,Auction Ads,auction_relation
20230807,1773535620389890 ,TH,,,1/1/00 0:00,8.75,4.4683,7/8/23 2:30,1.53,RIE,Promote Report Recall
20230807,1773534688745470 ,ID,,,1/1/00 0:00,0.9393,0.1534,7/8/23 2:29,0.54,Non-Auction Ads,Promote
20230807,1773536182538270 ,VN,VN,,1/1/00 0:00,4.0961,2.4296,7/8/23 2:30,2.14,Auction Ads,auction_relation
20230807,1773536169439240 ,VN,VN,,1/1/00 0:00,1.1485,2.4296,7/8/23 2:30,2.14,Auction Ads,auction_relation
20230807,1773532379330560 ,VN,VN,,1/1/00 0:00,,1.0462,7/8/23 2:30,2.14,Auction Ads,auction_relation
20230807,1773535261083640 ,TH,,,1/1/00 0:00,0.7921,0.2232,7/8/23 2:29,0.54,Non-Auction Ads,Promote
20230807,1773536677010460 ,BR,BR,,1/1/00 0:00,42.72,40.9517,7/8/23 2:37,1.99,Auction Ads,auction_all
20230807,1773533812983800 ,MY,,,1/1/00 0:00,1.1019,0.5046,7/8/23 2:30,0.54,Non-Auction Ads,Promote
20230807,1773535646631970 ,TH,,,1/1/00 0:00,3.21,1.5773,7/8/23 2:30,1.53,RIE,Promote Report Recall
20230807,1773535217187840 ,KH,,,1/1/00 0:00,0.8885,7.5806,7/8/23 2:31,0.54,Non-Auction Ads,Promote
20230807,1773533773789180 ,MY,,,1/1/00 0:00,1.8053,0.3164,7/8/23 2:30,0.54,Non-Auction Ads,Promote
20230807,1773535913527310 ,KH,KH,,1/1/00 0:00,5.49,2.9248,7/8/23 2:30,1.5,Auction Ads,auction_relation
20230807,1773535615129600 ,TH,,,1/1/00 0:00,17.995,4.6045,7/8/23 2:31,1.53,RIE,Promote Report Recall
20230807,1773535640148990 ,AE,,,1/1/00 0:00,13.6102,2.913,7/8/23 2:31,1.53,RIE,Promote Report Recall
20230807,1773535432428540 ,TH,,,1/1/00 0:00,1.7577,0.6596,7/8/23 2:30,0.54,Non-Auction Ads,Promote
20230807,1773535925202970 ,MY,MY,,1/1/00 0:00,0.82,0.4643,7/8/23 2:30,2.31,Auction Ads,auction_relation
20230807,1773535712027640 ,VN,,,1/1/00 0:00,10.04,3.4181,7/8/23 2:31,1.53,RIE,Promote Report Recall
20230807,1773528933487620 ,BR,,,1/1/00 0:00,0.1521,0.8219,7/8/23 2:31,0.54,Non-Auction Ads,Promote
20230807,1773529938627580 ,BR,,,1/1/00 0:00,1.0568,0.7022,7/8/23 2:31,0.54,Non-Auction Ads,Promote
20230807,1773535927528460 ,VN,VN,,1/1/00 0:00,7.1098,4.6453,7/8/23 2:31,2.14,Auction Ads,auction_relation
20230807,1773535953878060 ,MY,MY,,1/1/00 0:00,8.9496,5.1835,7/8/23 2:31,2.31,Auction Ads,auction_relation
20230807,1773536135727130 ,ID,ID,,1/1/00 0:00,18.7578,6.4204,7/8/23 2:31,1.8,Auction Ads,auction_relation
20230807,1773535685389310 ,MY,,,1/1/00 0:00,1.9826,1.3067,7/8/23 2:31,1.53,RIE,Promote Report Recall
20230807,1773536292681770 ,KR,KR,,1/1/00 0:00,14.4373,14.598,7/8/23 2:33,2.37,Auction Ads,auction_relation
20230807,1773535553737730 ,US,,,1/1/00 0:00,11.67,6.49,7/8/23 2:32,0.54,Non-Auction Ads,Promote
20230807,1773535784146960 ,SA,MENA,,1/1/00 0:00,15.62,4.097,7/8/23 2:31,1.78,Auction Ads,auction_relation
20230807,1773535774052350 ,PK,PK,,1/1/00 0:00,0.05,0.2791,7/8/23 2:31,1.36,Auction Ads,auction_relation
20230807,1773535747781660 ,PK,PK,,1/1/00 0:00,3.02,0.2791,7/8/23 2:31,1.36,Auction Ads,auction_relation
20230807,1773535770629170 ,PK,PK,,1/1/00 0:00,0.86,0.2791,7/8/23 2:31,1.36,Auction Ads,auction_relation
20230807,1773535902345210 ,VN,VN,,1/1/00 0:00,,0.4562,7/8/23 2:31,2.14,Auction Ads,auction_relation
20230807,1773535832710160 ,VN,VN,,1/1/00 0:00,2.6106,5.8696,7/8/23 2:32,2.14,Auction Ads,auction_relation
20230807,1773535839767570 ,VN,VN,,1/1/00 0:00,2.3566,5.8696,7/8/23 2:32,2.14,Auction Ads,auction_relation
20230807,1773532552437800 ,GB,GB,,1/1/00 0:00,18.5142,6.6829,7/8/23 2:32,1.76,Auction Ads,auction_relation
20230807,1773535813429280 ,VN,VN,,1/1/00 0:00,,1.0167,7/8/23 2:31,2.14,Auction Ads,auction_relation
20230807,1773535713795070 ,US,,,1/1/00 0:00,10.27,2.8571,7/8/23 2:32,1.53,RIE,Promote Report Recall
20230807,1773536112115760 ,BR,BR,,1/1/00 0:00,39.46,19.2958,7/8/23 2:36,1.99,Auction Ads,auction_all
20230807,1773536038376480 ,TW,TW,,1/1/00 0:00,22.11,7.7917,7/8/23 2:33,0.95,Auction Ads,auction_relation
20230807,1773544090117130 ,NZ,NZ,,1/1/00 0:00,6.1479,0,7/8/23 2:32,1.58,Auction Ads,auction_relation
20230807,1773535602753530 ,ID,,,1/1/00 0:00,0.6833,0.3335,7/8/23 2:32,1.53,RIE,Promote Report Recall
20230807,1773535264345090 ,TH,,,1/1/00 0:00,1.0066,0.2538,7/8/23 2:32,0.54,Non-Auction Ads,Promote
20230807,1773535584951290 ,MY,,,1/1/00 0:00,17.6644,2.2743,7/8/23 2:32,1.53,RIE,Promote Report Recall
20230807,1773532169081900 ,US,USCA,,1/1/00 0:00,5.48,9.6487,7/8/23 2:33,1.78,Auction Ads,auction_relation
20230807,1773532169063470 ,US,USCA,,1/1/00 0:00,5.63,9.6487,7/8/23 2:33,1.78,Auction Ads,auction_relation
20230807,1773530189174780 ,BR,,,1/1/00 0:00,7.0462,1.2085,7/8/23 2:32,0.54,Non-Auction Ads,Promote
20230807,1773532232999930 ,US,USCA,,1/1/00 0:00,1.54,9.6487,7/8/23 2:35,1.78,Auction Ads,auction_relation
20230807,1773534292066300 ,MY,,,1/1/00 0:00,1.5699,0.4498,7/8/23 2:32,0.54,Non-Auction Ads,Promote
20230807,1773534568701950 ,MY,,,1/1/00 0:00,12.5511,2.617,7/8/23 2:33,0.54,Non-Auction Ads,Promote
20230807,1773534080063490 ,ID,,,1/1/00 0:00,0.9316,0.205,7/8/23 2:32,0.54,Non-Auction Ads,Promote
20230807,1773367089567740 ,SA,,,1/1/00 0:00,14.8712,5.8163,7/8/23 2:33,0.54,Non-Auction Ads,Promote
20230807,1773528951988220 ,BR,,,1/1/00 0:00,2.3703,0.9182,7/8/23 2:33,0.54,Non-Auction Ads,Promote
20230807,1773535958351900 ,US,USCA,,1/1/00 0:00,,0,7/8/23 2:32,1.78,Auction Ads,auction_relation
20230807,1773535934545930 ,PK,PK,,1/1/00 0:00,0.51,0.2791,7/8/23 2:32,1.36,Auction Ads,auction_relation
20230807,1773536059151400 ,VN,VN,,1/1/00 0:00,4.8051,0.9608,7/8/23 2:33,2.14,Auction Ads,auction_relation
20230807,1773535932479490 ,US,,,1/1/00 0:00,21.65,11.7505,7/8/23 2:36,1.53,RIE,Promote Report Recall
20230807,1773536055534590 ,CA,,,1/1/00 0:00,592.8723,19.8423,7/8/23 2:37,0.54,Non-Auction Ads,Promote
20230807,1773534870154260 ,US,,,1/1/00 0:00,5.68,0.56,7/8/23 2:33,0.54,Non-Auction Ads,Promote
20230807,1773535941192730 ,VN,VN,,1/1/00 0:00,0.0011,1.7421,7/8/23 2:33,2.14,Auction Ads,auction_relation
20230807,1773535926582290 ,VN,VN,,1/1/00 0:00,,1.7421,7/8/23 2:33,2.14,Auction Ads,auction_relation
20230807,1773535948273660 ,VN,VN,,1/1/00 0:00,3.9733,1.7421,7/8/23 2:33,2.14,Auction Ads,auction_relation
20230807,1773532605362190 ,CA,USCA,,1/1/00 0:00,,25.0273,7/8/23 2:39,1.78,Auction Ads,auction_relation
20230807,1773536000669730 ,TW,TW,,1/1/00 0:00,2.6,1.68,7/8/23 2:34,0.95,Auction Ads,auction_relation
20230807,1773536070137850 ,VN,VN,,1/1/00 0:00,10.4829,2.4393,7/8/23 2:35,2.14,Auction Ads,auction_relation
20230807,1773535975789560 ,PH,,,1/1/00 0:00,7.812,0.8544,7/8/23 2:35,0.54,Non-Auction Ads,Promote
20230807,1773458509139000 ,SA,,,1/1/00 0:00,3.8999,0.3477,7/8/23 2:35,0.54,Non-Auction Ads,Promote
20230807,1773535962994690 ,SA,,,1/1/00 0:00,17.5877,2.5182,7/8/23 2:36,0.54,Non-Auction Ads,Promote
20230807,1773536123976750 ,VN,VN,,1/1/00 0:00,2.8111,0.2591,7/8/23 2:35,2.14,Auction Ads,auction_relation
20230807,1773536219307000 ,ID,ID,,1/1/00 0:00,12.6373,3.0632,7/8/23 2:36,1.8,Auction Ads,auction_relation
20230807,1773536036624390 ,TH,,,1/1/00 0:00,11.48,5.1148,7/8/23 2:37,1.53,RIE,Promote Report Recall
20230807,1773536701305870 ,BR,BR,,1/1/00 0:00,58.77,7.423,7/8/23 2:37,1.99,Auction Ads,auction_all
20230807,1773536077762590 ,MY,MY,,1/1/00 0:00,0.71,0.4643,7/8/23 2:36,2.31,Auction Ads,auction_relation
20230807,1773536077349890 ,MY,MY,,1/1/00 0:00,0.7,0.4643,7/8/23 2:36,2.31,Auction Ads,auction_relation
20230807,1773536370823170 ,MY,MY,,1/1/00 0:00,0.6784,6.344,7/8/23 2:37,2.31,Auction Ads,auction_relation
20230807,1773535986791420 ,DE,DE,,1/1/00 0:00,,0,7/8/23 2:36,1.01,Auction Ads,auction_relation
20230807,1773536232149010 ,VN,VN,,1/1/00 0:00,,12.067,7/8/23 2:39,2.14,Auction Ads,auction_relation
20230807,1773530457056260 ,BR,,,1/1/00 0:00,3.3344,0.3859,7/8/23 2:36,0.54,Non-Auction Ads,Promote
20230807,1773536453011490 ,VN,VN,,1/1/00 0:00,0.4958,0.6768,7/8/23 2:36,2.13,RIE,Ad Group Recall (Merged)
20230807,1773535585767430 ,US,,,1/1/00 0:00,4.14,1.2695,7/8/23 2:37,0.54,Non-Auction Ads,Promote
20230807,1773536553224250 ,KH,KH,,1/1/00 0:00,18.42,1.7275,7/8/23 2:37,1.5,Auction Ads,auction_relation
20230807,1773536553224250 ,KH,KH,,1/1/00 0:00,18.42,1.7275,7/8/23 2:37,1.5,Auction Ads,auction_relation
20230807,1773536553224250 ,SG,SG,,1/1/00 0:00,18.42,1.7275,7/8/23 2:37,1.94,Auction Ads,auction_relation
20230807,1773536386701310 ,HU,Others,,1/1/00 0:00,10.76,3.8052,7/8/23 2:37,1.56,Auction Ads,auction_all
20230807,1773536489954320 ,PH,PH,,1/1/00 0:00,23.9,9.79,7/8/23 2:39,2.46,Auction Ads,auction_relation
20230807,1773535866398720 ,US,,,1/1/00 0:00,3.95,2.698,7/8/23 2:37,0.54,Non-Auction Ads,Promote
20230807,1773535525089340 ,TH,,,1/1/00 0:00,1.6459,0.5635,7/8/23 2:37,0.54,Non-Auction Ads,Promote
20230807,1773529696997380 ,BR,,,1/1/00 0:00,2.9159,0.8192,7/8/23 2:37,0.54,Non-Auction Ads,Promote
20230807,1773530304710660 ,BR,,,1/1/00 0:00,0.8557,0.5248,7/8/23 2:37,0.54,Non-Auction Ads,Promote
20230807,1773536253117470 ,VN,VN,,1/1/00 0:00,31.9607,7.726,7/8/23 2:39,2.14,Auction Ads,auction_relation
20230807,1773536768973820 ,ID,ID,,1/1/00 0:00,1.0346,0.6526,7/8/23 2:38,1.8,Auction Ads,auction_relation
20230807,1773454577229820 ,VN,,,1/1/00 0:00,1.8231,0.8738,7/8/23 2:38,0.54,Non-Auction Ads,Promote
20230807,1773368457000960 ,SA,,,1/1/00 0:00,2.9778,1.1174,7/8/23 2:38,0.54,Non-Auction Ads,Promote
20230807,1773536175495160 ,VN,VN,,1/1/00 0:00,2.8484,0.2591,7/8/23 2:38,2.14,Auction Ads,auction_relation
20230807,1773536181500960 ,VN,VN,,1/1/00 0:00,2.8987,0.2591,7/8/23 2:38,2.14,Auction Ads,auction_relation
20230807,1773536107847680 ,TH,,,1/1/00 0:00,0.7343,0.3541,7/8/23 2:38,0.54,Non-Auction Ads,Promote
20230807,1773536000125970 ,US,,,1/1/00 0:00,10.36,1.074,7/8/23 2:38,0.54,Non-Auction Ads,Promote
20230807,1773536492665900 ,TH,TH,,1/1/00 0:00,16.4802,10.4935,7/8/23 2:40,1.87,RIE,Ad Group Recall (Merged)
20230807,1773536234055690 ,PK,PK,,1/1/00 0:00,0.12,0.2791,7/8/23 2:39,1.36,Auction Ads,auction_relation
20230807,1773536110662650 ,ID,,,1/1/00 0:00,6.8523,0.736,7/8/23 2:39,0.54,Non-Auction Ads,Promote
20230807,1773536281213970 ,VN,VN,,1/1/00 0:00,4.1865,2.4296,7/8/23 2:39,2.14,Auction Ads,auction_relation
20230807,1773541295358000 ,KR,KR,,1/1/00 0:00,30.4261,1.9634,7/8/23 2:39,2.37,Auction Ads,auction_relation
20230807,1773536183319550 ,TH,,,1/1/00 0:00,6.57,2.7031,7/8/23 2:39,1.53,RIE,Promote Report Recall
20230807,1773536028050430 ,US,,,1/1/00 0:00,13.5,3.5288,7/8/23 2:40,0.54,Non-Auction Ads,Promote
20230807,1773536105804800 ,TH,,,1/1/00 0:00,8.15,3.8935,7/8/23 2:40,1.53,RIE,Promote Report Recall
20230807,1773536499700770 ,MY,MY,,1/1/00 0:00,26.9834,13.5601,7/8/23 2:42,2.31,Auction Ads,auction_relation
20230807,1773536370964530 ,VN,VN,,1/1/00 0:00,3.5346,1.401,7/8/23 2:39,2.14,Auction Ads,auction_relation
20230807,1773536370964530 ,VN,VN,,1/1/00 0:00,3.5346,1.401,7/8/23 2:39,2.14,Auction Ads,auction_relation
20230807,1773454942334970 ,VN,,,1/1/00 0:00,0.7804,0.2094,7/8/23 2:39,0.54,Non-Auction Ads,Promote
20230807,1773536673727520 ,VN,VN,,1/1/00 0:00,,11.8774,7/8/23 2:41,2.14,Auction Ads,auction_relation
20230807,1773535890597890 ,US,,,1/1/00 0:00,11.97,2.4738,7/8/23 2:40,0.54,Non-Auction Ads,Promote
20230807,1773536451020830 ,VN,VN,,1/1/00 0:00,14.7409,4.0016,7/8/23 2:40,2.14,Auction Ads,auction_relation
20230807,1773536113259520 ,US,,,1/1/00 0:00,19.49,3.978,7/8/23 2:40,0.54,Non-Auction Ads,Promote
20230807,1773536303460350 ,TH,,,1/1/00 0:00,40.6007,5.4463,7/8/23 2:41,0.54,Non-Auction Ads,Promote
20230807,1773531201833980 ,BR,,,1/1/00 0:00,2.8953,0.8321,7/8/23 2:40,0.54,Non-Auction Ads,Promote
20230807,1773536155381760 ,TH,,,1/1/00 0:00,1.978,0.254,7/8/23 2:40,0.54,Non-Auction Ads,Promote
20230807,1773535488650240 ,US,,,1/1/00 0:00,23.37,19.5455,7/8/23 2:43,0.54,Non-Auction Ads,Promote
20230807,1773536268384250 ,MY,,,1/1/00 0:00,20.0349,2.3248,7/8/23 2:40,0.54,Non-Auction Ads,Promote
20230807,1773535978112000 ,TH,,,1/1/00 0:00,0.9704,0.4984,7/8/23 2:40,0.54,Non-Auction Ads,Promote
20230807,1773536464668690 ,VN,VN,,1/1/00 0:00,,12.067,7/8/23 2:42,2.14,Auction Ads,auction_relation
20230807,1773454724466680 ,VN,,,1/1/00 0:00,0.7599,0.4899,7/8/23 2:40,0.54,Non-Auction Ads,Promote
20230807,1773536229394430 ,TR,,,1/1/00 0:00,2.8794,0.3196,7/8/23 2:40,1.53,RIE,Promote Report Recall
20230807,1773536284916740 ,US,,,1/1/00 0:00,5.7,3.0722,7/8/23 2:41,0.54,Non-Auction Ads,Promote
20230807,1773536140172280 ,TH,,,1/1/00 0:00,1.3457,1.1572,7/8/23 2:41,0.54,Non-Auction Ads,Promote
20230807,1773536543434750 ,MY,MY,,1/1/00 0:00,0.64,3.5212,7/8/23 2:41,2.31,Auction Ads,auction_relation
20230807,1773534858598400 ,ID,,,1/1/00 0:00,0.9978,0.1126,7/8/23 2:41,0.54,Non-Auction Ads,Promote
20230807,1773531080570880 ,BR,,,1/1/00 0:00,1.3564,0.3963,7/8/23 2:41,0.54,Non-Auction Ads,Promote
20230807,1773536075236350 ,US,,,1/1/00 0:00,4.84,1.5789,7/8/23 2:41,0.54,Non-Auction Ads,Promote
20230807,1773536278063110 ,SG,,,1/1/00 0:00,4.87,6.4962,7/8/23 2:42,1.53,RIE,Promote Report Recall
20230807,1773529893013500 ,PH,,,1/1/00 0:00,0.3795,0.1509,7/8/23 2:41,0.54,Non-Auction Ads,Promote
20230807,1773536240181240 ,TH,,,1/1/00 0:00,1.0219,0.5612,7/8/23 2:41,0.54,Non-Auction Ads,Promote
20230807,1773536695817250 ,BR,BR,,1/1/00 0:00,6.05,13.0168,7/8/23 2:43,1.99,Auction Ads,auction_all
20230807,1773536346602490 ,ID,,,1/1/00 0:00,1.779,0.6225,7/8/23 2:41,1.53,RIE,Promote Report Recall
20230807,1773536809152560 ,VN,VN,,1/1/00 0:00,,1.6605,7/8/23 2:41,2.14,Auction Ads,auction_relation
20230807,1773536548869120 ,ID,,,1/1/00 0:00,20.2589,23.6996,7/8/23 2:45,0.54,Non-Auction Ads,Promote
20230807,1773535953967100 ,MY,,,1/1/00 0:00,1.6554,1.2571,7/8/23 2:42,1.53,RIE,Promote Report Recall
20230807,1773535801417730 ,US,,,1/1/00 0:00,9.8,2.4721,7/8/23 2:42,0.54,Non-Auction Ads,Promote
20230807,1773535801417730 ,US,,,1/1/00 0:00,9.8,2.4721,7/8/23 2:42,1.53,RIE,Promote Report Recall
20230807,1773537062389770 ,JP,JP,,1/1/00 0:00,,4.0798,7/8/23 2:42,2.16,Auction Ads,auction_all
20230807,1773536455070750 ,PH,PH,,1/1/00 0:00,4.21,0.9397,7/8/23 2:42,2.46,Auction Ads,auction_relation
20230807,1773455120515070 ,VN,,,1/1/00 0:00,1.5623,0.3379,7/8/23 2:42,0.54,Non-Auction Ads,Promote
20230807,1773536455232510 ,ID,ID,,1/1/00 0:00,2.13,1.0925,7/8/23 2:42,1.8,Auction Ads,auction_relation
20230807,1773536421611560 ,VN,VN,,1/1/00 0:00,,3.3888,7/8/23 2:42,2.13,RIE,Ad Group Recall (Merged)
20230807,1773536421608490 ,VN,VN,,1/1/00 0:00,0.325,3.3888,7/8/23 2:42,2.13,RIE,Ad Group Recall (Merged)
20230807,1773536515284990 ,SA,,,1/1/00 0:00,35.8705,10.262,7/8/23 2:44,0.54,Non-Auction Ads,Promote
20230807,1773454606894080 ,VN,,,1/1/00 0:00,0.7476,0.2848,7/8/23 2:42,0.54,Non-Auction Ads,Promote
20230807,1773536437642240 ,VN,,,1/1/00 0:00,4.7449,0.9836,7/8/23 2:42,1.53,RIE,Promote Report Recall
20230807,1773536591787010 ,TH,,,1/1/00 0:00,30.4008,15.3329,7/8/23 2:45,0.54,Non-Auction Ads,Promote
20230807,1773536935614480 ,VN,VN,,1/1/00 0:00,4.1173,1.8123,7/8/23 2:42,2.14,Auction Ads,auction_relation
20230807,1773537043847170 ,DE,,,1/1/00 0:00,55.9414,64.7561,7/8/23 2:52,0.54,Non-Auction Ads,Promote
20230807,1773536354793470 ,MY,,,1/1/00 0:00,4.9354,0.681,7/8/23 2:42,1.53,RIE,Promote Report Recall
20230807,1773536624175130 ,HU,Others,,1/1/00 0:00,10.88,3.0486,7/8/23 2:43,1.56,Auction Ads,auction_all
20230807,1773531392695300 ,BR,,,1/1/00 0:00,1.4267,0.4228,7/8/23 2:43,0.54,Non-Auction Ads,Promote
20230807,1773536464680970 ,VN,VN,,1/1/00 0:00,0.704,0.6768,7/8/23 2:43,2.13,RIE,Ad Group Recall (Merged)
20230807,1773536464676910 ,VN,VN,,1/1/00 0:00,0.6461,0.6768,7/8/23 2:43,2.13,RIE,Ad Group Recall (Merged)
20230807,1773536256224250 ,TH,,,1/1/00 0:00,1.5839,0.411,7/8/23 2:43,0.54,Non-Auction Ads,Promote
20230807,1773536434501630 ,MY,,,1/1/00 0:00,1.618,0.8474,7/8/23 2:43,1.53,RIE,Promote Report Recall
20230807,1773537993044990 ,HU,Other,,1/1/00 0:00,2.99,2.7157,7/8/23 2:43,1.62,RIE,Ad Group Recall (Merged)
20230807,1773332447838250 ,US,US,,1/1/00 0:00,176.15,869.197,7/8/23 5:00,1.54,Non-Auction Ads,R&F
20230807,1773536626965530 ,SA,MENA,,1/1/00 0:00,22.3,3.8387,7/8/23 2:44,1.67,RIE,Ad Group Recall (Merged)
20230807,1773536605052930 ,SA,MENA,,1/1/00 0:00,12.69,3.8387,7/8/23 2:44,1.67,RIE,Ad Group Recall (Merged)
20230807,1773536381088820 ,US,,,1/1/00 0:00,9.62,0.95,7/8/23 2:43,0.54,Non-Auction Ads,Promote
20230807,1773536511214590 ,ID,,,1/1/00 0:00,7.8932,2.9659,7/8/23 2:44,1.53,RIE,Promote Report Recall
20230807,1773535627327490 ,US,,,1/1/00 0:00,4.28,1.5152,7/8/23 2:43,0.54,Non-Auction Ads,Promote
20230807,1773539061860400 ,TW,TW,,1/1/00 0:00,30.02,18.5836,7/8/23 2:46,2.59,RIE,Ad Group Recall (Merged)
20230807,1773539061860400 ,SG,Other,,1/1/00 0:00,30.02,18.5836,7/8/23 2:46,1.62,RIE,Ad Group Recall (Merged)
20230807,1773539061860400 ,GB,GB,,1/1/00 0:00,30.02,18.5836,7/8/23 2:46,1.72,RIE,Ad Group Recall (Merged)
20230807,1773539061860400 ,JP,JP,,1/1/00 0:00,30.02,18.5836,7/8/23 2:46,3.21,RIE,Ad Group Recall (Merged)
20230807,1773539061860400 ,AU,AU,,1/1/00 0:00,30.02,18.5836,7/8/23 2:46,1.84,RIE,Ad Group Recall (Merged)
20230807,1773539061860400 ,CA,US&CA,,1/1/00 0:00,30.02,18.5836,7/8/23 2:46,1.81,RIE,Ad Group Recall (Merged)
20230807,1773539061860400 ,US,US&CA,,1/1/00 0:00,30.02,18.5836,7/8/23 2:46,1.81,RIE,Ad Group Recall (Merged)
20230807,1773536462395390 ,MY,,,1/1/00 0:00,13.9323,1.8053,7/8/23 2:44,0.54,Non-Auction Ads,Promote
20230807,1773536598938650 ,ID,ID,,1/1/00 0:00,0.97,2.9169,7/8/23 2:44,1.8,Auction Ads,auction_relation
20230807,1773455415906300 ,VN,,,1/1/00 0:00,5.4039,0.2296,7/8/23 2:44,0.54,Non-Auction Ads,Promote
20230807,1773536875138090 ,TH,TH,,1/1/00 0:00,26.25,17.0433,7/8/23 2:46,1.64,Auction Ads,auction_relation
20230807,1773537387017250 ,VN,VN,,1/1/00 0:00,,2.8071,7/8/23 2:44,2.14,Auction Ads,auction_relation
20230807,1773536098879490 ,US,,,1/1/00 0:00,9.57,1.074,7/8/23 2:44,0.54,Non-Auction Ads,Promote
20230807,1773536660184080 ,MY,MY,,1/1/00 0:00,3.5,0.5912,7/8/23 2:44,2.31,Auction Ads,auction_relation
20230807,1773530586088440 ,PH,,,1/1/00 0:00,0.3795,0.0825,7/8/23 2:44,0.54,Non-Auction Ads,Promote
20230807,1773537798012960 ,ID,ID,,1/1/00 0:00,73.82,71.65,7/8/23 2:55,1.8,Auction Ads,auction_relation
20230807,1773530849115140 ,BR,,,1/1/00 0:00,1.4469,0.22,7/8/23 2:44,0.54,Non-Auction Ads,Promote
20230807,1773536672123950 ,ID,ID,,1/1/00 0:00,7.6925,1.3467,7/8/23 2:44,1.8,Auction Ads,auction_relation
20230807,1773536489524220 ,TR,,,1/1/00 0:00,15.2575,0.663,7/8/23 2:44,1.53,RIE,Promote Report Recall
20230807,1773535959466020 ,FR,,,1/1/00 0:00,3.2243,0.9348,7/8/23 2:44,0.54,Non-Auction Ads,Promote
20230807,1773537446329360 ,GB,GB,,1/1/00 0:00,23.37,12.6219,7/8/23 2:46,1.76,Auction Ads,auction_relation
20230807,1773538770883580 ,BR,BR,,1/1/00 0:00,1.8592,1.1838,7/8/23 2:44,1.7,RIE,Ad Group Recall (Merged)
20230807,1773538770883580 ,BR,BR,,1/1/00 0:00,1.8592,1.1838,7/8/23 2:44,1.99,Auction Ads,auction_all
20230807,1773536553910270 ,US,,,1/1/00 0:00,8.99,3.293,7/8/23 2:45,1.53,RIE,Promote Report Recall
20230807,1773536553910270 ,US,,,1/1/00 0:00,8.99,3.293,7/8/23 2:45,0.54,Non-Auction Ads,Promote
20230807,1773536616170490 ,VN,,,1/1/00 0:00,18.5697,1.9732,7/8/23 2:45,1.53,RIE,Promote Report Recall
20230807,1773534630728700 ,ID,,,1/1/00 0:00,0.4738,0.4904,7/8/23 2:45,0.54,Non-Auction Ads,Promote
20230807,1773534716613630 ,ID,,,1/1/00 0:00,1.3216,0.4904,7/8/23 2:45,0.54,Non-Auction Ads,Promote
20230807,1773536457965570 ,TH,,,1/1/00 0:00,9.74,2.81,7/8/23 2:45,1.53,RIE,Promote Report Recall
20230807,1773537206933520 ,ID,ID,,1/1/00 0:00,2.1326,0.244,7/8/23 2:45,1.8,Auction Ads,auction_relation
20230807,1773536630000640 ,VN,,,1/1/00 0:00,7.1461,1.6003,7/8/23 2:45,1.53,RIE,Promote Report Recall
20230807,1773537137059900 ,ID,ID,,1/1/00 0:00,4.09,1.8692,7/8/23 2:45,1.8,Auction Ads,auction_relation
20230807,1773536767085640 ,TW,TW,,1/1/00 0:00,,3.4712,7/8/23 2:46,2.59,RIE,Ad Group Recall (Merged)
20230807,1773455643534330 ,VN,,,1/1/00 0:00,0.885,0.3839,7/8/23 2:45,0.54,Non-Auction Ads,Promote
20230807,1773536718133240 ,SA,,,1/1/00 0:00,317.4526,15.6672,7/8/23 2:47,0.54,Non-Auction Ads,Promote
20230807,1773536553997310 ,TH,,,1/1/00 0:00,35.1776,4.9291,7/8/23 2:46,0.54,Non-Auction Ads,Promote
20230807,1773531271797760 ,BR,,,1/1/00 0:00,3.1092,0.5771,7/8/23 2:46,0.54,Non-Auction Ads,Promote
20230807,1773534732547070 ,ID,,,1/1/00 0:00,0.8583,0.1113,7/8/23 2:45,0.54,Non-Auction Ads,Promote
20230807,1773537281747970 ,KR,KR,,1/1/00 0:00,91.63,43.53,7/8/23 2:52,2.37,Auction Ads,auction_relation
20230807,1773537063774250 ,TW,TW,,1/1/00 0:00,,18.0866,7/8/23 2:48,0.95,Auction Ads,auction_relation
20230807,1773532188128250 ,AU,,,1/1/00 0:00,2.2412,1.0566,7/8/23 2:46,0.54,Non-Auction Ads,Promote
20230807,1773536773315630 ,ID,ID,,1/1/00 0:00,1.6807,1.3467,7/8/23 2:46,1.8,Auction Ads,auction_relation
20230807,1773536593894400 ,AU,,,1/1/00 0:00,4.2845,1.3479,7/8/23 2:46,1.53,RIE,Promote Report Recall
20230807,1773536911223820 ,BR,BR,,1/1/00 0:00,3.81,11.4325,7/8/23 2:48,1.7,RIE,Ad Group Recall (Merged)
20230807,1773537140976640 ,BR,BR,,1/1/00 0:00,19.43,7.423,7/8/23 2:47,1.99,Auction Ads,auction_all
20230807,1773536775079940 ,BR,,,1/1/00 0:00,78.4549,8.9852,7/8/23 2:48,0.54,Non-Auction Ads,Promote
20230807,1773537098044460 ,SA,MENA,,1/1/00 0:00,10.36,1.7275,7/8/23 2:46,1.78,Auction Ads,auction_relation
20230807,1773537098044460 ,IQ,Others,,1/1/00 0:00,10.36,1.7275,7/8/23 2:46,1.56,Auction Ads,auction_all
20230807,1773537098044460 ,LB,Other,,1/1/00 0:00,10.36,1.7275,7/8/23 2:46,1.62,RIE,Ad Group Recall (Merged)
20230807,1773537098044460 ,IQ,Others,,1/1/00 0:00,10.36,1.7275,7/8/23 2:46,1.56,Auction Ads,auction_all
20230807,1773537098044460 ,IL,IL,,1/1/00 0:00,10.36,1.7275,7/8/23 2:46,1.52,Auction Ads,auction_relation
20230807,1773537098044460 ,KW,Others,,1/1/00 0:00,10.36,1.7275,7/8/23 2:46,1.56,Auction Ads,auction_all
20230807,1773537098044460 ,EG,MENA,,1/1/00 0:00,10.36,1.7275,7/8/23 2:46,1.78,Auction Ads,auction_relation
20230807,1773537098044460 ,SA,MENA,,1/1/00 0:00,10.36,1.7275,7/8/23 2:46,1.78,Auction Ads,auction_relation
20230807,1773537098044460 ,TR,TR,,1/1/00 0:00,10.36,1.7275,7/8/23 2:46,0.83,Auction Ads,auction_relation
20230807,1773537098044460 ,EG,MENA,,1/1/00 0:00,10.36,1.7275,7/8/23 2:46,1.78,Auction Ads,auction_relation
20230807,1773537098044460 ,TR,TR,,1/1/00 0:00,10.36,1.7275,7/8/23 2:46,0.83,Auction Ads,auction_relation
20230807,1773537098044460 ,LB,Others,,1/1/00 0:00,10.36,1.7275,7/8/23 2:46,1.56,Auction Ads,auction_all
20230807,1773537098044460 ,KW,Other,,1/1/00 0:00,10.36,1.7275,7/8/23 2:46,1.62,RIE,Ad Group Recall (Merged)
20230807,1773537098044460 ,AE,MENA,,1/1/00 0:00,10.36,1.7275,7/8/23 2:46,1.67,RIE,Ad Group Recall (Merged)
20230807,1773537098044460 ,IL,IL,,1/1/00 0:00,10.36,1.7275,7/8/23 2:46,1.52,Auction Ads,auction_relation
20230807,1773536639049730 ,VN,,,1/1/00 0:00,0.1824,0.5115,7/8/23 2:46,1.53,RIE,Promote Report Recall
20230807,1773536790245420 ,GB,GB,,1/1/00 0:00,2.66,0.7458,7/8/23 2:46,1.76,Auction Ads,auction_relation
20230807,1773537594999810 ,ID,ID,,1/1/00 0:00,0.2992,0.2979,7/8/23 2:46,1.8,Auction Ads,auction_relation
20230807,1773536600807430 ,US,,,1/1/00 0:00,10,3.293,7/8/23 2:47,0.54,Non-Auction Ads,Promote
20230807,1773536713745400 ,TH,,,1/1/00 0:00,30.8322,15.3329,7/8/23 2:50,0.54,Non-Auction Ads,Promote
20230807,1773536645049340 ,PH,,,1/1/00 0:00,6.4742,0.7693,7/8/23 2:47,0.54,Non-Auction Ads,Promote
20230807,1773531573374980 ,BR,,,1/1/00 0:00,4.3606,1.8772,7/8/23 2:47,0.54,Non-Auction Ads,Promote
20230807,1773536762358780 ,SA,,,1/1/00 0:00,37.9817,7.2929,7/8/23 2:48,0.54,Non-Auction Ads,Promote
20230807,1773534979216380 ,ID,,,1/1/00 0:00,0.4825,0.4904,7/8/23 2:47,0.54,Non-Auction Ads,Promote
20230807,1773537706598400 ,BR,BR,,1/1/00 0:00,,0.6246,7/8/23 2:47,1.99,Auction Ads,auction_all
20230807,1773536723628030 ,PH,,,1/1/00 0:00,39.1697,2.2199,7/8/23 2:47,0.54,Non-Auction Ads,Promote
20230807,1773536620345350 ,CA,,,1/1/00 0:00,0.0599,0.692,7/8/23 2:47,0.54,Non-Auction Ads,Promote
20230807,1773536985371680 ,MY,MY,,1/1/00 0:00,7.0875,1.4862,7/8/23 2:47,2.31,Auction Ads,auction_relation
20230807,1773537358680110 ,KR,KR,,1/1/00 0:00,28.3036,14.598,7/8/23 2:50,2.37,Auction Ads,auction_relation
20230807,1773529699166260 ,BR,,,1/1/00 0:00,1.4077,0.8679,7/8/23 2:48,0.54,Non-Auction Ads,Promote
20230807,1773536681166850 ,TH,,,1/1/00 0:00,9.99,2.0828,7/8/23 2:48,1.53,RIE,Promote Report Recall
20230807,1773536113818630 ,TH,,,1/1/00 0:00,0.96,1.9048,7/8/23 2:48,1.53,RIE,Promote Report Recall
20230807,1773531118039100 ,PH,,,1/1/00 0:00,0.8299,0.1472,7/8/23 2:48,0.54,Non-Auction Ads,Promote
20230807,1773530709035010 ,PH,,,1/1/00 0:00,32.6714,3.915,7/8/23 2:49,0.54,Non-Auction Ads,Promote
20230807,1773536889365550 ,ID,ID,,1/1/00 0:00,2.2903,1.3467,7/8/23 2:48,1.8,Auction Ads,auction_relation
20230807,1773536892837880 ,TH,,,1/1/00 0:00,32.1582,5.2735,7/8/23 2:49,0.54,Non-Auction Ads,Promote
20230807,1773536845263870 ,VN,,,1/1/00 0:00,1.3554,0.5115,7/8/23 2:49,1.53,RIE,Promote Report Recall
20230807,1773536685038590 ,MY,,,1/1/00 0:00,2.4017,1.309,7/8/23 2:49,1.53,RIE,Promote Report Recall
20230807,1773535115944960 ,ID,,,1/1/00 0:00,0.9415,0.444,7/8/23 2:49,0.54,Non-Auction Ads,Promote
20230807,1773536909481000 ,GB,GB,,1/1/00 0:00,1.07,0.7458,7/8/23 2:49,1.76,Auction Ads,auction_relation
20230807,1773536909025320 ,GB,GB,,1/1/00 0:00,3.46,0.7458,7/8/23 2:49,1.76,Auction Ads,auction_relation
20230807,1773536628559890 ,TH,,,1/1/00 0:00,1.9,3.6864,7/8/23 2:50,1.53,RIE,Promote Report Recall
20230807,1773535137937410 ,ID,,,1/1/00 0:00,1.2086,0,7/8/23 2:49,0.54,Non-Auction Ads,Promote
20230807,1773459366907960 ,SA,,,1/1/00 0:00,1.3782,0.4676,7/8/23 2:49,0.54,Non-Auction Ads,Promote
20230807,1773531596712000 ,BR,,,1/1/00 0:00,2.7826,0.4265,7/8/23 2:50,0.54,Non-Auction Ads,Promote
20230807,1773537018773530 ,SA,MENA,,1/1/00 0:00,22.66,3.8387,7/8/23 2:50,1.67,RIE,Ad Group Recall (Merged)
20230807,1773536393566200 ,TH,,,1/1/00 0:00,0.0049,0.0354,7/8/23 2:50,0.54,Non-Auction Ads,Promote
20230807,1773536393566200 ,TH,,,1/1/00 0:00,0.0049,0.0354,7/8/23 2:50,0.54,Non-Auction Ads,Promote
20230807,1773536712475650 ,US,,,1/1/00 0:00,4.2,3.24,7/8/23 2:50,0.54,Non-Auction Ads,Promote
20230807,1773460172400640 ,SA,,,1/1/00 0:00,1.2903,0.2823,7/8/23 2:50,0.54,Non-Auction Ads,Promote
20230807,1773537109341260 ,FI,Others,,1/1/00 0:00,15.4,3.3432,7/8/23 2:50,1.56,Auction Ads,auction_all
20230807,1773536973813760 ,VN,,,1/1/00 0:00,71.3379,6.08,7/8/23 2:51,0.54,Non-Auction Ads,Promote
20230807,1773536477665280 ,TH,,,1/1/00 0:00,1.8373,0.5774,7/8/23 2:50,0.54,Non-Auction Ads,Promote
20230807,1773536477665280 ,TH,,,1/1/00 0:00,1.8373,0.5774,7/8/23 2:50,0.54,Non-Auction Ads,Promote
20230807,1773535860469760 ,CA,,,1/1/00 0:00,2.6771,1.3261,7/8/23 2:50,0.54,Non-Auction Ads,Promote
20230807,1773536932467710 ,VN,,,1/1/00 0:00,0.3528,0.5115,7/8/23 2:50,1.53,RIE,Promote Report Recall
20230807,1773537236283390 ,TW,TW,,1/1/00 0:00,24.73,7.5723,7/8/23 2:51,0.95,Auction Ads,auction_relation
20230807,1773537236283390 ,TW,TW,,1/1/00 0:00,24.73,7.5723,7/8/23 2:51,0.95,Auction Ads,auction_relation
20230807,1773537236283390 ,TW,TW,,1/1/00 0:00,24.73,7.5723,7/8/23 2:51,0.95,Auction Ads,auction_relation
20230807,1773536905235490 ,BR,BR,,1/1/00 0:00,,1.8099,7/8/23 2:50,1.99,Auction Ads,auction_all
20230807,1773536906724400 ,BR,BR,,1/1/00 0:00,2.56,1.8099,7/8/23 2:51,1.99,Auction Ads,auction_all
20230807,1773537100690440 ,PK,PK,,1/1/00 0:00,,0.2285,7/8/23 2:50,1.36,Auction Ads,auction_relation
20230807,1773537037798410 ,VN,VN,,1/1/00 0:00,4.12,1.8443,7/8/23 2:51,2.14,Auction Ads,auction_relation
20230807,1773536709691390 ,TH,,,1/1/00 0:00,1.5455,0.7147,7/8/23 2:51,0.54,Non-Auction Ads,Promote
20230807,1773370082199550 ,SA,,,1/1/00 0:00,2.0605,1.787,7/8/23 2:51,0.54,Non-Auction Ads,Promote
20230807,1773537243934720 ,BR,BR,,1/1/00 0:00,13.44,13.0168,7/8/23 2:53,1.99,Auction Ads,auction_all
20230807,1773537243934720 ,BR,BR,,1/1/00 0:00,13.44,13.0168,7/8/23 2:53,1.7,RIE,Ad Group Recall (Merged)
20230807,1773537037511710 ,TH,TH,,1/1/00 0:00,0.9145,0.638,7/8/23 2:51,1.64,Auction Ads,auction_relation
20230807,1773537085750320 ,TW,TW,,1/1/00 0:00,0.02,5.6505,7/8/23 2:52,2.59,RIE,Ad Group Recall (Merged)
20230807,1773536638774270 ,TH,,,1/1/00 0:00,0.7923,0.3872,7/8/23 2:51,0.54,Non-Auction Ads,Promote
20230807,1773536985922560 ,VN,,,1/1/00 0:00,0.2265,0.5115,7/8/23 2:51,1.53,RIE,Promote Report Recall
20230807,1773536699663360 ,TH,,,1/1/00 0:00,0.9404,1.5432,7/8/23 2:51,0.54,Non-Auction Ads,Promote
20230807,1773536774533120 ,US,,,1/1/00 0:00,4.26,1.6667,7/8/23 2:51,0.54,Non-Auction Ads,Promote
20230807,1773537007455230 ,VN,,,1/1/00 0:00,1.1948,0.5115,7/8/23 2:51,1.53,RIE,Promote Report Recall
20230807,1773537007455230 ,VN,,,1/1/00 0:00,1.1948,0.5115,7/8/23 2:51,1.53,RIE,Promote Report Recall
20230807,1773536891571200 ,KH,,,1/1/00 0:00,8.7829,0.6579,7/8/23 2:51,0.54,Non-Auction Ads,Promote
20230807,1773536944774140 ,TH,,,1/1/00 0:00,21.9655,15.3329,7/8/23 2:54,0.54,Non-Auction Ads,Promote
20230807,1773535886867460 ,CA,,,1/1/00 0:00,11.6426,3.0423,7/8/23 2:52,1.53,RIE,Promote Report Recall
20230807,1773535886867460 ,CA,,,1/1/00 0:00,11.6426,3.0423,7/8/23 2:52,0.54,Non-Auction Ads,Promote
20230807,1773532149354500 ,BR,,,1/1/00 0:00,3.2094,0.1191,7/8/23 2:52,0.54,Non-Auction Ads,Promote
20230807,1773536960575480 ,VN,,,1/1/00 0:00,1.4838,0.2536,7/8/23 2:52,1.53,RIE,Promote Report Recall
20230807,1773537209288730 ,MY,MY,,1/1/00 0:00,2.8958,1.4862,7/8/23 2:52,2.31,Auction Ads,auction_relation
20230807,1773536742231040 ,KH,,,1/1/00 0:00,1.2871,0.2147,7/8/23 2:52,0.54,Non-Auction Ads,Promote
20230807,1773537510283310 ,VN,VN,,1/1/00 0:00,6.4459,0.9622,7/8/23 2:52,2.14,Auction Ads,auction_relation
20230807,1773538277349420 ,BR,BR,,1/1/00 0:00,57.68,14.8453,7/8/23 2:54,1.99,Auction Ads,auction_all
20230807,1773538277349420 ,BR,BR,,1/1/00 0:00,57.68,14.8453,7/8/23 2:54,1.99,Auction Ads,auction_all
20230807,1773537375312920 ,GR,Other,,1/1/00 0:00,13.29,2.4696,7/8/23 2:52,1.62,RIE,Ad Group Recall (Merged)
20230807,1773537075493920 ,RO,RO,,1/1/00 0:00,,2.3802,7/8/23 2:52,1.94,Auction Ads,auction_relation
20230807,1773537075493920 ,RO,RO,,1/1/00 0:00,,2.3802,7/8/23 2:52,1.94,Auction Ads,auction_relation
20230807,1773537036267520 ,KH,,,1/1/00 0:00,6.7124,0.6135,7/8/23 2:52,0.54,Non-Auction Ads,Promote
20230807,1773536704147450 ,TH,,,1/1/00 0:00,1.367,2.1203,7/8/23 2:52,0.54,Non-Auction Ads,Promote
20230807,1773537232648220 ,TH,TH,,1/1/00 0:00,,1.6179,7/8/23 2:52,1.64,Auction Ads,auction_relation
20230807,1773537131970570 ,JP,JP,,1/1/00 0:00,23.35,4.0798,7/8/23 2:53,2.16,Auction Ads,auction_all
20230807,1773537124454440 ,JP,JP,,1/1/00 0:00,,4.0798,7/8/23 2:53,2.16,Auction Ads,auction_all
20230807,1773243575155730 ,BR,BR,,1/1/00 0:00,15.5919,64.7142,7/8/23 3:00,1.43,Non-Auction Ads,R&F
20230807,1773243575155730 ,BR,BR,,1/1/00 0:00,15.5919,64.7142,7/8/23 3:00,1.43,Non-Auction Ads,R&F
20230807,1773244194311200 ,BR,BR,,1/1/00 0:00,68.8497,64.7142,7/8/23 3:00,1.43,Non-Auction Ads,R&F
20230807,1773244194311200 ,BR,BR,,1/1/00 0:00,68.8497,64.7142,7/8/23 3:00,1.43,Non-Auction Ads,R&F
20230807,1773537366523920 ,VN,VN,,1/1/00 0:00,8.8063,1.6605,7/8/23 2:53,2.14,Auction Ads,auction_relation
20230807,1773537039603710 ,SA,,,1/1/00 0:00,13.0987,7.2865,7/8/23 2:54,0.54,Non-Auction Ads,Promote
20230807,1773455734249470 ,VN,,,1/1/00 0:00,1.851,0.4686,7/8/23 2:53,0.54,Non-Auction Ads,Promote
20230807,1773536823949310 ,US,,,1/1/00 0:00,9.11,10.46,7/8/23 2:54,0.54,Non-Auction Ads,Promote
20230807,1773536969017350 ,TH,,,1/1/00 0:00,5.75,0.6996,7/8/23 2:53,1.53,RIE,Promote Report Recall
20230807,1773455891659770 ,VN,,,1/1/00 0:00,1.7092,0.7404,7/8/23 2:53,0.54,Non-Auction Ads,Promote
20230807,1773537133976570 ,SA,,,1/1/00 0:00,20.149,6.9373,7/8/23 2:54,0.54,Non-Auction Ads,Promote
20230807,1773537317235810 ,TW,TW,,1/1/00 0:00,,3.4712,7/8/23 2:54,0.95,Auction Ads,auction_relation
20230807,1773537314762760 ,ZA,ZA,,1/1/00 0:00,6.03,1.7275,7/8/23 2:53,1.4,Auction Ads,auction_relation
20230807,1773537314762760 ,ZA,ZA,,1/1/00 0:00,6.03,1.7275,7/8/23 2:53,1.4,Auction Ads,auction_relation
20230807,1773537314762760 ,AR,AR,,1/1/00 0:00,6.03,1.7275,7/8/23 2:53,2.23,Auction Ads,auction_all
20230807,1773537314762760 ,EG,MENA,,1/1/00 0:00,6.03,1.7275,7/8/23 2:53,1.78,Auction Ads,auction_relation
20230807,1773537314762760 ,EG,MENA,,1/1/00 0:00,6.03,1.7275,7/8/23 2:53,1.78,Auction Ads,auction_relation
20230807,1773537314762760 ,EG,MENA,,1/1/00 0:00,6.03,1.7275,7/8/23 2:53,1.78,Auction Ads,auction_relation
20230807,1773537314762760 ,AR,AR,,1/1/00 0:00,6.03,1.7275,7/8/23 2:53,2.23,Auction Ads,auction_all
20230807,1773537234308120 ,ID,ID,,1/1/00 0:00,2.5,2.9169,7/8/23 2:54,1.8,Auction Ads,auction_relation
20230807,1773537279280160 ,FR,,,1/1/00 0:00,51.1978,12.797,7/8/23 2:56,1.53,RIE,Promote Report Recall
20230807,1773536124731390 ,TH,,,1/1/00 0:00,16.82,2.4128,7/8/23 2:54,1.53,RIE,Promote Report Recall
20230807,1773532235801600 ,BR,,,1/1/00 0:00,2.9093,0.7205,7/8/23 2:54,0.54,Non-Auction Ads,Promote
20230807,1773536958600190 ,TH,,,1/1/00 0:00,3.1574,2.6584,7/8/23 2:54,0.54,Non-Auction Ads,Promote
20230807,1773537298479100 ,MY,MY,,1/1/00 0:00,2.8237,2.7873,7/8/23 2:54,2.31,Auction Ads,auction_relation
20230807,1773536932830210 ,US,,,1/1/00 0:00,10.73,2.6089,7/8/23 2:54,0.54,Non-Auction Ads,Promote
20230807,1773537377450030 ,BR,BR,,1/1/00 0:00,,3.1761,7/8/23 2:55,1.99,Auction Ads,auction_all
20230807,1773533677469730 ,HU,Other,,1/1/00 0:00,15.22,3.198,7/8/23 2:55,1.62,RIE,Ad Group Recall (Merged)
20230807,1773537175604230 ,US,,,1/1/00 0:00,47.44,3.2368,7/8/23 2:55,1.53,RIE,Promote Report Recall
20230807,1773537817985070 ,MY,MY,,1/1/00 0:00,2.3909,4.466,7/8/23 2:55,2.31,Auction Ads,auction_relation
20230807,1773537758941230 ,KR,KR,,1/1/00 0:00,25.1496,14.598,7/8/23 2:57,2.37,Auction Ads,auction_relation
20230807,1773537758941230 ,KR,KR,,1/1/00 0:00,25.1496,14.598,7/8/23 2:57,2.37,Auction Ads,auction_relation
20230807,1773537003453440 ,TH,,,1/1/00 0:00,25.1102,15.3329,7/8/23 2:57,0.54,Non-Auction Ads,Promote
20230807,1773537101121530 ,TH,,,1/1/00 0:00,0.7634,0.3114,7/8/23 2:55,1.53,RIE,Promote Report Recall
20230807,1773537321123840 ,ID,ID,,1/1/00 0:00,2.86,2.9169,7/8/23 2:55,1.8,Auction Ads,auction_relation
20230807,1773536855232510 ,TH,,,1/1/00 0:00,3.9951,1.0961,7/8/23 2:55,0.54,Non-Auction Ads,Promote
20230807,1773537328159840 ,ID,ID,,1/1/00 0:00,4.223,1.1215,7/8/23 2:55,1.8,Auction Ads,auction_relation
20230807,1773538825007100 ,ID,ID,,1/1/00 0:00,,3.5247,7/8/23 2:56,1.8,Auction Ads,auction_relation
20230807,1773532745654270 ,BR,,,1/1/00 0:00,1.4264,0.4054,7/8/23 2:55,0.54,Non-Auction Ads,Promote
20230807,1773537151677440 ,TH,,,1/1/00 0:00,0.7874,0.3719,7/8/23 2:56,0.54,Non-Auction Ads,Promote
20230807,1773538327511100 ,ID,ID,,1/1/00 0:00,1.9317,0.4095,7/8/23 2:56,1.8,Auction Ads,auction_relation
20230807,1773536706913280 ,TH,,,1/1/00 0:00,0.7679,0,7/8/23 2:56,0.54,Non-Auction Ads,Promote
20230807,1773537539331120 ,TH,TH,,1/1/00 0:00,31.62,5.8453,7/8/23 2:57,1.87,RIE,Ad Group Recall (Merged)
20230807,1773455957262330 ,VN,,,1/1/00 0:00,2.6438,1.5225,7/8/23 2:56,0.54,Non-Auction Ads,Promote
20230807,1773537349660700 ,VN,VN,,1/1/00 0:00,,1.6491,7/8/23 2:56,2.14,Auction Ads,auction_relation
20230807,1773531772546050 ,BR,,,1/1/00 0:00,3.2749,0.2986,7/8/23 2:56,0.54,Non-Auction Ads,Promote
20230807,1773537468155900 ,KR,KR,,1/1/00 0:00,0.23,5.554,7/8/23 2:57,2.37,Auction Ads,auction_relation
20230807,1773537035067390 ,US,,,1/1/00 0:00,5.28,2.9284,7/8/23 2:57,0.54,Non-Auction Ads,Promote
20230807,1773537873774640 ,VN,VN,,1/1/00 0:00,0.122,0,7/8/23 2:56,2.14,Auction Ads,auction_relation
20230807,1773537014832130 ,US,,,1/1/00 0:00,13.29,2.9284,7/8/23 2:57,0.54,Non-Auction Ads,Promote
20230807,1773535060039680 ,ID,,,1/1/00 0:00,0.832,0.2034,7/8/23 2:56,0.54,Non-Auction Ads,Promote
20230807,1773537266837510 ,TH,,,1/1/00 0:00,11.55,1.9707,7/8/23 2:57,1.53,RIE,Promote Report Recall
20230807,1773531246531590 ,BR,,,1/1/00 0:00,1.3973,0.22,7/8/23 2:56,0.54,Non-Auction Ads,Promote
20230807,1773537249685510 ,BR,,,1/1/00 0:00,3.1232,0.8796,7/8/23 2:57,1.53,RIE,Promote Report Recall
20230807,1773536867147770 ,TH,,,1/1/00 0:00,1.3926,0.4076,7/8/23 2:56,0.54,Non-Auction Ads,Promote
20230807,1773537706608650 ,TH,TH,,1/1/00 0:00,38.7981,12.7555,7/8/23 2:59,1.87,RIE,Ad Group Recall (Merged)
20230807,1773532667900990 ,BR,,,1/1/00 0:00,1.4529,1.462,7/8/23 2:57,0.54,Non-Auction Ads,Promote
20230807,1773532286097410 ,BR,,,1/1/00 0:00,1.424,0.3393,7/8/23 2:57,0.54,Non-Auction Ads,Promote
20230807,1773531793002500 ,BR,,,1/1/00 0:00,1.3688,0.6887,7/8/23 2:57,0.54,Non-Auction Ads,Promote
20230807,1773456183538680 ,VN,,,1/1/00 0:00,1.6315,1.0578,7/8/23 2:57,0.54,Non-Auction Ads,Promote
20230807,1773537493242910 ,ID,ID,,1/1/00 0:00,1.5508,1.1215,7/8/23 2:58,1.8,Auction Ads,auction_relation
20230807,1773537472100350 ,TW,TW,,1/1/00 0:00,,4.8327,7/8/23 2:58,0.95,Auction Ads,auction_relation
20230807,1773537531204600 ,TW,TW,,1/1/00 0:00,11.56,4.8327,7/8/23 2:58,0.95,Auction Ads,auction_relation
20230807,1773537519721520 ,TW,TW,,1/1/00 0:00,,4.8327,7/8/23 2:58,0.95,Auction Ads,auction_relation
20230807,1773537503538220 ,TW,TW,,1/1/00 0:00,,4.8327,7/8/23 2:58,0.95,Auction Ads,auction_relation
20230807,1773537446447120 ,TW,TW,,1/1/00 0:00,,4.8327,7/8/23 2:58,0.95,Auction Ads,auction_relation
20230807,1773537520773160 ,TW,TW,,1/1/00 0:00,,4.8327,7/8/23 2:58,0.95,Auction Ads,auction_relation
20230807,1773537483975680 ,TW,TW,,1/1/00 0:00,,4.8327,7/8/23 2:58,0.95,Auction Ads,auction_relation
20230807,1773537252959230 ,TH,,,1/1/00 0:00,2.9942,0.6364,7/8/23 2:58,0.54,Non-Auction Ads,Promote
20230807,1773537216435200 ,TH,,,1/1/00 0:00,0.0028,0.4356,7/8/23 2:58,0.54,Non-Auction Ads,Promote
20230807,1773536192607230 ,US,,,1/1/00 0:00,10.88,4,7/8/23 2:58,0.54,Non-Auction Ads,Promote
20230807,1773456363012090 ,VN,,,1/1/00 0:00,0.8617,0,7/8/23 2:58,0.54,Non-Auction Ads,Promote
20230807,1773522284887070 ,FI,Others,,1/1/00 0:00,8.4044,32.4771,7/8/23 3:00,1.56,Auction Ads,auction_all
20230807,1773522284887070 ,SA,MENA,,1/1/00 0:00,8.4044,32.4771,7/8/23 3:00,1.78,Auction Ads,auction_relation
20230807,1773522284887070 ,GB,GB,,1/1/00 0:00,8.4044,32.4771,7/8/23 3:00,1.76,Auction Ads,auction_relation
20230807,1773522284887070 ,HU,Other,,1/1/00 0:00,8.4044,32.4771,7/8/23 3:00,1.62,RIE,Ad Group Recall (Merged)
20230807,1773522318441500 ,HU,Others,,1/1/00 0:00,8.0594,32.4771,7/8/23 3:00,1.56,Auction Ads,auction_all
20230807,1773522284887070 ,NO,Others,,1/1/00 0:00,8.4044,32.4771,7/8/23 3:00,1.56,Auction Ads,auction_all
20230807,1773522284887070 ,CH,CH,,1/1/00 0:00,8.4044,32.4771,7/8/23 3:00,0.93,Auction Ads,auction_relation
20230807,1773522284887070 ,CZ,CZ,,1/1/00 0:00,8.4044,32.4771,7/8/23 3:00,1.9,Auction Ads,auction_relation
20230807,1773522318441500 ,QA,Others,,1/1/00 0:00,8.0594,32.4771,7/8/23 3:00,1.56,Auction Ads,auction_all
20230807,1773522318441500 ,IE,IE,,1/1/00 0:00,8.0594,32.4771,7/8/23 3:00,1.52,Auction Ads,auction_relation
20230807,1773522284887070 ,MA,MA,,1/1/00 0:00,8.4044,32.4771,7/8/23 3:00,1.51,Auction Ads,auction_relation
20230807,1773522284887070 ,AE,MENA,,1/1/00 0:00,8.4044,32.4771,7/8/23 3:00,1.78,Auction Ads,auction_relation
20230807,1773522284887070 ,HU,Others,,1/1/00 0:00,8.4044,32.4771,7/8/23 3:00,1.56,Auction Ads,auction_all
20230807,1773522318441500 ,KR,KR,,1/1/00 0:00,8.0594,32.4771,7/8/23 3:00,2.37,Auction Ads,auction_relation
20230807,1773522284887070 ,DE,DE,,1/1/00 0:00,8.4044,32.4771,7/8/23 3:00,1.01,Auction Ads,auction_relation
20230807,1773522318441500 ,IT,IT,,1/1/00 0:00,8.0594,32.4771,7/8/23 3:00,1.36,Auction Ads,auction_relation
20230807,1773522318441500 ,AT,AT,,1/1/00 0:00,8.0594,32.4771,7/8/23 3:00,0.89,Auction Ads,auction_relation
20230807,1773522284887070 ,TR,TR,,1/1/00 0:00,8.4044,32.4771,7/8/23 3:00,0.83,Auction Ads,auction_relation
20230807,1773522318441500 ,KW,Others,,1/1/00 0:00,8.0594,32.4771,7/8/23 3:00,1.56,Auction Ads,auction_all
20230807,1773522318441500 ,RO,RO,,1/1/00 0:00,8.0594,32.4771,7/8/23 3:00,1.94,Auction Ads,auction_relation
20230807,1773522318441500 ,CH,CH,,1/1/00 0:00,8.0594,32.4771,7/8/23 3:00,0.93,Auction Ads,auction_relation
20230807,1773522284887070 ,NL,NL,,1/1/00 0:00,8.4044,32.4771,7/8/23 3:00,1.19,Auction Ads,auction_relation
20230807,1773522318441500 ,AE,MENA,,1/1/00 0:00,8.0594,32.4771,7/8/23 3:00,1.78,Auction Ads,auction_relation
20230807,1773522284887070 ,EG,MENA,,1/1/00 0:00,8.4044,32.4771,7/8/23 3:00,1.78,Auction Ads,auction_relation
20230807,1773522318441500 ,MA,MA,,1/1/00 0:00,8.0594,32.4771,7/8/23 3:00,1.51,Auction Ads,auction_relation
20230807,1773522318441500 ,EG,MENA,,1/1/00 0:00,8.0594,32.4771,7/8/23 3:00,1.78,Auction Ads,auction_relation
20230807,1773522284887070 ,DK,DK,,1/1/00 0:00,8.4044,32.4771,7/8/23 3:00,1.31,Auction Ads,auction_relation
20230807,1773522318441500 ,FI,Others,,1/1/00 0:00,8.0594,32.4771,7/8/23 3:00,1.56,Auction Ads,auction_all
20230807,1773522318441500 ,BE,BE,,1/1/00 0:00,8.0594,32.4771,7/8/23 3:00,1.15,Auction Ads,auction_relation
20230807,1773522284887070 ,KW,Others,,1/1/00 0:00,8.4044,32.4771,7/8/23 3:00,1.56,Auction Ads,auction_all
20230807,1773522284887070 ,IE,IE,,1/1/00 0:00,8.4044,32.4771,7/8/23 3:00,1.52,Auction Ads,auction_relation
20230807,1773522284887070 ,BE,BE,,1/1/00 0:00,8.4044,32.4771,7/8/23 3:00,1.15,Auction Ads,auction_relation
20230807,1773522318441500 ,SA,MENA,,1/1/00 0:00,8.0594,32.4771,7/8/23 3:00,1.78,Auction Ads,auction_relation
20230807,1773522284887070 ,KR,KR,,1/1/00 0:00,8.4044,32.4771,7/8/23 3:00,2.37,Auction Ads,auction_relation
20230807,1773522318441500 ,NO,Others,,1/1/00 0:00,8.0594,32.4771,7/8/23 3:00,1.56,Auction Ads,auction_all
20230807,1773522284887070 ,CZ,Other,,1/1/00 0:00,8.4044,32.4771,7/8/23 3:00,1.62,RIE,Ad Group Recall (Merged)
20230807,1773522318441500 ,DK,DK,,1/1/00 0:00,8.0594,32.4771,7/8/23 3:00,1.31,Auction Ads,auction_relation
20230807,1773522318441500 ,QA,Others,,1/1/00 0:00,8.0594,32.4771,7/8/23 3:00,1.56,Auction Ads,auction_all
20230807,1773522284887070 ,AT,AT,,1/1/00 0:00,8.4044,32.4771,7/8/23 3:00,0.89,Auction Ads,auction_relation
20230807,1773522318441500 ,PT,PT,,1/1/00 0:00,8.0594,32.4771,7/8/23 3:00,1.98,Auction Ads,auction_relation
20230807,1773522318441500 ,TR,TR,,1/1/00 0:00,8.0594,32.4771,7/8/23 3:00,0.83,Auction Ads,auction_relation
20230807,1773522284887070 ,QA,Others,,1/1/00 0:00,8.4044,32.4771,7/8/23 3:00,1.56,Auction Ads,auction_all
20230807,1773522318441500 ,GB,GB,,1/1/00 0:00,8.0594,32.4771,7/8/23 3:00,1.76,Auction Ads,auction_relation
20230807,1773522318441500 ,NL,NL,,1/1/00 0:00,8.0594,32.4771,7/8/23 3:00,1.19,Auction Ads,auction_relation
20230807,1773522318441500 ,HU,Other,,1/1/00 0:00,8.0594,32.4771,7/8/23 3:00,1.62,RIE,Ad Group Recall (Merged)
20230807,1773522284887070 ,RO,RO,,1/1/00 0:00,8.4044,32.4771,7/8/23 3:00,1.94,Auction Ads,auction_relation
20230807,1773522318441500 ,CZ,CZ,,1/1/00 0:00,8.0594,32.4771,7/8/23 3:00,1.9,Auction Ads,auction_relation
20230807,1773522318441500 ,ES,ES,,1/1/00 0:00,8.0594,32.4771,7/8/23 3:00,1.37,Auction Ads,auction_relation
20230807,1773522318441500 ,DE,DE,,1/1/00 0:00,8.0594,32.4771,7/8/23 3:00,1.01,Auction Ads,auction_relation
20230807,1773537162157060 ,US,,,1/1/00 0:00,14.21,3.5683,7/8/23 2:58,0.54,Non-Auction Ads,Promote
20230807,1773537454073850 ,TH,,,1/1/00 0:00,30.4456,3.0941,7/8/23 2:58,0.54,Non-Auction Ads,Promote
20230807,1773513612372010 ,BR,BR,,1/1/00 0:00,0,3.56,7/8/23 2:59,1.99,Auction Ads,auction_all
20230807,1773537200335870 ,TH,,,1/1/00 0:00,0.8398,0.4674,7/8/23 2:58,0.54,Non-Auction Ads,Promote
20230807,1773532555950080 ,BR,,,1/1/00 0:00,1.4347,0.6346,7/8/23 2:58,0.54,Non-Auction Ads,Promote
20230807,1773536588483590 ,US,,,1/1/00 0:00,3.49,1.621,7/8/23 2:59,0.54,Non-Auction Ads,Promote
20230807,1773537376079870 ,BR,,,1/1/00 0:00,0.1149,0.348,7/8/23 2:58,1.53,RIE,Promote Report Recall
20230807,1773535139326970 ,ID,,,1/1/00 0:00,0.9406,0.1887,7/8/23 2:58,0.54,Non-Auction Ads,Promote
20230807,1773537606007850 ,TH,TH,,1/1/00 0:00,27.0093,3.3366,7/8/23 2:59,1.64,Auction Ads,auction_relation
20230807,1773513798379560 ,BR,BR,,1/1/00 0:00,,3.56,7/8/23 2:59,1.99,Auction Ads,auction_all
20230807,1773537464801280 ,TH,,,1/1/00 0:00,9.3667,1.15,7/8/23 2:59,1.53,RIE,Promote Report Recall
20230807,1773456442918910 ,VN,,,1/1/00 0:00,1.6583,0.3137,7/8/23 2:59,0.54,Non-Auction Ads,Promote
20230807,1773537513612350 ,TH,,,1/1/00 0:00,6.92,1.118,7/8/23 2:59,1.53,RIE,Promote Report Recall
20230807,1773527780886570 ,JP,JP,,1/1/00 0:00,,21.0735,7/8/23 3:00,2.16,Auction Ads,auction_all
20230807,1773538344958970 ,BR,BR,,1/1/00 0:00,,63.7505,7/8/23 3:07,1.99,Auction Ads,auction_all
20230807,1773540033288220 ,TH,TH,,1/1/00 0:00,97.116,264.3613,7/8/23 3:38,1.64,Auction Ads,auction_relation
20230807,1773538079341610 ,JP,JP,,1/1/00 0:00,,59.0054,7/8/23 3:06,2.16,Auction Ads,auction_all
20230807,1773538901143580 ,JP,JP,,1/1/00 0:00,116.7759,124.2165,7/8/23 3:16,2.16,Auction Ads,auction_all
20230807,1773537870680110 ,VN,VN,,1/1/00 0:00,14.0631,13.385,7/8/23 3:00,2.14,Auction Ads,auction_relation
20230807,1773538397565950 ,ID,ID,,1/1/00 0:00,179.17,96.908,7/8/23 3:13,1.8,Auction Ads,auction_relation
20230807,1773537707808760 ,VN,VN,,1/1/00 0:00,0.8214,9.557,7/8/23 3:00,2.14,Auction Ads,auction_relation
20230807,1773537863338030 ,MY,MY,,1/1/00 0:00,3.06,17.0433,7/8/23 3:01,2.31,Auction Ads,auction_relation
20230807,1773532137397290 ,SA,MENA,,1/1/00 0:00,3.29,3.3484,7/8/23 3:00,1.67,RIE,Ad Group Recall (Merged)
20230807,1773529036512300 ,SA,MENA,,1/1/00 0:00,3.91,3.3484,7/8/23 3:00,1.67,RIE,Ad Group Recall (Merged)
20230807,1773537604497440 ,ID,ID,,1/1/00 0:00,,2.7556,7/8/23 3:00,1.8,Auction Ads,auction_relation
20230807,1773537531995130 ,ID,,,1/1/00 0:00,19.2277,1.5997,7/8/23 3:00,0.54,Non-Auction Ads,Promote
20230807,1773524461036560 ,FR,FR,,1/1/00 0:00,12.6227,0,7/8/23 3:00,1.97,Auction Ads,auction_relation
20230807,1773535699014670 ,MY,MY,,1/1/00 0:00,,2.5352,7/8/23 3:00,2.31,Auction Ads,auction_relation
20230807,1773528032657440 ,BR,BR,,1/1/00 0:00,2.2554,0.7228,7/8/23 3:00,1.7,RIE,Ad Group Recall (Merged)
20230807,1773494509221930 ,BR,BR,,1/1/00 0:00,15.4387,1.8781,7/8/23 3:00,1.7,RIE,Ad Group Recall (Merged)
20230807,1773527277580290 ,BR,BR,,1/1/00 0:00,2.4669,0.7228,7/8/23 3:00,1.7,RIE,Ad Group Recall (Merged)
20230807,1773532272237600 ,BR,BR,,1/1/00 0:00,2.0276,0.7228,7/8/23 3:00,1.7,RIE,Ad Group Recall (Merged)
20230807,1773536798616580 ,US,,,1/1/00 0:00,14.08,4.0425,7/8/23 3:00,0.54,Non-Auction Ads,Promote
20230807,1773537502098430 ,TH,,,1/1/00 0:00,0.7634,0.2363,7/8/23 3:00,0.54,Non-Auction Ads,Promote
20230807,1773460717359100 ,SA,,,1/1/00 0:00,3.0734,1.4007,7/8/23 3:00,0.54,Non-Auction Ads,Promote
20230807,1773537930555420 ,TH,TH,,1/1/00 0:00,5.292,2.1425,7/8/23 3:00,1.64,Auction Ads,auction_relation
20230807,1773537930555420 ,TH,TH,,1/1/00 0:00,5.292,2.1425,7/8/23 3:00,1.64,Auction Ads,auction_relation
20230807,1773531309862940 ,BR,BR,,1/1/00 0:00,3.4134,0.7228,7/8/23 3:00,1.99,Auction Ads,auction_all
20230807,1773531309862940 ,BR,BR,,1/1/00 0:00,3.4134,0.7228,7/8/23 3:00,1.7,RIE,Ad Group Recall (Merged)
20230807,1773401814646880 ,BR,BR,,1/1/00 0:00,4.787,4.0077,7/8/23 3:01,1.7,RIE,Ad Group Recall (Merged)
20230807,1773481036165120 ,MX,Other,,1/1/00 0:00,101.5824,4.0077,7/8/23 3:01,1.62,RIE,Ad Group Recall (Merged)
20230807,1773538751961080 ,BE,BE,,1/1/00 0:00,34.93,30.97,7/8/23 3:05,1.15,Auction Ads,auction_relation
20230807,1773538751961080 ,BE,BE,,1/1/00 0:00,34.93,30.97,7/8/23 3:05,1.15,Auction Ads,auction_relation
20230807,1773538751961080 ,FR,FR,,1/1/00 0:00,34.93,30.97,7/8/23 3:05,1.97,Auction Ads,auction_relation
20230807,1773537803528190 ,AU,AU,,1/1/00 0:00,92.14,27.4339,7/8/23 3:05,1.84,Auction Ads,auction_relation
20230807,1773538024218620 ,TH,TH,,1/1/00 0:00,35.69,5.8453,7/8/23 3:01,1.87,RIE,Ad Group Recall (Merged)
20230807,1773537805076520 ,AU,AU,,1/1/00 0:00,85.5,27.4339,7/8/23 3:05,1.84,Auction Ads,auction_relation
20230807,1773537943733260 ,BR,BR,,1/1/00 0:00,,14.0741,7/8/23 3:03,1.99,Auction Ads,auction_all
20230807,1773537943733260 ,BR,BR,,1/1/00 0:00,,14.0741,7/8/23 3:03,1.99,Auction Ads,auction_all
20230807,1773537779182610 ,KH,KH,,1/1/00 0:00,12.09,2.5473,7/8/23 3:01,1.5,Auction Ads,auction_relation
20230807,1773538285180930 ,US,,,1/1/00 0:00,443.57,66.6667,7/8/23 3:13,0.54,Non-Auction Ads,Promote
20230807,1773537756680240 ,ID,ID,,1/1/00 0:00,,1.1215,7/8/23 3:01,1.8,Auction Ads,auction_relation
20230807,1773537718130730 ,ID,ID,,1/1/00 0:00,,2.7556,7/8/23 3:02,1.8,Auction Ads,auction_relation
20230807,1773537496199170 ,ID,,,1/1/00 0:00,1.5691,0.365,7/8/23 3:01,1.53,RIE,Promote Report Recall
20230807,1773537795439660 ,US,USCA,,1/1/00 0:00,37.49,11.7424,7/8/23 3:03,1.78,Auction Ads,auction_relation
20230807,1773538112348170 ,BR,BR,,1/1/00 0:00,0.2217,0.6754,7/8/23 3:01,1.99,Auction Ads,auction_all
20230807,1773535960674320 ,GB,,,1/1/00 0:00,3.6461,1.3955,7/8/23 3:02,0.54,Non-Auction Ads,Promote
20230807,1773534469479420 ,AE,MENA,,1/1/00 0:00,28.36,26.3379,7/8/23 3:05,1.78,Auction Ads,auction_relation
20230807,1773530310857730 ,BR,,,1/1/00 0:00,1.3217,1.2901,7/8/23 3:02,0.54,Non-Auction Ads,Promote
20230807,1773537677827070 ,HU,Other,,1/1/00 0:00,0.21,2.5747,7/8/23 3:02,1.62,RIE,Ad Group Recall (Merged)
20230807,1773537691230210 ,HU,Other,,1/1/00 0:00,0.23,2.5747,7/8/23 3:02,1.62,RIE,Ad Group Recall (Merged)
20230807,1773537686379560 ,HU,Other,,1/1/00 0:00,0.22,2.5747,7/8/23 3:02,1.62,RIE,Ad Group Recall (Merged)
20230807,1773537697961020 ,SA,,,1/1/00 0:00,23.6835,3.5384,7/8/23 3:02,0.54,Non-Auction Ads,Promote
20230807,1773537628437500 ,ID,,,1/1/00 0:00,16.2478,1.5997,7/8/23 3:02,0.54,Non-Auction Ads,Promote
20230807,1773370352064510 ,SA,,,1/1/00 0:00,3.0201,0.9503,7/8/23 3:02,0.54,Non-Auction Ads,Promote
20230807,1773537664799740 ,TH,,,1/1/00 0:00,6.73,1.5909,7/8/23 3:02,1.53,RIE,Promote Report Recall
20230807,1773537748275210 ,VN,VN,,1/1/00 0:00,9.56,2.8531,7/8/23 3:02,2.14,Auction Ads,auction_relation
20230807,1773537601511420 ,SA,,,1/1/00 0:00,1.2368,0.2741,7/8/23 3:02,1.53,RIE,Promote Report Recall
20230807,1773532926280700 ,BR,,,1/1/00 0:00,2.8833,0.8198,7/8/23 3:02,0.54,Non-Auction Ads,Promote
20230807,1773537866364920 ,US,USCA,,1/1/00 0:00,39.82,11.7424,7/8/23 3:04,1.78,Auction Ads,auction_relation
20230807,1773538146173970 ,ID,ID,,1/1/00 0:00,43.43,7.0542,7/8/23 3:03,2.05,RIE,Ad Group Recall (Merged)
20230807,1773537717185530 ,VN,,,1/1/00 0:00,0.1784,0.6117,7/8/23 3:02,1.53,RIE,Promote Report Recall
20230807,1773537751509010 ,DK,DK,,1/1/00 0:00,18.81,2.4257,7/8/23 3:03,1.31,Auction Ads,auction_relation
20230807,1773538256104460 ,VN,VN,,1/1/00 0:00,8.7118,1.3099,7/8/23 3:03,2.14,Auction Ads,auction_relation
20230807,1773537729756160 ,VN,,,1/1/00 0:00,5.4251,1.5738,7/8/23 3:03,1.53,RIE,Promote Report Recall
20230807,1773538756996140 ,GB,GB,,1/1/00 0:00,20.18,5.2638,7/8/23 3:03,1.76,Auction Ads,auction_relation
20230807,1773537263779840 ,TH,,,1/1/00 0:00,0.7036,0.4384,7/8/23 3:03,0.54,Non-Auction Ads,Promote
20230807,1773536822352900 ,US,,,1/1/00 0:00,9.66,2.8898,7/8/23 3:03,0.54,Non-Auction Ads,Promote
20230807,1773537757806590 ,VN,,,1/1/00 0:00,7.4347,1.5738,7/8/23 3:03,1.53,RIE,Promote Report Recall
20230807,1773537907622940 ,VN,VN,,1/1/00 0:00,3.6654,2.7773,7/8/23 3:03,2.14,Auction Ads,auction_relation
20230807,1773537905136640 ,VN,VN,,1/1/00 0:00,4.0129,2.7773,7/8/23 3:03,2.14,Auction Ads,auction_relation
20230807,1773537562594300 ,TH,,,1/1/00 0:00,0.9232,0.4135,7/8/23 3:03,0.54,Non-Auction Ads,Promote
20230807,1773530617172990 ,BR,,,1/1/00 0:00,2.4502,4.8549,7/8/23 3:04,0.54,Non-Auction Ads,Promote
20230807,1773537854109690 ,ID,ID,,1/1/00 0:00,1.8968,1.3467,7/8/23 3:03,1.8,Auction Ads,auction_relation
20230807,1773537966211100 ,US,USCA,,1/1/00 0:00,41.43,11.7424,7/8/23 3:05,1.78,Auction Ads,auction_relation
20230807,1773537926946860 ,TW,TW,,1/1/00 0:00,,2.6377,7/8/23 3:04,0.95,Auction Ads,auction_relation
20230807,1773538336088060 ,BR,BR,,1/1/00 0:00,,1.3267,7/8/23 3:03,1.99,Auction Ads,auction_all
20230807,1773537646423040 ,TH,,,1/1/00 0:00,1.5026,0.545,7/8/23 3:03,0.54,Non-Auction Ads,Promote
20230807,1773537730571280 ,MY,MY,,1/1/00 0:00,7.62,0.9154,7/8/23 3:03,2.31,Auction Ads,auction_relation
20230807,1773538146794510 ,TW,TW,,1/1/00 0:00,,2.9565,7/8/23 3:04,0.95,Auction Ads,auction_relation
20230807,1773537983051820 ,MY,MY,,1/1/00 0:00,4.8588,2.9096,7/8/23 3:04,2.31,Auction Ads,auction_relation
20230807,1773537795803130 ,VN,,,1/1/00 0:00,0.2348,0.6117,7/8/23 3:04,1.53,RIE,Promote Report Recall
20230807,1773538157160440 ,VN,VN,,1/1/00 0:00,2.98,2.67,7/8/23 3:05,2.14,Auction Ads,auction_relation
20230807,1773538833993740 ,BR,BR,,1/1/00 0:00,59.44,7.423,7/8/23 3:05,1.99,Auction Ads,auction_all
20230807,1773537905923070 ,BR,BR,,1/1/00 0:00,66.17,4.5114,7/8/23 3:05,1.99,Auction Ads,auction_all
20230807,1773537622147070 ,TH,,,1/1/00 0:00,6.9839,1.1435,7/8/23 3:05,0.54,Non-Auction Ads,Promote
20230807,1773538059432960 ,VN,VN,,1/1/00 0:00,13.8061,13.385,7/8/23 3:07,2.14,Auction Ads,auction_relation
20230807,1773538004892720 ,TH,TH,,1/1/00 0:00,41.1297,1.4824,7/8/23 3:05,1.64,Auction Ads,auction_relation
20230807,1773538397358110 ,ID,ID,,1/1/00 0:00,,2.7556,7/8/23 3:05,1.8,Auction Ads,auction_relation
20230807,1773537876218940 ,VN,,,1/1/00 0:00,5.4292,1.6436,7/8/23 3:05,1.53,RIE,Promote Report Recall
20230807,1773535212472320 ,ID,,,1/1/00 0:00,0.8553,0.1831,7/8/23 3:05,0.54,Non-Auction Ads,Promote
20230807,1773537791861760 ,TH,,,1/1/00 0:00,6.06,10.4033,7/8/23 3:07,1.53,RIE,Promote Report Recall
20230807,1773537814403070 ,US,,,1/1/00 0:00,10.64,4.0123,7/8/23 3:05,0.54,Non-Auction Ads,Promote
20230807,1773531590711290 ,PH,,,1/1/00 0:00,0.777,0.3475,7/8/23 3:05,0.54,Non-Auction Ads,Promote
20230807,1773538637135880 ,US,US&CA,,1/1/00 0:00,0,8.4663,7/8/23 3:08,1.81,RIE,Ad Group Recall (Merged)
20230807,1773537826676730 ,VN,,,1/1/00 0:00,2.9888,0.3469,7/8/23 3:05,1.53,RIE,Promote Report Recall
20230807,1773537098878980 ,US,,,1/1/00 0:00,8.44,4.3433,7/8/23 3:06,0.54,Non-Auction Ads,Promote
20230807,1773538054807560 ,VN,VN,,1/1/00 0:00,0.4587,0,7/8/23 3:05,2.14,Auction Ads,auction_relation
20230807,1773538054804510 ,VN,VN,,1/1/00 0:00,0.2756,0,7/8/23 3:05,2.14,Auction Ads,auction_relation
20230807,1773538054799360 ,VN,VN,,1/1/00 0:00,0.4699,0,7/8/23 3:05,2.14,Auction Ads,auction_relation
20230807,1773537843471420 ,IL,,,1/1/00 0:00,29.4344,0.474,7/8/23 3:06,0.54,Non-Auction Ads,Promote
20230807,1773538248951820 ,VN,VN,,1/1/00 0:00,0.9422,1.088,7/8/23 3:06,2.14,Auction Ads,auction_relation
20230807,1773537523261440 ,TH,,,1/1/00 0:00,2.72,5.045,7/8/23 3:07,1.53,RIE,Promote Report Recall
20230807,1773538856969230 ,VN,VN,,1/1/00 0:00,3.2612,1.199,7/8/23 3:06,2.14,Auction Ads,auction_relation
20230807,1773539046082590 ,BR,BR,,1/1/00 0:00,25.25,14.0741,7/8/23 3:08,1.99,Auction Ads,auction_all
20230807,1773538357870680 ,MY,MY,,1/1/00 0:00,11.2409,2.8344,7/8/23 3:07,2.31,Auction Ads,auction_relation
20230807,1773456415527930 ,VN,,,1/1/00 0:00,0.9369,0.4927,7/8/23 3:07,0.54,Non-Auction Ads,Promote
20230807,1773538260823070 ,ID,ID,,1/1/00 0:00,,8.9156,7/8/23 3:08,1.8,Auction Ads,auction_relation
20230807,1773537761311740 ,TH,,,1/1/00 0:00,1.8994,0.1948,7/8/23 3:07,0.54,Non-Auction Ads,Promote
20230807,1773538042597370 ,VN,,,1/1/00 0:00,5.455,1.2753,7/8/23 3:08,1.53,RIE,Promote Report Recall
20230807,1773540797065210 ,TH,TH,,1/1/00 0:00,98.1812,264.3613,7/8/23 3:48,1.64,Auction Ads,auction_relation
20230807,1773537887091710 ,US,,,1/1/00 0:00,0,1.225,7/8/23 3:08,0.54,Non-Auction Ads,Promote
20230807,1773538594194460 ,GB,GB,,1/1/00 0:00,,8.3489,7/8/23 3:09,1.76,Auction Ads,auction_relation
20230807,1773538277350400 ,GB,GB,,1/1/00 0:00,,8.3489,7/8/23 3:09,1.76,Auction Ads,auction_relation
20230807,1773538150512640 ,GB,GB,,1/1/00 0:00,18.93,8.3489,7/8/23 3:09,1.76,Auction Ads,auction_relation
20230807,1773538470002720 ,GB,GB,,1/1/00 0:00,18.89,8.3489,7/8/23 3:09,1.76,Auction Ads,auction_relation
20230807,1773538357497850 ,SA,MENA,,1/1/00 0:00,7.66,17.0433,7/8/23 3:10,1.78,Auction Ads,auction_relation
20230807,1773538042590210 ,IL,,,1/1/00 0:00,40.252,8.4645,7/8/23 3:09,0.54,Non-Auction Ads,Promote
20230807,1773538304151610 ,AU,AU,,1/1/00 0:00,18.43,22.3589,7/8/23 3:11,1.84,RIE,Ad Group Recall (Merged)
20230807,1773538056045570 ,SA,,,1/1/00 0:00,32.2535,8.3272,7/8/23 3:09,0.54,Non-Auction Ads,Promote
20230807,1773537322064910 ,US,,,1/1/00 0:00,9.07,3.3333,7/8/23 3:08,0.54,Non-Auction Ads,Promote
20230807,1773539115581470 ,JP,JP,,1/1/00 0:00,191.4244,29.5066,7/8/23 3:13,3.21,RIE,Ad Group Recall (Merged)
20230807,1773537944272890 ,MY,,,1/1/00 0:00,17.8222,10.5453,7/8/23 3:09,0.54,Non-Auction Ads,Promote
20230807,1773539512868880 ,LB,Others,,1/1/00 0:00,,0.06,7/8/23 3:08,1.56,Auction Ads,auction_all
20230807,1773539512868880 ,EG,MENA,,1/1/00 0:00,,0.06,7/8/23 3:08,1.78,Auction Ads,auction_relation
20230807,1773539512868880 ,IQ,Others,,1/1/00 0:00,,0.06,7/8/23 3:08,1.56,Auction Ads,auction_all
20230807,1773539501461530 ,LB,Others,,1/1/00 0:00,,0.06,7/8/23 3:08,1.56,Auction Ads,auction_all
20230807,1773539501461530 ,EG,MENA,,1/1/00 0:00,,0.06,7/8/23 3:08,1.78,Auction Ads,auction_relation
20230807,1773539501461530 ,IQ,Others,,1/1/00 0:00,,0.06,7/8/23 3:08,1.56,Auction Ads,auction_all
20230807,1773539512868880 ,JO,Others,,1/1/00 0:00,,0.06,7/8/23 3:08,1.56,Auction Ads,auction_all
20230807,1773539504170010 ,IQ,Others,,1/1/00 0:00,13.85,0.06,7/8/23 3:08,1.56,Auction Ads,auction_all
20230807,1773539501461530 ,JO,Others,,1/1/00 0:00,,0.06,7/8/23 3:08,1.56,Auction Ads,auction_all
20230807,1773538160450560 ,PK,PK,,1/1/00 0:00,,0.2285,7/8/23 3:08,1.36,Auction Ads,auction_relation
20230807,1773538322703360 ,GB,GB,,1/1/00 0:00,7.49,8.3489,7/8/23 3:10,1.76,Auction Ads,auction_relation
20230807,1773538544958480 ,GB,GB,,1/1/00 0:00,8.39,8.3489,7/8/23 3:10,1.76,Auction Ads,auction_relation
20230807,1773537638099970 ,TH,,,1/1/00 0:00,3.0614,0.9444,7/8/23 3:09,0.54,Non-Auction Ads,Promote
20230807,1773537946546170 ,VN,,,1/1/00 0:00,2.9067,0.47,7/8/23 3:09,1.53,RIE,Promote Report Recall
20230807,1773538048387070 ,SA,,,1/1/00 0:00,0.32,0.9491,7/8/23 3:09,1.53,RIE,Promote Report Recall
20230807,1773538088777720 ,ID,,,1/1/00 0:00,8.8378,1.5997,7/8/23 3:09,0.54,Non-Auction Ads,Promote
20230807,1773538000299010 ,US,,,1/1/00 0:00,5.1,2.955,7/8/23 3:09,0.54,Non-Auction Ads,Promote
20230807,1773538063247360 ,VN,,,1/1/00 0:00,0.006,0.7023,7/8/23 3:09,1.53,RIE,Promote Report Recall
20230807,1773537412995070 ,TH,,,1/1/00 0:00,13.1211,1.498,7/8/23 3:09,0.54,Non-Auction Ads,Promote
20230807,1773538023334970 ,MY,,,1/1/00 0:00,11.1925,0.4362,7/8/23 3:09,0.54,Non-Auction Ads,Promote
20230807,1773538486932480 ,BR,BR,,1/1/00 0:00,3.6,19.2958,7/8/23 3:13,1.99,Auction Ads,auction_all
20230807,1773537970967550 ,TH,,,1/1/00 0:00,3.9324,0.4361,7/8/23 3:09,0.54,Non-Auction Ads,Promote
20230807,1773538551847020 ,BR,BR,,1/1/00 0:00,26.59,22.0527,7/8/23 3:13,1.99,Auction Ads,auction_all
20230807,1773538127994880 ,SA,,,1/1/00 0:00,19.4242,2.7993,7/8/23 3:10,0.54,Non-Auction Ads,Promote
20230807,1773456757274620 ,VN,,,1/1/00 0:00,0.7551,0.3169,7/8/23 3:10,0.54,Non-Auction Ads,Promote
20230807,1773538181767170 ,VN,,,1/1/00 0:00,1.6272,0.6906,7/8/23 3:10,1.53,RIE,Promote Report Recall
20230807,1773538130715640 ,KW,,,1/1/00 0:00,6.0717,1.6207,7/8/23 3:10,1.53,RIE,Promote Report Recall
20230807,1773532816578560 ,PH,,,1/1/00 0:00,0.4119,0.2892,7/8/23 3:10,0.54,Non-Auction Ads,Promote
20230807,1773538146319360 ,US,,,1/1/00 0:00,7.74,3.3691,7/8/23 3:11,0.54,Non-Auction Ads,Promote
20230807,1773370493752320 ,SA,,,1/1/00 0:00,2.0177,1.787,7/8/23 3:10,0.54,Non-Auction Ads,Promote
20230807,1773538083907580 ,ID,,,1/1/00 0:00,1.8932,0.8535,7/8/23 3:10,1.53,RIE,Promote Report Recall
20230807,1773537764715520 ,TH,,,1/1/00 0:00,2.9524,1.6688,7/8/23 3:11,0.54,Non-Auction Ads,Promote
20230807,1773530898370560 ,IQ,Others,,1/1/00 0:00,20.93,3.2777,7/8/23 3:11,1.56,Auction Ads,auction_all
20230807,1773538727202840 ,VN,VN,,1/1/00 0:00,23.741,5.4478,7/8/23 3:11,2.14,Auction Ads,auction_relation
20230807,1773538727202840 ,VN,VN,,1/1/00 0:00,23.741,5.4478,7/8/23 3:11,2.14,Auction Ads,auction_relation
20230807,1773538527711260 ,TH,TH,,1/1/00 0:00,13.8007,19.2957,7/8/23 3:14,1.64,Auction Ads,auction_relation
20230807,1773538006201350 ,US,,,1/1/00 0:00,4.08,1.6464,7/8/23 3:11,0.54,Non-Auction Ads,Promote
20230807,1773538194941950 ,ID,,,1/1/00 0:00,11.995,1.5997,7/8/23 3:11,0.54,Non-Auction Ads,Promote
20230807,1773539874592770 ,NZ,NZ,,1/1/00 0:00,17.17,3.1634,7/8/23 3:11,1.58,Auction Ads,auction_relation
20230807,1773538306294830 ,VN,VN,,1/1/00 0:00,2.5506,1.088,7/8/23 3:11,2.14,Auction Ads,auction_relation
20230807,1773537350355970 ,FR,,,1/1/00 0:00,6.4822,2.2285,7/8/23 3:12,0.54,Non-Auction Ads,Promote
20230807,1773538289370110 ,MY,MY,,1/1/00 0:00,7.71,0.7374,7/8/23 3:12,2.31,Auction Ads,auction_relation
20230807,1773538391474220 ,VN,VN,,1/1/00 0:00,,8.123,7/8/23 3:13,2.14,Auction Ads,auction_relation
20230807,1773538525907960 ,JP,JP,,1/1/00 0:00,,7.2506,7/8/23 3:13,3.21,RIE,Ad Group Recall (Merged)
20230807,1773538518836250 ,JP,JP,,1/1/00 0:00,23.22,7.2506,7/8/23 3:13,3.21,RIE,Ad Group Recall (Merged)
20230807,1773538536839170 ,JP,JP,,1/1/00 0:00,,7.2506,7/8/23 3:13,3.21,RIE,Ad Group Recall (Merged)
20230807,1773538522210300 ,JP,JP,,1/1/00 0:00,43.11,7.2506,7/8/23 3:13,3.21,RIE,Ad Group Recall (Merged)
20230807,1773538538586140 ,JP,JP,,1/1/00 0:00,,7.2506,7/8/23 3:13,3.21,RIE,Ad Group Recall (Merged)
20230807,1773538532294650 ,JP,JP,,1/1/00 0:00,,7.2506,7/8/23 3:13,3.21,RIE,Ad Group Recall (Merged)
20230807,1773538538874920 ,JP,JP,,1/1/00 0:00,,7.2506,7/8/23 3:13,3.21,RIE,Ad Group Recall (Merged)
20230807,1773538514248730 ,JP,JP,,1/1/00 0:00,,7.2506,7/8/23 3:13,3.21,RIE,Ad Group Recall (Merged)
20230807,1773540249341970 ,VN,VN,,1/1/00 0:00,3.4143,1.42,7/8/23 3:12,2.14,Auction Ads,auction_relation
20230807,1773540249341970 ,VN,VN,,1/1/00 0:00,3.4143,1.42,7/8/23 3:12,2.14,Auction Ads,auction_relation
20230807,1773538153424900 ,US,,,1/1/00 0:00,4.72,1.6464,7/8/23 3:13,0.54,Non-Auction Ads,Promote
20230807,1773456682877950 ,VN,,,1/1/00 0:00,0.8017,0.3169,7/8/23 3:12,0.54,Non-Auction Ads,Promote
20230807,1773538355678200 ,VN,,,1/1/00 0:00,0.1177,0.6906,7/8/23 3:13,1.53,RIE,Promote Report Recall
20230807,1773539067390990 ,MY,MY,,1/1/00 0:00,,23.709,7/8/23 3:15,2.31,Auction Ads,auction_relation
20230807,1773539091267610 ,TH,TH,,1/1/00 0:00,7.9798,5.6017,7/8/23 3:13,1.64,Auction Ads,auction_relation
20230807,1773539091267610 ,TH,TH,,1/1/00 0:00,7.9798,5.6017,7/8/23 3:13,1.64,Auction Ads,auction_relation
20230807,1773538255348730 ,IL,,,1/1/00 0:00,24.8424,2.6717,7/8/23 3:13,0.54,Non-Auction Ads,Promote
20230807,1773538696999960 ,PL,PL,,1/1/00 0:00,4.8,3.2095,7/8/23 3:13,1.64,Auction Ads,auction_relation
20230807,1773538379188220 ,MY,,,1/1/00 0:00,5.5457,3.9677,7/8/23 3:13,1.53,RIE,Promote Report Recall
20230807,1773538878972930 ,MY,MY,,1/1/00 0:00,4.49,4.375,7/8/23 3:13,2.31,Auction Ads,auction_relation
20230807,1773538442147840 ,MX,MX,,1/1/00 0:00,,7.1921,7/8/23 3:14,1.99,Auction Ads,auction_all
20230807,1773538446725160 ,MX,MX,,1/1/00 0:00,,7.1921,7/8/23 3:14,1.99,Auction Ads,auction_all
20230807,1773538453391370 ,MX,MX,,1/1/00 0:00,,7.1921,7/8/23 3:14,1.99,Auction Ads,auction_all
20230807,1773537405609980 ,US,,,1/1/00 0:00,7.83,2.358,7/8/23 3:13,0.54,Non-Auction Ads,Promote
20230807,1773538900024320 ,BR,BR,,1/1/00 0:00,0.77,28.136,7/8/23 3:17,1.99,Auction Ads,auction_all
20230807,1773538585614350 ,US,,,1/1/00 0:00,123,36.1761,7/8/23 3:19,0.54,Non-Auction Ads,Promote
20230807,1773538174674950 ,US,,,1/1/00 0:00,15.08,2.7658,7/8/23 3:13,0.54,Non-Auction Ads,Promote
20230807,1773538174674950 ,US,,,1/1/00 0:00,15.08,2.7658,7/8/23 3:13,1.53,RIE,Promote Report Recall
20230807,1773538621004810 ,BR,BR,,1/1/00 0:00,3.26,19.2958,7/8/23 3:15,1.99,Auction Ads,auction_all
20230807,1773538421400570 ,VN,,,1/1/00 0:00,1.5863,0.6906,7/8/23 3:14,1.53,RIE,Promote Report Recall
20230807,1773538554386430 ,ID,ID,,1/1/00 0:00,,2.7556,7/8/23 3:14,1.8,Auction Ads,auction_relation
20230807,1773534807477280 ,ID,ID,,1/1/00 0:00,0.6,1.8692,7/8/23 3:14,1.8,Auction Ads,auction_relation
20230807,1773538359249920 ,US,,,1/1/00 0:00,0.41,2.5435,7/8/23 3:14,1.53,RIE,Promote Report Recall
20230807,1773538509355040 ,TH,TH,,1/1/00 0:00,1.31,1.0267,7/8/23 3:14,1.64,Auction Ads,auction_relation
20230807,1773540226509850 ,TW,TW,,1/1/00 0:00,82.56,147.02,7/8/23 3:35,0.95,Auction Ads,auction_relation
20230807,1773538330963040 ,US,,,1/1/00 0:00,7.74,2.6087,7/8/23 3:14,0.54,Non-Auction Ads,Promote
20230807,1773534218103830 ,BR,,,1/1/00 0:00,1.4117,1.1738,7/8/23 3:14,0.54,Non-Auction Ads,Promote
20230807,1773538572470300 ,PL,PL,,1/1/00 0:00,0.43,0.6652,7/8/23 3:14,1.64,Auction Ads,auction_relation
20230807,1773456857833470 ,VN,,,1/1/00 0:00,1.6013,0.2396,7/8/23 3:14,0.54,Non-Auction Ads,Promote
20230807,1773538713895970 ,ID,ID,,1/1/00 0:00,67.71,19.2308,7/8/23 3:17,1.8,Auction Ads,auction_relation
20230807,1773538713895970 ,ID,ID,,1/1/00 0:00,67.71,19.2308,7/8/23 3:17,1.8,Auction Ads,auction_relation
20230807,1773539176774700 ,TH,TH,,1/1/00 0:00,26.3707,5.0394,7/8/23 3:15,1.64,Auction Ads,auction_relation
20230807,1773539233895450 ,SG,SG,,1/1/00 0:00,1.0155,38.2339,7/8/23 3:21,1.94,Auction Ads,auction_relation
20230807,1773538597105660 ,CH,CH,,1/1/00 0:00,2.1,1.7774,7/8/23 3:14,0.93,Auction Ads,auction_relation
20230807,1773538597105660 ,BE,BE,,1/1/00 0:00,2.1,1.7774,7/8/23 3:14,1.15,Auction Ads,auction_relation
20230807,1773538597105660 ,AT,AT,,1/1/00 0:00,2.1,1.7774,7/8/23 3:14,0.89,Auction Ads,auction_relation
20230807,1773538597105660 ,DE,DE,,1/1/00 0:00,2.1,1.7774,7/8/23 3:14,1.01,Auction Ads,auction_relation
20230807,1773538597105660 ,PT,PT,,1/1/00 0:00,2.1,1.7774,7/8/23 3:14,1.98,Auction Ads,auction_relation
20230807,1773538597105660 ,BE,BE,,1/1/00 0:00,2.1,1.7774,7/8/23 3:14,1.15,Auction Ads,auction_relation
20230807,1773538210011140 ,US,,,1/1/00 0:00,5.18,5.965,7/8/23 3:15,0.54,Non-Auction Ads,Promote
20230807,1773539128703020 ,AR,AR,,1/1/00 0:00,,8.2544,7/8/23 3:16,2.23,Auction Ads,auction_all
20230807,1773538637126680 ,VN,VN,,1/1/00 0:00,1.3381,1.7011,7/8/23 3:15,2.14,Auction Ads,auction_relation
20230807,1773538912813100 ,AE,MENA,,1/1/00 0:00,13.2197,26.7062,7/8/23 3:20,1.67,RIE,Ad Group Recall (Merged)
20230807,1773538442463230 ,US,,,1/1/00 0:00,18.79,3.8,7/8/23 3:15,1.53,RIE,Promote Report Recall
20230807,1773539648943150 ,MY,MY,,1/1/00 0:00,2.8261,1.2857,7/8/23 3:15,2.31,Auction Ads,auction_relation
20230807,1773539542119420 ,JP,JP,,1/1/00 0:00,,78.0682,7/8/23 3:28,2.16,Auction Ads,auction_all
20230807,1773538554688560 ,ID,ID,,1/1/00 0:00,1.2121,1.3467,7/8/23 3:15,1.8,Auction Ads,auction_relation
20230807,1773538987721740 ,ID,ID,,1/1/00 0:00,11.8264,36.2394,7/8/23 3:22,1.8,Auction Ads,auction_relation
20230807,1773538439879680 ,ID,,,1/1/00 0:00,15.8203,1.5997,7/8/23 3:15,0.54,Non-Auction Ads,Promote
20230807,1773538485397500 ,PH,,,1/1/00 0:00,8.1823,0.7993,7/8/23 3:15,0.54,Non-Auction Ads,Promote
20230807,1773539246173230 ,TH,TH,,1/1/00 0:00,,1.6179,7/8/23 3:15,1.64,Auction Ads,auction_relation
20230807,1773538981671970 ,ID,ID,,1/1/00 0:00,43.85,26.5731,7/8/23 3:20,1.8,Auction Ads,auction_relation
20230807,1773538008818690 ,TH,,,1/1/00 0:00,4.6017,0.5816,7/8/23 3:15,0.54,Non-Auction Ads,Promote
20230807,1773538655615020 ,BR,BR,,1/1/00 0:00,0.2935,2.9435,7/8/23 3:16,1.7,RIE,Ad Group Recall (Merged)
20230807,1773538655615020 ,BR,BR,,1/1/00 0:00,0.2935,2.9435,7/8/23 3:16,1.99,Auction Ads,auction_all
20230807,1773532891783170 ,PH,,,1/1/00 0:00,0.3665,0.1335,7/8/23 3:15,0.54,Non-Auction Ads,Promote
20230807,1773538276431870 ,SA,,,1/1/00 0:00,25.6854,5.1351,7/8/23 3:16,0.54,Non-Auction Ads,Promote
20230807,1773538228631550 ,TH,,,1/1/00 0:00,1.4258,0.7346,7/8/23 3:16,0.54,Non-Auction Ads,Promote
20230807,1773538787625000 ,AU,AU,,1/1/00 0:00,2.27,22.2936,7/8/23 3:20,1.84,Auction Ads,auction_relation
20230807,1773538854453250 ,AE,MENA,,1/1/00 0:00,,4.2763,7/8/23 3:17,1.78,Auction Ads,auction_relation
20230807,1773538647307260 ,VN,VN,,1/1/00 0:00,,0.6515,7/8/23 3:16,2.14,Auction Ads,auction_relation
20230807,1773539214227450 ,VN,VN,,1/1/00 0:00,,3.9213,7/8/23 3:17,2.14,Auction Ads,auction_relation
20230807,1773538579011580 ,VN,,,1/1/00 0:00,0.5103,0.7023,7/8/23 3:16,1.53,RIE,Promote Report Recall
20230807,1773538710702090 ,TH,TH,,1/1/00 0:00,,10.563,7/8/23 3:18,1.64,Auction Ads,auction_relation
20230807,1773538670888960 ,VN,VN,,1/1/00 0:00,0.411,0,7/8/23 3:16,2.14,Auction Ads,auction_relation
20230807,1773538659809280 ,VN,VN,,1/1/00 0:00,1.9464,0,7/8/23 3:16,2.14,Auction Ads,auction_relation
20230807,1773540034971690 ,US,USCA,,1/1/00 0:00,43.22,25.7442,7/8/23 3:22,1.78,Auction Ads,auction_relation
20230807,1773535632262140 ,ID,,,1/1/00 0:00,1.7285,0.2727,7/8/23 3:17,0.54,Non-Auction Ads,Promote
20230807,1773538628112380 ,VN,,,1/1/00 0:00,0.5225,0.7023,7/8/23 3:17,1.53,RIE,Promote Report Recall
20230807,1773538634035200 ,VN,,,1/1/00 0:00,4.1744,0.9998,7/8/23 3:17,1.53,RIE,Promote Report Recall
20230807,1773533558991870 ,BR,,,1/1/00 0:00,1.3728,0.5367,7/8/23 3:17,0.54,Non-Auction Ads,Promote
20230807,1773538354118660 ,US,,,1/1/00 0:00,38.58,6.3547,7/8/23 3:18,0.54,Non-Auction Ads,Promote
20230807,1773538573298690 ,MY,,,1/1/00 0:00,18.5054,1.0738,7/8/23 3:17,0.54,Non-Auction Ads,Promote
20230807,1773538703644700 ,VN,VN,,1/1/00 0:00,,2.4728,7/8/23 3:17,2.14,Auction Ads,auction_relation
20230807,1773538702362650 ,VN,VN,,1/1/00 0:00,,2.4728,7/8/23 3:17,2.14,Auction Ads,auction_relation
20230807,1773538702362650 ,VN,VN,,1/1/00 0:00,,2.4728,7/8/23 3:17,2.14,Auction Ads,auction_relation
20230807,1773538699019260 ,VN,VN,,1/1/00 0:00,,2.4728,7/8/23 3:17,2.14,Auction Ads,auction_relation
20230807,1773538979968110 ,MY,MY,,1/1/00 0:00,12.3449,8.431,7/8/23 3:19,2.31,Auction Ads,auction_relation
20230807,1773538720627710 ,ID,ID,,1/1/00 0:00,,2.7556,7/8/23 3:17,1.8,Auction Ads,auction_relation
20230807,1773538852284410 ,GR,Other,,1/1/00 0:00,12.13,4.3398,7/8/23 3:18,1.62,RIE,Ad Group Recall (Merged)
20230807,1773538584549370 ,JP,,,1/1/00 0:00,0.9451,1.1673,7/8/23 3:17,1.53,RIE,Promote Report Recall
20230807,1773539326067740 ,PH,PH,,1/1/00 0:00,22.41,19.5488,7/8/23 3:22,2.46,Auction Ads,auction_relation
20230807,1773538738720760 ,TH,,,1/1/00 0:00,34.1995,8.8981,7/8/23 3:19,0.54,Non-Auction Ads,Promote
20230807,1773538696798240 ,VN,VN,,1/1/00 0:00,1.0841,1.7011,7/8/23 3:17,2.14,Auction Ads,auction_relation
20230807,1773538696781870 ,VN,VN,,1/1/00 0:00,1.0399,1.7011,7/8/23 3:17,2.14,Auction Ads,auction_relation
20230807,1773538696749080 ,VN,VN,,1/1/00 0:00,1.1759,1.7011,7/8/23 3:17,2.14,Auction Ads,auction_relation
20230807,1773538687855660 ,BR,BR,,1/1/00 0:00,,1.0118,7/8/23 3:17,1.99,Auction Ads,auction_all
20230807,1773538921036830 ,TH,TH,,1/1/00 0:00,30.4361,1.7396,7/8/23 3:19,1.64,Auction Ads,auction_relation
20230807,1773538367657990 ,US,,,1/1/00 0:00,5.46,2.0327,7/8/23 3:19,0.54,Non-Auction Ads,Promote
20230807,1773538977369120 ,MY,MY,,1/1/00 0:00,1.8442,2.863,7/8/23 3:19,2.31,Auction Ads,auction_relation
20230807,1773538973604940 ,MY,MY,,1/1/00 0:00,2.367,2.863,7/8/23 3:19,2.31,Auction Ads,auction_relation
20230807,1773540102098960 ,IQ,Others,,1/1/00 0:00,0.94,5.188,7/8/23 3:19,1.56,Auction Ads,auction_all
20230807,1773538426562560 ,TH,,,1/1/00 0:00,13.4549,5.2656,7/8/23 3:19,0.54,Non-Auction Ads,Promote
20230807,1773538754278400 ,MY,MY,,1/1/00 0:00,10.88,3.1145,7/8/23 3:19,2.31,Auction Ads,auction_relation
20230807,1773539083178030 ,JP,JP,,1/1/00 0:00,,21.2252,7/8/23 3:23,2.16,Auction Ads,auction_all
20230807,1773538691665920 ,TH,,,1/1/00 0:00,9.3,2.0241,7/8/23 3:19,1.53,RIE,Promote Report Recall
20230807,1773535116533800 ,PT,PT,,1/1/00 0:00,6.3691,11.2849,7/8/23 3:21,1.98,Auction Ads,auction_relation
20230807,1773535116533800 ,FI,Others,,1/1/00 0:00,6.3691,11.2849,7/8/23 3:21,1.56,Auction Ads,auction_all
20230807,1773535116533800 ,TR,TR,,1/1/00 0:00,6.3691,11.2849,7/8/23 3:21,0.83,Auction Ads,auction_relation
20230807,1773535116533800 ,GR,GR,,1/1/00 0:00,6.3691,11.2849,7/8/23 3:21,2.11,Auction Ads,auction_relation
20230807,1773535116533800 ,RO,RO,,1/1/00 0:00,6.3691,11.2849,7/8/23 3:21,1.94,Auction Ads,auction_relation
20230807,1773538678233090 ,US,,,1/1/00 0:00,4.15,1.2,7/8/23 3:19,1.53,RIE,Promote Report Recall
20230807,1773539514039340 ,BR,BR,,1/1/00 0:00,34.64,67.4995,7/8/23 3:29,1.99,Auction Ads,auction_all
20230807,1773538832045050 ,MY,MY,,1/1/00 0:00,0.55,0.9185,7/8/23 3:19,2.31,Auction Ads,auction_relation
20230807,1773538788377600 ,PH,,,1/1/00 0:00,15.7662,2.1538,7/8/23 3:20,0.54,Non-Auction Ads,Promote
20230807,1773539033227290 ,TH,TH,,1/1/00 0:00,8.5249,3.5476,7/8/23 3:20,1.64,Auction Ads,auction_relation
20230807,1773538536603650 ,CA,,,1/1/00 0:00,3.9849,1.996,7/8/23 3:20,0.54,Non-Auction Ads,Promote
20230807,1773537732641790 ,US,,,1/1/00 0:00,13.48,2.745,7/8/23 3:20,0.54,Non-Auction Ads,Promote
20230807,1773539131849740 ,VN,VN,,1/1/00 0:00,,7.1932,7/8/23 3:21,2.14,Auction Ads,auction_relation
20230807,1773538589846530 ,US,,,1/1/00 0:00,3.77,2.6667,7/8/23 3:20,0.54,Non-Auction Ads,Promote
20230807,1773539026841610 ,ID,ID,,1/1/00 0:00,4.13,2.7556,7/8/23 3:21,1.8,Auction Ads,auction_relation
20230807,1773535694921720 ,ID,,,1/1/00 0:00,0.9948,0.1782,7/8/23 3:20,0.54,Non-Auction Ads,Promote
20230807,1773539073552380 ,BH,Others,,1/1/00 0:00,9.05,1.338,7/8/23 3:20,1.56,Auction Ads,auction_all
20230807,1773539073552380 ,AE,MENA,,1/1/00 0:00,9.05,1.338,7/8/23 3:20,1.78,Auction Ads,auction_relation
20230807,1773539417283610 ,US,US&CA,,1/1/00 0:00,,11.7424,7/8/23 3:23,1.81,RIE,Ad Group Recall (Merged)
20230807,1773539234367530 ,VN,VN,,1/1/00 0:00,13.3619,5.3869,7/8/23 3:22,2.14,Auction Ads,auction_relation
20230807,1773539104070690 ,US,,,1/1/00 0:00,84.85,18.4547,7/8/23 3:24,1.53,RIE,Promote Report Recall
20230807,1773538859444220 ,ID,,,1/1/00 0:00,9.4961,1.5997,7/8/23 3:22,0.54,Non-Auction Ads,Promote
20230807,1773538264811520 ,TH,,,1/1/00 0:00,3.51,1.8117,7/8/23 3:22,1.53,RIE,Promote Report Recall
20230807,1773539268788220 ,TH,TH,,1/1/00 0:00,1.6362,2.1144,7/8/23 3:22,1.64,Auction Ads,auction_relation
20230807,1773539202904110 ,HU,Others,,1/1/00 0:00,10.79,2.2894,7/8/23 3:23,1.56,Auction Ads,auction_all
20230807,1773539051394060 ,ID,ID,,1/1/00 0:00,3.6569,1.2263,7/8/23 3:22,1.8,Auction Ads,auction_relation
20230807,1773545847630880 ,ID,ID,,1/1/00 0:00,15.047,6.2023,7/8/23 3:23,1.8,Auction Ads,auction_relation
20230807,1773538812500990 ,US,,,1/1/00 0:00,4.45,5.7143,7/8/23 3:23,0.54,Non-Auction Ads,Promote
20230807,1773539168027640 ,JP,JP,,1/1/00 0:00,,21.2252,7/8/23 3:25,2.16,Auction Ads,auction_all
20230807,1773539031621640 ,VN,VN,,1/1/00 0:00,,2.4728,7/8/23 3:23,2.14,Auction Ads,auction_relation
20230807,1773539035565100 ,VN,VN,,1/1/00 0:00,,2.4728,7/8/23 3:23,2.14,Auction Ads,auction_relation
20230807,1773539033112610 ,PK,PK,,1/1/00 0:00,1.45,0.1629,7/8/23 3:23,1.36,Auction Ads,auction_relation
20230807,1773538362571770 ,TH,,,1/1/00 0:00,1.3942,0,7/8/23 3:23,0.54,Non-Auction Ads,Promote
20230807,1773533901322240 ,BR,,,1/1/00 0:00,1.3608,1.0429,7/8/23 3:23,0.54,Non-Auction Ads,Promote
20230807,1773538873481220 ,EG,,,1/1/00 0:00,4.9876,0.6132,7/8/23 3:23,1.53,RIE,Promote Report Recall
20230807,1773538711498750 ,US,,,1/1/00 0:00,4.72,2.9284,7/8/23 3:23,0.54,Non-Auction Ads,Promote
20230807,1773533536126980 ,BR,,,1/1/00 0:00,1.3871,0.276,7/8/23 3:23,0.54,Non-Auction Ads,Promote
20230807,1773538657073150 ,ID,,,1/1/00 0:00,25.8894,2.5806,7/8/23 3:24,0.54,Non-Auction Ads,Promote
20230807,1773539271345150 ,ID,ID,,1/1/00 0:00,3.88,2.7556,7/8/23 3:24,1.8,Auction Ads,auction_relation
20230807,1773539270091800 ,JP,JP,,1/1/00 0:00,,21.2252,7/8/23 3:26,2.16,Auction Ads,auction_all
20230807,1773539038486560 ,MY,MY,,1/1/00 0:00,7.49,0.9154,7/8/23 3:23,2.31,Auction Ads,auction_relation
20230807,1773535646923770 ,ID,,,1/1/00 0:00,0.8338,0.2053,7/8/23 3:24,0.54,Non-Auction Ads,Promote
20230807,1773538519839740 ,TH,,,1/1/00 0:00,0.751,0.3145,7/8/23 3:24,0.54,Non-Auction Ads,Promote
20230807,1773539228001310 ,TH,TH,,1/1/00 0:00,,3.0026,7/8/23 3:24,1.64,Auction Ads,auction_relation
20230807,1773539222015010 ,SA,MENA,,1/1/00 0:00,6.61,17.0433,7/8/23 3:26,1.78,Auction Ads,auction_relation
20230807,1773539218580520 ,SA,MENA,,1/1/00 0:00,5.31,17.0433,7/8/23 3:26,1.78,Auction Ads,auction_relation
20230807,1773539698733100 ,JP,JP,,1/1/00 0:00,,78.0682,7/8/23 3:32,2.16,Auction Ads,auction_all
20230807,1773540889516080 ,VN,VN,,1/1/00 0:00,11.7633,7.1932,7/8/23 3:25,2.14,Auction Ads,auction_relation
20230807,1773531940636670 ,PH,,,1/1/00 0:00,2.7349,0.376,7/8/23 3:24,0.54,Non-Auction Ads,Promote
20230807,1773541088232460 ,ID,ID,,1/1/00 0:00,11.6924,8.6657,7/8/23 3:25,1.8,Auction Ads,auction_relation
20230807,1773541088232460 ,ID,ID,,1/1/00 0:00,11.6924,8.6657,7/8/23 3:25,1.8,Auction Ads,auction_relation
20230807,1773539323021330 ,MY,MY,,1/1/00 0:00,2.4216,2.863,7/8/23 3:25,2.31,Auction Ads,auction_relation
20230807,1773539317339170 ,MY,MY,,1/1/00 0:00,2.6653,2.863,7/8/23 3:25,2.31,Auction Ads,auction_relation
20230807,1773538606967800 ,TH,,,1/1/00 0:00,1.872,0.4503,7/8/23 3:24,0.54,Non-Auction Ads,Promote
20230807,1773539280964640 ,VN,VN,,1/1/00 0:00,6.16,11.1739,7/8/23 3:26,2.14,Auction Ads,auction_relation
20230807,1773539181306880 ,GR,GR,,1/1/00 0:00,,4.3398,7/8/23 3:25,2.11,Auction Ads,auction_relation
20230807,1773539146171420 ,GR,Other,,1/1/00 0:00,13.3,4.3398,7/8/23 3:25,1.62,RIE,Ad Group Recall (Merged)
20230807,1773539146030080 ,GR,Other,,1/1/00 0:00,12.93,4.3398,7/8/23 3:25,1.62,RIE,Ad Group Recall (Merged)
20230807,1773539152643100 ,GR,Other,,1/1/00 0:00,12.76,4.3398,7/8/23 3:25,1.62,RIE,Ad Group Recall (Merged)
20230807,1773535015482370 ,MY,,,1/1/00 0:00,1.6379,0.6404,7/8/23 3:25,0.54,Non-Auction Ads,Promote
20230807,1773535933165570 ,ID,,,1/1/00 0:00,0.6605,0.2002,7/8/23 3:25,0.54,Non-Auction Ads,Promote
20230807,1773534701895790 ,BR,,,1/1/00 0:00,1.3912,0.3907,7/8/23 3:25,0.54,Non-Auction Ads,Promote
20230807,1773538985931770 ,PH,,,1/1/00 0:00,30.4656,2.7972,7/8/23 3:25,0.54,Non-Auction Ads,Promote
20230807,1773539197101070 ,GR,GR,,1/1/00 0:00,,4.3398,7/8/23 3:25,2.11,Auction Ads,auction_relation
20230807,1773539157822490 ,GR,GR,,1/1/00 0:00,,4.3398,7/8/23 3:25,2.11,Auction Ads,auction_relation
20230807,1773544639358000 ,VN,VN,,1/1/00 0:00,20.1594,8.8224,7/8/23 3:26,2.14,Auction Ads,auction_relation
20230807,1773539112477700 ,BR,,,1/1/00 0:00,63.7384,8.9852,7/8/23 3:26,0.54,Non-Auction Ads,Promote
20230807,1773538748987450 ,MY,,,1/1/00 0:00,10.5665,4.7302,7/8/23 3:25,1.53,RIE,Promote Report Recall
20230807,1773539746655260 ,BR,BR,,1/1/00 0:00,29.84,67.4995,7/8/23 3:32,1.99,Auction Ads,auction_all
20230807,1773538047150080 ,US,,,1/1/00 0:00,4.34,3.3333,7/8/23 3:25,0.54,Non-Auction Ads,Promote
20230807,1773539251562530 ,TH,TH,,1/1/00 0:00,,1.4824,7/8/23 3:25,1.64,Auction Ads,auction_relation
20230807,1773538690220030 ,TH,,,1/1/00 0:00,4.711,0.7412,7/8/23 3:25,0.54,Non-Auction Ads,Promote
20230807,1773539105414140 ,SA,,,1/1/00 0:00,43.1213,3.6892,7/8/23 3:26,0.54,Non-Auction Ads,Promote
20230807,1773532326575150 ,AE,MENA,,1/1/00 0:00,5.7892,7.6534,7/8/23 3:26,1.67,RIE,Ad Group Recall (Merged)
20230807,1773539590412320 ,VN,VN,,1/1/00 0:00,2.97,0.7941,7/8/23 3:26,2.14,Auction Ads,auction_relation
20230807,1773534748270590 ,BR,,,1/1/00 0:00,1.3754,0.3035,7/8/23 3:26,0.54,Non-Auction Ads,Promote
20230807,1773539596204030 ,BR,BR,,1/1/00 0:00,,14.0741,7/8/23 3:27,1.99,Auction Ads,auction_all
20230807,1773533147455480 ,PH,,,1/1/00 0:00,0.7468,0.4499,7/8/23 3:26,0.54,Non-Auction Ads,Promote
20230807,1773539382810620 ,PK,PK,,1/1/00 0:00,11.51,3.8131,7/8/23 3:26,1.36,Auction Ads,auction_relation
20230807,1773539382810620 ,PK,Other,,1/1/00 0:00,11.51,3.8131,7/8/23 3:26,1.62,RIE,Ad Group Recall (Merged)
20230807,1773539704189960 ,SG,SG,,1/1/00 0:00,27.7277,50.0167,7/8/23 3:31,1.94,Auction Ads,auction_relation
20230807,1773534385317890 ,BR,,,1/1/00 0:00,1.2417,1.2085,7/8/23 3:26,0.54,Non-Auction Ads,Promote
20230807,1773539664523310 ,BR,BR,,1/1/00 0:00,501.67,67.4847,7/8/23 3:32,1.99,Auction Ads,auction_all
20230807,1773539311393840 ,MY,MY,,1/1/00 0:00,12.69,17.0433,7/8/23 3:28,2.31,Auction Ads,auction_relation
20230807,1773539316373520 ,MY,MY,,1/1/00 0:00,2.27,17.0433,7/8/23 3:28,2.31,Auction Ads,auction_relation
20230807,1773539174253570 ,SA,,,1/1/00 0:00,31.803,3.6892,7/8/23 3:27,0.54,Non-Auction Ads,Promote
20230807,1773539276463150 ,VN,VN,,1/1/00 0:00,,1.6969,7/8/23 3:27,2.13,RIE,Ad Group Recall (Merged)
20230807,1773538673326080 ,TH,,,1/1/00 0:00,0.7132,0.3446,7/8/23 3:26,0.54,Non-Auction Ads,Promote
20230807,1773539616011290 ,IT,IT,,1/1/00 0:00,4.19,11.5246,7/8/23 3:28,1.36,Auction Ads,auction_relation
20230807,1773539616011290 ,FR,FR,,1/1/00 0:00,4.19,11.5246,7/8/23 3:28,1.97,Auction Ads,auction_relation
20230807,1773539809230860 ,BR,BR,,1/1/00 0:00,836.14,67.4847,7/8/23 3:34,1.99,Auction Ads,auction_all
20230807,1773539408148530 ,PK,PK,,1/1/00 0:00,5.77,11.1739,7/8/23 3:28,1.36,Auction Ads,auction_relation
20230807,1773539408148530 ,OM,Others,,1/1/00 0:00,5.77,11.1739,7/8/23 3:28,1.56,Auction Ads,auction_all
20230807,1773539388206120 ,MY,MY,,1/1/00 0:00,4.3884,3.259,7/8/23 3:27,2.31,Auction Ads,auction_relation
20230807,1773539404513310 ,TH,TH,,1/1/00 0:00,4.63,17.0433,7/8/23 3:29,1.64,Auction Ads,auction_relation
20230807,1773539405833250 ,TH,TH,,1/1/00 0:00,7.87,17.0433,7/8/23 3:29,1.64,Auction Ads,auction_relation
20230807,1773539182492670 ,TH,,,1/1/00 0:00,7.25,2.3074,7/8/23 3:27,1.53,RIE,Promote Report Recall
20230807,1773540016235520 ,ID,ID,,1/1/00 0:00,1.9668,3.5247,7/8/23 3:27,1.8,Auction Ads,auction_relation
20230807,1773539406788700 ,ID,ID,,1/1/00 0:00,1.38,2.7556,7/8/23 3:27,1.8,Auction Ads,auction_relation
20230807,1773539280700420 ,US,,,1/1/00 0:00,8.13,2.4543,7/8/23 3:28,1.53,RIE,Promote Report Recall
20230807,1773533294127100 ,PH,,,1/1/00 0:00,0.0047,0.0178,7/8/23 3:27,0.54,Non-Auction Ads,Promote
20230807,1773539572721680 ,TW,TW,,1/1/00 0:00,6.98,7.6949,7/8/23 3:28,0.95,Auction Ads,auction_relation
20230807,1773539615800330 ,TW,TW,,1/1/00 0:00,6.46,7.6949,7/8/23 3:28,0.95,Auction Ads,auction_relation
20230807,1773539606685730 ,TW,TW,,1/1/00 0:00,4,7.6949,7/8/23 3:28,0.95,Auction Ads,auction_relation
20230807,1773539627957290 ,TW,TW,,1/1/00 0:00,6.97,7.6949,7/8/23 3:28,0.95,Auction Ads,auction_relation
20230807,1773539581052940 ,TW,TW,,1/1/00 0:00,7.73,7.6949,7/8/23 3:28,0.95,Auction Ads,auction_relation
20230807,1773539079156730 ,TH,,,1/1/00 0:00,0.9292,0.4339,7/8/23 3:27,0.54,Non-Auction Ads,Promote
20230807,1773539397649450 ,PK,PK,,1/1/00 0:00,1.67,1.0389,7/8/23 3:27,1.36,Auction Ads,auction_relation
20230807,1773537745019900 ,TH,,,1/1/00 0:00,1.3033,0.5483,7/8/23 3:28,0.54,Non-Auction Ads,Promote
20230807,1773539426004000 ,VN,VN,,1/1/00 0:00,,3.9213,7/8/23 3:28,2.14,Auction Ads,auction_relation
20230807,1773539351743530 ,RO,Other,,1/1/00 0:00,9.44,4.3398,7/8/23 3:28,1.62,RIE,Ad Group Recall (Merged)
20230807,1773539353463840 ,RO,Other,,1/1/00 0:00,3.29,4.3398,7/8/23 3:28,1.62,RIE,Ad Group Recall (Merged)
20230807,1773538804319230 ,TH,,,1/1/00 0:00,1.5454,0.8686,7/8/23 3:28,0.54,Non-Auction Ads,Promote
20230807,1773540403818520 ,BR,BR,,1/1/00 0:00,298.8892,98.7062,7/8/23 3:43,1.99,Auction Ads,auction_all
20230807,1773535856588830 ,GB,GB,,1/1/00 0:00,,27.4446,7/8/23 3:31,1.76,Auction Ads,auction_relation
20230807,1773539396323330 ,GR,GR,,1/1/00 0:00,,4.3398,7/8/23 3:29,2.11,Auction Ads,auction_relation
20230807,1773539367425050 ,GR,GR,,1/1/00 0:00,,4.3398,7/8/23 3:29,2.11,Auction Ads,auction_relation
20230807,1773539401918460 ,GR,GR,,1/1/00 0:00,,4.3398,7/8/23 3:29,2.11,Auction Ads,auction_relation
20230807,1773539401711640 ,GR,GR,,1/1/00 0:00,,4.3398,7/8/23 3:29,2.11,Auction Ads,auction_relation
20230807,1773539525689410 ,VN,VN,,1/1/00 0:00,2.2125,1.4077,7/8/23 3:28,2.14,Auction Ads,auction_relation
20230807,1773540116497410 ,TW,TW,,1/1/00 0:00,,0.96,7/8/23 3:29,0.95,Auction Ads,auction_relation
20230807,1773540116497410 ,TW,TW,,1/1/00 0:00,,0.96,7/8/23 3:29,0.95,Auction Ads,auction_relation
20230807,1773539362657320 ,GR,GR,,1/1/00 0:00,,4.3398,7/8/23 3:29,2.11,Auction Ads,auction_relation
20230807,1773539415276540 ,GR,GR,,1/1/00 0:00,,4.3398,7/8/23 3:29,2.11,Auction Ads,auction_relation
20230807,1773539402251310 ,GR,GR,,1/1/00 0:00,,4.3398,7/8/23 3:29,2.11,Auction Ads,auction_relation
20230807,1773539375417340 ,RO,,,1/1/00 0:00,17.2341,3.2596,7/8/23 3:29,0.54,Non-Auction Ads,Promote
20230807,1773539415643130 ,JP,,,1/1/00 0:00,83.5955,8.4991,7/8/23 3:30,1.53,RIE,Promote Report Recall
20230807,1773539421889580 ,GR,GR,,1/1/00 0:00,,4.3398,7/8/23 3:29,2.11,Auction Ads,auction_relation
20230807,1773539431371790 ,GR,GR,,1/1/00 0:00,,4.3398,7/8/23 3:29,2.11,Auction Ads,auction_relation
20230807,1773539420194810 ,GR,GR,,1/1/00 0:00,,4.3398,7/8/23 3:29,2.11,Auction Ads,auction_relation
20230807,1773538974423040 ,KH,,,1/1/00 0:00,0.8587,0.1175,7/8/23 3:29,0.54,Non-Auction Ads,Promote
20230807,1773539720783890 ,ID,ID,,1/1/00 0:00,,6.7532,7/8/23 3:30,1.8,Auction Ads,auction_relation
20230807,1773543046887470 ,ID,ID,,1/1/00 0:00,11.0854,2.7917,7/8/23 3:29,1.8,Auction Ads,auction_relation
20230807,1773539553589280 ,TH,TH,,1/1/00 0:00,11.6952,18.7485,7/8/23 3:31,1.64,Auction Ads,auction_relation
20230807,1773539553330220 ,TH,TH,,1/1/00 0:00,9.6888,18.7485,7/8/23 3:31,1.64,Auction Ads,auction_relation
20230807,1773539548910620 ,TH,TH,,1/1/00 0:00,11.5166,18.7485,7/8/23 3:31,1.64,Auction Ads,auction_relation
20230807,1773532734829570 ,PH,,,1/1/00 0:00,0.7241,0.1767,7/8/23 3:29,0.54,Non-Auction Ads,Promote
20230807,1773540062330880 ,TW,TW,,1/1/00 0:00,25.82,39.7162,7/8/23 3:33,0.95,Auction Ads,auction_relation
20230807,1773539419406330 ,VN,,,1/1/00 0:00,5.6853,3.5827,7/8/23 3:29,1.53,RIE,Promote Report Recall
20230807,1773539442685950 ,VN,VN,,1/1/00 0:00,3.09,2.67,7/8/23 3:29,2.14,Auction Ads,auction_relation
20230807,1773539439636490 ,VN,VN,,1/1/00 0:00,3.08,2.67,7/8/23 3:29,2.14,Auction Ads,auction_relation
20230807,1773540192117790 ,BR,BR,,1/1/00 0:00,38.6,67.4995,7/8/23 3:40,1.99,Auction Ads,auction_all
20230807,1773539677484080 ,ID,ID,,1/1/00 0:00,3.64,2.9169,7/8/23 3:29,1.8,Auction Ads,auction_relation
20230807,1773539369193470 ,ID,,,1/1/00 0:00,11.2926,1.5997,7/8/23 3:29,0.54,Non-Auction Ads,Promote
20230807,1773538939351040 ,TH,,,1/1/00 0:00,0.7833,0.5483,7/8/23 3:30,0.54,Non-Auction Ads,Promote
20230807,1773539465499690 ,HU,Other,,1/1/00 0:00,,2.7157,7/8/23 3:30,1.62,RIE,Ad Group Recall (Merged)
20230807,1773539488652320 ,HU,Other,,1/1/00 0:00,,2.7157,7/8/23 3:30,1.62,RIE,Ad Group Recall (Merged)
20230807,1773539452558360 ,HU,Other,,1/1/00 0:00,,2.7157,7/8/23 3:30,1.62,RIE,Ad Group Recall (Merged)
20230807,1773539443154970 ,HU,Other,,1/1/00 0:00,,2.7157,7/8/23 3:30,1.62,RIE,Ad Group Recall (Merged)
20230807,1773539444702240 ,HU,Other,,1/1/00 0:00,2.85,2.7157,7/8/23 3:30,1.62,RIE,Ad Group Recall (Merged)
20230807,1773539482081290 ,HU,Other,,1/1/00 0:00,,2.7157,7/8/23 3:30,1.62,RIE,Ad Group Recall (Merged)
20230807,1773539458559010 ,HU,Other,,1/1/00 0:00,,2.7157,7/8/23 3:30,1.62,RIE,Ad Group Recall (Merged)
20230807,1773539472744480 ,HU,Other,,1/1/00 0:00,,2.7157,7/8/23 3:30,1.62,RIE,Ad Group Recall (Merged)
20230807,1773539526544380 ,JP,JP,,1/1/00 0:00,,8.2077,7/8/23 3:30,2.16,Auction Ads,auction_all
20230807,1773540005025800 ,US,US&CA,,1/1/00 0:00,,11.7424,7/8/23 3:31,1.81,RIE,Ad Group Recall (Merged)
20230807,1773539115109370 ,TH,,,1/1/00 0:00,0.7233,0.5747,7/8/23 3:30,0.54,Non-Auction Ads,Promote
20230807,1773539447793720 ,VN,,,1/1/00 0:00,0.2693,0.6117,7/8/23 3:30,1.53,RIE,Promote Report Recall
20230807,1773539466457120 ,HU,Other,,1/1/00 0:00,,2.7157,7/8/23 3:30,1.62,RIE,Ad Group Recall (Merged)
20230807,1773539457718270 ,HU,Others,,1/1/00 0:00,,2.7157,7/8/23 3:30,1.56,Auction Ads,auction_all
20230807,1773539463833650 ,HU,Other,,1/1/00 0:00,,2.7157,7/8/23 3:30,1.62,RIE,Ad Group Recall (Merged)
20230807,1773539466457120 ,HU,Others,,1/1/00 0:00,,2.7157,7/8/23 3:30,1.56,Auction Ads,auction_all
20230807,1773539485663260 ,HU,Others,,1/1/00 0:00,,2.7157,7/8/23 3:30,1.56,Auction Ads,auction_all
20230807,1773539469434880 ,HU,Other,,1/1/00 0:00,,2.7157,7/8/23 3:30,1.62,RIE,Ad Group Recall (Merged)
20230807,1773539470877720 ,HU,Other,,1/1/00 0:00,,2.7157,7/8/23 3:30,1.62,RIE,Ad Group Recall (Merged)
20230807,1773539471757340 ,HU,Other,,1/1/00 0:00,,2.7157,7/8/23 3:30,1.62,RIE,Ad Group Recall (Merged)
20230807,1773539457718270 ,HU,Other,,1/1/00 0:00,,2.7157,7/8/23 3:30,1.62,RIE,Ad Group Recall (Merged)
20230807,1773539452540920 ,HU,Other,,1/1/00 0:00,,2.7157,7/8/23 3:30,1.62,RIE,Ad Group Recall (Merged)
20230807,1773539485638700 ,HU,Other,,1/1/00 0:00,,2.7157,7/8/23 3:30,1.62,RIE,Ad Group Recall (Merged)
20230807,1773539443147820 ,HU,Other,,1/1/00 0:00,,2.7157,7/8/23 3:30,1.62,RIE,Ad Group Recall (Merged)
20230807,1773539455598590 ,SA,,,1/1/00 0:00,14.6847,3.5007,7/8/23 3:30,0.54,Non-Auction Ads,Promote
20230807,1773539413433340 ,TH,,,1/1/00 0:00,0.1413,3.3277,7/8/23 3:31,1.53,RIE,Promote Report Recall
20230807,1773536935183410 ,DE,,,1/1/00 0:00,5.3816,1.0904,7/8/23 3:30,0.54,Non-Auction Ads,Promote
20230807,1773539443674110 ,ID,,,1/1/00 0:00,16.5205,1.5997,7/8/23 3:31,0.54,Non-Auction Ads,Promote
20230807,1773539838663730 ,CA,USCA,,1/1/00 0:00,2.36,4.5806,7/8/23 3:31,1.78,Auction Ads,auction_relation
20230807,1773535812265000 ,US,USCA,,1/1/00 0:00,25.43,14.1869,7/8/23 3:32,1.78,Auction Ads,auction_relation
20230807,1773539410818110 ,ID,,,1/1/00 0:00,17.4405,0.4207,7/8/23 3:31,0.54,Non-Auction Ads,Promote
20230807,1773539410818110 ,ID,,,1/1/00 0:00,17.4405,0.4207,7/8/23 3:31,0.54,Non-Auction Ads,Promote
20230807,1773535033013250 ,BR,,,1/1/00 0:00,1.3013,0.3087,7/8/23 3:31,0.54,Non-Auction Ads,Promote
20230807,1773539548896250 ,HU,Other,,1/1/00 0:00,,2.7157,7/8/23 3:31,1.62,RIE,Ad Group Recall (Merged)
20230807,1773539519841310 ,HU,Other,,1/1/00 0:00,,2.7157,7/8/23 3:31,1.62,RIE,Ad Group Recall (Merged)
20230807,1773539553588250 ,HU,Other,,1/1/00 0:00,,2.7157,7/8/23 3:31,1.62,RIE,Ad Group Recall (Merged)
20230807,1773539556381740 ,HU,Other,,1/1/00 0:00,,2.7157,7/8/23 3:31,1.62,RIE,Ad Group Recall (Merged)
20230807,1773539544395810 ,HU,Other,,1/1/00 0:00,,2.7157,7/8/23 3:31,1.62,RIE,Ad Group Recall (Merged)
20230807,1773539532717070 ,HU,Other,,1/1/00 0:00,,2.7157,7/8/23 3:31,1.62,RIE,Ad Group Recall (Merged)
20230807,1773539525615680 ,HU,Other,,1/1/00 0:00,,2.7157,7/8/23 3:31,1.62,RIE,Ad Group Recall (Merged)
20230807,1773539611516960 ,ID,ID,,1/1/00 0:00,3.2329,2.9739,7/8/23 3:31,1.8,Auction Ads,auction_relation
20230807,1773539520979970 ,RO,,,1/1/00 0:00,30.9376,3.2596,7/8/23 3:31,0.54,Non-Auction Ads,Promote
20230807,1773539506597890 ,ES,,,1/1/00 0:00,6.306,0.6418,7/8/23 3:31,1.53,RIE,Promote Report Recall
20230807,1773540208757770 ,TW,TW,,1/1/00 0:00,36.54,18.0866,7/8/23 3:33,0.95,Auction Ads,auction_relation
20230807,1773539527705600 ,VN,,,1/1/00 0:00,0.5482,0.6117,7/8/23 3:31,1.53,RIE,Promote Report Recall
20230807,1773539066998780 ,TH,,,1/1/00 0:00,0.7178,0.4364,7/8/23 3:31,0.54,Non-Auction Ads,Promote
20230807,1773540576565280 ,BR,BR,,1/1/00 0:00,49.6,67.4995,7/8/23 3:44,1.99,Auction Ads,auction_all
20230807,1773539256112130 ,FR,,,1/1/00 0:00,4.6989,4.8672,7/8/23 3:31,0.54,Non-Auction Ads,Promote
20230807,1773539564181550 ,HU,Other,,1/1/00 0:00,,2.7157,7/8/23 3:31,1.62,RIE,Ad Group Recall (Merged)
20230807,1773539537470460 ,HU,Others,,1/1/00 0:00,,2.7157,7/8/23 3:31,1.56,Auction Ads,auction_all
20230807,1773539575643130 ,HU,Other,,1/1/00 0:00,,2.7157,7/8/23 3:31,1.62,RIE,Ad Group Recall (Merged)
20230807,1773539555510270 ,HU,Other,,1/1/00 0:00,,2.7157,7/8/23 3:31,1.62,RIE,Ad Group Recall (Merged)
20230807,1773539532383240 ,HU,Other,,1/1/00 0:00,,2.7157,7/8/23 3:31,1.62,RIE,Ad Group Recall (Merged)
20230807,1773539569636400 ,HU,Other,,1/1/00 0:00,,2.7157,7/8/23 3:31,1.62,RIE,Ad Group Recall (Merged)
20230807,1773539537470460 ,HU,Other,,1/1/00 0:00,,2.7157,7/8/23 3:31,1.62,RIE,Ad Group Recall (Merged)
20230807,1773539553202220 ,HU,Other,,1/1/00 0:00,,2.7157,7/8/23 3:31,1.62,RIE,Ad Group Recall (Merged)
20230807,1773539559813170 ,HU,Other,,1/1/00 0:00,,2.7157,7/8/23 3:31,1.62,RIE,Ad Group Recall (Merged)
20230807,1773539504724000 ,HU,Other,,1/1/00 0:00,,2.7157,7/8/23 3:31,1.62,RIE,Ad Group Recall (Merged)
20230807,1773533637127160 ,PH,,,1/1/00 0:00,0.8071,0.232,7/8/23 3:32,0.54,Non-Auction Ads,Promote
20230807,1773537551696940 ,US,USCA,,1/1/00 0:00,3.58,18.77,7/8/23 3:36,1.78,Auction Ads,auction_relation
20230807,1773539595270140 ,MY,,,1/1/00 0:00,22.5884,6.8492,7/8/23 3:32,0.54,Non-Auction Ads,Promote
20230807,1773539154076670 ,TH,,,1/1/00 0:00,1.471,0.1097,7/8/23 3:32,0.54,Non-Auction Ads,Promote
20230807,1773539592658970 ,HU,Other,,1/1/00 0:00,,2.7157,7/8/23 3:32,1.62,RIE,Ad Group Recall (Merged)
20230807,1773539597419530 ,HU,Other,,1/1/00 0:00,,2.7157,7/8/23 3:32,1.62,RIE,Ad Group Recall (Merged)
20230807,1773539616311310 ,HU,Other,,1/1/00 0:00,,2.7157,7/8/23 3:32,1.62,RIE,Ad Group Recall (Merged)
20230807,1773539581710370 ,HU,Other,,1/1/00 0:00,,2.7157,7/8/23 3:32,1.62,RIE,Ad Group Recall (Merged)
20230807,1773539606976530 ,HU,Other,,1/1/00 0:00,,2.7157,7/8/23 3:32,1.62,RIE,Ad Group Recall (Merged)
20230807,1773539603977290 ,HU,Other,,1/1/00 0:00,,2.7157,7/8/23 3:32,1.62,RIE,Ad Group Recall (Merged)
20230807,1773539574076450 ,HU,Others,,1/1/00 0:00,,2.7157,7/8/23 3:32,1.56,Auction Ads,auction_all
20230807,1773539574076450 ,HU,Other,,1/1/00 0:00,,2.7157,7/8/23 3:32,1.62,RIE,Ad Group Recall (Merged)
20230807,1773539599878170 ,HU,Other,,1/1/00 0:00,,2.7157,7/8/23 3:32,1.62,RIE,Ad Group Recall (Merged)
20230807,1773539503209470 ,SA,,,1/1/00 0:00,2.359,2.8965,7/8/23 3:32,1.53,RIE,Promote Report Recall
20230807,1773539812760620 ,US,USCA,,1/1/00 0:00,17.73,8.5747,7/8/23 3:34,1.78,Auction Ads,auction_relation
20230807,1773539652849690 ,TH,TH,,1/1/00 0:00,6.053,1.5417,7/8/23 3:32,1.64,Auction Ads,auction_relation
20230807,1773535460977670 ,BR,,,1/1/00 0:00,1.2398,2.9035,7/8/23 3:33,0.54,Non-Auction Ads,Promote
20230807,1773457081567230 ,VN,,,1/1/00 0:00,1.6225,0.5629,7/8/23 3:32,0.54,Non-Auction Ads,Promote
20230807,1773540688492540 ,ID,ID,,1/1/00 0:00,13.7865,2.67,7/8/23 3:33,1.8,Auction Ads,auction_relation
20230807,1773539769235470 ,BR,BR,,1/1/00 0:00,,0.0137,7/8/23 3:33,1.99,Auction Ads,auction_all
20230807,1773535140199420 ,MY,,,1/1/00 0:00,0.9882,0.2108,7/8/23 3:33,0.54,Non-Auction Ads,Promote
20230807,1773540084520960 ,AU,AU,,1/1/00 0:00,,11.5246,7/8/23 3:37,1.84,Auction Ads,auction_relation
20230807,1773540084520960 ,GB,GB,,1/1/00 0:00,,11.5246,7/8/23 3:37,1.76,Auction Ads,auction_relation
20230807,1773539825397800 ,MY,MY,,1/1/00 0:00,,0.9639,7/8/23 3:33,2.31,Auction Ads,auction_relation
20230807,1773539734044700 ,RO,RO,,1/1/00 0:00,,3.4943,7/8/23 3:34,1.94,Auction Ads,auction_relation
20230807,1773534986000380 ,MY,,,1/1/00 0:00,0.8146,0.2178,7/8/23 3:34,0.54,Non-Auction Ads,Promote
20230807,1773534223561720 ,PH,,,1/1/00 0:00,0.3565,0.106,7/8/23 3:34,0.54,Non-Auction Ads,Promote
20230807,1773539480156160 ,TH,,,1/1/00 0:00,1.3035,0.5197,7/8/23 3:34,0.54,Non-Auction Ads,Promote
20230807,1773536063162370 ,IQ,Other,,1/1/00 0:00,24.22,2.355,7/8/23 3:35,1.62,RIE,Ad Group Recall (Merged)
20230807,1773539943602190 ,IQ,Others,,1/1/00 0:00,2.93,9.0806,7/8/23 3:37,1.56,Auction Ads,auction_all
20230807,1773534404886530 ,PH,,,1/1/00 0:00,0.3759,0.1724,7/8/23 3:34,0.54,Non-Auction Ads,Promote
20230807,1773539757413440 ,KH,,,1/1/00 0:00,4.3394,1.1495,7/8/23 3:35,0.54,Non-Auction Ads,Promote
20230807,1773539581134850 ,TH,,,1/1/00 0:00,1.4841,0.3915,7/8/23 3:35,0.54,Non-Auction Ads,Promote
20230807,1773534488479740 ,PH,,,1/1/00 0:00,1.4452,0.2763,7/8/23 3:35,0.54,Non-Auction Ads,Promote
20230807,1773539639048240 ,TH,,,1/1/00 0:00,5.957,0,7/8/23 3:35,1.53,RIE,Promote Report Recall
20230807,1773534382527490 ,PH,,,1/1/00 0:00,0.7389,0.1401,7/8/23 3:35,0.54,Non-Auction Ads,Promote
20230807,1773540016708640 ,VN,VN,,1/1/00 0:00,,1.6969,7/8/23 3:36,2.13,RIE,Ad Group Recall (Merged)
20230807,1773540028797980 ,VN,VN,,1/1/00 0:00,,1.6969,7/8/23 3:36,2.13,RIE,Ad Group Recall (Merged)
20230807,1773540028804110 ,VN,VN,,1/1/00 0:00,,1.6969,7/8/23 3:36,2.13,RIE,Ad Group Recall (Merged)
20230807,1773541172499500 ,US,USCA,,1/1/00 0:00,,35.8163,7/8/23 3:42,1.78,Auction Ads,auction_relation
20230807,1773539821248510 ,PH,,,1/1/00 0:00,32.6373,4.52,7/8/23 3:37,0.54,Non-Auction Ads,Promote
20230807,1773539957984250 ,JP,,,1/1/00 0:00,45.7306,9.8793,7/8/23 3:38,0.54,Non-Auction Ads,Promote
20230807,1773539818559490 ,MY,,,1/1/00 0:00,26.5733,2.5899,7/8/23 3:37,0.54,Non-Auction Ads,Promote
20230807,1773540668794910 ,BR,BR,,1/1/00 0:00,214.03,75.4432,7/8/23 3:49,1.99,Auction Ads,auction_all
20230807,1773540152460280 ,SG,SG,,1/1/00 0:00,,6.0161,7/8/23 3:37,1.94,Auction Ads,auction_relation
20230807,1773540155525120 ,SG,SG,,1/1/00 0:00,,6.0161,7/8/23 3:37,1.94,Auction Ads,auction_relation
20230807,1773540102706190 ,SG,SG,,1/1/00 0:00,,6.0161,7/8/23 3:37,1.94,Auction Ads,auction_relation
20230807,1773534467837950 ,PH,,,1/1/00 0:00,0.8395,0.4538,7/8/23 3:36,0.54,Non-Auction Ads,Promote
20230807,1773539523432450 ,TH,,,1/1/00 0:00,0.7267,0.5337,7/8/23 3:36,0.54,Non-Auction Ads,Promote
20230807,1773540102091810 ,TH,TH,,1/1/00 0:00,,15.9405,7/8/23 3:40,1.64,Auction Ads,auction_relation
20230807,1773539975864330 ,ID,ID,,1/1/00 0:00,,2.9169,7/8/23 3:37,1.8,Auction Ads,auction_relation
20230807,1773539975864330 ,ID,ID,,1/1/00 0:00,,2.9169,7/8/23 3:37,1.8,Auction Ads,auction_relation
20230807,1773540256125950 ,BR,BR,,1/1/00 0:00,,14.0741,7/8/23 3:39,1.99,Auction Ads,auction_all
20230807,1773534706593790 ,PH,,,1/1/00 0:00,0.7156,0.2636,7/8/23 3:37,0.54,Non-Auction Ads,Promote
20230807,1773539926408190 ,CA,,,1/1/00 0:00,2.954,2.0304,7/8/23 3:38,1.53,RIE,Promote Report Recall
20230807,1773547728840700 ,JP,JP,,1/1/00 0:00,62.3795,29.6972,7/8/23 3:42,2.16,Auction Ads,auction_all
20230807,1773535071457280 ,BR,,,1/1/00 0:00,1.328,0.3087,7/8/23 3:38,0.54,Non-Auction Ads,Promote
20230807,1773540003058720 ,ID,ID,,1/1/00 0:00,1.741,1.2263,7/8/23 3:38,1.8,Auction Ads,auction_relation
20230807,1773539873067010 ,US,,,1/1/00 0:00,3.9,1.6988,7/8/23 3:38,1.53,RIE,Promote Report Recall
20230807,1773539729827870 ,PL,PL,,1/1/00 0:00,7.48,2.2975,7/8/23 3:38,1.64,Auction Ads,auction_relation
20230807,1773540875568170 ,ID,ID,,1/1/00 0:00,0.0159,0.8773,7/8/23 3:38,1.8,Auction Ads,auction_relation
20230807,1773539919280130 ,TH,,,1/1/00 0:00,6.97,3.192,7/8/23 3:39,1.53,RIE,Promote Report Recall
20230807,1773540366817310 ,TH,TH,,1/1/00 0:00,4.8542,2.1144,7/8/23 3:39,1.64,Auction Ads,auction_relation
20230807,1773540459693080 ,ID,ID,,1/1/00 0:00,1.37,6.4937,7/8/23 3:39,1.8,Auction Ads,auction_relation
20230807,1773539999193090 ,GB,GB,,1/1/00 0:00,18.5,0.681,7/8/23 3:38,1.76,Auction Ads,auction_relation
20230807,1773540810188800 ,MY,MY,,1/1/00 0:00,3.8203,3.5722,7/8/23 3:39,2.31,Auction Ads,auction_relation
20230807,1773540784344090 ,MY,MY,,1/1/00 0:00,5.1331,3.5722,7/8/23 3:39,2.31,Auction Ads,auction_relation
20230807,1773540829603930 ,MY,MY,,1/1/00 0:00,5.1832,3.5722,7/8/23 3:39,2.31,Auction Ads,auction_relation
20230807,1773540029451280 ,AU,AU,,1/1/00 0:00,1.43,2.1995,7/8/23 3:39,1.84,Auction Ads,auction_relation
20230807,1773540191892490 ,MY,MY,,1/1/00 0:00,15.9937,2.1764,7/8/23 3:39,2.31,Auction Ads,auction_relation
20230807,1773534815755260 ,SG,,,1/1/00 0:00,3.7404,0.6478,7/8/23 3:39,0.54,Non-Auction Ads,Promote
20230807,1773540021381120 ,SA,,,1/1/00 0:00,18.7445,0.6358,7/8/23 3:39,0.54,Non-Auction Ads,Promote
20230807,1773539162740740 ,TH,,,1/1/00 0:00,9.26,0.5286,7/8/23 3:39,1.53,RIE,Promote Report Recall
20230807,1773457820147710 ,VN,,,1/1/00 0:00,1.0436,0.3441,7/8/23 3:39,0.54,Non-Auction Ads,Promote
20230807,1773457264438270 ,VN,,,1/1/00 0:00,1.4738,0.2776,7/8/23 3:39,0.54,Non-Auction Ads,Promote
20230807,1773541537530910 ,TH,TH,,1/1/00 0:00,0.2015,10.4282,7/8/23 3:41,1.64,Auction Ads,auction_relation
20230807,1773541537530910 ,TH,TH,,1/1/00 0:00,0.2015,10.4282,7/8/23 3:41,1.64,Auction Ads,auction_relation
20230807,1773536474476560 ,GB,GB,,1/1/00 0:00,23.0938,9.4909,7/8/23 3:41,1.76,Auction Ads,auction_relation
20230807,1773536474476560 ,AE,MENA,,1/1/00 0:00,23.0938,9.4909,7/8/23 3:41,1.78,Auction Ads,auction_relation
20230807,1773536474476560 ,IE,IE,,1/1/00 0:00,23.0938,9.4909,7/8/23 3:41,1.52,Auction Ads,auction_relation
20230807,1773536474476560 ,SA,MENA,,1/1/00 0:00,23.0938,9.4909,7/8/23 3:41,1.78,Auction Ads,auction_relation
20230807,1773536474476560 ,NO,Others,,1/1/00 0:00,23.0938,9.4909,7/8/23 3:41,1.56,Auction Ads,auction_all
20230807,1773536474476560 ,HU,Others,,1/1/00 0:00,23.0938,9.4909,7/8/23 3:41,1.56,Auction Ads,auction_all
20230807,1773536474476560 ,DK,DK,,1/1/00 0:00,23.0938,9.4909,7/8/23 3:41,1.31,Auction Ads,auction_relation
20230807,1773536474476560 ,FI,Others,,1/1/00 0:00,23.0938,9.4909,7/8/23 3:41,1.56,Auction Ads,auction_all
20230807,1773536474476560 ,GR,GR,,1/1/00 0:00,23.0938,9.4909,7/8/23 3:41,2.11,Auction Ads,auction_relation
20230807,1773536474476560 ,PT,PT,,1/1/00 0:00,23.0938,9.4909,7/8/23 3:41,1.98,Auction Ads,auction_relation
20230807,1773536474476560 ,MA,MA,,1/1/00 0:00,23.0938,9.4909,7/8/23 3:41,1.51,Auction Ads,auction_relation
20230807,1773536474476560 ,PL,PL,,1/1/00 0:00,23.0938,9.4909,7/8/23 3:41,1.64,Auction Ads,auction_relation
20230807,1773536474476560 ,SE,SE,,1/1/00 0:00,23.0938,9.4909,7/8/23 3:41,1.4,Auction Ads,auction_relation
20230807,1773536474476560 ,EG,MENA,,1/1/00 0:00,23.0938,9.4909,7/8/23 3:41,1.78,Auction Ads,auction_relation
20230807,1773536474476560 ,FR,FR,,1/1/00 0:00,23.0938,9.4909,7/8/23 3:41,1.97,Auction Ads,auction_relation
20230807,1773540341490770 ,ID,ID,,1/1/00 0:00,1.2602,1.03,7/8/23 3:40,1.8,Auction Ads,auction_relation
20230807,1773540222935090 ,VN,VN,,1/1/00 0:00,,1.6969,7/8/23 3:40,2.13,RIE,Ad Group Recall (Merged)
20230807,1773540211267600 ,VN,VN,,1/1/00 0:00,,1.6969,7/8/23 3:40,2.13,RIE,Ad Group Recall (Merged)
20230807,1773540222545950 ,VN,VN,,1/1/00 0:00,,1.6969,7/8/23 3:40,2.13,RIE,Ad Group Recall (Merged)
20230807,1773536180140030 ,BR,,,1/1/00 0:00,1.3975,0.4244,7/8/23 3:41,0.54,Non-Auction Ads,Promote
20230807,1773542143635530 ,TH,TH,,1/1/00 0:00,2.111,5.4772,7/8/23 3:41,1.64,Auction Ads,auction_relation
20230807,1773540195509280 ,NZ,NZ,,1/1/00 0:00,16.67,9.0806,7/8/23 3:41,1.58,Auction Ads,auction_relation
20230807,1773540195509280 ,AU,AU,,1/1/00 0:00,16.67,9.0806,7/8/23 3:41,1.84,Auction Ads,auction_relation
20230807,1773540195509280 ,GB,GB,,1/1/00 0:00,16.67,9.0806,7/8/23 3:41,1.76,Auction Ads,auction_relation
20230807,1773540093775940 ,US,,,1/1/00 0:00,0.26,6.4643,7/8/23 3:41,1.53,RIE,Promote Report Recall
20230807,1773540002488330 ,VN,VN,,1/1/00 0:00,,3.2122,7/8/23 3:41,2.14,Auction Ads,auction_relation
20230807,1773540224824320 ,VN,VN,,1/1/00 0:00,,3.2122,7/8/23 3:41,2.14,Auction Ads,auction_relation
20230807,1773540224814110 ,VN,VN,,1/1/00 0:00,,3.2122,7/8/23 3:41,2.14,Auction Ads,auction_relation
20230807,1773540220174330 ,VN,VN,,1/1/00 0:00,,3.2122,7/8/23 3:41,2.14,Auction Ads,auction_relation
20230807,1773540365375530 ,TH,TH,,1/1/00 0:00,4.0374,2.3977,7/8/23 3:41,1.64,Auction Ads,auction_relation
20230807,1773540362257400 ,US,US&CA,,1/1/00 0:00,0.31,11.7424,7/8/23 3:43,1.81,RIE,Ad Group Recall (Merged)
20230807,1773540466583550 ,US,USCA,,1/1/00 0:00,,9.188,7/8/23 3:43,1.78,Auction Ads,auction_relation
20230807,1773540314501130 ,ID,ID,,1/1/00 0:00,4.6194,4.356,7/8/23 3:42,1.8,Auction Ads,auction_relation
20230807,1773539857504260 ,TH,,,1/1/00 0:00,6.57,1.5988,7/8/23 3:41,1.53,RIE,Promote Report Recall
20230807,1773540364718110 ,BR,BR,,1/1/00 0:00,,14.0741,7/8/23 3:44,1.99,Auction Ads,auction_all
20230807,1773540298980380 ,ID,ID,,1/1/00 0:00,,2.7556,7/8/23 3:41,1.8,Auction Ads,auction_relation
20230807,1773540233369650 ,TW,TW,,1/1/00 0:00,,2.0865,7/8/23 3:42,2.59,RIE,Ad Group Recall (Merged)
20230807,1773540234114050 ,TW,TW,,1/1/00 0:00,,2.0865,7/8/23 3:42,2.59,RIE,Ad Group Recall (Merged)
20230807,1773540335509520 ,BR,BR,,1/1/00 0:00,,7.0949,7/8/23 3:43,1.7,RIE,Ad Group Recall (Merged)
20230807,1773540313035800 ,BR,BR,,1/1/00 0:00,,7.0949,7/8/23 3:43,1.7,RIE,Ad Group Recall (Merged)
20230807,1773540392817660 ,AU,AU,,1/1/00 0:00,16.42,9.0806,7/8/23 3:43,1.84,Auction Ads,auction_relation
20230807,1773540392817660 ,GB,GB,,1/1/00 0:00,16.42,9.0806,7/8/23 3:43,1.76,Auction Ads,auction_relation
20230807,1773540392817660 ,NZ,NZ,,1/1/00 0:00,16.42,9.0806,7/8/23 3:43,1.58,Auction Ads,auction_relation
20230807,1773540389335040 ,TH,TH,,1/1/00 0:00,20.9474,2.4178,7/8/23 3:42,1.64,Auction Ads,auction_relation
20230807,1773540725738490 ,ID,ID,,1/1/00 0:00,2.0086,3.4284,7/8/23 3:43,1.8,Auction Ads,auction_relation
20230807,1773457699080190 ,VN,,,1/1/00 0:00,1.6802,0,7/8/23 3:42,0.54,Non-Auction Ads,Promote
20230807,1773540132928510 ,VN,,,1/1/00 0:00,4.3962,0.706,7/8/23 3:42,1.53,RIE,Promote Report Recall
20230807,1773540574233610 ,ID,ID,,1/1/00 0:00,41.92,26.5731,7/8/23 3:47,1.8,Auction Ads,auction_relation
20230807,1773540574233610 ,ID,ID,,1/1/00 0:00,41.92,26.5731,7/8/23 3:47,1.8,Auction Ads,auction_relation
20230807,1773534289060860 ,PH,,,1/1/00 0:00,0.3322,0.15,7/8/23 3:42,0.54,Non-Auction Ads,Promote
20230807,1773540086670330 ,ID,,,1/1/00 0:00,0.2142,0.1932,7/8/23 3:43,1.53,RIE,Promote Report Recall
20230807,1773540350174210 ,TW,TW,,1/1/00 0:00,4.11,0.96,7/8/23 3:43,0.95,Auction Ads,auction_relation
20230807,1773540670146570 ,BR,BR,,1/1/00 0:00,,16.4666,7/8/23 3:45,1.99,Auction Ads,auction_all
20230807,1773540335509500 ,VN,VN,,1/1/00 0:00,,3.3936,7/8/23 3:43,2.14,Auction Ads,auction_relation
20230807,1773540277346310 ,US,,,1/1/00 0:00,8.18,9.0898,7/8/23 3:45,1.53,RIE,Promote Report Recall
20230807,1773538984101900 ,US,,,1/1/00 0:00,4.25,2.5,7/8/23 3:43,0.54,Non-Auction Ads,Promote
20230807,1773540480662560 ,US,USCA,,1/1/00 0:00,,14.44,7/8/23 3:46,1.78,Auction Ads,auction_relation
20230807,1773540480954410 ,VN,VN,,1/1/00 0:00,0.0162,0.4202,7/8/23 3:43,2.14,Auction Ads,auction_relation
20230807,1773540303122430 ,MY,,,1/1/00 0:00,10.022,1.0709,7/8/23 3:44,1.53,RIE,Promote Report Recall
20230807,1773543149379610 ,VN,VN,,1/1/00 0:00,236.71,221.0187,7/8/23 4:19,2.14,Auction Ads,auction_relation
20230807,1773540344431610 ,MY,,,1/1/00 0:00,5.203,3.7961,7/8/23 3:44,1.53,RIE,Promote Report Recall
20230807,1773540679793710 ,MY,MY,,1/1/00 0:00,11.3724,2.7361,7/8/23 3:44,2.31,Auction Ads,auction_relation
20230807,1773540617882650 ,BR,BR,,1/1/00 0:00,6.1746,15.7604,7/8/23 3:46,1.99,Auction Ads,auction_all
20230807,1773540176726010 ,MY,,,1/1/00 0:00,2.1889,1.2453,7/8/23 3:44,1.53,RIE,Promote Report Recall
20230807,1773540504921080 ,SG,SG,,1/1/00 0:00,,2.2218,7/8/23 3:44,1.94,Auction Ads,auction_relation
20230807,1773540345987070 ,MY,,,1/1/00 0:00,10.2259,1.6773,7/8/23 3:44,1.53,RIE,Promote Report Recall
20230807,1773540430500940 ,TH,TH,,1/1/00 0:00,0.6541,0.5582,7/8/23 3:44,1.64,Auction Ads,auction_relation
20230807,1773540942859260 ,PK,PK,,1/1/00 0:00,,2.0684,7/8/23 3:44,1.36,Auction Ads,auction_relation
20230807,1773540416535580 ,ID,ID,,1/1/00 0:00,3.13,2.7556,7/8/23 3:45,1.8,Auction Ads,auction_relation
20230807,1773335981398060 ,CL,Others,,1/1/00 0:00,7.47,106.3391,7/8/23 4:00,1.53,Non-Auction Ads,R&F
20230807,1773540432583680 ,VN,VN,,1/1/00 0:00,,3.3936,7/8/23 3:45,2.14,Auction Ads,auction_relation
20230807,1773540402423810 ,VN,VN,,1/1/00 0:00,,3.3936,7/8/23 3:45,2.14,Auction Ads,auction_relation
20230807,1773540436340730 ,VN,VN,,1/1/00 0:00,,3.3936,7/8/23 3:45,2.14,Auction Ads,auction_relation
20230807,1773536723998750 ,CA,USCA,,1/1/00 0:00,20.99,0.4513,7/8/23 3:45,1.78,Auction Ads,auction_relation
20230807,1773536734308360 ,CA,USCA,,1/1/00 0:00,,0.4513,7/8/23 3:45,1.78,Auction Ads,auction_relation
20230807,1773540981313530 ,ID,ID,,1/1/00 0:00,14.1909,8.442,7/8/23 3:46,1.8,Auction Ads,auction_relation
20230807,1773534085455870 ,PH,,,1/1/00 0:00,0.7306,0.227,7/8/23 3:45,0.54,Non-Auction Ads,Promote
20230807,1773540623364110 ,MY,MY,,1/1/00 0:00,,0.0433,7/8/23 3:45,2.31,Auction Ads,auction_relation
20230807,1773540228553730 ,TH,,,1/1/00 0:00,0.767,0.2906,7/8/23 3:45,0.54,Non-Auction Ads,Promote
20230807,1773540757728300 ,ID,ID,,1/1/00 0:00,,0.6901,7/8/23 3:45,1.8,Auction Ads,auction_relation
20230807,1773539092242430 ,US,,,1/1/00 0:00,4.23,1.8418,7/8/23 3:45,0.54,Non-Auction Ads,Promote
20230807,1773540761832440 ,TW,TW,,1/1/00 0:00,18.34,7.7198,7/8/23 3:47,0.95,Auction Ads,auction_relation
20230807,1773540676254720 ,TW,TW,,1/1/00 0:00,2.79,0.96,7/8/23 3:45,0.95,Auction Ads,auction_relation
20230807,1773540509828110 ,VN,VN,,1/1/00 0:00,1.3638,2.8027,7/8/23 3:46,2.14,Auction Ads,auction_relation
20230807,1773540537767980 ,NZ,NZ,,1/1/00 0:00,16.99,9.0806,7/8/23 3:47,1.58,Auction Ads,auction_relation
20230807,1773540537767980 ,GB,GB,,1/1/00 0:00,16.99,9.0806,7/8/23 3:47,1.76,Auction Ads,auction_relation
20230807,1773540537767980 ,AU,AU,,1/1/00 0:00,16.99,9.0806,7/8/23 3:47,1.84,Auction Ads,auction_relation
20230807,1773536475893760 ,BR,,,1/1/00 0:00,1.3015,0.9268,7/8/23 3:46,0.54,Non-Auction Ads,Promote
20230807,1773538439046140 ,US,,,1/1/00 0:00,3.97,1.6429,7/8/23 3:46,0.54,Non-Auction Ads,Promote
20230807,1773537555133470 ,US,USCA,,1/1/00 0:00,,7.3334,7/8/23 3:47,1.78,Auction Ads,auction_relation
20230807,1773540954220590 ,TH,TH,,1/1/00 0:00,,0.543,7/8/23 3:46,1.64,Auction Ads,auction_relation
20230807,1773539319087100 ,US,,,1/1/00 0:00,9,3.31,7/8/23 3:47,0.54,Non-Auction Ads,Promote
20230807,1773540599162910 ,VN,VN,,1/1/00 0:00,4.5335,3.6532,7/8/23 3:47,2.14,Auction Ads,auction_relation
20230807,1773538483780610 ,US,,,1/1/00 0:00,4.78,1.6723,7/8/23 3:46,0.54,Non-Auction Ads,Promote
20230807,1773536609457150 ,BR,,,1/1/00 0:00,1.4078,0.2953,7/8/23 3:46,0.54,Non-Auction Ads,Promote
20230807,1773540521034750 ,BR,BR,,1/1/00 0:00,2.13,0.2035,7/8/23 3:46,1.7,RIE,Ad Group Recall (Merged)
20230807,1773540339399680 ,TH,,,1/1/00 0:00,1.5752,0.4981,7/8/23 3:46,0.54,Non-Auction Ads,Promote
20230807,1773541159925790 ,ID,ID,,1/1/00 0:00,33.79,42.1127,7/8/23 3:53,1.8,Auction Ads,auction_relation
20230807,1773540559409170 ,AE,MENA,,1/1/00 0:00,13.51,2.0059,7/8/23 3:47,1.67,RIE,Ad Group Recall (Merged)
20230807,1773538655778820 ,US,,,1/1/00 0:00,3.94,1.6429,7/8/23 3:47,1.53,RIE,Promote Report Recall
20230807,1773538655778820 ,US,,,1/1/00 0:00,3.94,1.6429,7/8/23 3:47,0.54,Non-Auction Ads,Promote
20230807,1773540812952590 ,SG,SG,,1/1/00 0:00,,16.236,7/8/23 3:49,1.94,Auction Ads,auction_relation
20230807,1773540841724920 ,SG,SG,,1/1/00 0:00,,16.236,7/8/23 3:49,1.94,Auction Ads,auction_relation
20230807,1773540846795820 ,SG,SG,,1/1/00 0:00,,16.236,7/8/23 3:49,1.94,Auction Ads,auction_relation
20230807,1773540848196620 ,SG,SG,,1/1/00 0:00,,16.236,7/8/23 3:49,1.94,Auction Ads,auction_relation
20230807,1773540820991020 ,SG,SG,,1/1/00 0:00,,16.236,7/8/23 3:49,1.94,Auction Ads,auction_relation
20230807,1773540854011950 ,SG,SG,,1/1/00 0:00,,16.236,7/8/23 3:49,1.94,Auction Ads,auction_relation
20230807,1773537056999430 ,BR,,,1/1/00 0:00,6.7718,1.8388,7/8/23 3:47,0.54,Non-Auction Ads,Promote
20230807,1773551496281080 ,JP,JP,,1/1/00 0:00,,394.234,7/8/23 4:59,2.16,Auction Ads,auction_all
20230807,1773540665451520 ,NZ,NZ,,1/1/00 0:00,17.65,9.0806,7/8/23 3:49,1.58,Auction Ads,auction_relation
20230807,1773540665451520 ,AU,AU,,1/1/00 0:00,17.65,9.0806,7/8/23 3:49,1.84,Auction Ads,auction_relation
20230807,1773540665451520 ,GB,GB,,1/1/00 0:00,17.65,9.0806,7/8/23 3:49,1.76,Auction Ads,auction_relation
20230807,1773540991658000 ,TH,TH,,1/1/00 0:00,8.0789,2.5262,7/8/23 3:47,1.64,Auction Ads,auction_relation
20230807,1773541005852700 ,KR,KR,,1/1/00 0:00,75.2346,34.839,7/8/23 3:53,2.18,RIE,Ad Group Recall (Merged)
20230807,1773540622088210 ,TH,TH,,1/1/00 0:00,13.2419,3.0481,7/8/23 3:48,1.64,Auction Ads,auction_relation
20230807,1773540492408880 ,TH,TH,,1/1/00 0:00,19.4454,1.7617,7/8/23 3:47,1.64,Auction Ads,auction_relation
20230807,1773538797572100 ,US,,,1/1/00 0:00,9.53,3.9512,7/8/23 3:48,0.54,Non-Auction Ads,Promote
20230807,1773540582774780 ,QA,Others,,1/1/00 0:00,,1.058,7/8/23 3:47,1.56,Auction Ads,auction_all
20230807,1773540586780700 ,KW,Others,,1/1/00 0:00,,1.058,7/8/23 3:47,1.56,Auction Ads,auction_all
20230807,1773540561693690 ,KW,Others,,1/1/00 0:00,,1.058,7/8/23 3:47,1.56,Auction Ads,auction_all
20230807,1773540568817690 ,SA,MENA,,1/1/00 0:00,,1.058,7/8/23 3:47,1.78,Auction Ads,auction_relation
20230807,1773540582774780 ,SA,MENA,,1/1/00 0:00,,1.058,7/8/23 3:47,1.78,Auction Ads,auction_relation
20230807,1773540561693690 ,QA,Others,,1/1/00 0:00,,1.058,7/8/23 3:47,1.56,Auction Ads,auction_all
20230807,1773540561693690 ,SA,MENA,,1/1/00 0:00,,1.058,7/8/23 3:47,1.78,Auction Ads,auction_relation
20230807,1773540582774780 ,KW,Others,,1/1/00 0:00,,1.058,7/8/23 3:47,1.56,Auction Ads,auction_all
20230807,1773540586780700 ,QA,Others,,1/1/00 0:00,,1.058,7/8/23 3:47,1.56,Auction Ads,auction_all
20230807,1773540586780700 ,SA,MENA,,1/1/00 0:00,,1.058,7/8/23 3:47,1.78,Auction Ads,auction_relation
20230807,1773540568817690 ,QA,Others,,1/1/00 0:00,,1.058,7/8/23 3:47,1.56,Auction Ads,auction_all
20230807,1773540568817690 ,KW,Others,,1/1/00 0:00,,1.058,7/8/23 3:47,1.56,Auction Ads,auction_all
20230807,1773540538088440 ,VN,,,1/1/00 0:00,0.1082,0.2712,7/8/23 3:48,1.53,RIE,Promote Report Recall
20230807,1773536436612100 ,BR,,,1/1/00 0:00,1.3604,0.6794,7/8/23 3:48,0.54,Non-Auction Ads,Promote
20230807,1773536605775870 ,BR,,,1/1/00 0:00,1.4124,0.5537,7/8/23 3:48,0.54,Non-Auction Ads,Promote
20230807,1773540529278980 ,US,,,1/1/00 0:00,3.68,1.3969,7/8/23 3:48,1.53,RIE,Promote Report Recall
20230807,1773535426639870 ,ID,,,1/1/00 0:00,0.7748,0.1866,7/8/23 3:48,0.54,Non-Auction Ads,Promote
20230807,1773540740129810 ,ID,ID,,1/1/00 0:00,0.66,6.4937,7/8/23 3:49,1.8,Auction Ads,auction_relation
20230807,1773536636992510 ,BR,,,1/1/00 0:00,1.4039,0.3331,7/8/23 3:49,0.54,Non-Auction Ads,Promote
20230807,1773536636992510 ,BR,,,1/1/00 0:00,1.4039,0.3331,7/8/23 3:49,0.54,Non-Auction Ads,Promote
20230807,1773540745789530 ,GB,GB,,1/1/00 0:00,16.92,9.0806,7/8/23 3:50,1.76,Auction Ads,auction_relation
20230807,1773540745789530 ,AU,AU,,1/1/00 0:00,16.92,9.0806,7/8/23 3:50,1.84,Auction Ads,auction_relation
20230807,1773540745789530 ,NZ,NZ,,1/1/00 0:00,16.92,9.0806,7/8/23 3:50,1.58,Auction Ads,auction_relation
20230807,1773540674634750 ,VN,,,1/1/00 0:00,3.7277,6.08,7/8/23 3:49,1.53,RIE,Promote Report Recall
20230807,1773541501628460 ,VN,VN,,1/1/00 0:00,4.5191,1.9437,7/8/23 3:49,2.14,Auction Ads,auction_relation
20230807,1773541490284540 ,VN,VN,,1/1/00 0:00,4.2798,1.9437,7/8/23 3:49,2.14,Auction Ads,auction_relation
20230807,1773541490284540 ,VN,VN,,1/1/00 0:00,4.2798,1.9437,7/8/23 3:49,2.14,Auction Ads,auction_relation
20230807,1773540981291040 ,VN,VN,,1/1/00 0:00,37.3554,27.9073,7/8/23 3:54,2.14,Auction Ads,auction_relation
20230807,1773540786645010 ,ID,ID,,1/1/00 0:00,2.1667,2.9739,7/8/23 3:49,1.8,Auction Ads,auction_relation
20230807,1773540005128190 ,TH,,,1/1/00 0:00,5.2658,0.9367,7/8/23 3:49,0.54,Non-Auction Ads,Promote
20230807,1773540418706430 ,TH,,,1/1/00 0:00,0.7588,0.1256,7/8/23 3:49,0.54,Non-Auction Ads,Promote
20230807,1773541815341050 ,TH,TH,,1/1/00 0:00,6.5595,4.9637,7/8/23 3:50,1.64,Auction Ads,auction_relation
20230807,1773540861384720 ,TH,TH,,1/1/00 0:00,14.4183,1.4965,7/8/23 3:49,1.64,Auction Ads,auction_relation
20230807,1773540167445500 ,TH,,,1/1/00 0:00,6.7681,5.1498,7/8/23 3:50,1.53,RIE,Promote Report Recall
20230807,1773540707982330 ,VN,,,1/1/00 0:00,1.2039,1.4277,7/8/23 3:50,1.53,RIE,Promote Report Recall
20230807,1773540815111200 ,AU,AU,,1/1/00 0:00,16.41,9.0806,7/8/23 3:51,1.84,Auction Ads,auction_relation
20230807,1773540815111200 ,NZ,NZ,,1/1/00 0:00,16.41,9.0806,7/8/23 3:51,1.58,Auction Ads,auction_relation
20230807,1773540815111200 ,GB,GB,,1/1/00 0:00,16.41,9.0806,7/8/23 3:51,1.76,Auction Ads,auction_relation
20230807,1773540567889920 ,TH,,,1/1/00 0:00,1.464,0.5821,7/8/23 3:50,0.54,Non-Auction Ads,Promote
20230807,1773540847690800 ,BR,BR,,1/1/00 0:00,14.08,16.4666,7/8/23 3:52,1.7,RIE,Ad Group Recall (Merged)
20230807,1773541195453440 ,TH,TH,,1/1/00 0:00,168.7,63.8675,7/8/23 3:59,1.64,Auction Ads,auction_relation
20230807,1773537116839940 ,BR,,,1/1/00 0:00,3.0634,0.7154,7/8/23 3:50,0.54,Non-Auction Ads,Promote
20230807,1773539729072130 ,US,,,1/1/00 0:00,9.59,4.5756,7/8/23 3:51,0.54,Non-Auction Ads,Promote
20230807,1773540366014460 ,TH,,,1/1/00 0:00,1.4379,0.58,7/8/23 3:50,0.54,Non-Auction Ads,Promote
20230807,1773540645523480 ,TH,TH,,1/1/00 0:00,2.4029,1.7617,7/8/23 3:50,1.64,Auction Ads,auction_relation
20230807,1773540653293580 ,TH,TH,,1/1/00 0:00,2.2967,1.7617,7/8/23 3:50,1.64,Auction Ads,auction_relation
20230807,1773540647191600 ,TH,TH,,1/1/00 0:00,2.1425,1.7617,7/8/23 3:50,1.64,Auction Ads,auction_relation
20230807,1773540648299550 ,TH,TH,,1/1/00 0:00,4.8723,1.7617,7/8/23 3:50,1.64,Auction Ads,auction_relation
20230807,1773540651375640 ,TH,TH,,1/1/00 0:00,2.3971,1.7617,7/8/23 3:50,1.64,Auction Ads,auction_relation
20230807,1773541077460010 ,TW,TW,,1/1/00 0:00,11.65,1.463,7/8/23 3:51,0.95,Auction Ads,auction_relation
20230807,1773540744061950 ,PH,,,1/1/00 0:00,6.5477,0.8544,7/8/23 3:51,0.54,Non-Auction Ads,Promote
20230807,1773537517364220 ,BR,,,1/1/00 0:00,1.4286,0.5209,7/8/23 3:51,0.54,Non-Auction Ads,Promote
20230807,1773540979308560 ,TW,TW,,1/1/00 0:00,19.4,7.7198,7/8/23 3:52,0.95,Auction Ads,auction_relation
20230807,1773542523343870 ,TH,TH,,1/1/00 0:00,49.4487,51.5344,7/8/23 3:58,1.64,Auction Ads,auction_relation
20230807,1773540815844400 ,SA,MENA,,1/1/00 0:00,,0.6412,7/8/23 3:51,1.78,Auction Ads,auction_relation
20230807,1773457216997370 ,VN,,,1/1/00 0:00,0.7546,0.1714,7/8/23 3:51,0.54,Non-Auction Ads,Promote
20230807,1773541033535500 ,TH,TH,,1/1/00 0:00,7.7465,16.5498,7/8/23 3:54,1.64,Auction Ads,auction_relation
20230807,1773540938763260 ,US,,,1/1/00 0:00,95.75,16.6563,7/8/23 3:55,0.54,Non-Auction Ads,Promote
20230807,1773540866018350 ,SG,SG,,1/1/00 0:00,17.14,3.1634,7/8/23 3:52,1.94,Auction Ads,auction_relation
20230807,1773540860680190 ,SG,SG,,1/1/00 0:00,17.2,3.1634,7/8/23 3:52,1.94,Auction Ads,auction_relation
20230807,1773540844125200 ,SG,SG,,1/1/00 0:00,17.56,3.1634,7/8/23 3:52,1.94,Auction Ads,auction_relation
20230807,1773540866010120 ,SG,SG,,1/1/00 0:00,17.59,3.1634,7/8/23 3:52,1.94,Auction Ads,auction_relation
20230807,1773540852682750 ,SG,SG,,1/1/00 0:00,17.83,3.1634,7/8/23 3:52,1.94,Auction Ads,auction_relation
20230807,1773540856656920 ,SG,SG,,1/1/00 0:00,28.08,3.1634,7/8/23 3:52,1.94,Auction Ads,auction_relation
20230807,1773540866018350 ,NZ,NZ,,1/1/00 0:00,17.14,3.1634,7/8/23 3:52,1.58,Auction Ads,auction_relation
20230807,1773540860680190 ,NZ,NZ,,1/1/00 0:00,17.2,3.1634,7/8/23 3:52,1.58,Auction Ads,auction_relation
20230807,1773540852673560 ,GB,GB,,1/1/00 0:00,16.87,3.1634,7/8/23 3:52,1.76,Auction Ads,auction_relation
20230807,1773540846114850 ,AU,AU,,1/1/00 0:00,17.43,3.1634,7/8/23 3:52,1.84,Auction Ads,auction_relation
20230807,1773540866010120 ,GB,GB,,1/1/00 0:00,17.59,3.1634,7/8/23 3:52,1.76,Auction Ads,auction_relation
20230807,1773540878003250 ,QA,Other,,1/1/00 0:00,7.38,2.0848,7/8/23 3:52,1.62,RIE,Ad Group Recall (Merged)
20230807,1773540978957310 ,ID,ID,,1/1/00 0:00,6.38,2.7556,7/8/23 3:52,1.8,Auction Ads,auction_relation
20230807,1773540827659260 ,TW,TW,,1/1/00 0:00,0.34,0.96,7/8/23 3:52,0.95,Auction Ads,auction_relation
20230807,1773541030839320 ,TH,TH,,1/1/00 0:00,,3.0481,7/8/23 3:52,1.64,Auction Ads,auction_relation
20230807,1773541304481840 ,VN,VN,,1/1/00 0:00,11.03,5.692,7/8/23 3:53,2.14,Auction Ads,auction_relation
20230807,1773535952776190 ,BR,,,1/1/00 0:00,1.3236,2.2793,7/8/23 3:53,0.54,Non-Auction Ads,Promote
20230807,1773537243926540 ,CA,USCA,,1/1/00 0:00,2.64,2.226,7/8/23 3:53,1.78,Auction Ads,auction_relation
20230807,1773540666214400 ,ID,,,1/1/00 0:00,0.7707,0.315,7/8/23 3:52,1.53,RIE,Promote Report Recall
20230807,1773542589651980 ,MY,MY,,1/1/00 0:00,,3.7297,7/8/23 3:53,2.31,Auction Ads,auction_relation
20230807,1773540679140350 ,GR,,,1/1/00 0:00,2.1899,0.342,7/8/23 3:53,0.54,Non-Auction Ads,Promote
20230807,1773540989090810 ,MY,,,1/1/00 0:00,6.7357,7.9009,7/8/23 3:54,1.53,RIE,Promote Report Recall
20230807,1773541036856320 ,TW,TW,,1/1/00 0:00,0.2,0.96,7/8/23 3:53,0.95,Auction Ads,auction_relation
20230807,1773537530756090 ,SG,,,1/1/00 0:00,4.4091,1.7284,7/8/23 3:53,0.54,Non-Auction Ads,Promote
20230807,1773540965010480 ,TW,TW,,1/1/00 0:00,,1.6133,7/8/23 3:54,0.95,Auction Ads,auction_relation
20230807,1773540637522940 ,TH,,,1/1/00 0:00,0.6892,0.2567,7/8/23 3:53,0.54,Non-Auction Ads,Promote
20230807,1773540787944450 ,ID,,,1/1/00 0:00,59.0538,2.0247,7/8/23 3:54,0.54,Non-Auction Ads,Promote
20230807,1773541156634640 ,TW,TW,,1/1/00 0:00,18.63,7.7198,7/8/23 3:55,0.95,Auction Ads,auction_relation
20230807,1773541156634640 ,TW,TW,,1/1/00 0:00,18.63,7.7198,7/8/23 3:55,0.95,Auction Ads,auction_relation
20230807,1773537693619200 ,BR,,,1/1/00 0:00,4.6374,1.2109,7/8/23 3:54,0.54,Non-Auction Ads,Promote
20230807,1773537693619200 ,BR,,,1/1/00 0:00,4.6374,1.2109,7/8/23 3:54,1.53,RIE,Promote Report Recall
20230807,1773541719664650 ,TH,TH,,1/1/00 0:00,10.034,20.0529,7/8/23 3:57,1.64,Auction Ads,auction_relation
20230807,1773540951890940 ,VN,,,1/1/00 0:00,1.457,1.2915,7/8/23 3:54,1.53,RIE,Promote Report Recall
20230807,1773533474630670 ,SA,MENA,,1/1/00 0:00,,3.3124,7/8/23 3:55,1.78,Auction Ads,auction_relation
20230807,1773537700642820 ,BR,,,1/1/00 0:00,2.7623,0.6032,7/8/23 3:54,0.54,Non-Auction Ads,Promote
20230807,1773541021499390 ,US,,,1/1/00 0:00,8.67,4.2947,7/8/23 3:55,1.53,RIE,Promote Report Recall
20230807,1773541082927120 ,ID,ID,,1/1/00 0:00,9.52,2.7556,7/8/23 3:55,1.8,Auction Ads,auction_relation
20230807,1773537864410110 ,BR,,,1/1/00 0:00,1.3131,0.4392,7/8/23 3:54,0.54,Non-Auction Ads,Promote
20230807,1773541139344380 ,GB,GB,,1/1/00 0:00,16.74,9.0806,7/8/23 3:56,1.76,Auction Ads,auction_relation
20230807,1773541139344380 ,AU,AU,,1/1/00 0:00,16.74,9.0806,7/8/23 3:56,1.84,Auction Ads,auction_relation
20230807,1773541139344380 ,NZ,NZ,,1/1/00 0:00,16.74,9.0806,7/8/23 3:56,1.58,Auction Ads,auction_relation
20230807,1773541077234680 ,VN,,,1/1/00 0:00,1.0238,6.08,7/8/23 3:56,1.53,RIE,Promote Report Recall
20230807,1773537431738390 ,BR,,,1/1/00 0:00,1.3978,2.8758,7/8/23 3:55,0.54,Non-Auction Ads,Promote
20230807,1773540819015680 ,TH,,,1/1/00 0:00,0.8977,0.3486,7/8/23 3:55,0.54,Non-Auction Ads,Promote
20230807,1773537387052050 ,BR,,,1/1/00 0:00,2.9304,1.6376,7/8/23 3:55,0.54,Non-Auction Ads,Promote
20230807,1773541229963310 ,KR,KR,,1/1/00 0:00,,3.2584,7/8/23 3:56,2.37,Auction Ads,auction_relation
20230807,1773540806341630 ,TH,,,1/1/00 0:00,6.77,6.3743,7/8/23 3:56,1.53,RIE,Promote Report Recall
20230807,1773541122397230 ,MY,MY,,1/1/00 0:00,0.83,2.0048,7/8/23 3:55,2.31,Auction Ads,auction_relation
20230807,1773541196419170 ,PK,PK,,1/1/00 0:00,,2.0684,7/8/23 3:56,1.36,Auction Ads,auction_relation
20230807,1773538000354310 ,BR,,,1/1/00 0:00,1.4241,0.4754,7/8/23 3:56,0.54,Non-Auction Ads,Promote
20230807,1773541058881550 ,KW,,,1/1/00 0:00,2.8867,0.7112,7/8/23 3:56,1.53,RIE,Promote Report Recall
20230807,1773541547831310 ,ID,ID,,1/1/00 0:00,13.9179,8.442,7/8/23 3:57,1.8,Auction Ads,auction_relation
20230807,1773541547831310 ,ID,ID,,1/1/00 0:00,13.9179,8.442,7/8/23 3:57,1.8,Auction Ads,auction_relation
20230807,1773541759105070 ,GB,GB,,1/1/00 0:00,48.31,33.1602,7/8/23 3:59,1.76,Auction Ads,auction_relation
20230807,1773540824854530 ,TH,,,1/1/00 0:00,1.2182,0.6985,7/8/23 3:56,0.54,Non-Auction Ads,Promote
20230807,1773541174112250 ,ID,ID,,1/1/00 0:00,12.74,2.7556,7/8/23 3:56,1.8,Auction Ads,auction_relation
20230807,1773541022620670 ,MY,,,1/1/00 0:00,16.1256,1.6639,7/8/23 3:56,0.54,Non-Auction Ads,Promote
20230807,1773541155297320 ,TW,TW,,1/1/00 0:00,,2.9982,7/8/23 3:57,0.95,Auction Ads,auction_relation
20230807,1773541148179480 ,TW,TW,,1/1/00 0:00,,2.9982,7/8/23 3:57,0.95,Auction Ads,auction_relation
20230807,1773541140682750 ,TW,TW,,1/1/00 0:00,8.14,2.9982,7/8/23 3:57,0.95,Auction Ads,auction_relation
20230807,1773541215067150 ,BR,BR,,1/1/00 0:00,5.1653,3.8146,7/8/23 3:57,1.99,Auction Ads,auction_all
20230807,1773541196409970 ,CL,Other,,1/1/00 0:00,1.2465,0.3296,7/8/23 3:56,1.62,RIE,Ad Group Recall (Merged)
20230807,1773541196409970 ,CO,Other,,1/1/00 0:00,1.2465,0.3296,7/8/23 3:56,1.62,RIE,Ad Group Recall (Merged)
20230807,1773541196409970 ,CO,Other,,1/1/00 0:00,1.2465,0.3296,7/8/23 3:56,1.62,RIE,Ad Group Recall (Merged)
20230807,1773541196409970 ,CL,Other,,1/1/00 0:00,1.2465,0.3296,7/8/23 3:56,1.62,RIE,Ad Group Recall (Merged)
20230807,1773541209351200 ,AU,AU,,1/1/00 0:00,17.17,9.0806,7/8/23 3:57,1.84,Auction Ads,auction_relation
20230807,1773541209351200 ,NZ,NZ,,1/1/00 0:00,17.17,9.0806,7/8/23 3:57,1.58,Auction Ads,auction_relation
20230807,1773541209351200 ,GB,GB,,1/1/00 0:00,17.17,9.0806,7/8/23 3:57,1.76,Auction Ads,auction_relation
20230807,1773541047190520 ,VN,,,1/1/00 0:00,205.7936,0.0627,7/8/23 3:56,0.54,Non-Auction Ads,Promote
20230807,1773541120750660 ,ES,,,1/1/00 0:00,8.6607,1.4398,7/8/23 3:57,1.53,RIE,Promote Report Recall
20230807,1773537695582210 ,BR,BR,,1/1/00 0:00,0,49.6067,7/8/23 4:02,1.99,Auction Ads,auction_all
20230807,1773541167631370 ,SA,MENA,,1/1/00 0:00,,0.6412,7/8/23 3:57,1.78,Auction Ads,auction_relation
20230807,1773541656287230 ,BR,BR,,1/1/00 0:00,1.728,0.9404,7/8/23 3:57,1.7,RIE,Ad Group Recall (Merged)
20230807,1773541656287230 ,BR,BR,,1/1/00 0:00,1.728,0.9404,7/8/23 3:57,1.99,Auction Ads,auction_all
20230807,1773537674027010 ,BR,,,1/1/00 0:00,1.3997,0.7154,7/8/23 3:57,0.54,Non-Auction Ads,Promote
20230807,1773540206895100 ,KR,,,1/1/00 0:00,3.0387,2.0561,7/8/23 3:57,0.54,Non-Auction Ads,Promote
20230807,1773541183507480 ,BH,Others,,1/1/00 0:00,,1.107,7/8/23 3:57,1.56,Auction Ads,auction_all
20230807,1773541183507480 ,BH,Others,,1/1/00 0:00,,1.107,7/8/23 3:57,1.56,Auction Ads,auction_all
20230807,1773541506815010 ,TH,TH,,1/1/00 0:00,,3.0391,7/8/23 3:58,1.87,RIE,Ad Group Recall (Merged)
20230807,1773540798567420 ,TH,,,1/1/00 0:00,1.4835,0.4043,7/8/23 3:57,0.54,Non-Auction Ads,Promote
20230807,1773541403839530 ,TW,TW,,1/1/00 0:00,1.96,3.513,7/8/23 3:58,0.95,Auction Ads,auction_relation
20230807,1773541111988230 ,US,,,1/1/00 0:00,1.43,2.6085,7/8/23 3:58,1.53,RIE,Promote Report Recall
20230807,1773541460814890 ,TH,TH,,1/1/00 0:00,12.1676,0.1615,7/8/23 3:58,1.64,Auction Ads,auction_relation
20230807,1773537969281020 ,BR,,,1/1/00 0:00,1.377,1.2882,7/8/23 3:58,0.54,Non-Auction Ads,Promote
20230807,1773541142120440 ,KH,,,1/1/00 0:00,3.842,0,7/8/23 3:58,0.54,Non-Auction Ads,Promote
20230807,1773541897199660 ,TW,TW,,1/1/00 0:00,114.67,43.6055,7/8/23 4:03,0.95,Auction Ads,auction_relation
20230807,1773541897199660 ,TW,TW,,1/1/00 0:00,114.67,43.6055,7/8/23 4:03,0.95,Auction Ads,auction_relation
20230807,1773541294596140 ,NZ,NZ,,1/1/00 0:00,16.07,9.0806,7/8/23 3:59,1.58,Auction Ads,auction_relation
20230807,1773544070727680 ,TW,TW,,1/1/00 0:00,24.84,11.8931,7/8/23 3:59,2.59,RIE,Ad Group Recall (Merged)
20230807,1773544070727680 ,TW,TW,,1/1/00 0:00,24.84,11.8931,7/8/23 3:59,0.95,Auction Ads,auction_relation
20230807,1773544077286430 ,TW,TW,,1/1/00 0:00,49.47,11.8931,7/8/23 3:59,0.95,Auction Ads,auction_relation
20230807,1773541514791960 ,BR,BR,,1/1/00 0:00,,16.4666,7/8/23 4:00,1.99,Auction Ads,auction_all
20230807,1773541244073980 ,NL,,,1/1/00 0:00,10.4994,3.0489,7/8/23 3:59,1.53,RIE,Promote Report Recall
20230807,1773536213809150 ,ID,,,1/1/00 0:00,0.7921,1.6919,7/8/23 3:58,0.54,Non-Auction Ads,Promote
20230807,1773541065048090 ,CL,Other,,1/1/00 0:00,0.9895,0.3296,7/8/23 3:58,1.62,RIE,Ad Group Recall (Merged)
20230807,1773541065048090 ,EC,Other,,1/1/00 0:00,0.9895,0.3296,7/8/23 3:58,1.62,RIE,Ad Group Recall (Merged)
20230807,1773541065048090 ,CO,Other,,1/1/00 0:00,0.9895,0.3296,7/8/23 3:58,1.62,RIE,Ad Group Recall (Merged)
20230807,1773541065048090 ,PE,Other,,1/1/00 0:00,0.9895,0.3296,7/8/23 3:58,1.62,RIE,Ad Group Recall (Merged)
20230807,1773541065048090 ,MX,Other,,1/1/00 0:00,0.9895,0.3296,7/8/23 3:58,1.62,RIE,Ad Group Recall (Merged)
20230807,1773541065048090 ,MX,Other,,1/1/00 0:00,0.9895,0.3296,7/8/23 3:58,1.62,RIE,Ad Group Recall (Merged)
20230807,1773560093650960 ,DE,DE,,1/1/00 0:00,,9.5214,7/8/23 4:00,1.01,Auction Ads,auction_relation
20230807,1773541072066560 ,TH,,,1/1/00 0:00,5.79,2.7031,7/8/23 3:59,1.53,RIE,Promote Report Recall
20230807,1773538559135770 ,EC,Others,,1/1/00 0:00,31.38,21.0744,7/8/23 4:01,1.56,Auction Ads,auction_all
20230807,1773541457458220 ,VN,VN,,1/1/00 0:00,8.6845,0.2209,7/8/23 3:59,2.14,Auction Ads,auction_relation
20230807,1773536142849030 ,BR,,,1/1/00 0:00,1.3726,0.6323,7/8/23 3:59,0.54,Non-Auction Ads,Promote
20230807,1773541705704480 ,MY,MY,,1/1/00 0:00,43.93,382.2559,7/8/23 5:05,2.31,Auction Ads,auction_relation
20230807,1773541404720170 ,GR,GR,,1/1/00 0:00,17.19,9.0806,7/8/23 4:00,2.11,Auction Ads,auction_relation
20230807,1773536272097280 ,ID,,,1/1/00 0:00,0.7824,0.5507,7/8/23 3:59,0.54,Non-Auction Ads,Promote
20230807,1773541203929140 ,BE,,,1/1/00 0:00,4.6334,0.924,7/8/23 3:59,1.53,RIE,Promote Report Recall
20230807,1773541379208190 ,BR,BR,,1/1/00 0:00,4.999,3.8146,7/8/23 3:59,1.99,Auction Ads,auction_all
20230807,1773541380015150 ,ID,ID,,1/1/00 0:00,16.08,1.2688,7/8/23 3:59,1.8,Auction Ads,auction_relation
20230807,1773504771580970 ,NO,Others,,1/1/00 0:00,1.0899,7.9404,7/8/23 4:00,1.56,Auction Ads,auction_all
20230807,1773504771571740 ,NO,Others,,1/1/00 0:00,0.066,7.9404,7/8/23 4:00,1.56,Auction Ads,auction_all
20230807,1773518756789280 ,DE,DE,,1/1/00 0:00,20.3322,4.435,7/8/23 4:00,1.01,Auction Ads,auction_relation
20230807,1773518772698140 ,DE,DE,,1/1/00 0:00,21.9823,4.435,7/8/23 4:00,1.01,Auction Ads,auction_relation
20230807,1773518619838510 ,DE,DE,,1/1/00 0:00,21.5544,4.435,7/8/23 4:00,1.01,Auction Ads,auction_relation
20230807,1773540989406210 ,TH,,,1/1/00 0:00,1.8748,0.4034,7/8/23 3:59,0.54,Non-Auction Ads,Promote
20230807,1773538416971770 ,MY,MY,,1/1/00 0:00,1.9255,2.1543,7/8/23 4:00,2.31,Auction Ads,auction_relation
20230807,1773541305393150 ,VN,,,1/1/00 0:00,14.3988,2.8716,7/8/23 4:00,1.53,RIE,Promote Report Recall
20230807,1773536837513210 ,ID,ID,,1/1/00 0:00,1.65,1.8692,7/8/23 4:00,1.8,Auction Ads,auction_relation
20230807,1773528256886800 ,FR,FR,,1/1/00 0:00,,11.7883,7/8/23 4:00,1.97,Auction Ads,auction_relation
20230807,1773458205080570 ,VN,,,1/1/00 0:00,0.8893,0.3596,7/8/23 4:00,0.54,Non-Auction Ads,Promote
20230807,1773538804097040 ,BR,BR,,1/1/00 0:00,,0.9634,7/8/23 4:00,1.99,Auction Ads,auction_all
20230807,1773541788333050 ,TH,TH,,1/1/00 0:00,0,3.3987,7/8/23 4:00,1.64,Auction Ads,auction_relation
20230807,1773559747397680 ,TH,TH,,1/1/00 0:00,3.4236,0.7908,7/8/23 4:00,1.64,Auction Ads,auction_relation
20230807,1773540892979200 ,TH,,,1/1/00 0:00,4.08,0.4444,7/8/23 4:00,0.54,Non-Auction Ads,Promote
20230807,1773540965180410 ,TH,,,1/1/00 0:00,1.2087,0.7665,7/8/23 4:00,0.54,Non-Auction Ads,Promote
20230807,1773541425169410 ,PE,Other,,1/1/00 0:00,1.271,0.3296,7/8/23 4:00,1.62,RIE,Ad Group Recall (Merged)
20230807,1773541425169410 ,CL,Other,,1/1/00 0:00,1.271,0.3296,7/8/23 4:00,1.62,RIE,Ad Group Recall (Merged)
20230807,1773541425169410 ,MX,Other,,1/1/00 0:00,1.271,0.3296,7/8/23 4:00,1.62,RIE,Ad Group Recall (Merged)
20230807,1773541425169410 ,MX,Other,,1/1/00 0:00,1.271,0.3296,7/8/23 4:00,1.62,RIE,Ad Group Recall (Merged)
20230807,1773541425169410 ,CO,Other,,1/1/00 0:00,1.271,0.3296,7/8/23 4:00,1.62,RIE,Ad Group Recall (Merged)
20230807,1773541425169410 ,CL,Other,,1/1/00 0:00,1.271,0.3296,7/8/23 4:00,1.62,RIE,Ad Group Recall (Merged)
20230807,1773541425169410 ,CO,Other,,1/1/00 0:00,1.271,0.3296,7/8/23 4:00,1.62,RIE,Ad Group Recall (Merged)
20230807,1773541425169410 ,PE,Other,,1/1/00 0:00,1.271,0.3296,7/8/23 4:00,1.62,RIE,Ad Group Recall (Merged)
20230807,1773538263672830 ,BR,,,1/1/00 0:00,2.992,0.7148,7/8/23 4:00,0.54,Non-Auction Ads,Promote
20230807,1773541501182000 ,ID,ID,,1/1/00 0:00,10.5821,6.076,7/8/23 4:01,1.8,Auction Ads,auction_relation
20230807,1773541922583550 ,PK,Other,,1/1/00 0:00,,0.1318,7/8/23 4:00,1.62,RIE,Ad Group Recall (Merged)
20230807,1773537716091900 ,US,US&CA,,1/1/00 0:00,60.39,0.4513,7/8/23 4:00,1.81,RIE,Ad Group Recall (Merged)
20230807,1773539503100940 ,BR,BR,,1/1/00 0:00,2.3869,0.9634,7/8/23 4:00,1.99,Auction Ads,auction_all
20230807,1773540382216200 ,BR,BR,,1/1/00 0:00,1.886,0.9634,7/8/23 4:00,1.99,Auction Ads,auction_all
20230807,1773541719663630 ,TH,TH,,1/1/00 0:00,9.3742,3.4886,7/8/23 4:01,1.64,Auction Ads,auction_relation
20230807,1773536141328380 ,ID,,,1/1/00 0:00,0.7608,0.2337,7/8/23 4:00,0.54,Non-Auction Ads,Promote
20230807,1773541328099320 ,SA,,,1/1/00 0:00,1.413,2.1137,7/8/23 4:01,1.53,RIE,Promote Report Recall
20230807,1773538314234880 ,BR,,,1/1/00 0:00,6.8473,1.0757,7/8/23 4:01,0.54,Non-Auction Ads,Promote
20230807,1773542212897840 ,BR,BR,,1/1/00 0:00,39.18,63.7505,7/8/23 4:13,1.99,Auction Ads,auction_all
20230807,1773541272598530 ,TH,,,1/1/00 0:00,1.8803,0.4533,7/8/23 4:01,0.54,Non-Auction Ads,Promote
20230807,1773541289900030 ,VN,,,1/1/00 0:00,9.0504,1.4929,7/8/23 4:01,1.53,RIE,Promote Report Recall
20230807,1773541840921600 ,ID,ID,,1/1/00 0:00,,2.1259,7/8/23 4:01,1.8,Auction Ads,auction_relation
20230807,1773541561271320 ,TW,TW,,1/1/00 0:00,8.52,2.3562,7/8/23 4:02,0.95,Auction Ads,auction_relation
20230807,1773541561271320 ,TW,TW,,1/1/00 0:00,8.52,2.3562,7/8/23 4:02,0.95,Auction Ads,auction_relation
20230807,1773541544747010 ,DE,,,1/1/00 0:00,67.7898,22.8742,7/8/23 4:05,0.54,Non-Auction Ads,Promote
20230807,1773541567461420 ,NZ,NZ,,1/1/00 0:00,11.98,9.0806,7/8/23 4:03,1.58,Auction Ads,auction_relation
20230807,1773541567461420 ,AU,AU,,1/1/00 0:00,11.98,9.0806,7/8/23 4:03,1.84,Auction Ads,auction_relation
20230807,1773541567461420 ,AU,AU,,1/1/00 0:00,11.98,9.0806,7/8/23 4:03,1.84,Auction Ads,auction_relation
20230807,1773541567461420 ,GB,GB,,1/1/00 0:00,11.98,9.0806,7/8/23 4:03,1.76,Auction Ads,auction_relation
20230807,1773512500026370 ,TR,,,1/1/00 0:00,7.9562,0.6443,7/8/23 4:02,0.54,Non-Auction Ads,Promote
20230807,1773541553635360 ,TH,TH,,1/1/00 0:00,,3.0391,7/8/23 4:02,1.87,RIE,Ad Group Recall (Merged)
20230807,1773541553627130 ,TH,TH,,1/1/00 0:00,,3.0391,7/8/23 4:02,1.87,RIE,Ad Group Recall (Merged)
20230807,1773541567462400 ,TH,TH,,1/1/00 0:00,7.63,3.0391,7/8/23 4:02,1.87,RIE,Ad Group Recall (Merged)
20230807,1773536155397120 ,BR,,,1/1/00 0:00,1.3157,0.2757,7/8/23 4:02,0.54,Non-Auction Ads,Promote
20230807,1773536155397120 ,BR,,,1/1/00 0:00,1.3157,0.2757,7/8/23 4:02,0.54,Non-Auction Ads,Promote
20230807,1773543108101120 ,KH,Other,,1/1/00 0:00,3.787,1.2462,7/8/23 4:02,1.62,RIE,Ad Group Recall (Merged)
20230807,1773539540870150 ,US,,,1/1/00 0:00,7.56,6.75,7/8/23 4:04,0.54,Non-Auction Ads,Promote
20230807,1773541479129090 ,BR,,,1/1/00 0:00,0.2155,0.6005,7/8/23 4:02,1.53,RIE,Promote Report Recall
20230807,1773512639347710 ,TR,,,1/1/00 0:00,0.3425,0.3204,7/8/23 4:02,0.54,Non-Auction Ads,Promote
20230807,1773540149874690 ,US,,,1/1/00 0:00,1.99,0.975,7/8/23 4:03,0.54,Non-Auction Ads,Promote
20230807,1773541453840390 ,KH,,,1/1/00 0:00,4,1.0714,7/8/23 4:03,0.54,Non-Auction Ads,Promote
20230807,1773541343372280 ,TH,,,1/1/00 0:00,0.6916,0.2169,7/8/23 4:03,0.54,Non-Auction Ads,Promote
20230807,1773540128655360 ,US,,,1/1/00 0:00,5.05,1.2225,7/8/23 4:03,0.54,Non-Auction Ads,Promote
20230807,1773541680672760 ,VN,VN,,1/1/00 0:00,,0.2425,7/8/23 4:03,2.14,Auction Ads,auction_relation
20230807,1773512598859770 ,TR,,,1/1/00 0:00,0.3526,0.1874,7/8/23 4:03,0.54,Non-Auction Ads,Promote
20230807,1773542453022830 ,VN,VN,,1/1/00 0:00,,1.026,7/8/23 4:04,2.14,Auction Ads,auction_relation
20230807,1773537915659290 ,QA,Other,,1/1/00 0:00,3.06,3.3406,7/8/23 4:04,1.62,RIE,Ad Group Recall (Merged)
20230807,1773537915659290 ,AE,MENA,,1/1/00 0:00,3.06,3.3406,7/8/23 4:04,1.67,RIE,Ad Group Recall (Merged)
20230807,1773537915659290 ,KW,Other,,1/1/00 0:00,3.06,3.3406,7/8/23 4:04,1.62,RIE,Ad Group Recall (Merged)
20230807,1773537915659290 ,AE,MENA,,1/1/00 0:00,3.06,3.3406,7/8/23 4:04,1.67,RIE,Ad Group Recall (Merged)
20230807,1773537915659290 ,SA,MENA,,1/1/00 0:00,3.06,3.3406,7/8/23 4:04,1.67,RIE,Ad Group Recall (Merged)
20230807,1773541542956030 ,VN,,,1/1/00 0:00,1.2411,3.8176,7/8/23 4:04,1.53,RIE,Promote Report Recall
20230807,1773540309317630 ,US,,,1/1/00 0:00,5.15,1.0783,7/8/23 4:04,0.54,Non-Auction Ads,Promote
20230807,1773543831652380 ,VN,VN,,1/1/00 0:00,,1.2366,7/8/23 4:04,2.14,Auction Ads,auction_relation
20230807,1773539240035330 ,US,,,1/1/00 0:00,6.3,3.4478,7/8/23 4:04,0.54,Non-Auction Ads,Promote
20230807,1773536065726460 ,ID,,,1/1/00 0:00,3.5615,0.4298,7/8/23 4:04,0.54,Non-Auction Ads,Promote
20230807,1773536297525240 ,ID,,,1/1/00 0:00,0.6837,1.4953,7/8/23 4:04,0.54,Non-Auction Ads,Promote
20230807,1773544524187680 ,ID,ID,,1/1/00 0:00,0.0383,5.0181,7/8/23 4:05,1.8,Auction Ads,auction_relation
20230807,1773541854977050 ,VN,VN,,1/1/00 0:00,,1.6885,7/8/23 4:04,2.14,Auction Ads,auction_relation
20230807,1773540692134910 ,US,,,1/1/00 0:00,6.19,2.6,7/8/23 4:05,0.54,Non-Auction Ads,Promote
20230807,1773542022023180 ,US,USCA,,1/1/00 0:00,36.65,31.1273,7/8/23 4:11,1.78,Auction Ads,auction_relation
20230807,1773536415575040 ,ID,,,1/1/00 0:00,0.7784,0.5507,7/8/23 4:04,0.54,Non-Auction Ads,Promote
20230807,1773536415575040 ,ID,,,1/1/00 0:00,0.7784,0.5507,7/8/23 4:04,0.54,Non-Auction Ads,Promote
20230807,1773543124806680 ,ID,ID,,1/1/00 0:00,13.3592,18.1378,7/8/23 4:08,1.8,Auction Ads,auction_relation
20230807,1773541818062890 ,JP,JP,,1/1/00 0:00,,14.2988,7/8/23 4:07,2.16,Auction Ads,auction_all
20230807,1773541575533570 ,ID,,,1/1/00 0:00,16.0503,1.9065,7/8/23 4:05,0.54,Non-Auction Ads,Promote
20230807,1773540351683620 ,US,,,1/1/00 0:00,8.73,5.4051,7/8/23 4:06,0.54,Non-Auction Ads,Promote
20230807,1773541781375040 ,KH,KH,,1/1/00 0:00,40.4,0,7/8/23 4:05,1.5,Auction Ads,auction_relation
20230807,1773541706143770 ,MY,MY,,1/1/00 0:00,3.05,2.0048,7/8/23 4:05,2.31,Auction Ads,auction_relation
20230807,1773541662336060 ,VN,,,1/1/00 0:00,0.2549,1.7718,7/8/23 4:05,1.53,RIE,Promote Report Recall
20230807,1773541166561280 ,TH,,,1/1/00 0:00,1.4758,0.3154,7/8/23 4:05,0.54,Non-Auction Ads,Promote
20230807,1773536219428860 ,ID,,,1/1/00 0:00,1.6345,1.9574,7/8/23 4:05,0.54,Non-Auction Ads,Promote
20230807,1773535344638970 ,MY,,,1/1/00 0:00,1.3792,0.1179,7/8/23 4:05,0.54,Non-Auction Ads,Promote
20230807,1773540528106490 ,TH,,,1/1/00 0:00,4.966,0.981,7/8/23 4:06,0.54,Non-Auction Ads,Promote
20230807,1773542581509150 ,BR,BR,,1/1/00 0:00,35.48,63.7505,7/8/23 4:18,1.99,Auction Ads,auction_all
20230807,1773541752467500 ,MY,MY,,1/1/00 0:00,3.01,2.0048,7/8/23 4:06,2.31,Auction Ads,auction_relation
20230807,1773541912172560 ,TH,TH,,1/1/00 0:00,12.1273,0.1615,7/8/23 4:05,1.64,Auction Ads,auction_relation
20230807,1773541787613180 ,BR,BR,,1/1/00 0:00,1.5804,0.9404,7/8/23 4:06,1.99,Auction Ads,auction_all
20230807,1773512716906490 ,TR,,,1/1/00 0:00,4.9783,0.6242,7/8/23 4:06,0.54,Non-Auction Ads,Promote
20230807,1773542707852290 ,ID,ID,,1/1/00 0:00,10.9147,3.9303,7/8/23 4:06,1.8,Auction Ads,auction_relation
20230807,1773538055598110 ,AE,MENA,,1/1/00 0:00,3.14,3.3406,7/8/23 4:06,1.67,RIE,Ad Group Recall (Merged)
20230807,1773538024456190 ,AE,MENA,,1/1/00 0:00,2.93,3.3406,7/8/23 4:06,1.67,RIE,Ad Group Recall (Merged)
20230807,1773538024456190 ,KW,Other,,1/1/00 0:00,2.93,3.3406,7/8/23 4:06,1.62,RIE,Ad Group Recall (Merged)
20230807,1773538055598110 ,AE,MENA,,1/1/00 0:00,3.14,3.3406,7/8/23 4:06,1.67,RIE,Ad Group Recall (Merged)
20230807,1773538024456190 ,SA,MENA,,1/1/00 0:00,2.93,3.3406,7/8/23 4:06,1.67,RIE,Ad Group Recall (Merged)
20230807,1773538024456190 ,AE,MENA,,1/1/00 0:00,2.93,3.3406,7/8/23 4:06,1.67,RIE,Ad Group Recall (Merged)
20230807,1773538024456190 ,QA,Other,,1/1/00 0:00,2.93,3.3406,7/8/23 4:06,1.62,RIE,Ad Group Recall (Merged)
20230807,1773538055598110 ,QA,Other,,1/1/00 0:00,3.14,3.3406,7/8/23 4:06,1.62,RIE,Ad Group Recall (Merged)
20230807,1773538055598110 ,KW,Other,,1/1/00 0:00,3.14,3.3406,7/8/23 4:06,1.62,RIE,Ad Group Recall (Merged)
20230807,1773538055598110 ,SA,MENA,,1/1/00 0:00,3.14,3.3406,7/8/23 4:06,1.67,RIE,Ad Group Recall (Merged)
20230807,1773542157332480 ,TW,TW,,1/1/00 0:00,17.62,12.5756,7/8/23 4:09,0.95,Auction Ads,auction_relation
20230807,1773542157332480 ,TW,TW,,1/1/00 0:00,17.62,12.5756,7/8/23 4:09,0.95,Auction Ads,auction_relation
20230807,1773540138317820 ,US,,,1/1/00 0:00,4.85,4.755,7/8/23 4:07,0.54,Non-Auction Ads,Promote
20230807,1773541729090560 ,SA,,,1/1/00 0:00,6.0749,1.6841,7/8/23 4:06,1.53,RIE,Promote Report Recall
20230807,1773538272512000 ,CZ,CZ,,1/1/00 0:00,31.29,20.5559,7/8/23 4:11,1.9,Auction Ads,auction_relation
20230807,1773538272512000 ,NO,Others,,1/1/00 0:00,31.29,20.5559,7/8/23 4:11,1.56,Auction Ads,auction_all
20230807,1773541836930080 ,ID,ID,,1/1/00 0:00,11.1394,3.0884,7/8/23 4:07,1.8,Auction Ads,auction_relation
20230807,1773535762319360 ,PH,,,1/1/00 0:00,0.3055,0.1753,7/8/23 4:06,0.54,Non-Auction Ads,Promote
20230807,1773369649155070 ,SA,,,1/1/00 0:00,1.2851,0.4001,7/8/23 4:06,0.54,Non-Auction Ads,Promote
20230807,1773541611427840 ,TH,,,1/1/00 0:00,1.4481,0.5731,7/8/23 4:06,0.54,Non-Auction Ads,Promote
20230807,1773542450041850 ,VN,VN,,1/1/00 0:00,11.8544,2.888,7/8/23 4:07,2.14,Auction Ads,auction_relation
20230807,1773372235241470 ,SA,,,1/1/00 0:00,6.6134,0.9584,7/8/23 4:07,0.54,Non-Auction Ads,Promote
20230807,1773541690118140 ,TH,,,1/1/00 0:00,1.89,1.5909,7/8/23 4:07,1.53,RIE,Promote Report Recall
20230807,1773541550618630 ,TH,,,1/1/00 0:00,16.4,3.2248,7/8/23 4:08,1.53,RIE,Promote Report Recall
20230807,1773541422884860 ,TH,,,1/1/00 0:00,0.936,0.2236,7/8/23 4:08,0.54,Non-Auction Ads,Promote
20230807,1773541335907330 ,TH,,,1/1/00 0:00,11.26,1.827,7/8/23 4:08,1.53,RIE,Promote Report Recall
20230807,1773542503994360 ,MY,MY,,1/1/00 0:00,,23.709,7/8/23 4:14,2.31,Auction Ads,auction_relation
20230807,1773541718587390 ,ID,,,1/1/00 0:00,0.7797,0.3293,7/8/23 4:08,1.53,RIE,Promote Report Recall
20230807,1773535759133690 ,MY,,,1/1/00 0:00,1.0715,0.3317,7/8/23 4:08,0.54,Non-Auction Ads,Promote
20230807,1773541825346560 ,VN,,,1/1/00 0:00,15.8273,1.8381,7/8/23 4:08,1.53,RIE,Promote Report Recall
20230807,1773537110371320 ,ID,,,1/1/00 0:00,0.8473,0.3893,7/8/23 4:08,0.54,Non-Auction Ads,Promote
20230807,1773540196869220 ,US,,,1/1/00 0:00,3.86,1.5152,7/8/23 4:08,0.54,Non-Auction Ads,Promote
20230807,1773541383449600 ,TH,,,1/1/00 0:00,15.7,1.5499,7/8/23 4:08,1.53,RIE,Promote Report Recall
20230807,1773535865860090 ,PH,,,1/1/00 0:00,0.8359,0.0573,7/8/23 4:08,0.54,Non-Auction Ads,Promote
20230807,1773541631997950 ,TH,,,1/1/00 0:00,1.3611,0.4378,7/8/23 4:09,0.54,Non-Auction Ads,Promote
20230807,1773512743543810 ,TR,,,1/1/00 0:00,0.7068,0.085,7/8/23 4:09,0.54,Non-Auction Ads,Promote
20230807,1773542114783230 ,FR,FR,,1/1/00 0:00,10.72,11.2211,7/8/23 4:12,1.97,Auction Ads,auction_relation
20230807,1773541745405950 ,TH,,,1/1/00 0:00,1.9943,0.972,7/8/23 4:10,0.54,Non-Auction Ads,Promote
20230807,1773537179047930 ,ID,,,1/1/00 0:00,0.8532,0.3172,7/8/23 4:10,0.54,Non-Auction Ads,Promote
20230807,1773541076238340 ,US,,,1/1/00 0:00,7.71,2.9806,7/8/23 4:10,0.54,Non-Auction Ads,Promote
20230807,1773542036325370 ,VN,,,1/1/00 0:00,8.5103,5.3686,7/8/23 4:11,1.53,RIE,Promote Report Recall
20230807,1773542081814540 ,TH,TH,,1/1/00 0:00,49.518,0.1615,7/8/23 4:10,1.64,Auction Ads,auction_relation
20230807,1773541801191430 ,TH,,,1/1/00 0:00,7.59,1.118,7/8/23 4:11,1.53,RIE,Promote Report Recall
20230807,1773541748222970 ,TH,,,1/1/00 0:00,3.7015,0.6768,7/8/23 4:10,0.54,Non-Auction Ads,Promote
20230807,1773542045580320 ,VN,VN,,1/1/00 0:00,1.5905,0.7752,7/8/23 4:11,2.14,Auction Ads,auction_relation
20230807,1773538807924740 ,BR,,,1/1/00 0:00,1.3028,0.3615,7/8/23 4:11,0.54,Non-Auction Ads,Promote
20230807,1773542150989870 ,TH,TH,,1/1/00 0:00,9.25,4.5534,7/8/23 4:11,1.64,Auction Ads,auction_relation
20230807,1773541859182590 ,TH,,,1/1/00 0:00,1.1944,0.3903,7/8/23 4:11,0.54,Non-Auction Ads,Promote
20230807,1773540938445820 ,US,,,1/1/00 0:00,9.38,5.7671,7/8/23 4:12,0.54,Non-Auction Ads,Promote
20230807,1773540421812230 ,US,,,1/1/00 0:00,0,3.5492,7/8/23 4:11,0.54,Non-Auction Ads,Promote
20230807,1773537120137210 ,ID,,,1/1/00 0:00,0.8032,0.3546,7/8/23 4:11,0.54,Non-Auction Ads,Promote
20230807,1773541824963580 ,TH,,,1/1/00 0:00,4.6983,0.4616,7/8/23 4:11,0.54,Non-Auction Ads,Promote
20230807,1773541959470100 ,TH,,,1/1/00 0:00,4.63,5.045,7/8/23 4:12,1.53,RIE,Promote Report Recall
20230807,1773537640730620 ,ID,,,1/1/00 0:00,0.1763,0.2498,7/8/23 4:11,0.54,Non-Auction Ads,Promote
20230807,1773544300655610 ,VN,VN,,1/1/00 0:00,116.1568,71.6674,7/8/23 4:24,2.14,Auction Ads,auction_relation
20230807,1773542067618850 ,BR,BR,,1/1/00 0:00,1.9495,0.9404,7/8/23 4:11,1.99,Auction Ads,auction_all
20230807,1773542035771390 ,TH,,,1/1/00 0:00,6.02,1.6064,7/8/23 4:12,1.53,RIE,Promote Report Recall
20230807,1773541872914430 ,TH,,,1/1/00 0:00,0.8261,0.3841,7/8/23 4:12,0.54,Non-Auction Ads,Promote
20230807,1773541982773250 ,KH,,,1/1/00 0:00,6.4832,1.93,7/8/23 4:12,0.54,Non-Auction Ads,Promote
20230807,1773541982773250 ,KH,,,1/1/00 0:00,6.4832,1.93,7/8/23 4:12,0.54,Non-Auction Ads,Promote
20230807,1773541985383420 ,ID,,,1/1/00 0:00,0.992,0.4383,7/8/23 4:12,1.53,RIE,Promote Report Recall
20230807,1773541213163520 ,US,,,1/1/00 0:00,10.43,3.875,7/8/23 4:14,0.54,Non-Auction Ads,Promote
20230807,1773543214387230 ,CL,Other,,1/1/00 0:00,15.3455,2.3809,7/8/23 4:13,1.62,RIE,Ad Group Recall (Merged)
20230807,1773543214387230 ,CL,Other,,1/1/00 0:00,15.3455,2.3809,7/8/23 4:13,1.62,RIE,Ad Group Recall (Merged)
20230807,1773538804624390 ,BR,,,1/1/00 0:00,2.8238,0.5702,7/8/23 4:12,0.54,Non-Auction Ads,Promote
20230807,1773541700495360 ,TH,,,1/1/00 0:00,0.7062,0.3098,7/8/23 4:12,0.54,Non-Auction Ads,Promote
20230807,1773542753251330 ,TH,TH,,1/1/00 0:00,5.8534,2.2715,7/8/23 4:13,1.64,Auction Ads,auction_relation
20230807,1773542078671870 ,VN,,,1/1/00 0:00,0.0547,0.1335,7/8/23 4:13,1.53,RIE,Promote Report Recall
20230807,1773541278543870 ,US,,,1/1/00 0:00,3.72,3.47,7/8/23 4:14,0.54,Non-Auction Ads,Promote
20230807,1773542590747710 ,VN,VN,,1/1/00 0:00,,0.6924,7/8/23 4:14,2.14,Auction Ads,auction_relation
20230807,1773547873601530 ,NO,Others,,1/1/00 0:00,238.683,491.9031,7/8/23 5:42,1.56,Auction Ads,auction_all
20230807,1773547873601530 ,IE,IE,,1/1/00 0:00,238.683,491.9031,7/8/23 5:42,1.52,Auction Ads,auction_relation
20230807,1773547873601530 ,SE,SE,,1/1/00 0:00,238.683,491.9031,7/8/23 5:42,1.4,Auction Ads,auction_relation
20230807,1773547873601530 ,IT,IT,,1/1/00 0:00,238.683,491.9031,7/8/23 5:42,1.36,Auction Ads,auction_relation
20230807,1773547873601530 ,PT,PT,,1/1/00 0:00,238.683,491.9031,7/8/23 5:42,1.98,Auction Ads,auction_relation
20230807,1773538997196800 ,BR,,,1/1/00 0:00,0.1909,0.3031,7/8/23 4:14,0.54,Non-Auction Ads,Promote
20230807,1773542250514450 ,ID,ID,,1/1/00 0:00,5.2,0.3034,7/8/23 4:14,1.8,Auction Ads,auction_relation
20230807,1772926368108560 ,IT,,,1/1/00 0:00,,5893.1136,10/8/23 23:00,7.59,Non-Auction Ads,Branding Ads
20230807,1773538722199600 ,AT,AT,,1/1/00 0:00,29.6,21.0744,7/8/23 4:18,0.89,Auction Ads,auction_relation
20230807,1773538722199600 ,IE,IE,,1/1/00 0:00,29.6,21.0744,7/8/23 4:18,1.52,Auction Ads,auction_relation
20230807,1773538722199600 ,NO,Others,,1/1/00 0:00,29.6,21.0744,7/8/23 4:18,1.56,Auction Ads,auction_all
20230807,1773538722199600 ,GR,GR,,1/1/00 0:00,29.6,21.0744,7/8/23 4:18,2.11,Auction Ads,auction_relation
20230807,1773543023985660 ,AU,AU,,1/1/00 0:00,,5.2325,7/8/23 4:14,1.84,Auction Ads,auction_relation
20230807,1773543023985660 ,AU,AU,,1/1/00 0:00,,5.2325,7/8/23 4:14,1.84,Auction Ads,auction_relation
20230807,1773543023985660 ,SE,SE,,1/1/00 0:00,,5.2325,7/8/23 4:14,1.4,Auction Ads,auction_relation
20230807,1773543023985660 ,US,USCA,,1/1/00 0:00,,5.2325,7/8/23 4:14,1.78,Auction Ads,auction_relation
20230807,1773543023985660 ,NL,NL,,1/1/00 0:00,,5.2325,7/8/23 4:14,1.19,Auction Ads,auction_relation
20230807,1773543023985660 ,SE,SE,,1/1/00 0:00,,5.2325,7/8/23 4:14,1.4,Auction Ads,auction_relation
20230807,1773543023985660 ,NL,NL,,1/1/00 0:00,,5.2325,7/8/23 4:14,1.19,Auction Ads,auction_relation
20230807,1773543023985660 ,IL,IL,,1/1/00 0:00,,5.2325,7/8/23 4:14,1.52,Auction Ads,auction_relation
20230807,1773543023985660 ,IL,IL,,1/1/00 0:00,,5.2325,7/8/23 4:14,1.52,Auction Ads,auction_relation
20230807,1773543023985660 ,NZ,NZ,,1/1/00 0:00,,5.2325,7/8/23 4:14,1.58,Auction Ads,auction_relation
20230807,1773543023985660 ,GB,GB,,1/1/00 0:00,,5.2325,7/8/23 4:14,1.76,Auction Ads,auction_relation
20230807,1773543023985660 ,NZ,NZ,,1/1/00 0:00,,5.2325,7/8/23 4:14,1.58,Auction Ads,auction_relation
20230807,1773543023985660 ,US,USCA,,1/1/00 0:00,,5.2325,7/8/23 4:14,1.78,Auction Ads,auction_relation
20230807,1773543023985660 ,GB,GB,,1/1/00 0:00,,5.2325,7/8/23 4:14,1.76,Auction Ads,auction_relation
20230807,1773542208405500 ,KH,,,1/1/00 0:00,7.3254,7.4893,7/8/23 4:15,0.54,Non-Auction Ads,Promote
20230807,1773542345240620 ,TH,TH,,1/1/00 0:00,9.7722,5.4772,7/8/23 4:15,1.64,Auction Ads,auction_relation
20230807,1773542175148030 ,TH,,,1/1/00 0:00,9.8528,3.6276,7/8/23 4:14,1.53,RIE,Promote Report Recall
20230807,1773541887232000 ,TH,,,1/1/00 0:00,1.4038,2.1203,7/8/23 4:14,0.54,Non-Auction Ads,Promote
20230807,1773542148160540 ,TH,,,1/1/00 0:00,11.68,2.3919,7/8/23 4:14,1.53,RIE,Promote Report Recall
20230807,1773542028056580 ,TH,,,1/1/00 0:00,5.76,1.7462,7/8/23 4:14,1.53,RIE,Promote Report Recall
20230807,1773542330057760 ,VN,VN,,1/1/00 0:00,,1.7733,7/8/23 4:15,2.14,Auction Ads,auction_relation
20230807,1773542447607810 ,VN,VN,,1/1/00 0:00,3.969,2.3057,7/8/23 4:15,2.13,RIE,Ad Group Recall (Merged)
20230807,1773537961306110 ,ID,,,1/1/00 0:00,0.9676,0.1189,7/8/23 4:15,0.54,Non-Auction Ads,Promote
20230807,1773542393341950 ,VN,VN,,1/1/00 0:00,,1.7733,7/8/23 4:16,2.14,Auction Ads,auction_relation
20230807,1773539005762560 ,BR,,,1/1/00 0:00,1.3691,0.3737,7/8/23 4:15,0.54,Non-Auction Ads,Promote
20230807,1773539084863520 ,TR,TR,,1/1/00 0:00,103.23,24.9095,7/8/23 4:21,1.63,RIE,Ad Group Recall (Merged)
20230807,1773537403481090 ,ID,,,1/1/00 0:00,0.861,0.3719,7/8/23 4:16,0.54,Non-Auction Ads,Promote
20230807,1773541033535530 ,KW,Others,,1/1/00 0:00,24.39,3.055,7/8/23 4:16,1.56,Auction Ads,auction_all
20230807,1773541033535530 ,SA,MENA,,1/1/00 0:00,24.39,3.055,7/8/23 4:16,1.78,Auction Ads,auction_relation
20230807,1773541033535530 ,TR,TR,,1/1/00 0:00,24.39,3.055,7/8/23 4:16,0.83,Auction Ads,auction_relation
20230807,1773541033535530 ,ZA,ZA,,1/1/00 0:00,24.39,3.055,7/8/23 4:16,1.4,Auction Ads,auction_relation
20230807,1773541033535530 ,EG,MENA,,1/1/00 0:00,24.39,3.055,7/8/23 4:16,1.78,Auction Ads,auction_relation
20230807,1773541033535530 ,AE,MENA,,1/1/00 0:00,24.39,3.055,7/8/23 4:16,1.78,Auction Ads,auction_relation
20230807,1773541033535530 ,US,USCA,,1/1/00 0:00,24.39,3.055,7/8/23 4:16,1.78,Auction Ads,auction_relation
20230807,1773541033535530 ,CA,USCA,,1/1/00 0:00,24.39,3.055,7/8/23 4:16,1.78,Auction Ads,auction_relation
20230807,1773541347969090 ,US,,,1/1/00 0:00,18.12,4.7505,7/8/23 4:17,0.54,Non-Auction Ads,Promote
20230807,1773545467053090 ,CO,CO,,1/1/00 0:00,4.7927,2.2786,7/8/23 4:16,1.93,Auction Ads,auction_all
20230807,1773542365381630 ,VN,,,1/1/00 0:00,3.8425,1.8268,7/8/23 4:16,1.53,RIE,Promote Report Recall
20230807,1773542326044670 ,TH,,,1/1/00 0:00,2.37,1.906,7/8/23 4:17,1.53,RIE,Promote Report Recall
20230807,1773542472320030 ,VN,VN,,1/1/00 0:00,1.4619,3.8752,7/8/23 4:17,2.14,Auction Ads,auction_relation
20230807,1773542650170400 ,SG,SG,,1/1/00 0:00,,10.0618,7/8/23 4:18,1.94,Auction Ads,auction_relation
20230807,1773542674484270 ,SG,SG,,1/1/00 0:00,,10.0618,7/8/23 4:18,1.94,Auction Ads,auction_relation
20230807,1773542664601640 ,SG,SG,,1/1/00 0:00,,10.0618,7/8/23 4:18,1.94,Auction Ads,auction_relation
20230807,1773542650486810 ,SG,SG,,1/1/00 0:00,,10.0618,7/8/23 4:18,1.94,Auction Ads,auction_relation
20230807,1773542780523520 ,ID,ID,,1/1/00 0:00,24.28,10.0264,7/8/23 4:18,2.05,RIE,Ad Group Recall (Merged)
20230807,1773542490119210 ,KH,KH,,1/1/00 0:00,6.081,1.0551,7/8/23 4:17,1.5,Auction Ads,auction_relation
20230807,1773542513597440 ,VN,VN,,1/1/00 0:00,,0.5735,7/8/23 4:17,2.14,Auction Ads,auction_relation
20230807,1773541696933880 ,TH,,,1/1/00 0:00,5.4662,1.4115,7/8/23 4:17,0.54,Non-Auction Ads,Promote
20230807,1773542919565360 ,TH,TH,,1/1/00 0:00,31.5716,37.7791,7/8/23 4:23,1.64,Auction Ads,auction_relation
20230807,1773542986285100 ,PE,PE,,1/1/00 0:00,18.47,2.3031,7/8/23 4:17,1.68,Auction Ads,auction_all
20230807,1773542546833400 ,RO,RO,,1/1/00 0:00,6.43,4.2349,7/8/23 4:18,1.94,Auction Ads,auction_relation
20230807,1773542429775870 ,MY,,,1/1/00 0:00,30.4831,1.6635,7/8/23 4:17,1.53,RIE,Promote Report Recall
20230807,1773543282843650 ,AU,AU,,1/1/00 0:00,9.6965,48.3298,7/8/23 4:26,1.84,Auction Ads,auction_relation
20230807,1773537924302850 ,ID,,,1/1/00 0:00,2.7362,0.453,7/8/23 4:17,0.54,Non-Auction Ads,Promote
20230807,1773463037414400 ,SA,,,1/1/00 0:00,23.8356,3.9563,7/8/23 4:18,0.54,Non-Auction Ads,Promote
20230807,1773541440261120 ,US,,,1/1/00 0:00,5.23,8.8134,7/8/23 4:19,0.54,Non-Auction Ads,Promote
20230807,1773542558120990 ,TH,TH,,1/1/00 0:00,,1.9716,7/8/23 4:18,1.64,Auction Ads,auction_relation
20230807,1773537883104250 ,ID,,,1/1/00 0:00,0.8178,0.541,7/8/23 4:18,0.54,Non-Auction Ads,Promote
20230807,1773541875070970 ,TH,,,1/1/00 0:00,1.4304,0.3093,7/8/23 4:18,0.54,Non-Auction Ads,Promote
20230807,1773542609688590 ,US,US&CA,,1/1/00 0:00,59.24,3.9561,7/8/23 4:18,1.81,RIE,Ad Group Recall (Merged)
20230807,1773542470107130 ,ID,,,1/1/00 0:00,11.6583,1.9169,7/8/23 4:18,0.54,Non-Auction Ads,Promote
20230807,1773542408889350 ,TH,,,1/1/00 0:00,3.04,2.0525,7/8/23 4:18,1.53,RIE,Promote Report Recall
20230807,1773542654631970 ,TH,TH,,1/1/00 0:00,9.0774,3.2476,7/8/23 4:19,1.64,Auction Ads,auction_relation
20230807,1773512975789050 ,TR,,,1/1/00 0:00,0.7339,0.1646,7/8/23 4:18,0.54,Non-Auction Ads,Promote
20230807,1773542408091640 ,MY,,,1/1/00 0:00,5.3307,2.481,7/8/23 4:19,1.53,RIE,Promote Report Recall
20230807,1773542426959870 ,TH,,,1/1/00 0:00,9.16,10.4033,7/8/23 4:21,1.53,RIE,Promote Report Recall
20230807,1773542225473540 ,TH,,,1/1/00 0:00,6.5,9.9333,7/8/23 4:21,1.53,RIE,Promote Report Recall
20230807,1773542024825850 ,TH,,,1/1/00 0:00,0.0083,0.3188,7/8/23 4:18,0.54,Non-Auction Ads,Promote
20230807,1773538893545470 ,US,USCA,,1/1/00 0:00,39.62,1.6525,7/8/23 4:19,1.78,Auction Ads,auction_relation
20230807,1773539142249470 ,BR,,,1/1/00 0:00,1.3873,0.3254,7/8/23 4:19,0.54,Non-Auction Ads,Promote
20230807,1773538096947200 ,ID,,,1/1/00 0:00,3.4891,0.1267,7/8/23 4:19,0.54,Non-Auction Ads,Promote
20230807,1773542631377920 ,VN,VN,,1/1/00 0:00,2.5236,0.4536,7/8/23 4:19,2.13,RIE,Ad Group Recall (Merged)
20230807,1773538276245500 ,ID,,,1/1/00 0:00,4.8661,1.635,7/8/23 4:20,0.54,Non-Auction Ads,Promote
20230807,1773538203295740 ,ID,,,1/1/00 0:00,1.544,0.9893,7/8/23 4:20,0.54,Non-Auction Ads,Promote
20230807,1773541515720700 ,US,,,1/1/00 0:00,8.38,2,7/8/23 4:20,0.54,Non-Auction Ads,Promote
20230807,1773536342922240 ,PH,,,1/1/00 0:00,0.6954,0.187,7/8/23 4:20,0.54,Non-Auction Ads,Promote
20230807,1773541690891270 ,US,,,1/1/00 0:00,8.03,1.8458,7/8/23 4:20,0.54,Non-Auction Ads,Promote
20230807,1773539869166620 ,US,USCA,,1/1/00 0:00,106.67,53.4932,7/8/23 4:30,1.78,Auction Ads,auction_relation
20230807,1773542688430080 ,VN,VN,,1/1/00 0:00,,0.676,7/8/23 4:20,2.14,Auction Ads,auction_relation
20230807,1773549736801320 ,ID,ID,,1/1/00 0:00,10.715,4.6146,7/8/23 4:21,1.8,Auction Ads,auction_relation
20230807,1773539112958980 ,BR,,,1/1/00 0:00,,3.6547,7/8/23 4:21,0.54,Non-Auction Ads,Promote
20230807,1773539112958980 ,BR,,,1/1/00 0:00,,3.6547,7/8/23 4:21,0.54,Non-Auction Ads,Promote
20230807,1773462983199740 ,SA,,,1/1/00 0:00,1.229,1.3781,7/8/23 4:20,0.54,Non-Auction Ads,Promote
20230807,1773538008236030 ,ID,,,1/1/00 0:00,0.7763,0.3589,7/8/23 4:21,0.54,Non-Auction Ads,Promote
20230807,1773541730555910 ,US,,,1/1/00 0:00,8.26,3.98,7/8/23 4:21,0.54,Non-Auction Ads,Promote
20230807,1773542182977530 ,TH,,,1/1/00 0:00,0.7211,0.3485,7/8/23 4:21,0.54,Non-Auction Ads,Promote
20230807,1773541783320580 ,US,,,1/1/00 0:00,3.75,1.8025,7/8/23 4:21,0.54,Non-Auction Ads,Promote
20230807,1773542854685740 ,SG,SG,,1/1/00 0:00,,2.48,7/8/23 4:21,1.94,Auction Ads,auction_relation
20230807,1773542860403760 ,SG,SG,,1/1/00 0:00,,2.48,7/8/23 4:21,1.94,Auction Ads,auction_relation
20230807,1773542898550810 ,US,USCA,,1/1/00 0:00,36.85,3.9561,7/8/23 4:22,1.78,Auction Ads,auction_relation
20230807,1773542898550810 ,NZ,NZ,,1/1/00 0:00,36.85,3.9561,7/8/23 4:22,1.58,Auction Ads,auction_relation
20230807,1773542651634750 ,PH,,,1/1/00 0:00,43.5467,1.7125,7/8/23 4:21,0.54,Non-Auction Ads,Promote
20230807,1773543343622170 ,IT,IT,,1/1/00 0:00,11.41,16.27,7/8/23 4:24,1.36,Auction Ads,auction_relation
20230807,1773543533665320 ,BH,Others,,1/1/00 0:00,53.67,26.9127,7/8/23 4:26,1.56,Auction Ads,auction_all
20230807,1773542682558460 ,TH,,,1/1/00 0:00,6.43,1.118,7/8/23 4:21,1.53,RIE,Promote Report Recall
20230807,1773539424870450 ,SA,MENA,,1/1/00 0:00,24.46,11.7863,7/8/23 4:23,1.78,Auction Ads,auction_relation
20230807,1773539424870450 ,MA,MA,,1/1/00 0:00,24.46,11.7863,7/8/23 4:23,1.51,Auction Ads,auction_relation
20230807,1773539424870450 ,TR,TR,,1/1/00 0:00,24.46,11.7863,7/8/23 4:23,0.83,Auction Ads,auction_relation
20230807,1773539424870450 ,KW,Others,,1/1/00 0:00,24.46,11.7863,7/8/23 4:23,1.56,Auction Ads,auction_all
20230807,1773539424870450 ,ZA,ZA,,1/1/00 0:00,24.46,11.7863,7/8/23 4:23,1.4,Auction Ads,auction_relation
20230807,1773539424870450 ,EG,MENA,,1/1/00 0:00,24.46,11.7863,7/8/23 4:23,1.78,Auction Ads,auction_relation
20230807,1773539424870450 ,QA,Others,,1/1/00 0:00,24.46,11.7863,7/8/23 4:23,1.56,Auction Ads,auction_all
20230807,1773539424870450 ,US,USCA,,1/1/00 0:00,24.46,11.7863,7/8/23 4:23,1.78,Auction Ads,auction_relation
20230807,1773539424870450 ,CA,USCA,,1/1/00 0:00,24.46,11.7863,7/8/23 4:23,1.78,Auction Ads,auction_relation
20230807,1773539424870450 ,AE,MENA,,1/1/00 0:00,24.46,11.7863,7/8/23 4:23,1.78,Auction Ads,auction_relation
20230807,1773543057855500 ,TH,TH,,1/1/00 0:00,9.6,26.4962,7/8/23 4:26,1.64,Auction Ads,auction_relation
20230807,1773542793455610 ,VN,VN,,1/1/00 0:00,2.6936,0,7/8/23 4:21,2.14,Auction Ads,auction_relation
20230807,1773463639139320 ,SA,,,1/1/00 0:00,2.5215,1.137,7/8/23 4:22,0.54,Non-Auction Ads,Promote
20230807,1773542586592250 ,VN,,,1/1/00 0:00,0.1529,0.1335,7/8/23 4:22,1.53,RIE,Promote Report Recall
20230807,1773542255481850 ,TH,,,1/1/00 0:00,1.2684,0.8715,7/8/23 4:22,0.54,Non-Auction Ads,Promote
20230807,1773513094836220 ,TR,,,1/1/00 0:00,2.8826,0.1976,7/8/23 4:22,0.54,Non-Auction Ads,Promote
20230807,1773538541506560 ,ID,,,1/1/00 0:00,0.7871,0.2331,7/8/23 4:22,0.54,Non-Auction Ads,Promote
20230807,1773542244816890 ,TH,,,1/1/00 0:00,1.0201,0.5126,7/8/23 4:22,0.54,Non-Auction Ads,Promote
20230807,1773539042205710 ,IE,Other,,1/1/00 0:00,16.31,2.226,7/8/23 4:23,1.62,RIE,Ad Group Recall (Merged)
20230807,1773539042205710 ,GB,GB,,1/1/00 0:00,16.31,2.226,7/8/23 4:23,1.72,RIE,Ad Group Recall (Merged)
20230807,1773539042205710 ,PT,Other,,1/1/00 0:00,16.31,2.226,7/8/23 4:23,1.62,RIE,Ad Group Recall (Merged)
20230807,1773539042205710 ,PL,PL,,1/1/00 0:00,16.31,2.226,7/8/23 4:23,1.84,RIE,Ad Group Recall (Merged)
20230807,1773539042205710 ,CA,US&CA,,1/1/00 0:00,16.31,2.226,7/8/23 4:23,1.81,RIE,Ad Group Recall (Merged)
20230807,1773539042205710 ,US,US&CA,,1/1/00 0:00,16.31,2.226,7/8/23 4:23,1.81,RIE,Ad Group Recall (Merged)
20230807,1773542770981890 ,RO,,,1/1/00 0:00,21.3723,8.1315,7/8/23 4:23,0.54,Non-Auction Ads,Promote
20230807,1773543533667340 ,MY,MY,,1/1/00 0:00,0.5291,1.5277,7/8/23 4:23,2.31,Auction Ads,auction_relation
20230807,1773544313759760 ,ID,ID,,1/1/00 0:00,7.2313,7.3614,7/8/23 4:24,1.8,Auction Ads,auction_relation
20230807,1773543077031930 ,SG,SG,,1/1/00 0:00,,12.6132,7/8/23 4:24,1.94,Auction Ads,auction_relation
20230807,1773543067576350 ,SG,SG,,1/1/00 0:00,,12.6132,7/8/23 4:24,1.94,Auction Ads,auction_relation
20230807,1773543080518670 ,SG,SG,,1/1/00 0:00,,12.6132,7/8/23 4:24,1.94,Auction Ads,auction_relation
20230807,1773542644463610 ,ID,,,1/1/00 0:00,8.2588,0.8203,7/8/23 4:23,0.54,Non-Auction Ads,Promote
20230807,1773538315699200 ,ID,,,1/1/00 0:00,0.9634,0.2378,7/8/23 4:23,0.54,Non-Auction Ads,Promote
20230807,1773542640479230 ,ID,,,1/1/00 0:00,12.6215,0.8343,7/8/23 4:23,0.54,Non-Auction Ads,Promote
20230807,1773538544131070 ,ID,,,1/1/00 0:00,0.7384,0.1597,7/8/23 4:23,0.54,Non-Auction Ads,Promote
20230807,1773542324403200 ,US,,,1/1/00 0:00,4.09,3,7/8/23 4:24,0.54,Non-Auction Ads,Promote
20230807,1773544125707260 ,MY,MY,,1/1/00 0:00,5.0062,0.4016,7/8/23 4:24,2.31,Auction Ads,auction_relation
20230807,1773539104462860 ,GB,GB,,1/1/00 0:00,16.62,2.226,7/8/23 4:24,1.76,Auction Ads,auction_relation
20230807,1773539067665440 ,CA,USCA,,1/1/00 0:00,1.92,2.226,7/8/23 4:24,1.78,Auction Ads,auction_relation
20230807,1773539109072920 ,GB,GB,,1/1/00 0:00,16.1,2.226,7/8/23 4:24,1.76,Auction Ads,auction_relation
20230807,1773539067665440 ,IE,IE,,1/1/00 0:00,1.92,2.226,7/8/23 4:24,1.52,Auction Ads,auction_relation
20230807,1773539109072920 ,NZ,NZ,,1/1/00 0:00,16.1,2.226,7/8/23 4:24,1.58,Auction Ads,auction_relation
20230807,1773542562052100 ,TH,,,1/1/00 0:00,10.42,9.7542,7/8/23 4:26,1.53,RIE,Promote Report Recall
20230807,1773539142766590 ,NZ,NZ,,1/1/00 0:00,16.31,2.226,7/8/23 4:24,1.58,Auction Ads,auction_relation
20230807,1773539148374010 ,CA,USCA,,1/1/00 0:00,2.75,2.226,7/8/23 4:24,1.78,Auction Ads,auction_relation
20230807,1773539142766590 ,PT,PT,,1/1/00 0:00,16.31,2.226,7/8/23 4:24,1.98,Auction Ads,auction_relation
20230807,1773542472045570 ,TH,,,1/1/00 0:00,9.28,9.1843,7/8/23 4:26,1.53,RIE,Promote Report Recall
20230807,1773543242471440 ,VN,VN,,1/1/00 0:00,,0.7226,7/8/23 4:24,2.14,Auction Ads,auction_relation
20230807,1773542888636410 ,ID,,,1/1/00 0:00,7.6362,3.8176,7/8/23 4:25,1.53,RIE,Promote Report Recall
20230807,1773543272443900 ,US,USCA,,1/1/00 0:00,,31.1273,7/8/23 4:31,1.78,Auction Ads,auction_relation
20230807,1773542803889150 ,ID,,,1/1/00 0:00,0.0049,1.2794,7/8/23 4:24,1.53,RIE,Promote Report Recall
20230807,1773539235559450 ,US,USCA,,1/1/00 0:00,1.12,8.5747,7/8/23 4:26,1.78,Auction Ads,auction_relation
20230807,1773539259886590 ,US,USCA,,1/1/00 0:00,0.97,8.5747,7/8/23 4:26,1.78,Auction Ads,auction_relation
20230807,1773539237313560 ,US,USCA,,1/1/00 0:00,5.17,8.5747,7/8/23 4:26,1.78,Auction Ads,auction_relation
20230807,1773536065129470 ,MY,,,1/1/00 0:00,1.3744,0.5148,7/8/23 4:24,0.54,Non-Auction Ads,Promote
20230807,1773539104413690 ,ID,,,1/1/00 0:00,2.7568,3.1617,7/8/23 4:25,0.54,Non-Auction Ads,Promote
20230807,1773458626255870 ,VN,,,1/1/00 0:00,0.7067,0.6802,7/8/23 4:25,0.54,Non-Auction Ads,Promote
20230807,1773539215722540 ,NZ,NZ,,1/1/00 0:00,2.25,2.226,7/8/23 4:25,1.58,Auction Ads,auction_relation
20230807,1773539215722540 ,CA,USCA,,1/1/00 0:00,2.25,2.226,7/8/23 4:25,1.78,Auction Ads,auction_relation
20230807,1773543059251310 ,PK,PK,,1/1/00 0:00,1.02,0.3932,7/8/23 4:25,1.36,Auction Ads,auction_relation
20230807,1773543288319020 ,TH,TH,,1/1/00 0:00,,5.4772,7/8/23 4:26,1.64,Auction Ads,auction_relation
20230807,1773543375046650 ,ID,ID,,1/1/00 0:00,12.4503,7.3242,7/8/23 4:27,1.8,Auction Ads,auction_relation
20230807,1773543748651020 ,AT,AT,,1/1/00 0:00,16.16,16.27,7/8/23 4:29,0.89,Auction Ads,auction_relation
20230807,1773543257504800 ,GB,GB,,1/1/00 0:00,31.35,3.4637,7/8/23 4:27,1.76,Auction Ads,auction_relation
20230807,1773542490561540 ,US,,,1/1/00 0:00,3.86,1.651,7/8/23 4:26,0.54,Non-Auction Ads,Promote
20230807,1773546249290750 ,MY,MY,,1/1/00 0:00,0.5995,0.0868,7/8/23 4:26,2.31,Auction Ads,auction_relation
20230807,1773542022299650 ,CA,,,1/1/00 0:00,1.5852,1.3035,7/8/23 4:26,0.54,Non-Auction Ads,Promote
20230807,1773543124685850 ,PK,PK,,1/1/00 0:00,7.72,2.7907,7/8/23 4:28,1.36,Auction Ads,auction_relation
20230807,1773542463764480 ,TH,,,1/1/00 0:00,4.8027,0.5853,7/8/23 4:27,0.54,Non-Auction Ads,Promote
20230807,1773545087277050 ,ID,ID,,1/1/00 0:00,10.5384,25.8386,7/8/23 4:32,1.8,Auction Ads,auction_relation
20230807,1773543836271660 ,VN,VN,,1/1/00 0:00,1.7481,2.5156,7/8/23 4:28,2.14,Auction Ads,auction_relation
20230807,1773543280217080 ,SG,SG,,1/1/00 0:00,,6.0161,7/8/23 4:28,1.94,Auction Ads,auction_relation
20230807,1773543287160860 ,SG,SG,,1/1/00 0:00,,6.0161,7/8/23 4:28,1.94,Auction Ads,auction_relation
20230807,1773543314216960 ,SG,SG,,1/1/00 0:00,,6.0161,7/8/23 4:28,1.94,Auction Ads,auction_relation
20230807,1773543297247250 ,SG,SG,,1/1/00 0:00,,6.0161,7/8/23 4:28,1.94,Auction Ads,auction_relation
20230807,1773543307925520 ,SG,SG,,1/1/00 0:00,,6.0161,7/8/23 4:28,1.94,Auction Ads,auction_relation
20230807,1773539149638650 ,ID,,,1/1/00 0:00,0.6905,0.3363,7/8/23 4:27,0.54,Non-Auction Ads,Promote
20230807,1773543458419710 ,AU,AU,,1/1/00 0:00,,1.0633,7/8/23 4:28,1.84,Auction Ads,auction_relation
20230807,1773542201606140 ,US,,,1/1/00 0:00,12.58,0,7/8/23 4:28,0.54,Non-Auction Ads,Promote
20230807,1773539025507360 ,BR,,,1/1/00 0:00,5.0251,0.2748,7/8/23 4:28,0.54,Non-Auction Ads,Promote
20230807,1773544972411910 ,KW,,,1/1/00 0:00,30.5453,151.1478,7/8/23 4:58,0.54,Non-Auction Ads,Promote
20230807,1773513527180290 ,TR,,,1/1/00 0:00,0.4177,0.203,7/8/23 4:28,0.54,Non-Auction Ads,Promote
20230807,1773538872276990 ,ID,,,1/1/00 0:00,0.6926,0.8283,7/8/23 4:28,0.54,Non-Auction Ads,Promote
20230807,1773538872276990 ,ID,,,1/1/00 0:00,0.6926,0.8283,7/8/23 4:28,0.54,Non-Auction Ads,Promote
20230807,1773539514821660 ,CA,USCA,,1/1/00 0:00,9.6007,11.2951,7/8/23 4:30,1.78,Auction Ads,auction_relation
20230807,1773542592283640 ,TH,,,1/1/00 0:00,4.3691,1.7159,7/8/23 4:28,0.54,Non-Auction Ads,Promote
20230807,1773458715363330 ,VN,,,1/1/00 0:00,0.8684,0.3947,7/8/23 4:28,0.54,Non-Auction Ads,Promote
20230807,1773544135830520 ,TH,TH,,1/1/00 0:00,6.0235,4.9637,7/8/23 4:29,1.64,Auction Ads,auction_relation
20230807,1773183661844480 ,US,US,,1/1/00 0:00,0,188.9845,7/8/23 5:00,1.54,Non-Auction Ads,R&F
20230807,1773542134952960 ,TH,,,1/1/00 0:00,1.0926,0.5515,7/8/23 4:28,0.54,Non-Auction Ads,Promote
20230807,1773542643903480 ,TH,,,1/1/00 0:00,0.6107,1.7159,7/8/23 4:28,0.54,Non-Auction Ads,Promote
20230807,1773536432120830 ,MY,,,1/1/00 0:00,1.4012,0,7/8/23 4:28,0.54,Non-Auction Ads,Promote
20230807,1773541926338560 ,US,,,1/1/00 0:00,7.29,2.8571,7/8/23 4:29,0.54,Non-Auction Ads,Promote
20230807,1773539463119870 ,ID,,,1/1/00 0:00,2.8829,0.4783,7/8/23 4:28,0.54,Non-Auction Ads,Promote
20230807,1773539626133500 ,ID,,,1/1/00 0:00,1.8346,0.4577,7/8/23 4:28,0.54,Non-Auction Ads,Promote
20230807,1773513299468280 ,TR,,,1/1/00 0:00,2.8189,0.8639,7/8/23 4:29,0.54,Non-Auction Ads,Promote
20230807,1773543140632570 ,VN,,,1/1/00 0:00,6.2949,1.2531,7/8/23 4:29,1.53,RIE,Promote Report Recall
20230807,1773536413324350 ,MY,,,1/1/00 0:00,8.3847,2.8889,7/8/23 4:30,0.54,Non-Auction Ads,Promote
20230807,1773536413324350 ,MY,,,1/1/00 0:00,8.3847,2.8889,7/8/23 4:30,1.53,RIE,Promote Report Recall
20230807,1773543180980230 ,IE,,,1/1/00 0:00,7.421,7.1387,7/8/23 4:30,1.53,RIE,Promote Report Recall
20230807,1773536206235650 ,MY,,,1/1/00 0:00,1.5126,1.0384,7/8/23 4:29,0.54,Non-Auction Ads,Promote
20230807,1773543981102110 ,TR,TR,,1/1/00 0:00,15.58,76.7795,7/8/23 4:42,0.83,Auction Ads,auction_relation
20230807,1773539257590780 ,ID,,,1/1/00 0:00,0.8349,0.2766,7/8/23 4:29,0.54,Non-Auction Ads,Promote
20230807,1773458927254530 ,VN,,,1/1/00 0:00,1.3983,0.9385,7/8/23 4:30,0.54,Non-Auction Ads,Promote
20230807,1773542585605120 ,TH,,,1/1/00 0:00,1.4462,0.334,7/8/23 4:30,0.54,Non-Auction Ads,Promote
20230807,1773513491268610 ,TR,,,1/1/00 0:00,2.8584,0.2565,7/8/23 4:30,0.54,Non-Auction Ads,Promote
20230807,1773539965286400 ,BR,,,1/1/00 0:00,2.6799,0.4775,7/8/23 4:30,0.54,Non-Auction Ads,Promote
20230807,1773542675332090 ,TH,,,1/1/00 0:00,0.2825,0.4589,7/8/23 4:30,0.54,Non-Auction Ads,Promote
20230807,1773543830123570 ,VN,VN,,1/1/00 0:00,0.9304,3.3044,7/8/23 4:31,2.14,Auction Ads,auction_relation
20230807,1773539132726270 ,ID,,,1/1/00 0:00,0.8581,0.5734,7/8/23 4:30,0.54,Non-Auction Ads,Promote
20230807,1773543487750190 ,GB,GB,,1/1/00 0:00,2.19,1.3433,7/8/23 4:30,1.76,Auction Ads,auction_relation
20230807,1773543487750190 ,AU,AU,,1/1/00 0:00,2.19,1.3433,7/8/23 4:30,1.84,Auction Ads,auction_relation
20230807,1773543203918850 ,GR,,,1/1/00 0:00,15.1991,2.4969,7/8/23 4:31,0.54,Non-Auction Ads,Promote
20230807,1773539594445870 ,US,USCA,,1/1/00 0:00,4.82,8.5747,7/8/23 4:31,1.78,Auction Ads,auction_relation
20230807,1773539591126040 ,US,USCA,,1/1/00 0:00,4,8.5747,7/8/23 4:31,1.78,Auction Ads,auction_relation
20230807,1773539594436620 ,US,USCA,,1/1/00 0:00,3.48,8.5747,7/8/23 4:31,1.78,Auction Ads,auction_relation
20230807,1773539609985070 ,US,USCA,,1/1/00 0:00,3.91,8.5747,7/8/23 4:31,1.78,Auction Ads,auction_relation
20230807,1773543464867880 ,ES,ES,,1/1/00 0:00,32.37,3.4637,7/8/23 4:31,1.37,Auction Ads,auction_relation
20230807,1773543464867880 ,IT,IT,,1/1/00 0:00,32.37,3.4637,7/8/23 4:31,1.36,Auction Ads,auction_relation
20230807,1773541059228670 ,TH,,,1/1/00 0:00,43.9696,10.6089,7/8/23 4:32,1.53,RIE,Promote Report Recall
20230807,1773543836266510 ,IL,IL,,1/1/00 0:00,17.92,16.4488,7/8/23 4:34,1.52,Auction Ads,auction_relation
20230807,1773544068918290 ,TR,TR,,1/1/00 0:00,3.08,76.7795,7/8/23 4:44,1.63,RIE,Ad Group Recall (Merged)
20230807,1773544068918290 ,TR,TR,,1/1/00 0:00,3.08,76.7795,7/8/23 4:44,1.63,RIE,Ad Group Recall (Merged)
20230807,1773543923720190 ,TH,TH,,1/1/00 0:00,13.978,11.6026,7/8/23 4:33,1.64,Auction Ads,auction_relation
20230807,1773536514098170 ,MY,,,1/1/00 0:00,1.4887,0.8086,7/8/23 4:31,0.54,Non-Auction Ads,Promote
20230807,1773539486545920 ,ID,,,1/1/00 0:00,0.6967,0.199,7/8/23 4:31,0.54,Non-Auction Ads,Promote
20230807,1773543592518650 ,MY,MY,,1/1/00 0:00,8.6285,2.4371,7/8/23 4:31,2.31,Auction Ads,auction_relation
20230807,1773540157787140 ,BR,,,1/1/00 0:00,1.4178,0.4963,7/8/23 4:31,0.54,Non-Auction Ads,Promote
20230807,1773539864647680 ,TW,TW,,1/1/00 0:00,1.09,15.5668,7/8/23 4:34,0.95,Auction Ads,auction_relation
20230807,1773542499863550 ,US,,,1/1/00 0:00,5.17,8.8134,7/8/23 4:33,0.54,Non-Auction Ads,Promote
20230807,1773459205400570 ,VN,,,1/1/00 0:00,4.5138,1.899,7/8/23 4:32,0.54,Non-Auction Ads,Promote
20230807,1773543536779290 ,TH,TH,,1/1/00 0:00,11.4313,0.8881,7/8/23 4:32,1.64,Auction Ads,auction_relation
20230807,1773539403809790 ,BR,,,1/1/00 0:00,2.1238,0.9237,7/8/23 4:32,0.54,Non-Auction Ads,Promote
20230807,1773539403809790 ,BR,,,1/1/00 0:00,2.1238,0.9237,7/8/23 4:32,1.53,RIE,Promote Report Recall
20230807,1773570033218610 ,TH,TH,,1/1/00 0:00,6.6846,5.023,7/8/23 4:33,1.64,Auction Ads,auction_relation
20230807,1773543379763230 ,VN,VN,,1/1/00 0:00,7.64,2.7571,7/8/23 4:33,2.14,Auction Ads,auction_relation
20230807,1773541980965910 ,FR,,,1/1/00 0:00,6.702,1.0497,7/8/23 4:32,0.54,Non-Auction Ads,Promote
20230807,1773543158526980 ,TH,,,1/1/00 0:00,2.69,0.15,7/8/23 4:32,1.53,RIE,Promote Report Recall
20230807,1773543948631050 ,VN,VN,,1/1/00 0:00,3.5539,1.7353,7/8/23 4:33,2.14,Auction Ads,auction_relation
20230807,1773539655281660 ,ID,,,1/1/00 0:00,0.8329,0.1773,7/8/23 4:32,0.54,Non-Auction Ads,Promote
20230807,1773543657043980 ,SG,SG,,1/1/00 0:00,,12.0199,7/8/23 4:35,1.94,Auction Ads,auction_relation
20230807,1773543645094910 ,SG,SG,,1/1/00 0:00,,12.0199,7/8/23 4:35,1.94,Auction Ads,auction_relation
20230807,1773543645094910 ,SG,Other,,1/1/00 0:00,,12.0199,7/8/23 4:35,1.62,RIE,Ad Group Recall (Merged)
20230807,1773459160559610 ,VN,,,1/1/00 0:00,3.202,1.4553,7/8/23 4:33,0.54,Non-Auction Ads,Promote
20230807,1773544503786520 ,MY,MY,,1/1/00 0:00,5.3437,5.184,7/8/23 4:34,2.31,Auction Ads,auction_relation
20230807,1773543518525470 ,ID,ID,,1/1/00 0:00,5.95,9.2986,7/8/23 4:34,1.8,Auction Ads,auction_relation
20230807,1773539478921210 ,ID,,,1/1/00 0:00,0.8426,0.0185,7/8/23 4:33,0.54,Non-Auction Ads,Promote
20230807,1773543309202430 ,TH,,,1/1/00 0:00,6.62,2.2925,7/8/23 4:33,1.53,RIE,Promote Report Recall
20230807,1773543342109750 ,US,,,1/1/00 0:00,4.19,2.4955,7/8/23 4:33,0.54,Non-Auction Ads,Promote
20230807,1773543554283550 ,SA,MENA,,1/1/00 0:00,7.7782,3.9288,7/8/23 4:34,1.78,Auction Ads,auction_relation
20230807,1773513619516410 ,TR,,,1/1/00 0:00,1.9732,0.5592,7/8/23 4:33,0.54,Non-Auction Ads,Promote
20230807,1773539636142080 ,ID,,,1/1/00 0:00,1.6506,0.6827,7/8/23 4:33,0.54,Non-Auction Ads,Promote
20230807,1773543851218970 ,TH,TH,,1/1/00 0:00,5.1354,2.5629,7/8/23 4:34,1.64,Auction Ads,auction_relation
20230807,1773543347707910 ,TH,,,1/1/00 0:00,3.9,0.9877,7/8/23 4:34,1.53,RIE,Promote Report Recall
20230807,1773543499479090 ,SA,MENA,,1/1/00 0:00,3.55,1.597,7/8/23 4:34,1.78,Auction Ads,auction_relation
20230807,1773543511070750 ,SA,MENA,,1/1/00 0:00,3.54,1.597,7/8/23 4:34,1.78,Auction Ads,auction_relation
20230807,1773543480251440 ,SA,MENA,,1/1/00 0:00,5.29,1.597,7/8/23 4:34,1.78,Auction Ads,auction_relation
20230807,1773543499495440 ,SA,MENA,,1/1/00 0:00,3.82,1.597,7/8/23 4:34,1.78,Auction Ads,auction_relation
20230807,1773543499501570 ,SA,MENA,,1/1/00 0:00,3.69,1.597,7/8/23 4:34,1.78,Auction Ads,auction_relation
20230807,1773543499501570 ,SA,MENA,,1/1/00 0:00,3.69,1.597,7/8/23 4:34,1.67,RIE,Ad Group Recall (Merged)
20230807,1773543499485230 ,SA,MENA,,1/1/00 0:00,3.49,1.597,7/8/23 4:34,1.78,Auction Ads,auction_relation
20230807,1773543683951640 ,VN,VN,,1/1/00 0:00,5.4299,3.2259,7/8/23 4:35,2.14,Auction Ads,auction_relation
20230807,1773536747774970 ,PH,,,1/1/00 0:00,0.3331,0.2245,7/8/23 4:34,0.54,Non-Auction Ads,Promote
20230807,1773543724458000 ,PK,PK,,1/1/00 0:00,0.54,1.9609,7/8/23 4:36,1.36,Auction Ads,auction_relation
20230807,1773541960727550 ,US,,,1/1/00 0:00,4.15,0,7/8/23 4:35,0.54,Non-Auction Ads,Promote
20230807,1773539769476090 ,ID,,,1/1/00 0:00,1.5754,0,7/8/23 4:35,0.54,Non-Auction Ads,Promote
20230807,1773539801317370 ,ID,,,1/1/00 0:00,0.7882,0.2484,7/8/23 4:35,0.54,Non-Auction Ads,Promote
20230807,1773542452494340 ,US,,,1/1/00 0:00,3.82,10.5,7/8/23 4:36,0.54,Non-Auction Ads,Promote
20230807,1773537176970240 ,PH,,,1/1/00 0:00,0.5737,0.2109,7/8/23 4:36,0.54,Non-Auction Ads,Promote
20230807,1773539904265290 ,US,USCA,,1/1/00 0:00,17.85,8.5747,7/8/23 4:36,1.78,Auction Ads,auction_relation
20230807,1773539902198780 ,US,USCA,,1/1/00 0:00,16.45,8.5747,7/8/23 4:36,1.78,Auction Ads,auction_relation
20230807,1773540049424430 ,TW,TW,,1/1/00 0:00,1.03,15.5668,7/8/23 4:38,0.95,Auction Ads,auction_relation
20230807,1773543592963070 ,AE,MENA,,1/1/00 0:00,1.72,1.597,7/8/23 4:36,1.67,RIE,Ad Group Recall (Merged)
20230807,1773543592963070 ,AE,MENA,,1/1/00 0:00,1.72,1.597,7/8/23 4:36,1.78,Auction Ads,auction_relation
20230807,1773543592945660 ,AE,MENA,,1/1/00 0:00,2,1.597,7/8/23 4:36,1.67,RIE,Ad Group Recall (Merged)
20230807,1773543592945660 ,AE,MENA,,1/1/00 0:00,2,1.597,7/8/23 4:36,1.78,Auction Ads,auction_relation
20230807,1773543592954910 ,AE,MENA,,1/1/00 0:00,1.19,1.597,7/8/23 4:36,1.78,Auction Ads,auction_relation
20230807,1773543592954910 ,AE,MENA,,1/1/00 0:00,1.19,1.597,7/8/23 4:36,1.78,Auction Ads,auction_relation
20230807,1773543592945660 ,AE,MENA,,1/1/00 0:00,2,1.597,7/8/23 4:36,1.78,Auction Ads,auction_relation
20230807,1773543608032270 ,AE,MENA,,1/1/00 0:00,0.78,1.597,7/8/23 4:36,1.67,RIE,Ad Group Recall (Merged)
20230807,1773543588917290 ,AE,MENA,,1/1/00 0:00,1.03,1.597,7/8/23 4:36,1.78,Auction Ads,auction_relation
20230807,1773543597056010 ,AE,MENA,,1/1/00 0:00,1.82,1.597,7/8/23 4:36,1.78,Auction Ads,auction_relation
20230807,1773543608032270 ,AE,MENA,,1/1/00 0:00,0.78,1.597,7/8/23 4:36,1.78,Auction Ads,auction_relation
20230807,1773543597075450 ,AE,MENA,,1/1/00 0:00,1.73,1.597,7/8/23 4:36,1.67,RIE,Ad Group Recall (Merged)
20230807,1773543597075450 ,AE,MENA,,1/1/00 0:00,1.73,1.597,7/8/23 4:36,1.78,Auction Ads,auction_relation
20230807,1773543597056010 ,AE,MENA,,1/1/00 0:00,1.82,1.597,7/8/23 4:36,1.67,RIE,Ad Group Recall (Merged)
20230807,1773544068040700 ,KH,KH,,1/1/00 0:00,3.0386,13.678,7/8/23 4:38,1.5,Auction Ads,auction_relation
20230807,1773543638339580 ,MY,MY,,1/1/00 0:00,,1.5277,7/8/23 4:36,2.31,Auction Ads,auction_relation
20230807,1773543643396090 ,MY,MY,,1/1/00 0:00,,1.5277,7/8/23 4:36,2.31,Auction Ads,auction_relation
20230807,1773543648816130 ,MY,MY,,1/1/00 0:00,,1.5277,7/8/23 4:36,2.31,Auction Ads,auction_relation
20230807,1773543647313950 ,MY,MY,,1/1/00 0:00,,1.5277,7/8/23 4:36,2.31,Auction Ads,auction_relation
20230807,1773543647333400 ,MY,MY,,1/1/00 0:00,,1.5277,7/8/23 4:36,2.31,Auction Ads,auction_relation
20230807,1773543530572840 ,BR,BR,,1/1/00 0:00,0,1.1403,7/8/23 4:36,1.99,Auction Ads,auction_all
20230807,1773543402038270 ,DE,,,1/1/00 0:00,19.9968,0,7/8/23 4:36,1.53,RIE,Promote Report Recall
20230807,1773540038907900 ,ID,,,1/1/00 0:00,0.9139,0.2112,7/8/23 4:36,0.54,Non-Auction Ads,Promote
20230807,1773514227386360 ,TR,,,1/1/00 0:00,1.0774,0.4265,7/8/23 4:36,0.54,Non-Auction Ads,Promote
20230807,1773543734675450 ,VN,VN,,1/1/00 0:00,11.8,1.9292,7/8/23 4:36,2.14,Auction Ads,auction_relation
20230807,1773542707825670 ,US,,,1/1/00 0:00,0,1.53,7/8/23 4:37,0.54,Non-Auction Ads,Promote
20230807,1773539714323450 ,ID,,,1/1/00 0:00,1.6633,0.6827,7/8/23 4:37,0.54,Non-Auction Ads,Promote
20230807,1773540141077500 ,US,US&CA,,1/1/00 0:00,15.33,0.1113,7/8/23 4:37,1.81,RIE,Ad Group Recall (Merged)
20230807,1773543217685500 ,US,,,1/1/00 0:00,5.37,8.8134,7/8/23 4:39,0.54,Non-Auction Ads,Promote
20230807,1773543519885310 ,BR,,,1/1/00 0:00,25.1526,3.4811,7/8/23 4:38,0.54,Non-Auction Ads,Promote
20230807,1773543901449230 ,US,USCA,,1/1/00 0:00,,6.7657,7/8/23 4:39,1.78,Auction Ads,auction_relation
20230807,1773514414498810 ,TR,,,1/1/00 0:00,10.0811,1.4173,7/8/23 4:37,0.54,Non-Auction Ads,Promote
20230807,1773540419602430 ,ID,,,1/1/00 0:00,1.578,0.8732,7/8/23 4:38,0.54,Non-Auction Ads,Promote
20230807,1773544037296130 ,VN,VN,,1/1/00 0:00,,9.557,7/8/23 4:40,2.14,Auction Ads,auction_relation
20230807,1773544037296130 ,VN,VN,,1/1/00 0:00,,9.557,7/8/23 4:40,2.14,Auction Ads,auction_relation
20230807,1773543870002200 ,VN,VN,,1/1/00 0:00,0.49,0.2927,7/8/23 4:38,2.14,Auction Ads,auction_relation
20230807,1773544043006000 ,TH,TH,,1/1/00 0:00,4.3313,0.2817,7/8/23 4:38,1.64,Auction Ads,auction_relation
20230807,1773543682233340 ,PH,,,1/1/00 0:00,0.2023,0.1402,7/8/23 4:38,1.53,RIE,Promote Report Recall
20230807,1773543903306760 ,TH,TH,,1/1/00 0:00,3.2389,0.8312,7/8/23 4:39,1.64,Auction Ads,auction_relation
20230807,1773543628930050 ,SA,,,1/1/00 0:00,0.6505,0.3798,7/8/23 4:38,1.53,RIE,Promote Report Recall
20230807,1773544108801050 ,US,USCA,,1/1/00 0:00,,31.1273,7/8/23 4:44,1.78,Auction Ads,auction_relation
20230807,1773544224950270 ,CA,US&CA,,1/1/00 0:00,43.66,3.9561,7/8/23 4:40,1.81,RIE,Ad Group Recall (Merged)
20230807,1773544224950270 ,AU,AU,,1/1/00 0:00,43.66,3.9561,7/8/23 4:40,1.84,Auction Ads,auction_relation
20230807,1773544224950270 ,AU,AU,,1/1/00 0:00,43.66,3.9561,7/8/23 4:40,1.84,Auction Ads,auction_relation
20230807,1773543970898990 ,TH,TH,,1/1/00 0:00,11.6344,0.8881,7/8/23 4:39,1.64,Auction Ads,auction_relation
20230807,1773540658610170 ,ID,,,1/1/00 0:00,1.603,0.3749,7/8/23 4:39,0.54,Non-Auction Ads,Promote
20230807,1773543798137850 ,SA,,,1/1/00 0:00,5.7231,0.7655,7/8/23 4:39,1.53,RIE,Promote Report Recall
20230807,1773543339378690 ,US,,,1/1/00 0:00,3.63,1.4706,7/8/23 4:39,0.54,Non-Auction Ads,Promote
20230807,1773544009313290 ,SG,SG,,1/1/00 0:00,1.46,6.0161,7/8/23 4:40,1.94,Auction Ads,auction_relation
20230807,1773543907994620 ,SG,SG,,1/1/00 0:00,,6.0161,7/8/23 4:40,1.94,Auction Ads,auction_relation
20230807,1773543982847020 ,SG,SG,,1/1/00 0:00,1.96,6.0161,7/8/23 4:40,1.94,Auction Ads,auction_relation
20230807,1773544002886700 ,SG,SG,,1/1/00 0:00,0.99,6.0161,7/8/23 4:40,1.94,Auction Ads,auction_relation
20230807,1773543985381370 ,SG,Other,,1/1/00 0:00,,6.0161,7/8/23 4:40,1.62,RIE,Ad Group Recall (Merged)
20230807,1773543994472480 ,SG,SG,,1/1/00 0:00,0.85,6.0161,7/8/23 4:40,1.94,Auction Ads,auction_relation
20230807,1773536157132800 ,PH,,,1/1/00 0:00,1.7302,0.3494,7/8/23 4:39,0.54,Non-Auction Ads,Promote
20230807,1773459220682750 ,VN,,,1/1/00 0:00,2.7864,0.9385,7/8/23 4:40,0.54,Non-Auction Ads,Promote
20230807,1773544083761180 ,TH,TH,,1/1/00 0:00,23.2964,3.0793,7/8/23 4:40,1.64,Auction Ads,auction_relation
20230807,1773544083761180 ,TH,TH,,1/1/00 0:00,23.2964,3.0793,7/8/23 4:40,1.64,Auction Ads,auction_relation
20230807,1773543615663100 ,JP,,,1/1/00 0:00,1.5574,1.1441,7/8/23 4:40,0.54,Non-Auction Ads,Promote
20230807,1773543836070910 ,JP,,,1/1/00 0:00,50.5414,9.0624,7/8/23 4:41,0.54,Non-Auction Ads,Promote
20230807,1773543778018300 ,US,USCA,,1/1/00 0:00,,31.1273,7/8/23 4:46,1.78,Auction Ads,auction_relation
20230807,1773577940810800 ,AU,AU,,1/1/00 0:00,6.09,11.9647,7/8/23 4:42,1.84,RIE,Ad Group Recall (Merged)
20230807,1773544137149440 ,VN,VN,,1/1/00 0:00,,1.2366,7/8/23 4:40,2.14,Auction Ads,auction_relation
20230807,1773544148676640 ,VN,VN,,1/1/00 0:00,,1.2366,7/8/23 4:40,2.14,Auction Ads,auction_relation
20230807,1773544160897020 ,VN,VN,,1/1/00 0:00,,1.2366,7/8/23 4:40,2.14,Auction Ads,auction_relation
20230807,1773544152711170 ,VN,VN,,1/1/00 0:00,0.0002,1.2366,7/8/23 4:40,2.14,Auction Ads,auction_relation
20230807,1773544156916730 ,VN,VN,,1/1/00 0:00,3.5218,1.2366,7/8/23 4:40,2.14,Auction Ads,auction_relation
20230807,1773543781802020 ,FR,,,1/1/00 0:00,35.8349,1.5814,7/8/23 4:40,1.53,RIE,Promote Report Recall
20230807,1773542973926400 ,TH,,,1/1/00 0:00,0.8605,0.216,7/8/23 4:40,0.54,Non-Auction Ads,Promote
20230807,1773544357524510 ,DK,DK,,1/1/00 0:00,,5.2325,7/8/23 4:41,1.31,Auction Ads,auction_relation
20230807,1773544357524510 ,IL,IL,,1/1/00 0:00,,5.2325,7/8/23 4:41,1.52,Auction Ads,auction_relation
20230807,1773544357524510 ,SE,SE,,1/1/00 0:00,,5.2325,7/8/23 4:41,1.4,Auction Ads,auction_relation
20230807,1773544357524510 ,CA,USCA,,1/1/00 0:00,,5.2325,7/8/23 4:41,1.78,Auction Ads,auction_relation
20230807,1773544357524510 ,IE,IE,,1/1/00 0:00,,5.2325,7/8/23 4:41,1.52,Auction Ads,auction_relation
20230807,1773544357524510 ,NO,Others,,1/1/00 0:00,,5.2325,7/8/23 4:41,1.56,Auction Ads,auction_all
20230807,1773544357524510 ,GB,GB,,1/1/00 0:00,,5.2325,7/8/23 4:41,1.76,Auction Ads,auction_relation
20230807,1773544357524510 ,US,USCA,,1/1/00 0:00,,5.2325,7/8/23 4:41,1.78,Auction Ads,auction_relation
20230807,1773544357524510 ,NL,NL,,1/1/00 0:00,,5.2325,7/8/23 4:41,1.19,Auction Ads,auction_relation
20230807,1773544357524510 ,NZ,NZ,,1/1/00 0:00,,5.2325,7/8/23 4:41,1.58,Auction Ads,auction_relation
20230807,1773544357524510 ,FI,Others,,1/1/00 0:00,,5.2325,7/8/23 4:41,1.56,Auction Ads,auction_all
20230807,1773543557960700 ,US,,,1/1/00 0:00,5.31,8.8134,7/8/23 4:42,0.54,Non-Auction Ads,Promote
20230807,1773543937435650 ,VN,,,1/1/00 0:00,5.1504,4.2829,7/8/23 4:41,1.53,RIE,Promote Report Recall
20230807,1773543112281150 ,US,,,1/1/00 0:00,4.15,4.2516,7/8/23 4:41,0.54,Non-Auction Ads,Promote
20230807,1773544065915900 ,VN,VN,,1/1/00 0:00,0.39,0.2927,7/8/23 4:41,2.14,Auction Ads,auction_relation
20230807,1773544079087610 ,VN,VN,,1/1/00 0:00,0.37,0.2927,7/8/23 4:41,2.14,Auction Ads,auction_relation
20230807,1773544586082330 ,TH,TH,,1/1/00 0:00,0.2912,34.6075,7/8/23 4:49,1.64,Auction Ads,auction_relation
20230807,1773514430022650 ,TR,,,1/1/00 0:00,1.9272,0.3955,7/8/23 4:41,0.54,Non-Auction Ads,Promote
20230807,1773537452203010 ,PH,,,1/1/00 0:00,0.554,0.2277,7/8/23 4:42,0.54,Non-Auction Ads,Promote
20230807,1773543001663490 ,TH,,,1/1/00 0:00,1.5067,0.3108,7/8/23 4:42,0.54,Non-Auction Ads,Promote
20230807,1773544125711390 ,MY,MY,,1/1/00 0:00,2.93,1.3026,7/8/23 4:42,2.31,Auction Ads,auction_relation
20230807,1773544290393080 ,VN,VN,,1/1/00 0:00,2.83,0.7692,7/8/23 4:42,2.14,Auction Ads,auction_relation
20230807,1773447923926010 ,VN,,,1/1/00 0:00,0.7691,0.2791,7/8/23 4:42,0.54,Non-Auction Ads,Promote
20230807,1773447923926010 ,VN,,,1/1/00 0:00,0.7691,0.2791,7/8/23 4:42,0.54,Non-Auction Ads,Promote
20230807,1773543823157270 ,TH,,,1/1/00 0:00,9.55,1.6214,7/8/23 4:42,1.53,RIE,Promote Report Recall
20230807,1773543471832060 ,FR,,,1/1/00 0:00,7.4951,1.788,7/8/23 4:42,0.54,Non-Auction Ads,Promote
20230807,1773543991430140 ,VN,,,1/1/00 0:00,350.4438,5.4985,7/8/23 4:43,0.54,Non-Auction Ads,Promote
20230807,1773544181367820 ,ID,ID,,1/1/00 0:00,1.07,0.8838,7/8/23 4:42,1.8,Auction Ads,auction_relation
20230807,1773544151498800 ,KH,KH,,1/1/00 0:00,0.0114,2.2667,7/8/23 4:43,1.5,Auction Ads,auction_relation
20230807,1773544018209790 ,ID,,,1/1/00 0:00,4.5992,0.974,7/8/23 4:43,1.53,RIE,Promote Report Recall
20230807,1773540782568440 ,ID,,,1/1/00 0:00,0.9657,0.2942,7/8/23 4:43,0.54,Non-Auction Ads,Promote
20230807,1773543625364480 ,US,,,1/1/00 0:00,7.15,3.1371,7/8/23 4:43,0.54,Non-Auction Ads,Promote
20230807,1773544033315840 ,VN,,,1/1/00 0:00,3.6145,1.5444,7/8/23 4:43,1.53,RIE,Promote Report Recall
20230807,1773543906452480 ,ID,,,1/1/00 0:00,14.4319,0.8928,7/8/23 4:43,0.54,Non-Auction Ads,Promote
20230807,1773544423085050 ,PK,PK,,1/1/00 0:00,19.83,3.9683,7/8/23 4:44,1.36,Auction Ads,auction_relation
20230807,1773514636725250 ,TR,,,1/1/00 0:00,1.7738,0.4858,7/8/23 4:43,0.54,Non-Auction Ads,Promote
20230807,1773541448228870 ,BR,,,1/1/00 0:00,1.1697,0.5172,7/8/23 4:43,0.54,Non-Auction Ads,Promote
20230807,1773543095479290 ,TH,,,1/1/00 0:00,0.863,0.534,7/8/23 4:43,0.54,Non-Auction Ads,Promote
20230807,1773544128740360 ,VN,VN,,1/1/00 0:00,5.3785,2.8698,7/8/23 4:44,2.14,Auction Ads,auction_relation
20230807,1773543921247230 ,BE,,,1/1/00 0:00,1.9914,1.348,7/8/23 4:44,0.54,Non-Auction Ads,Promote
20230807,1773540490037250 ,ID,,,1/1/00 0:00,1.7065,0.4726,7/8/23 4:44,0.54,Non-Auction Ads,Promote
20230807,1773544646205480 ,VN,VN,,1/1/00 0:00,0.4757,0.9608,7/8/23 4:45,2.14,Auction Ads,auction_relation
20230807,1773540679655420 ,ID,,,1/1/00 0:00,0.7088,1.3177,7/8/23 4:45,0.54,Non-Auction Ads,Promote
20230807,1773549187112990 ,MY,MY,,1/1/00 0:00,5.56,2.5691,7/8/23 4:45,2.31,Auction Ads,auction_relation
20230807,1773544169570320 ,FR,FR,,1/1/00 0:00,0.14,0.0162,7/8/23 4:44,1.97,Auction Ads,auction_relation
20230807,1773540773520380 ,CH,CH,,1/1/00 0:00,29.56,21.0744,7/8/23 4:49,0.93,Auction Ads,auction_relation
20230807,1773540773520380 ,PT,PT,,1/1/00 0:00,29.56,21.0744,7/8/23 4:49,1.98,Auction Ads,auction_relation
20230807,1773540773520380 ,FI,Others,,1/1/00 0:00,29.56,21.0744,7/8/23 4:49,1.56,Auction Ads,auction_all
20230807,1773459290546170 ,VN,,,1/1/00 0:00,5.6811,0.7585,7/8/23 4:45,0.54,Non-Auction Ads,Promote
20230807,1773544323896350 ,PK,PK,,1/1/00 0:00,1.26,0.1763,7/8/23 4:45,1.36,Auction Ads,auction_relation
20230807,1773543894175740 ,TH,,,1/1/00 0:00,8.81,3.755,7/8/23 4:46,1.53,RIE,Promote Report Recall
20230807,1773544192903170 ,KH,,,1/1/00 0:00,6.8008,0.5828,7/8/23 4:46,0.54,Non-Auction Ads,Promote
20230807,1773540821704700 ,ID,,,1/1/00 0:00,0.9027,0.8901,7/8/23 4:46,0.54,Non-Auction Ads,Promote
20230807,1773544411294750 ,VN,VN,,1/1/00 0:00,1.5387,4.2186,7/8/23 4:46,2.14,Auction Ads,auction_relation
20230807,1773544091544570 ,ID,,,1/1/00 0:00,14.6911,0.8928,7/8/23 4:46,0.54,Non-Auction Ads,Promote
20230807,1773544146247680 ,US,,,1/1/00 0:00,2.68,1.1714,7/8/23 4:46,1.53,RIE,Promote Report Recall
20230807,1773541121541120 ,ID,,,1/1/00 0:00,1.3386,0.4544,7/8/23 4:46,0.54,Non-Auction Ads,Promote
20230807,1773578337368080 ,US,USCA,,1/1/00 0:00,8.35,10.5705,7/8/23 4:48,1.78,Auction Ads,auction_relation
20230807,1773543842843650 ,US,,,1/1/00 0:00,25.6,5.3158,7/8/23 4:47,0.54,Non-Auction Ads,Promote
20230807,1773538604980220 ,PH,,,1/1/00 0:00,0.9499,0.1921,7/8/23 4:46,0.54,Non-Auction Ads,Promote
20230807,1773544203922430 ,SA,,,1/1/00 0:00,1.5061,0.8659,7/8/23 4:46,1.53,RIE,Promote Report Recall
20230807,1773544202754110 ,CA,,,1/1/00 0:00,7.5888,3.4816,7/8/23 4:47,1.53,RIE,Promote Report Recall
20230807,1773541199218680 ,ID,,,1/1/00 0:00,0.7904,0.2014,7/8/23 4:46,0.54,Non-Auction Ads,Promote
20230807,1773539479999580 ,BE,BE,,1/1/00 0:00,5.3179,1.3559,7/8/23 4:47,1.15,Auction Ads,auction_relation
20230807,1773539476303900 ,BE,BE,,1/1/00 0:00,0.2641,1.3559,7/8/23 4:47,1.15,Auction Ads,auction_relation
20230807,1773464175916030 ,SA,,,1/1/00 0:00,1.1729,0.6421,7/8/23 4:47,0.54,Non-Auction Ads,Promote
20230807,1773544820071420 ,TH,TH,,1/1/00 0:00,0,34.6075,7/8/23 4:53,1.64,Auction Ads,auction_relation
20230807,1773542985518080 ,US,,,1/1/00 0:00,9.78,3.4444,7/8/23 4:47,0.54,Non-Auction Ads,Promote
20230807,1773541048036350 ,ID,,,1/1/00 0:00,0.7588,0.2134,7/8/23 4:47,0.54,Non-Auction Ads,Promote
20230807,1773515459065850 ,TR,,,1/1/00 0:00,0.3478,0.063,7/8/23 4:47,0.54,Non-Auction Ads,Promote
20230807,1773571024147500 ,TH,TH,,1/1/00 0:00,1.7317,3.2933,7/8/23 4:48,1.64,Auction Ads,auction_relation
20230807,1773544521956370 ,TH,TH,,1/1/00 0:00,10.7709,3.4926,7/8/23 4:48,1.64,Auction Ads,auction_relation
20230807,1773541794843650 ,BR,,,1/1/00 0:00,1.1433,0.7413,7/8/23 4:47,0.54,Non-Auction Ads,Promote
20230807,1773543228237820 ,TH,,,1/1/00 0:00,1.4394,0.2619,7/8/23 4:47,0.54,Non-Auction Ads,Promote
20230807,1773544445256720 ,VN,VN,,1/1/00 0:00,,0.924,7/8/23 4:47,2.14,Auction Ads,auction_relation
20230807,1773544325747730 ,IT,,,1/1/00 0:00,5.272,0.9335,7/8/23 4:48,1.53,RIE,Promote Report Recall
20230807,1773515588652030 ,TR,,,1/1/00 0:00,0.3372,0.063,7/8/23 4:47,0.54,Non-Auction Ads,Promote
20230807,1773540979245090 ,GB,GB,,1/1/00 0:00,6.7992,3.4094,7/8/23 4:48,1.76,Auction Ads,auction_relation
20230807,1773543478705150 ,TH,,,1/1/00 0:00,1.4826,0.7761,7/8/23 4:48,0.54,Non-Auction Ads,Promote
20230807,1773543163186170 ,TH,,,1/1/00 0:00,7.2372,1.9589,7/8/23 4:48,0.54,Non-Auction Ads,Promote
20230807,1773459510384640 ,VN,,,1/1/00 0:00,0.7772,0.1942,7/8/23 4:48,0.54,Non-Auction Ads,Promote
20230807,1773540229336060 ,ID,,,1/1/00 0:00,0.7321,0.2953,7/8/23 4:48,0.54,Non-Auction Ads,Promote
20230807,1773544520943640 ,TH,TH,,1/1/00 0:00,3.1156,1.7617,7/8/23 4:48,1.64,Auction Ads,auction_relation
20230807,1773544522423290 ,TH,TH,,1/1/00 0:00,2.9745,1.7617,7/8/23 4:48,1.64,Auction Ads,auction_relation
20230807,1773550034060300 ,GB,GB,,1/1/00 0:00,189.8769,491.9031,7/8/23 6:11,1.76,Auction Ads,auction_relation
20230807,1773550034060300 ,IT,IT,,1/1/00 0:00,189.8769,491.9031,7/8/23 6:11,1.36,Auction Ads,auction_relation
20230807,1773544511221790 ,US,US&CA,,1/1/00 0:00,9.62,0,7/8/23 4:48,1.81,RIE,Ad Group Recall (Merged)
20230807,1773543480039420 ,TH,,,1/1/00 0:00,1.2356,0.7072,7/8/23 4:49,0.54,Non-Auction Ads,Promote
20230807,1773544304636930 ,RO,,,1/1/00 0:00,5.8889,0.5395,7/8/23 4:49,0.54,Non-Auction Ads,Promote
20230807,1773544262185980 ,TH,,,1/1/00 0:00,3.0171,0,7/8/23 4:49,1.53,RIE,Promote Report Recall
20230807,1773543253667840 ,TH,,,1/1/00 0:00,0.8128,0.3494,7/8/23 4:49,0.54,Non-Auction Ads,Promote
20230807,1773544397985790 ,TH,,,1/1/00 0:00,3.45,1.5773,7/8/23 4:49,1.53,RIE,Promote Report Recall
20230807,1773515678823420 ,TR,,,1/1/00 0:00,12.9466,0.3616,7/8/23 4:49,0.54,Non-Auction Ads,Promote
20230807,1773544367696900 ,TH,,,1/1/00 0:00,14.41,2.3175,7/8/23 4:49,1.53,RIE,Promote Report Recall
20230807,1773544992374810 ,TH,TH,,1/1/00 0:00,1.7463,2.3785,7/8/23 4:49,1.64,Auction Ads,auction_relation
20230807,1773544822944780 ,TH,TH,,1/1/00 0:00,0.334,6.1598,7/8/23 4:50,1.64,Auction Ads,auction_relation
20230807,1773545133465600 ,TH,TH,,1/1/00 0:00,,34.6075,7/8/23 4:57,1.64,Auction Ads,auction_relation
20230807,1773543246559230 ,TH,,,1/1/00 0:00,0.8648,0.2923,7/8/23 4:49,0.54,Non-Auction Ads,Promote
20230807,1773542965658740 ,TH,,,1/1/00 0:00,7.13,1.0016,7/8/23 4:49,1.53,RIE,Promote Report Recall
20230807,1773543204915200 ,TH,,,1/1/00 0:00,1.1886,0.5151,7/8/23 4:49,0.54,Non-Auction Ads,Promote
20230807,1773543291924480 ,US,,,1/1/00 0:00,4.74,1.2588,7/8/23 4:50,0.54,Non-Auction Ads,Promote
20230807,1773544464461820 ,VN,,,1/1/00 0:00,4.7405,1.2852,7/8/23 4:50,1.53,RIE,Promote Report Recall
20230807,1773541167202300 ,ID,,,1/1/00 0:00,0.7603,0.2827,7/8/23 4:50,0.54,Non-Auction Ads,Promote
20230807,1773543501234170 ,TH,,,1/1/00 0:00,1.3761,0.7072,7/8/23 4:50,0.54,Non-Auction Ads,Promote
20230807,1773543677134900 ,US,,,1/1/00 0:00,24.29,6.53,7/8/23 4:52,0.54,Non-Auction Ads,Promote
20230807,1773541550598140 ,ID,,,1/1/00 0:00,0.7847,0.129,7/8/23 4:50,0.54,Non-Auction Ads,Promote
20230807,1773544603806720 ,VN,VN,,1/1/00 0:00,0.0375,0.924,7/8/23 4:50,2.14,Auction Ads,auction_relation
20230807,1773544280411140 ,US,,,1/1/00 0:00,3.58,1.8369,7/8/23 4:51,0.54,Non-Auction Ads,Promote
20230807,1773543316416510 ,TH,,,1/1/00 0:00,1.3245,0.5559,7/8/23 4:51,0.54,Non-Auction Ads,Promote
20230807,1773544768906240 ,TH,TH,,1/1/00 0:00,,3.0175,7/8/23 4:51,1.64,Auction Ads,auction_relation
20230807,1773536672449530 ,MY,,,1/1/00 0:00,1.5566,0,7/8/23 4:51,0.54,Non-Auction Ads,Promote
20230807,1773544490512380 ,VN,,,1/1/00 0:00,2.86,1.4598,7/8/23 4:51,1.53,RIE,Promote Report Recall
20230807,1773544923955240 ,ID,ID,,1/1/00 0:00,10.4141,2.6187,7/8/23 4:52,1.8,Auction Ads,auction_relation
20230807,1773537829230590 ,PH,,,1/1/00 0:00,0.6367,0.1659,7/8/23 4:51,0.54,Non-Auction Ads,Promote
20230807,1773544598505520 ,US,US&CA,,1/1/00 0:00,40.47,0,7/8/23 4:51,1.81,RIE,Ad Group Recall (Merged)
20230807,1773541345890300 ,ID,,,1/1/00 0:00,4.3834,0.9185,7/8/23 4:51,0.54,Non-Auction Ads,Promote
20230807,1773543350645760 ,TH,,,1/1/00 0:00,1.3275,0.0055,7/8/23 4:51,0.54,Non-Auction Ads,Promote
20230807,1773543695751170 ,US,,,1/1/00 0:00,3.82,1.362,7/8/23 4:52,0.54,Non-Auction Ads,Promote
20230807,1773544192159740 ,MY,,,1/1/00 0:00,10.2417,4.0759,7/8/23 4:52,0.54,Non-Auction Ads,Promote
20230807,1773544233574400 ,US,,,1/1/00 0:00,2.2,5,7/8/23 4:52,0.54,Non-Auction Ads,Promote
20230807,1773536985792510 ,MY,,,1/1/00 0:00,2.6192,0.5308,7/8/23 4:52,0.54,Non-Auction Ads,Promote
20230807,1773516046317570 ,TR,,,1/1/00 0:00,0.5716,0.0489,7/8/23 4:52,0.54,Non-Auction Ads,Promote
20230807,1773545525697580 ,TH,TH,,1/1/00 0:00,6.7925,2.871,7/8/23 4:52,1.87,RIE,Ad Group Recall (Merged)
20230807,1773544670167090 ,VN,VN,,1/1/00 0:00,0.3333,0.5645,7/8/23 4:52,2.14,Auction Ads,auction_relation
20230807,1773544682464290 ,VN,VN,,1/1/00 0:00,,0.5645,7/8/23 4:52,2.14,Auction Ads,auction_relation
20230807,1773541497594880 ,ID,,,1/1/00 0:00,0.8081,0.9574,7/8/23 4:52,0.54,Non-Auction Ads,Promote
20230807,1773544713519120 ,TH,TH,,1/1/00 0:00,4.75,1.893,7/8/23 4:52,1.64,Auction Ads,auction_relation
20230807,1773544565914630 ,TH,,,1/1/00 0:00,1.57,5.045,7/8/23 4:53,1.53,RIE,Promote Report Recall
20230807,1773545203998770 ,KH,KH,,1/1/00 0:00,11.56,26.8169,7/8/23 4:59,1.5,Auction Ads,auction_relation
20230807,1773541891072000 ,ID,,,1/1/00 0:00,0.9539,0.1382,7/8/23 4:52,0.54,Non-Auction Ads,Promote
20230807,1773541023394810 ,IL,IL,,1/1/00 0:00,6.35,2.226,7/8/23 4:53,1.52,Auction Ads,auction_relation
20230807,1773544822945840 ,ID,ID,,1/1/00 0:00,36.684,6.96,7/8/23 4:53,1.8,Auction Ads,auction_relation
20230807,1773540987676700 ,GB,GB,,1/1/00 0:00,7.82,5.8865,7/8/23 4:53,1.76,Auction Ads,auction_relation
20230807,1773540999826480 ,GB,GB,,1/1/00 0:00,0.69,5.8865,7/8/23 4:53,1.72,RIE,Ad Group Recall (Merged)
20230807,1773540999826480 ,GB,GB,,1/1/00 0:00,0.69,5.8865,7/8/23 4:53,1.76,Auction Ads,auction_relation
20230807,1773540986187770 ,GB,GB,,1/1/00 0:00,3.48,5.8865,7/8/23 4:53,1.76,Auction Ads,auction_relation
20230807,1773540999826480 ,GB,GB,,1/1/00 0:00,0.69,5.8865,7/8/23 4:53,1.72,RIE,Ad Group Recall (Merged)
20230807,1773540999826480 ,US,US&CA,,1/1/00 0:00,0.69,5.8865,7/8/23 4:53,1.81,RIE,Ad Group Recall (Merged)
20230807,1773544570448900 ,RO,,,1/1/00 0:00,26.6651,2.0621,7/8/23 4:53,0.54,Non-Auction Ads,Promote
20230807,1773544232026110 ,US,,,1/1/00 0:00,3.71,1.6946,7/8/23 4:53,0.54,Non-Auction Ads,Promote
20230807,1773541472314360 ,ID,,,1/1/00 0:00,0.7139,0.365,7/8/23 4:53,0.54,Non-Auction Ads,Promote
20230807,1773460381356030 ,VN,,,1/1/00 0:00,2.7006,0.6023,7/8/23 4:53,0.54,Non-Auction Ads,Promote
20230807,1773544745673720 ,JP,JP,,1/1/00 0:00,,5.077,7/8/23 4:54,2.16,Auction Ads,auction_all
20230807,1773544745673720 ,JP,JP,,1/1/00 0:00,,5.077,7/8/23 4:54,2.16,Auction Ads,auction_all
20230807,1773543738792960 ,US,,,1/1/00 0:00,3.28,3.3783,7/8/23 4:53,0.54,Non-Auction Ads,Promote
20230807,1773545218050050 ,VN,VN,,1/1/00 0:00,,4.392,7/8/23 4:54,2.14,Auction Ads,auction_relation
20230807,1773543943071740 ,BR,,,1/1/00 0:00,2.3146,2.5434,7/8/23 4:54,0.54,Non-Auction Ads,Promote
20230807,1773544890621980 ,TH,TH,,1/1/00 0:00,17.8004,10.4282,7/8/23 4:56,1.64,Auction Ads,auction_relation
20230807,1773544890621980 ,TH,TH,,1/1/00 0:00,17.8004,10.4282,7/8/23 4:56,1.64,Auction Ads,auction_relation
20230807,1773541864839170 ,ID,,,1/1/00 0:00,0.7368,0.3061,7/8/23 4:53,0.54,Non-Auction Ads,Promote
20230807,1773541048160250 ,GB,GB,,1/1/00 0:00,4.4222,3.4094,7/8/23 4:55,1.76,Auction Ads,auction_relation
20230807,1773541046880270 ,GB,GB,,1/1/00 0:00,29.1677,3.4094,7/8/23 4:55,1.76,Auction Ads,auction_relation
20230807,1773541053332520 ,GB,GB,,1/1/00 0:00,11.705,3.4094,7/8/23 4:55,1.76,Auction Ads,auction_relation
20230807,1773460583609340 ,VN,,,1/1/00 0:00,4.5052,0.2096,7/8/23 4:54,0.54,Non-Auction Ads,Promote
20230807,1773544244666370 ,KH,,,1/1/00 0:00,1.0253,0.5574,7/8/23 4:54,0.54,Non-Auction Ads,Promote
20230807,1773541163533310 ,US,US&CA,,1/1/00 0:00,1.94,8.046,7/8/23 4:56,1.81,RIE,Ad Group Recall (Merged)
20230807,1773544820085800 ,SA,MENA,,1/1/00 0:00,,3.3124,7/8/23 4:55,1.78,Auction Ads,auction_relation
20230807,1773545001991180 ,TH,TH,,1/1/00 0:00,10.5582,10.4282,7/8/23 4:58,1.64,Auction Ads,auction_relation
20230807,1773545001991180 ,TH,TH,,1/1/00 0:00,10.5582,10.4282,7/8/23 4:58,1.64,Auction Ads,auction_relation
20230807,1773544283762680 ,KH,,,1/1/00 0:00,0.9388,0.1949,7/8/23 4:55,0.54,Non-Auction Ads,Promote
20230807,1773545287437340 ,KR,KR,,1/1/00 0:00,9.6888,1.9634,7/8/23 4:55,2.37,Auction Ads,auction_relation
20230807,1773544760681470 ,TH,,,1/1/00 0:00,4.44,3.192,7/8/23 4:55,1.53,RIE,Promote Report Recall
20230807,1773544661016570 ,JP,,,1/1/00 0:00,14.0798,4.4238,7/8/23 4:55,0.54,Non-Auction Ads,Promote
20230807,1773544592665600 ,BR,,,1/1/00 0:00,1.2108,0.9731,7/8/23 4:55,1.53,RIE,Promote Report Recall
20230807,1773543632400380 ,TH,,,1/1/00 0:00,3.4494,2.1894,7/8/23 4:55,0.54,Non-Auction Ads,Promote
20230807,1773544495702030 ,VN,VN,,1/1/00 0:00,0,1.2005,7/8/23 4:55,2.14,Auction Ads,auction_relation
20230807,1773544495702030 ,VN,VN,,1/1/00 0:00,0,1.2005,7/8/23 4:55,2.14,Auction Ads,auction_relation
20230807,1773541471836160 ,ID,,,1/1/00 0:00,0.7997,0.2859,7/8/23 4:56,0.54,Non-Auction Ads,Promote
20230807,1773545259761710 ,TH,TH,,1/1/00 0:00,2.9468,1.6599,7/8/23 4:57,1.64,Auction Ads,auction_relation
20230807,1773544938825730 ,VN,,,1/1/00 0:00,0.6598,2.0125,7/8/23 4:57,1.53,RIE,Promote Report Recall
20230807,1773545004650490 ,VN,VN,,1/1/00 0:00,,0.5645,7/8/23 4:56,2.14,Auction Ads,auction_relation
20230807,1773545073500160 ,SA,,,1/1/00 0:00,43.75,8.824,7/8/23 4:59,0.54,Non-Auction Ads,Promote
20230807,1773544860407800 ,TH,,,1/1/00 0:00,2.5566,0.2399,7/8/23 4:57,1.53,RIE,Promote Report Recall
20230807,1773544788666460 ,US,,,1/1/00 0:00,3.63,1.7647,7/8/23 4:58,0.54,Non-Auction Ads,Promote
20230807,1773461201603580 ,VN,,,1/1/00 0:00,0.0416,0.2598,7/8/23 4:58,0.54,Non-Auction Ads,Promote
20230807,1773544921264120 ,MY,,,1/1/00 0:00,7.1088,1.9072,7/8/23 4:58,1.53,RIE,Promote Report Recall
20230807,1773545228820570 ,MY,MY,,1/1/00 0:00,,2.2383,7/8/23 4:58,2.31,Auction Ads,auction_relation
20230807,1773543796629500 ,TH,,,1/1/00 0:00,3.5377,0.9847,7/8/23 4:58,0.54,Non-Auction Ads,Promote
20230807,1773545220224030 ,PK,PK,,1/1/00 0:00,0.47,1.444,7/8/23 4:59,1.36,Auction Ads,auction_relation
20230807,1773538769916930 ,PH,,,1/1/00 0:00,0.4022,0.1319,7/8/23 4:58,0.54,Non-Auction Ads,Promote
20230807,1773545026324530 ,PK,PK,,1/1/00 0:00,0.26,0.2218,7/8/23 4:59,1.36,Auction Ads,auction_relation
20230807,1773545065714680 ,VN,,,1/1/00 0:00,11.063,1.7755,7/8/23 4:59,1.53,RIE,Promote Report Recall
20230807,1773545034016770 ,PK,PK,,1/1/00 0:00,,0.4075,7/8/23 4:59,1.36,Auction Ads,auction_relation
20230807,1773545073084490 ,VN,VN,,1/1/00 0:00,,0.5645,7/8/23 4:59,2.14,Auction Ads,auction_relation
20230807,1773542348807160 ,TH,TH,,1/1/00 0:00,29.1754,37.7791,7/8/23 5:00,1.64,Auction Ads,auction_relation
20230807,1773542701189130 ,TH,TH,,1/1/00 0:00,28.8517,37.7791,7/8/23 5:00,1.64,Auction Ads,auction_relation
20230807,1773544730536970 ,PK,PK,,1/1/00 0:00,,0.4075,7/8/23 4:59,1.36,Auction Ads,auction_relation
20230807,1773550056072220 ,GB,GB,,1/1/00 0:00,189.3961,491.9031,7/8/23 6:19,1.76,Auction Ads,auction_relation
20230807,1773530063977520 ,HU,Other,,1/1/00 0:00,22.9719,28.3747,7/8/23 5:00,1.62,RIE,Ad Group Recall (Merged)
20230807,1773530063745070 ,HU,Other,,1/1/00 0:00,62.3726,28.3747,7/8/23 5:00,1.62,RIE,Ad Group Recall (Merged)
20230807,1773530058941470 ,HU,Other,,1/1/00 0:00,24.4801,28.3747,7/8/23 5:00,1.62,RIE,Ad Group Recall (Merged)
20230807,1773530058950700 ,HU,Other,,1/1/00 0:00,24.0057,28.3747,7/8/23 5:00,1.62,RIE,Ad Group Recall (Merged)
20230807,1773530063757360 ,HU,Other,,1/1/00 0:00,23.3451,28.3747,7/8/23 5:00,1.62,RIE,Ad Group Recall (Merged)
20230807,1773529200023600 ,HU,Other,,1/1/00 0:00,111.1653,28.3747,7/8/23 5:00,1.62,RIE,Ad Group Recall (Merged)
20230807,1773530056198160 ,HU,Other,,1/1/00 0:00,58.5717,28.3747,7/8/23 5:00,1.62,RIE,Ad Group Recall (Merged)
20230807,1773530063752200 ,HU,Other,,1/1/00 0:00,61.4431,28.3747,7/8/23 5:00,1.62,RIE,Ad Group Recall (Merged)
20230807,1773530063971340 ,HU,Other,,1/1/00 0:00,24.9186,28.3747,7/8/23 5:00,1.62,RIE,Ad Group Recall (Merged)
20230807,1773530063739920 ,HU,Other,,1/1/00 0:00,177.4259,28.3747,7/8/23 5:00,1.62,RIE,Ad Group Recall (Merged)
20230807,1773530053625880 ,HU,Other,,1/1/00 0:00,88.7737,28.3747,7/8/23 5:00,1.62,RIE,Ad Group Recall (Merged)
20230807,1773546179106830 ,TH,TH,,1/1/00 0:00,13.73,41.7917,7/8/23 5:02,1.64,Auction Ads,auction_relation
20230807,1773546179106830 ,TH,TH,,1/1/00 0:00,13.73,41.7917,7/8/23 5:02,1.64,Auction Ads,auction_relation
20230807,1773545946398750 ,SA,MENA,,1/1/00 0:00,106.39,62.3521,7/8/23 5:09,1.78,Auction Ads,auction_relation
20230807,1773543288738860 ,US,USCA,,1/1/00 0:00,1.61,12.2929,7/8/23 5:00,1.78,Auction Ads,auction_relation
20230807,1773542857215010 ,US,USCA,,1/1/00 0:00,6.93,12.2929,7/8/23 5:00,1.78,Auction Ads,auction_relation
20230807,1773499182888990 ,NO,Others,,1/1/00 0:00,12.49,10.7731,7/8/23 5:00,1.56,Auction Ads,auction_all
20230807,1773514599005180 ,IE,IE,,1/1/00 0:00,25.2,10.6723,7/8/23 5:00,1.52,Auction Ads,auction_relation
20230807,1773514509760520 ,DE,DE,,1/1/00 0:00,5.16,10.6723,7/8/23 5:00,1.01,Auction Ads,auction_relation
20230807,1773513595186220 ,DE,DE,,1/1/00 0:00,4.94,10.6723,7/8/23 5:00,1.01,Auction Ads,auction_relation
20230807,1773512957839370 ,MA,MA,,1/1/00 0:00,16.59,10.6723,7/8/23 5:00,1.51,Auction Ads,auction_relation
20230807,1773544716828720 ,US,US&CA,,1/1/00 0:00,14.78,10,7/8/23 5:00,1.81,RIE,Ad Group Recall (Merged)
20230807,1773495414061130 ,CA,US&CA,,1/1/00 0:00,22.82,9.7972,7/8/23 5:00,1.81,RIE,Ad Group Recall (Merged)
20230807,1773525616885790 ,NL,Other,,1/1/00 0:00,243.5052,9.4138,7/8/23 5:00,1.62,RIE,Ad Group Recall (Merged)
20230807,1773525616885790 ,BE,Other,,1/1/00 0:00,243.5052,9.4138,7/8/23 5:00,1.62,RIE,Ad Group Recall (Merged)
20230807,1773525444392970 ,NL,Other,,1/1/00 0:00,39.629,9.4138,7/8/23 5:00,1.62,RIE,Ad Group Recall (Merged)
20230807,1773537251147820 ,CA,US&CA,,1/1/00 0:00,3.82,5.9352,7/8/23 5:00,1.81,RIE,Ad Group Recall (Merged)
20230807,1773537186925600 ,CA,US&CA,,1/1/00 0:00,15.53,5.9352,7/8/23 5:00,1.81,RIE,Ad Group Recall (Merged)
20230807,1773537181062140 ,CA,US&CA,,1/1/00 0:00,4.97,5.9352,7/8/23 5:00,1.81,RIE,Ad Group Recall (Merged)
20230807,1773537083955200 ,US,US&CA,,1/1/00 0:00,4.83,5.9352,7/8/23 5:00,1.81,RIE,Ad Group Recall (Merged)
20230807,1773537186925600 ,US,US&CA,,1/1/00 0:00,15.53,5.9352,7/8/23 5:00,1.81,RIE,Ad Group Recall (Merged)
20230807,1773537083955200 ,CA,US&CA,,1/1/00 0:00,4.83,5.9352,7/8/23 5:00,1.81,RIE,Ad Group Recall (Merged)
20230807,1773537251147820 ,US,US&CA,,1/1/00 0:00,3.82,5.9352,7/8/23 5:00,1.81,RIE,Ad Group Recall (Merged)
20230807,1773537181062140 ,US,US&CA,,1/1/00 0:00,4.97,5.9352,7/8/23 5:00,1.81,RIE,Ad Group Recall (Merged)
20230807,1773511559999490 ,US,US&CA,,1/1/00 0:00,77.3,5.6922,7/8/23 5:00,1.81,RIE,Ad Group Recall (Merged)
20230807,1773491314263080 ,CA,US&CA,,1/1/00 0:00,33.04,6.7367,7/8/23 5:00,1.81,RIE,Ad Group Recall (Merged)
20230807,1773537387996170 ,CA,US&CA,,1/1/00 0:00,,4.9553,7/8/23 5:00,1.81,RIE,Ad Group Recall (Merged)
20230807,1773537387996170 ,US,US&CA,,1/1/00 0:00,,4.9553,7/8/23 5:00,1.81,RIE,Ad Group Recall (Merged)
20230807,1773501706342400 ,SA,MENA,,1/1/00 0:00,20.57,4.9072,7/8/23 5:00,1.67,RIE,Ad Group Recall (Merged)
20230807,1773504240076810 ,SA,MENA,,1/1/00 0:00,7.51,4.9072,7/8/23 5:00,1.78,Auction Ads,auction_relation
20230807,1773542471569450 ,US,USCA,,1/1/00 0:00,4.95,3.9367,7/8/23 5:00,1.78,Auction Ads,auction_relation
20230807,1773539426008080 ,US,USCA,,1/1/00 0:00,9.62,3.887,7/8/23 5:00,1.78,Auction Ads,auction_relation
20230807,1773538866836510 ,CA,USCA,,1/1/00 0:00,6.89,3.8867,7/8/23 5:00,1.78,Auction Ads,auction_relation
20230807,1773527962560510 ,AU,AU,,1/1/00 0:00,,3.7899,7/8/23 5:00,1.84,Auction Ads,auction_relation
20230807,1773530005432350 ,AU,AU,,1/1/00 0:00,1.05,3.7899,7/8/23 5:00,1.84,Auction Ads,auction_relation
20230807,1773530025743360 ,AU,AU,,1/1/00 0:00,0.89,3.7899,7/8/23 5:00,1.84,Auction Ads,auction_relation
20230807,1773517777957930 ,NL,Other,,1/1/00 0:00,9.3246,3.3825,7/8/23 5:00,1.62,RIE,Ad Group Recall (Merged)
20230807,1773523493489710 ,FR,FR,,1/1/00 0:00,,3.1287,7/8/23 5:00,1.97,Auction Ads,auction_relation
20230807,1773554449741850 ,ES,ES,,1/1/00 0:00,8.34,5.7286,7/8/23 5:00,1.37,Auction Ads,auction_relation
20230807,1773554322420750 ,ES,ES,,1/1/00 0:00,3.6,5.7286,7/8/23 5:00,1.37,Auction Ads,auction_relation
20230807,1773535900573710 ,CA,US&CA,,1/1/00 0:00,19.49,2.226,7/8/23 5:00,1.81,RIE,Ad Group Recall (Merged)
20230807,1773535734507520 ,AU,AU,,1/1/00 0:00,3.52,2.226,7/8/23 5:00,1.84,RIE,Ad Group Recall (Merged)
20230807,1773535900573710 ,AU,AU,,1/1/00 0:00,19.49,2.226,7/8/23 5:00,1.84,RIE,Ad Group Recall (Merged)
20230807,1773535584984110 ,GB,GB,,1/1/00 0:00,3.19,2.226,7/8/23 5:00,1.72,RIE,Ad Group Recall (Merged)
20230807,1773535941618730 ,GB,GB,,1/1/00 0:00,2.47,2.226,7/8/23 5:00,1.72,RIE,Ad Group Recall (Merged)
20230807,1773535974006800 ,AU,AU,,1/1/00 0:00,16.43,2.226,7/8/23 5:00,1.84,RIE,Ad Group Recall (Merged)
20230807,1773535900559390 ,AU,AU,,1/1/00 0:00,2.37,2.226,7/8/23 5:00,1.84,RIE,Ad Group Recall (Merged)
20230807,1773535969546270 ,AU,AU,,1/1/00 0:00,3.19,2.226,7/8/23 5:00,1.84,RIE,Ad Group Recall (Merged)
20230807,1773535713351710 ,AU,AU,,1/1/00 0:00,2.28,2.226,7/8/23 5:00,1.84,RIE,Ad Group Recall (Merged)
20230807,1773535959085100 ,AU,AU,,1/1/00 0:00,2.11,2.226,7/8/23 5:00,1.84,RIE,Ad Group Recall (Merged)
20230807,1773535726321660 ,AU,AU,,1/1/00 0:00,20.61,2.226,7/8/23 5:00,1.84,RIE,Ad Group Recall (Merged)
20230807,1773535974021120 ,AU,AU,,1/1/00 0:00,17,2.226,7/8/23 5:00,1.84,RIE,Ad Group Recall (Merged)
20230807,1773535900573710 ,US,US&CA,,1/1/00 0:00,19.49,2.226,7/8/23 5:00,1.81,RIE,Ad Group Recall (Merged)
20230807,1773535584984110 ,US,US&CA,,1/1/00 0:00,3.19,2.226,7/8/23 5:00,1.81,RIE,Ad Group Recall (Merged)
20230807,1773535584984110 ,AU,AU,,1/1/00 0:00,3.19,2.226,7/8/23 5:00,1.84,RIE,Ad Group Recall (Merged)
20230807,1773535900573710 ,GB,GB,,1/1/00 0:00,19.49,2.226,7/8/23 5:00,1.72,RIE,Ad Group Recall (Merged)
20230807,1773535726321660 ,CA,USCA,,1/1/00 0:00,20.61,2.226,7/8/23 5:00,1.78,Auction Ads,auction_relation
20230807,1773535726297120 ,AU,AU,,1/1/00 0:00,3.02,2.226,7/8/23 5:00,1.84,RIE,Ad Group Recall (Merged)
20230807,1773535940206590 ,GB,GB,,1/1/00 0:00,2.51,2.226,7/8/23 5:00,1.76,Auction Ads,auction_relation
20230807,1773527269320730 ,DE,DE,,1/1/00 0:00,33.149,7.7852,7/8/23 5:00,1.01,Auction Ads,auction_relation
20230807,1773537077175340 ,GB,GB,,1/1/00 0:00,23.18,2.9452,7/8/23 5:00,1.76,Auction Ads,auction_relation
20230807,1773546872211500 ,VN,VN,,1/1/00 0:00,0.0961,1.6646,7/8/23 5:00,2.14,Auction Ads,auction_relation
20230807,1773526777690140 ,DE,DE,,1/1/00 0:00,33.0379,7.7852,7/8/23 5:00,1.01,Auction Ads,auction_relation
20230807,1773544292254720 ,BR,,,1/1/00 0:00,8.8869,4.5774,7/8/23 5:00,0.54,Non-Auction Ads,Promote
20230807,1773569487524880 ,AU,AU,,1/1/00 0:00,1.49,7.7175,7/8/23 5:00,1.84,RIE,Ad Group Recall (Merged)
20230807,1773570935847930 ,US,USCA,,1/1/00 0:00,1.39,7.7175,7/8/23 5:00,1.78,Auction Ads,auction_relation
20230807,1773519446349840 ,SA,MENA,,1/1/00 0:00,,5.4952,7/8/23 5:00,1.78,Auction Ads,auction_relation
20230807,1773508750890010 ,MA,Other,,1/1/00 0:00,0.54,0,7/8/23 5:00,1.62,RIE,Ad Group Recall (Merged)
20230807,1772672186356730 ,US,US&CA,,1/1/00 0:00,449.57,0,7/8/23 5:00,1.81,RIE,Ad Group Recall (Merged)
20230807,1773464187592700 ,SA,,,1/1/00 0:00,0.024,0.002,7/8/23 5:00,0.54,Non-Auction Ads,Promote
20230807,1773540371213330 ,TH,TH,,1/1/00 0:00,6.9592,2.2009,7/8/23 5:00,1.64,Auction Ads,auction_relation
20230807,1773545106351100 ,GB,,,1/1/00 0:00,9.4474,3.2089,7/8/23 5:00,1.53,RIE,Promote Report Recall
20230807,1773553750567980 ,IT,IT,,1/1/00 0:00,3.23,5.7286,7/8/23 5:00,1.36,Auction Ads,auction_relation
20230807,1773545110266880 ,SA,,,1/1/00 0:00,11.6885,1.2433,7/8/23 5:00,0.54,Non-Auction Ads,Promote
20230807,1773558177379340 ,MX,MX,,1/1/00 0:00,,5.7286,7/8/23 5:00,1.99,Auction Ads,auction_all
20230807,1773558177379340 ,MX,MX,,1/1/00 0:00,,5.7286,7/8/23 5:00,1.99,Auction Ads,auction_all
20230807,1773541798917130 ,ID,ID,,1/1/00 0:00,2.6662,1.0452,7/8/23 5:00,1.8,Auction Ads,auction_relation
20230807,1773545054403580 ,TH,,,1/1/00 0:00,59.9108,1.1801,7/8/23 5:00,0.54,Non-Auction Ads,Promote
20230807,1773541790964730 ,BE,BE,,1/1/00 0:00,31.8795,5.9185,7/8/23 5:00,1.15,Auction Ads,auction_relation
20230807,1773541790964730 ,BE,BE,,1/1/00 0:00,31.8795,5.9185,7/8/23 5:00,1.15,Auction Ads,auction_relation
20230807,1773541790964730 ,GB,GB,,1/1/00 0:00,31.8795,5.9185,7/8/23 5:00,1.76,Auction Ads,auction_relation
20230807,1773541790964730 ,BE,BE,,1/1/00 0:00,31.8795,5.9185,7/8/23 5:00,1.15,Auction Ads,auction_relation
20230807,1773553879111690 ,IT,IT,,1/1/00 0:00,,5.7286,7/8/23 5:00,1.36,Auction Ads,auction_relation
20230807,1773518823174170 ,SA,MENA,,1/1/00 0:00,17.81,5.5985,7/8/23 5:01,1.78,Auction Ads,auction_relation
20230807,1773545337091080 ,GB,GB,,1/1/00 0:00,1.99,1.3433,7/8/23 5:01,1.76,Auction Ads,auction_relation
20230807,1773545148871730 ,AE,MENA,,1/1/00 0:00,1.75,1.9359,7/8/23 5:01,1.78,Auction Ads,auction_relation
20230807,1773545063899170 ,HU,,,1/1/00 0:00,2.5293,0.6296,7/8/23 5:01,1.53,RIE,Promote Report Recall
20230807,1773516509701120 ,TR,,,1/1/00 0:00,3.8375,0.956,7/8/23 5:01,0.54,Non-Auction Ads,Promote
20230807,1773545153422380 ,CA,USCA,,1/1/00 0:00,1.11,1.6246,7/8/23 5:01,1.78,Auction Ads,auction_relation
20230807,1773545152656400 ,GB,GB,,1/1/00 0:00,1.56,1.9359,7/8/23 5:01,1.76,Auction Ads,auction_relation
20230807,1773545141864460 ,AE,MENA,,1/1/00 0:00,1.78,1.9359,7/8/23 5:01,1.78,Auction Ads,auction_relation
20230807,1773545094149120 ,ID,,,1/1/00 0:00,49.2397,3.0798,7/8/23 5:01,0.54,Non-Auction Ads,Promote
20230807,1773545158437920 ,CA,USCA,,1/1/00 0:00,2.37,1.6246,7/8/23 5:01,1.78,Auction Ads,auction_relation
20230807,1773545164707840 ,CA,USCA,,1/1/00 0:00,1.84,1.6246,7/8/23 5:01,1.78,Auction Ads,auction_relation
20230807,1773545164704760 ,GB,GB,,1/1/00 0:00,1.42,1.6246,7/8/23 5:01,1.76,Auction Ads,auction_relation
20230807,1773545204625410 ,SA,,,1/1/00 0:00,12.6186,4.4297,7/8/23 5:01,0.54,Non-Auction Ads,Promote
20230807,1773545171864600 ,CA,USCA,,1/1/00 0:00,1.33,1.6246,7/8/23 5:01,1.78,Auction Ads,auction_relation
20230807,1773545183468570 ,FR,FR,,1/1/00 0:00,,3.263,7/8/23 5:01,1.97,Auction Ads,auction_relation
20230807,1773545648228350 ,VN,VN,,1/1/00 0:00,0.1914,1.2818,7/8/23 5:01,2.14,Auction Ads,auction_relation
20230807,1773545183650810 ,FR,FR,,1/1/00 0:00,2.94,3.263,7/8/23 5:01,1.97,Auction Ads,auction_relation
20230807,1773545177581570 ,GB,GB,,1/1/00 0:00,2.04,1.4073,7/8/23 5:01,1.76,Auction Ads,auction_relation
20230807,1773545238896640 ,VN,,,1/1/00 0:00,4.3861,4.8247,7/8/23 5:02,1.53,RIE,Promote Report Recall
20230807,1773545128211480 ,GB,GB,,1/1/00 0:00,2.02,1.4073,7/8/23 5:01,1.76,Auction Ads,auction_relation
20230807,1773516567180290 ,TR,,,1/1/00 0:00,0.7313,0.1704,7/8/23 5:01,0.54,Non-Auction Ads,Promote
20230807,1773545046336510 ,FR,,,1/1/00 0:00,5.6233,1.8479,7/8/23 5:02,0.54,Non-Auction Ads,Promote
20230807,1773545046336510 ,FR,,,1/1/00 0:00,5.6233,1.8479,7/8/23 5:02,1.53,RIE,Promote Report Recall
20230807,1773518969129980 ,SA,MENA,,1/1/00 0:00,18.04,5.5985,7/8/23 5:03,1.78,Auction Ads,auction_relation
20230807,1773516694768640 ,TR,,,1/1/00 0:00,2.8009,0.5277,7/8/23 5:02,0.54,Non-Auction Ads,Promote
20230807,1773544951617540 ,BR,,,1/1/00 0:00,2.4562,0.7513,7/8/23 5:02,0.54,Non-Auction Ads,Promote
20230807,1773524387867660 ,SG,SG,,1/1/00 0:00,6.89,6.5929,7/8/23 5:05,1.94,Auction Ads,auction_relation
20230807,1773544687388800 ,TH,,,1/1/00 0:00,10,9.01,7/8/23 5:05,1.53,RIE,Promote Report Recall
20230807,1773546897020940 ,IQ,Others,,1/1/00 0:00,,6.1084,7/8/23 5:05,1.56,Auction Ads,auction_all
20230807,1773541844093980 ,PE,PE,,1/1/00 0:00,6.84,1.329,7/8/23 5:02,1.68,Auction Ads,auction_all
20230807,1773541611156490 ,US,US&CA,,1/1/00 0:00,2.2,0,7/8/23 5:02,1.81,RIE,Ad Group Recall (Merged)
20230807,1773541611156490 ,CA,US&CA,,1/1/00 0:00,2.2,0,7/8/23 5:02,1.81,RIE,Ad Group Recall (Merged)
20230807,1773550412448760 ,VN,VN,,1/1/00 0:00,,1.401,7/8/23 5:02,2.14,Auction Ads,auction_relation
20230807,1773544864362500 ,US,,,1/1/00 0:00,0,2.5,7/8/23 5:04,0.54,Non-Auction Ads,Promote
20230807,1773373827368960 ,SA,,,1/1/00 0:00,1.4857,0.2616,7/8/23 5:02,0.54,Non-Auction Ads,Promote
20230807,1773545781596170 ,ID,ID,,1/1/00 0:00,5.2437,2.7176,7/8/23 5:04,1.8,Auction Ads,auction_relation
20230807,1773545412640800 ,TH,TH,,1/1/00 0:00,2.4259,2.3785,7/8/23 5:04,1.64,Auction Ads,auction_relation
20230807,1773538251963390 ,PH,,,1/1/00 0:00,0.7265,0.2893,7/8/23 5:03,0.54,Non-Auction Ads,Promote
20230807,1773545261372410 ,MY,,,1/1/00 0:00,9.9761,1.6764,7/8/23 5:05,1.53,RIE,Promote Report Recall
20230807,1773545674421280 ,VN,VN,,1/1/00 0:00,6.5271,3.4433,7/8/23 5:05,2.14,Auction Ads,auction_relation
20230807,1773546576308250 ,ID,ID,,1/1/00 0:00,,0.533,7/8/23 5:05,1.8,Auction Ads,auction_relation
20230807,1773545430203390 ,VN,,,1/1/00 0:00,3.3239,1.3358,7/8/23 5:05,1.53,RIE,Promote Report Recall
20230807,1773545331678200 ,ID,,,1/1/00 0:00,8.4358,2.475,7/8/23 5:05,0.54,Non-Auction Ads,Promote
20230807,1773545807860760 ,ID,ID,,1/1/00 0:00,12.5159,10.4761,7/8/23 5:07,1.8,Auction Ads,auction_relation
20230807,1773516954330110 ,TR,,,1/1/00 0:00,1.9279,0.216,7/8/23 5:05,0.54,Non-Auction Ads,Promote
20230807,1773545232032770 ,US,,,1/1/00 0:00,4.46,6.0838,7/8/23 5:07,0.54,Non-Auction Ads,Promote
20230807,1773546477023260 ,ID,ID,,1/1/00 0:00,10.2841,1.7596,7/8/23 5:06,1.8,Auction Ads,auction_relation
20230807,1773516994952190 ,TR,,,1/1/00 0:00,5.2169,0.8384,7/8/23 5:05,0.54,Non-Auction Ads,Promote
20230807,1773547850408970 ,BR,BR,,1/1/00 0:00,55.8,190.1827,7/8/23 5:42,1.7,RIE,Ad Group Recall (Merged)
20230807,1773547850408970 ,BR,BR,,1/1/00 0:00,55.8,190.1827,7/8/23 5:42,1.99,Auction Ads,auction_all
20230807,1773545810777090 ,PK,PK,,1/1/00 0:00,9.62,1.2761,7/8/23 5:06,1.36,Auction Ads,auction_relation
20230807,1773545482609660 ,ES,,,1/1/00 0:00,4.4352,1.3212,7/8/23 5:06,1.53,RIE,Promote Report Recall
20230807,1773538836790270 ,PH,,,1/1/00 0:00,0.3143,0.1051,7/8/23 5:06,0.54,Non-Auction Ads,Promote
20230807,1773520748711940 ,DK,,,1/1/00 0:00,0.9475,1.0314,7/8/23 5:06,0.54,Non-Auction Ads,Promote
20230807,1773545354342400 ,ID,,,1/1/00 0:00,1.7364,0.4266,7/8/23 5:06,1.53,RIE,Promote Report Recall
20230807,1773545192702970 ,ID,,,1/1/00 0:00,3.5163,0.586,7/8/23 5:06,1.53,RIE,Promote Report Recall
20230807,1773545995367470 ,PH,Other,,1/1/00 0:00,0.11,2.0514,7/8/23 5:07,1.62,RIE,Ad Group Recall (Merged)
20230807,1773545995367470 ,PH,Other,,1/1/00 0:00,0.11,2.0514,7/8/23 5:07,1.62,RIE,Ad Group Recall (Merged)
20230807,1773545847354370 ,TH,TH,,1/1/00 0:00,12.0752,2.3785,7/8/23 5:07,1.64,Auction Ads,auction_relation
20230807,1773544037960700 ,TH,,,1/1/00 0:00,1.4079,0.2451,7/8/23 5:06,0.54,Non-Auction Ads,Promote
20230807,1773545669866510 ,PK,PK,,1/1/00 0:00,3.97,3.7858,7/8/23 5:07,1.36,Auction Ads,auction_relation
20230807,1773521314444330 ,DK,DK,,1/1/00 0:00,13.17,6.5929,7/8/23 5:08,1.31,Auction Ads,auction_relation
20230807,1773521314444330 ,IE,IE,,1/1/00 0:00,13.17,6.5929,7/8/23 5:08,1.52,Auction Ads,auction_relation
20230807,1773521314444330 ,ES,ES,,1/1/00 0:00,13.17,6.5929,7/8/23 5:08,1.37,Auction Ads,auction_relation
20230807,1773521314444330 ,DE,DE,,1/1/00 0:00,13.17,6.5929,7/8/23 5:08,1.01,Auction Ads,auction_relation
20230807,1773521314444330 ,RO,RO,,1/1/00 0:00,13.17,6.5929,7/8/23 5:08,1.94,Auction Ads,auction_relation
20230807,1773521314444330 ,NO,Others,,1/1/00 0:00,13.17,6.5929,7/8/23 5:08,1.56,Auction Ads,auction_all
20230807,1773548395158540 ,ID,ID,,1/1/00 0:00,0.6701,1.2563,7/8/23 5:07,1.8,Auction Ads,auction_relation
20230807,1773545607326770 ,TW,TW,,1/1/00 0:00,0.02,0.7221,7/8/23 5:07,0.95,Auction Ads,auction_relation
20230807,1773568368965630 ,IT,IT,,1/1/00 0:00,14.31,5.6708,7/8/23 5:08,1.36,Auction Ads,auction_relation
20230807,1773545423055870 ,SA,,,1/1/00 0:00,2.9295,1.1541,7/8/23 5:07,1.53,RIE,Promote Report Recall
20230807,1773545721142300 ,PK,PK,,1/1/00 0:00,0.32,0.3604,7/8/23 5:07,1.36,Auction Ads,auction_relation
20230807,1773545640738820 ,TH,,,1/1/00 0:00,10.09,9.1843,7/8/23 5:09,1.53,RIE,Promote Report Recall
20230807,1773545568411660 ,TH,TH,,1/1/00 0:00,,4.4646,7/8/23 5:08,1.64,Auction Ads,auction_relation
20230807,1773544799838210 ,US,,,1/1/00 0:00,4.26,1.9636,7/8/23 5:08,0.54,Non-Auction Ads,Promote
20230807,1773547713565730 ,VN,VN,,1/1/00 0:00,,3.446,7/8/23 5:08,2.14,Auction Ads,auction_relation
20230807,1773545597820920 ,VN,,,1/1/00 0:00,3.1296,1.869,7/8/23 5:08,1.53,RIE,Promote Report Recall
20230807,1773545516337150 ,KH,,,1/1/00 0:00,4.6576,0.6802,7/8/23 5:08,0.54,Non-Auction Ads,Promote
20230807,1773546621270050 ,BR,BR,,1/1/00 0:00,16.49,82.9425,7/8/23 5:23,1.99,Auction Ads,auction_all
20230807,1773543441078320 ,ID,ID,,1/1/00 0:00,21.2471,9.86,7/8/23 5:10,1.8,Auction Ads,auction_relation
20230807,1773548073531390 ,VN,VN,,1/1/00 0:00,,0.5645,7/8/23 5:08,2.14,Auction Ads,auction_relation
20230807,1773548097977390 ,VN,VN,,1/1/00 0:00,,0.5645,7/8/23 5:08,2.14,Auction Ads,auction_relation
20230807,1773522168201260 ,GB,GB,,1/1/00 0:00,28.77,6.5929,7/8/23 5:10,1.76,Auction Ads,auction_relation
20230807,1773522168201260 ,HU,Others,,1/1/00 0:00,28.77,6.5929,7/8/23 5:10,1.56,Auction Ads,auction_all
20230807,1773522168201260 ,RO,RO,,1/1/00 0:00,28.77,6.5929,7/8/23 5:10,1.94,Auction Ads,auction_relation
20230807,1773522168201260 ,PT,PT,,1/1/00 0:00,28.77,6.5929,7/8/23 5:10,1.98,Auction Ads,auction_relation
20230807,1773522168201260 ,DE,DE,,1/1/00 0:00,28.77,6.5929,7/8/23 5:10,1.01,Auction Ads,auction_relation
20230807,1773522168201260 ,BE,BE,,1/1/00 0:00,28.77,6.5929,7/8/23 5:10,1.15,Auction Ads,auction_relation
20230807,1773522168201260 ,NL,NL,,1/1/00 0:00,28.77,6.5929,7/8/23 5:10,1.19,Auction Ads,auction_relation
20230807,1773522168201260 ,IT,IT,,1/1/00 0:00,28.77,6.5929,7/8/23 5:10,1.36,Auction Ads,auction_relation
20230807,1773522168201260 ,FI,Others,,1/1/00 0:00,28.77,6.5929,7/8/23 5:10,1.56,Auction Ads,auction_all
20230807,1773522168201260 ,ES,ES,,1/1/00 0:00,28.77,6.5929,7/8/23 5:10,1.37,Auction Ads,auction_relation
20230807,1773544377249790 ,CA,,,1/1/00 0:00,1.5701,1.2978,7/8/23 5:09,0.54,Non-Auction Ads,Promote
20230807,1773546020443160 ,TH,TH,,1/1/00 0:00,,0,7/8/23 5:09,1.87,RIE,Ad Group Recall (Merged)
20230807,1773546020443160 ,TH,TH,,1/1/00 0:00,,0,7/8/23 5:09,1.64,Auction Ads,auction_relation
20230807,1773545561815040 ,ID,,,1/1/00 0:00,0.8541,0.157,7/8/23 5:09,1.53,RIE,Promote Report Recall
20230807,1773568488444960 ,FR,FR,,1/1/00 0:00,14.58,5.6708,7/8/23 5:10,1.97,Auction Ads,auction_relation
20230807,1773545722654720 ,TH,,,1/1/00 0:00,37.7228,19.2479,7/8/23 5:11,0.54,Non-Auction Ads,Promote
20230807,1773545530888190 ,TH,,,1/1/00 0:00,4.85,2.6883,7/8/23 5:10,1.53,RIE,Promote Report Recall
20230807,1773538860860410 ,PH,,,1/1/00 0:00,0.767,0.8141,7/8/23 5:10,0.54,Non-Auction Ads,Promote
20230807,1773544114966520 ,TH,,,1/1/00 0:00,0.8799,0.9681,7/8/23 5:10,0.54,Non-Auction Ads,Promote
20230807,1773545837056050 ,DK,DK,,1/1/00 0:00,,5.2325,7/8/23 5:10,1.31,Auction Ads,auction_relation
20230807,1773545837056050 ,AU,AU,,1/1/00 0:00,,5.2325,7/8/23 5:10,1.84,Auction Ads,auction_relation
20230807,1773545837056050 ,IE,IE,,1/1/00 0:00,,5.2325,7/8/23 5:10,1.52,Auction Ads,auction_relation
20230807,1773545837056050 ,US,USCA,,1/1/00 0:00,,5.2325,7/8/23 5:10,1.78,Auction Ads,auction_relation
20230807,1773545837056050 ,NL,NL,,1/1/00 0:00,,5.2325,7/8/23 5:10,1.19,Auction Ads,auction_relation
20230807,1773545837056050 ,SE,SE,,1/1/00 0:00,,5.2325,7/8/23 5:10,1.4,Auction Ads,auction_relation
20230807,1773545837056050 ,GB,GB,,1/1/00 0:00,,5.2325,7/8/23 5:10,1.76,Auction Ads,auction_relation
20230807,1773545837056050 ,NO,Others,,1/1/00 0:00,,5.2325,7/8/23 5:10,1.56,Auction Ads,auction_all
20230807,1773545837056050 ,NZ,NZ,,1/1/00 0:00,,5.2325,7/8/23 5:10,1.58,Auction Ads,auction_relation
20230807,1773545837056050 ,IL,IL,,1/1/00 0:00,,5.2325,7/8/23 5:10,1.52,Auction Ads,auction_relation
20230807,1773545837056050 ,CA,USCA,,1/1/00 0:00,,5.2325,7/8/23 5:10,1.78,Auction Ads,auction_relation
20230807,1773558436112430 ,CA,USCA,,1/1/00 0:00,216.33,1770.9824,7/8/23 9:31,1.78,Auction Ads,auction_relation
20230807,1773545862839320 ,JO,Others,,1/1/00 0:00,11.89,2.6214,7/8/23 5:10,1.56,Auction Ads,auction_all
20230807,1773545862839320 ,ID,ID,,1/1/00 0:00,11.89,2.6214,7/8/23 5:10,1.8,Auction Ads,auction_relation
20230807,1773545862839320 ,BR,BR,,1/1/00 0:00,11.89,2.6214,7/8/23 5:10,1.99,Auction Ads,auction_all
20230807,1773545862839320 ,SA,MENA,,1/1/00 0:00,11.89,2.6214,7/8/23 5:10,1.78,Auction Ads,auction_relation
20230807,1773545862839320 ,SA,MENA,,1/1/00 0:00,11.89,2.6214,7/8/23 5:10,1.78,Auction Ads,auction_relation
20230807,1773545862839320 ,EG,MENA,,1/1/00 0:00,11.89,2.6214,7/8/23 5:10,1.78,Auction Ads,auction_relation
20230807,1773545862839320 ,PK,PK,,1/1/00 0:00,11.89,2.6214,7/8/23 5:10,1.36,Auction Ads,auction_relation
20230807,1773545862839320 ,MY,MY,,1/1/00 0:00,11.89,2.6214,7/8/23 5:10,2.31,Auction Ads,auction_relation
20230807,1773545862839320 ,PH,PH,,1/1/00 0:00,11.89,2.6214,7/8/23 5:10,2.46,Auction Ads,auction_relation
20230807,1773545797955580 ,JP,,,1/1/00 0:00,163.5855,9.0624,7/8/23 5:11,0.54,Non-Auction Ads,Promote
20230807,1773568433736730 ,US,USCA,,1/1/00 0:00,0.88,1.221,7/8/23 5:11,1.78,Auction Ads,auction_relation
20230807,1773549528641530 ,TH,TH,,1/1/00 0:00,0.06,0.7706,7/8/23 5:10,1.64,Auction Ads,auction_relation
20230807,1773539772883970 ,PH,,,1/1/00 0:00,0.5887,0.3293,7/8/23 5:10,0.54,Non-Auction Ads,Promote
20230807,1773568434393100 ,US,USCA,,1/1/00 0:00,1.02,1.221,7/8/23 5:11,1.78,Auction Ads,auction_relation
20230807,1773545779655680 ,BR,,,1/1/00 0:00,1.0486,0.7946,7/8/23 5:11,1.53,RIE,Promote Report Recall
20230807,1773516664376320 ,TR,,,1/1/00 0:00,1.9474,0.216,7/8/23 5:11,0.54,Non-Auction Ads,Promote
20230807,1773568427341870 ,US,USCA,,1/1/00 0:00,1.13,1.221,7/8/23 5:11,1.78,Auction Ads,auction_relation
20230807,1773568444309520 ,US,USCA,,1/1/00 0:00,1.12,1.221,7/8/23 5:11,1.78,Auction Ads,auction_relation
20230807,1773568447406090 ,US,USCA,,1/1/00 0:00,1.05,1.221,7/8/23 5:11,1.78,Auction Ads,auction_relation
20230807,1773545544279040 ,US,,,1/1/00 0:00,2.93,1.1856,7/8/23 5:11,0.54,Non-Auction Ads,Promote
20230807,1773568450743290 ,US,USCA,,1/1/00 0:00,2.94,1.221,7/8/23 5:11,1.78,Auction Ads,auction_relation
20230807,1773547501681690 ,BR,BR,,1/1/00 0:00,33.94,127.4004,7/8/23 5:38,1.99,Auction Ads,auction_all
20230807,1773546197486610 ,ID,ID,,1/1/00 0:00,0.44,0.6981,7/8/23 5:11,1.8,Auction Ads,auction_relation
20230807,1773568458648610 ,US,USCA,,1/1/00 0:00,0.95,1.221,7/8/23 5:11,1.78,Auction Ads,auction_relation
20230807,1773568344530970 ,US,USCA,,1/1/00 0:00,1,1.221,7/8/23 5:11,1.78,Auction Ads,auction_relation
20230807,1773539997727740 ,PH,,,1/1/00 0:00,0.4332,0.2464,7/8/23 5:11,0.54,Non-Auction Ads,Promote
20230807,1773546162009090 ,US,,,1/1/00 0:00,319.2316,37.6017,7/8/23 5:18,0.54,Non-Auction Ads,Promote
20230807,1773568480025630 ,US,USCA,,1/1/00 0:00,0.91,1.221,7/8/23 5:11,1.78,Auction Ads,auction_relation
20230807,1773461662319610 ,VN,,,1/1/00 0:00,0.6719,0.19,7/8/23 5:11,0.54,Non-Auction Ads,Promote
20230807,1773546645322780 ,TH,TH,,1/1/00 0:00,22.57,41.7917,7/8/23 5:20,1.64,Auction Ads,auction_relation
20230807,1773521746377770 ,IT,IT,,1/1/00 0:00,5.92,6.5929,7/8/23 5:12,1.36,Auction Ads,auction_relation
20230807,1773521746377770 ,IE,IE,,1/1/00 0:00,5.92,6.5929,7/8/23 5:12,1.52,Auction Ads,auction_relation
20230807,1773523253227520 ,ES,ES,,1/1/00 0:00,28.57,6.5929,7/8/23 5:12,1.79,RIE,Ad Group Recall (Merged)
20230807,1773521746377770 ,ES,ES,,1/1/00 0:00,5.92,6.5929,7/8/23 5:12,1.37,Auction Ads,auction_relation
20230807,1773521746377770 ,NO,Others,,1/1/00 0:00,5.92,6.5929,7/8/23 5:12,1.56,Auction Ads,auction_all
20230807,1773521746377770 ,PT,PT,,1/1/00 0:00,5.92,6.5929,7/8/23 5:12,1.98,Auction Ads,auction_relation
20230807,1773521746377770 ,AT,AT,,1/1/00 0:00,5.92,6.5929,7/8/23 5:12,0.89,Auction Ads,auction_relation
20230807,1773521746377770 ,DE,DE,,1/1/00 0:00,5.92,6.5929,7/8/23 5:12,1.01,Auction Ads,auction_relation
20230807,1773521746377770 ,NL,NL,,1/1/00 0:00,5.92,6.5929,7/8/23 5:12,1.19,Auction Ads,auction_relation
20230807,1773521746377770 ,DK,DK,,1/1/00 0:00,5.92,6.5929,7/8/23 5:12,1.31,Auction Ads,auction_relation
20230807,1773521746377770 ,HU,Others,,1/1/00 0:00,5.92,6.5929,7/8/23 5:12,1.56,Auction Ads,auction_all
20230807,1773521746377770 ,BE,BE,,1/1/00 0:00,5.92,6.5929,7/8/23 5:12,1.15,Auction Ads,auction_relation
20230807,1773521746377770 ,GB,GB,,1/1/00 0:00,5.92,6.5929,7/8/23 5:12,1.76,Auction Ads,auction_relation
20230807,1773544593061890 ,BR,,,1/1/00 0:00,1.6393,0.5372,7/8/23 5:11,0.54,Non-Auction Ads,Promote
20230807,1773568580569080 ,ZA,ZA,,1/1/00 0:00,4.63,5.6708,7/8/23 5:12,1.4,Auction Ads,auction_relation
20230807,1773521404649470 ,FI,Others,,1/1/00 0:00,4.53,6.5929,7/8/23 5:13,1.56,Auction Ads,auction_all
20230807,1773521404649470 ,GB,GB,,1/1/00 0:00,4.53,6.5929,7/8/23 5:13,1.76,Auction Ads,auction_relation
20230807,1773521404649470 ,ES,ES,,1/1/00 0:00,4.53,6.5929,7/8/23 5:13,1.37,Auction Ads,auction_relation
20230807,1773521404649470 ,DE,DE,,1/1/00 0:00,4.53,6.5929,7/8/23 5:13,1.01,Auction Ads,auction_relation
20230807,1773521404649470 ,RO,RO,,1/1/00 0:00,4.53,6.5929,7/8/23 5:13,1.94,Auction Ads,auction_relation
20230807,1773521404649470 ,TR,TR,,1/1/00 0:00,4.53,6.5929,7/8/23 5:13,0.83,Auction Ads,auction_relation
20230807,1773568721328130 ,SG,SG,,1/1/00 0:00,2.74,5.6708,7/8/23 5:13,1.94,Auction Ads,auction_relation
20230807,1773373917145090 ,SA,,,1/1/00 0:00,1.3572,0.7537,7/8/23 5:12,0.54,Non-Auction Ads,Promote
20230807,1773545353486350 ,BR,,,1/1/00 0:00,1.3544,0.1424,7/8/23 5:12,0.54,Non-Auction Ads,Promote
20230807,1773537289403390 ,MY,,,1/1/00 0:00,1.3062,0.8601,7/8/23 5:12,0.54,Non-Auction Ads,Promote
20230807,1773545854607360 ,TH,TH,,1/1/00 0:00,7.4586,1.7617,7/8/23 5:12,1.64,Auction Ads,auction_relation
20230807,1773545856502830 ,TH,TH,,1/1/00 0:00,2.6788,1.7617,7/8/23 5:12,1.64,Auction Ads,auction_relation
20230807,1773576367089690 ,TR,TR,,1/1/00 0:00,0.19,7.4758,7/8/23 5:13,0.83,Auction Ads,auction_relation
20230807,1773576367089690 ,TR,TR,,1/1/00 0:00,0.19,7.4758,7/8/23 5:13,1.63,RIE,Ad Group Recall (Merged)
20230807,1773546090146810 ,TH,TH,,1/1/00 0:00,70.9397,16.3686,7/8/23 5:14,1.64,Auction Ads,auction_relation
20230807,1773546224741380 ,IT,,,1/1/00 0:00,94.07,25.6678,7/8/23 5:18,1.53,RIE,Promote Report Recall
20230807,1773546161659920 ,FR,FR,,1/1/00 0:00,6.06,2.4417,7/8/23 5:13,1.97,Auction Ads,auction_relation
20230807,1773546584363020 ,BE,BE,,1/1/00 0:00,3.72,3.707,7/8/23 5:13,1.15,Auction Ads,auction_relation
20230807,1773546590197770 ,GB,GB,,1/1/00 0:00,4.59,3.707,7/8/23 5:13,1.76,Auction Ads,auction_relation
20230807,1773546590106670 ,AU,AU,,1/1/00 0:00,3.87,3.707,7/8/23 5:13,1.84,Auction Ads,auction_relation
20230807,1773546590197770 ,AU,AU,,1/1/00 0:00,4.59,3.707,7/8/23 5:13,1.84,Auction Ads,auction_relation
20230807,1773545706418180 ,TH,,,1/1/00 0:00,7.73,3.6864,7/8/23 5:13,1.53,RIE,Promote Report Recall
20230807,1773545793585150 ,US,USCA,,1/1/00 0:00,18.24,17.7099,7/8/23 5:17,1.78,Auction Ads,auction_relation
20230807,1773545678977030 ,TH,,,1/1/00 0:00,9.57,1.6407,7/8/23 5:13,1.53,RIE,Promote Report Recall
20230807,1773545998129180 ,TH,TH,,1/1/00 0:00,4.6884,2.3785,7/8/23 5:14,1.64,Auction Ads,auction_relation
20230807,1773542401706030 ,GB,GB,,1/1/00 0:00,28.07,14.1536,7/8/23 5:17,1.72,RIE,Ad Group Recall (Merged)
20230807,1773564967779330 ,FR,FR,,1/1/00 0:00,12.58,8.4804,7/8/23 5:14,1.97,Auction Ads,auction_relation
20230807,1773545674677250 ,US,,,1/1/00 0:00,11.87,2.8511,7/8/23 5:14,0.54,Non-Auction Ads,Promote
20230807,1773546240166940 ,PK,PK,,1/1/00 0:00,,1.0377,7/8/23 5:14,1.36,Auction Ads,auction_relation
20230807,1773545942971390 ,PE,PE,,1/1/00 0:00,7.9283,0,7/8/23 5:13,1.68,Auction Ads,auction_all
20230807,1773545942971390 ,EC,Others,,1/1/00 0:00,7.9283,0,7/8/23 5:13,1.56,Auction Ads,auction_all
20230807,1773545942971390 ,MX,MX,,1/1/00 0:00,7.9283,0,7/8/23 5:13,1.99,Auction Ads,auction_all
20230807,1773521531070510 ,RO,RO,,1/1/00 0:00,5.79,8.3172,7/8/23 5:15,1.94,Auction Ads,auction_relation
20230807,1773461661069310 ,VN,,,1/1/00 0:00,2.5576,0.3526,7/8/23 5:14,0.54,Non-Auction Ads,Promote
20230807,1773461660109820 ,VN,,,1/1/00 0:00,2.8988,0.6984,7/8/23 5:14,0.54,Non-Auction Ads,Promote
20230807,1773544387418110 ,TH,,,1/1/00 0:00,1.3174,0.5565,7/8/23 5:14,0.54,Non-Auction Ads,Promote
20230807,1773546151594010 ,PE,PE,,1/1/00 0:00,0.92,5.4578,7/8/23 5:15,1.68,Auction Ads,auction_all
20230807,1773546151597070 ,PE,PE,,1/1/00 0:00,0.23,5.4578,7/8/23 5:15,1.68,Auction Ads,auction_all
20230807,1773556435344410 ,NL,NL,,1/1/00 0:00,189.56,0,7/8/23 5:14,1.19,Auction Ads,auction_relation
20230807,1773556435344410 ,FI,Others,,1/1/00 0:00,189.56,0,7/8/23 5:14,1.56,Auction Ads,auction_all
20230807,1773556435344410 ,GB,GB,,1/1/00 0:00,189.56,0,7/8/23 5:14,1.76,Auction Ads,auction_relation
20230807,1773556435344410 ,DE,DE,,1/1/00 0:00,189.56,0,7/8/23 5:14,1.01,Auction Ads,auction_relation
20230807,1773556435344410 ,DK,DK,,1/1/00 0:00,189.56,0,7/8/23 5:14,1.31,Auction Ads,auction_relation
20230807,1773556435344410 ,NZ,NZ,,1/1/00 0:00,189.56,0,7/8/23 5:14,1.58,Auction Ads,auction_relation
20230807,1773556435344410 ,AT,AT,,1/1/00 0:00,189.56,0,7/8/23 5:14,0.89,Auction Ads,auction_relation
20230807,1773537788580860 ,MY,,,1/1/00 0:00,0.7708,0.8308,7/8/23 5:14,0.54,Non-Auction Ads,Promote
20230807,1773546186488840 ,PE,PE,,1/1/00 0:00,0.15,5.4578,7/8/23 5:16,1.68,Auction Ads,auction_all
20230807,1773517597985790 ,TR,,,1/1/00 0:00,1.9137,0.216,7/8/23 5:14,0.54,Non-Auction Ads,Promote
20230807,1773568960078850 ,NZ,NZ,,1/1/00 0:00,4.62,5.6708,7/8/23 5:17,1.58,Auction Ads,auction_relation
20230807,1773545461950480 ,US,,,1/1/00 0:00,3.35,3.9127,7/8/23 5:15,0.54,Non-Auction Ads,Promote
20230807,1773540894637120 ,PH,,,1/1/00 0:00,0.3277,0.1019,7/8/23 5:14,0.54,Non-Auction Ads,Promote
20230807,1773544077053950 ,TH,,,1/1/00 0:00,0.6254,0.2037,7/8/23 5:15,0.54,Non-Auction Ads,Promote
20230807,1773464661535740 ,SA,,,1/1/00 0:00,10.2438,4.4106,7/8/23 5:17,0.54,Non-Auction Ads,Promote
20230807,1773546621250610 ,HU,Other,,1/1/00 0:00,0.07,5.0665,7/8/23 5:17,1.62,RIE,Ad Group Recall (Merged)
20230807,1773462046438400 ,VN,,,1/1/00 0:00,3.2379,0.466,7/8/23 5:15,0.54,Non-Auction Ads,Promote
20230807,1773545994439740 ,ID,,,1/1/00 0:00,0.365,0.4234,7/8/23 5:15,1.53,RIE,Promote Report Recall
20230807,1773546061333500 ,US,,,1/1/00 0:00,6.57,2.2222,7/8/23 5:17,0.54,Non-Auction Ads,Promote
20230807,1773546516107270 ,ES,,,1/1/00 0:00,57.51,25.76,7/8/23 5:23,1.53,RIE,Promote Report Recall
20230807,1773546165509150 ,GB,GB,,1/1/00 0:00,47.63,3.0573,7/8/23 5:17,1.76,Auction Ads,auction_relation
20230807,1773546053542910 ,US,,,1/1/00 0:00,3.43,2.061,7/8/23 5:17,0.54,Non-Auction Ads,Promote
20230807,1773546439781390 ,FR,FR,,1/1/00 0:00,6.55,2.4417,7/8/23 5:17,1.97,Auction Ads,auction_relation
20230807,1773546546572290 ,JP,JP,,1/1/00 0:00,77.3794,6.0961,7/8/23 5:19,2.16,Auction Ads,auction_all
20230807,1773547083328560 ,BR,BR,,1/1/00 0:00,36.34,59.3186,7/8/23 5:31,1.99,Auction Ads,auction_all
20230807,1773546320728060 ,VN,,,1/1/00 0:00,5.6086,6.08,7/8/23 5:19,1.53,RIE,Promote Report Recall
20230807,1773545674604540 ,FR,,,1/1/00 0:00,3.2024,1.8703,7/8/23 5:18,0.54,Non-Auction Ads,Promote
20230807,1773546266494000 ,PL,PL,,1/1/00 0:00,1.78,2.353,7/8/23 5:18,1.64,Auction Ads,auction_relation
20230807,1773546276298760 ,PL,PL,,1/1/00 0:00,2.67,2.353,7/8/23 5:18,1.64,Auction Ads,auction_relation
20230807,1773544596341760 ,TH,,,1/1/00 0:00,1.9319,0.7833,7/8/23 5:17,0.54,Non-Auction Ads,Promote
20230807,1773569079861260 ,SA,MENA,,1/1/00 0:00,,5.6708,7/8/23 5:20,1.78,Auction Ads,auction_relation
20230807,1773569079861260 ,SA,MENA,,1/1/00 0:00,,5.6708,7/8/23 5:20,1.78,Auction Ads,auction_relation
20230807,1773546212403200 ,EG,,,1/1/00 0:00,9.5942,2.9849,7/8/23 5:19,1.53,RIE,Promote Report Recall
20230807,1773546293398530 ,VN,,,1/1/00 0:00,0.0386,1.382,7/8/23 5:19,1.53,RIE,Promote Report Recall
20230807,1773541453634560 ,PH,,,1/1/00 0:00,0.6345,0.206,7/8/23 5:18,0.54,Non-Auction Ads,Promote
20230807,1773546423960620 ,MY,MY,,1/1/00 0:00,19.6559,4.3135,7/8/23 5:20,2.31,Auction Ads,auction_relation
20230807,1773547312431120 ,TH,TH,,1/1/00 0:00,0.57,28.7567,7/8/23 5:26,1.64,Auction Ads,auction_relation
20230807,1773547312431120 ,KZ,KZ,,1/1/00 0:00,0.57,28.7567,7/8/23 5:26,2,Auction Ads,auction_relation
20230807,1773542313609210 ,PH,,,1/1/00 0:00,0.6436,0.5463,7/8/23 5:19,0.54,Non-Auction Ads,Promote
20230807,1773546744372240 ,TH,TH,,1/1/00 0:00,4.9176,2.1144,7/8/23 5:20,1.64,Auction Ads,auction_relation
20230807,1773546381547520 ,TR,,,1/1/00 0:00,7.5824,3.9464,7/8/23 5:20,0.54,Non-Auction Ads,Promote
20230807,1773546358039600 ,GB,GB,,1/1/00 0:00,47.05,3.0573,7/8/23 5:20,1.76,Auction Ads,auction_relation
20230807,1773518249491450 ,TR,,,1/1/00 0:00,0.3439,0.1194,7/8/23 5:20,0.54,Non-Auction Ads,Promote
20230807,1773546434589740 ,VN,VN,,1/1/00 0:00,,1.1322,7/8/23 5:20,2.14,Auction Ads,auction_relation
20230807,1773538253871100 ,MY,,,1/1/00 0:00,1.7629,1.2799,7/8/23 5:20,0.54,Non-Auction Ads,Promote
20230807,1773546092600320 ,FR,,,1/1/00 0:00,5.8993,2.7401,7/8/23 5:20,0.54,Non-Auction Ads,Promote
20230807,1773584355966000 ,FR,FR,,1/1/00 0:00,6.07,8.4804,7/8/23 5:21,1.97,Auction Ads,auction_relation
20230807,1773462063208440 ,VN,,,1/1/00 0:00,0.6905,0.2014,7/8/23 5:20,0.54,Non-Auction Ads,Promote
20230807,1773569257406460 ,FI,Others,,1/1/00 0:00,12.02,5.6708,7/8/23 5:22,1.56,Auction Ads,auction_all
20230807,1773546459327480 ,ZA,ZA,,1/1/00 0:00,3.1167,2.5067,7/8/23 5:21,1.4,Auction Ads,auction_relation
20230807,1773546459327480 ,QA,Others,,1/1/00 0:00,3.1167,2.5067,7/8/23 5:21,1.56,Auction Ads,auction_all
20230807,1773546459327480 ,AE,MENA,,1/1/00 0:00,3.1167,2.5067,7/8/23 5:21,1.78,Auction Ads,auction_relation
20230807,1773546459327480 ,VN,VN,,1/1/00 0:00,3.1167,2.5067,7/8/23 5:21,2.14,Auction Ads,auction_relation
20230807,1773546459327480 ,MY,MY,,1/1/00 0:00,3.1167,2.5067,7/8/23 5:21,2.31,Auction Ads,auction_relation
20230807,1773546459327480 ,EG,MENA,,1/1/00 0:00,3.1167,2.5067,7/8/23 5:21,1.78,Auction Ads,auction_relation
20230807,1773546459327480 ,TH,TH,,1/1/00 0:00,3.1167,2.5067,7/8/23 5:21,1.64,Auction Ads,auction_relation
20230807,1773546459327480 ,EG,MENA,,1/1/00 0:00,3.1167,2.5067,7/8/23 5:21,1.78,Auction Ads,auction_relation
20230807,1773546459327480 ,TR,TR,,1/1/00 0:00,3.1167,2.5067,7/8/23 5:21,0.83,Auction Ads,auction_relation
20230807,1773546459327480 ,KW,Others,,1/1/00 0:00,3.1167,2.5067,7/8/23 5:21,1.56,Auction Ads,auction_all
20230807,1773546459327480 ,SA,MENA,,1/1/00 0:00,3.1167,2.5067,7/8/23 5:21,1.78,Auction Ads,auction_relation
20230807,1773546459327480 ,MA,MA,,1/1/00 0:00,3.1167,2.5067,7/8/23 5:21,1.51,Auction Ads,auction_relation
20230807,1773546459327480 ,AE,MENA,,1/1/00 0:00,3.1167,2.5067,7/8/23 5:21,1.78,Auction Ads,auction_relation
20230807,1773546568715260 ,TH,,,1/1/00 0:00,85.6012,12.2579,7/8/23 5:24,0.54,Non-Auction Ads,Promote
20230807,1773544746104830 ,TH,,,1/1/00 0:00,0.6091,0.2372,7/8/23 5:21,0.54,Non-Auction Ads,Promote
20230807,1773546474472510 ,VN,,,1/1/00 0:00,0.0474,1.6628,7/8/23 5:22,1.53,RIE,Promote Report Recall
20230807,1773544286953470 ,TH,,,1/1/00 0:00,1.341,0.3542,7/8/23 5:21,0.54,Non-Auction Ads,Promote
20230807,1773542911228960 ,IL,IL,,1/1/00 0:00,21.48,5.28,7/8/23 5:23,1.22,RIE,Ad Group Recall (Merged)
20230807,1773546599205900 ,JP,JP,,1/1/00 0:00,65.1618,6.0961,7/8/23 5:23,2.16,Auction Ads,auction_all
20230807,1773546600849450 ,JP,JP,,1/1/00 0:00,,6.0961,7/8/23 5:23,2.16,Auction Ads,auction_all
20230807,1773462090377210 ,VN,,,1/1/00 0:00,2.8854,1.6089,7/8/23 5:22,0.54,Non-Auction Ads,Promote
20230807,1773546752967680 ,AU,AU,,1/1/00 0:00,,2.4417,7/8/23 5:22,1.84,Auction Ads,auction_relation
20230807,1773549403594780 ,TW,TW,,1/1/00 0:00,33.24,14.549,7/8/23 5:26,0.95,Auction Ads,auction_relation
20230807,1773542782648320 ,PH,,,1/1/00 0:00,2.2299,0.0493,7/8/23 5:22,0.54,Non-Auction Ads,Promote
20230807,1773546647303210 ,MY,MY,,1/1/00 0:00,2.58,0.5912,7/8/23 5:22,2.31,Auction Ads,auction_relation
20230807,1773462460796930 ,VN,,,1/1/00 0:00,0.6027,0.2787,7/8/23 5:22,0.54,Non-Auction Ads,Promote
20230807,1773546548886530 ,US,USCA,,1/1/00 0:00,0.96,1.651,7/8/23 5:23,1.78,Auction Ads,auction_relation
20230807,1773542901712890 ,PH,,,1/1/00 0:00,0.6492,0.2322,7/8/23 5:23,0.54,Non-Auction Ads,Promote
20230807,1773546624256050 ,TH,TH,,1/1/00 0:00,2.8859,2.3785,7/8/23 5:23,1.64,Auction Ads,auction_relation
20230807,1773542128618490 ,PH,,,1/1/00 0:00,0.6669,0.5463,7/8/23 5:23,0.54,Non-Auction Ads,Promote
20230807,1773551355966460 ,AU,AU,,1/1/00 0:00,144.2949,491.9031,7/8/23 6:39,1.84,Auction Ads,auction_relation
20230807,1773551355966460 ,IT,IT,,1/1/00 0:00,144.2949,491.9031,7/8/23 6:39,1.36,Auction Ads,auction_relation
20230807,1773551355966460 ,GB,GB,,1/1/00 0:00,144.2949,491.9031,7/8/23 6:39,1.76,Auction Ads,auction_relation
20230807,1773540312523770 ,PH,,,1/1/00 0:00,12.885,2.121,7/8/23 5:24,0.54,Non-Auction Ads,Promote
20230807,1773546426717180 ,ID,,,1/1/00 0:00,36.9317,0.7049,7/8/23 5:24,0.54,Non-Auction Ads,Promote
20230807,1773545707195390 ,BR,,,1/1/00 0:00,3.127,0.5882,7/8/23 5:24,0.54,Non-Auction Ads,Promote
20230807,1773547108766730 ,KR,KR,,1/1/00 0:00,11.3407,3.897,7/8/23 5:25,2.37,Auction Ads,auction_relation
20230807,1773547075527680 ,IQ,Others,,1/1/00 0:00,16.82,14.7286,7/8/23 5:28,1.56,Auction Ads,auction_all
20230807,1773462505614400 ,VN,,,1/1/00 0:00,0.8828,0.5131,7/8/23 5:24,0.54,Non-Auction Ads,Promote
20230807,1773542972481600 ,PH,,,1/1/00 0:00,0.7314,0.0652,7/8/23 5:24,0.54,Non-Auction Ads,Promote
20230807,1773546549985330 ,TH,,,1/1/00 0:00,8.37,1.7462,7/8/23 5:24,1.53,RIE,Promote Report Recall
20230807,1773546911662120 ,TH,TH,,1/1/00 0:00,11.6788,6.923,7/8/23 5:26,1.64,Auction Ads,auction_relation
20230807,1773545194272770 ,ID,,,1/1/00 0:00,0.0168,0.3114,7/8/23 5:24,0.54,Non-Auction Ads,Promote
20230807,1773546245799930 ,VN,,,1/1/00 0:00,3.2664,0.6305,7/8/23 5:24,1.53,RIE,Promote Report Recall
20230807,1773518488286210 ,TR,,,1/1/00 0:00,8.6206,0.4641,7/8/23 5:24,0.54,Non-Auction Ads,Promote
20230807,1773543294793770 ,US,USCA,,1/1/00 0:00,,31.1273,7/8/23 5:31,1.78,Auction Ads,auction_relation
20230807,1773539948306430 ,MY,,,1/1/00 0:00,1.6115,1.5117,7/8/23 5:25,0.54,Non-Auction Ads,Promote
20230807,1773546458829830 ,CA,,,1/1/00 0:00,2.4156,1.8217,7/8/23 5:25,0.54,Non-Auction Ads,Promote
20230807,1773546782734360 ,MY,MY,,1/1/00 0:00,1.12,0.5912,7/8/23 5:25,2.31,Auction Ads,auction_relation
20230807,1773539533925370 ,MY,,,1/1/00 0:00,2.4786,1.1297,7/8/23 5:26,0.54,Non-Auction Ads,Promote
20230807,1773543291147290 ,US,USCA,,1/1/00 0:00,18.55,12.2929,7/8/23 5:28,1.78,Auction Ads,auction_relation
20230807,1773543288742960 ,US,USCA,,1/1/00 0:00,9.44,12.2929,7/8/23 5:28,1.78,Auction Ads,auction_relation
20230807,1773543291142190 ,US,USCA,,1/1/00 0:00,2.54,12.2929,7/8/23 5:28,1.78,Auction Ads,auction_relation
20230807,1773548916035580 ,MY,MY,,1/1/00 0:00,,3.0563,7/8/23 5:26,2.31,Auction Ads,auction_relation
20230807,1773546755999740 ,VN,,,1/1/00 0:00,1.0349,1.4535,7/8/23 5:26,1.53,RIE,Promote Report Recall
20230807,1773520732852240 ,IQ,Others,,1/1/00 0:00,17.77,4.14,7/8/23 5:27,1.56,Auction Ads,auction_all
20230807,1773520732852240 ,IQ,Others,,1/1/00 0:00,17.77,4.14,7/8/23 5:27,1.56,Auction Ads,auction_all
20230807,1773547034248220 ,FR,FR,,1/1/00 0:00,5.61,2.4417,7/8/23 5:27,1.97,Auction Ads,auction_relation
20230807,1773546706863100 ,US,,,1/1/00 0:00,1.59,1.4286,7/8/23 5:26,1.53,RIE,Promote Report Recall
20230807,1773546788260860 ,VN,,,1/1/00 0:00,9.3809,2.6906,7/8/23 5:27,1.53,RIE,Promote Report Recall
20230807,1773569607207950 ,CA,USCA,,1/1/00 0:00,,5.6708,7/8/23 5:28,1.78,Auction Ads,auction_relation
20230807,1773546825915390 ,TH,,,1/1/00 0:00,77.7825,10.338,7/8/23 5:29,0.54,Non-Auction Ads,Promote
20230807,1773544886345730 ,TH,,,1/1/00 0:00,0.7468,0.5289,7/8/23 5:27,0.54,Non-Auction Ads,Promote
20230807,1773562035244060 ,DE,DE,,1/1/00 0:00,11.55,9.2647,7/8/23 5:29,1.01,Auction Ads,auction_relation
20230807,1773539776016390 ,BR,,,1/1/00 0:00,,3.3959,7/8/23 5:27,0.54,Non-Auction Ads,Promote
20230807,1773539776016390 ,BR,,,1/1/00 0:00,,3.3959,7/8/23 5:27,0.54,Non-Auction Ads,Promote
20230807,1773546878489600 ,ID,ID,,1/1/00 0:00,9.7409,3.6414,7/8/23 5:28,1.8,Auction Ads,auction_relation
20230807,1773546832163840 ,SA,,,1/1/00 0:00,13.2106,1.5044,7/8/23 5:27,0.54,Non-Auction Ads,Promote
20230807,1773546568704000 ,KH,,,1/1/00 0:00,1.0213,0.1325,7/8/23 5:27,0.54,Non-Auction Ads,Promote
20230807,1773544810806270 ,TH,,,1/1/00 0:00,1.3938,0.3142,7/8/23 5:27,0.54,Non-Auction Ads,Promote
20230807,1773542371335160 ,ID,,,1/1/00 0:00,22.5335,3.8149,7/8/23 5:28,0.54,Non-Auction Ads,Promote
20230807,1773462597009410 ,VN,,,1/1/00 0:00,2.7465,2.6457,7/8/23 5:28,0.54,Non-Auction Ads,Promote
20230807,1773547054300190 ,US,USCA,,1/1/00 0:00,7.53,13.9444,7/8/23 5:30,1.78,Auction Ads,auction_relation
20230807,1773547436084250 ,US,USCA,,1/1/00 0:00,8.11,13.9444,7/8/23 5:30,1.78,Auction Ads,auction_relation
20230807,1773542429068280 ,PH,,,1/1/00 0:00,0.5813,0.2817,7/8/23 5:28,0.54,Non-Auction Ads,Promote
20230807,1773520048811050 ,IQ,Others,,1/1/00 0:00,18.67,4.14,7/8/23 5:28,1.56,Auction Ads,auction_all
20230807,1773546816080890 ,SA,,,1/1/00 0:00,9.58,1.55,7/8/23 5:28,0.54,Non-Auction Ads,Promote
20230807,1773547115737100 ,MY,MY,,1/1/00 0:00,3.8421,4.0734,7/8/23 5:29,2.31,Auction Ads,auction_relation
20230807,1773550042448890 ,PK,Other,,1/1/00 0:00,7.07,0.6047,7/8/23 5:28,1.62,RIE,Ad Group Recall (Merged)
20230807,1773547413403690 ,PK,PK,,1/1/00 0:00,6.31,2.0684,7/8/23 5:29,1.36,Auction Ads,auction_relation
20230807,1773546685888560 ,US,,,1/1/00 0:00,3.42,3.23,7/8/23 5:29,0.54,Non-Auction Ads,Promote
20230807,1773519457411070 ,TR,,,1/1/00 0:00,0.3412,0.063,7/8/23 5:29,0.54,Non-Auction Ads,Promote
20230807,1773541937796090 ,ID,,,1/1/00 0:00,3.7612,0.6944,7/8/23 5:29,0.54,Non-Auction Ads,Promote
20230807,1773546937849920 ,MY,,,1/1/00 0:00,20.2459,1.367,7/8/23 5:29,1.53,RIE,Promote Report Recall
20230807,1773521760319530 ,ES,ES,,1/1/00 0:00,37.08,8.3172,7/8/23 5:30,1.37,Auction Ads,auction_relation
20230807,1773569727063080 ,PK,PK,,1/1/00 0:00,7.8,5.6708,7/8/23 5:30,1.36,Auction Ads,auction_relation
20230807,1773547122685970 ,TH,TH,,1/1/00 0:00,10.8441,6.923,7/8/23 5:30,1.64,Auction Ads,auction_relation
20230807,1773519762172960 ,IQ,Others,,1/1/00 0:00,18.63,4.14,7/8/23 5:30,1.56,Auction Ads,auction_all
20230807,1773518918179890 ,LB,Others,,1/1/00 0:00,7.49,3.1657,7/8/23 5:30,1.56,Auction Ads,auction_all
20230807,1773519461169200 ,LB,Others,,1/1/00 0:00,0.33,2.9141,7/8/23 5:30,1.56,Auction Ads,auction_all
20230807,1773519033912370 ,LB,Others,,1/1/00 0:00,7.28,2.7468,7/8/23 5:30,1.56,Auction Ads,auction_all
20230807,1773548832062480 ,AU,AU,,1/1/00 0:00,,1.7644,7/8/23 5:30,1.84,Auction Ads,auction_relation
20230807,1773548832062480 ,NZ,NZ,,1/1/00 0:00,,1.7644,7/8/23 5:30,1.58,Auction Ads,auction_relation
20230807,1773545844905010 ,TH,TH,,1/1/00 0:00,4.7893,4.613,7/8/23 5:30,1.64,Auction Ads,auction_relation
20230807,1773542310452220 ,ID,,,1/1/00 0:00,4.6659,3.0325,7/8/23 5:30,0.54,Non-Auction Ads,Promote
20230807,1773519605799930 ,IQ,Others,,1/1/00 0:00,18.46,4.14,7/8/23 5:30,1.56,Auction Ads,auction_all
20230807,1773504139297840 ,GB,GB,,1/1/00 0:00,1.1348,3.452,7/8/23 5:30,1.76,Auction Ads,auction_relation
20230807,1773504140252160 ,GB,GB,,1/1/00 0:00,3.0091,3.452,7/8/23 5:30,1.76,Auction Ads,auction_relation
20230807,1773546576314490 ,KH,,,1/1/00 0:00,0.353,0.1848,7/8/23 5:30,0.54,Non-Auction Ads,Promote
20230807,1773540558024700 ,MY,,,1/1/00 0:00,0.7929,1.2629,7/8/23 5:30,0.54,Non-Auction Ads,Promote
20230807,1773547050720260 ,US,,,1/1/00 0:00,18.31,5.4832,7/8/23 5:32,1.53,RIE,Promote Report Recall
20230807,1773547155934250 ,KR,KR,,1/1/00 0:00,23.7784,1.9634,7/8/23 5:31,2.37,Auction Ads,auction_relation
20230807,1773547013501950 ,TH,,,1/1/00 0:00,7.62,2.0828,7/8/23 5:32,1.53,RIE,Promote Report Recall
20230807,1773544983843840 ,TH,,,1/1/00 0:00,0.624,0.2919,7/8/23 5:31,0.54,Non-Auction Ads,Promote
20230807,1773542577673210 ,PH,,,1/1/00 0:00,0.3738,0.3092,7/8/23 5:31,0.54,Non-Auction Ads,Promote
20230807,1773547040555000 ,VN,,,1/1/00 0:00,1.7243,2.2384,7/8/23 5:32,1.53,RIE,Promote Report Recall
20230807,1773519528331260 ,TR,,,1/1/00 0:00,0.7296,0.2828,7/8/23 5:32,0.54,Non-Auction Ads,Promote
20230807,1773547054329850 ,MY,,,1/1/00 0:00,53.4648,2.1469,7/8/23 5:32,0.54,Non-Auction Ads,Promote
20230807,1773546962146300 ,VN,,,1/1/00 0:00,0.6653,0.1869,7/8/23 5:32,1.53,RIE,Promote Report Recall
20230807,1773569997040650 ,ES,ES,,1/1/00 0:00,8.6,5.6708,7/8/23 5:34,1.37,Auction Ads,auction_relation
20230807,1773544460851260 ,PH,,,1/1/00 0:00,0.7266,0.1155,7/8/23 5:32,0.54,Non-Auction Ads,Promote
20230807,1773540306422780 ,MY,,,1/1/00 0:00,0.7708,0.5815,7/8/23 5:32,0.54,Non-Auction Ads,Promote
20230807,1773542406939650 ,ID,,,1/1/00 0:00,0.8651,0.1961,7/8/23 5:32,0.54,Non-Auction Ads,Promote
20230807,1773562516870160 ,BR,BR,,1/1/00 0:00,15.61,9.2647,7/8/23 5:35,1.99,Auction Ads,auction_all
20230807,1773542302683130 ,ID,,,1/1/00 0:00,1.4193,0.3199,7/8/23 5:33,0.54,Non-Auction Ads,Promote
20230807,1773462445771770 ,VN,,,1/1/00 0:00,1.1451,0.7333,7/8/23 5:33,0.54,Non-Auction Ads,Promote
20230807,1773546925910020 ,KH,,,1/1/00 0:00,0.86,0.7924,7/8/23 5:33,0.54,Non-Auction Ads,Promote
20230807,1773547265863730 ,FR,FR,,1/1/00 0:00,4.85,2.4417,7/8/23 5:33,1.97,Auction Ads,auction_relation
20230807,1773547428313130 ,TH,TH,,1/1/00 0:00,2.7534,6.923,7/8/23 5:34,1.64,Auction Ads,auction_relation
20230807,1773462398857210 ,VN,,,1/1/00 0:00,0.5188,0.5131,7/8/23 5:33,0.54,Non-Auction Ads,Promote
20230807,1773547296590840 ,IL,,,1/1/00 0:00,39.7553,9.2953,7/8/23 5:35,1.53,RIE,Promote Report Recall
20230807,1773546328757250 ,BR,,,1/1/00 0:00,2.6903,1.1374,7/8/23 5:33,0.54,Non-Auction Ads,Promote
20230807,1773540708719610 ,MY,,,1/1/00 0:00,0.7706,0.0297,7/8/23 5:33,0.54,Non-Auction Ads,Promote
20230807,1773543524484140 ,US,USCA,,1/1/00 0:00,6.0342,4.6163,7/8/23 5:34,1.78,Auction Ads,auction_relation
20230807,1773543664884730 ,PH,,,1/1/00 0:00,0.5128,0.4672,7/8/23 5:34,0.54,Non-Auction Ads,Promote
20230807,1773542540939260 ,ID,,,1/1/00 0:00,2.412,1.0758,7/8/23 5:34,0.54,Non-Auction Ads,Promote
20230807,1773519916655610 ,TR,,,1/1/00 0:00,4.2535,0.2043,7/8/23 5:34,0.54,Non-Auction Ads,Promote
20230807,1773547482833930 ,US,USCA,,1/1/00 0:00,15.12,7.6407,7/8/23 5:36,1.78,Auction Ads,auction_relation
20230807,1773465167567870 ,SA,,,1/1/00 0:00,2.831,1.5466,7/8/23 5:34,0.54,Non-Auction Ads,Promote
20230807,1773547138294780 ,ID,,,1/1/00 0:00,0.6842,0.1943,7/8/23 5:34,1.53,RIE,Promote Report Recall
20230807,1773547546619930 ,SA,MENA,,1/1/00 0:00,4.1902,1.9983,7/8/23 5:34,1.78,Auction Ads,auction_relation
20230807,1773547239074820 ,TH,,,1/1/00 0:00,9.83,3.7683,7/8/23 5:35,1.53,RIE,Promote Report Recall
20230807,1773547050920960 ,ID,,,1/1/00 0:00,0.4636,0.3575,7/8/23 5:34,1.53,RIE,Promote Report Recall
20230807,1773542578455550 ,ID,,,1/1/00 0:00,0.7198,1.0788,7/8/23 5:34,0.54,Non-Auction Ads,Promote
20230807,1773547275217920 ,VN,,,1/1/00 0:00,10.0985,2.0787,7/8/23 5:34,1.53,RIE,Promote Report Recall
20230807,1773547360109580 ,ID,ID,,1/1/00 0:00,5.8005,5.1898,7/8/23 5:36,1.8,Auction Ads,auction_relation
20230807,1773547232244740 ,TH,,,1/1/00 0:00,6.56,2.0241,7/8/23 5:35,1.53,RIE,Promote Report Recall
20230807,1773542487420930 ,ID,,,1/1/00 0:00,0.7327,0.0972,7/8/23 5:35,0.54,Non-Auction Ads,Promote
20230807,1773562905050160 ,TH,TH,,1/1/00 0:00,5.23,9.2647,7/8/23 5:37,1.64,Auction Ads,auction_relation
20230807,1773542361549820 ,ID,,,1/1/00 0:00,1.4926,0.71,7/8/23 5:35,0.54,Non-Auction Ads,Promote
20230807,1773542532999160 ,ID,,,1/1/00 0:00,0.692,1.0788,7/8/23 5:35,0.54,Non-Auction Ads,Promote
20230807,1773547408921630 ,SE,SE,,1/1/00 0:00,3.41,2.4508,7/8/23 5:36,1.4,Auction Ads,auction_relation
20230807,1773544899908600 ,PH,,,1/1/00 0:00,0.5583,0.208,7/8/23 5:35,0.54,Non-Auction Ads,Promote
20230807,1773547360634930 ,SE,SE,,1/1/00 0:00,,5.2325,7/8/23 5:36,1.4,Auction Ads,auction_relation
20230807,1773547360634930 ,GB,GB,,1/1/00 0:00,,5.2325,7/8/23 5:36,1.76,Auction Ads,auction_relation
20230807,1773547360634930 ,NZ,NZ,,1/1/00 0:00,,5.2325,7/8/23 5:36,1.58,Auction Ads,auction_relation
20230807,1773547360634930 ,FI,Others,,1/1/00 0:00,,5.2325,7/8/23 5:36,1.56,Auction Ads,auction_all
20230807,1773547360634930 ,CA,USCA,,1/1/00 0:00,,5.2325,7/8/23 5:36,1.78,Auction Ads,auction_relation
20230807,1773547360634930 ,US,USCA,,1/1/00 0:00,,5.2325,7/8/23 5:36,1.78,Auction Ads,auction_relation
20230807,1773542805762040 ,ID,,,1/1/00 0:00,1.2675,0.7205,7/8/23 5:36,0.54,Non-Auction Ads,Promote
20230807,1773545689498620 ,PH,,,1/1/00 0:00,0.6795,0.255,7/8/23 5:36,0.54,Non-Auction Ads,Promote
20230807,1773547596660770 ,MY,MY,,1/1/00 0:00,1.5414,4.0734,7/8/23 5:36,2.31,Auction Ads,auction_relation
20230807,1773548169558050 ,SA,MENA,,1/1/00 0:00,3.31,63.5825,7/8/23 5:47,1.78,Auction Ads,auction_relation
20230807,1773547451246590 ,JP,JP,,1/1/00 0:00,32.2714,8.9332,7/8/23 5:37,2.16,Auction Ads,auction_all
20230807,1773547537232910 ,PK,Other,,1/1/00 0:00,41.14,3.8131,7/8/23 5:37,1.62,RIE,Ad Group Recall (Merged)
20230807,1773547537232910 ,AE,MENA,,1/1/00 0:00,41.14,3.8131,7/8/23 5:37,1.78,Auction Ads,auction_relation
20230807,1773547537232910 ,GB,GB,,1/1/00 0:00,41.14,3.8131,7/8/23 5:37,1.76,Auction Ads,auction_relation
20230807,1773547537232910 ,PK,PK,,1/1/00 0:00,41.14,3.8131,7/8/23 5:37,1.36,Auction Ads,auction_relation
20230807,1773545447414780 ,PH,,,1/1/00 0:00,0.5778,0.8502,7/8/23 5:36,0.54,Non-Auction Ads,Promote
20230807,1773545157745660 ,TH,,,1/1/00 0:00,2.1531,0.3915,7/8/23 5:36,0.54,Non-Auction Ads,Promote
20230807,1773545967031290 ,PH,,,1/1/00 0:00,0.6515,0.2935,7/8/23 5:36,0.54,Non-Auction Ads,Promote
20230807,1773547433636860 ,VN,,,1/1/00 0:00,3.7099,4.8247,7/8/23 5:37,1.53,RIE,Promote Report Recall
20230807,1773547103369220 ,US,,,1/1/00 0:00,9.71,4.2857,7/8/23 5:37,0.54,Non-Auction Ads,Promote
20230807,1773547565151260 ,TH,TH,,1/1/00 0:00,7.6409,9.6513,7/8/23 5:38,1.64,Auction Ads,auction_relation
20230807,1773547314836480 ,RO,,,1/1/00 0:00,19.5176,4.9547,7/8/23 5:37,0.54,Non-Auction Ads,Promote
20230807,1773542667543550 ,ID,,,1/1/00 0:00,5.1079,3.2951,7/8/23 5:37,0.54,Non-Auction Ads,Promote
20230807,1773547477782560 ,ID,ID,,1/1/00 0:00,11.99,1.9079,7/8/23 5:37,1.8,Auction Ads,auction_relation
20230807,1773547135941630 ,BR,,,1/1/00 0:00,4.4834,1.5773,7/8/23 5:37,0.54,Non-Auction Ads,Promote
20230807,1773570332468270 ,MX,MX,,1/1/00 0:00,,5.6708,7/8/23 5:38,1.99,Auction Ads,auction_all
20230807,1773542969177080 ,ID,,,1/1/00 0:00,0.7028,0.5786,7/8/23 5:37,0.54,Non-Auction Ads,Promote
20230807,1773547492744220 ,VN,VN,,1/1/00 0:00,0.0823,3.8752,7/8/23 5:37,2.14,Auction Ads,auction_relation
20230807,1773547646190620 ,TH,TH,,1/1/00 0:00,11.9815,6.923,7/8/23 5:38,1.64,Auction Ads,auction_relation
20230807,1773547491291130 ,MY,,,1/1/00 0:00,14.8452,4.0735,7/8/23 5:38,1.53,RIE,Promote Report Recall
20230807,1773547426351100 ,PH,,,1/1/00 0:00,0.6163,0.166,7/8/23 5:37,1.53,RIE,Promote Report Recall
20230807,1773547795478570 ,VN,VN,,1/1/00 0:00,0.0564,1.8043,7/8/23 5:37,2.14,Auction Ads,auction_relation
20230807,1773515372806140 ,TR,,,1/1/00 0:00,0.3342,0.1099,7/8/23 5:37,0.54,Non-Auction Ads,Promote
20230807,1773547431483390 ,RO,,,1/1/00 0:00,30.3236,1.8614,7/8/23 5:38,0.54,Non-Auction Ads,Promote
20230807,1773548497063930 ,TW,TW,,1/1/00 0:00,23.1,11.3769,7/8/23 5:40,0.95,Auction Ads,auction_relation
20230807,1773547290639360 ,ID,,,1/1/00 0:00,0.8599,0.0866,7/8/23 5:38,1.53,RIE,Promote Report Recall
20230807,1773547491048440 ,ID,,,1/1/00 0:00,74.6785,3.2638,7/8/23 5:38,0.54,Non-Auction Ads,Promote
20230807,1773547680880640 ,ID,ID,,1/1/00 0:00,,2.7556,7/8/23 5:38,1.8,Auction Ads,auction_relation
20230807,1773546761475170 ,TH,,,1/1/00 0:00,2.13,6.3257,7/8/23 5:39,1.53,RIE,Promote Report Recall
20230807,1773547392481280 ,SA,,,1/1/00 0:00,18.8322,2.7742,7/8/23 5:39,0.54,Non-Auction Ads,Promote
20230807,1773547752343580 ,MY,MY,,1/1/00 0:00,6.2,3.7621,7/8/23 5:39,2.31,Auction Ads,auction_relation
20230807,1773547752343580 ,KH,KH,,1/1/00 0:00,6.2,3.7621,7/8/23 5:39,1.5,Auction Ads,auction_relation
20230807,1773547752343580 ,PL,PL,,1/1/00 0:00,6.2,3.7621,7/8/23 5:39,1.64,Auction Ads,auction_relation
20230807,1773545243986940 ,TH,,,1/1/00 0:00,0.7875,0.3522,7/8/23 5:38,0.54,Non-Auction Ads,Promote
20230807,1773542968427520 ,PH,,,1/1/00 0:00,0.5397,0.2125,7/8/23 5:38,0.54,Non-Auction Ads,Promote
20230807,1773546867582980 ,US,,,1/1/00 0:00,7.62,2.5,7/8/23 5:39,0.54,Non-Auction Ads,Promote
20230807,1773547635565570 ,MY,MY,,1/1/00 0:00,2.8,2.0048,7/8/23 5:39,2.31,Auction Ads,auction_relation
20230807,1773456961427460 ,EG,,,1/1/00 0:00,2.7337,2.1331,7/8/23 5:39,0.54,Non-Auction Ads,Promote
20230807,1773547539902460 ,TR,,,1/1/00 0:00,9.6472,0.9879,7/8/23 5:39,0.54,Non-Auction Ads,Promote
20230807,1773547785857050 ,VN,VN,,1/1/00 0:00,,1.8068,7/8/23 5:39,2.14,Auction Ads,auction_relation
20230807,1773520757360640 ,TR,,,1/1/00 0:00,0.4087,0.0999,7/8/23 5:39,0.54,Non-Auction Ads,Promote
20230807,1773463642673150 ,VN,,,1/1/00 0:00,0.6466,0.4897,7/8/23 5:39,0.54,Non-Auction Ads,Promote
20230807,1773547582481420 ,VN,VN,,1/1/00 0:00,8.48,1.6594,7/8/23 5:39,2.14,Auction Ads,auction_relation
20230807,1773547282439170 ,BR,,,1/1/00 0:00,1.3258,0.3188,7/8/23 5:39,0.54,Non-Auction Ads,Promote
20230807,1773547574290430 ,TH,,,1/1/00 0:00,9.94,2.3175,7/8/23 5:40,1.53,RIE,Promote Report Recall
20230807,1773547685268510 ,VN,VN,,1/1/00 0:00,,3.4418,7/8/23 5:40,2.14,Auction Ads,auction_relation
20230807,1773545312113660 ,TH,,,1/1/00 0:00,1.1332,0.1988,7/8/23 5:39,0.54,Non-Auction Ads,Promote
20230807,1773567188163630 ,GB,GB,,1/1/00 0:00,13.95,6.2115,7/8/23 5:41,1.76,Auction Ads,auction_relation
20230807,1773547519968260 ,EG,,,1/1/00 0:00,1.7405,1.9286,7/8/23 5:40,1.53,RIE,Promote Report Recall
20230807,1773547519968260 ,EG,,,1/1/00 0:00,1.7405,1.9286,7/8/23 5:40,1.53,RIE,Promote Report Recall
20230807,1773545376228350 ,TH,,,1/1/00 0:00,4.0308,0.6072,7/8/23 5:40,0.54,Non-Auction Ads,Promote
20230807,1773548295697420 ,SA,MENA,,1/1/00 0:00,4.55,63.5825,7/8/23 5:50,1.78,Auction Ads,auction_relation
20230807,1773547923706880 ,ID,ID,,1/1/00 0:00,7.9344,2.8871,7/8/23 5:40,1.8,Auction Ads,auction_relation
20230807,1773562886459390 ,US,USCA,,1/1/00 0:00,,7.0708,7/8/23 5:41,1.78,Auction Ads,auction_relation
20230807,1773547510057980 ,TH,,,1/1/00 0:00,7.41,0.15,7/8/23 5:40,1.53,RIE,Promote Report Recall
20230807,1773547971119130 ,KR,KR,,1/1/00 0:00,,4.2384,7/8/23 5:41,2.37,Auction Ads,auction_relation
20230807,1773547837804590 ,MY,MY,,1/1/00 0:00,2.65,2.7121,7/8/23 5:40,2.31,Auction Ads,auction_relation
20230807,1773547887689740 ,TH,TH,,1/1/00 0:00,5.8441,6.923,7/8/23 5:41,1.64,Auction Ads,auction_relation
20230807,1773547744807950 ,MY,MY,,1/1/00 0:00,,0.1056,7/8/23 5:40,2.31,Auction Ads,auction_relation
20230807,1773463024281600 ,VN,,,1/1/00 0:00,0.7283,0.3635,7/8/23 5:40,0.54,Non-Auction Ads,Promote
20230807,1773547477932030 ,IT,,,1/1/00 0:00,2.6302,1.1891,7/8/23 5:40,0.54,Non-Auction Ads,Promote
20230807,1773545486177280 ,TH,,,1/1/00 0:00,1.71,0.5229,7/8/23 5:41,0.54,Non-Auction Ads,Promote
20230807,1773544162488430 ,FR,FR,,1/1/00 0:00,230.51,20.7705,7/8/23 5:45,1.76,RIE,Ad Group Recall (Merged)
20230807,1773547566083070 ,TH,,,1/1/00 0:00,4.57,5.045,7/8/23 5:41,1.53,RIE,Promote Report Recall
20230807,1773540920643580 ,MY,,,1/1/00 0:00,0.852,0.6746,7/8/23 5:41,0.54,Non-Auction Ads,Promote
20230807,1773547735573530 ,KH,KH,,1/1/00 0:00,6.013,1.0791,7/8/23 5:41,1.5,Auction Ads,auction_relation
20230807,1773570530374690 ,PE,PE,,1/1/00 0:00,,5.6708,7/8/23 5:42,1.68,Auction Ads,auction_all
20230807,1773570530374690 ,PE,PE,,1/1/00 0:00,,5.6708,7/8/23 5:42,1.68,Auction Ads,auction_all
20230807,1773547738690570 ,MY,MY,,1/1/00 0:00,2.69,2.0048,7/8/23 5:41,2.31,Auction Ads,auction_relation
20230807,1773545481933820 ,TH,,,1/1/00 0:00,0.7988,0.8203,7/8/23 5:41,0.54,Non-Auction Ads,Promote
20230807,1773544165639160 ,PH,,,1/1/00 0:00,0.3347,0.1151,7/8/23 5:41,0.54,Non-Auction Ads,Promote
20230807,1773547823885310 ,MY,MY,,1/1/00 0:00,1.1615,4.0734,7/8/23 5:42,2.31,Auction Ads,auction_relation
20230807,1773546176851970 ,PH,,,1/1/00 0:00,0.644,1.3095,7/8/23 5:41,0.54,Non-Auction Ads,Promote
20230807,1773548113792000 ,JP,JP,,1/1/00 0:00,101.7699,25.929,7/8/23 5:46,2.16,Auction Ads,auction_all
20230807,1773547785144360 ,MY,MY,,1/1/00 0:00,6.12,0.6306,7/8/23 5:41,2.31,Auction Ads,auction_relation
20230807,1773545466429440 ,TH,,,1/1/00 0:00,0.742,0.4934,7/8/23 5:41,0.54,Non-Auction Ads,Promote
20230807,1773547746405370 ,ID,ID,,1/1/00 0:00,70.16,4.2203,7/8/23 5:42,1.8,Auction Ads,auction_relation
20230807,1773547795498010 ,MY,MY,,1/1/00 0:00,2.76,2.0048,7/8/23 5:42,2.31,Auction Ads,auction_relation
20230807,1773547966915600 ,TH,TH,,1/1/00 0:00,0,0.0463,7/8/23 5:42,1.64,Auction Ads,auction_relation
20230807,1773547210279930 ,PH,,,1/1/00 0:00,0.3375,0.1989,7/8/23 5:42,0.54,Non-Auction Ads,Promote
20230807,1773521302087680 ,TR,,,1/1/00 0:00,3.7388,0.2964,7/8/23 5:42,0.54,Non-Auction Ads,Promote
20230807,1773563170921520 ,ID,ID,,1/1/00 0:00,0.07,9.2647,7/8/23 5:45,2.05,RIE,Ad Group Recall (Merged)
20230807,1773563170921520 ,ID,ID,,1/1/00 0:00,0.07,9.2647,7/8/23 5:45,1.8,Auction Ads,auction_relation
20230807,1773544245895180 ,FR,FR,,1/1/00 0:00,92.12,20.7705,7/8/23 5:46,1.97,Auction Ads,auction_relation
20230807,1773548145786890 ,IQ,Others,,1/1/00 0:00,,11.6766,7/8/23 5:45,1.56,Auction Ads,auction_all
20230807,1773543178506240 ,ID,,,1/1/00 0:00,0.95,0.9694,7/8/23 5:43,0.54,Non-Auction Ads,Promote
20230807,1773546976366590 ,TH,,,1/1/00 0:00,4.52,2.0617,7/8/23 5:43,1.53,RIE,Promote Report Recall
20230807,1773545549828090 ,TH,,,1/1/00 0:00,0.7889,0.1988,7/8/23 5:43,0.54,Non-Auction Ads,Promote
20230807,1773541022644220 ,MY,,,1/1/00 0:00,1.0606,0.3475,7/8/23 5:43,0.54,Non-Auction Ads,Promote
20230807,1773544499739650 ,PH,,,1/1/00 0:00,0.5427,0.1573,7/8/23 5:43,0.54,Non-Auction Ads,Promote
20230807,1773548091750410 ,MY,MY,,1/1/00 0:00,7.6641,3.3355,7/8/23 5:44,2.31,Auction Ads,auction_relation
20230807,1773547887967260 ,OM,Others,,1/1/00 0:00,,1.7896,7/8/23 5:44,1.56,Auction Ads,auction_all
20230807,1773547887967260 ,OM,Others,,1/1/00 0:00,,1.7896,7/8/23 5:44,1.56,Auction Ads,auction_all
20230807,1773547479506950 ,HU,,,1/1/00 0:00,0.8535,0.2914,7/8/23 5:43,0.54,Non-Auction Ads,Promote
20230807,1773547907979310 ,VN,VN,,1/1/00 0:00,0.0559,1.8043,7/8/23 5:44,2.14,Auction Ads,auction_relation
20230807,1773548398204970 ,PL,PL,,1/1/00 0:00,14.47,1.68,7/8/23 5:44,1.64,Auction Ads,auction_relation
20230807,1773530389584940 ,KW,Others,,1/1/00 0:00,18.17,7.372,7/8/23 5:45,1.56,Auction Ads,auction_all
20230807,1773547723035650 ,US,,,1/1/00 0:00,6.39,3.5714,7/8/23 5:45,0.54,Non-Auction Ads,Promote
20230807,1773547733577730 ,KH,,,1/1/00 0:00,0.3599,0.1325,7/8/23 5:44,0.54,Non-Auction Ads,Promote
20230807,1773547660942330 ,PH,,,1/1/00 0:00,0.6051,0.1755,7/8/23 5:44,0.54,Non-Auction Ads,Promote
20230807,1773548207200330 ,VN,VN,,1/1/00 0:00,,1.2117,7/8/23 5:45,2.14,Auction Ads,auction_relation
20230807,1773548236634110 ,VN,VN,,1/1/00 0:00,,1.2117,7/8/23 5:45,2.14,Auction Ads,auction_relation
20230807,1773548054531080 ,VN,VN,,1/1/00 0:00,,0.6696,7/8/23 5:45,2.14,Auction Ads,auction_relation
20230807,1773548107917360 ,TH,TH,,1/1/00 0:00,11.32,6.923,7/8/23 5:45,1.64,Auction Ads,auction_relation
20230807,1773547959052300 ,MY,MY,,1/1/00 0:00,2.28,0.5912,7/8/23 5:45,2.31,Auction Ads,auction_relation
20230807,1773547758163970 ,US,,,1/1/00 0:00,,1.5969,7/8/23 5:45,0.54,Non-Auction Ads,Promote
20230807,1773546703635460 ,US,,,1/1/00 0:00,12.21,10.8437,7/8/23 5:46,0.54,Non-Auction Ads,Promote
20230807,1773544960454650 ,US,USCA,,1/1/00 0:00,22.18,53.3206,7/8/23 5:53,1.78,Auction Ads,auction_relation
20230807,1773544960454650 ,US,USCA,,1/1/00 0:00,22.18,53.3206,7/8/23 5:53,1.78,Auction Ads,auction_relation
20230807,1773548118734860 ,TH,TH,,1/1/00 0:00,16.63,3.7621,7/8/23 5:45,1.64,Auction Ads,auction_relation
20230807,1773548117280810 ,GB,GB,,1/1/00 0:00,17.56,3.7621,7/8/23 5:45,1.76,Auction Ads,auction_relation
20230807,1773548117280810 ,AU,AU,,1/1/00 0:00,17.56,3.7621,7/8/23 5:45,1.84,Auction Ads,auction_relation
20230807,1773548117280810 ,GR,GR,,1/1/00 0:00,17.56,3.7621,7/8/23 5:45,2.11,Auction Ads,auction_relation
20230807,1773548118734860 ,GR,GR,,1/1/00 0:00,16.63,3.7621,7/8/23 5:45,2.11,Auction Ads,auction_relation
20230807,1773547672096760 ,PH,,,1/1/00 0:00,0.3305,0.1741,7/8/23 5:45,0.54,Non-Auction Ads,Promote
20230807,1773548007384100 ,IT,,,1/1/00 0:00,47.542,7.9318,7/8/23 5:46,0.54,Non-Auction Ads,Promote
20230807,1773549728313360 ,ID,ID,,1/1/00 0:00,2.1717,4.9675,7/8/23 5:45,1.8,Auction Ads,auction_relation
20230807,1773543366667260 ,ID,,,1/1/00 0:00,0.7325,0.2326,7/8/23 5:45,0.54,Non-Auction Ads,Promote
20230807,1773563394026510 ,SG,Other,,1/1/00 0:00,11.02,9.2647,7/8/23 5:47,1.62,RIE,Ad Group Recall (Merged)
20230807,1773548013813760 ,KW,,,1/1/00 0:00,50.9781,13.0235,7/8/23 5:47,0.54,Non-Auction Ads,Promote
20230807,1773547927661570 ,TH,,,1/1/00 0:00,10.15,1.6064,7/8/23 5:45,1.53,RIE,Promote Report Recall
20230807,1773548213451820 ,TH,TH,,1/1/00 0:00,8.6862,9.0489,7/8/23 5:47,1.64,Auction Ads,auction_relation
20230807,1773543949493280 ,BR,,,1/1/00 0:00,1.7032,0.2705,7/8/23 5:45,0.54,Non-Auction Ads,Promote
20230807,1773548431617020 ,ID,ID,,1/1/00 0:00,2.71,1.8692,7/8/23 5:46,1.8,Auction Ads,auction_relation
20230807,1773541058702330 ,MY,,,1/1/00 0:00,1.8926,0.5281,7/8/23 5:45,0.54,Non-Auction Ads,Promote
20230807,1773547988372480 ,PH,,,1/1/00 0:00,12.1558,8.1468,7/8/23 5:47,0.54,Non-Auction Ads,Promote
20230807,1773463358599170 ,VN,,,1/1/00 0:00,0.7281,0.4082,7/8/23 5:45,0.54,Non-Auction Ads,Promote
20230807,1773547787536380 ,PH,,,1/1/00 0:00,5.8576,1.9324,7/8/23 5:46,0.54,Non-Auction Ads,Promote
20230807,1773548325276720 ,TH,TH,,1/1/00 0:00,44.3959,2.125,7/8/23 5:46,1.64,Auction Ads,auction_relation
20230807,1773543199923200 ,ID,,,1/1/00 0:00,1.0097,0.7658,7/8/23 5:46,0.54,Non-Auction Ads,Promote
20230807,1773465364992000 ,SA,,,1/1/00 0:00,30.8166,6.8546,7/8/23 5:47,0.54,Non-Auction Ads,Promote
20230807,1773547776480260 ,US,,,1/1/00 0:00,6.28,4.3163,7/8/23 5:47,0.54,Non-Auction Ads,Promote
20230807,1773548421969930 ,ID,ID,,1/1/00 0:00,4.25,1.8692,7/8/23 5:46,1.8,Auction Ads,auction_relation
20230807,1773464015963130 ,VN,,,1/1/00 0:00,1.4929,0.3461,7/8/23 5:46,0.54,Non-Auction Ads,Promote
20230807,1773548438670380 ,JP,JP,,1/1/00 0:00,41.5533,25.929,7/8/23 5:50,2.16,Auction Ads,auction_all
20230807,1773548419178510 ,JP,JP,,1/1/00 0:00,149.5223,25.929,7/8/23 5:50,2.16,Auction Ads,auction_all
20230807,1773548419168300 ,JP,JP,,1/1/00 0:00,0,25.929,7/8/23 5:50,2.16,Auction Ads,auction_all
20230807,1773548466243630 ,JP,JP,,1/1/00 0:00,,25.929,7/8/23 5:50,2.16,Auction Ads,auction_all
20230807,1773548438689790 ,JP,JP,,1/1/00 0:00,0,25.929,7/8/23 5:50,2.16,Auction Ads,auction_all
20230807,1773544532068400 ,US,US&CA,,1/1/00 0:00,0.93,9.7,7/8/23 5:48,1.81,RIE,Ad Group Recall (Merged)
20230807,1773548366649360 ,ID,ID,,1/1/00 0:00,3.85,2.9169,7/8/23 5:47,1.8,Auction Ads,auction_relation
20230807,1773547857928190 ,TH,,,1/1/00 0:00,5.02,0.9877,7/8/23 5:47,1.53,RIE,Promote Report Recall
20230807,1773570918245420 ,CA,USCA,,1/1/00 0:00,,5.6708,7/8/23 5:48,1.78,Auction Ads,auction_relation
20230807,1773548062121980 ,SA,,,1/1/00 0:00,41.0204,7.8806,7/8/23 5:48,0.54,Non-Auction Ads,Promote
20230807,1773547938744320 ,FR,,,1/1/00 0:00,5.778,2.7401,7/8/23 5:47,0.54,Non-Auction Ads,Promote
20230807,1773548447977470 ,FR,FR,,1/1/00 0:00,41.1587,28.3354,7/8/23 5:50,1.97,Auction Ads,auction_relation
20230807,1773548179619870 ,KR,KR,,1/1/00 0:00,58.3247,4.2384,7/8/23 5:47,2.37,Auction Ads,auction_relation
20230807,1773464111544320 ,VN,,,1/1/00 0:00,0.6558,0.3347,7/8/23 5:47,0.54,Non-Auction Ads,Promote
20230807,1773547997272060 ,VN,,,1/1/00 0:00,1.0524,0.6169,7/8/23 5:47,1.53,RIE,Promote Report Recall
20230807,1773548217906170 ,TH,TH,,1/1/00 0:00,,4.34,7/8/23 5:48,1.64,Auction Ads,auction_relation
20230807,1773548415750160 ,ID,ID,,1/1/00 0:00,2.99,1.8692,7/8/23 5:47,1.8,Auction Ads,auction_relation
20230807,1773558034063400 ,GB,GB,,1/1/00 0:00,204.29,1507.8859,7/8/23 9:21,1.76,Auction Ads,auction_relation
20230807,1773548269659160 ,TW,TW,,1/1/00 0:00,6.63,6.5141,7/8/23 5:49,0.95,Auction Ads,auction_relation
20230807,1773548291830800 ,TH,TH,,1/1/00 0:00,13.5252,6.923,7/8/23 5:49,1.64,Auction Ads,auction_relation
20230807,1773548346809340 ,MY,MY,,1/1/00 0:00,,2.4369,7/8/23 5:48,2.31,Auction Ads,auction_relation
20230807,1773548590090290 ,VN,VN,,1/1/00 0:00,,1.4313,7/8/23 5:48,2.14,Auction Ads,auction_relation
20230807,1773548574144560 ,VN,VN,,1/1/00 0:00,,1.4313,7/8/23 5:48,2.14,Auction Ads,auction_relation
20230807,1773548877912090 ,GB,GB,,1/1/00 0:00,43.88,47.5342,7/8/23 5:56,1.76,Auction Ads,auction_relation
20230807,1773556814542860 ,TH,TH,,1/1/00 0:00,27.3263,29.8235,7/8/23 5:52,1.64,Auction Ads,auction_relation
20230807,1773548120914940 ,VN,,,1/1/00 0:00,0.184,0.1885,7/8/23 5:48,1.53,RIE,Promote Report Recall
20230807,1773548140702720 ,ES,,,1/1/00 0:00,2.0907,0.3544,7/8/23 5:48,1.53,RIE,Promote Report Recall
20230807,1773546631952380 ,BR,,,1/1/00 0:00,2.6615,0.8775,7/8/23 5:48,0.54,Non-Auction Ads,Promote
20230807,1773548206615550 ,BR,,,1/1/00 0:00,5.1154,3.7094,7/8/23 5:49,1.53,RIE,Promote Report Recall
20230807,1773546730830840 ,PH,,,1/1/00 0:00,0.4938,0.2495,7/8/23 5:48,0.54,Non-Auction Ads,Promote
20230807,1773543404751870 ,ID,,,1/1/00 0:00,1.3828,0.5673,7/8/23 5:49,0.54,Non-Auction Ads,Promote
20230807,1773464189541370 ,VN,,,1/1/00 0:00,1.4413,0.4296,7/8/23 5:49,0.54,Non-Auction Ads,Promote
20230807,1773548163871790 ,ID,ID,,1/1/00 0:00,,0.0127,7/8/23 5:49,1.8,Auction Ads,auction_relation
20230807,1773464437904380 ,VN,,,1/1/00 0:00,0.6663,0.214,7/8/23 5:49,0.54,Non-Auction Ads,Promote
20230807,1773548703687690 ,BR,BR,,1/1/00 0:00,,45.746,7/8/23 5:57,1.99,Auction Ads,auction_all
20230807,1773548712093740 ,BR,BR,,1/1/00 0:00,80.94,45.746,7/8/23 5:57,1.99,Auction Ads,auction_all
20230807,1773548397860910 ,TW,TW,,1/1/00 0:00,15.57,6.3411,7/8/23 5:50,0.95,Auction Ads,auction_relation
20230807,1773548397860910 ,DE,DE,,1/1/00 0:00,15.57,6.3411,7/8/23 5:50,1.01,Auction Ads,auction_relation
20230807,1773548397860910 ,AU,AU,,1/1/00 0:00,15.57,6.3411,7/8/23 5:50,1.84,Auction Ads,auction_relation
20230807,1773548397860910 ,PT,PT,,1/1/00 0:00,15.57,6.3411,7/8/23 5:50,1.98,Auction Ads,auction_relation
20230807,1773548397860910 ,JO,Others,,1/1/00 0:00,15.57,6.3411,7/8/23 5:50,1.56,Auction Ads,auction_all
20230807,1773548397860910 ,PK,PK,,1/1/00 0:00,15.57,6.3411,7/8/23 5:50,1.36,Auction Ads,auction_relation
20230807,1773548397860910 ,IT,IT,,1/1/00 0:00,15.57,6.3411,7/8/23 5:50,1.36,Auction Ads,auction_relation
20230807,1773548397860910 ,FR,FR,,1/1/00 0:00,15.57,6.3411,7/8/23 5:50,1.97,Auction Ads,auction_relation
20230807,1773548397860910 ,GR,GR,,1/1/00 0:00,15.57,6.3411,7/8/23 5:50,2.11,Auction Ads,auction_relation
20230807,1773548397860910 ,EG,MENA,,1/1/00 0:00,15.57,6.3411,7/8/23 5:50,1.78,Auction Ads,auction_relation
20230807,1773548397860910 ,GB,GB,,1/1/00 0:00,15.57,6.3411,7/8/23 5:50,1.76,Auction Ads,auction_relation
20230807,1773548397860910 ,ES,ES,,1/1/00 0:00,15.57,6.3411,7/8/23 5:50,1.37,Auction Ads,auction_relation
20230807,1773548397860910 ,NZ,NZ,,1/1/00 0:00,15.57,6.3411,7/8/23 5:50,1.58,Auction Ads,auction_relation
20230807,1773548397860910 ,IL,IL,,1/1/00 0:00,15.57,6.3411,7/8/23 5:50,1.52,Auction Ads,auction_relation
20230807,1773548397860910 ,IQ,Others,,1/1/00 0:00,15.57,6.3411,7/8/23 5:50,1.56,Auction Ads,auction_all
20230807,1773548397860910 ,ZA,ZA,,1/1/00 0:00,15.57,6.3411,7/8/23 5:50,1.4,Auction Ads,auction_relation
20230807,1773548397860910 ,SE,SE,,1/1/00 0:00,15.57,6.3411,7/8/23 5:50,1.4,Auction Ads,auction_relation
20230807,1773548397860910 ,RO,RO,,1/1/00 0:00,15.57,6.3411,7/8/23 5:50,1.94,Auction Ads,auction_relation
20230807,1773548397860910 ,PL,PL,,1/1/00 0:00,15.57,6.3411,7/8/23 5:50,1.64,Auction Ads,auction_relation
20230807,1773548397860910 ,NL,NL,,1/1/00 0:00,15.57,6.3411,7/8/23 5:50,1.19,Auction Ads,auction_relation
20230807,1773548397860910 ,CH,CH,,1/1/00 0:00,15.57,6.3411,7/8/23 5:50,0.93,Auction Ads,auction_relation
20230807,1773548302030880 ,VN,VN,,1/1/00 0:00,0.8719,1.9387,7/8/23 5:50,2.14,Auction Ads,auction_relation
20230807,1773548288678920 ,TH,TH,,1/1/00 0:00,,3.3366,7/8/23 5:50,1.64,Auction Ads,auction_relation
20230807,1773548269640700 ,JP,,,1/1/00 0:00,26.2203,5.6943,7/8/23 5:50,1.53,RIE,Promote Report Recall
20230807,1773547969808390 ,US,,,1/1/00 0:00,0.03,2.7416,7/8/23 5:50,0.54,Non-Auction Ads,Promote
20230807,1773551508891680 ,BR,BR,,1/1/00 0:00,17.1,32.6283,7/8/23 5:56,1.99,Auction Ads,auction_all
20230807,1773567853399040 ,GB,GB,,1/1/00 0:00,13.84,6.2115,7/8/23 5:51,1.76,Auction Ads,auction_relation
20230807,1773571052502040 ,EC,Others,,1/1/00 0:00,,5.6708,7/8/23 5:51,1.56,Auction Ads,auction_all
20230807,1773543350304770 ,ID,,,1/1/00 0:00,1.6888,0.6851,7/8/23 5:50,0.54,Non-Auction Ads,Promote
20230807,1773547832276990 ,TH,,,1/1/00 0:00,2.92,5.7913,7/8/23 5:51,1.53,RIE,Promote Report Recall
20230807,1773548093453310 ,TR,,,1/1/00 0:00,3.0046,0.3264,7/8/23 5:50,1.53,RIE,Promote Report Recall
20230807,1773464083447800 ,VN,,,1/1/00 0:00,0.6279,0.214,7/8/23 5:50,0.54,Non-Auction Ads,Promote
20230807,1773548438956030 ,SA,MENA,,1/1/00 0:00,13.6808,5.4331,7/8/23 5:51,1.78,Auction Ads,auction_relation
20230807,1773548319473690 ,VN,VN,,1/1/00 0:00,,0.5645,7/8/23 5:50,2.14,Auction Ads,auction_relation
20230807,1773548126962690 ,MY,,,1/1/00 0:00,2.7223,0.9533,7/8/23 5:50,1.53,RIE,Promote Report Recall
20230807,1773545699059710 ,TH,,,1/1/00 0:00,0.587,1.1926,7/8/23 5:50,0.54,Non-Auction Ads,Promote
20230807,1773548762356750 ,CA,USCA,,1/1/00 0:00,,12.1808,7/8/23 5:53,1.78,Auction Ads,auction_relation
20230807,1773548743768080 ,CA,USCA,,1/1/00 0:00,13.58,12.1808,7/8/23 5:53,1.78,Auction Ads,auction_relation
20230807,1773547925508100 ,BR,,,1/1/00 0:00,1.1841,0.3531,7/8/23 5:50,0.54,Non-Auction Ads,Promote
20230807,1773541523649530 ,MY,,,1/1/00 0:00,2.1382,1.2623,7/8/23 5:50,0.54,Non-Auction Ads,Promote
20230807,1773548494925820 ,TH,TH,,1/1/00 0:00,12.3108,6.923,7/8/23 5:51,1.64,Auction Ads,auction_relation
20230807,1773548559959070 ,TH,TH,,1/1/00 0:00,5.3021,2.1144,7/8/23 5:51,1.64,Auction Ads,auction_relation
20230807,1773541646834690 ,MY,,,1/1/00 0:00,1.9847,0.796,7/8/23 5:51,0.54,Non-Auction Ads,Promote
20230807,1773548369239070 ,IT,IT,,1/1/00 0:00,4.54,2.4417,7/8/23 5:51,1.36,Auction Ads,auction_relation
20230807,1773548369249280 ,IT,IT,,1/1/00 0:00,3.86,2.4417,7/8/23 5:51,1.36,Auction Ads,auction_relation
20230807,1773548502982680 ,KR,KR,,1/1/00 0:00,11.1702,3.897,7/8/23 5:52,2.37,Auction Ads,auction_relation
20230807,1773548847053870 ,TH,TH,,1/1/00 0:00,4.3089,2.1144,7/8/23 5:51,1.64,Auction Ads,auction_relation
20230807,1773547868561410 ,TH,,,1/1/00 0:00,2.86,1.3219,7/8/23 5:51,1.53,RIE,Promote Report Recall
20230807,1773548401095730 ,TH,TH,,1/1/00 0:00,8.2815,4.34,7/8/23 5:52,1.64,Auction Ads,auction_relation
20230807,1773544669517850 ,GB,GB,,1/1/00 0:00,6.9,3.3893,7/8/23 5:52,1.76,Auction Ads,auction_relation
20230807,1773548162776060 ,US,,,1/1/00 0:00,4.28,3.3778,7/8/23 5:52,0.54,Non-Auction Ads,Promote
20230807,1773548019833860 ,US,,,1/1/00 0:00,3.69,4.11,7/8/23 5:52,0.54,Non-Auction Ads,Promote
20230807,1773548279020550 ,US,,,1/1/00 0:00,7.56,2.307,7/8/23 5:52,1.53,RIE,Promote Report Recall
20230807,1773548128337920 ,TH,,,1/1/00 0:00,13.91,2.4128,7/8/23 5:52,1.53,RIE,Promote Report Recall
20230807,1773548502178930 ,PK,PK,,1/1/00 0:00,0,0.141,7/8/23 5:52,1.36,Auction Ads,auction_relation
20230807,1773548627206160 ,NZ,NZ,,1/1/00 0:00,12.07,6.3411,7/8/23 5:54,1.58,Auction Ads,auction_relation
20230807,1773548627206160 ,AU,AU,,1/1/00 0:00,12.07,6.3411,7/8/23 5:54,1.84,Auction Ads,auction_relation
20230807,1773548666848300 ,MY,MY,,1/1/00 0:00,4.7882,8.623,7/8/23 5:54,2.31,Auction Ads,auction_relation
20230807,1773548491746330 ,TH,TH,,1/1/00 0:00,11.5009,6.8995,7/8/23 5:54,1.64,Auction Ads,auction_relation
20230807,1773542031608830 ,MY,,,1/1/00 0:00,1.5016,1.3483,7/8/23 5:53,0.54,Non-Auction Ads,Promote
20230807,1773544753279020 ,GB,GB,,1/1/00 0:00,13.31,3.3893,7/8/23 5:53,1.76,Auction Ads,auction_relation
20230807,1773544738657340 ,GB,GB,,1/1/00 0:00,5.73,3.3893,7/8/23 5:53,1.76,Auction Ads,auction_relation
20230807,1773548482569210 ,TH,TH,,1/1/00 0:00,0.5746,0.3529,7/8/23 5:53,1.64,Auction Ads,auction_relation
20230807,1770382102361100 ,FI,Other,,1/1/00 0:00,478.6283,46.2532,7/8/23 6:00,1.62,RIE,Ad Group Recall (Merged)
20230807,1773541901927440 ,MY,,,1/1/00 0:00,0.6192,0.3068,7/8/23 5:53,0.54,Non-Auction Ads,Promote
20230807,1773547712715770 ,PH,,,1/1/00 0:00,0.6027,0.2909,7/8/23 5:53,0.54,Non-Auction Ads,Promote
20230807,1773567704914990 ,US,USCA,,1/1/00 0:00,,5.6708,7/8/23 5:55,1.78,Auction Ads,auction_relation
20230807,1773568023262250 ,DE,DE,,1/1/00 0:00,7.59,5.6708,7/8/23 5:55,1.01,Auction Ads,auction_relation
20230807,1773548678235150 ,SG,SG,,1/1/00 0:00,6.78,2.9593,7/8/23 5:54,1.94,Auction Ads,auction_relation
20230807,1773548674401320 ,SG,SG,,1/1/00 0:00,6.83,2.9593,7/8/23 5:54,1.94,Auction Ads,auction_relation
20230807,1773548678235150 ,MY,MY,,1/1/00 0:00,6.78,2.9593,7/8/23 5:54,2.31,Auction Ads,auction_relation
20230807,1773548570313760 ,ID,ID,,1/1/00 0:00,1.8,2.9169,7/8/23 5:54,1.8,Auction Ads,auction_relation
20230807,1773548667294720 ,KW,,,1/1/00 0:00,31.775,17.3434,7/8/23 5:58,0.54,Non-Auction Ads,Promote
20230807,1773548558958590 ,FR,,,1/1/00 0:00,40.8937,3.2906,7/8/23 5:55,0.54,Non-Auction Ads,Promote
20230807,1773549029467250 ,AU,AU,,1/1/00 0:00,43.3,47.5342,7/8/23 6:00,1.84,Auction Ads,auction_relation
20230807,1773549029467250 ,GB,GB,,1/1/00 0:00,43.3,47.5342,7/8/23 6:00,1.76,Auction Ads,auction_relation
20230807,1773548531326980 ,ES,,,1/1/00 0:00,25.3987,8.2682,7/8/23 5:56,0.54,Non-Auction Ads,Promote
20230807,1773548751441930 ,ID,ID,,1/1/00 0:00,,2.7556,7/8/23 5:55,1.8,Auction Ads,auction_relation
20230807,1773548482712570 ,TH,,,1/1/00 0:00,5.358,1.345,7/8/23 5:55,1.53,RIE,Promote Report Recall
20230807,1773548099432440 ,PH,,,1/1/00 0:00,0.3684,0.0941,7/8/23 5:55,0.54,Non-Auction Ads,Promote
20230807,1773549029581820 ,TW,TW,,1/1/00 0:00,4.8,9.1553,7/8/23 5:56,0.95,Auction Ads,auction_relation
20230807,1773548522176510 ,SA,,,1/1/00 0:00,41.4871,1.7692,7/8/23 5:55,0.54,Non-Auction Ads,Promote
20230807,1773375980630010 ,SA,,,1/1/00 0:00,1.2795,0.5537,7/8/23 5:55,0.54,Non-Auction Ads,Promote
20230807,1773548781875200 ,EG,MENA,,1/1/00 0:00,2.6095,3.3887,7/8/23 5:55,1.67,RIE,Ad Group Recall (Merged)
20230807,1773548781875200 ,TR,TR,,1/1/00 0:00,2.6095,3.3887,7/8/23 5:55,1.63,RIE,Ad Group Recall (Merged)
20230807,1773548781875200 ,KR,KR,,1/1/00 0:00,2.6095,3.3887,7/8/23 5:55,2.18,RIE,Ad Group Recall (Merged)
20230807,1773548781875200 ,SA,MENA,,1/1/00 0:00,2.6095,3.3887,7/8/23 5:55,1.67,RIE,Ad Group Recall (Merged)
20230807,1773548781875200 ,AE,MENA,,1/1/00 0:00,2.6095,3.3887,7/8/23 5:55,1.67,RIE,Ad Group Recall (Merged)
20230807,1773548781875200 ,KW,Other,,1/1/00 0:00,2.6095,3.3887,7/8/23 5:55,1.62,RIE,Ad Group Recall (Merged)
20230807,1773464890618880 ,VN,,,1/1/00 0:00,0.6101,0.2624,7/8/23 5:55,0.54,Non-Auction Ads,Promote
20230807,1773549092537370 ,US,US&CA,,1/1/00 0:00,,8.4663,7/8/23 5:57,1.81,RIE,Ad Group Recall (Merged)
20230807,1773548605195310 ,VN,VN,,1/1/00 0:00,8.71,1.6594,7/8/23 5:56,2.14,Auction Ads,auction_relation
20230807,1773548680554540 ,ID,ID,,1/1/00 0:00,1.46,2.9169,7/8/23 5:56,1.8,Auction Ads,auction_relation
20230807,1773549294900220 ,JP,JP,,1/1/00 0:00,30.9519,35.6751,7/8/23 6:00,2.16,Auction Ads,auction_all
20230807,1773548217771010 ,TH,,,1/1/00 0:00,6.64,5.1821,7/8/23 5:57,1.53,RIE,Promote Report Recall
20230807,1773548724417580 ,ID,ID,,1/1/00 0:00,1.7,3.0361,7/8/23 5:56,1.8,Auction Ads,auction_relation
20230807,1773548909959210 ,KR,KR,,1/1/00 0:00,12.5412,3.897,7/8/23 5:56,2.37,Auction Ads,auction_relation
20230807,1773545697670140 ,TH,,,1/1/00 0:00,2.5994,0.6016,7/8/23 5:56,0.54,Non-Auction Ads,Promote
20230807,1773549019288620 ,TH,TH,,1/1/00 0:00,9.149,0.8433,7/8/23 5:56,1.64,Auction Ads,auction_relation
20230807,1773548662953000 ,TH,TH,,1/1/00 0:00,0.0097,0.3529,7/8/23 5:56,1.64,Auction Ads,auction_relation
20230807,1773547761462270 ,US,,,1/1/00 0:00,7.27,3.0955,7/8/23 5:56,0.54,Non-Auction Ads,Promote
20230807,1773541958353920 ,MY,,,1/1/00 0:00,0.9793,1.1307,7/8/23 5:56,0.54,Non-Auction Ads,Promote
20230807,1773548674890750 ,PH,,,1/1/00 0:00,48.9959,6.5097,7/8/23 5:58,0.54,Non-Auction Ads,Promote
20230807,1773548635788290 ,TH,,,1/1/00 0:00,2.23,2.6704,7/8/23 5:57,1.53,RIE,Promote Report Recall
20230807,1773548765308940 ,TH,TH,,1/1/00 0:00,11.4707,5.4772,7/8/23 5:58,1.64,Auction Ads,auction_relation
20230807,1773548773910530 ,TH,TH,,1/1/00 0:00,9.4757,5.4772,7/8/23 5:58,1.64,Auction Ads,auction_relation
20230807,1773548773902380 ,TH,TH,,1/1/00 0:00,4.1925,5.4772,7/8/23 5:58,1.64,Auction Ads,auction_relation
20230807,1773548769067040 ,TH,TH,,1/1/00 0:00,4.0591,5.4772,7/8/23 5:58,1.64,Auction Ads,auction_relation
20230807,1773554265110570 ,US,US&CA,,1/1/00 0:00,200.12,103.7638,7/8/23 6:11,1.81,RIE,Ad Group Recall (Merged)
20230807,1773523090276350 ,TR,,,1/1/00 0:00,0.7319,0.8357,7/8/23 5:57,0.54,Non-Auction Ads,Promote
20230807,1773545744171040 ,QA,Others,,1/1/00 0:00,11.31,7.2186,7/8/23 5:58,1.56,Auction Ads,auction_all
20230807,1773549329604640 ,BR,BR,,1/1/00 0:00,44.66,9.66,7/8/23 5:59,1.99,Auction Ads,auction_all
20230807,1773549329601560 ,BR,BR,,1/1/00 0:00,41.12,9.66,7/8/23 5:59,1.99,Auction Ads,auction_all
20230807,1773548993428490 ,TH,TH,,1/1/00 0:00,4.9936,0.3529,7/8/23 5:57,1.64,Auction Ads,auction_relation
20230807,1773547953355770 ,PH,,,1/1/00 0:00,0.5803,0.4799,7/8/23 5:57,0.54,Non-Auction Ads,Promote
20230807,1773467275674620 ,SA,,,1/1/00 0:00,1.2048,0.756,7/8/23 5:58,0.54,Non-Auction Ads,Promote
20230807,1773548807326750 ,TH,TH,,1/1/00 0:00,5.7471,4.4457,7/8/23 5:58,1.64,Auction Ads,auction_relation
20230807,1773548807326750 ,TH,TH,,1/1/00 0:00,5.7471,4.4457,7/8/23 5:58,1.64,Auction Ads,auction_relation
20230807,1773549168775200 ,ID,ID,,1/1/00 0:00,20.01,6.4937,7/8/23 5:59,1.8,Auction Ads,auction_relation
20230807,1773548722953210 ,SA,,,1/1/00 0:00,67.9533,7.339,7/8/23 5:59,0.54,Non-Auction Ads,Promote
20230807,1773551649348650 ,QA,Others,,1/1/00 0:00,,1.8472,7/8/23 5:58,1.56,Auction Ads,auction_all
20230807,1773551649348650 ,AE,MENA,,1/1/00 0:00,,1.8472,7/8/23 5:58,1.78,Auction Ads,auction_relation
20230807,1773551649348650 ,QA,Others,,1/1/00 0:00,,1.8472,7/8/23 5:58,1.56,Auction Ads,auction_all
20230807,1773551649348650 ,KW,Others,,1/1/00 0:00,,1.8472,7/8/23 5:58,1.56,Auction Ads,auction_all
20230807,1773551649348650 ,SA,MENA,,1/1/00 0:00,,1.8472,7/8/23 5:58,1.78,Auction Ads,auction_relation
20230807,1773548828702720 ,ID,ID,,1/1/00 0:00,,2.7556,7/8/23 5:58,1.8,Auction Ads,auction_relation
20230807,1773548778632190 ,KH,,,1/1/00 0:00,5.1327,3.3258,7/8/23 5:59,0.54,Non-Auction Ads,Promote
20230807,1773549090961420 ,ID,ID,,1/1/00 0:00,1.13,3.0361,7/8/23 5:59,1.8,Auction Ads,auction_relation
20230807,1773548900205610 ,ID,ID,,1/1/00 0:00,,2.7556,7/8/23 5:59,1.8,Auction Ads,auction_relation
20230807,1773565778335770 ,RO,Other,,1/1/00 0:00,39.05,7.2416,7/8/23 6:00,1.62,RIE,Ad Group Recall (Merged)
20230807,1773548227600380 ,PH,,,1/1/00 0:00,0.6822,0.4325,7/8/23 5:59,0.54,Non-Auction Ads,Promote
20230807,1773545367333900 ,FR,FR,,1/1/00 0:00,1.56,1.8374,7/8/23 5:59,1.97,Auction Ads,auction_relation
20230807,1773564989771790 ,DE,DE,,1/1/00 0:00,22.07,7.2416,7/8/23 6:00,1.01,Auction Ads,auction_relation
20230807,1773571672395770 ,EG,MENA,,1/1/00 0:00,0.77,5.6708,7/8/23 6:00,1.78,Auction Ads,auction_relation
20230807,1773571672395770 ,EG,MENA,,1/1/00 0:00,0.77,5.6708,7/8/23 6:00,1.78,Auction Ads,auction_relation
20230807,1773558700890130 ,IT,IT,,1/1/00 0:00,4.97,5.7286,7/8/23 6:00,1.36,Auction Ads,auction_relation
20230807,1773548281070590 ,KH,,,1/1/00 0:00,0.9504,0.3531,7/8/23 5:59,0.54,Non-Auction Ads,Promote
20230807,1773503896898570 ,BE,Other,,1/1/00 0:00,18.9,4.2416,7/8/23 6:00,1.62,RIE,Ad Group Recall (Merged)
20230807,1773556818108430 ,GB,GB,,1/1/00 0:00,3.24,5.7286,7/8/23 6:00,1.76,Auction Ads,auction_relation
20230807,1773533283318810 ,GB,GB,,1/1/00 0:00,,8.7395,7/8/23 6:00,1.76,Auction Ads,auction_relation
20230807,1773533283328000 ,GB,GB,,1/1/00 0:00,7.69,8.7395,7/8/23 6:00,1.76,Auction Ads,auction_relation
20230807,1773533283318810 ,CA,USCA,,1/1/00 0:00,,8.7395,7/8/23 6:00,1.78,Auction Ads,auction_relation
20230807,1773533283318810 ,US,USCA,,1/1/00 0:00,,8.7395,7/8/23 6:00,1.78,Auction Ads,auction_relation
20230807,1773574464480270 ,US,USCA,,1/1/00 0:00,6.31,3.1006,7/8/23 6:00,1.78,Auction Ads,auction_relation
20230807,1773549319234560 ,TH,TH,,1/1/00 0:00,6.4327,10.4282,7/8/23 6:00,1.64,Auction Ads,auction_relation
20230807,1773546216950780 ,IQ,Other,,1/1/00 0:00,18.96,5.24,7/8/23 6:00,1.62,RIE,Ad Group Recall (Merged)
20230807,1773564598039660 ,NL,NL,,1/1/00 0:00,10.43,7.2416,7/8/23 6:00,1.19,Auction Ads,auction_relation
20230807,1773562562465790 ,US,US&CA,,1/1/00 0:00,13.76,4.5553,7/8/23 6:00,1.81,RIE,Ad Group Recall (Merged)
20230807,1773534772589570 ,GB,GB,,1/1/00 0:00,11.25,1.5356,7/8/23 6:00,1.76,Auction Ads,auction_relation
20230807,1773534772589570 ,GB,GB,,1/1/00 0:00,11.25,1.5356,7/8/23 6:00,1.72,RIE,Ad Group Recall (Merged)
20230807,1773534772589570 ,US,US&CA,,1/1/00 0:00,11.25,1.5356,7/8/23 6:00,1.81,RIE,Ad Group Recall (Merged)
20230807,1773534772579360 ,GB,GB,,1/1/00 0:00,5.42,1.5356,7/8/23 6:00,1.76,Auction Ads,auction_relation
20230807,1773534138403840 ,GB,GB,,1/1/00 0:00,14.52,1.5356,7/8/23 6:00,1.76,Auction Ads,auction_relation
20230807,1773540312685600 ,CA,US&CA,,1/1/00 0:00,14.34,1.5356,7/8/23 6:00,1.81,RIE,Ad Group Recall (Merged)
20230807,1773564782764040 ,ZA,ZA,,1/1/00 0:00,0.33,7.2416,7/8/23 6:00,1.4,Auction Ads,auction_relation
20230807,1773560885958690 ,PL,PL,,1/1/00 0:00,40.38,7.2416,7/8/23 6:00,1.64,Auction Ads,auction_relation
20230807,1773535844324360 ,GB,GB,,1/1/00 0:00,6.73,8.7395,7/8/23 6:00,1.76,Auction Ads,auction_relation
20230807,1773549225968680 ,TH,TH,,1/1/00 0:00,,1.1161,7/8/23 6:00,1.64,Auction Ads,auction_relation
20230807,1773548767670270 ,US,,,1/1/00 0:00,3.44,1.25,7/8/23 6:00,0.54,Non-Auction Ads,Promote
20230807,1773528093143100 ,US,US&CA,,1/1/00 0:00,7.32,9.1505,7/8/23 6:00,1.81,RIE,Ad Group Recall (Merged)
20230807,1773562673254410 ,US,US&CA,,1/1/00 0:00,4.74,4.5553,7/8/23 6:00,1.81,RIE,Ad Group Recall (Merged)
20230807,1773526162872320 ,CA,USCA,,1/1/00 0:00,,8.7395,7/8/23 6:00,1.78,Auction Ads,auction_relation
20230807,1773526162872320 ,US,USCA,,1/1/00 0:00,,8.7395,7/8/23 6:00,1.78,Auction Ads,auction_relation
20230807,1773523652938750 ,TR,,,1/1/00 0:00,0.6604,0.0025,7/8/23 6:00,0.54,Non-Auction Ads,Promote
20230807,1773535167761450 ,BR,BR,,1/1/00 0:00,2.7421,2.2904,7/8/23 6:00,1.99,Auction Ads,auction_all
20230807,1773535177294880 ,BR,BR,,1/1/00 0:00,2.7381,2.2904,7/8/23 6:00,1.99,Auction Ads,auction_all
20230807,1773535124552720 ,BR,BR,,1/1/00 0:00,2.4324,2.2904,7/8/23 6:00,1.99,Auction Ads,auction_all
20230807,1773559891394600 ,GB,GB,,1/1/00 0:00,2.62,5.7286,7/8/23 6:00,1.76,Auction Ads,auction_relation
20230807,1773548585144340 ,US,,,1/1/00 0:00,12.82,2.2792,7/8/23 6:00,0.54,Non-Auction Ads,Promote
20230807,1773533210438670 ,PK,PK,,1/1/00 0:00,3.23,1.1644,7/8/23 6:00,1.36,Auction Ads,auction_relation
20230807,1773549042429960 ,KH,KH,,1/1/00 0:00,5.5048,1.8581,7/8/23 6:00,1.5,Auction Ads,auction_relation
20230807,1773548724694020 ,TH,,,1/1/00 0:00,4.64,2.7031,7/8/23 6:00,1.53,RIE,Promote Report Recall
20230807,1773521155017730 ,NL,,,1/1/00 0:00,2.5089,1.5724,7/8/23 6:00,0.54,Non-Auction Ads,Promote
20230807,1773547614815230 ,PH,,,1/1/00 0:00,0.5935,0.1755,7/8/23 6:00,0.54,Non-Auction Ads,Promote
20230807,1773545258779680 ,US,USCA,,1/1/00 0:00,15.68,15.691,7/8/23 6:01,1.78,Auction Ads,auction_relation
20230807,1773545258779680 ,CA,USCA,,1/1/00 0:00,15.68,15.691,7/8/23 6:01,1.78,Auction Ads,auction_relation
20230807,1773548734464000 ,KH,,,1/1/00 0:00,0.6725,0.2421,7/8/23 6:00,0.54,Non-Auction Ads,Promote
20230807,1773562208037930 ,GB,GB,,1/1/00 0:00,41.24,7.2416,7/8/23 6:01,1.76,Auction Ads,auction_relation
20230807,1773548920315930 ,KR,KR,,1/1/00 0:00,,6.5817,7/8/23 6:01,2.18,RIE,Ad Group Recall (Merged)
20230807,1773548911869960 ,KR,KR,,1/1/00 0:00,,6.5817,7/8/23 6:01,2.18,RIE,Ad Group Recall (Merged)
20230807,1773567953547290 ,US,USCA,,1/1/00 0:00,4.39,3.664,7/8/23 6:01,1.78,Auction Ads,auction_relation
20230807,1773548914990120 ,CA,US&CA,,1/1/00 0:00,89.74,26.2898,7/8/23 6:05,1.81,RIE,Ad Group Recall (Merged)
20230807,1773548823219200 ,US,,,1/1/00 0:00,3.26,1.2992,7/8/23 6:01,0.54,Non-Auction Ads,Promote
20230807,1773549453781000 ,MY,MY,,1/1/00 0:00,0.85,0.6395,7/8/23 6:00,2.31,Auction Ads,auction_relation
20230807,1773549445809200 ,MY,MY,,1/1/00 0:00,0.88,0.6395,7/8/23 6:00,2.31,Auction Ads,auction_relation
20230807,1773549445809200 ,SG,Other,,1/1/00 0:00,0.88,0.6395,7/8/23 6:00,1.62,RIE,Ad Group Recall (Merged)
20230807,1773549445809200 ,MY,MY,,1/1/00 0:00,0.88,0.6395,7/8/23 6:00,2.3,RIE,Ad Group Recall (Merged)
20230807,1773549454350380 ,MY,MY,,1/1/00 0:00,0.88,0.6395,7/8/23 6:00,2.31,Auction Ads,auction_relation
20230807,1773549454350380 ,SG,Other,,1/1/00 0:00,0.88,0.6395,7/8/23 6:00,1.62,RIE,Ad Group Recall (Merged)
20230807,1773549453781000 ,MY,MY,,1/1/00 0:00,0.85,0.6395,7/8/23 6:00,2.3,RIE,Ad Group Recall (Merged)
20230807,1773549453781000 ,MY,MY,,1/1/00 0:00,0.85,0.6395,7/8/23 6:00,2.3,RIE,Ad Group Recall (Merged)
20230807,1773549454350380 ,MY,MY,,1/1/00 0:00,0.88,0.6395,7/8/23 6:00,2.3,RIE,Ad Group Recall (Merged)
20230807,1773549445809200 ,MY,MY,,1/1/00 0:00,0.88,0.6395,7/8/23 6:00,2.3,RIE,Ad Group Recall (Merged)
20230807,1773549453781000 ,SG,Other,,1/1/00 0:00,0.85,0.6395,7/8/23 6:00,1.62,RIE,Ad Group Recall (Merged)
20230807,1773549123089450 ,JP,JP,,1/1/00 0:00,0,0,7/8/23 6:00,2.16,Auction Ads,auction_all
20230807,1773549036114990 ,TH,TH,,1/1/00 0:00,,3.4157,7/8/23 6:01,1.64,Auction Ads,auction_relation
20230807,1773549036124190 ,TH,TH,,1/1/00 0:00,,3.4157,7/8/23 6:01,1.64,Auction Ads,auction_relation
20230807,1773548538180620 ,CO,CO,,1/1/00 0:00,,0.3296,7/8/23 6:01,1.93,Auction Ads,auction_all
20230807,1773549404290050 ,JP,JP,,1/1/00 0:00,29.4931,35.6751,7/8/23 6:07,2.16,Auction Ads,auction_all
20230807,1773550164314140 ,BR,BR,,1/1/00 0:00,3495.32,73.0001,7/8/23 6:12,1.7,RIE,Ad Group Recall (Merged)
20230807,1773550164314140 ,BR,BR,,1/1/00 0:00,3495.32,73.0001,7/8/23 6:12,1.99,Auction Ads,auction_all
20230807,1773567974047760 ,BE,BE,,1/1/00 0:00,36.99,7.2416,7/8/23 6:01,1.15,Auction Ads,auction_relation
20230807,1773549183854640 ,TW,TW,,1/1/00 0:00,37.95,10.3111,7/8/23 6:02,2.59,RIE,Ad Group Recall (Merged)
20230807,1773535129553960 ,BR,BR,,1/1/00 0:00,2.4996,2.2904,7/8/23 6:01,1.99,Auction Ads,auction_all
20230807,1773549104934940 ,NZ,NZ,,1/1/00 0:00,,5.2325,7/8/23 6:01,1.58,Auction Ads,auction_relation
20230807,1773549104934940 ,US,USCA,,1/1/00 0:00,,5.2325,7/8/23 6:01,1.78,Auction Ads,auction_relation
20230807,1773549104934940 ,SE,SE,,1/1/00 0:00,,5.2325,7/8/23 6:01,1.4,Auction Ads,auction_relation
20230807,1773549104934940 ,GB,GB,,1/1/00 0:00,,5.2325,7/8/23 6:01,1.76,Auction Ads,auction_relation
20230807,1773549104934940 ,FI,Others,,1/1/00 0:00,,5.2325,7/8/23 6:01,1.56,Auction Ads,auction_all
20230807,1773549104934940 ,CA,USCA,,1/1/00 0:00,,5.2325,7/8/23 6:01,1.78,Auction Ads,auction_relation
20230807,1773548953837570 ,TH,,,1/1/00 0:00,12.11,9.7542,7/8/23 6:02,1.53,RIE,Promote Report Recall
20230807,1773549291961390 ,IQ,Others,,1/1/00 0:00,45.36,11.6766,7/8/23 6:03,1.56,Auction Ads,auction_all
20230807,1773549291961390 ,IQ,Other,,1/1/00 0:00,45.36,11.6766,7/8/23 6:03,1.62,RIE,Ad Group Recall (Merged)
20230807,1773465721238530 ,VN,,,1/1/00 0:00,0.9011,0.6886,7/8/23 6:01,0.54,Non-Auction Ads,Promote
20230807,1773548983830580 ,TH,,,1/1/00 0:00,14.96,9.1843,7/8/23 6:03,1.53,RIE,Promote Report Recall
20230807,1773549195445280 ,BR,BR,,1/1/00 0:00,0.4807,5.0622,7/8/23 6:01,1.99,Auction Ads,auction_all
20230807,1773549047314430 ,GB,,,1/1/00 0:00,226.6373,19.6972,7/8/23 6:05,0.54,Non-Auction Ads,Promote
20230807,1773549136189480 ,KR,KR,,1/1/00 0:00,12.7935,3.897,7/8/23 6:01,2.37,Auction Ads,auction_relation
20230807,1773549353359360 ,TH,TH,,1/1/00 0:00,,4.1009,7/8/23 6:02,1.64,Auction Ads,auction_relation
20230807,1773549908743200 ,BR,BR,,1/1/00 0:00,36.82,53.8438,7/8/23 6:11,1.99,Auction Ads,auction_all
20230807,1773549901490170 ,BR,BR,,1/1/00 0:00,28.86,53.8438,7/8/23 6:11,1.99,Auction Ads,auction_all
20230807,1773549901490170 ,BR,BR,,1/1/00 0:00,28.86,53.8438,7/8/23 6:11,1.7,RIE,Ad Group Recall (Merged)
20230807,1773549908743200 ,BR,BR,,1/1/00 0:00,36.82,53.8438,7/8/23 6:11,1.7,RIE,Ad Group Recall (Merged)
20230807,1773549182850090 ,TH,TH,,1/1/00 0:00,,3.4157,7/8/23 6:02,1.64,Auction Ads,auction_relation
20230807,1773549054644270 ,ID,ID,,1/1/00 0:00,0.043,0.8773,7/8/23 6:01,1.8,Auction Ads,auction_relation
20230807,1773549054644270 ,ID,ID,,1/1/00 0:00,0.043,0.8773,7/8/23 6:01,1.8,Auction Ads,auction_relation
20230807,1773551144206350 ,BR,BR,,1/1/00 0:00,,0,7/8/23 6:01,1.99,Auction Ads,auction_all
20230807,1773549021893630 ,HU,,,1/1/00 0:00,14.334,2.908,7/8/23 6:02,0.54,Non-Auction Ads,Promote
20230807,1773568143742000 ,IE,IE,,1/1/00 0:00,15.5,5.6708,7/8/23 6:04,1.52,Auction Ads,auction_relation
20230807,1773548949166080 ,ID,,,1/1/00 0:00,23.9421,0.2493,7/8/23 6:02,0.54,Non-Auction Ads,Promote
20230807,1773546562285570 ,TH,,,1/1/00 0:00,14.03,1.827,7/8/23 6:03,1.53,RIE,Promote Report Recall
20230807,1773546908362760 ,US,USCA,,1/1/00 0:00,34.33,49.5589,7/8/23 6:11,1.78,Auction Ads,auction_relation
20230807,1773546926310410 ,US,USCA,,1/1/00 0:00,34.24,49.5589,7/8/23 6:11,1.78,Auction Ads,auction_relation
20230807,1773546908372010 ,US,USCA,,1/1/00 0:00,31.5,49.5589,7/8/23 6:11,1.78,Auction Ads,auction_relation
20230807,1773548488719360 ,PH,,,1/1/00 0:00,0.2944,0.1155,7/8/23 6:03,0.54,Non-Auction Ads,Promote
20230807,1773549071080480 ,ES,ES,,1/1/00 0:00,0.65,2.6936,7/8/23 6:04,1.37,Auction Ads,auction_relation
20230807,1773543023355900 ,MY,,,1/1/00 0:00,0.887,0.4574,7/8/23 6:03,0.54,Non-Auction Ads,Promote
20230807,1773549390744620 ,TH,TH,,1/1/00 0:00,1.13,0.5579,7/8/23 6:03,1.64,Auction Ads,auction_relation
20230807,1773551296655370 ,PH,PH,,1/1/00 0:00,,0.7868,7/8/23 6:04,2.46,Auction Ads,auction_relation
20230807,1773548260233220 ,RO,,,1/1/00 0:00,1.0101,0.2828,7/8/23 6:04,0.54,Non-Auction Ads,Promote
20230807,1773549226079230 ,TH,TH,,1/1/00 0:00,,3.4157,7/8/23 6:04,1.64,Auction Ads,auction_relation
20230807,1773575775469560 ,PL,PL,,1/1/00 0:00,12.18,5.6708,7/8/23 6:05,1.84,RIE,Ad Group Recall (Merged)
20230807,1773575775469560 ,PL,PL,,1/1/00 0:00,12.18,5.6708,7/8/23 6:05,1.64,Auction Ads,auction_relation
20230807,1773549154556960 ,JP,JP,,1/1/00 0:00,2.9459,0,7/8/23 6:04,2.16,Auction Ads,auction_all
20230807,1773549154544650 ,JP,JP,,1/1/00 0:00,0,0,7/8/23 6:04,2.16,Auction Ads,auction_all
20230807,1773549154594810 ,JP,JP,,1/1/00 0:00,,0,7/8/23 6:04,2.16,Auction Ads,auction_all
20230807,1773549161904120 ,JP,JP,,1/1/00 0:00,,0,7/8/23 6:04,2.16,Auction Ads,auction_all
20230807,1773524101857280 ,TR,,,1/1/00 0:00,0.6884,0.4346,7/8/23 6:04,0.54,Non-Auction Ads,Promote
20230807,1773465895595000 ,VN,,,1/1/00 0:00,1.2711,0.3142,7/8/23 6:04,0.54,Non-Auction Ads,Promote
20230807,1773549560943630 ,BR,BR,,1/1/00 0:00,39.97,1.3267,7/8/23 6:04,1.99,Auction Ads,auction_all
20230807,1773549276958810 ,ID,ID,,1/1/00 0:00,6.2,6.4937,7/8/23 6:05,1.8,Auction Ads,auction_relation
20230807,1773548942133240 ,KH,,,1/1/00 0:00,0.8541,0.5574,7/8/23 6:04,0.54,Non-Auction Ads,Promote
20230807,1773549828804620 ,IQ,Others,,1/1/00 0:00,9.35,3.7905,7/8/23 6:05,1.56,Auction Ads,auction_all
20230807,1773549320353820 ,VN,VN,,1/1/00 0:00,0.3856,0.6796,7/8/23 6:04,2.14,Auction Ads,auction_relation
20230807,1773545433611290 ,GB,GB,,1/1/00 0:00,13.1568,0,7/8/23 6:04,1.76,Auction Ads,auction_relation
20230807,1773545713527850 ,FR,FR,,1/1/00 0:00,1.54,1.8374,7/8/23 6:05,1.97,Auction Ads,auction_relation
20230807,1773525117033470 ,TR,,,1/1/00 0:00,6.353,0.8816,7/8/23 6:05,0.54,Non-Auction Ads,Promote
20230807,1773548830006270 ,JP,,,1/1/00 0:00,17.2235,2.5549,7/8/23 6:05,0.54,Non-Auction Ads,Promote
20230807,1773549369641000 ,ID,ID,,1/1/00 0:00,,2.7556,7/8/23 6:05,1.8,Auction Ads,auction_relation
20230807,1773568254633980 ,AU,AU,,1/1/00 0:00,3.27,5.6708,7/8/23 6:06,1.84,Auction Ads,auction_relation
20230807,1773465898891260 ,VN,,,1/1/00 0:00,1.4318,0.95,7/8/23 6:05,0.54,Non-Auction Ads,Promote
20230807,1773549652600860 ,SA,MENA,,1/1/00 0:00,,3.1909,7/8/23 6:05,1.78,Auction Ads,auction_relation
20230807,1773545888996350 ,TH,,,1/1/00 0:00,0.5941,0.6203,7/8/23 6:05,0.54,Non-Auction Ads,Promote
20230807,1773563819190320 ,US,USCA,,1/1/00 0:00,32.52,7.2416,7/8/23 6:06,1.78,Auction Ads,auction_relation
20230807,1773548886943740 ,JP,,,1/1/00 0:00,4.3147,2.5549,7/8/23 6:05,0.54,Non-Auction Ads,Promote
20230807,1773465918686200 ,VN,,,1/1/00 0:00,0.7211,0.1879,7/8/23 6:05,0.54,Non-Auction Ads,Promote
20230807,1773549394284560 ,ID,ID,,1/1/00 0:00,6.15,6.4937,7/8/23 6:07,1.8,Auction Ads,auction_relation
20230807,1773562737858600 ,PK,PK,,1/1/00 0:00,1.53,2.7907,7/8/23 6:06,1.36,Auction Ads,auction_relation
20230807,1773550017117210 ,BR,BR,,1/1/00 0:00,1.55,17.8965,7/8/23 6:08,1.99,Auction Ads,auction_all
20230807,1773550017117210 ,BR,BR,,1/1/00 0:00,1.55,17.8965,7/8/23 6:08,1.7,RIE,Ad Group Recall (Merged)
20230807,1773579654693920 ,MY,MY,,1/1/00 0:00,5.27,5.6708,7/8/23 6:07,2.31,Auction Ads,auction_relation
20230807,1773549342373920 ,VN,VN,,1/1/00 0:00,,3.1282,7/8/23 6:06,2.14,Auction Ads,auction_relation
20230807,1773549411206140 ,PK,PK,,1/1/00 0:00,1.07,0.45,7/8/23 6:05,1.36,Auction Ads,auction_relation
20230807,1773549248847900 ,JP,JP,,1/1/00 0:00,17.9323,0,7/8/23 6:05,2.16,Auction Ads,auction_all
20230807,1773549082219560 ,TH,TH,,1/1/00 0:00,,3.4157,7/8/23 6:06,1.64,Auction Ads,auction_relation
20230807,1773549315764270 ,TH,TH,,1/1/00 0:00,,3.4157,7/8/23 6:06,1.64,Auction Ads,auction_relation
20230807,1773549652301930 ,PL,PL,,1/1/00 0:00,2.62,1.3821,7/8/23 6:06,1.64,Auction Ads,auction_relation
20230807,1773545981522940 ,TH,,,1/1/00 0:00,0.5959,0.4356,7/8/23 6:06,0.54,Non-Auction Ads,Promote
20230807,1773553295121420 ,FI,Others,,1/1/00 0:00,9.9,10.482,7/8/23 6:08,1.56,Auction Ads,auction_all
20230807,1773548898740240 ,US,,,1/1/00 0:00,17.79,3.2,7/8/23 6:07,0.54,Non-Auction Ads,Promote
20230807,1773549582230560 ,JP,JP,,1/1/00 0:00,,25.929,7/8/23 6:11,2.16,Auction Ads,auction_all
20230807,1773549475973120 ,JP,JP,,1/1/00 0:00,69.2681,25.929,7/8/23 6:11,2.16,Auction Ads,auction_all
20230807,1773549481336860 ,JP,JP,,1/1/00 0:00,,25.929,7/8/23 6:11,2.16,Auction Ads,auction_all
20230807,1773549475962910 ,JP,JP,,1/1/00 0:00,0,25.929,7/8/23 6:11,2.16,Auction Ads,auction_all
20230807,1773549475981340 ,JP,JP,,1/1/00 0:00,93.0154,25.929,7/8/23 6:11,2.16,Auction Ads,auction_all
20230807,1773549582240760 ,JP,JP,,1/1/00 0:00,,25.929,7/8/23 6:11,2.16,Auction Ads,auction_all
20230807,1773549471320110 ,JP,JP,,1/1/00 0:00,182.333,25.929,7/8/23 6:11,2.16,Auction Ads,auction_all
20230807,1773549578339360 ,JP,JP,,1/1/00 0:00,,25.929,7/8/23 6:11,2.16,Auction Ads,auction_all
20230807,1773549582222330 ,JP,JP,,1/1/00 0:00,,25.929,7/8/23 6:11,2.16,Auction Ads,auction_all
20230807,1773549287755820 ,JP,JP,,1/1/00 0:00,0,0,7/8/23 6:06,2.16,Auction Ads,auction_all
20230807,1773572127266830 ,AE,MENA,,1/1/00 0:00,13.39,5.6708,7/8/23 6:08,1.67,RIE,Ad Group Recall (Merged)
20230807,1773548787929090 ,TH,,,1/1/00 0:00,8.69,1.7997,7/8/23 6:07,1.53,RIE,Promote Report Recall
20230807,1773549539830810 ,PH,PH,,1/1/00 0:00,,6.2313,7/8/23 6:08,2.46,Auction Ads,auction_relation
20230807,1773465364079610 ,VN,,,1/1/00 0:00,1.1586,0.4691,7/8/23 6:07,0.54,Non-Auction Ads,Promote
20230807,1773548930638850 ,US,,,1/1/00 0:00,3.92,3.14,7/8/23 6:07,0.54,Non-Auction Ads,Promote
20230807,1773545869929470 ,TH,,,1/1/00 0:00,6.396,2.5991,7/8/23 6:07,0.54,Non-Auction Ads,Promote
20230807,1773545869929470 ,TH,,,1/1/00 0:00,6.396,2.5991,7/8/23 6:07,0.54,Non-Auction Ads,Promote
20230807,1773549339607040 ,JP,JP,,1/1/00 0:00,8.6775,0,7/8/23 6:07,2.16,Auction Ads,auction_all
20230807,1773466239971320 ,VN,,,1/1/00 0:00,16.6281,0.572,7/8/23 6:07,0.54,Non-Auction Ads,Promote
20230807,1773466239971320 ,VN,,,1/1/00 0:00,16.6281,0.572,7/8/23 6:07,0.54,Non-Auction Ads,Promote
20230807,1773549444680720 ,HU,Others,,1/1/00 0:00,5.3,2.7866,7/8/23 6:08,1.56,Auction Ads,auction_all
20230807,1773549468540960 ,MY,MY,,1/1/00 0:00,2.91,1.7655,7/8/23 6:07,2.31,Auction Ads,auction_relation
20230807,1773564735408170 ,KH,Other,,1/1/00 0:00,8.79,9.2647,7/8/23 6:09,1.62,RIE,Ad Group Recall (Merged)
20230807,1773549706211360 ,SA,MENA,,1/1/00 0:00,12.4736,5.4331,7/8/23 6:08,1.78,Auction Ads,auction_relation
20230807,1773549247150080 ,US,,,1/1/00 0:00,4.27,0.9733,7/8/23 6:08,0.54,Non-Auction Ads,Promote
20230807,1773549505803280 ,TH,TH,,1/1/00 0:00,3.52,2.3633,7/8/23 6:08,1.64,Auction Ads,auction_relation
20230807,1773549391624210 ,JP,JP,,1/1/00 0:00,28.9545,0,7/8/23 6:08,2.16,Auction Ads,auction_all
20230807,1773549672619020 ,TH,TH,,1/1/00 0:00,5.4081,6.923,7/8/23 6:09,1.64,Auction Ads,auction_relation
20230807,1773549893945360 ,US,USCA,,1/1/00 0:00,69.09,10.1361,7/8/23 6:10,1.78,Auction Ads,auction_relation
20230807,1773549513694240 ,ID,ID,,1/1/00 0:00,0.58,0,7/8/23 6:08,1.8,Auction Ads,auction_relation
20230807,1773549442253870 ,ID,ID,,1/1/00 0:00,10.98,2.7556,7/8/23 6:08,1.8,Auction Ads,auction_relation
20230807,1773466367180800 ,VN,,,1/1/00 0:00,2.3752,0.2096,7/8/23 6:08,0.54,Non-Auction Ads,Promote
20230807,1773549515623440 ,KW,Others,,1/1/00 0:00,6.18,4.2763,7/8/23 6:09,1.56,Auction Ads,auction_all
20230807,1773549259055100 ,ID,,,1/1/00 0:00,0.8022,0.7316,7/8/23 6:08,1.53,RIE,Promote Report Recall
20230807,1773548783319040 ,PH,,,1/1/00 0:00,0.3206,0.2148,7/8/23 6:08,0.54,Non-Auction Ads,Promote
20230807,1773575987202060 ,IT,IT,,1/1/00 0:00,3.94,5.7286,7/8/23 6:10,1.79,RIE,Ad Group Recall (Merged)
20230807,1773549427958780 ,TR,,,1/1/00 0:00,68.4212,3.8602,7/8/23 6:10,0.54,Non-Auction Ads,Promote
20230807,1773549647500320 ,JP,JP,,1/1/00 0:00,128.0907,25.929,7/8/23 6:12,2.16,Auction Ads,auction_all
20230807,1773549657610250 ,JP,JP,,1/1/00 0:00,,25.929,7/8/23 6:12,2.16,Auction Ads,auction_all
20230807,1773549647545390 ,JP,JP,,1/1/00 0:00,0,25.929,7/8/23 6:12,2.16,Auction Ads,auction_all
20230807,1773549650565150 ,JP,JP,,1/1/00 0:00,,25.929,7/8/23 6:12,2.16,Auction Ads,auction_all
20230807,1773549657628720 ,JP,JP,,1/1/00 0:00,,25.929,7/8/23 6:12,2.16,Auction Ads,auction_all
20230807,1773549647509520 ,JP,JP,,1/1/00 0:00,0,25.929,7/8/23 6:12,2.16,Auction Ads,auction_all
20230807,1773549647555630 ,JP,JP,,1/1/00 0:00,35.8868,25.929,7/8/23 6:12,2.16,Auction Ads,auction_all
20230807,1773549647476750 ,JP,JP,,1/1/00 0:00,0,25.929,7/8/23 6:12,2.16,Auction Ads,auction_all
20230807,1773549419167770 ,JP,JP,,1/1/00 0:00,37.2098,0,7/8/23 6:08,2.16,Auction Ads,auction_all
20230807,1773549248104480 ,TH,TH,,1/1/00 0:00,12.1555,7.6605,7/8/23 6:10,1.64,Auction Ads,auction_relation
20230807,1773549248104480 ,TH,TH,,1/1/00 0:00,12.1555,7.6605,7/8/23 6:10,1.87,RIE,Ad Group Recall (Merged)
20230807,1773549248104480 ,TH,TH,,1/1/00 0:00,12.1555,7.6605,7/8/23 6:10,1.87,RIE,Ad Group Recall (Merged)
20230807,1773549561437200 ,ID,ID,,1/1/00 0:00,30.68,2.7556,7/8/23 6:10,1.8,Auction Ads,auction_relation
20230807,1773523748468730 ,TR,,,1/1/00 0:00,1.8918,0.5385,7/8/23 6:09,0.54,Non-Auction Ads,Promote
20230807,1773549652304930 ,VN,VN,,1/1/00 0:00,2.4476,0.0565,7/8/23 6:09,2.14,Auction Ads,auction_relation
20230807,1773549610575890 ,MY,MY,,1/1/00 0:00,3.48,1.7655,7/8/23 6:10,2.31,Auction Ads,auction_relation
20230807,1773576185837600 ,DE,DE,,1/1/00 0:00,4.69,5.6708,7/8/23 6:11,1.01,Auction Ads,auction_relation
20230807,1773549960357920 ,TH,TH,,1/1/00 0:00,2.57,1.6891,7/8/23 6:10,1.64,Auction Ads,auction_relation
20230807,1773548619333630 ,ID,,,1/1/00 0:00,1.3964,0.3114,7/8/23 6:10,0.54,Non-Auction Ads,Promote
20230807,1773468204856320 ,SA,,,1/1/00 0:00,2.6284,0.7528,7/8/23 6:10,0.54,Non-Auction Ads,Promote
20230807,1773465915165690 ,VN,,,1/1/00 0:00,1.2111,0.7196,7/8/23 6:10,0.54,Non-Auction Ads,Promote
20230807,1773548688146450 ,US,,,1/1/00 0:00,4.03,2.035,7/8/23 6:10,0.54,Non-Auction Ads,Promote
20230807,1773546303479800 ,TH,,,1/1/00 0:00,1.3325,0.4756,7/8/23 6:10,0.54,Non-Auction Ads,Promote
20230807,1773549730967600 ,JP,JP,,1/1/00 0:00,,25.929,7/8/23 6:13,2.16,Auction Ads,auction_all
20230807,1773549719137280 ,JP,JP,,1/1/00 0:00,0,25.929,7/8/23 6:13,2.16,Auction Ads,auction_all
20230807,1773549727978540 ,JP,JP,,1/1/00 0:00,17.1835,25.929,7/8/23 6:13,2.16,Auction Ads,auction_all
20230807,1773549719860240 ,JP,JP,,1/1/00 0:00,0,25.929,7/8/23 6:13,2.16,Auction Ads,auction_all
20230807,1773549727992880 ,JP,JP,,1/1/00 0:00,,25.929,7/8/23 6:13,2.16,Auction Ads,auction_all
20230807,1773549722303480 ,JP,JP,,1/1/00 0:00,0,25.929,7/8/23 6:13,2.16,Auction Ads,auction_all
20230807,1773549725961230 ,JP,JP,,1/1/00 0:00,16.565,25.929,7/8/23 6:13,2.16,Auction Ads,auction_all
20230807,1773549730959370 ,JP,JP,,1/1/00 0:00,,25.929,7/8/23 6:13,2.16,Auction Ads,auction_all
20230807,1773549722284080 ,JP,JP,,1/1/00 0:00,0,25.929,7/8/23 6:13,2.16,Auction Ads,auction_all
20230807,1773549525487620 ,TH,,,1/1/00 0:00,10.09,1.6214,7/8/23 6:11,1.53,RIE,Promote Report Recall
20230807,1773549272497150 ,TH,,,1/1/00 0:00,3.87,1.5988,7/8/23 6:11,1.53,RIE,Promote Report Recall
20230807,1773576390639630 ,IT,IT,,1/1/00 0:00,2.62,5.7286,7/8/23 6:11,1.36,Auction Ads,auction_relation
20230807,1773548694136830 ,BR,,,1/1/00 0:00,1.2027,1.0844,7/8/23 6:11,0.54,Non-Auction Ads,Promote
20230807,1773468159466490 ,SA,,,1/1/00 0:00,2.5353,0.4676,7/8/23 6:11,0.54,Non-Auction Ads,Promote
20230807,1773549977259020 ,MY,MY,,1/1/00 0:00,6.0635,3.6665,7/8/23 6:11,2.31,Auction Ads,auction_relation
20230807,1773548118734880 ,IQ,Others,,1/1/00 0:00,,4.14,7/8/23 6:11,1.56,Auction Ads,auction_all
20230807,1773549461577730 ,US,,,1/1/00 0:00,3.76,1.8519,7/8/23 6:11,0.54,Non-Auction Ads,Promote
20230807,1773549244281860 ,IT,,,1/1/00 0:00,2.6301,0.7001,7/8/23 6:11,0.54,Non-Auction Ads,Promote
20230807,1773549893194780 ,SA,MENA,,1/1/00 0:00,19.7972,17.529,7/8/23 6:13,1.78,Auction Ads,auction_relation
20230807,1773549866383410 ,ID,ID,,1/1/00 0:00,,1.9288,7/8/23 6:11,1.8,Auction Ads,auction_relation
20230807,1773549836041230 ,JP,JP,,1/1/00 0:00,,25.929,7/8/23 6:15,2.16,Auction Ads,auction_all
20230807,1773549807083520 ,JP,JP,,1/1/00 0:00,38.8793,25.929,7/8/23 6:15,2.16,Auction Ads,auction_all
20230807,1773549803325470 ,JP,JP,,1/1/00 0:00,106.6775,25.929,7/8/23 6:15,2.16,Auction Ads,auction_all
20230807,1773549803335680 ,JP,JP,,1/1/00 0:00,151.9235,25.929,7/8/23 6:15,2.16,Auction Ads,auction_all
20230807,1773549821320190 ,JP,JP,,1/1/00 0:00,,25.929,7/8/23 6:15,2.16,Auction Ads,auction_all
20230807,1773549807091740 ,JP,JP,,1/1/00 0:00,,25.929,7/8/23 6:15,2.16,Auction Ads,auction_all
20230807,1773549627255840 ,JP,JP,,1/1/00 0:00,4.28,2.2533,7/8/23 6:11,2.16,Auction Ads,auction_all
20230807,1773549150805050 ,PH,,,1/1/00 0:00,1.9611,0.5559,7/8/23 6:11,0.54,Non-Auction Ads,Promote
20230807,1773549761828860 ,IL,,,1/1/00 0:00,84.557,17.8146,7/8/23 6:14,0.54,Non-Auction Ads,Promote
20230807,1773549604993030 ,RO,,,1/1/00 0:00,19.4179,6.5183,7/8/23 6:12,0.54,Non-Auction Ads,Promote
20230807,1773548000337960 ,IQ,Others,,1/1/00 0:00,,4.14,7/8/23 6:12,1.56,Auction Ads,auction_all
20230807,1773549781987360 ,VN,VN,,1/1/00 0:00,,7.0673,7/8/23 6:13,2.14,Auction Ads,auction_relation
20230807,1773546185576490 ,US,USCA,,1/1/00 0:00,18.03,12.4863,7/8/23 6:13,1.78,Auction Ads,auction_relation
20230807,1773580043540520 ,MY,MY,,1/1/00 0:00,5.25,5.6708,7/8/23 6:13,2.31,Auction Ads,auction_relation
20230807,1773549891359770 ,US,USCA,,1/1/00 0:00,5.4,2.2968,7/8/23 6:12,1.78,Auction Ads,auction_relation
20230807,1773549891359770 ,CA,USCA,,1/1/00 0:00,5.4,2.2968,7/8/23 6:12,1.78,Auction Ads,auction_relation
20230807,1773549891359770 ,AU,AU,,1/1/00 0:00,5.4,2.2968,7/8/23 6:12,1.84,Auction Ads,auction_relation
20230807,1773546273660920 ,TH,,,1/1/00 0:00,1.0725,0.5107,7/8/23 6:12,0.54,Non-Auction Ads,Promote
20230807,1773548549541890 ,US,,,1/1/00 0:00,19.01,10,7/8/23 6:13,0.54,Non-Auction Ads,Promote
20230807,1773549193115650 ,PH,,,1/1/00 0:00,0.3427,0.0981,7/8/23 6:12,0.54,Non-Auction Ads,Promote
20230807,1773550087690270 ,ID,ID,,1/1/00 0:00,9.6315,7.6097,7/8/23 6:13,1.8,Auction Ads,auction_relation
20230807,1773549301877760 ,PH,,,1/1/00 0:00,0.318,0.1532,7/8/23 6:13,0.54,Non-Auction Ads,Promote
20230807,1773467229253630 ,VN,,,1/1/00 0:00,1.193,0.6123,7/8/23 6:13,0.54,Non-Auction Ads,Promote
20230807,1773550091743280 ,BR,BR,,1/1/00 0:00,9.73,14.0741,7/8/23 6:15,1.7,RIE,Ad Group Recall (Merged)
20230807,1773549782047760 ,US,US&CA,,1/1/00 0:00,44.83,5.5372,7/8/23 6:13,1.81,RIE,Ad Group Recall (Merged)
20230807,1773572557158430 ,NL,NL,,1/1/00 0:00,13.17,5.6708,7/8/23 6:14,1.19,Auction Ads,auction_relation
20230807,1773549816240170 ,US,USCA,,1/1/00 0:00,19.47,5.5372,7/8/23 6:14,1.78,Auction Ads,auction_relation
20230807,1773549998741520 ,ID,ID,,1/1/00 0:00,9.2573,5.1608,7/8/23 6:14,1.8,Auction Ads,auction_relation
20230807,1773550308376610 ,PE,PE,,1/1/00 0:00,0.8923,0.3439,7/8/23 6:13,1.68,Auction Ads,auction_all
20230807,1773548676746240 ,US,,,1/1/00 0:00,4.77,4.755,7/8/23 6:14,0.54,Non-Auction Ads,Promote
20230807,1773550197752850 ,TW,TW,,1/1/00 0:00,15.2,14.2791,7/8/23 6:16,0.95,Auction Ads,auction_relation
20230807,1773550148004860 ,TH,TH,,1/1/00 0:00,5.8554,2.8261,7/8/23 6:14,1.64,Auction Ads,auction_relation
20230807,1773549469806590 ,PH,,,1/1/00 0:00,0.5272,0.2229,7/8/23 6:13,0.54,Non-Auction Ads,Promote
20230807,1773549866921000 ,TH,TH,,1/1/00 0:00,0.0723,2.8617,7/8/23 6:14,1.64,Auction Ads,auction_relation
20230807,1773549719501840 ,JP,JP,,1/1/00 0:00,12.3,3.8298,7/8/23 6:15,2.16,Auction Ads,auction_all
20230807,1773568841133050 ,DE,DE,,1/1/00 0:00,19.2,7.2416,7/8/23 6:15,1.01,Auction Ads,auction_relation
20230807,1773543656274940 ,ID,,,1/1/00 0:00,1.153,0.8452,7/8/23 6:14,0.54,Non-Auction Ads,Promote
20230807,1773549591225340 ,PH,,,1/1/00 0:00,0.6848,0.282,7/8/23 6:14,0.54,Non-Auction Ads,Promote
20230807,1773549849078810 ,US,USCA,,1/1/00 0:00,2.71,4.6592,7/8/23 6:15,1.78,Auction Ads,auction_relation
20230807,1773549956209660 ,SA,MENA,,1/1/00 0:00,15.66,8.0813,7/8/23 6:16,1.67,RIE,Ad Group Recall (Merged)
20230807,1773543687638010 ,ID,,,1/1/00 0:00,4.693,0.8936,7/8/23 6:15,0.54,Non-Auction Ads,Promote
20230807,1773550378149920 ,GR,GR,,1/1/00 0:00,,1.4903,7/8/23 6:15,2.11,Auction Ads,auction_relation
20230807,1773550378149920 ,GR,GR,,1/1/00 0:00,,1.4903,7/8/23 6:15,2.11,Auction Ads,auction_relation
20230807,1773550205781020 ,JP,JP,,1/1/00 0:00,9.61,2.6739,7/8/23 6:15,2.16,Auction Ads,auction_all
20230807,1773549661908990 ,TH,,,1/1/00 0:00,11.56,1.118,7/8/23 6:15,1.53,RIE,Promote Report Recall
20230807,1773549786019840 ,MY,MY,,1/1/00 0:00,0.47,0.6395,7/8/23 6:15,2.31,Auction Ads,auction_relation
20230807,1773572715235370 ,DE,DE,,1/1/00 0:00,8.59,5.6708,7/8/23 6:17,1.01,Auction Ads,auction_relation
20230807,1773546581549050 ,TH,,,1/1/00 0:00,1.1386,0.4898,7/8/23 6:15,0.54,Non-Auction Ads,Promote
20230807,1773546501209080 ,TH,,,1/1/00 0:00,0.5654,0.4359,7/8/23 6:15,0.54,Non-Auction Ads,Promote
20230807,1773543629528060 ,ID,,,1/1/00 0:00,2.8454,0.6643,7/8/23 6:16,0.54,Non-Auction Ads,Promote
20230807,1773467633915900 ,VN,,,1/1/00 0:00,2.0637,0.6802,7/8/23 6:16,0.54,Non-Auction Ads,Promote
20230807,1773549888086010 ,VN,,,1/1/00 0:00,16.8475,1.382,7/8/23 6:16,1.53,RIE,Promote Report Recall
20230807,1773549962953720 ,PH,,,1/1/00 0:00,32.4032,5.9501,7/8/23 6:17,0.54,Non-Auction Ads,Promote
20230807,1773550107044890 ,KR,KR,,1/1/00 0:00,20.7523,1.9634,7/8/23 6:17,2.37,Auction Ads,auction_relation
20230807,1773549194739710 ,PH,,,1/1/00 0:00,1.2401,0.1399,7/8/23 6:16,0.54,Non-Auction Ads,Promote
20230807,1773550605306970 ,SG,Other,,1/1/00 0:00,10.79,2.634,7/8/23 6:17,1.62,RIE,Ad Group Recall (Merged)
20230807,1773550537128990 ,SG,Other,,1/1/00 0:00,,2.634,7/8/23 6:17,1.62,RIE,Ad Group Recall (Merged)
20230807,1773550605282330 ,SG,Other,,1/1/00 0:00,5.11,2.634,7/8/23 6:17,1.62,RIE,Ad Group Recall (Merged)
20230807,1773550581223420 ,SG,Other,,1/1/00 0:00,20.74,2.634,7/8/23 6:17,1.62,RIE,Ad Group Recall (Merged)
20230807,1773550617622520 ,SG,Other,,1/1/00 0:00,,2.634,7/8/23 6:17,1.62,RIE,Ad Group Recall (Merged)
20230807,1773550595988490 ,SG,Other,,1/1/00 0:00,13.83,2.634,7/8/23 6:17,1.62,RIE,Ad Group Recall (Merged)
20230807,1773550203929600 ,TH,TH,,1/1/00 0:00,,9.4132,7/8/23 6:17,1.87,RIE,Ad Group Recall (Merged)
20230807,1773550182347770 ,TH,TH,,1/1/00 0:00,,9.4132,7/8/23 6:17,1.87,RIE,Ad Group Recall (Merged)
20230807,1773550177522720 ,TH,TH,,1/1/00 0:00,9.58,9.4132,7/8/23 6:17,1.87,RIE,Ad Group Recall (Merged)
20230807,1773550201950250 ,TH,TH,,1/1/00 0:00,,9.4132,7/8/23 6:17,1.87,RIE,Ad Group Recall (Merged)
20230807,1773550162021390 ,TH,TH,,1/1/00 0:00,,9.4132,7/8/23 6:17,1.64,Auction Ads,auction_relation
20230807,1773550162021390 ,TH,TH,,1/1/00 0:00,,9.4132,7/8/23 6:17,1.87,RIE,Ad Group Recall (Merged)
20230807,1773550180439050 ,TH,TH,,1/1/00 0:00,,9.4132,7/8/23 6:17,1.87,RIE,Ad Group Recall (Merged)
20230807,1773550186754040 ,TH,TH,,1/1/00 0:00,9.43,9.4132,7/8/23 6:17,1.87,RIE,Ad Group Recall (Merged)
20230807,1773550204373000 ,TH,TH,,1/1/00 0:00,,9.4132,7/8/23 6:17,1.87,RIE,Ad Group Recall (Merged)
20230807,1773550192914440 ,TH,TH,,1/1/00 0:00,,9.4132,7/8/23 6:17,1.87,RIE,Ad Group Recall (Merged)
20230807,1773550171357230 ,TH,TH,,1/1/00 0:00,,9.4132,7/8/23 6:17,1.87,RIE,Ad Group Recall (Merged)
20230807,1773550174302200 ,TH,TH,,1/1/00 0:00,,9.4132,7/8/23 6:17,1.87,RIE,Ad Group Recall (Merged)
20230807,1773550192158720 ,TH,TH,,1/1/00 0:00,9.52,9.4132,7/8/23 6:17,1.87,RIE,Ad Group Recall (Merged)
20230807,1773550162021420 ,TH,TH,,1/1/00 0:00,,9.4132,7/8/23 6:17,1.87,RIE,Ad Group Recall (Merged)
20230807,1773550185355260 ,TH,TH,,1/1/00 0:00,,9.4132,7/8/23 6:17,1.87,RIE,Ad Group Recall (Merged)
20230807,1773550188785680 ,TH,TH,,1/1/00 0:00,,9.4132,7/8/23 6:17,1.87,RIE,Ad Group Recall (Merged)
20230807,1773546536621050 ,US,USCA,,1/1/00 0:00,17.85,12.4863,7/8/23 6:18,1.78,Auction Ads,auction_relation
20230807,1773550769097770 ,BR,BR,,1/1/00 0:00,86.5,40.5333,7/8/23 6:21,1.99,Auction Ads,auction_all
20230807,1773543725042690 ,ID,,,1/1/00 0:00,0.784,0.3787,7/8/23 6:17,0.54,Non-Auction Ads,Promote
20230807,1773497787054080 ,US,,,1/1/00 0:00,16.08,10.8437,7/8/23 6:18,0.54,Non-Auction Ads,Promote
20230807,1773512327630860 ,IT,IT,,1/1/00 0:00,,7.7437,7/8/23 6:18,1.79,RIE,Ad Group Recall (Merged)
20230807,1773484136173570 ,US,,,1/1/00 0:00,7.55,3.1199,7/8/23 6:18,0.54,Non-Auction Ads,Promote
20230807,1773554135733250 ,NL,NL,,1/1/00 0:00,42.73,10.482,7/8/23 6:19,1.19,Auction Ads,auction_relation
20230807,1773576529816570 ,IT,IT,,1/1/00 0:00,0.74,5.7286,7/8/23 6:18,1.36,Auction Ads,auction_relation
20230807,1773551373654050 ,BR,BR,,1/1/00 0:00,95.65,139.6558,7/8/23 6:33,1.99,Auction Ads,auction_all
20230807,1773551373654050 ,BR,BR,,1/1/00 0:00,95.65,139.6558,7/8/23 6:33,1.7,RIE,Ad Group Recall (Merged)
20230807,1773549917179900 ,IT,,,1/1/00 0:00,28.4697,2.4198,7/8/23 6:18,0.54,Non-Auction Ads,Promote
20230807,1773550084213760 ,ID,ID,,1/1/00 0:00,,2.9169,7/8/23 6:18,1.8,Auction Ads,auction_relation
20230807,1773493540243460 ,US,,,1/1/00 0:00,0.01,2.2022,7/8/23 6:18,0.54,Non-Auction Ads,Promote
20230807,1773467901728770 ,VN,,,1/1/00 0:00,0.5728,0.3353,7/8/23 6:18,0.54,Non-Auction Ads,Promote
20230807,1773546790300670 ,TH,,,1/1/00 0:00,0.8386,0.281,7/8/23 6:18,0.54,Non-Auction Ads,Promote
20230807,1773546777236480 ,TH,,,1/1/00 0:00,1.3385,0.7366,7/8/23 6:18,0.54,Non-Auction Ads,Promote
20230807,1773549936613370 ,VN,,,1/1/00 0:00,3.3609,1.9292,7/8/23 6:18,1.53,RIE,Promote Report Recall
20230807,1773550015666170 ,GR,GR,,1/1/00 0:00,84.98,8.722,7/8/23 6:19,2.11,Auction Ads,auction_relation
20230807,1773543699716090 ,ID,,,1/1/00 0:00,1.003,0.5831,7/8/23 6:18,0.54,Non-Auction Ads,Promote
20230807,1773546791458810 ,TH,,,1/1/00 0:00,1.2893,0.8317,7/8/23 6:18,0.54,Non-Auction Ads,Promote
20230807,1773549899624450 ,TH,,,1/1/00 0:00,0.14,5.045,7/8/23 6:19,1.53,RIE,Promote Report Recall
20230807,1773550235234350 ,TH,TH,,1/1/00 0:00,,4.6048,7/8/23 6:19,1.64,Auction Ads,auction_relation
20230807,1773501300244480 ,US,,,1/1/00 0:00,2.75,3.3333,7/8/23 6:19,0.54,Non-Auction Ads,Promote
20230807,1773549801846790 ,TH,,,1/1/00 0:00,7.4,1.1902,7/8/23 6:18,1.53,RIE,Promote Report Recall
20230807,1773546739775480 ,TH,,,1/1/00 0:00,3.3934,0.814,7/8/23 6:18,0.54,Non-Auction Ads,Promote
20230807,1773546823851010 ,TH,,,1/1/00 0:00,2.5459,0.856,7/8/23 6:19,0.54,Non-Auction Ads,Promote
20230807,1773550311891960 ,VN,VN,,1/1/00 0:00,,5.9991,7/8/23 6:20,2.14,Auction Ads,auction_relation
20230807,1773550234047490 ,KH,KH,,1/1/00 0:00,10.45,1.6988,7/8/23 6:19,1.5,Auction Ads,auction_relation
20230807,1773543961809920 ,ID,,,1/1/00 0:00,3.2916,0.7207,7/8/23 6:19,0.54,Non-Auction Ads,Promote
20230807,1773550077654020 ,GB,,,1/1/00 0:00,18.2059,2.1336,7/8/23 6:19,1.53,RIE,Promote Report Recall
20230807,1773550064712710 ,TH,,,1/1/00 0:00,8.63,3.7683,7/8/23 6:19,1.53,RIE,Promote Report Recall
20230807,1773527555483640 ,TR,,,1/1/00 0:00,0.6715,0.4792,7/8/23 6:19,0.54,Non-Auction Ads,Promote
20230807,1773550070475770 ,SA,MENA,,1/1/00 0:00,1.38,0.5009,7/8/23 6:19,1.67,RIE,Ad Group Recall (Merged)
20230807,1773549813357570 ,FR,,,1/1/00 0:00,6.2178,1.3444,7/8/23 6:19,0.54,Non-Auction Ads,Promote
20230807,1773550541451260 ,TH,TH,,1/1/00 0:00,14.7,3.661,7/8/23 6:20,1.64,Auction Ads,auction_relation
20230807,1773550541451260 ,TW,TW,,1/1/00 0:00,14.7,3.661,7/8/23 6:20,0.95,Auction Ads,auction_relation
20230807,1773550541451260 ,KH,KH,,1/1/00 0:00,14.7,3.661,7/8/23 6:20,1.5,Auction Ads,auction_relation
20230807,1773550541451260 ,HU,Others,,1/1/00 0:00,14.7,3.661,7/8/23 6:20,1.56,Auction Ads,auction_all
20230807,1773549992418300 ,TH,,,1/1/00 0:00,4.81,1.3325,7/8/23 6:20,1.53,RIE,Promote Report Recall
20230807,1773546936498170 ,TH,,,1/1/00 0:00,0.7766,0.0589,7/8/23 6:19,0.54,Non-Auction Ads,Promote
20230807,1773550309084170 ,ID,ID,,1/1/00 0:00,7.49,1.395,7/8/23 6:20,1.8,Auction Ads,auction_relation
20230807,1773550361688060 ,BR,BR,,1/1/00 0:00,24.46,14.0741,7/8/23 6:21,1.99,Auction Ads,auction_all
20230807,1773546768797690 ,TH,,,1/1/00 0:00,1.062,0.5088,7/8/23 6:20,0.54,Non-Auction Ads,Promote
20230807,1773543553970170 ,MY,,,1/1/00 0:00,1.8068,1.0168,7/8/23 6:20,0.54,Non-Auction Ads,Promote
20230807,1773550157900800 ,MY,,,1/1/00 0:00,14.2062,2.1986,7/8/23 6:20,1.53,RIE,Promote Report Recall
20230807,1773550525783090 ,AE,MENA,,1/1/00 0:00,0.411,0.9863,7/8/23 6:20,1.67,RIE,Ad Group Recall (Merged)
20230807,1773565472697370 ,DE,DE,,1/1/00 0:00,,10.2947,7/8/23 6:21,1.01,Auction Ads,auction_relation
20230807,1773550498269200 ,MY,MY,,1/1/00 0:00,2.3756,0,7/8/23 6:20,2.31,Auction Ads,auction_relation
20230807,1773543810118650 ,ID,,,1/1/00 0:00,0.8175,0.3017,7/8/23 6:20,0.54,Non-Auction Ads,Promote
20230807,1773535321838640 ,IT,IT,,1/1/00 0:00,,3.1634,7/8/23 6:21,1.36,Auction Ads,auction_relation
20230807,1773535318279210 ,IT,IT,,1/1/00 0:00,,3.1634,7/8/23 6:21,1.36,Auction Ads,auction_relation
20230807,1773535318279210 ,FR,FR,,1/1/00 0:00,,3.1634,7/8/23 6:21,1.97,Auction Ads,auction_relation
20230807,1773535321838640 ,ES,ES,,1/1/00 0:00,,3.1634,7/8/23 6:21,1.37,Auction Ads,auction_relation
20230807,1773535318279210 ,CA,USCA,,1/1/00 0:00,,3.1634,7/8/23 6:21,1.78,Auction Ads,auction_relation
20230807,1773535321838640 ,FR,FR,,1/1/00 0:00,,3.1634,7/8/23 6:21,1.97,Auction Ads,auction_relation
20230807,1773546412283900 ,US,USCA,,1/1/00 0:00,18.68,8.1819,7/8/23 6:21,1.78,Auction Ads,auction_relation
20230807,1773543712291840 ,ID,,,1/1/00 0:00,0.6162,0.1666,7/8/23 6:20,0.54,Non-Auction Ads,Promote
20230807,1773468515360760 ,VN,,,1/1/00 0:00,3.0398,0.832,7/8/23 6:21,0.54,Non-Auction Ads,Promote
20230807,1773528389549050 ,TR,,,1/1/00 0:00,0.7,0.1857,7/8/23 6:21,0.54,Non-Auction Ads,Promote
20230807,1773550643070990 ,VN,VN,,1/1/00 0:00,0.4991,16.9316,7/8/23 6:22,2.14,Auction Ads,auction_relation
20230807,1773535341782030 ,CA,USCA,,1/1/00 0:00,,3.1634,7/8/23 6:21,1.78,Auction Ads,auction_relation
20230807,1773535341782030 ,IT,IT,,1/1/00 0:00,,3.1634,7/8/23 6:21,1.36,Auction Ads,auction_relation
20230807,1773535321857070 ,CH,CH,,1/1/00 0:00,,3.1634,7/8/23 6:21,0.93,Auction Ads,auction_relation
20230807,1773535321857070 ,FR,FR,,1/1/00 0:00,,3.1634,7/8/23 6:21,1.97,Auction Ads,auction_relation
20230807,1773535321857070 ,IT,IT,,1/1/00 0:00,,3.1634,7/8/23 6:21,1.36,Auction Ads,auction_relation
20230807,1773535321857070 ,PL,PL,,1/1/00 0:00,,3.1634,7/8/23 6:21,1.64,Auction Ads,auction_relation
20230807,1773535331739650 ,CH,CH,,1/1/00 0:00,,3.1634,7/8/23 6:21,0.93,Auction Ads,auction_relation
20230807,1773535318269960 ,CA,USCA,,1/1/00 0:00,,3.1634,7/8/23 6:21,1.78,Auction Ads,auction_relation
20230807,1773535341782030 ,FR,FR,,1/1/00 0:00,,3.1634,7/8/23 6:21,1.97,Auction Ads,auction_relation
20230807,1773535321857070 ,CA,USCA,,1/1/00 0:00,,3.1634,7/8/23 6:21,1.78,Auction Ads,auction_relation
20230807,1773550335138860 ,ID,ID,,1/1/00 0:00,,8.065,7/8/23 6:21,1.8,Auction Ads,auction_relation
20230807,1773561743708170 ,CH,CH,,1/1/00 0:00,8.04,20.35,7/8/23 6:23,0.93,Auction Ads,auction_relation
20230807,1773561743708170 ,DE,DE,,1/1/00 0:00,8.04,20.35,7/8/23 6:23,1.01,Auction Ads,auction_relation
20230807,1773550708494330 ,ID,ID,,1/1/00 0:00,1.98,2.5086,7/8/23 6:21,1.8,Auction Ads,auction_relation
20230807,1773551283726330 ,ID,ID,,1/1/00 0:00,43.677,36.2165,7/8/23 6:26,1.8,Auction Ads,auction_relation
20230807,1773550192284670 ,MY,,,1/1/00 0:00,2.7552,0.9931,7/8/23 6:21,1.53,RIE,Promote Report Recall
20230807,1773544386449410 ,ID,,,1/1/00 0:00,0.6987,0.269,7/8/23 6:21,0.54,Non-Auction Ads,Promote
20230807,1773551888491530 ,ID,ID,,1/1/00 0:00,14.3055,3.5336,7/8/23 6:21,1.8,Auction Ads,auction_relation
20230807,1773544331788290 ,ID,,,1/1/00 0:00,1.3722,0.1844,7/8/23 6:21,0.54,Non-Auction Ads,Promote
20230807,1773546944894980 ,GB,,,1/1/00 0:00,3.4677,1.2707,7/8/23 6:21,0.54,Non-Auction Ads,Promote
20230807,1773550361923580 ,CA,US&CA,,1/1/00 0:00,42.61,0,7/8/23 6:21,1.81,RIE,Ad Group Recall (Merged)
20230807,1773550361923580 ,US,US&CA,,1/1/00 0:00,42.61,0,7/8/23 6:21,1.81,RIE,Ad Group Recall (Merged)
20230807,1773550234073090 ,MY,,,1/1/00 0:00,2.4918,0.9412,7/8/23 6:21,1.53,RIE,Promote Report Recall
20230807,1773550453658670 ,IQ,Others,,1/1/00 0:00,7.32,2.6391,7/8/23 6:22,1.56,Auction Ads,auction_all
20230807,1773550453658670 ,IQ,Others,,1/1/00 0:00,7.32,2.6391,7/8/23 6:22,1.56,Auction Ads,auction_all
20230807,1773543809496060 ,ID,,,1/1/00 0:00,4.6086,0.8936,7/8/23 6:22,0.54,Non-Auction Ads,Promote
20230807,1773557819727880 ,UY,Others,,1/1/00 0:00,8.93,1.5935,7/8/23 6:22,1.56,Auction Ads,auction_all
20230807,1773550560877610 ,VN,VN,,1/1/00 0:00,,2.8448,7/8/23 6:22,2.14,Auction Ads,auction_relation
20230807,1773550345253900 ,SA,MENA,,1/1/00 0:00,3.028,7.9347,7/8/23 6:22,1.78,Auction Ads,auction_relation
20230807,1773569278617610 ,IT,IT,,1/1/00 0:00,,7.2416,7/8/23 6:22,1.36,Auction Ads,auction_relation
20230807,1773550190368770 ,TR,,,1/1/00 0:00,7.7608,0.4818,7/8/23 6:22,0.54,Non-Auction Ads,Promote
20230807,1773550719971330 ,TR,TR,,1/1/00 0:00,76.57,36.6571,7/8/23 6:27,1.63,RIE,Ad Group Recall (Merged)
20230807,1773550719971330 ,UY,Others,,1/1/00 0:00,76.57,36.6571,7/8/23 6:27,1.56,Auction Ads,auction_all
20230807,1773550719971330 ,EC,Others,,1/1/00 0:00,76.57,36.6571,7/8/23 6:27,1.56,Auction Ads,auction_all
20230807,1773550359021630 ,TH,TH,,1/1/00 0:00,,4.6048,7/8/23 6:22,1.64,Auction Ads,auction_relation
20230807,1773550343740410 ,TH,TH,,1/1/00 0:00,,4.6048,7/8/23 6:22,1.64,Auction Ads,auction_relation
20230807,1773378119591930 ,SA,,,1/1/00 0:00,2.4899,1.1492,7/8/23 6:22,0.54,Non-Auction Ads,Promote
20230807,1773546771619840 ,TH,,,1/1/00 0:00,1.0351,0.7209,7/8/23 6:22,0.54,Non-Auction Ads,Promote
20230807,1773550267392000 ,IL,,,1/1/00 0:00,5.1008,1.7422,7/8/23 6:22,1.53,RIE,Promote Report Recall
20230807,1773550237911040 ,ES,,,1/1/00 0:00,54.3188,8.4199,7/8/23 6:23,0.54,Non-Auction Ads,Promote
20230807,1773550276179970 ,ID,,,1/1/00 0:00,42.7618,1.8159,7/8/23 6:22,0.54,Non-Auction Ads,Promote
20230807,1773546498704380 ,US,US&CA,,1/1/00 0:00,9.0023,1.618,7/8/23 6:22,1.81,RIE,Ad Group Recall (Merged)
20230807,1773544449737730 ,ID,,,1/1/00 0:00,0.7436,0.2531,7/8/23 6:22,0.54,Non-Auction Ads,Promote
20230807,1773550174690300 ,GB,,,1/1/00 0:00,6.9485,1.5134,7/8/23 6:22,0.54,Non-Auction Ads,Promote
20230807,1773550657820670 ,KZ,KZ,,1/1/00 0:00,16.28,14.9568,7/8/23 6:24,2,Auction Ads,auction_relation
20230807,1773550157497340 ,ID,,,1/1/00 0:00,8.3418,1.8215,7/8/23 6:22,0.54,Non-Auction Ads,Promote
20230807,1773504341855230 ,US,,,1/1/00 0:00,6.73,0.1,7/8/23 6:22,0.54,Non-Auction Ads,Promote
20230807,1773506384128000 ,US,,,1/1/00 0:00,3.58,1.2008,7/8/23 6:22,0.54,Non-Auction Ads,Promote
20230807,1773544412057600 ,ID,,,1/1/00 0:00,1.3648,0.1844,7/8/23 6:22,0.54,Non-Auction Ads,Promote
20230807,1773550499828730 ,SA,,,1/1/00 0:00,29.1322,26.2719,7/8/23 6:27,0.54,Non-Auction Ads,Promote
20230807,1773547061989370 ,TH,,,1/1/00 0:00,0.7162,0.6004,7/8/23 6:23,0.54,Non-Auction Ads,Promote
20230807,1773550510686220 ,BR,BR,,1/1/00 0:00,23.32,14.0741,7/8/23 6:24,1.99,Auction Ads,auction_all
20230807,1773550373623820 ,MY,MY,,1/1/00 0:00,2.49,0.8178,7/8/23 6:23,2.31,Auction Ads,auction_relation
20230807,1773550796042280 ,ID,ID,,1/1/00 0:00,2.05,2.3381,7/8/23 6:23,1.8,Auction Ads,auction_relation
20230807,1773549957755900 ,KH,,,1/1/00 0:00,0.6641,0.2953,7/8/23 6:23,0.54,Non-Auction Ads,Promote
20230807,1773550243609600 ,ID,,,1/1/00 0:00,17.3405,0.8926,7/8/23 6:23,0.54,Non-Auction Ads,Promote
20230807,1773547904189440 ,ID,,,1/1/00 0:00,,0.3938,7/8/23 6:23,0.54,Non-Auction Ads,Promote
20230807,1773550361960460 ,ID,ID,,1/1/00 0:00,7.49,1.395,7/8/23 6:23,1.8,Auction Ads,auction_relation
20230807,1773550458184730 ,AU,AU,,1/1/00 0:00,10.78,2.6559,7/8/23 6:23,1.84,Auction Ads,auction_relation
20230807,1773550446629900 ,AU,AU,,1/1/00 0:00,1.43,2.6559,7/8/23 6:23,1.84,Auction Ads,auction_relation
20230807,1773550458203180 ,AU,AU,,1/1/00 0:00,6.72,2.6559,7/8/23 6:23,1.84,Auction Ads,auction_relation
20230807,1773550455734270 ,AU,AU,,1/1/00 0:00,33.32,2.6559,7/8/23 6:23,1.84,Auction Ads,auction_relation
20230807,1773546732674040 ,TH,,,1/1/00 0:00,1.0206,0.504,7/8/23 6:23,0.54,Non-Auction Ads,Promote
20230807,1773551161019390 ,ID,ID,,1/1/00 0:00,,268.573,7/8/23 7:00,1.8,Auction Ads,auction_relation
20230807,1773468349419520 ,VN,,,1/1/00 0:00,0.5872,0.6053,7/8/23 6:23,0.54,Non-Auction Ads,Promote
20230807,1773550364443640 ,ID,,,1/1/00 0:00,23.2909,1.8159,7/8/23 6:23,0.54,Non-Auction Ads,Promote
20230807,1773550288656380 ,ID,,,1/1/00 0:00,12.6453,2.605,7/8/23 6:24,0.54,Non-Auction Ads,Promote
20230807,1773547134976000 ,TH,,,1/1/00 0:00,3.2692,0.388,7/8/23 6:23,0.54,Non-Auction Ads,Promote
20230807,1773550445952040 ,TH,TH,,1/1/00 0:00,,4.6048,7/8/23 6:24,1.64,Auction Ads,auction_relation
20230807,1773550462789680 ,ID,ID,,1/1/00 0:00,3.1433,2.6853,7/8/23 6:24,1.8,Auction Ads,auction_relation
20230807,1773551203254300 ,ID,ID,,1/1/00 0:00,1.51,3.0561,7/8/23 6:24,1.8,Auction Ads,auction_relation
20230807,1773550574408750 ,AE,MENA,,1/1/00 0:00,13.12,5.9767,7/8/23 6:25,1.78,Auction Ads,auction_relation
20230807,1773550204277760 ,TR,,,1/1/00 0:00,0.5901,0.1902,7/8/23 6:24,1.53,RIE,Promote Report Recall
20230807,1773550345309180 ,VN,,,1/1/00 0:00,2.3634,0.2404,7/8/23 6:24,1.53,RIE,Promote Report Recall
20230807,1773550462863390 ,MY,MY,,1/1/00 0:00,3.45,1.7655,7/8/23 6:24,2.31,Auction Ads,auction_relation
20230807,1773550625704960 ,BR,BR,,1/1/00 0:00,23.63,14.0741,7/8/23 6:27,1.99,Auction Ads,auction_all
20230807,1773550201987070 ,TH,,,1/1/00 0:00,11.13,5.498,7/8/23 6:25,1.53,RIE,Promote Report Recall
20230807,1773544445907970 ,ID,,,1/1/00 0:00,0.5969,0.3037,7/8/23 6:24,0.54,Non-Auction Ads,Promote
20230807,1773544445907970 ,ID,,,1/1/00 0:00,0.5969,0.3037,7/8/23 6:24,1.53,RIE,Promote Report Recall
20230807,1773551477543970 ,JP,JP,,1/1/00 0:00,90.5845,44.3734,7/8/23 6:30,2.16,Auction Ads,auction_all
20230807,1773550452322350 ,VN,VN,,1/1/00 0:00,,2.4283,7/8/23 6:25,2.14,Auction Ads,auction_relation
20230807,1773547095683070 ,TH,,,1/1/00 0:00,0.6765,0.2965,7/8/23 6:24,0.54,Non-Auction Ads,Promote
20230807,1773547034874880 ,TH,,,1/1/00 0:00,1.2199,0.5282,7/8/23 6:24,0.54,Non-Auction Ads,Promote
20230807,1773550334806020 ,TH,,,1/1/00 0:00,8.14,1.5909,7/8/23 6:25,1.53,RIE,Promote Report Recall
20230807,1773550566820890 ,ID,ID,,1/1/00 0:00,9.1726,8.065,7/8/23 6:26,1.8,Auction Ads,auction_relation
20230807,1773547062324220 ,TH,,,1/1/00 0:00,1.635,0.2863,7/8/23 6:25,0.54,Non-Auction Ads,Promote
20230807,1773544664404990 ,ID,,,1/1/00 0:00,1.6149,1.1231,7/8/23 6:25,0.54,Non-Auction Ads,Promote
20230807,1773550654783480 ,BR,BR,,1/1/00 0:00,,2.6358,7/8/23 6:25,1.99,Auction Ads,auction_all
20230807,1773550665692190 ,BR,BR,,1/1/00 0:00,45.43,2.6358,7/8/23 6:25,1.7,RIE,Ad Group Recall (Merged)
20230807,1773550891073550 ,ID,ID,,1/1/00 0:00,4.3934,4.7785,7/8/23 6:26,1.8,Auction Ads,auction_relation
20230807,1773544629816320 ,ID,,,1/1/00 0:00,0.6532,0.1867,7/8/23 6:25,0.54,Non-Auction Ads,Promote
20230807,1773544850241530 ,ID,,,1/1/00 0:00,1.3046,0.4838,7/8/23 6:25,0.54,Non-Auction Ads,Promote
20230807,1773550721012730 ,PH,PH,,1/1/00 0:00,,19.3033,7/8/23 6:28,2.46,Auction Ads,auction_relation
20230807,1773550554895410 ,MY,MY,,1/1/00 0:00,2.66,1.7655,7/8/23 6:25,2.31,Auction Ads,auction_relation
20230807,1773550678643740 ,BR,BR,,1/1/00 0:00,,2.6358,7/8/23 6:26,1.99,Auction Ads,auction_all
20230807,1773550480780290 ,TH,,,1/1/00 0:00,10.35,2.3175,7/8/23 6:26,1.53,RIE,Promote Report Recall
20230807,1773544838106110 ,ID,,,1/1/00 0:00,0.7993,0.396,7/8/23 6:25,0.54,Non-Auction Ads,Promote
20230807,1773550570671100 ,PK,PK,,1/1/00 0:00,9.65,2.8206,7/8/23 6:26,1.36,Auction Ads,auction_relation
20230807,1773547264931840 ,TH,,,1/1/00 0:00,5.6447,10.338,7/8/23 6:27,0.54,Non-Auction Ads,Promote
20230807,1773550737964030 ,SA,MENA,,1/1/00 0:00,27.2001,11.1049,7/8/23 6:28,1.78,Auction Ads,auction_relation
20230807,1773545049319420 ,ID,,,1/1/00 0:00,0.5647,0.1428,7/8/23 6:26,0.54,Non-Auction Ads,Promote
20230807,1773555081838640 ,NO,Others,,1/1/00 0:00,18.05,10.482,7/8/23 6:28,1.56,Auction Ads,auction_all
20230807,1773468921491450 ,SA,,,1/1/00 0:00,0.032,1.6021,7/8/23 6:26,0.54,Non-Auction Ads,Promote
20230807,1773550554901500 ,VN,VN,,1/1/00 0:00,,2.4283,7/8/23 6:26,2.14,Auction Ads,auction_relation
20230807,1773552682419210 ,TH,TH,,1/1/00 0:00,11.0565,3.3634,7/8/23 6:27,1.64,Auction Ads,auction_relation
20230807,1773550718007310 ,VN,VN,,1/1/00 0:00,,6.9147,7/8/23 6:27,2.14,Auction Ads,auction_relation
20230807,1773468799237120 ,VN,,,1/1/00 0:00,3.8098,0.9437,7/8/23 6:26,0.54,Non-Auction Ads,Promote
20230807,1773550671371310 ,ID,ID,,1/1/00 0:00,8.8898,8.065,7/8/23 6:28,1.8,Auction Ads,auction_relation
20230807,1773550648673280 ,MY,MY,,1/1/00 0:00,4.2788,2.0181,7/8/23 6:27,2.31,Auction Ads,auction_relation
20230807,1773550647452720 ,MY,MY,,1/1/00 0:00,4.248,2.0181,7/8/23 6:27,2.31,Auction Ads,auction_relation
20230807,1773581019582490 ,CZ,Other,,1/1/00 0:00,10.11,5.6708,7/8/23 6:28,1.62,RIE,Ad Group Recall (Merged)
20230807,1773545019823100 ,ID,,,1/1/00 0:00,1.0645,0.1192,7/8/23 6:27,0.54,Non-Auction Ads,Promote
20230807,1773551465992240 ,TH,TH,,1/1/00 0:00,9.3639,7.6605,7/8/23 6:28,1.87,RIE,Ad Group Recall (Merged)
20230807,1773551465992240 ,TH,TH,,1/1/00 0:00,9.3639,7.6605,7/8/23 6:28,1.64,Auction Ads,auction_relation
20230807,1773468891689980 ,VN,,,1/1/00 0:00,0.7815,0.1828,7/8/23 6:27,0.54,Non-Auction Ads,Promote
20230807,1773545342102520 ,ID,,,1/1/00 0:00,0.5104,0.3866,7/8/23 6:27,0.54,Non-Auction Ads,Promote
20230807,1773550844770320 ,VN,VN,,1/1/00 0:00,0,4.885,7/8/23 6:28,2.14,Auction Ads,auction_relation
20230807,1773551218342910 ,PK,Other,,1/1/00 0:00,0.47,0.0936,7/8/23 6:27,1.62,RIE,Ad Group Recall (Merged)
20230807,1773550815186990 ,MY,MY,,1/1/00 0:00,,8.9174,7/8/23 6:28,2.31,Auction Ads,auction_relation
20230807,1773550532612090 ,PH,,,1/1/00 0:00,6.1394,0.5873,7/8/23 6:28,1.53,RIE,Promote Report Recall
20230807,1773550309667840 ,GB,,,1/1/00 0:00,7.1654,2.1114,7/8/23 6:28,0.54,Non-Auction Ads,Promote
20230807,1773547440782330 ,TH,,,1/1/00 0:00,3.8841,0.4906,7/8/23 6:28,0.54,Non-Auction Ads,Promote
20230807,1773550741744670 ,US,USCA,,1/1/00 0:00,1.5,3.6906,7/8/23 6:28,1.78,Auction Ads,auction_relation
20230807,1773550741521420 ,US,USCA,,1/1/00 0:00,1.4,3.6906,7/8/23 6:28,1.78,Auction Ads,auction_relation
20230807,1773550761150490 ,US,USCA,,1/1/00 0:00,1.4,3.6906,7/8/23 6:28,1.78,Auction Ads,auction_relation
20230807,1773551243404300 ,ID,ID,,1/1/00 0:00,9.4433,1.9847,7/8/23 6:28,1.8,Auction Ads,auction_relation
20230807,1773551026192380 ,MY,MY,,1/1/00 0:00,2.3426,0,7/8/23 6:28,2.31,Auction Ads,auction_relation
20230807,1773550927744000 ,TW,TW,,1/1/00 0:00,5.91,2.6377,7/8/23 6:28,0.95,Auction Ads,auction_relation
20230807,1773550774982700 ,PK,PK,,1/1/00 0:00,0.09,0.1989,7/8/23 6:28,1.36,Auction Ads,auction_relation
20230807,1773551106323470 ,TW,TW,,1/1/00 0:00,17.5,7.7198,7/8/23 6:29,0.95,Auction Ads,auction_relation
20230807,1773550545349630 ,KH,,,1/1/00 0:00,3.3964,0.9947,7/8/23 6:29,0.54,Non-Auction Ads,Promote
20230807,1773545433446400 ,ID,,,1/1/00 0:00,0.6524,0.5134,7/8/23 6:29,0.54,Non-Auction Ads,Promote
20230807,1773547278742570 ,US,USCA,,1/1/00 0:00,0.93,49.5589,7/8/23 6:33,1.78,Auction Ads,auction_relation
20230807,1773550985357310 ,PK,PK,,1/1/00 0:00,1.4,0.1331,7/8/23 6:29,1.36,Auction Ads,auction_relation
20230807,1773550684999680 ,PH,,,1/1/00 0:00,48.9234,0.0568,7/8/23 6:29,0.54,Non-Auction Ads,Promote
20230807,1773550620428280 ,VN,,,1/1/00 0:00,0.9744,0.1611,7/8/23 6:29,1.53,RIE,Promote Report Recall
20230807,1773545501213690 ,ID,,,1/1/00 0:00,0.5895,0.5134,7/8/23 6:29,0.54,Non-Auction Ads,Promote
20230807,1773550912298010 ,SG,Other,,1/1/00 0:00,,2.634,7/8/23 6:29,1.62,RIE,Ad Group Recall (Merged)
20230807,1773550896203790 ,SG,Other,,1/1/00 0:00,,2.634,7/8/23 6:29,1.62,RIE,Ad Group Recall (Merged)
20230807,1773550895341600 ,SG,Other,,1/1/00 0:00,2.35,2.634,7/8/23 6:29,1.62,RIE,Ad Group Recall (Merged)
20230807,1773550895825920 ,SG,Other,,1/1/00 0:00,0.06,2.634,7/8/23 6:29,1.62,RIE,Ad Group Recall (Merged)
20230807,1773550886535180 ,SG,Other,,1/1/00 0:00,2.17,2.634,7/8/23 6:29,1.62,RIE,Ad Group Recall (Merged)
20230807,1773545236254720 ,ID,,,1/1/00 0:00,0.4875,0.3635,7/8/23 6:29,0.54,Non-Auction Ads,Promote
20230807,1773550828055580 ,MY,MY,,1/1/00 0:00,7.8091,3.1319,7/8/23 6:29,2.31,Auction Ads,auction_relation
20230807,1773550955003920 ,BR,BR,,1/1/00 0:00,40.05,31.2294,7/8/23 6:32,1.99,Auction Ads,auction_all
20230807,1773551201670170 ,TH,TH,,1/1/00 0:00,0.02,1.9696,7/8/23 6:29,1.64,Auction Ads,auction_relation
20230807,1773529317125120 ,TR,,,1/1/00 0:00,0.7246,0.3443,7/8/23 6:29,0.54,Non-Auction Ads,Promote
20230807,1773555310461980 ,BR,BR,,1/1/00 0:00,36.78,127.4004,7/8/23 6:45,1.99,Auction Ads,auction_all
20230807,1773551299814440 ,VN,VN,,1/1/00 0:00,0.76,0.4721,7/8/23 6:29,2.14,Auction Ads,auction_relation
20230807,1773543727759360 ,MY,,,1/1/00 0:00,1.7432,0.2621,7/8/23 6:29,0.54,Non-Auction Ads,Promote
20230807,1773550656180220 ,SA,,,1/1/00 0:00,29.5136,0.5317,7/8/23 6:30,0.54,Non-Auction Ads,Promote
20230807,1773550759390210 ,GR,GR,,1/1/00 0:00,,1.4903,7/8/23 6:30,2.11,Auction Ads,auction_relation
20230807,1773550793400330 ,GR,GR,,1/1/00 0:00,,1.4903,7/8/23 6:30,2.11,Auction Ads,auction_relation
20230807,1773550792292380 ,GR,GR,,1/1/00 0:00,,1.4903,7/8/23 6:30,2.11,Auction Ads,auction_relation
20230807,1773550766982170 ,GR,GR,,1/1/00 0:00,,1.4903,7/8/23 6:30,2.11,Auction Ads,auction_relation
20230807,1773550793208830 ,GR,GR,,1/1/00 0:00,,1.4903,7/8/23 6:30,2.11,Auction Ads,auction_relation
20230807,1773550774983680 ,GR,GR,,1/1/00 0:00,,1.4903,7/8/23 6:30,2.11,Auction Ads,auction_relation
20230807,1773550769946650 ,GR,GR,,1/1/00 0:00,,1.4903,7/8/23 6:30,2.11,Auction Ads,auction_relation
20230807,1773550778238000 ,GR,GR,,1/1/00 0:00,,1.4903,7/8/23 6:30,2.11,Auction Ads,auction_relation
20230807,1773550797420540 ,GR,GR,,1/1/00 0:00,,1.4903,7/8/23 6:30,2.11,Auction Ads,auction_relation
20230807,1773558472679420 ,DK,DK,,1/1/00 0:00,21.27,10.482,7/8/23 6:30,1.31,Auction Ads,auction_relation
20230807,1773549788427290 ,BR,BR,,1/1/00 0:00,8.1337,1.1635,7/8/23 6:30,1.99,Auction Ads,auction_all
20230807,1773550814584830 ,DE,,,1/1/00 0:00,54.8353,22.1885,7/8/23 6:32,0.54,Non-Auction Ads,Promote
20230807,1773545551944700 ,ID,,,1/1/00 0:00,0.5024,0.2452,7/8/23 6:30,0.54,Non-Auction Ads,Promote
20230807,1773550883651610 ,ID,ID,,1/1/00 0:00,,8.065,7/8/23 6:30,1.8,Auction Ads,auction_relation
20230807,1773550883651610 ,ID,ID,,1/1/00 0:00,,8.065,7/8/23 6:30,1.8,Auction Ads,auction_relation
20230807,1773550955790380 ,MX,MX,,1/1/00 0:00,,9.6426,7/8/23 6:31,1.99,Auction Ads,auction_all
20230807,1773550844218380 ,TH,TH,,1/1/00 0:00,3.1411,4.5001,7/8/23 6:30,1.64,Auction Ads,auction_relation
20230807,1773549340425210 ,ID,ID,,1/1/00 0:00,10.9114,7.8609,7/8/23 6:30,1.8,Auction Ads,auction_relation
20230807,1773547087362080 ,US,USCA,,1/1/00 0:00,26.3,49.5589,7/8/23 6:35,1.78,Auction Ads,auction_relation
20230807,1773547087380510 ,US,USCA,,1/1/00 0:00,29.76,49.5589,7/8/23 6:35,1.78,Auction Ads,auction_relation
20230807,1773550778048510 ,GR,GR,,1/1/00 0:00,,1.4903,7/8/23 6:30,2.11,Auction Ads,auction_relation
20230807,1773550782004220 ,GR,GR,,1/1/00 0:00,,1.4903,7/8/23 6:30,2.11,Auction Ads,auction_relation
20230807,1773550791762990 ,GR,GR,,1/1/00 0:00,,1.4903,7/8/23 6:30,2.11,Auction Ads,auction_relation
20230807,1773550790560810 ,GR,GR,,1/1/00 0:00,,1.4903,7/8/23 6:30,2.11,Auction Ads,auction_relation
20230807,1773550796656670 ,GR,GR,,1/1/00 0:00,,1.4903,7/8/23 6:30,2.11,Auction Ads,auction_relation
20230807,1773550790560810 ,GR,GR,,1/1/00 0:00,,1.4903,7/8/23 6:30,2.11,Auction Ads,auction_relation
20230807,1773550802019340 ,GR,GR,,1/1/00 0:00,,1.4903,7/8/23 6:30,2.11,Auction Ads,auction_relation
20230807,1773550771225610 ,GR,GR,,1/1/00 0:00,,1.4903,7/8/23 6:30,2.11,Auction Ads,auction_relation
20230807,1773550764754960 ,GR,GR,,1/1/00 0:00,,1.4903,7/8/23 6:30,2.11,Auction Ads,auction_relation
20230807,1773550778499070 ,GR,GR,,1/1/00 0:00,,1.4903,7/8/23 6:30,2.11,Auction Ads,auction_relation
20230807,1773550802037770 ,GR,GR,,1/1/00 0:00,,1.4903,7/8/23 6:30,2.11,Auction Ads,auction_relation
20230807,1773563867768910 ,NZ,NZ,,1/1/00 0:00,141.57,1770.9824,7/8/23 10:36,1.58,Auction Ads,auction_relation
20230807,1773563867768910 ,AU,AU,,1/1/00 0:00,141.57,1770.9824,7/8/23 10:36,1.84,Auction Ads,auction_relation
20230807,1773551151676410 ,TH,TH,,1/1/00 0:00,0.0017,3.1877,7/8/23 6:30,1.64,Auction Ads,auction_relation
20230807,1773551151676410 ,TH,TH,,1/1/00 0:00,0.0017,3.1877,7/8/23 6:30,1.87,RIE,Ad Group Recall (Merged)
20230807,1773544375406590 ,ID,,,1/1/00 0:00,0.6746,0.2114,7/8/23 6:30,0.54,Non-Auction Ads,Promote
20230807,1773550528528450 ,TH,,,1/1/00 0:00,2.1,0.4732,7/8/23 6:30,1.53,RIE,Promote Report Recall
20230807,1773551013252090 ,VN,VN,,1/1/00 0:00,,6.2924,7/8/23 6:31,2.14,Auction Ads,auction_relation
20230807,1773551263869980 ,DE,DE,,1/1/00 0:00,,2.4002,7/8/23 6:30,1.01,Auction Ads,auction_relation
20230807,1773550663631870 ,US,,,1/1/00 0:00,7.68,3.1824,7/8/23 6:30,0.54,Non-Auction Ads,Promote
20230807,1773550925595680 ,MY,MY,,1/1/00 0:00,5.42,4.0104,7/8/23 6:31,2.31,Auction Ads,auction_relation
20230807,1773550921800730 ,MY,MY,,1/1/00 0:00,6.01,4.0104,7/8/23 6:31,2.31,Auction Ads,auction_relation
20230807,1773550838524930 ,US,,,1/1/00 0:00,11.68,3.767,7/8/23 6:31,1.53,RIE,Promote Report Recall
20230807,1773550921812000 ,ID,ID,,1/1/00 0:00,11.63,2.9287,7/8/23 6:31,1.8,Auction Ads,auction_relation
20230807,1773545291249660 ,ID,,,1/1/00 0:00,0.5658,0.276,7/8/23 6:31,0.54,Non-Auction Ads,Promote
20230807,1773550926765070 ,AU,AU,,1/1/00 0:00,14.55,9.0806,7/8/23 6:32,1.84,Auction Ads,auction_relation
20230807,1773551289528350 ,AU,AU,,1/1/00 0:00,17.98,42.0279,7/8/23 6:35,1.84,Auction Ads,auction_relation
20230807,1773573610892330 ,CZ,Other,,1/1/00 0:00,15.45,7.2416,7/8/23 6:31,1.62,RIE,Ad Group Recall (Merged)
20230807,1773550793442320 ,JP,JP,,1/1/00 0:00,6.55,3.3912,7/8/23 6:31,2.16,Auction Ads,auction_all
20230807,1773550854183950 ,GR,GR,,1/1/00 0:00,,1.4903,7/8/23 6:31,2.11,Auction Ads,auction_relation
20230807,1773550882013230 ,GR,GR,,1/1/00 0:00,,1.4903,7/8/23 6:31,2.11,Auction Ads,auction_relation
20230807,1773550877757440 ,GR,GR,,1/1/00 0:00,,1.4903,7/8/23 6:31,2.11,Auction Ads,auction_relation
20230807,1773550871766060 ,GR,GR,,1/1/00 0:00,,1.4903,7/8/23 6:31,2.11,Auction Ads,auction_relation
20230807,1773550780057610 ,GR,GR,,1/1/00 0:00,,1.4903,7/8/23 6:31,2.11,Auction Ads,auction_relation
20230807,1773550886941730 ,GR,GR,,1/1/00 0:00,,1.4903,7/8/23 6:31,2.11,Auction Ads,auction_relation
20230807,1773550865100800 ,GR,GR,,1/1/00 0:00,,1.4903,7/8/23 6:31,2.11,Auction Ads,auction_relation
20230807,1773550859160620 ,GR,GR,,1/1/00 0:00,,1.4903,7/8/23 6:31,2.11,Auction Ads,auction_relation
20230807,1773550845996060 ,GR,GR,,1/1/00 0:00,,1.4903,7/8/23 6:31,2.11,Auction Ads,auction_relation
20230807,1773550886919180 ,GR,GR,,1/1/00 0:00,,1.4903,7/8/23 6:31,2.11,Auction Ads,auction_relation
20230807,1773550741935100 ,ID,,,1/1/00 0:00,1.4822,0.913,7/8/23 6:31,1.53,RIE,Promote Report Recall
20230807,1773545709703170 ,ID,,,1/1/00 0:00,1.415,1.0427,7/8/23 6:31,0.54,Non-Auction Ads,Promote
20230807,1773547635291130 ,TH,,,1/1/00 0:00,,0.6077,7/8/23 6:31,0.54,Non-Auction Ads,Promote
20230807,1773547635291130 ,TH,,,1/1/00 0:00,,0.6077,7/8/23 6:31,0.54,Non-Auction Ads,Promote
20230807,1773550807352340 ,IT,,,1/1/00 0:00,28.6356,1.952,7/8/23 6:32,0.54,Non-Auction Ads,Promote
20230807,1773551649348620 ,AU,AU,,1/1/00 0:00,54.1565,52.6232,7/8/23 6:38,1.84,Auction Ads,auction_relation
20230807,1773550886692910 ,CA,US&CA,,1/1/00 0:00,8.77,5.8726,7/8/23 6:32,1.81,RIE,Ad Group Recall (Merged)
20230807,1773550886692910 ,FR,FR,,1/1/00 0:00,8.77,5.8726,7/8/23 6:32,1.76,RIE,Ad Group Recall (Merged)
20230807,1773550886692910 ,US,US&CA,,1/1/00 0:00,8.77,5.8726,7/8/23 6:32,1.81,RIE,Ad Group Recall (Merged)
20230807,1773550886692910 ,IE,Other,,1/1/00 0:00,8.77,5.8726,7/8/23 6:32,1.62,RIE,Ad Group Recall (Merged)
20230807,1773550886692910 ,GB,GB,,1/1/00 0:00,8.77,5.8726,7/8/23 6:32,1.72,RIE,Ad Group Recall (Merged)
20230807,1773550886692910 ,NZ,Other,,1/1/00 0:00,8.77,5.8726,7/8/23 6:32,1.62,RIE,Ad Group Recall (Merged)
20230807,1773562293754930 ,ES,ES,,1/1/00 0:00,3.11,7.2416,7/8/23 6:32,1.37,Auction Ads,auction_relation
20230807,1773550942285920 ,ID,ID,,1/1/00 0:00,0.3854,8.9156,7/8/23 6:32,1.8,Auction Ads,auction_relation
20230807,1773550942285920 ,ID,ID,,1/1/00 0:00,0.3854,8.9156,7/8/23 6:32,1.8,Auction Ads,auction_relation
20230807,1773550942285920 ,ID,ID,,1/1/00 0:00,0.3854,8.9156,7/8/23 6:32,1.8,Auction Ads,auction_relation
20230807,1773550942285920 ,ID,ID,,1/1/00 0:00,0.3854,8.9156,7/8/23 6:32,1.8,Auction Ads,auction_relation
20230807,1773550914796590 ,RO,RO,,1/1/00 0:00,,1.4903,7/8/23 6:32,1.94,Auction Ads,auction_relation
20230807,1773550996747310 ,MY,MY,,1/1/00 0:00,7.8047,1.1298,7/8/23 6:32,2.31,Auction Ads,auction_relation
20230807,1773551131728920 ,GB,GB,,1/1/00 0:00,4.37,6.5929,7/8/23 6:33,1.76,Auction Ads,auction_relation
20230807,1773551125424160 ,PK,PK,,1/1/00 0:00,0.74,0.2633,7/8/23 6:32,1.36,Auction Ads,auction_relation
20230807,1773550909848620 ,PT,PT,,1/1/00 0:00,0.25,1.3651,7/8/23 6:32,1.98,Auction Ads,auction_relation
20230807,1773545988486140 ,ID,,,1/1/00 0:00,0.8476,0.1764,7/8/23 6:32,0.54,Non-Auction Ads,Promote
20230807,1773551034715180 ,MY,MY,,1/1/00 0:00,2.82,1.7147,7/8/23 6:32,2.31,Auction Ads,auction_relation
20230807,1773551255356440 ,TW,TW,,1/1/00 0:00,9.76,5.6967,7/8/23 6:33,0.95,Auction Ads,auction_relation
20230807,1773550923780110 ,PT,PT,,1/1/00 0:00,0.26,1.3651,7/8/23 6:32,1.98,Auction Ads,auction_relation
20230807,1773550035440640 ,US,,,1/1/00 0:00,11.7,5,7/8/23 6:33,0.54,Non-Auction Ads,Promote
20230807,1773550918648840 ,MY,MY,,1/1/00 0:00,8.1,0.7374,7/8/23 6:32,2.31,Auction Ads,auction_relation
20230807,1773550932550670 ,GB,GB,,1/1/00 0:00,17.54,3.0573,7/8/23 6:33,1.76,Auction Ads,auction_relation
20230807,1773310218148860 ,FR,FR,,1/1/00 0:00,1158.7449,190.4342,7/8/23 7:00,1.76,RIE,Ad Group Recall (Merged)
20230807,1773546055285760 ,ID,,,1/1/00 0:00,0.6494,0.3324,7/8/23 6:32,0.54,Non-Auction Ads,Promote
20230807,1773547837912060 ,TH,,,1/1/00 0:00,0.756,0.435,7/8/23 6:33,0.54,Non-Auction Ads,Promote
20230807,1773311019512880 ,FR,FR,,1/1/00 0:00,789.449,190.4342,7/8/23 7:00,1.76,RIE,Ad Group Recall (Merged)
20230807,1773558541214730 ,UY,Others,,1/1/00 0:00,0.5,2.3449,7/8/23 6:33,1.56,Auction Ads,auction_all
20230807,1773558541214730 ,UY,Others,,1/1/00 0:00,0.5,2.3449,7/8/23 6:33,1.56,Auction Ads,auction_all
20230807,1773546221788160 ,ID,,,1/1/00 0:00,2.7799,1.0222,7/8/23 6:33,0.54,Non-Auction Ads,Promote
20230807,1773551968817150 ,GB,GB,,1/1/00 0:00,216.18,107.3473,7/8/23 6:48,1.76,Auction Ads,auction_relation
20230807,1773577687583760 ,TR,TR,,1/1/00 0:00,11.55,5.6708,7/8/23 6:34,0.83,Auction Ads,auction_relation
20230807,1773551483265020 ,ID,ID,,1/1/00 0:00,3.77,4.2516,7/8/23 6:34,1.8,Auction Ads,auction_relation
20230807,1773550990012460 ,GR,GR,,1/1/00 0:00,,1.4867,7/8/23 6:33,2.11,Auction Ads,auction_relation
20230807,1773550999730200 ,GR,GR,,1/1/00 0:00,,1.4867,7/8/23 6:33,2.11,Auction Ads,auction_relation
20230807,1773550989755440 ,GR,GR,,1/1/00 0:00,,1.4867,7/8/23 6:33,2.11,Auction Ads,auction_relation
20230807,1773551024330780 ,GR,GR,,1/1/00 0:00,,1.4867,7/8/23 6:33,2.11,Auction Ads,auction_relation
20230807,1773551012423710 ,GR,GR,,1/1/00 0:00,2.85,1.4867,7/8/23 6:33,2.11,Auction Ads,auction_relation
20230807,1773550989755440 ,GR,GR,,1/1/00 0:00,,1.4867,7/8/23 6:33,2.11,Auction Ads,auction_relation
20230807,1773551022747690 ,GR,GR,,1/1/00 0:00,,1.4867,7/8/23 6:33,2.11,Auction Ads,auction_relation
20230807,1773550968907790 ,GR,GR,,1/1/00 0:00,,1.4867,7/8/23 6:33,2.11,Auction Ads,auction_relation
20230807,1773550996872220 ,GR,GR,,1/1/00 0:00,,1.4867,7/8/23 6:33,2.11,Auction Ads,auction_relation
20230807,1773551010113580 ,GR,GR,,1/1/00 0:00,,1.4867,7/8/23 6:33,2.11,Auction Ads,auction_relation
20230807,1773551009048620 ,GR,GR,,1/1/00 0:00,,1.4867,7/8/23 6:33,2.11,Auction Ads,auction_relation
20230807,1773551146573840 ,TH,TH,,1/1/00 0:00,0.02,1.0925,7/8/23 6:33,1.64,Auction Ads,auction_relation
20230807,1773551219651650 ,ID,ID,,1/1/00 0:00,2.78,3.7448,7/8/23 6:34,1.8,Auction Ads,auction_relation
20230807,1773551114082330 ,VN,VN,,1/1/00 0:00,,6.2924,7/8/23 6:34,2.14,Auction Ads,auction_relation
20230807,1773551114059790 ,VN,VN,,1/1/00 0:00,,6.2924,7/8/23 6:34,2.14,Auction Ads,auction_relation
20230807,1773552623746060 ,TH,TH,,1/1/00 0:00,,4.1009,7/8/23 6:34,1.64,Auction Ads,auction_relation
20230807,1773550903683070 ,GR,,,1/1/00 0:00,34.5446,0.5035,7/8/23 6:33,0.54,Non-Auction Ads,Promote
20230807,1773573869665310 ,RO,Other,,1/1/00 0:00,7.54,5.6708,7/8/23 6:35,1.62,RIE,Ad Group Recall (Merged)
20230807,1773573869665310 ,RO,RO,,1/1/00 0:00,7.54,5.6708,7/8/23 6:35,1.94,Auction Ads,auction_relation
20230807,1773551230756920 ,TH,TH,,1/1/00 0:00,9.674,6.923,7/8/23 6:35,1.64,Auction Ads,auction_relation
20230807,1773551022741500 ,GB,GB,,1/1/00 0:00,17.95,3.0573,7/8/23 6:34,1.76,Auction Ads,auction_relation
20230807,1773550459262980 ,IT,,,1/1/00 0:00,2.3219,0.4522,7/8/23 6:34,0.54,Non-Auction Ads,Promote
20230807,1773551295519740 ,JP,JP,,1/1/00 0:00,,13.5948,7/8/23 6:37,2.16,Auction Ads,auction_all
20230807,1773546337652730 ,ID,,,1/1/00 0:00,0.8104,0.71,7/8/23 6:34,0.54,Non-Auction Ads,Promote
20230807,1773478120292350 ,ID,,,1/1/00 0:00,0.6748,0.5377,7/8/23 6:34,0.54,Non-Auction Ads,Promote
20230807,1773551107138590 ,MY,MY,,1/1/00 0:00,2.81,1.7147,7/8/23 6:34,2.31,Auction Ads,auction_relation
20230807,1773517156977710 ,BE,Other,,1/1/00 0:00,20.77,7.7437,7/8/23 6:36,1.62,RIE,Ad Group Recall (Merged)
20230807,1773551103131680 ,TW,TW,,1/1/00 0:00,1.46,2.2748,7/8/23 6:35,2.59,RIE,Ad Group Recall (Merged)
20230807,1773551111061530 ,AE,MENA,,1/1/00 0:00,,2.4604,7/8/23 6:35,1.67,RIE,Ad Group Recall (Merged)
20230807,1773547773636600 ,TH,,,1/1/00 0:00,0.5969,0.531,7/8/23 6:35,0.54,Non-Auction Ads,Promote
20230807,1773550206649350 ,US,,,1/1/00 0:00,4.79,7.3458,7/8/23 6:37,0.54,Non-Auction Ads,Promote
20230807,1773466997851140 ,US,,,1/1/00 0:00,7.5,3.5288,7/8/23 6:36,0.54,Non-Auction Ads,Promote
20230807,1773546537838590 ,ID,,,1/1/00 0:00,0.6307,0.215,7/8/23 6:35,0.54,Non-Auction Ads,Promote
20230807,1773551300160560 ,ID,ID,,1/1/00 0:00,8.6915,5.8995,7/8/23 6:37,1.8,Auction Ads,auction_relation
20230807,1773553312262160 ,AR,AR,,1/1/00 0:00,13.38,4.729,7/8/23 6:37,2.23,Auction Ads,auction_all
20230807,1773553312262160 ,MX,MX,,1/1/00 0:00,13.38,4.729,7/8/23 6:37,1.99,Auction Ads,auction_all
20230807,1773553312262160 ,PK,PK,,1/1/00 0:00,13.38,4.729,7/8/23 6:37,1.36,Auction Ads,auction_relation
20230807,1773546191458300 ,ID,,,1/1/00 0:00,1.2725,0.2483,7/8/23 6:35,0.54,Non-Auction Ads,Promote
20230807,1773551199104000 ,US,,,1/1/00 0:00,35.75,25.2879,7/8/23 6:39,0.54,Non-Auction Ads,Promote
20230807,1773548049291280 ,US,USCA,,1/1/00 0:00,34.31,49.5589,7/8/23 6:44,1.78,Auction Ads,auction_relation
20230807,1773551042593790 ,PH,,,1/1/00 0:00,0.5127,0,7/8/23 6:35,1.53,RIE,Promote Report Recall
20230807,1773551275115520 ,JP,JP,,1/1/00 0:00,,8.2077,7/8/23 6:38,2.16,Auction Ads,auction_all
20230807,1773551275105290 ,JP,JP,,1/1/00 0:00,,8.2077,7/8/23 6:38,2.16,Auction Ads,auction_all
20230807,1773551082604590 ,JO,Others,,1/1/00 0:00,0,1.034,7/8/23 6:36,1.56,Auction Ads,auction_all
20230807,1773551087409150 ,ID,,,1/1/00 0:00,0.3971,0.458,7/8/23 6:36,1.53,RIE,Promote Report Recall
20230807,1773577866024990 ,DE,DE,,1/1/00 0:00,4.44,5.6708,7/8/23 6:38,1.01,Auction Ads,auction_relation
20230807,1773548193587200 ,TH,,,1/1/00 0:00,1.2155,1.4668,7/8/23 6:37,0.54,Non-Auction Ads,Promote
20230807,1773548207664120 ,TH,,,1/1/00 0:00,1.1509,0.6212,7/8/23 6:37,0.54,Non-Auction Ads,Promote
20230807,1773547637538850 ,AT,AT,,1/1/00 0:00,23.87,23.405,7/8/23 6:40,0.89,Auction Ads,auction_relation
20230807,1773551280251900 ,MY,,,1/1/00 0:00,33.0585,24.146,7/8/23 6:40,0.54,Non-Auction Ads,Promote
20230807,1773551314843660 ,TH,TH,,1/1/00 0:00,7.549,3.4066,7/8/23 6:38,1.64,Auction Ads,auction_relation
20230807,1773547996735480 ,TH,,,1/1/00 0:00,3.4047,1.771,7/8/23 6:37,0.54,Non-Auction Ads,Promote
20230807,1773546961613820 ,ID,,,1/1/00 0:00,0.5876,0.4601,7/8/23 6:37,0.54,Non-Auction Ads,Promote
20230807,1773547785582590 ,TH,,,1/1/00 0:00,1.4882,0.5282,7/8/23 6:37,0.54,Non-Auction Ads,Promote
20230807,1773551718879250 ,BR,BR,,1/1/00 0:00,29.33,32.6283,7/8/23 6:42,1.99,Auction Ads,auction_all
20230807,1773551718879250 ,BR,BR,,1/1/00 0:00,29.33,32.6283,7/8/23 6:42,1.7,RIE,Ad Group Recall (Merged)
20230807,1773546807346170 ,ID,,,1/1/00 0:00,0.7734,0.302,7/8/23 6:37,0.54,Non-Auction Ads,Promote
20230807,1773551304656930 ,GB,GB,,1/1/00 0:00,21.11,2.5086,7/8/23 6:38,1.72,RIE,Ad Group Recall (Merged)
20230807,1773551304656930 ,IE,Other,,1/1/00 0:00,21.11,2.5086,7/8/23 6:38,1.62,RIE,Ad Group Recall (Merged)
20230807,1773551304656930 ,ES,ES,,1/1/00 0:00,21.11,2.5086,7/8/23 6:38,1.79,RIE,Ad Group Recall (Merged)
20230807,1773551304656930 ,NZ,Other,,1/1/00 0:00,21.11,2.5086,7/8/23 6:38,1.62,RIE,Ad Group Recall (Merged)
20230807,1773551304656930 ,PL,PL,,1/1/00 0:00,21.11,2.5086,7/8/23 6:38,1.84,RIE,Ad Group Recall (Merged)
20230807,1773551747297330 ,DE,DE,,1/1/00 0:00,,1.799,7/8/23 6:38,1.01,Auction Ads,auction_relation
20230807,1773551305970680 ,ID,ID,,1/1/00 0:00,4.17,1.6258,7/8/23 6:38,1.8,Auction Ads,auction_relation
20230807,1773548287075330 ,TH,,,1/1/00 0:00,1.5494,0.8995,7/8/23 6:38,0.54,Non-Auction Ads,Promote
20230807,1773551298941950 ,SA,MENA,,1/1/00 0:00,1.28,2.5165,7/8/23 6:38,1.78,Auction Ads,auction_relation
20230807,1773551295660060 ,SA,MENA,,1/1/00 0:00,1.86,2.5165,7/8/23 6:38,1.78,Auction Ads,auction_relation
20230807,1773570308512800 ,CA,USCA,,1/1/00 0:00,10.41,10.482,7/8/23 6:39,1.78,Auction Ads,auction_relation
20230807,1773550847343620 ,US,,,1/1/00 0:00,4.32,1.53,7/8/23 6:38,0.54,Non-Auction Ads,Promote
20230807,1773552884840440 ,PK,PK,,1/1/00 0:00,76.7674,97.805,7/8/23 6:51,1.36,Auction Ads,auction_relation
20230807,1773574097618970 ,IT,IT,,1/1/00 0:00,11.99,5.6708,7/8/23 6:39,1.36,Auction Ads,auction_relation
20230807,1773571516426250 ,PT,PT,,1/1/00 0:00,,7.2416,7/8/23 6:39,1.98,Auction Ads,auction_relation
20230807,1773551314706490 ,SA,,,1/1/00 0:00,15.0899,8.7627,7/8/23 6:40,0.54,Non-Auction Ads,Promote
20230807,1773552101535740 ,PH,PH,,1/1/00 0:00,22.51,1.3102,7/8/23 6:38,2.46,Auction Ads,auction_relation
20230807,1773551836139520 ,TH,TH,,1/1/00 0:00,21.1308,14.9846,7/8/23 6:41,1.64,Auction Ads,auction_relation
20230807,1773552525415470 ,MY,MY,,1/1/00 0:00,,4.392,7/8/23 6:39,2.31,Auction Ads,auction_relation
20230807,1773551277646840 ,SA,MENA,,1/1/00 0:00,,3.3124,7/8/23 6:39,1.78,Auction Ads,auction_relation
20230807,1773551718890530 ,JP,JP,,1/1/00 0:00,,47.7893,7/8/23 6:45,2.16,Auction Ads,auction_all
20230807,1773548107642880 ,TH,,,1/1/00 0:00,1.4437,0.2865,7/8/23 6:39,0.54,Non-Auction Ads,Promote
20230807,1773551464528940 ,VN,VN,,1/1/00 0:00,0.33,3.9239,7/8/23 6:39,2.14,Auction Ads,auction_relation
20230807,1773551529937950 ,VN,VN,,1/1/00 0:00,0.0168,1.1513,7/8/23 6:39,2.14,Auction Ads,auction_relation
20230807,1773551692273680 ,PK,PK,,1/1/00 0:00,,0.06,7/8/23 6:39,1.36,Auction Ads,auction_relation
20230807,1773547696164880 ,US,US&CA,,1/1/00 0:00,2.03,3.8135,7/8/23 6:40,1.81,RIE,Ad Group Recall (Merged)
20230807,1773550152992760 ,PH,,,1/1/00 0:00,0.2679,0.2267,7/8/23 6:40,0.54,Non-Auction Ads,Promote
20230807,1773574223759390 ,BE,BE,,1/1/00 0:00,13.49,5.6708,7/8/23 6:41,1.15,Auction Ads,auction_relation
20230807,1773577972019210 ,FR,FR,,1/1/00 0:00,12.55,5.6708,7/8/23 6:41,1.97,Auction Ads,auction_relation
20230807,1773550533402620 ,TH,,,1/1/00 0:00,2.5,1.5773,7/8/23 6:40,1.53,RIE,Promote Report Recall
20230807,1773551277076480 ,CA,,,1/1/00 0:00,6.75,2.74,7/8/23 6:40,1.53,RIE,Promote Report Recall
20230807,1773551361884160 ,SA,,,1/1/00 0:00,2.2657,3.0065,7/8/23 6:40,1.53,RIE,Promote Report Recall
20230807,1773555649177610 ,PL,PL,,1/1/00 0:00,42.54,10.482,7/8/23 6:42,1.64,Auction Ads,auction_relation
20230807,1773551413977080 ,VN,,,1/1/00 0:00,0.902,1.7044,7/8/23 6:40,1.53,RIE,Promote Report Recall
20230807,1773551611682830 ,VN,VN,,1/1/00 0:00,0.95,4.5819,7/8/23 6:41,2.14,Auction Ads,auction_relation
20230807,1773550841670660 ,GB,,,1/1/00 0:00,0.1786,2.2439,7/8/23 6:40,0.54,Non-Auction Ads,Promote
20230807,1773551668648960 ,BR,BR,,1/1/00 0:00,23.08,17.3491,7/8/23 6:43,1.99,Auction Ads,auction_all
20230807,1773570460277790 ,SA,MENA,,1/1/00 0:00,,8.3172,7/8/23 6:42,1.78,Auction Ads,auction_relation
20230807,1773551533001740 ,VN,VN,,1/1/00 0:00,2.05,3.9239,7/8/23 6:41,2.14,Auction Ads,auction_relation
20230807,1773551610357810 ,SA,MENA,,1/1/00 0:00,5.37,15.4051,7/8/23 6:43,1.67,RIE,Ad Group Recall (Merged)
20230807,1773547196022840 ,ID,,,1/1/00 0:00,0.6787,0.2402,7/8/23 6:41,0.54,Non-Auction Ads,Promote
20230807,1773547234571260 ,ID,,,1/1/00 0:00,0.5518,0.2269,7/8/23 6:41,0.54,Non-Auction Ads,Promote
20230807,1773534272058370 ,TR,,,1/1/00 0:00,3.165,0.7534,7/8/23 6:41,0.54,Non-Auction Ads,Promote
20230807,1773547121353730 ,ID,,,1/1/00 0:00,7.8549,0.3686,7/8/23 6:41,0.54,Non-Auction Ads,Promote
20230807,1773548656308220 ,TH,,,1/1/00 0:00,3.154,2.2165,7/8/23 6:41,0.54,Non-Auction Ads,Promote
20230807,1773551449708540 ,KH,,,1/1/00 0:00,6.4977,1.2774,7/8/23 6:41,0.54,Non-Auction Ads,Promote
20230807,1773551304818690 ,VN,,,1/1/00 0:00,2.2134,0.4081,7/8/23 6:41,1.53,RIE,Promote Report Recall
20230807,1773469654240250 ,VN,,,1/1/00 0:00,0.5594,0.2819,7/8/23 6:41,0.54,Non-Auction Ads,Promote
20230807,1773551516985340 ,TH,,,1/1/00 0:00,0.4748,1.8983,7/8/23 6:42,1.53,RIE,Promote Report Recall
20230807,1773551694500880 ,TH,TH,,1/1/00 0:00,62.26,5.5712,7/8/23 6:42,1.87,RIE,Ad Group Recall (Merged)
20230807,1773551694500880 ,TH,TH,,1/1/00 0:00,62.26,5.5712,7/8/23 6:42,1.64,Auction Ads,auction_relation
20230807,1773551649696780 ,PE,PE,,1/1/00 0:00,0.23,3.855,7/8/23 6:42,1.68,Auction Ads,auction_all
20230807,1773551857913900 ,PK,PK,,1/1/00 0:00,,0.8847,7/8/23 6:42,1.36,Auction Ads,auction_relation
20230807,1773547266552890 ,ID,,,1/1/00 0:00,2.298,0.3556,7/8/23 6:42,0.54,Non-Auction Ads,Promote
20230807,1773551597668380 ,VN,VN,,1/1/00 0:00,0.3,3.9239,7/8/23 6:42,2.14,Auction Ads,auction_relation
20230807,1773548555689980 ,TH,,,1/1/00 0:00,0.7758,1.2267,7/8/23 6:42,0.54,Non-Auction Ads,Promote
20230807,1773547845167120 ,NL,NL,,1/1/00 0:00,19.9203,6.7019,7/8/23 6:43,1.19,Auction Ads,auction_relation
20230807,1773552150421520 ,TH,TH,,1/1/00 0:00,0.5564,10.4282,7/8/23 6:44,1.64,Auction Ads,auction_relation
20230807,1773548257126410 ,US,USCA,,1/1/00 0:00,,49.5589,7/8/23 6:48,1.78,Auction Ads,auction_relation
20230807,1773548257126410 ,US,USCA,,1/1/00 0:00,,49.5589,7/8/23 6:48,1.78,Auction Ads,auction_relation
20230807,1773548273671180 ,US,USCA,,1/1/00 0:00,,49.5589,7/8/23 6:48,1.78,Auction Ads,auction_relation
20230807,1773548259840030 ,US,USCA,,1/1/00 0:00,29.97,49.5589,7/8/23 6:48,1.78,Auction Ads,auction_relation
20230807,1773566805614640 ,US,USCA,,1/1/00 0:00,3.16,7.2416,7/8/23 6:43,1.78,Auction Ads,auction_relation
20230807,1773551748407290 ,MY,MY,,1/1/00 0:00,,2.0706,7/8/23 6:43,2.31,Auction Ads,auction_relation
20230807,1773469812202490 ,VN,,,1/1/00 0:00,2.043,0.7364,7/8/23 6:42,0.54,Non-Auction Ads,Promote
20230807,1773551710429180 ,TH,TH,,1/1/00 0:00,,2.8604,7/8/23 6:43,1.64,Auction Ads,auction_relation
20230807,1773552494081040 ,TW,TW,,1/1/00 0:00,,0,7/8/23 6:42,0.95,Auction Ads,auction_relation
20230807,1773552494081040 ,TW,TW,,1/1/00 0:00,,0,7/8/23 6:42,0.95,Auction Ads,auction_relation
20230807,1773551725895690 ,GB,GB,,1/1/00 0:00,2.53,2.005,7/8/23 6:43,1.76,Auction Ads,auction_relation
20230807,1773551732256800 ,GB,GB,,1/1/00 0:00,4.27,2.005,7/8/23 6:43,1.76,Auction Ads,auction_relation
20230807,1773578197653530 ,PT,PT,,1/1/00 0:00,12.27,5.6708,7/8/23 6:44,1.98,Auction Ads,auction_relation
20230807,1773551588654090 ,ID,ID,,1/1/00 0:00,3.51,4.2516,7/8/23 6:43,1.8,Auction Ads,auction_relation
20230807,1773548713390080 ,TH,,,1/1/00 0:00,3.7372,0.8033,7/8/23 6:43,0.54,Non-Auction Ads,Promote
20230807,1773551851165720 ,BR,BR,,1/1/00 0:00,17.44,32.6283,7/8/23 6:46,1.99,Auction Ads,auction_all
20230807,1773536030826490 ,TR,,,1/1/00 0:00,1.0454,0.3933,7/8/23 6:43,0.54,Non-Auction Ads,Promote
20230807,1773552254216190 ,BR,BR,,1/1/00 0:00,159.95,58.9049,7/8/23 6:50,1.99,Auction Ads,auction_all
20230807,1773486192969840 ,US,,,1/1/00 0:00,3.28,1.9989,7/8/23 6:43,0.54,Non-Auction Ads,Promote
20230807,1773548514763770 ,TH,,,1/1/00 0:00,1.2769,0.631,7/8/23 6:43,0.54,Non-Auction Ads,Promote
20230807,1773551629421580 ,VN,VN,,1/1/00 0:00,2.08,1.7023,7/8/23 6:44,2.14,Auction Ads,auction_relation
20230807,1773552337457180 ,ID,ID,,1/1/00 0:00,8.8062,14.2286,7/8/23 6:44,1.8,Auction Ads,auction_relation
20230807,1773552337457180 ,ID,ID,,1/1/00 0:00,8.8062,14.2286,7/8/23 6:44,1.8,Auction Ads,auction_relation
20230807,1773551743844350 ,MY,MY,,1/1/00 0:00,8.0659,2.1662,7/8/23 6:44,2.31,Auction Ads,auction_relation
20230807,1773551558401020 ,SA,,,1/1/00 0:00,28.9613,2.0482,7/8/23 6:44,0.54,Non-Auction Ads,Promote
20230807,1773547768276990 ,ID,,,1/1/00 0:00,0.9127,0.2057,7/8/23 6:44,0.54,Non-Auction Ads,Promote
20230807,1773553325902840 ,MY,MY,,1/1/00 0:00,8.5248,0.3174,7/8/23 6:44,2.31,Auction Ads,auction_relation
20230807,1773552019365880 ,CA,US&CA,,1/1/00 0:00,17.49,28.4712,7/8/23 6:47,1.81,RIE,Ad Group Recall (Merged)
20230807,1773552019365880 ,GB,GB,,1/1/00 0:00,17.49,28.4712,7/8/23 6:47,1.76,Auction Ads,auction_relation
20230807,1773552019365880 ,AU,AU,,1/1/00 0:00,17.49,28.4712,7/8/23 6:47,1.84,Auction Ads,auction_relation
20230807,1773570650864650 ,SE,SE,,1/1/00 0:00,33.81,7.2416,7/8/23 6:44,1.4,Auction Ads,auction_relation
20230807,1773570650864650 ,DE,DE,,1/1/00 0:00,33.81,7.2416,7/8/23 6:44,1.01,Auction Ads,auction_relation
20230807,1773570650864650 ,IT,IT,,1/1/00 0:00,33.81,7.2416,7/8/23 6:44,1.36,Auction Ads,auction_relation
20230807,1773570650864650 ,AT,AT,,1/1/00 0:00,33.81,7.2416,7/8/23 6:44,0.89,Auction Ads,auction_relation
20230807,1773570650864650 ,PL,PL,,1/1/00 0:00,33.81,7.2416,7/8/23 6:44,1.64,Auction Ads,auction_relation
20230807,1773570650864650 ,RO,RO,,1/1/00 0:00,33.81,7.2416,7/8/23 6:44,1.94,Auction Ads,auction_relation
20230807,1773570650864650 ,FI,Others,,1/1/00 0:00,33.81,7.2416,7/8/23 6:44,1.56,Auction Ads,auction_all
20230807,1773570650864650 ,FI,Others,,1/1/00 0:00,33.81,7.2416,7/8/23 6:44,1.56,Auction Ads,auction_all
20230807,1773570650864650 ,TR,TR,,1/1/00 0:00,33.81,7.2416,7/8/23 6:44,0.83,Auction Ads,auction_relation
20230807,1773570650864650 ,IE,IE,,1/1/00 0:00,33.81,7.2416,7/8/23 6:44,1.52,Auction Ads,auction_relation
20230807,1773570650864650 ,GR,GR,,1/1/00 0:00,33.81,7.2416,7/8/23 6:44,2.11,Auction Ads,auction_relation
20230807,1773570650864650 ,BE,BE,,1/1/00 0:00,33.81,7.2416,7/8/23 6:44,1.15,Auction Ads,auction_relation
20230807,1773570650864650 ,FR,FR,,1/1/00 0:00,33.81,7.2416,7/8/23 6:44,1.97,Auction Ads,auction_relation
20230807,1773570650864650 ,NO,Others,,1/1/00 0:00,33.81,7.2416,7/8/23 6:44,1.56,Auction Ads,auction_all
20230807,1773570650864650 ,CH,CH,,1/1/00 0:00,33.81,7.2416,7/8/23 6:44,0.93,Auction Ads,auction_relation
20230807,1773570650864650 ,PT,PT,,1/1/00 0:00,33.81,7.2416,7/8/23 6:44,1.98,Auction Ads,auction_relation
20230807,1773570650864650 ,CZ,CZ,,1/1/00 0:00,33.81,7.2416,7/8/23 6:44,1.9,Auction Ads,auction_relation
20230807,1773570650864650 ,NL,NL,,1/1/00 0:00,33.81,7.2416,7/8/23 6:44,1.19,Auction Ads,auction_relation
20230807,1773570650864650 ,DK,DK,,1/1/00 0:00,33.81,7.2416,7/8/23 6:44,1.31,Auction Ads,auction_relation
20230807,1773570650864650 ,ES,ES,,1/1/00 0:00,33.81,7.2416,7/8/23 6:44,1.37,Auction Ads,auction_relation
20230807,1773570650864650 ,HU,Others,,1/1/00 0:00,33.81,7.2416,7/8/23 6:44,1.56,Auction Ads,auction_all
20230807,1773547922985010 ,NL,NL,,1/1/00 0:00,20.5143,6.7019,7/8/23 6:44,1.19,Auction Ads,auction_relation
20230807,1773551846364190 ,ID,ID,,1/1/00 0:00,12.6937,4.7543,7/8/23 6:44,1.8,Auction Ads,auction_relation
20230807,1773574527523850 ,CA,USCA,,1/1/00 0:00,10.71,5.6708,7/8/23 6:45,1.78,Auction Ads,auction_relation
20230807,1773551773359120 ,GB,GB,,1/1/00 0:00,,2.4676,7/8/23 6:44,1.76,Auction Ads,auction_relation
20230807,1773551872078880 ,KH,KH,,1/1/00 0:00,16.79,6.192,7/8/23 6:45,1.5,Auction Ads,auction_relation
20230807,1773551949347850 ,TH,TH,,1/1/00 0:00,,8.6157,7/8/23 6:45,1.64,Auction Ads,auction_relation
20230807,1773551676952600 ,TH,TH,,1/1/00 0:00,14.1584,3.8127,7/8/23 6:45,1.64,Auction Ads,auction_relation
20230807,1773549010329600 ,TH,,,1/1/00 0:00,0.7386,0.1021,7/8/23 6:44,0.54,Non-Auction Ads,Promote
20230807,1773552070805520 ,ID,ID,,1/1/00 0:00,2.93,2.9169,7/8/23 6:45,1.8,Auction Ads,auction_relation
20230807,1773551735921660 ,DE,,,1/1/00 0:00,45.7699,6.8136,7/8/23 6:45,0.54,Non-Auction Ads,Promote
20230807,1773551788679180 ,ID,ID,,1/1/00 0:00,1.51,4.2516,7/8/23 6:45,1.8,Auction Ads,auction_relation
20230807,1773547759913980 ,ID,,,1/1/00 0:00,1.4377,0.5685,7/8/23 6:45,0.54,Non-Auction Ads,Promote
20230807,1773555272067120 ,ID,ID,,1/1/00 0:00,350.04,225.58,7/8/23 7:20,1.8,Auction Ads,auction_relation
20230807,1773559459470380 ,ES,ES,,1/1/00 0:00,,7.2416,7/8/23 6:46,1.37,Auction Ads,auction_relation
20230807,1773552069801980 ,AE,MENA,,1/1/00 0:00,1.16,2.1622,7/8/23 6:45,1.78,Auction Ads,auction_relation
20230807,1773552069801980 ,KW,Others,,1/1/00 0:00,1.16,2.1622,7/8/23 6:45,1.56,Auction Ads,auction_all
20230807,1773552069801980 ,QA,Others,,1/1/00 0:00,1.16,2.1622,7/8/23 6:45,1.56,Auction Ads,auction_all
20230807,1773548190759950 ,US,USCA,,1/1/00 0:00,14.05,16.715,7/8/23 6:47,1.78,Auction Ads,auction_relation
20230807,1773548190759950 ,US,USCA,,1/1/00 0:00,14.05,16.715,7/8/23 6:47,1.78,Auction Ads,auction_relation
20230807,1773468996202490 ,SA,,,1/1/00 0:00,5.3154,2.2422,7/8/23 6:45,0.54,Non-Auction Ads,Promote
20230807,1773551778969650 ,VN,VN,,1/1/00 0:00,1.11,2.1543,7/8/23 6:45,2.14,Auction Ads,auction_relation
20230807,1773551657856000 ,US,,,1/1/00 0:00,6.81,2.4204,7/8/23 6:46,0.54,Non-Auction Ads,Promote
20230807,1773552786587660 ,ID,ID,,1/1/00 0:00,4.86,2.8542,7/8/23 6:46,1.8,Auction Ads,auction_relation
20230807,1773549229372410 ,TH,,,1/1/00 0:00,1.1012,0.5005,7/8/23 6:46,0.54,Non-Auction Ads,Promote
20230807,1773522855304190 ,IL,,,1/1/00 0:00,5.5057,1.1504,7/8/23 6:46,0.54,Non-Auction Ads,Promote
20230807,1773553085410320 ,US,USCA,,1/1/00 0:00,16.57,16.1586,7/8/23 6:47,1.78,Auction Ads,auction_relation
20230807,1773551705923580 ,KH,,,1/1/00 0:00,6.2227,1.4233,7/8/23 6:46,0.54,Non-Auction Ads,Promote
20230807,1773552080975880 ,TW,TW,,1/1/00 0:00,11.82,4.3214,7/8/23 6:46,0.95,Auction Ads,auction_relation
20230807,1773551797210120 ,US,USCA,,1/1/00 0:00,1.59,3.1419,7/8/23 6:46,1.78,Auction Ads,auction_relation
20230807,1773551796202490 ,MY,MY,,1/1/00 0:00,,2.0706,7/8/23 6:46,2.31,Auction Ads,auction_relation
20230807,1773551810334800 ,MY,MY,,1/1/00 0:00,,2.0706,7/8/23 6:46,2.31,Auction Ads,auction_relation
20230807,1773551802223710 ,MY,MY,,1/1/00 0:00,,2.0706,7/8/23 6:46,2.31,Auction Ads,auction_relation
20230807,1773551706765360 ,MY,MY,,1/1/00 0:00,,2.0706,7/8/23 6:46,2.31,Auction Ads,auction_relation
20230807,1773551803165710 ,MY,MY,,1/1/00 0:00,,2.0706,7/8/23 6:46,2.31,Auction Ads,auction_relation
20230807,1773570686145550 ,US,USCA,,1/1/00 0:00,1.23,4.9427,7/8/23 6:47,1.78,Auction Ads,auction_relation
20230807,1773552212060160 ,ID,ID,,1/1/00 0:00,,1.8692,7/8/23 6:46,1.8,Auction Ads,auction_relation
20230807,1773551768953860 ,IT,,,1/1/00 0:00,27.931,1.5478,7/8/23 6:46,0.54,Non-Auction Ads,Promote
20230807,1773552007784490 ,MY,MY,,1/1/00 0:00,281.7696,6.7057,7/8/23 6:47,2.31,Auction Ads,auction_relation
20230807,1773552007784490 ,MY,MY,,1/1/00 0:00,281.7696,6.7057,7/8/23 6:47,2.31,Auction Ads,auction_relation
20230807,1773578723224620 ,FR,FR,,1/1/00 0:00,15.78,10.482,7/8/23 6:47,1.97,Auction Ads,auction_relation
20230807,1773578723224620 ,BE,BE,,1/1/00 0:00,15.78,10.482,7/8/23 6:47,1.15,Auction Ads,auction_relation
20230807,1773548071725050 ,ID,,,1/1/00 0:00,1.4056,0.3199,7/8/23 6:46,0.54,Non-Auction Ads,Promote
20230807,1773548962886650 ,TH,,,1/1/00 0:00,0.5559,0.2567,7/8/23 6:46,0.54,Non-Auction Ads,Promote
20230807,1773559509924910 ,HU,Others,,1/1/00 0:00,5.78,9.246,7/8/23 6:47,1.56,Auction Ads,auction_all
20230807,1773548065379320 ,RO,RO,,1/1/00 0:00,4.7192,1.6749,7/8/23 6:47,1.94,Auction Ads,auction_relation
20230807,1773570728209450 ,US,USCA,,1/1/00 0:00,1.32,4.9427,7/8/23 6:47,1.78,Auction Ads,auction_relation
20230807,1773546158083070 ,ID,,,1/1/00 0:00,3.1742,1.3918,7/8/23 6:47,0.54,Non-Auction Ads,Promote
20230807,1773551684747260 ,KH,,,1/1/00 0:00,2.9231,3.0753,7/8/23 6:47,0.54,Non-Auction Ads,Promote
20230807,1773551732878380 ,US,,,1/1/00 0:00,2.92,2.9933,7/8/23 6:47,0.54,Non-Auction Ads,Promote
20230807,1773549137009660 ,TH,,,1/1/00 0:00,3.4327,2.2442,7/8/23 6:47,0.54,Non-Auction Ads,Promote
20230807,1773551779916800 ,TR,,,1/1/00 0:00,9.8016,0.4273,7/8/23 6:47,0.54,Non-Auction Ads,Promote
20230807,1773570877850620 ,TR,TR,,1/1/00 0:00,5.95,7.2416,7/8/23 6:48,0.83,Auction Ads,auction_relation
20230807,1773551982696490 ,KH,KH,,1/1/00 0:00,19.41,6.192,7/8/23 6:48,1.5,Auction Ads,auction_relation
20230807,1773551464198140 ,KH,,,1/1/00 0:00,0.3364,0.1042,7/8/23 6:47,0.54,Non-Auction Ads,Promote
20230807,1773552150851580 ,ID,ID,,1/1/00 0:00,1.289,0.244,7/8/23 6:48,1.8,Auction Ads,auction_relation
20230807,1773548322020350 ,ID,,,1/1/00 0:00,0.7585,0.2503,7/8/23 6:48,0.54,Non-Auction Ads,Promote
20230807,1773574732761090 ,AT,AT,,1/1/00 0:00,5.1,5.6708,7/8/23 6:49,0.89,Auction Ads,auction_relation
20230807,1773551941150720 ,MY,MY,,1/1/00 0:00,13.79,2.4369,7/8/23 6:48,2.31,Auction Ads,auction_relation
20230807,1773551789829120 ,KH,,,1/1/00 0:00,9.7918,0.4217,7/8/23 6:48,0.54,Non-Auction Ads,Promote
20230807,1773548132955130 ,ID,,,1/1/00 0:00,3.0449,2.0367,7/8/23 6:48,0.54,Non-Auction Ads,Promote
20230807,1773551880268800 ,JP,,,1/1/00 0:00,2.2135,1.3342,7/8/23 6:48,0.54,Non-Auction Ads,Promote
20230807,1773552746209370 ,SA,MENA,,1/1/00 0:00,23.03,87.7077,7/8/23 7:01,1.78,Auction Ads,auction_relation
20230807,1773552083348480 ,TW,TW,,1/1/00 0:00,,7.3557,7/8/23 6:49,0.95,Auction Ads,auction_relation
20230807,1773552035973120 ,TW,TW,,1/1/00 0:00,,7.3557,7/8/23 6:49,0.95,Auction Ads,auction_relation
20230807,1773551986224160 ,TW,TW,,1/1/00 0:00,,7.3557,7/8/23 6:49,0.95,Auction Ads,auction_relation
20230807,1773552757907500 ,TW,TW,,1/1/00 0:00,,3.8826,7/8/23 6:49,0.95,Auction Ads,auction_relation
20230807,1773551868910610 ,ID,ID,,1/1/00 0:00,1.9,3.0037,7/8/23 6:49,1.8,Auction Ads,auction_relation
20230807,1773551946009640 ,ID,ID,,1/1/00 0:00,4.07,3.0037,7/8/23 6:49,1.8,Auction Ads,auction_relation
20230807,1773551968861180 ,ID,ID,,1/1/00 0:00,1.7,3.0037,7/8/23 6:49,1.8,Auction Ads,auction_relation
20230807,1773552078665770 ,MY,MY,,1/1/00 0:00,2.53,1.7147,7/8/23 6:49,2.31,Auction Ads,auction_relation
20230807,1773552724443130 ,BR,BR,,1/1/00 0:00,,32.6283,7/8/23 6:53,1.99,Auction Ads,auction_all
20230807,1773552016729090 ,TR,TR,,1/1/00 0:00,0.4888,0.1484,7/8/23 6:48,1.63,RIE,Ad Group Recall (Merged)
20230807,1773552016729090 ,TR,TR,,1/1/00 0:00,0.4888,0.1484,7/8/23 6:48,0.83,Auction Ads,auction_relation
20230807,1773552959017980 ,ID,ID,,1/1/00 0:00,16.8397,12.3501,7/8/23 6:51,1.8,Auction Ads,auction_relation
20230807,1773551972563970 ,PL,,,1/1/00 0:00,10.1709,2.2644,7/8/23 6:49,0.54,Non-Auction Ads,Promote
20230807,1773550919399420 ,PH,,,1/1/00 0:00,0.6399,0.1297,7/8/23 6:49,0.54,Non-Auction Ads,Promote
20230807,1773553513330690 ,KW,Others,,1/1/00 0:00,4.1,4.2688,7/8/23 6:49,1.56,Auction Ads,auction_all
20230807,1773553513330690 ,AE,MENA,,1/1/00 0:00,4.1,4.2688,7/8/23 6:49,1.78,Auction Ads,auction_relation
20230807,1773553513330690 ,QA,Others,,1/1/00 0:00,4.1,4.2688,7/8/23 6:49,1.56,Auction Ads,auction_all
20230807,1773549178402810 ,TH,,,1/1/00 0:00,3.0209,1.1855,7/8/23 6:49,0.54,Non-Auction Ads,Promote
20230807,1773549400370170 ,TH,,,1/1/00 0:00,1.0964,0.6596,7/8/23 6:49,0.54,Non-Auction Ads,Promote
20230807,1773548702872570 ,ID,,,1/1/00 0:00,0.6209,0.179,7/8/23 6:49,0.54,Non-Auction Ads,Promote
20230807,1773553823741960 ,ID,ID,,1/1/00 0:00,10.1933,8.4049,7/8/23 6:51,1.8,Auction Ads,auction_relation
20230807,1773550413083640 ,PH,,,1/1/00 0:00,0.6824,0.4486,7/8/23 6:49,0.54,Non-Auction Ads,Promote
20230807,1773470180528130 ,VN,,,1/1/00 0:00,3.742,0.688,7/8/23 6:49,0.54,Non-Auction Ads,Promote
20230807,1773551923180540 ,SA,,,1/1/00 0:00,31.6454,3.9942,7/8/23 6:50,1.53,RIE,Promote Report Recall
20230807,1773552185478140 ,VN,VN,,1/1/00 0:00,,1.8043,7/8/23 6:50,2.14,Auction Ads,auction_relation
20230807,1773552028005420 ,PH,PH,,1/1/00 0:00,18.38,1.3102,7/8/23 6:50,2.46,Auction Ads,auction_relation
20230807,1773552069091340 ,ID,ID,,1/1/00 0:00,,0.0127,7/8/23 6:49,1.8,Auction Ads,auction_relation
20230807,1773548398326780 ,ID,,,1/1/00 0:00,2.4117,1.6151,7/8/23 6:50,0.54,Non-Auction Ads,Promote
20230807,1773548330060800 ,ID,,,1/1/00 0:00,0.7895,0.3213,7/8/23 6:49,0.54,Non-Auction Ads,Promote
20230807,1773548836686840 ,ID,,,1/1/00 0:00,2.4495,0.8383,7/8/23 6:50,0.54,Non-Auction Ads,Promote
20230807,1773552139289630 ,TH,TH,,1/1/00 0:00,0,1.0925,7/8/23 6:50,1.64,Auction Ads,auction_relation
20230807,1773571139357690 ,RO,Other,,1/1/00 0:00,2.23,7.2416,7/8/23 6:51,1.62,RIE,Ad Group Recall (Merged)
20230807,1773571139357690 ,RO,RO,,1/1/00 0:00,2.23,7.2416,7/8/23 6:51,1.94,Auction Ads,auction_relation
20230807,1773552227862540 ,IQ,Others,,1/1/00 0:00,25.65,0.72,7/8/23 6:50,1.56,Auction Ads,auction_all
20230807,1773552338867250 ,ID,ID,,1/1/00 0:00,8.0877,3.5336,7/8/23 6:51,1.8,Auction Ads,auction_relation
20230807,1773548020314110 ,ID,,,1/1/00 0:00,0.7257,0.0999,7/8/23 6:50,0.54,Non-Auction Ads,Promote
20230807,1773552200099850 ,TW,TW,,1/1/00 0:00,12.82,4.3214,7/8/23 6:51,0.95,Auction Ads,auction_relation
20230807,1773552208026640 ,TW,TW,,1/1/00 0:00,,4.3214,7/8/23 6:51,2.59,RIE,Ad Group Recall (Merged)
20230807,1773552202705970 ,TW,TW,,1/1/00 0:00,,4.3214,7/8/23 6:51,2.59,RIE,Ad Group Recall (Merged)
20230807,1773548654438440 ,FR,FR,,1/1/00 0:00,40.6731,28.3354,7/8/23 6:54,1.97,Auction Ads,auction_relation
20230807,1773549060143100 ,ID,,,1/1/00 0:00,0.7131,0.3435,7/8/23 6:51,0.54,Non-Auction Ads,Promote
20230807,1773548246622210 ,ID,,,1/1/00 0:00,3.0476,0.7145,7/8/23 6:51,0.54,Non-Auction Ads,Promote
20230807,1773548900272120 ,ID,,,1/1/00 0:00,0.5687,0.3134,7/8/23 6:51,0.54,Non-Auction Ads,Promote
20230807,1773549364770810 ,TH,,,1/1/00 0:00,0.5364,0.2567,7/8/23 6:51,0.54,Non-Auction Ads,Promote
20230807,1773555103783950 ,JP,JP,,1/1/00 0:00,169.05,208.25,7/8/23 7:24,2.16,Auction Ads,auction_all
20230807,1773552928349180 ,SA,MENA,,1/1/00 0:00,21.41,87.7077,7/8/23 7:04,1.67,RIE,Ad Group Recall (Merged)
20230807,1773552928349180 ,SA,MENA,,1/1/00 0:00,21.41,87.7077,7/8/23 7:04,1.78,Auction Ads,auction_relation
20230807,1773552150334510 ,MY,MY,,1/1/00 0:00,9.3483,3.0015,7/8/23 6:51,2.31,Auction Ads,auction_relation
20230807,1773552150334510 ,MY,MY,,1/1/00 0:00,9.3483,3.0015,7/8/23 6:51,2.31,Auction Ads,auction_relation
20230807,1773548394388480 ,ID,,,1/1/00 0:00,0.7957,0.3376,7/8/23 6:51,0.54,Non-Auction Ads,Promote
20230807,1773552412928010 ,IE,IE,,1/1/00 0:00,5.66,6.5929,7/8/23 6:52,1.52,Auction Ads,auction_relation
20230807,1773552412928010 ,HU,Others,,1/1/00 0:00,5.66,6.5929,7/8/23 6:52,1.56,Auction Ads,auction_all
20230807,1773552412928010 ,NO,Others,,1/1/00 0:00,5.66,6.5929,7/8/23 6:52,1.56,Auction Ads,auction_all
20230807,1773552412928010 ,PL,PL,,1/1/00 0:00,5.66,6.5929,7/8/23 6:52,1.64,Auction Ads,auction_relation
20230807,1773552412928010 ,PT,PT,,1/1/00 0:00,5.66,6.5929,7/8/23 6:52,1.98,Auction Ads,auction_relation
20230807,1773552412928010 ,GB,GB,,1/1/00 0:00,5.66,6.5929,7/8/23 6:52,1.76,Auction Ads,auction_relation
20230807,1773552412928010 ,GR,GR,,1/1/00 0:00,5.66,6.5929,7/8/23 6:52,2.11,Auction Ads,auction_relation
20230807,1773552412928010 ,FI,Others,,1/1/00 0:00,5.66,6.5929,7/8/23 6:52,1.56,Auction Ads,auction_all
20230807,1773549419437050 ,ID,,,1/1/00 0:00,3.0073,0.5633,7/8/23 6:51,0.54,Non-Auction Ads,Promote
20230807,1773548861827070 ,ID,,,1/1/00 0:00,0.6726,0.3687,7/8/23 6:51,0.54,Non-Auction Ads,Promote
20230807,1773574876660840 ,CH,CH,,1/1/00 0:00,6.29,5.6708,7/8/23 6:52,0.93,Auction Ads,auction_relation
20230807,1773578683520010 ,JP,JP,,1/1/00 0:00,2.95,5.6708,7/8/23 6:52,2.16,Auction Ads,auction_all
20230807,1773578683520010 ,JP,JP,,1/1/00 0:00,2.95,5.6708,7/8/23 6:52,2.16,Auction Ads,auction_all
20230807,1773548502519840 ,MX,MX,,1/1/00 0:00,,7.7555,7/8/23 6:52,1.99,Auction Ads,auction_all
20230807,1773545713707010 ,ID,,,1/1/00 0:00,1.4451,0.9392,7/8/23 6:51,0.54,Non-Auction Ads,Promote
20230807,1773552337478650 ,TH,TH,,1/1/00 0:00,0.0075,10.4282,7/8/23 6:53,1.64,Auction Ads,auction_relation
20230807,1773552237830170 ,ID,ID,,1/1/00 0:00,2.26,2.9169,7/8/23 6:52,1.8,Auction Ads,auction_relation
20230807,1773552852079610 ,VN,VN,,1/1/00 0:00,5.4879,4.6657,7/8/23 6:52,2.14,Auction Ads,auction_relation
20230807,1773552177532960 ,KW,Others,,1/1/00 0:00,,0.9999,7/8/23 6:52,1.56,Auction Ads,auction_all
20230807,1773552177532960 ,OM,Others,,1/1/00 0:00,,0.9999,7/8/23 6:52,1.56,Auction Ads,auction_all
20230807,1773571187275810 ,UY,Others,,1/1/00 0:00,,5.6708,7/8/23 6:53,1.56,Auction Ads,auction_all
20230807,1773553019651100 ,SA,MENA,,1/1/00 0:00,23.13,87.7077,7/8/23 7:05,1.78,Auction Ads,auction_relation
20230807,1773552059951100 ,TH,,,1/1/00 0:00,4.64,1.906,7/8/23 6:52,1.53,RIE,Promote Report Recall
20230807,1773549516510210 ,TH,,,1/1/00 0:00,1.5491,0.2521,7/8/23 6:52,0.54,Non-Auction Ads,Promote
20230807,1773552291780650 ,GB,GB,,1/1/00 0:00,,16.5185,7/8/23 6:55,1.76,Auction Ads,auction_relation
20230807,1773550739406850 ,SE,,,1/1/00 0:00,7.3785,2.8333,7/8/23 6:52,0.54,Non-Auction Ads,Promote
20230807,1773552143963130 ,SA,,,1/1/00 0:00,18.2644,1.5376,7/8/23 6:52,0.54,Non-Auction Ads,Promote
20230807,1773549422285820 ,ID,,,1/1/00 0:00,1.1582,0.856,7/8/23 6:52,0.54,Non-Auction Ads,Promote
20230807,1773549058613250 ,ID,,,1/1/00 0:00,0.8057,0.3298,7/8/23 6:52,0.54,Non-Auction Ads,Promote
20230807,1773559918513150 ,DE,DE,,1/1/00 0:00,15.71,9.246,7/8/23 6:54,1.01,Auction Ads,auction_relation
20230807,1773552185554940 ,VN,,,1/1/00 0:00,2.1707,1.2677,7/8/23 6:52,1.53,RIE,Promote Report Recall
20230807,1773578837060610 ,TH,TH,,1/1/00 0:00,2.61,5.6708,7/8/23 6:54,1.64,Auction Ads,auction_relation
20230807,1773551900803070 ,BR,,,1/1/00 0:00,3.0516,0.3661,7/8/23 6:52,0.54,Non-Auction Ads,Promote
20230807,1773552479568940 ,MY,MY,,1/1/00 0:00,1.58,2.6114,7/8/23 6:53,2.31,Auction Ads,auction_relation
20230807,1773552223506440 ,TW,TW,,1/1/00 0:00,,1.5475,7/8/23 6:53,0.95,Auction Ads,auction_relation
20230807,1773552660508670 ,ID,ID,,1/1/00 0:00,2.1988,3.0424,7/8/23 6:53,1.8,Auction Ads,auction_relation
20230807,1773552581291050 ,ID,ID,,1/1/00 0:00,4.44,8.3558,7/8/23 6:54,1.8,Auction Ads,auction_relation
20230807,1773552397906970 ,TH,TH,,1/1/00 0:00,1.39,2.5893,7/8/23 6:53,1.64,Auction Ads,auction_relation
20230807,1773552215079930 ,SA,,,1/1/00 0:00,20.7408,6.7972,7/8/23 6:54,0.54,Non-Auction Ads,Promote
20230807,1773552552309770 ,MY,MY,,1/1/00 0:00,3.9885,0.8442,7/8/23 6:53,2.31,Auction Ads,auction_relation
20230807,1773549426354170 ,ID,,,1/1/00 0:00,0.6207,0.2407,7/8/23 6:53,0.54,Non-Auction Ads,Promote
20230807,1773552303963150 ,TW,TW,,1/1/00 0:00,,4.3214,7/8/23 6:54,0.95,Auction Ads,auction_relation
20230807,1773552280672250 ,TW,TW,,1/1/00 0:00,,4.3214,7/8/23 6:54,0.95,Auction Ads,auction_relation
20230807,1773552303943680 ,TW,TW,,1/1/00 0:00,,4.3214,7/8/23 6:54,2.59,RIE,Ad Group Recall (Merged)
20230807,1773552355186700 ,ID,ID,,1/1/00 0:00,0.48,2.9169,7/8/23 6:54,1.8,Auction Ads,auction_relation
20230807,1773549588131840 ,ID,,,1/1/00 0:00,0.8068,0.3293,7/8/23 6:53,0.54,Non-Auction Ads,Promote
20230807,1773552094321660 ,AU,AU,,1/1/00 0:00,93.67,4.7756,7/8/23 6:54,1.84,Auction Ads,auction_relation
20230807,1773552252783610 ,VN,,,1/1/00 0:00,2.9264,1.6457,7/8/23 6:54,1.53,RIE,Promote Report Recall
20230807,1773552566156280 ,PK,PK,,1/1/00 0:00,14.1638,14.9061,7/8/23 6:55,1.36,Auction Ads,auction_relation
20230807,1773552866705420 ,IL,IL,,1/1/00 0:00,7.89,7.3378,7/8/23 6:55,1.52,Auction Ads,auction_relation
20230807,1773552328893480 ,IL,IL,,1/1/00 0:00,4.98,7.3378,7/8/23 6:55,1.52,Auction Ads,auction_relation
20230807,1773552676690970 ,US,USCA,,1/1/00 0:00,,33.816,7/8/23 6:59,1.78,Auction Ads,auction_relation
20230807,1773552406713360 ,ID,ID,,1/1/00 0:00,1.35,7.6366,7/8/23 6:55,1.8,Auction Ads,auction_relation
20230807,1773579076929550 ,SE,SE,,1/1/00 0:00,11.22,5.6708,7/8/23 6:55,1.4,Auction Ads,auction_relation
20230807,1773552370299950 ,TH,TH,,1/1/00 0:00,,0,7/8/23 6:54,1.64,Auction Ads,auction_relation
20230807,1773552236710960 ,US,USCA,,1/1/00 0:00,1.11,3.1419,7/8/23 6:54,1.78,Auction Ads,auction_relation
20230807,1773549568179200 ,TH,,,1/1/00 0:00,0.5594,0.3269,7/8/23 6:54,0.54,Non-Auction Ads,Promote
20230807,1773550100750330 ,ID,,,1/1/00 0:00,1.2405,0.6672,7/8/23 6:54,0.54,Non-Auction Ads,Promote
20230807,1773552538964000 ,TH,TH,,1/1/00 0:00,6.5504,10.4282,7/8/23 6:56,1.64,Auction Ads,auction_relation
20230807,1773552090505210 ,JP,,,1/1/00 0:00,1.2687,0.8375,7/8/23 6:54,0.54,Non-Auction Ads,Promote
20230807,1773552417888370 ,GB,GB,,1/1/00 0:00,,2.4676,7/8/23 6:55,1.76,Auction Ads,auction_relation
20230807,1773552421408810 ,IE,Other,,1/1/00 0:00,3.98,2.4676,7/8/23 6:55,1.62,RIE,Ad Group Recall (Merged)
20230807,1773552816429050 ,BR,BR,,1/1/00 0:00,,6.1048,7/8/23 6:55,1.99,Auction Ads,auction_all
20230807,1773553074798600 ,BR,BR,,1/1/00 0:00,5.97,6.2891,7/8/23 6:55,1.99,Auction Ads,auction_all
20230807,1773549725609980 ,ID,,,1/1/00 0:00,1.39,0.4939,7/8/23 6:55,0.54,Non-Auction Ads,Promote
20230807,1773549767278590 ,ID,,,1/1/00 0:00,2.0926,0.4848,7/8/23 6:55,0.54,Non-Auction Ads,Promote
20230807,1773552494783500 ,ID,ID,,1/1/00 0:00,0.853,0.244,7/8/23 6:55,1.8,Auction Ads,auction_relation
20230807,1773552481715240 ,ID,ID,,1/1/00 0:00,1.7888,0.244,7/8/23 6:55,1.8,Auction Ads,auction_relation
20230807,1773552498111530 ,ID,ID,,1/1/00 0:00,1.7464,0.244,7/8/23 6:55,1.8,Auction Ads,auction_relation
20230807,1773552498126860 ,ID,ID,,1/1/00 0:00,1.738,0.244,7/8/23 6:55,1.8,Auction Ads,auction_relation
20230807,1773553933206570 ,US,USCA,,1/1/00 0:00,11.35,6.7662,7/8/23 6:56,1.78,Auction Ads,auction_relation
20230807,1773553933206570 ,US,US&CA,,1/1/00 0:00,11.35,6.7662,7/8/23 6:56,1.81,RIE,Ad Group Recall (Merged)
20230807,1773552400213010 ,SA,MENA,,1/1/00 0:00,,0.6412,7/8/23 6:55,1.78,Auction Ads,auction_relation
20230807,1773552400213010 ,AE,MENA,,1/1/00 0:00,,0.6412,7/8/23 6:55,1.78,Auction Ads,auction_relation
20230807,1773550296577020 ,ID,,,1/1/00 0:00,0.8386,0.4174,7/8/23 6:55,0.54,Non-Auction Ads,Promote
20230807,1773552726883370 ,VN,VN,,1/1/00 0:00,2.89,10.26,7/8/23 6:57,2.14,Auction Ads,auction_relation
20230807,1773552420348920 ,TH,,,1/1/00 0:00,0.4277,1.8983,7/8/23 6:56,1.53,RIE,Promote Report Recall
20230807,1773551564369940 ,IT,,,1/1/00 0:00,2.5086,1.4114,7/8/23 6:56,0.54,Non-Auction Ads,Promote
20230807,1773549822003200 ,TH,,,1/1/00 0:00,0.5857,0.5432,7/8/23 6:56,0.54,Non-Auction Ads,Promote
20230807,1773549742057530 ,TH,,,1/1/00 0:00,1.2923,1.1714,7/8/23 6:56,0.54,Non-Auction Ads,Promote
20230807,1773550680980480 ,ID,,,1/1/00 0:00,0.5575,0.2865,7/8/23 6:56,0.54,Non-Auction Ads,Promote
20230807,1773552436320270 ,ID,ID,,1/1/00 0:00,6.83,1.9853,7/8/23 6:56,1.8,Auction Ads,auction_relation
20230807,1773550465509370 ,ID,,,1/1/00 0:00,0.6532,0.2902,7/8/23 6:56,0.54,Non-Auction Ads,Promote
20230807,1773548816945200 ,GR,GR,,1/1/00 0:00,1.5633,9.1163,7/8/23 6:58,2.11,Auction Ads,auction_relation
20230807,1773549909210110 ,DK,,,1/1/00 0:00,12.2206,4.0631,7/8/23 6:57,0.54,Non-Auction Ads,Promote
20230807,1773552583496750 ,TH,TH,,1/1/00 0:00,1.94,7.6366,7/8/23 6:58,1.64,Auction Ads,auction_relation
20230807,1773552686921740 ,TH,TH,,1/1/00 0:00,1.71,7.6366,7/8/23 6:58,1.64,Auction Ads,auction_relation
20230807,1773469641802750 ,SA,,,1/1/00 0:00,3.6252,2.2422,7/8/23 6:57,0.54,Non-Auction Ads,Promote
20230807,1773551843661820 ,US,,,1/1/00 0:00,6.27,1.8171,7/8/23 6:57,0.54,Non-Auction Ads,Promote
20230807,1773285858942970 ,ID,,,1/1/00 0:00,1.2445,0.9315,7/8/23 6:56,0.54,Non-Auction Ads,Promote
20230807,1773552237244430 ,BR,,,1/1/00 0:00,1.2622,0.5485,7/8/23 6:56,0.54,Non-Auction Ads,Promote
20230807,1773548234884100 ,ES,,,1/1/00 0:00,5.6343,2.9418,7/8/23 6:57,0.54,Non-Auction Ads,Promote
20230807,1773549265156140 ,SA,MENA,,1/1/00 0:00,12.55,3.5914,7/8/23 6:57,1.78,Auction Ads,auction_relation
20230807,1773549753117690 ,TH,,,1/1/00 0:00,5.0561,1.85,7/8/23 6:57,0.54,Non-Auction Ads,Promote
20230807,1773552470624260 ,RO,,,1/1/00 0:00,0.4564,0.2859,7/8/23 6:57,1.53,RIE,Promote Report Recall
20230807,1773552697091090 ,KW,Others,,1/1/00 0:00,0.468,2.3593,7/8/23 6:57,1.56,Auction Ads,auction_all
20230807,1773550832717820 ,ID,,,1/1/00 0:00,0.5838,0.2661,7/8/23 6:57,0.54,Non-Auction Ads,Promote
20230807,1773552623826990 ,DE,DE,,1/1/00 0:00,5.55,4.4123,7/8/23 6:58,1.01,Auction Ads,auction_relation
20230807,1773551195182080 ,ID,,,1/1/00 0:00,0.6078,0.2186,7/8/23 6:58,0.54,Non-Auction Ads,Promote
20230807,1773553168648210 ,TH,TH,,1/1/00 0:00,12.04,33.8183,7/8/23 7:02,1.64,Auction Ads,auction_relation
20230807,1773552739124270 ,TH,TH,,1/1/00 0:00,7.9808,1.1873,7/8/23 6:58,1.64,Auction Ads,auction_relation
20230807,1773552399839230 ,ID,,,1/1/00 0:00,8.0345,2.3242,7/8/23 6:58,1.53,RIE,Promote Report Recall
20230807,1773550114377750 ,IE,,,1/1/00 0:00,3.2464,0.7749,7/8/23 6:58,0.54,Non-Auction Ads,Promote
20230807,1773550045313030 ,IE,,,1/1/00 0:00,3.2246,0.7749,7/8/23 6:58,0.54,Non-Auction Ads,Promote
20230807,1773552668794910 ,ID,ID,,1/1/00 0:00,1.32,2.7556,7/8/23 6:58,1.8,Auction Ads,auction_relation
20230807,1773552538764280 ,VN,,,1/1/00 0:00,2.0613,1.6726,7/8/23 6:58,1.53,RIE,Promote Report Recall
20230807,1773552580502540 ,TH,TH,,1/1/00 0:00,,1.6671,7/8/23 6:58,1.64,Auction Ads,auction_relation
20230807,1773550939604990 ,ES,,,1/1/00 0:00,2.3658,0.9538,7/8/23 6:58,0.54,Non-Auction Ads,Promote
20230807,1773550435405820 ,ID,,,1/1/00 0:00,3.3015,2.0749,7/8/23 6:58,0.54,Non-Auction Ads,Promote
20230807,1773549615442940 ,TH,,,1/1/00 0:00,0.9669,1.2241,7/8/23 6:58,0.54,Non-Auction Ads,Promote
20230807,1773552826022910 ,ID,ID,,1/1/00 0:00,13.95,3.6309,7/8/23 6:59,1.8,Auction Ads,auction_relation
20230807,1773549711588350 ,TH,,,1/1/00 0:00,0.4723,0.5185,7/8/23 6:58,0.54,Non-Auction Ads,Promote
20230807,1773552855715870 ,ID,ID,,1/1/00 0:00,2.62,6.4937,7/8/23 6:59,1.8,Auction Ads,auction_relation
20230807,1773552897592320 ,TH,TH,,1/1/00 0:00,5.3924,5.9043,7/8/23 6:59,1.64,Auction Ads,auction_relation
20230807,1773518406448160 ,KW,Other,,1/1/00 0:00,17.1557,10.0233,7/8/23 7:00,1.62,RIE,Ad Group Recall (Merged)
20230807,1773549623667710 ,TH,,,1/1/00 0:00,3.1721,0.4495,7/8/23 6:58,0.54,Non-Auction Ads,Promote
20230807,1773549623667710 ,TH,,,1/1/00 0:00,3.1721,0.4495,7/8/23 6:58,0.54,Non-Auction Ads,Promote
20230807,1773470885058560 ,VN,,,1/1/00 0:00,1.0912,0.2428,7/8/23 6:59,0.54,Non-Auction Ads,Promote
20230807,1773550316139520 ,ID,,,1/1/00 0:00,0.8456,0.4174,7/8/23 6:59,0.54,Non-Auction Ads,Promote
20230807,1773549822404610 ,TH,,,1/1/00 0:00,4.0908,0.1726,7/8/23 6:59,0.54,Non-Auction Ads,Promote
20230807,1773552828526640 ,TH,TH,,1/1/00 0:00,,3.0923,7/8/23 6:59,1.64,Auction Ads,auction_relation
20230807,1773530076216330 ,US,US&CA,,1/1/00 0:00,9.37,7.2218,7/8/23 7:00,1.81,RIE,Ad Group Recall (Merged)
20230807,1773552623803420 ,SA,MENA,,1/1/00 0:00,2.02,1.0166,7/8/23 6:59,1.78,Auction Ads,auction_relation
20230807,1773552620247090 ,SA,MENA,,1/1/00 0:00,2,1.0166,7/8/23 6:59,1.78,Auction Ads,auction_relation
20230807,1773552612699150 ,SA,MENA,,1/1/00 0:00,2.06,1.0166,7/8/23 6:59,1.78,Auction Ads,auction_relation
20230807,1773550094888960 ,ID,,,1/1/00 0:00,2.5823,0.7114,7/8/23 6:59,0.54,Non-Auction Ads,Promote
20230807,1773549837379580 ,TH,,,1/1/00 0:00,0.7886,1.0994,7/8/23 6:59,0.54,Non-Auction Ads,Promote
20230807,1773554014784510 ,BR,BR,,1/1/00 0:00,17.02,32.6283,7/8/23 7:04,1.99,Auction Ads,auction_all
20230807,1773551210228730 ,ID,,,1/1/00 0:00,2.5963,1.1547,7/8/23 6:59,0.54,Non-Auction Ads,Promote
20230807,1773561945569330 ,IE,IE,,1/1/00 0:00,9.48,3.7927,7/8/23 7:00,1.52,Auction Ads,auction_relation
20230807,1773561945569330 ,AU,AU,,1/1/00 0:00,9.48,3.7927,7/8/23 7:00,1.84,Auction Ads,auction_relation
20230807,1773503654674460 ,KW,Others,,1/1/00 0:00,3.14,3.3729,7/8/23 7:00,1.56,Auction Ads,auction_all
20230807,1773534850761740 ,AU,AU,,1/1/00 0:00,,4.0951,7/8/23 7:00,1.84,Auction Ads,auction_relation
20230807,1773552794075230 ,TH,TH,,1/1/00 0:00,5.179,5.2145,7/8/23 7:00,1.64,Auction Ads,auction_relation
20230807,1773548879523850 ,RO,Other,,1/1/00 0:00,5.8281,1.6749,7/8/23 7:00,1.62,RIE,Ad Group Recall (Merged)
20230807,1773539832711180 ,FR,FR,,1/1/00 0:00,7.29,3.7927,7/8/23 7:00,1.97,Auction Ads,auction_relation
20230807,1773545244223490 ,MY,,,1/1/00 0:00,3.1681,1.5999,7/8/23 7:00,0.54,Non-Auction Ads,Promote
20230807,1773550583963640 ,ID,,,1/1/00 0:00,1.3959,0.3221,7/8/23 7:00,0.54,Non-Auction Ads,Promote
20230807,1773552615832580 ,TH,,,1/1/00 0:00,10,9.7542,7/8/23 7:01,1.53,RIE,Promote Report Recall
20230807,1773549845224440 ,TH,,,1/1/00 0:00,2.0427,0.202,7/8/23 7:00,0.54,Non-Auction Ads,Promote
20230807,1773572089024560 ,MY,MY,,1/1/00 0:00,18.31,7.2416,7/8/23 7:01,2.3,RIE,Ad Group Recall (Merged)
20230807,1773552744585210 ,ID,ID,,1/1/00 0:00,6.93,2.7556,7/8/23 7:01,1.8,Auction Ads,auction_relation
20230807,1773552447099910 ,TH,,,1/1/00 0:00,4.08,2.3074,7/8/23 7:00,1.53,RIE,Promote Report Recall
20230807,1773552678136830 ,RO,,,1/1/00 0:00,2.0866,0.2859,7/8/23 7:00,1.53,RIE,Promote Report Recall
20230807,1773552460510210 ,US,,,1/1/00 0:00,8.57,3.3333,7/8/23 7:01,0.54,Non-Auction Ads,Promote
20230807,1773552642115580 ,VN,VN,,1/1/00 0:00,0.1827,1.6257,7/8/23 7:00,2.14,Auction Ads,auction_relation
20230807,1773549936824320 ,ID,,,1/1/00 0:00,0.645,0.2691,7/8/23 7:00,0.54,Non-Auction Ads,Promote
20230807,1773553756047390 ,MY,MY,,1/1/00 0:00,,2.9568,7/8/23 7:01,2.31,Auction Ads,auction_relation
20230807,1773545472779260 ,MY,,,1/1/00 0:00,3.3238,1.5999,7/8/23 7:01,0.54,Non-Auction Ads,Promote
20230807,1773551119166460 ,PH,,,1/1/00 0:00,0.282,0,7/8/23 7:01,0.54,Non-Auction Ads,Promote
20230807,1773545328205820 ,MY,,,1/1/00 0:00,2.9748,1.5999,7/8/23 7:01,0.54,Non-Auction Ads,Promote
20230807,1773552768097310 ,DE,DE,,1/1/00 0:00,0.42,3.6847,7/8/23 7:01,1.01,Auction Ads,auction_relation
20230807,1773549999858680 ,TH,,,1/1/00 0:00,1.085,0.2691,7/8/23 7:01,0.54,Non-Auction Ads,Promote
20230807,1773551621969920 ,ID,,,1/1/00 0:00,2.1731,0.5163,7/8/23 7:01,0.54,Non-Auction Ads,Promote
20230807,1773553327067130 ,DE,DE,,1/1/00 0:00,13.8,2.193,7/8/23 7:01,1.01,Auction Ads,auction_relation
20230807,1773551361969150 ,ID,,,1/1/00 0:00,5.611,1.0807,7/8/23 7:01,0.54,Non-Auction Ads,Promote
20230807,1773553486908430 ,MY,MY,,1/1/00 0:00,1.76,2.6114,7/8/23 7:01,2.31,Auction Ads,auction_relation
20230807,1773557046946860 ,KR,KR,,1/1/00 0:00,169.74,39.1199,7/8/23 7:08,2.18,RIE,Ad Group Recall (Merged)
20230807,1773557638258700 ,KR,KR,,1/1/00 0:00,169.82,39.1199,7/8/23 7:08,2.18,RIE,Ad Group Recall (Merged)
20230807,1773553451625470 ,US,USCA,,1/1/00 0:00,8.66,9.1326,7/8/23 7:03,1.78,Auction Ads,auction_relation
20230807,1773552866993150 ,SA,MENA,,1/1/00 0:00,14.04,11.4939,7/8/23 7:03,1.67,RIE,Ad Group Recall (Merged)
20230807,1773552251038720 ,US,,,1/1/00 0:00,3.71,1.6567,7/8/23 7:02,0.54,Non-Auction Ads,Promote
20230807,1773545644180480 ,MY,,,1/1/00 0:00,0.8057,0,7/8/23 7:01,0.54,Non-Auction Ads,Promote
20230807,1773552729587710 ,PL,,,1/1/00 0:00,18.5117,6.2716,7/8/23 7:02,0.54,Non-Auction Ads,Promote
20230807,1773552677117950 ,TR,,,1/1/00 0:00,7.0528,0.7349,7/8/23 7:02,0.54,Non-Auction Ads,Promote
20230807,1773553004735490 ,CZ,Other,,1/1/00 0:00,9.43,2.2682,7/8/23 7:02,1.62,RIE,Ad Group Recall (Merged)
20230807,1773545606144020 ,DE,,,1/1/00 0:00,11.9612,0.7382,7/8/23 7:02,0.54,Non-Auction Ads,Promote
20230807,1773550151778300 ,TH,,,1/1/00 0:00,1.1968,0.5732,7/8/23 7:02,0.54,Non-Auction Ads,Promote
20230807,1773553061637130 ,US,USCA,,1/1/00 0:00,17.81,5.2497,7/8/23 7:03,1.78,Auction Ads,auction_relation
20230807,1773552866989050 ,IE,Other,,1/1/00 0:00,6.81,2.4676,7/8/23 7:02,1.62,RIE,Ad Group Recall (Merged)
20230807,1773552678635520 ,KH,,,1/1/00 0:00,4.6823,0.6993,7/8/23 7:02,0.54,Non-Auction Ads,Promote
20230807,1773552840308770 ,ID,ID,,1/1/00 0:00,2.11,2.7556,7/8/23 7:02,1.8,Auction Ads,auction_relation
20230807,1773552714979330 ,TH,,,1/1/00 0:00,8.83,3.7683,7/8/23 7:02,1.53,RIE,Promote Report Recall
20230807,1773552786695210 ,TW,TW,,1/1/00 0:00,1.28,0.7957,7/8/23 7:02,2.59,RIE,Ad Group Recall (Merged)
20230807,1773549974640640 ,TH,,,1/1/00 0:00,0.7322,0.2918,7/8/23 7:02,0.54,Non-Auction Ads,Promote
20230807,1773553094242320 ,MY,MY,,1/1/00 0:00,6.36,1.4127,7/8/23 7:02,2.3,RIE,Ad Group Recall (Merged)
20230807,1773553094242320 ,SG,Other,,1/1/00 0:00,6.36,1.4127,7/8/23 7:02,1.62,RIE,Ad Group Recall (Merged)
20230807,1773549100320770 ,HU,Others,,1/1/00 0:00,20.2051,6.3464,7/8/23 7:03,1.56,Auction Ads,auction_all
20230807,1773549108608030 ,PL,PL,,1/1/00 0:00,26.8397,6.3464,7/8/23 7:04,1.64,Auction Ads,auction_relation
20230807,1773552972752940 ,VN,VN,,1/1/00 0:00,0.2351,1.518,7/8/23 7:03,2.14,Auction Ads,auction_relation
20230807,1773552710598660 ,US,,,1/1/00 0:00,3.06,2.5,7/8/23 7:03,0.54,Non-Auction Ads,Promote
20230807,1773554394613770 ,SE,SE,,1/1/00 0:00,79.83,11.1504,7/8/23 7:04,1.4,Auction Ads,auction_relation
20230807,1773554394613770 ,DE,DE,,1/1/00 0:00,79.83,11.1504,7/8/23 7:04,1.01,Auction Ads,auction_relation
20230807,1773549950450750 ,TH,,,1/1/00 0:00,0.5403,0.3819,7/8/23 7:03,0.54,Non-Auction Ads,Promote
20230807,1773552904666160 ,TH,TH,,1/1/00 0:00,,3.0923,7/8/23 7:03,1.64,Auction Ads,auction_relation
20230807,1773552120401920 ,ID,,,1/1/00 0:00,0.3564,0.1569,7/8/23 7:03,0.54,Non-Auction Ads,Promote
20230807,1773552956162080 ,ID,ID,,1/1/00 0:00,3.13,3.6309,7/8/23 7:04,1.8,Auction Ads,auction_relation
20230807,1773553213195280 ,BR,BR,,1/1/00 0:00,19.52,6.1048,7/8/23 7:04,1.99,Auction Ads,auction_all
20230807,1773548153066490 ,ID,,,1/1/00 0:00,0.6449,0.1668,7/8/23 7:03,0.54,Non-Auction Ads,Promote
20230807,1773549122020350 ,RO,RO,,1/1/00 0:00,13.1531,6.3464,7/8/23 7:04,1.94,Auction Ads,auction_relation
20230807,1773550974058490 ,ID,,,1/1/00 0:00,0.4918,0.5216,7/8/23 7:03,0.54,Non-Auction Ads,Promote
20230807,1773552780088340 ,RO,,,1/1/00 0:00,5.356,0,7/8/23 7:03,1.53,RIE,Promote Report Recall
20230807,1773553007296530 ,ID,ID,,1/1/00 0:00,24.88,2.7556,7/8/23 7:04,1.8,Auction Ads,auction_relation
20230807,1773549139402750 ,DE,DE,,1/1/00 0:00,8.9012,6.3464,7/8/23 7:04,1.01,Auction Ads,auction_relation
20230807,1773550254521400 ,TH,,,1/1/00 0:00,1.1357,0.5949,7/8/23 7:03,0.54,Non-Auction Ads,Promote
20230807,1773549133786130 ,GR,GR,,1/1/00 0:00,12.8111,6.3464,7/8/23 7:04,2.11,Auction Ads,auction_relation
20230807,1773552598164480 ,ID,,,1/1/00 0:00,0.7059,0.1943,7/8/23 7:04,0.54,Non-Auction Ads,Promote
20230807,1773549829441580 ,US,US&CA,,1/1/00 0:00,31.41,23.6685,7/8/23 7:08,1.81,RIE,Ad Group Recall (Merged)
20230807,1773549150809130 ,IT,IT,,1/1/00 0:00,13.2296,6.3464,7/8/23 7:04,1.36,Auction Ads,auction_relation
20230807,1773551105286140 ,RO,,,1/1/00 0:00,0.7761,0.2121,7/8/23 7:04,0.54,Non-Auction Ads,Promote
20230807,1773549171037180 ,CZ,CZ,,1/1/00 0:00,14.7805,6.3464,7/8/23 7:04,1.9,Auction Ads,auction_relation
20230807,1773571013891100 ,GR,GR,,1/1/00 0:00,32.32,7.2416,7/8/23 7:05,2.11,Auction Ads,auction_relation
20230807,1773553209503740 ,VN,VN,,1/1/00 0:00,4.1746,4.6657,7/8/23 7:04,2.14,Auction Ads,auction_relation
20230807,1773553135626320 ,TH,TH,,1/1/00 0:00,,3.0923,7/8/23 7:04,1.64,Auction Ads,auction_relation
20230807,1773552172482560 ,ID,,,1/1/00 0:00,0.8145,0.1897,7/8/23 7:04,0.54,Non-Auction Ads,Promote
20230807,1773551536937980 ,ID,,,1/1/00 0:00,1.1477,0.4261,7/8/23 7:04,0.54,Non-Auction Ads,Promote
20230807,1773553669688320 ,US,USCA,,1/1/00 0:00,,8,7/8/23 7:05,1.78,Auction Ads,auction_relation
20230807,1773553669688320 ,US,USCA,,1/1/00 0:00,,8,7/8/23 7:05,1.78,Auction Ads,auction_relation
20230807,1773553556550650 ,TW,TW,,1/1/00 0:00,8.73,3.78,7/8/23 7:04,0.95,Auction Ads,auction_relation
20230807,1773549502436400 ,US,USCA,,1/1/00 0:00,,31.1273,7/8/23 7:09,1.78,Auction Ads,auction_relation
20230807,1773552632509440 ,ID,,,1/1/00 0:00,2.2885,1.2922,7/8/23 7:04,0.54,Non-Auction Ads,Promote
20230807,1773549180489720 ,HU,Others,,1/1/00 0:00,23.4955,1.6521,7/8/23 7:05,1.56,Auction Ads,auction_all
20230807,1773552325700610 ,RO,,,1/1/00 0:00,1.0121,0.2859,7/8/23 7:04,0.54,Non-Auction Ads,Promote
20230807,1773549189132330 ,PL,PL,,1/1/00 0:00,14.7806,1.6521,7/8/23 7:05,1.64,Auction Ads,auction_relation
20230807,1773549200026640 ,CZ,CZ,,1/1/00 0:00,51.5098,1.6521,7/8/23 7:05,1.9,Auction Ads,auction_relation
20230807,1773546159294460 ,MY,,,1/1/00 0:00,0.0769,1.5098,7/8/23 7:05,0.54,Non-Auction Ads,Promote
20230807,1773550359912440 ,TH,,,1/1/00 0:00,0.5694,0.3736,7/8/23 7:05,0.54,Non-Auction Ads,Promote
20230807,1773549216754700 ,RO,RO,,1/1/00 0:00,12.1402,1.6521,7/8/23 7:05,1.94,Auction Ads,auction_relation
20230807,1773552695156740 ,US,,,1/1/00 0:00,3.41,3.25,7/8/23 7:05,0.54,Non-Auction Ads,Promote
20230807,1773553240308750 ,IE,IE,,1/1/00 0:00,20.31,7.714,7/8/23 7:07,1.52,Auction Ads,auction_relation
20230807,1773553134828560 ,ID,ID,,1/1/00 0:00,0.45,6.4937,7/8/23 7:06,1.8,Auction Ads,auction_relation
20230807,1773552292786170 ,ID,,,1/1/00 0:00,0.9299,0.526,7/8/23 7:05,0.54,Non-Auction Ads,Promote
20230807,1773571906897930 ,ES,ES,,1/1/00 0:00,4.67,0,7/8/23 7:05,1.37,Auction Ads,auction_relation
20230807,1773549219289100 ,DE,DE,,1/1/00 0:00,9.0553,1.6521,7/8/23 7:05,1.01,Auction Ads,auction_relation
20230807,1773546308809720 ,MY,,,1/1/00 0:00,1.1724,0.3658,7/8/23 7:05,0.54,Non-Auction Ads,Promote
20230807,1773551113553920 ,ID,,,1/1/00 0:00,0.7006,0.2582,7/8/23 7:05,0.54,Non-Auction Ads,Promote
20230807,1773546019298300 ,MY,,,1/1/00 0:00,15.6557,2.401,7/8/23 7:06,0.54,Non-Auction Ads,Promote
20230807,1773553043628030 ,KW,,,1/1/00 0:00,21.8446,3.1125,7/8/23 7:06,0.54,Non-Auction Ads,Promote
20230807,1773541845251120 ,NO,Other,,1/1/00 0:00,4.5,7.7437,7/8/23 7:07,1.62,RIE,Ad Group Recall (Merged)
20230807,1773549240575010 ,GR,GR,,1/1/00 0:00,24.2433,1.6521,7/8/23 7:06,2.11,Auction Ads,auction_relation
20230807,1773552915250170 ,ID,,,1/1/00 0:00,1.2421,6.5368,7/8/23 7:07,0.54,Non-Auction Ads,Promote
20230807,1773552686043210 ,ID,,,1/1/00 0:00,2.0606,0.5237,7/8/23 7:06,0.54,Non-Auction Ads,Promote
20230807,1773553111837690 ,ID,ID,,1/1/00 0:00,2.92,2.7556,7/8/23 7:06,1.8,Auction Ads,auction_relation
20230807,1773550024702970 ,TH,,,1/1/00 0:00,1.1606,0.2691,7/8/23 7:06,0.54,Non-Auction Ads,Promote
20230807,1773552944132090 ,MY,,,1/1/00 0:00,1.087,1.8533,7/8/23 7:06,1.53,RIE,Promote Report Recall
20230807,1773557503763470 ,ID,ID,,1/1/00 0:00,243.98,225.58,7/8/23 7:43,1.8,Auction Ads,auction_relation
20230807,1773553600484380 ,KR,KR,,1/1/00 0:00,8.0255,23.0692,7/8/23 7:11,2.18,RIE,Ad Group Recall (Merged)
20230807,1773553080803330 ,QA,,,1/1/00 0:00,8.0626,3.2014,7/8/23 7:07,0.54,Non-Auction Ads,Promote
20230807,1773552967745550 ,TH,,,1/1/00 0:00,0.01,1.3219,7/8/23 7:07,1.53,RIE,Promote Report Recall
20230807,1773568409328650 ,CH,CH,,1/1/00 0:00,2.87,7.2416,7/8/23 7:08,0.93,Auction Ads,auction_relation
20230807,1773552535166980 ,RO,,,1/1/00 0:00,10.3387,1.2252,7/8/23 7:07,0.54,Non-Auction Ads,Promote
20230807,1773546557256700 ,MY,,,1/1/00 0:00,0.7641,0.3578,7/8/23 7:07,0.54,Non-Auction Ads,Promote
20230807,1773553172419630 ,ID,ID,,1/1/00 0:00,5.49,2.7556,7/8/23 7:07,1.8,Auction Ads,auction_relation
20230807,1773546637228030 ,MY,,,1/1/00 0:00,0.8168,0.5797,7/8/23 7:07,0.54,Non-Auction Ads,Promote
20230807,1773553597562890 ,IE,IE,,1/1/00 0:00,19.68,7.714,7/8/23 7:09,1.52,Auction Ads,auction_relation
20230807,1773549540786190 ,RO,RO,,1/1/00 0:00,4.7099,1.6749,7/8/23 7:08,1.94,Auction Ads,auction_relation
20230807,1773553265339440 ,MA,MA,,1/1/00 0:00,29.3929,11.9759,7/8/23 7:09,1.51,Auction Ads,auction_relation
20230807,1773553083305980 ,KR,,,1/1/00 0:00,4.8804,2.0226,7/8/23 7:08,1.53,RIE,Promote Report Recall
20230807,1773519435724890 ,CZ,CZ,,1/1/00 0:00,19.0294,3.0593,7/8/23 7:08,1.9,Auction Ads,auction_relation
20230807,1773553158751230 ,SG,,,1/1/00 0:00,0.5749,0.8895,7/8/23 7:08,1.53,RIE,Promote Report Recall
20230807,1773553022246910 ,GR,,,1/1/00 0:00,13.1058,1.0777,7/8/23 7:08,0.54,Non-Auction Ads,Promote
20230807,1773553316150300 ,GB,GB,,1/1/00 0:00,5.83,2.972,7/8/23 7:08,1.72,RIE,Ad Group Recall (Merged)
20230807,1773471882892280 ,VN,,,1/1/00 0:00,0.5346,0.345,7/8/23 7:08,0.54,Non-Auction Ads,Promote
20230807,1773553109534750 ,ID,ID,,1/1/00 0:00,2.6948,0.4394,7/8/23 7:08,1.8,Auction Ads,auction_relation
20230807,1773552912276480 ,ID,,,1/1/00 0:00,1.615,0.4063,7/8/23 7:08,0.54,Non-Auction Ads,Promote
20230807,1773553810238490 ,AU,AU,,1/1/00 0:00,,51.4681,7/8/23 7:18,1.84,Auction Ads,auction_relation
20230807,1773572254748670 ,NL,NL,,1/1/00 0:00,4.23,7.2416,7/8/23 7:09,1.19,Auction Ads,auction_relation
20230807,1773553339914250 ,ID,ID,,1/1/00 0:00,,3.7448,7/8/23 7:09,1.8,Auction Ads,auction_relation
20230807,1773471954919420 ,VN,,,1/1/00 0:00,0.6898,0.2171,7/8/23 7:08,0.54,Non-Auction Ads,Promote
20230807,1773549466748940 ,DE,DE,,1/1/00 0:00,9.03,1.5743,7/8/23 7:09,1.01,Auction Ads,auction_relation
20230807,1773549466748940 ,US,USCA,,1/1/00 0:00,9.03,1.5743,7/8/23 7:09,1.78,Auction Ads,auction_relation
20230807,1773549466748940 ,GB,GB,,1/1/00 0:00,9.03,1.5743,7/8/23 7:09,1.76,Auction Ads,auction_relation
20230807,1773549466748940 ,SE,SE,,1/1/00 0:00,9.03,1.5743,7/8/23 7:09,1.4,Auction Ads,auction_relation
20230807,1773553045872640 ,DE,,,1/1/00 0:00,204.8611,28.7333,7/8/23 7:15,1.53,RIE,Promote Report Recall
20230807,1773553250963450 ,VN,,,1/1/00 0:00,5.6238,6.3779,7/8/23 7:09,1.53,RIE,Promote Report Recall
20230807,1773550486085630 ,TH,,,1/1/00 0:00,0.74,0.4128,7/8/23 7:09,0.54,Non-Auction Ads,Promote
20230807,1773553199171580 ,SG,,,1/1/00 0:00,0.4105,0.8895,7/8/23 7:09,1.53,RIE,Promote Report Recall
20230807,1773549519184890 ,HU,Others,,1/1/00 0:00,11.9857,6.3464,7/8/23 7:10,1.56,Auction Ads,auction_all
20230807,1773550711731210 ,US,USCA,,1/1/00 0:00,67.07,110.4364,7/8/23 7:26,1.78,Auction Ads,auction_relation
20230807,1773553616294940 ,BR,BR,,1/1/00 0:00,,6.1048,7/8/23 7:10,1.99,Auction Ads,auction_all
20230807,1773552084432890 ,ID,,,1/1/00 0:00,1.2668,0.4867,7/8/23 7:09,0.54,Non-Auction Ads,Promote
20230807,1773541447994360 ,TR,,,1/1/00 0:00,0.3217,0.7708,7/8/23 7:09,0.54,Non-Auction Ads,Promote
20230807,1773553276391420 ,ID,,,1/1/00 0:00,20.3098,8.2622,7/8/23 7:11,0.54,Non-Auction Ads,Promote
20230807,1773553081796610 ,ID,,,1/1/00 0:00,0.2761,0.2375,7/8/23 7:09,1.53,RIE,Promote Report Recall
20230807,1773546548028410 ,MY,,,1/1/00 0:00,0.8608,0.784,7/8/23 7:09,0.54,Non-Auction Ads,Promote
20230807,1773553346482220 ,BR,BR,,1/1/00 0:00,0.0042,0.5145,7/8/23 7:09,1.7,RIE,Ad Group Recall (Merged)
20230807,1773553403486240 ,AE,MENA,,1/1/00 0:00,18.73,11.1169,7/8/23 7:11,1.78,Auction Ads,auction_relation
20230807,1773553403486240 ,KW,Others,,1/1/00 0:00,18.73,11.1169,7/8/23 7:11,1.56,Auction Ads,auction_all
20230807,1773553403486240 ,SA,MENA,,1/1/00 0:00,18.73,11.1169,7/8/23 7:11,1.78,Auction Ads,auction_relation
20230807,1773553678661680 ,ID,ID,,1/1/00 0:00,8.6075,13.4923,7/8/23 7:11,1.8,Auction Ads,auction_relation
20230807,1773553360023580 ,GB,GB,,1/1/00 0:00,,2.4676,7/8/23 7:10,1.76,Auction Ads,auction_relation
20230807,1773553275584540 ,US,USCA,,1/1/00 0:00,1.65,2.3175,7/8/23 7:10,1.78,Auction Ads,auction_relation
20230807,1773538714412030 ,IL,,,1/1/00 0:00,0.1998,0.2377,7/8/23 7:09,0.54,Non-Auction Ads,Promote
20230807,1773549611243530 ,RO,RO,,1/1/00 0:00,4.7077,1.6749,7/8/23 7:11,1.94,Auction Ads,auction_relation
20230807,1773553684000810 ,US,USCA,,1/1/00 0:00,,31.1273,7/8/23 7:16,1.78,Auction Ads,auction_relation
20230807,1773552320196610 ,US,,,1/1/00 0:00,3.82,2.0212,7/8/23 7:11,0.54,Non-Auction Ads,Promote
20230807,1773552000958460 ,PH,,,1/1/00 0:00,,0.1003,7/8/23 7:10,0.54,Non-Auction Ads,Promote
20230807,1773552000958460 ,PH,,,1/1/00 0:00,,0.1003,7/8/23 7:10,0.54,Non-Auction Ads,Promote
20230807,1773551119383550 ,GR,,,1/1/00 0:00,0.9572,0.5035,7/8/23 7:11,0.54,Non-Auction Ads,Promote
20230807,1773541575969790 ,TR,,,1/1/00 0:00,0.6808,0.157,7/8/23 7:11,0.54,Non-Auction Ads,Promote
20230807,1773549681126430 ,FI,Others,,1/1/00 0:00,7.68,1.5743,7/8/23 7:11,1.56,Auction Ads,auction_all
20230807,1773549681126430 ,AT,AT,,1/1/00 0:00,7.68,1.5743,7/8/23 7:11,0.89,Auction Ads,auction_relation
20230807,1773549681126430 ,NZ,NZ,,1/1/00 0:00,7.68,1.5743,7/8/23 7:11,1.58,Auction Ads,auction_relation
20230807,1773549681126430 ,SE,SE,,1/1/00 0:00,7.68,1.5743,7/8/23 7:11,1.4,Auction Ads,auction_relation
20230807,1773549681126430 ,DE,DE,,1/1/00 0:00,7.68,1.5743,7/8/23 7:11,1.01,Auction Ads,auction_relation
20230807,1773549681126430 ,CH,CH,,1/1/00 0:00,7.68,1.5743,7/8/23 7:11,0.93,Auction Ads,auction_relation
20230807,1773553370573820 ,VN,,,1/1/00 0:00,6.9151,2.6656,7/8/23 7:11,1.53,RIE,Promote Report Recall
20230807,1773553770770430 ,US,USCA,,1/1/00 0:00,24.66,31.1273,7/8/23 7:17,1.78,Auction Ads,auction_relation
20230807,1773542848161790 ,IL,,,1/1/00 0:00,1.3081,1.1697,7/8/23 7:11,0.54,Non-Auction Ads,Promote
20230807,1773472711861250 ,VN,,,1/1/00 0:00,1.0029,0.931,7/8/23 7:11,0.54,Non-Auction Ads,Promote
20230807,1773552757752910 ,GB,,,1/1/00 0:00,3.2634,0.8641,7/8/23 7:11,0.54,Non-Auction Ads,Promote
20230807,1773553198304260 ,US,,,1/1/00 0:00,7.5,7.6286,7/8/23 7:13,0.54,Non-Auction Ads,Promote
20230807,1773535184837630 ,IL,,,1/1/00 0:00,0.6543,0.5154,7/8/23 7:11,0.54,Non-Auction Ads,Promote
20230807,1773553259560960 ,US,,,1/1/00 0:00,5.68,3.8095,7/8/23 7:12,0.54,Non-Auction Ads,Promote
20230807,1773551986349050 ,PH,,,1/1/00 0:00,1.9595,1.2026,7/8/23 7:12,0.54,Non-Auction Ads,Promote
20230807,1773553346278400 ,KH,,,1/1/00 0:00,3.9792,1.8125,7/8/23 7:12,0.54,Non-Auction Ads,Promote
20230807,1773553455856680 ,BR,BR,,1/1/00 0:00,,0.5145,7/8/23 7:12,1.7,RIE,Ad Group Recall (Merged)
20230807,1773553300206590 ,US,,,1/1/00 0:00,2.83,3.3333,7/8/23 7:12,0.54,Non-Auction Ads,Promote
20230807,1773553424683000 ,ID,,,1/1/00 0:00,9.2392,1.1981,7/8/23 7:12,0.54,Non-Auction Ads,Promote
20230807,1773553594961920 ,SA,MENA,,1/1/00 0:00,70.59,11.4939,7/8/23 7:15,1.67,RIE,Ad Group Recall (Merged)
20230807,1773554136553500 ,MY,MY,,1/1/00 0:00,8.2659,0.3174,7/8/23 7:12,2.31,Auction Ads,auction_relation
20230807,1773472469832700 ,VN,,,1/1/00 0:00,0.5518,0.2171,7/8/23 7:12,0.54,Non-Auction Ads,Promote
20230807,1773553520093180 ,SA,,,1/1/00 0:00,18.9074,5.2584,7/8/23 7:14,0.54,Non-Auction Ads,Promote
20230807,1773553328852990 ,TH,,,1/1/00 0:00,9.86,6.3743,7/8/23 7:14,1.53,RIE,Promote Report Recall
20230807,1773553737735200 ,TW,TW,,1/1/00 0:00,,5.2396,7/8/23 7:14,0.95,Auction Ads,auction_relation
20230807,1773549733453870 ,RO,RO,,1/1/00 0:00,4.6386,1.6749,7/8/23 7:13,1.94,Auction Ads,auction_relation
20230807,1773547188849660 ,MY,,,1/1/00 0:00,1.4095,0.2834,7/8/23 7:13,0.54,Non-Auction Ads,Promote
20230807,1773526796517380 ,US,,,1/1/00 0:00,83.66,10.8437,7/8/23 7:15,0.54,Non-Auction Ads,Promote
20230807,1773551659563000 ,PH,,,1/1/00 0:00,0.6044,0.4833,7/8/23 7:13,0.54,Non-Auction Ads,Promote
20230807,1773554277115930 ,JP,JP,,1/1/00 0:00,33.5858,12.1206,7/8/23 7:16,2.16,Auction Ads,auction_all
20230807,1773541777523710 ,TR,,,1/1/00 0:00,1.4314,0.1421,7/8/23 7:13,0.54,Non-Auction Ads,Promote
20230807,1773553521790970 ,IL,,,1/1/00 0:00,55.8165,6.3842,7/8/23 7:15,0.54,Non-Auction Ads,Promote
20230807,1773472962621440 ,VN,,,1/1/00 0:00,,0.2598,7/8/23 7:13,0.54,Non-Auction Ads,Promote
20230807,1773549725001720 ,HU,Others,,1/1/00 0:00,14.5272,1.6521,7/8/23 7:13,1.56,Auction Ads,auction_all
20230807,1773553774615550 ,DE,,,1/1/00 0:00,241.5767,28.7333,7/8/23 7:18,1.53,RIE,Promote Report Recall
20230807,1773473081659390 ,VN,,,1/1/00 0:00,0.528,0.3347,7/8/23 7:13,0.54,Non-Auction Ads,Promote
20230807,1773527017787390 ,US,,,1/1/00 0:00,20.68,6.1249,7/8/23 7:15,0.54,Non-Auction Ads,Promote
20230807,1773553635763240 ,ID,ID,,1/1/00 0:00,3.94,2.9169,7/8/23 7:15,1.8,Auction Ads,auction_relation
20230807,1773553919692830 ,TH,TH,,1/1/00 0:00,2.8938,4.7281,7/8/23 7:15,1.64,Auction Ads,auction_relation
20230807,1773545650785280 ,IL,,,1/1/00 0:00,1.4829,0.3011,7/8/23 7:14,0.54,Non-Auction Ads,Promote
20230807,1773542908333050 ,TR,,,1/1/00 0:00,6.7628,0.8816,7/8/23 7:14,0.54,Non-Auction Ads,Promote
20230807,1773553635732510 ,US,USCA,,1/1/00 0:00,1.99,5.7004,7/8/23 7:15,1.78,Auction Ads,auction_relation
20230807,1773553407893500 ,TR,,,1/1/00 0:00,0.3401,0.1331,7/8/23 7:14,1.53,RIE,Promote Report Recall
20230807,1773547483358210 ,MY,,,1/1/00 0:00,3.5633,1.1152,7/8/23 7:15,0.54,Non-Auction Ads,Promote
20230807,1773552472835070 ,GR,,,1/1/00 0:00,1.4413,0.3911,7/8/23 7:15,0.54,Non-Auction Ads,Promote
20230807,1773554425180190 ,ID,ID,,1/1/00 0:00,17.5088,5.496,7/8/23 7:16,1.8,Auction Ads,auction_relation
20230807,1773552742645760 ,ES,,,1/1/00 0:00,2.1016,0.6504,7/8/23 7:15,0.54,Non-Auction Ads,Promote
20230807,1773553485072380 ,ID,,,1/1/00 0:00,0.4933,0.5415,7/8/23 7:15,1.53,RIE,Promote Report Recall
20230807,1773547460617210 ,MY,,,1/1/00 0:00,1.5149,1.1365,7/8/23 7:15,0.54,Non-Auction Ads,Promote
20230807,1773512234339320 ,ES,ES,,1/1/00 0:00,17.8,7.7437,7/8/23 7:16,1.79,RIE,Ad Group Recall (Merged)
20230807,1773553475299330 ,JP,,,1/1/00 0:00,5.5201,2.4583,7/8/23 7:16,0.54,Non-Auction Ads,Promote
20230807,1773550731896830 ,TH,,,1/1/00 0:00,2.1559,0.533,7/8/23 7:15,0.54,Non-Auction Ads,Promote
20230807,1773547560236030 ,MY,,,1/1/00 0:00,3.9608,1.1152,7/8/23 7:16,0.54,Non-Auction Ads,Promote
20230807,1773473725144060 ,VN,,,1/1/00 0:00,0.526,0.3247,7/8/23 7:16,0.54,Non-Auction Ads,Promote
20230807,1773554000913450 ,FR,FR,,1/1/00 0:00,,2.6787,7/8/23 7:16,1.97,Auction Ads,auction_relation
20230807,1773554213862400 ,ID,ID,,1/1/00 0:00,13.67,13.2187,7/8/23 7:18,1.8,Auction Ads,auction_relation
20230807,1773553436984320 ,TH,,,1/1/00 0:00,5.63,1.7997,7/8/23 7:16,1.53,RIE,Promote Report Recall
20230807,1773553885835290 ,US,USCA,,1/1/00 0:00,9.69,12.4843,7/8/23 7:18,1.78,Auction Ads,auction_relation
20230807,1773476819489790 ,AE,,,1/1/00 0:00,12.6192,4.6094,7/8/23 7:16,0.54,Non-Auction Ads,Promote
20230807,1773554120528940 ,BR,BR,,1/1/00 0:00,,6.1048,7/8/23 7:17,1.99,Auction Ads,auction_all
20230807,1773555566993400 ,PH,PH,,1/1/00 0:00,,0,7/8/23 7:16,2.46,Auction Ads,auction_relation
20230807,1773552989293620 ,GB,,,1/1/00 0:00,3.7483,1.2864,7/8/23 7:16,0.54,Non-Auction Ads,Promote
20230807,1773550685080570 ,TH,,,1/1/00 0:00,1.1488,0.4369,7/8/23 7:16,0.54,Non-Auction Ads,Promote
20230807,1773550569106430 ,TH,,,1/1/00 0:00,2.1889,0.3485,7/8/23 7:16,0.54,Non-Auction Ads,Promote
20230807,1773553648365570 ,TH,,,1/1/00 0:00,6.62,3.192,7/8/23 7:17,1.53,RIE,Promote Report Recall
20230807,1773553677770750 ,IT,,,1/1/00 0:00,2.2994,0.8183,7/8/23 7:16,1.53,RIE,Promote Report Recall
20230807,1773561287505930 ,DE,DE,,1/1/00 0:00,15.49,4.4035,7/8/23 7:17,1.01,Auction Ads,auction_relation
20230807,1773553538503680 ,TH,,,1/1/00 0:00,8.45,3.2214,7/8/23 7:17,1.53,RIE,Promote Report Recall
20230807,1773553598402610 ,ID,ID,,1/1/00 0:00,3.5,2.9169,7/8/23 7:17,1.8,Auction Ads,auction_relation
20230807,1773547281814530 ,MY,,,1/1/00 0:00,1.482,1.1365,7/8/23 7:16,0.54,Non-Auction Ads,Promote
20230807,1773550079092730 ,US,USCA,,1/1/00 0:00,1.78,10.11,7/8/23 7:18,1.78,Auction Ads,auction_relation
20230807,1773553805604860 ,SA,,,1/1/00 0:00,84.9622,17.205,7/8/23 7:19,0.54,Non-Auction Ads,Promote
20230807,1773553604652030 ,TH,,,1/1/00 0:00,6.43,2.1109,7/8/23 7:17,1.53,RIE,Promote Report Recall
20230807,1773554289462280 ,US,USCA,,1/1/00 0:00,69.91,16.7407,7/8/23 7:20,1.78,Auction Ads,auction_relation
20230807,1773553573976070 ,GR,,,1/1/00 0:00,5.0513,1.021,7/8/23 7:17,0.54,Non-Auction Ads,Promote
20230807,1773548895700090 ,IL,,,1/1/00 0:00,9.7754,3.7767,7/8/23 7:17,0.54,Non-Auction Ads,Promote
20230807,1773473451737090 ,VN,,,1/1/00 0:00,0.5901,0.2958,7/8/23 7:17,0.54,Non-Auction Ads,Promote
20230807,1773550077334540 ,AU,AU,,1/1/00 0:00,6.47,1.1276,7/8/23 7:17,1.84,RIE,Ad Group Recall (Merged)
20230807,1773550077334540 ,US,USCA,,1/1/00 0:00,6.47,1.1276,7/8/23 7:17,1.78,Auction Ads,auction_relation
20230807,1773547657302010 ,IL,,,1/1/00 0:00,4.2202,1.4522,7/8/23 7:17,0.54,Non-Auction Ads,Promote
20230807,1773553606147070 ,KW,,,1/1/00 0:00,25.2769,1.6443,7/8/23 7:17,0.54,Non-Auction Ads,Promote
20230807,1773553839521790 ,JP,JP,,1/1/00 0:00,14.09,8.5219,7/8/23 7:19,2.16,Auction Ads,auction_all
20230807,1773554453280760 ,TH,TH,,1/1/00 0:00,9.25,41.7917,7/8/23 7:23,1.64,Auction Ads,auction_relation
20230807,1773554453280760 ,TH,TH,,1/1/00 0:00,9.25,41.7917,7/8/23 7:23,1.64,Auction Ads,auction_relation
20230807,1773550338338810 ,IL,,,1/1/00 0:00,1.2725,6.5366,7/8/23 7:18,0.54,Non-Auction Ads,Promote
20230807,1773554027163680 ,ID,ID,,1/1/00 0:00,33.5022,12.7993,7/8/23 7:20,1.8,Auction Ads,auction_relation
20230807,1773473919932410 ,VN,,,1/1/00 0:00,0.6014,0.4186,7/8/23 7:18,0.54,Non-Auction Ads,Promote
20230807,1773554183784480 ,BR,BR,,1/1/00 0:00,20.1,32.6283,7/8/23 7:22,1.7,RIE,Ad Group Recall (Merged)
20230807,1773554183784480 ,BR,BR,,1/1/00 0:00,20.1,32.6283,7/8/23 7:22,1.99,Auction Ads,auction_all
20230807,1773550162893820 ,US,USCA,,1/1/00 0:00,18.95,7.5663,7/8/23 7:19,1.78,Auction Ads,auction_relation
20230807,1773553832704010 ,ID,ID,,1/1/00 0:00,0.3,2.9169,7/8/23 7:18,1.8,Auction Ads,auction_relation
20230807,1773473451268090 ,VN,,,1/1/00 0:00,0.9735,0.2405,7/8/23 7:18,0.54,Non-Auction Ads,Promote
20230807,1773474294178810 ,VN,,,1/1/00 0:00,0.4297,0.3013,7/8/23 7:18,0.54,Non-Auction Ads,Promote
20230807,1773528322869250 ,US,,,1/1/00 0:00,67.72,9.43,7/8/23 7:20,0.54,Non-Auction Ads,Promote
20230807,1773549943690240 ,IL,,,1/1/00 0:00,0.0109,0.2759,7/8/23 7:18,0.54,Non-Auction Ads,Promote
20230807,1773551723395070 ,PH,,,1/1/00 0:00,0.3582,0.2213,7/8/23 7:18,0.54,Non-Auction Ads,Promote
20230807,1773553780561920 ,ID,ID,,1/1/00 0:00,,1.1262,7/8/23 7:18,1.8,Auction Ads,auction_relation
20230807,1773553796770810 ,VN,,,1/1/00 0:00,1.0048,0.6117,7/8/23 7:18,1.53,RIE,Promote Report Recall
20230807,1773553873202200 ,ID,ID,,1/1/00 0:00,2.63,2.9169,7/8/23 7:19,1.8,Auction Ads,auction_relation
20230807,1773553720064000 ,ID,,,1/1/00 0:00,21.4133,0.8901,7/8/23 7:19,0.54,Non-Auction Ads,Promote
20230807,1773569113754620 ,CH,CH,,1/1/00 0:00,15.27,7.2416,7/8/23 7:20,0.93,Auction Ads,auction_relation
20230807,1773554058019890 ,VN,VN,,1/1/00 0:00,6.61,0.9067,7/8/23 7:19,2.14,Auction Ads,auction_relation
20230807,1773554044527630 ,DE,DE,,1/1/00 0:00,0.8,1.7377,7/8/23 7:19,1.01,Auction Ads,auction_relation
20230807,1773549590541340 ,SE,SE,,1/1/00 0:00,4.39,1.1276,7/8/23 7:19,1.4,Auction Ads,auction_relation
20230807,1773555203830830 ,MY,MY,,1/1/00 0:00,6.8497,9.0011,7/8/23 7:20,2.31,Auction Ads,auction_relation
20230807,1773553903124560 ,SG,SG,,1/1/00 0:00,9.6,6.3336,7/8/23 7:20,1.94,Auction Ads,auction_relation
20230807,1773550608937980 ,ES,ES,,1/1/00 0:00,19.33,66.6883,7/8/23 7:27,1.37,Auction Ads,auction_relation
20230807,1773553920680960 ,ID,ID,,1/1/00 0:00,2.72,2.9169,7/8/23 7:20,1.8,Auction Ads,auction_relation
20230807,1773554658361390 ,KH,KH,,1/1/00 0:00,1.1259,2.2649,7/8/23 7:20,1.5,Auction Ads,auction_relation
20230807,1773551075212290 ,TH,,,1/1/00 0:00,0.6386,0.3691,7/8/23 7:19,0.54,Non-Auction Ads,Promote
20230807,1773557046945790 ,VN,VN,,1/1/00 0:00,0.5392,0,7/8/23 7:19,2.14,Auction Ads,auction_relation
20230807,1773554398819360 ,ID,ID,,1/1/00 0:00,12.8418,0,7/8/23 7:19,1.8,Auction Ads,auction_relation
20230807,1773550532882430 ,IL,,,1/1/00 0:00,1.1959,0.5486,7/8/23 7:20,0.54,Non-Auction Ads,Promote
20230807,1773474972548090 ,VN,,,1/1/00 0:00,1.2318,1.2915,7/8/23 7:20,0.54,Non-Auction Ads,Promote
20230807,1773554221681710 ,TH,TH,,1/1/00 0:00,8.7236,4.7281,7/8/23 7:20,1.64,Auction Ads,auction_relation
20230807,1773550154389520 ,IT,IT,,1/1/00 0:00,14.9349,1.6521,7/8/23 7:20,1.36,Auction Ads,auction_relation
20230807,1773553967521790 ,ID,ID,,1/1/00 0:00,0.42,2.9169,7/8/23 7:20,1.8,Auction Ads,auction_relation
20230807,1773553820108800 ,RO,,,1/1/00 0:00,1.3078,0.3218,7/8/23 7:20,1.53,RIE,Promote Report Recall
20230807,1773554255388670 ,US,USCA,,1/1/00 0:00,13.18,10.7499,7/8/23 7:22,1.78,Auction Ads,auction_relation
20230807,1773550125880350 ,GR,GR,,1/1/00 0:00,12.3707,1.0187,7/8/23 7:20,2.11,Auction Ads,auction_relation
20230807,1773553812651030 ,BR,,,1/1/00 0:00,25.2668,3.6042,7/8/23 7:20,0.54,Non-Auction Ads,Promote
20230807,1773547716033530 ,MY,,,1/1/00 0:00,4.2197,0.8864,7/8/23 7:20,0.54,Non-Auction Ads,Promote
20230807,1773553890573310 ,SA,,,1/1/00 0:00,22.6896,2.9754,7/8/23 7:21,0.54,Non-Auction Ads,Promote
20230807,1773550171858990 ,HU,Others,,1/1/00 0:00,12.2391,1.0187,7/8/23 7:20,1.56,Auction Ads,auction_all
20230807,1773554630982670 ,US,USCA,,1/1/00 0:00,7.55,7.6407,7/8/23 7:22,1.78,Auction Ads,auction_relation
20230807,1773550178743360 ,PL,PL,,1/1/00 0:00,12.2939,1.0187,7/8/23 7:21,1.64,Auction Ads,auction_relation
20230807,1773553942306820 ,TH,,,1/1/00 0:00,2.93,1.5773,7/8/23 7:21,1.53,RIE,Promote Report Recall
20230807,1773550866342910 ,TH,,,1/1/00 0:00,2.8482,0.7117,7/8/23 7:21,0.54,Non-Auction Ads,Promote
20230807,1773550192254970 ,IT,IT,,1/1/00 0:00,10.5994,1.0187,7/8/23 7:21,1.36,Auction Ads,auction_relation
20230807,1773550198416400 ,CZ,CZ,,1/1/00 0:00,19.1043,1.0187,7/8/23 7:21,1.9,Auction Ads,auction_relation
20230807,1773549590544400 ,AU,AU,,1/1/00 0:00,9.43,1.1276,7/8/23 7:21,1.84,Auction Ads,auction_relation
20230807,1773551186295810 ,IL,,,1/1/00 0:00,0.0055,0.2759,7/8/23 7:21,0.54,Non-Auction Ads,Promote
20230807,1773474626406400 ,VN,,,1/1/00 0:00,0.0035,0.6987,7/8/23 7:21,0.54,Non-Auction Ads,Promote
20230807,1773550206112810 ,RO,RO,,1/1/00 0:00,11.8537,1.0187,7/8/23 7:21,1.94,Auction Ads,auction_relation
20230807,1773550217248810 ,DE,DE,,1/1/00 0:00,9.0553,1.0187,7/8/23 7:21,1.01,Auction Ads,auction_relation
20230807,1773550232804380 ,PL,PL,,1/1/00 0:00,12.5359,1.0628,7/8/23 7:21,1.64,Auction Ads,auction_relation
20230807,1773554827661360 ,PK,PK,,1/1/00 0:00,1.22,0.0013,7/8/23 7:21,1.36,Auction Ads,auction_relation
20230807,1773555926538240 ,IT,IT,,1/1/00 0:00,,106.744,7/8/23 7:37,1.36,Auction Ads,auction_relation
20230807,1773555926538240 ,IT,IT,,1/1/00 0:00,,106.744,7/8/23 7:37,1.79,RIE,Ad Group Recall (Merged)
20230807,1773553742624760 ,IL,,,1/1/00 0:00,2.1453,0.4997,7/8/23 7:21,0.54,Non-Auction Ads,Promote
20230807,1773550246774780 ,DE,DE,,1/1/00 0:00,7.8999,1.0628,7/8/23 7:22,1.01,Auction Ads,auction_relation
20230807,1773475261685760 ,VN,,,1/1/00 0:00,0.2851,0.1595,7/8/23 7:22,0.54,Non-Auction Ads,Promote
20230807,1773550244231200 ,SE,SE,,1/1/00 0:00,7.34,1.1276,7/8/23 7:22,1.4,Auction Ads,auction_relation
20230807,1773551906710520 ,IL,,,1/1/00 0:00,1.5272,1.6278,7/8/23 7:22,0.54,Non-Auction Ads,Promote
20230807,1773550252625920 ,GR,GR,,1/1/00 0:00,24.0229,1.0628,7/8/23 7:22,2.11,Auction Ads,auction_relation
20230807,1773554148142120 ,FR,FR,,1/1/00 0:00,,2.6787,7/8/23 7:22,1.97,Auction Ads,auction_relation
20230807,1773554148142120 ,FR,FR,,1/1/00 0:00,,2.6787,7/8/23 7:22,1.97,Auction Ads,auction_relation
20230807,1773544174664700 ,TR,,,1/1/00 0:00,0.6111,0.2453,7/8/23 7:22,0.54,Non-Auction Ads,Promote
20230807,1773554443945010 ,TH,TH,,1/1/00 0:00,,16.0966,7/8/23 7:24,1.64,Auction Ads,auction_relation
20230807,1773551212884990 ,TH,,,1/1/00 0:00,1.2343,0.6827,7/8/23 7:22,0.54,Non-Auction Ads,Promote
20230807,1773554061817860 ,FR,,,1/1/00 0:00,35.181,4.3559,7/8/23 7:22,0.54,Non-Auction Ads,Promote
20230807,1773550532684830 ,FR,FR,,1/1/00 0:00,16.43,20.5559,7/8/23 7:24,1.97,Auction Ads,auction_relation
20230807,1773550532684830 ,NO,Others,,1/1/00 0:00,16.43,20.5559,7/8/23 7:24,1.56,Auction Ads,auction_all
20230807,1773550532684830 ,US,USCA,,1/1/00 0:00,16.43,20.5559,7/8/23 7:24,1.78,Auction Ads,auction_relation
20230807,1773550532684830 ,CH,CH,,1/1/00 0:00,16.43,20.5559,7/8/23 7:24,0.93,Auction Ads,auction_relation
20230807,1773550532684830 ,GR,GR,,1/1/00 0:00,16.43,20.5559,7/8/23 7:24,2.11,Auction Ads,auction_relation
20230807,1773550261209120 ,HU,Others,,1/1/00 0:00,12.1395,1.0628,7/8/23 7:22,1.56,Auction Ads,auction_all
20230807,1773554053226490 ,VN,,,1/1/00 0:00,0.3903,0.6906,7/8/23 7:22,1.53,RIE,Promote Report Recall
20230807,1773550261258290 ,IT,IT,,1/1/00 0:00,12.6794,1.0628,7/8/23 7:22,1.36,Auction Ads,auction_relation
20230807,1773554302981150 ,PK,PK,,1/1/00 0:00,1.33,0.3141,7/8/23 7:22,1.36,Auction Ads,auction_relation
20230807,1773552220829690 ,PH,,,1/1/00 0:00,0.579,0.4833,7/8/23 7:22,0.54,Non-Auction Ads,Promote
20230807,1773550280738860 ,CZ,CZ,,1/1/00 0:00,26.7957,1.0628,7/8/23 7:22,1.9,Auction Ads,auction_relation
20230807,1773550593073150 ,IL,,,1/1/00 0:00,9.0791,0.7287,7/8/23 7:22,0.54,Non-Auction Ads,Promote
20230807,1773550289605680 ,RO,RO,,1/1/00 0:00,11.2917,1.0628,7/8/23 7:22,1.94,Auction Ads,auction_relation
20230807,1773554321940490 ,US,US&CA,,1/1/00 0:00,0,8.4663,7/8/23 7:23,1.81,RIE,Ad Group Recall (Merged)
20230807,1773554263158830 ,TH,TH,,1/1/00 0:00,5.277,4.4307,7/8/23 7:23,1.64,Auction Ads,auction_relation
20230807,1773554352844800 ,PT,PT,,1/1/00 0:00,1.05,1.3651,7/8/23 7:23,1.98,Auction Ads,auction_relation
20230807,1773554314501130 ,PT,PT,,1/1/00 0:00,4.42,1.3651,7/8/23 7:23,1.98,Auction Ads,auction_relation
20230807,1773554356357130 ,PT,PT,,1/1/00 0:00,0.32,1.3651,7/8/23 7:23,1.98,Auction Ads,auction_relation
20230807,1773554343685130 ,PT,PT,,1/1/00 0:00,2.53,1.3651,7/8/23 7:23,1.98,Auction Ads,auction_relation
20230807,1773554374038540 ,PT,PT,,1/1/00 0:00,1,1.3651,7/8/23 7:23,1.98,Auction Ads,auction_relation
20230807,1773554394132520 ,PT,PT,,1/1/00 0:00,2.48,1.3651,7/8/23 7:23,1.98,Auction Ads,auction_relation
20230807,1773554240110600 ,PL,PL,,1/1/00 0:00,5.5903,2.0517,7/8/23 7:23,1.64,Auction Ads,auction_relation
20230807,1773555689645070 ,SA,MENA,,1/1/00 0:00,1.36,2.2845,7/8/23 7:23,1.78,Auction Ads,auction_relation
20230807,1773554292400140 ,TH,TH,,1/1/00 0:00,,8.8937,7/8/23 7:24,1.64,Auction Ads,auction_relation
20230807,1773550630781950 ,TW,TW,,1/1/00 0:00,0,9.0575,7/8/23 7:24,0.95,Auction Ads,auction_relation
20230807,1773475144426490 ,VN,,,1/1/00 0:00,0.5254,0.3237,7/8/23 7:23,0.54,Non-Auction Ads,Promote
20230807,1773544475887610 ,TR,,,1/1/00 0:00,0.6529,0.2725,7/8/23 7:23,0.54,Non-Auction Ads,Promote
20230807,1773554580037680 ,TH,TH,,1/1/00 0:00,,0,7/8/23 7:23,1.64,Auction Ads,auction_relation
20230807,1773554580037680 ,TH,TH,,1/1/00 0:00,,0,7/8/23 7:23,1.64,Auction Ads,auction_relation
20230807,1773554032603140 ,GB,,,1/1/00 0:00,12.0609,4.1854,7/8/23 7:24,1.53,RIE,Promote Report Recall
20230807,1773554164238330 ,VN,,,1/1/00 0:00,11.3264,2.634,7/8/23 7:24,1.53,RIE,Promote Report Recall
20230807,1773550289471490 ,DE,,,1/1/00 0:00,4.9296,0.9226,7/8/23 7:23,0.54,Non-Auction Ads,Promote
20230807,1773554052610040 ,PH,,,1/1/00 0:00,29.3925,1.0086,7/8/23 7:23,0.54,Non-Auction Ads,Promote
20230807,1773544814478330 ,TR,,,1/1/00 0:00,0.6384,0.3134,7/8/23 7:23,0.54,Non-Auction Ads,Promote
20230807,1773550354420750 ,SE,SE,,1/1/00 0:00,4.06,1.1276,7/8/23 7:24,1.4,Auction Ads,auction_relation
20230807,1773551373802490 ,TH,,,1/1/00 0:00,1.0379,3.361,7/8/23 7:24,0.54,Non-Auction Ads,Promote
20230807,1773554279755800 ,US,USCA,,1/1/00 0:00,12.55,10.7499,7/8/23 7:25,1.78,Auction Ads,auction_relation
20230807,1773554404952080 ,MY,MY,,1/1/00 0:00,7.22,2.1492,7/8/23 7:24,2.31,Auction Ads,auction_relation
20230807,1773554404947960 ,MY,MY,,1/1/00 0:00,6.7,2.1492,7/8/23 7:24,2.31,Auction Ads,auction_relation
20230807,1773550408558680 ,US,USCA,,1/1/00 0:00,8.06,1.1276,7/8/23 7:24,1.78,Auction Ads,auction_relation
20230807,1773554660374560 ,FR,FR,,1/1/00 0:00,,2.6787,7/8/23 7:24,1.97,Auction Ads,auction_relation
20230807,1773554636986380 ,FR,FR,,1/1/00 0:00,,2.6787,7/8/23 7:24,1.97,Auction Ads,auction_relation
20230807,1773554649867260 ,FR,FR,,1/1/00 0:00,,2.6787,7/8/23 7:24,1.97,Auction Ads,auction_relation
20230807,1773554660371470 ,FR,FR,,1/1/00 0:00,,2.6787,7/8/23 7:24,1.97,Auction Ads,auction_relation
20230807,1773554660350970 ,FR,FR,,1/1/00 0:00,,2.6787,7/8/23 7:24,1.97,Auction Ads,auction_relation
20230807,1773548318856190 ,MY,,,1/1/00 0:00,1.4228,0.5364,7/8/23 7:24,0.54,Non-Auction Ads,Promote
20230807,1773554187802620 ,TR,,,1/1/00 0:00,11.889,2.303,7/8/23 7:24,0.54,Non-Auction Ads,Promote
20230807,1773554138122240 ,TH,,,1/1/00 0:00,9.5,1.6514,7/8/23 7:24,1.53,RIE,Promote Report Recall
20230807,1773554204376110 ,GB,GB,,1/1/00 0:00,,2.3203,7/8/23 7:25,1.76,Auction Ads,auction_relation
20230807,1773554214864940 ,ES,ES,,1/1/00 0:00,0.56,2.671,7/8/23 7:25,1.37,Auction Ads,auction_relation
20230807,1773550527318020 ,DE,,,1/1/00 0:00,6.7457,4.4333,7/8/23 7:25,0.54,Non-Auction Ads,Promote
20230807,1773554227836940 ,GB,GB,,1/1/00 0:00,1.26,2.3203,7/8/23 7:25,1.76,Auction Ads,auction_relation
20230807,1773553283484700 ,TH,,,1/1/00 0:00,11.25,2.156,7/8/23 7:25,1.53,RIE,Promote Report Recall
20230807,1773474040471550 ,VN,,,1/1/00 0:00,1.0441,0,7/8/23 7:24,0.54,Non-Auction Ads,Promote
20230807,1773554243119130 ,GB,GB,,1/1/00 0:00,1.13,2.3203,7/8/23 7:25,1.76,Auction Ads,auction_relation
20230807,1773551148902430 ,IQ,Others,,1/1/00 0:00,7.98,3.7888,7/8/23 7:25,1.56,Auction Ads,auction_all
20230807,1773550282870800 ,SE,SE,,1/1/00 0:00,7.76,1.1276,7/8/23 7:25,1.4,Auction Ads,auction_relation
20230807,1773554468448320 ,MY,MY,,1/1/00 0:00,,3.7297,7/8/23 7:25,2.31,Auction Ads,auction_relation
20230807,1773544198593530 ,TR,,,1/1/00 0:00,0.6892,0.3693,7/8/23 7:25,0.54,Non-Auction Ads,Promote
20230807,1773551325834240 ,TH,,,1/1/00 0:00,3.1906,0.9568,7/8/23 7:25,0.54,Non-Auction Ads,Promote
20230807,1773551235551230 ,TH,,,1/1/00 0:00,0.5811,1.155,7/8/23 7:25,0.54,Non-Auction Ads,Promote
20230807,1773551517632510 ,TH,,,1/1/00 0:00,1.0427,0.5837,7/8/23 7:25,0.54,Non-Auction Ads,Promote
20230807,1773554292833280 ,VN,,,1/1/00 0:00,9.5583,4.9962,7/8/23 7:26,1.53,RIE,Promote Report Recall
20230807,1773550010392570 ,KR,KR,,1/1/00 0:00,0.19,2.8727,7/8/23 7:26,2.37,Auction Ads,auction_relation
20230807,1773550010169360 ,KR,KR,,1/1/00 0:00,4.89,2.8727,7/8/23 7:26,2.37,Auction Ads,auction_relation
20230807,1773551717877790 ,KR,KR,,1/1/00 0:00,3.64,2.8727,7/8/23 7:26,2.37,Auction Ads,auction_relation
20230807,1773550011928570 ,KR,KR,,1/1/00 0:00,5.31,2.8727,7/8/23 7:26,2.37,Auction Ads,auction_relation
20230807,1773550009905150 ,KR,KR,,1/1/00 0:00,6.72,2.8727,7/8/23 7:26,2.37,Auction Ads,auction_relation
20230807,1773550009149480 ,KR,KR,,1/1/00 0:00,8.8,2.8727,7/8/23 7:26,2.37,Auction Ads,auction_relation
20230807,1773534936682500 ,US,,,1/1/00 0:00,3.48,3.5998,7/8/23 7:26,0.54,Non-Auction Ads,Promote
20230807,1773554374039580 ,ID,ID,,1/1/00 0:00,4.72,6.4937,7/8/23 7:26,1.8,Auction Ads,auction_relation
20230807,1773557855235090 ,VN,VN,,1/1/00 0:00,168.1,27.3454,7/8/23 7:30,2.14,Auction Ads,auction_relation
20230807,1773557855235090 ,VN,VN,,1/1/00 0:00,168.1,27.3454,7/8/23 7:30,2.14,Auction Ads,auction_relation
20230807,1773555315684350 ,TH,TH,,1/1/00 0:00,0.0139,4.9024,7/8/23 7:26,1.64,Auction Ads,auction_relation
20230807,1773554824537100 ,ID,ID,,1/1/00 0:00,,5.3548,7/8/23 7:27,1.8,Auction Ads,auction_relation
20230807,1773554328829950 ,DE,DE,,1/1/00 0:00,0.78,1.7377,7/8/23 7:26,1.01,Auction Ads,auction_relation
20230807,1773554351563770 ,SA,,,1/1/00 0:00,30.6112,4.358,7/8/23 7:27,0.54,Non-Auction Ads,Promote
20230807,1773554495769600 ,SA,,,1/1/00 0:00,57.4751,21.1684,7/8/23 7:29,0.54,Non-Auction Ads,Promote
20230807,1773554328834080 ,DE,DE,,1/1/00 0:00,0.71,1.7377,7/8/23 7:26,1.01,Auction Ads,auction_relation
20230807,1773554328834080 ,DE,DE,,1/1/00 0:00,0.71,1.7377,7/8/23 7:26,1.01,Auction Ads,auction_relation
20230807,1773554320889850 ,ID,,,1/1/00 0:00,36.0161,14.3792,7/8/23 7:28,0.54,Non-Auction Ads,Promote
20230807,1773573479001080 ,IT,IT,,1/1/00 0:00,31.58,7.2416,7/8/23 7:27,1.36,Auction Ads,auction_relation
20230807,1773573479001080 ,TR,TR,,1/1/00 0:00,31.58,7.2416,7/8/23 7:27,0.83,Auction Ads,auction_relation
20230807,1773573479001080 ,NO,Others,,1/1/00 0:00,31.58,7.2416,7/8/23 7:27,1.56,Auction Ads,auction_all
20230807,1773573479001080 ,FI,Others,,1/1/00 0:00,31.58,7.2416,7/8/23 7:27,1.56,Auction Ads,auction_all
20230807,1773573479001080 ,DE,DE,,1/1/00 0:00,31.58,7.2416,7/8/23 7:27,1.01,Auction Ads,auction_relation
20230807,1773573479001080 ,PL,PL,,1/1/00 0:00,31.58,7.2416,7/8/23 7:27,1.64,Auction Ads,auction_relation
20230807,1773573479001080 ,IE,IE,,1/1/00 0:00,31.58,7.2416,7/8/23 7:27,1.52,Auction Ads,auction_relation
20230807,1773573479001080 ,SE,SE,,1/1/00 0:00,31.58,7.2416,7/8/23 7:27,1.4,Auction Ads,auction_relation
20230807,1773573479001080 ,PT,PT,,1/1/00 0:00,31.58,7.2416,7/8/23 7:27,1.98,Auction Ads,auction_relation
20230807,1773573479001080 ,BE,BE,,1/1/00 0:00,31.58,7.2416,7/8/23 7:27,1.15,Auction Ads,auction_relation
20230807,1773573479001080 ,FI,Others,,1/1/00 0:00,31.58,7.2416,7/8/23 7:27,1.56,Auction Ads,auction_all
20230807,1773573479001080 ,GR,GR,,1/1/00 0:00,31.58,7.2416,7/8/23 7:27,2.11,Auction Ads,auction_relation
20230807,1773573479001080 ,CH,CH,,1/1/00 0:00,31.58,7.2416,7/8/23 7:27,0.93,Auction Ads,auction_relation
20230807,1773552439933950 ,PH,,,1/1/00 0:00,0.2606,0.0974,7/8/23 7:27,0.54,Non-Auction Ads,Promote
20230807,1773554728990730 ,MY,MY,,1/1/00 0:00,1.7652,19.086,7/8/23 7:30,2.3,RIE,Ad Group Recall (Merged)
20230807,1773556170390570 ,VN,VN,,1/1/00 0:00,,129.1744,7/8/23 7:46,2.14,Auction Ads,auction_relation
20230807,1773555380941820 ,SA,,,1/1/00 0:00,722.4641,113.0557,7/8/23 7:44,1.53,RIE,Promote Report Recall
20230807,1773554069318650 ,ID,,,1/1/00 0:00,2.8983,0.7597,7/8/23 7:27,1.53,RIE,Promote Report Recall
20230807,1773554693012510 ,VN,VN,,1/1/00 0:00,0.0601,2.8464,7/8/23 7:27,2.14,Auction Ads,auction_relation
20230807,1773554398892030 ,TR,,,1/1/00 0:00,12.0266,5.2537,7/8/23 7:28,0.54,Non-Auction Ads,Promote
20230807,1773554394821630 ,SA,,,1/1/00 0:00,32.7438,4.358,7/8/23 7:28,0.54,Non-Auction Ads,Promote
20230807,1773554413323310 ,JP,JP,,1/1/00 0:00,4.3,1.7029,7/8/23 7:27,2.16,Auction Ads,auction_all
20230807,1773554396643340 ,JP,JP,,1/1/00 0:00,24.99,1.7029,7/8/23 7:27,2.16,Auction Ads,auction_all
20230807,1773554397666300 ,JP,JP,,1/1/00 0:00,,1.7029,7/8/23 7:27,2.16,Auction Ads,auction_all
20230807,1773554415028240 ,JP,JP,,1/1/00 0:00,,1.7029,7/8/23 7:27,2.16,Auction Ads,auction_all
20230807,1773554398819340 ,JP,JP,,1/1/00 0:00,,1.7029,7/8/23 7:27,2.16,Auction Ads,auction_all
20230807,1773554453276700 ,MY,MY,,1/1/00 0:00,,4.11,7/8/23 7:28,2.31,Auction Ads,auction_relation
20230807,1773554453271580 ,MY,MY,,1/1/00 0:00,,4.11,7/8/23 7:28,2.31,Auction Ads,auction_relation
20230807,1773554453274620 ,MY,MY,,1/1/00 0:00,,4.11,7/8/23 7:28,2.31,Auction Ads,auction_relation
20230807,1773554416010280 ,KW,Others,,1/1/00 0:00,1.03,1.0956,7/8/23 7:28,1.56,Auction Ads,auction_all
20230807,1773554419463170 ,QA,,,1/1/00 0:00,7.3434,2.1638,7/8/23 7:28,1.53,RIE,Promote Report Recall
20230807,1773554799308830 ,ID,ID,,1/1/00 0:00,2.1167,0.709,7/8/23 7:28,1.8,Auction Ads,auction_relation
20230807,1773554404425730 ,TR,,,1/1/00 0:00,0.6583,0.2167,7/8/23 7:28,1.53,RIE,Promote Report Recall
20230807,1773554242037790 ,TW,TW,,1/1/00 0:00,1.84,2.147,7/8/23 7:28,0.95,Auction Ads,auction_relation
20230807,1773554274039810 ,TH,,,1/1/00 0:00,9.14,5.045,7/8/23 7:30,1.53,RIE,Promote Report Recall
20230807,1773554435109890 ,GB,,,1/1/00 0:00,57.7282,2.5107,7/8/23 7:29,0.54,Non-Auction Ads,Promote
20230807,1773554163943460 ,TH,,,1/1/00 0:00,9.58,3.6864,7/8/23 7:30,1.53,RIE,Promote Report Recall
20230807,1773552388387840 ,PH,,,1/1/00 0:00,0.4935,0.1506,7/8/23 7:28,0.54,Non-Auction Ads,Promote
20230807,1773555148598320 ,ES,ES,,1/1/00 0:00,19.26,8.4064,7/8/23 7:31,1.37,Auction Ads,auction_relation
20230807,1773552531912700 ,PH,,,1/1/00 0:00,0.8922,0.3404,7/8/23 7:29,0.54,Non-Auction Ads,Promote
20230807,1773476112917500 ,VN,,,1/1/00 0:00,0.5974,0.3776,7/8/23 7:29,0.54,Non-Auction Ads,Promote
20230807,1773554650196010 ,CO,CO,,1/1/00 0:00,65.44,12.3723,7/8/23 7:31,1.93,Auction Ads,auction_all
20230807,1773536661213200 ,BR,BR,,1/1/00 0:00,3.3964,0.8532,7/8/23 7:30,1.99,Auction Ads,auction_all
20230807,1773552366311420 ,PH,,,1/1/00 0:00,0.8267,0.4833,7/8/23 7:30,0.54,Non-Auction Ads,Promote
20230807,1773555139766270 ,DE,DE,,1/1/00 0:00,1.73,3.7878,7/8/23 7:30,1.01,Auction Ads,auction_relation
20230807,1773550140406780 ,MY,,,1/1/00 0:00,1.6357,0.5295,7/8/23 7:30,0.54,Non-Auction Ads,Promote
20230807,1773554964072440 ,VN,VN,,1/1/00 0:00,5.11,2.8531,7/8/23 7:30,2.14,Auction Ads,auction_relation
20230807,1773554506526720 ,BR,,,1/1/00 0:00,25.667,3.6042,7/8/23 7:30,0.54,Non-Auction Ads,Promote
20230807,1773554630712360 ,TH,TH,,1/1/00 0:00,1.9207,2.947,7/8/23 7:30,1.64,Auction Ads,auction_relation
20230807,1773554516182020 ,US,,,1/1/00 0:00,6.26,4.6129,7/8/23 7:31,0.54,Non-Auction Ads,Promote
20230807,1773515590083580 ,IT,,,1/1/00 0:00,8.925,10.1881,7/8/23 7:32,0.54,Non-Auction Ads,Promote
20230807,1773554713295900 ,PH,PH,,1/1/00 0:00,2.38,12.3723,7/8/23 7:33,2.46,Auction Ads,auction_relation
20230807,1773554713295900 ,ID,ID,,1/1/00 0:00,2.38,12.3723,7/8/23 7:33,1.8,Auction Ads,auction_relation
20230807,1773555111854080 ,ID,ID,,1/1/00 0:00,,0.1741,7/8/23 7:31,1.8,Auction Ads,auction_relation
20230807,1773476241108990 ,VN,,,1/1/00 0:00,0.9692,0.3536,7/8/23 7:31,0.54,Non-Auction Ads,Promote
20230807,1773476590389250 ,VN,,,1/1/00 0:00,0.5156,0.3302,7/8/23 7:31,0.54,Non-Auction Ads,Promote
20230807,1773554798993420 ,NL,NL,,1/1/00 0:00,1.62,4.4123,7/8/23 7:31,1.19,Auction Ads,auction_relation
20230807,1773555027793950 ,BR,BR,,1/1/00 0:00,40.36,13.0168,7/8/23 7:34,1.99,Auction Ads,auction_all
20230807,1773554865302520 ,PK,PK,,1/1/00 0:00,0.8,0.2544,7/8/23 7:31,1.36,Auction Ads,auction_relation
20230807,1773554652541950 ,GR,GR,,1/1/00 0:00,,1.4867,7/8/23 7:31,2.11,Auction Ads,auction_relation
20230807,1773554652541950 ,GR,GR,,1/1/00 0:00,,1.4867,7/8/23 7:31,2.11,Auction Ads,auction_relation
20230807,1773554626338860 ,GR,GR,,1/1/00 0:00,,1.4867,7/8/23 7:31,2.11,Auction Ads,auction_relation
20230807,1773554626338860 ,GR,GR,,1/1/00 0:00,,1.4867,7/8/23 7:31,2.11,Auction Ads,auction_relation
20230807,1773555083648040 ,SA,MENA,,1/1/00 0:00,24.6853,27.6171,7/8/23 7:36,1.78,Auction Ads,auction_relation
20230807,1773549040829470 ,GB,GB,,1/1/00 0:00,16.19,3.2685,7/8/23 7:32,1.76,Auction Ads,auction_relation
20230807,1773566145884200 ,UY,Other,,1/1/00 0:00,9.61,3.7815,7/8/23 7:32,1.62,RIE,Ad Group Recall (Merged)
20230807,1773552266694650 ,PH,,,1/1/00 0:00,1.0051,0.3404,7/8/23 7:31,0.54,Non-Auction Ads,Promote
20230807,1773552428968960 ,PH,,,1/1/00 0:00,0.4506,0.2369,7/8/23 7:31,0.54,Non-Auction Ads,Promote
20230807,1773554535443450 ,TR,,,1/1/00 0:00,21.3178,1.604,7/8/23 7:32,0.54,Non-Auction Ads,Promote
20230807,1773551962555390 ,TH,,,1/1/00 0:00,0.7708,0.2445,7/8/23 7:31,0.54,Non-Auction Ads,Promote
20230807,1773476507005950 ,VN,,,1/1/00 0:00,0.7984,0.1314,7/8/23 7:32,0.54,Non-Auction Ads,Promote
20230807,1773550275275770 ,MY,,,1/1/00 0:00,0.1163,0.0863,7/8/23 7:32,0.54,Non-Auction Ads,Promote
20230807,1773550116201470 ,MY,,,1/1/00 0:00,6.6586,2.3585,7/8/23 7:33,0.54,Non-Auction Ads,Promote
20230807,1773549358666750 ,MY,,,1/1/00 0:00,1.1835,0.4283,7/8/23 7:33,0.54,Non-Auction Ads,Promote
20230807,1773477041421310 ,VN,,,1/1/00 0:00,0.9527,1.1074,7/8/23 7:33,0.54,Non-Auction Ads,Promote
20230807,1773554693110810 ,VN,VN,,1/1/00 0:00,0.0352,2.8464,7/8/23 7:33,2.14,Auction Ads,auction_relation
20230807,1773554699423790 ,VN,VN,,1/1/00 0:00,,2.8464,7/8/23 7:33,2.14,Auction Ads,auction_relation
20230807,1773554693122060 ,VN,VN,,1/1/00 0:00,,2.8464,7/8/23 7:33,2.14,Auction Ads,auction_relation
20230807,1773552921810940 ,PH,,,1/1/00 0:00,0.2801,0.1063,7/8/23 7:33,0.54,Non-Auction Ads,Promote
20230807,1773550813190140 ,TH,,,1/1/00 0:00,0.7145,0.2665,7/8/23 7:33,0.54,Non-Auction Ads,Promote
20230807,1773554415054880 ,GB,,,1/1/00 0:00,6.3746,1.3779,7/8/23 7:33,0.54,Non-Auction Ads,Promote
20230807,1773566309882940 ,UY,Other,,1/1/00 0:00,7.76,3.7815,7/8/23 7:34,1.62,RIE,Ad Group Recall (Merged)
20230807,1773555118584830 ,KR,KR,,1/1/00 0:00,,10.1506,7/8/23 7:36,2.18,RIE,Ad Group Recall (Merged)
20230807,1773554374331410 ,HU,,,1/1/00 0:00,1.7387,1.0173,7/8/23 7:33,0.54,Non-Auction Ads,Promote
20230807,1773554374331410 ,HU,,,1/1/00 0:00,1.7387,1.0173,7/8/23 7:33,1.53,RIE,Promote Report Recall
20230807,1773555231810570 ,GB,GB,,1/1/00 0:00,17.42,5.2638,7/8/23 7:35,1.76,Auction Ads,auction_relation
20230807,1773555033313330 ,CA,USCA,,1/1/00 0:00,7.47,4.2898,7/8/23 7:35,1.78,Auction Ads,auction_relation
20230807,1773555033313330 ,US,USCA,,1/1/00 0:00,7.47,4.2898,7/8/23 7:35,1.78,Auction Ads,auction_relation
20230807,1773570102806540 ,IL,IL,,1/1/00 0:00,3.41,7.2416,7/8/23 7:35,1.52,Auction Ads,auction_relation
20230807,1773554919973900 ,VN,VN,,1/1/00 0:00,,1.2086,7/8/23 7:34,2.14,Auction Ads,auction_relation
20230807,1773554892084240 ,VN,VN,,1/1/00 0:00,,1.2086,7/8/23 7:34,2.14,Auction Ads,auction_relation
20230807,1773554904818700 ,VN,VN,,1/1/00 0:00,,1.2086,7/8/23 7:34,2.14,Auction Ads,auction_relation
20230807,1773555908952060 ,VN,VN,,1/1/00 0:00,3.59,3.4923,7/8/23 7:35,2.14,Auction Ads,auction_relation
20230807,1773550469291000 ,MY,,,1/1/00 0:00,1.1174,1.2039,7/8/23 7:34,0.54,Non-Auction Ads,Promote
20230807,1773555941037050 ,TW,TW,,1/1/00 0:00,,14.5081,7/8/23 7:36,0.95,Auction Ads,auction_relation
20230807,1773546764247040 ,TR,,,1/1/00 0:00,0.6532,0.4517,7/8/23 7:34,0.54,Non-Auction Ads,Promote
20230807,1773550395175930 ,MY,,,1/1/00 0:00,1.559,0.7539,7/8/23 7:34,0.54,Non-Auction Ads,Promote
20230807,1773555474907150 ,US,USCA,,1/1/00 0:00,10.41,17.2914,7/8/23 7:37,1.78,Auction Ads,auction_relation
20230807,1773554605633570 ,TH,,,1/1/00 0:00,2.08,2.4908,7/8/23 7:35,1.53,RIE,Promote Report Recall
20230807,1773555733337120 ,SA,MENA,,1/1/00 0:00,13.72,9.316,7/8/23 7:36,1.67,RIE,Ad Group Recall (Merged)
20230807,1773555118026760 ,JP,JP,,1/1/00 0:00,,22.9189,7/8/23 7:38,2.16,Auction Ads,auction_all
20230807,1773554910464000 ,US,,,1/1/00 0:00,45.95,9.93,7/8/23 7:36,1.53,RIE,Promote Report Recall
20230807,1773476529048570 ,VN,,,1/1/00 0:00,0.4526,0.229,7/8/23 7:35,0.54,Non-Auction Ads,Promote
20230807,1773573965945880 ,DE,DE,,1/1/00 0:00,5.86,7.2416,7/8/23 7:36,1.01,Auction Ads,auction_relation
20230807,1773573965945880 ,FI,Others,,1/1/00 0:00,5.86,7.2416,7/8/23 7:36,1.56,Auction Ads,auction_all
20230807,1773573965945880 ,GR,GR,,1/1/00 0:00,5.86,7.2416,7/8/23 7:36,2.11,Auction Ads,auction_relation
20230807,1773573965945880 ,IE,IE,,1/1/00 0:00,5.86,7.2416,7/8/23 7:36,1.52,Auction Ads,auction_relation
20230807,1773573965945880 ,NO,Others,,1/1/00 0:00,5.86,7.2416,7/8/23 7:36,1.56,Auction Ads,auction_all
20230807,1773573965945880 ,PL,PL,,1/1/00 0:00,5.86,7.2416,7/8/23 7:36,1.64,Auction Ads,auction_relation
20230807,1773573965945880 ,TR,TR,,1/1/00 0:00,5.86,7.2416,7/8/23 7:36,0.83,Auction Ads,auction_relation
20230807,1773573965945880 ,FI,Others,,1/1/00 0:00,5.86,7.2416,7/8/23 7:36,1.56,Auction Ads,auction_all
20230807,1773573965945880 ,PT,PT,,1/1/00 0:00,5.86,7.2416,7/8/23 7:36,1.98,Auction Ads,auction_relation
20230807,1773573965945880 ,SE,SE,,1/1/00 0:00,5.86,7.2416,7/8/23 7:36,1.4,Auction Ads,auction_relation
20230807,1773558773907470 ,NL,NL,,1/1/00 0:00,17,9.246,7/8/23 7:36,1.19,Auction Ads,auction_relation
20230807,1773554825593860 ,GB,,,1/1/00 0:00,4.1691,0.4845,7/8/23 7:35,1.53,RIE,Promote Report Recall
20230807,1773554885321720 ,VN,,,1/1/00 0:00,1.3105,0.3354,7/8/23 7:35,1.53,RIE,Promote Report Recall
20230807,1773554849931260 ,ID,,,1/1/00 0:00,21.7817,6.339,7/8/23 7:36,0.54,Non-Auction Ads,Promote
20230807,1773555290546190 ,ID,ID,,1/1/00 0:00,1.97,0.6359,7/8/23 7:36,1.8,Auction Ads,auction_relation
20230807,1773555296841720 ,ID,ID,,1/1/00 0:00,2.21,0.6359,7/8/23 7:36,1.8,Auction Ads,auction_relation
20230807,1773554875101220 ,GR,,,1/1/00 0:00,12.391,1.1031,7/8/23 7:36,0.54,Non-Auction Ads,Promote
20230807,1773566398771240 ,UY,Others,,1/1/00 0:00,3.22,3.7815,7/8/23 7:36,1.56,Auction Ads,auction_all
20230807,1773566398771240 ,UY,Others,,1/1/00 0:00,3.22,3.7815,7/8/23 7:36,1.56,Auction Ads,auction_all
20230807,1773566398771240 ,UY,Other,,1/1/00 0:00,3.22,3.7815,7/8/23 7:36,1.62,RIE,Ad Group Recall (Merged)
20230807,1773555531737100 ,GB,GB,,1/1/00 0:00,13.18,10.2809,7/8/23 7:38,1.76,Auction Ads,auction_relation
20230807,1773554920732690 ,US,US&CA,,1/1/00 0:00,29.11,41.7938,7/8/23 7:43,1.81,RIE,Ad Group Recall (Merged)
20230807,1773558915568700 ,BE,BE,,1/1/00 0:00,5.59,9.246,7/8/23 7:38,1.15,Auction Ads,auction_relation
20230807,1773570285849610 ,TR,TR,,1/1/00 0:00,32.72,7.2416,7/8/23 7:38,0.83,Auction Ads,auction_relation
20230807,1773551476111370 ,US,USCA,,1/1/00 0:00,7.11,18.77,7/8/23 7:39,1.78,Auction Ads,auction_relation
20230807,1773554863805440 ,RO,,,1/1/00 0:00,9.2797,2.0429,7/8/23 7:37,0.54,Non-Auction Ads,Promote
20230807,1773555009815600 ,GB,GB,,1/1/00 0:00,1.18,0.7458,7/8/23 7:36,1.76,Auction Ads,auction_relation
20230807,1773555145608190 ,PK,PK,,1/1/00 0:00,0.63,0.0013,7/8/23 7:36,1.36,Auction Ads,auction_relation
20230807,1773555075172350 ,ID,ID,,1/1/00 0:00,,1.4113,7/8/23 7:37,1.8,Auction Ads,auction_relation
20230807,1773554974533650 ,US,USCA,,1/1/00 0:00,,0,7/8/23 7:36,1.78,Auction Ads,auction_relation
20230807,1773477725395960 ,VN,,,1/1/00 0:00,0.3327,0.5711,7/8/23 7:37,0.54,Non-Auction Ads,Promote
20230807,1773555675438110 ,MX,MX,,1/1/00 0:00,10.75,8.2007,7/8/23 7:39,1.99,Auction Ads,auction_all
20230807,1773556234708000 ,VN,VN,,1/1/00 0:00,,9.1709,7/8/23 7:39,2.14,Auction Ads,auction_relation
20230807,1773555196085290 ,CA,USCA,,1/1/00 0:00,5.82,2.2968,7/8/23 7:37,1.78,Auction Ads,auction_relation
20230807,1773555196085290 ,CA,USCA,,1/1/00 0:00,5.82,2.2968,7/8/23 7:37,1.78,Auction Ads,auction_relation
20230807,1773555196085290 ,US,USCA,,1/1/00 0:00,5.82,2.2968,7/8/23 7:37,1.78,Auction Ads,auction_relation
20230807,1773555196085290 ,US,USCA,,1/1/00 0:00,5.82,2.2968,7/8/23 7:37,1.78,Auction Ads,auction_relation
20230807,1773555175196670 ,ID,ID,,1/1/00 0:00,8.8049,1.9796,7/8/23 7:37,1.8,Auction Ads,auction_relation
20230807,1773477620171770 ,VN,,,1/1/00 0:00,1.0947,0.3765,7/8/23 7:37,0.54,Non-Auction Ads,Promote
20230807,1773574074334200 ,DE,DE,,1/1/00 0:00,14.13,7.2416,7/8/23 7:39,1.01,Auction Ads,auction_relation
20230807,1773555184235530 ,KR,KR,,1/1/00 0:00,,10.1506,7/8/23 7:39,2.18,RIE,Ad Group Recall (Merged)
20230807,1773555193413660 ,KR,KR,,1/1/00 0:00,,10.1506,7/8/23 7:39,2.18,RIE,Ad Group Recall (Merged)
20230807,1773555192245280 ,KR,KR,,1/1/00 0:00,,10.1506,7/8/23 7:39,2.18,RIE,Ad Group Recall (Merged)
20230807,1773555196075050 ,KR,KR,,1/1/00 0:00,,10.1506,7/8/23 7:39,2.18,RIE,Ad Group Recall (Merged)
20230807,1773555191206930 ,KR,KR,,1/1/00 0:00,,10.1506,7/8/23 7:39,2.18,RIE,Ad Group Recall (Merged)
20230807,1773555194509340 ,KR,KR,,1/1/00 0:00,,10.1506,7/8/23 7:39,2.18,RIE,Ad Group Recall (Merged)
20230807,1773555199604750 ,KR,KR,,1/1/00 0:00,,10.1506,7/8/23 7:39,2.18,RIE,Ad Group Recall (Merged)
20230807,1773545394363390 ,MY,,,1/1/00 0:00,3.1328,1.5999,7/8/23 7:38,0.54,Non-Auction Ads,Promote
20230807,1773470385421310 ,VN,,,1/1/00 0:00,1.2306,0,7/8/23 7:38,0.54,Non-Auction Ads,Promote
20230807,1773552341023740 ,PH,,,1/1/00 0:00,0.2896,0.1197,7/8/23 7:38,0.54,Non-Auction Ads,Promote
20230807,1773552989727810 ,BR,,,1/1/00 0:00,0.9524,0.7615,7/8/23 7:39,0.54,Non-Auction Ads,Promote
20230807,1773555583031310 ,US,USCA,,1/1/00 0:00,145.06,69.5718,7/8/23 7:47,1.78,Auction Ads,auction_relation
20230807,1773555583031310 ,CA,USCA,,1/1/00 0:00,145.06,69.5718,7/8/23 7:47,1.78,Auction Ads,auction_relation
20230807,1773555583031310 ,GB,GB,,1/1/00 0:00,145.06,69.5718,7/8/23 7:47,1.76,Auction Ads,auction_relation
20230807,1773555583031310 ,DE,DE,,1/1/00 0:00,145.06,69.5718,7/8/23 7:47,1.01,Auction Ads,auction_relation
20230807,1773555323701290 ,KR,KR,,1/1/00 0:00,,10.1506,7/8/23 7:40,2.18,RIE,Ad Group Recall (Merged)
20230807,1773477789323260 ,VN,,,1/1/00 0:00,1.0415,0.5821,7/8/23 7:39,0.54,Non-Auction Ads,Promote
20230807,1773555331708000 ,KR,KR,,1/1/00 0:00,,10.1506,7/8/23 7:40,2.18,RIE,Ad Group Recall (Merged)
20230807,1773555138869250 ,RO,,,1/1/00 0:00,18.6755,8.8588,7/8/23 7:40,0.54,Non-Auction Ads,Promote
20230807,1773556560999440 ,MY,MY,,1/1/00 0:00,5.1283,1.9922,7/8/23 7:39,2.31,Auction Ads,auction_relation
20230807,1773555328489520 ,KR,KR,,1/1/00 0:00,,10.1506,7/8/23 7:40,2.18,RIE,Ad Group Recall (Merged)
20230807,1773555600982050 ,MY,MY,,1/1/00 0:00,4.7639,0,7/8/23 7:39,2.31,Auction Ads,auction_relation
20230807,1773551488039000 ,CH,CH,,1/1/00 0:00,18.9825,5.3845,7/8/23 7:39,0.93,Auction Ads,auction_relation
20230807,1773551488039000 ,CH,CH,,1/1/00 0:00,18.9825,5.3845,7/8/23 7:39,0.93,Auction Ads,auction_relation
20230807,1773553920403450 ,PH,,,1/1/00 0:00,0.5405,0.3036,7/8/23 7:39,0.54,Non-Auction Ads,Promote
20230807,1773556103184400 ,ID,ID,,1/1/00 0:00,384.03,68.9926,7/8/23 7:48,1.8,Auction Ads,auction_relation
20230807,1773545882840070 ,FI,,,1/1/00 0:00,1.4634,0,7/8/23 7:39,0.54,Non-Auction Ads,Promote
20230807,1773555175985180 ,DE,DE,,1/1/00 0:00,36.01,3.7878,7/8/23 7:40,1.01,Auction Ads,auction_relation
20230807,1773555158585360 ,RO,Other,,1/1/00 0:00,2.59,2.8128,7/8/23 7:40,1.62,RIE,Ad Group Recall (Merged)
20230807,1773555176001550 ,DE,DE,,1/1/00 0:00,3.59,3.7878,7/8/23 7:40,1.01,Auction Ads,auction_relation
20230807,1773555184803840 ,DE,DE,,1/1/00 0:00,0.98,3.7878,7/8/23 7:40,1.01,Auction Ads,auction_relation
20230807,1773557396400160 ,TH,TH,,1/1/00 0:00,97.3719,264.3613,7/8/23 8:14,1.64,Auction Ads,auction_relation
20230807,1773555411044350 ,MY,MY,,1/1/00 0:00,5.6335,5.7441,7/8/23 7:41,2.31,Auction Ads,auction_relation
20230807,1773553783896060 ,PH,,,1/1/00 0:00,0.5424,0.1609,7/8/23 7:40,0.54,Non-Auction Ads,Promote
20230807,1773555257167870 ,ID,ID,,1/1/00 0:00,,2.3944,7/8/23 7:40,1.8,Auction Ads,auction_relation
20230807,1773541287259150 ,CA,,,1/1/00 0:00,0.6133,2.7306,7/8/23 7:40,0.54,Non-Auction Ads,Promote
20230807,1773554987185150 ,JP,,,1/1/00 0:00,9.0938,2.5833,7/8/23 7:40,0.54,Non-Auction Ads,Promote
20230807,1773555734282270 ,SA,MENA,,1/1/00 0:00,15.56,8.172,7/8/23 7:42,1.67,RIE,Ad Group Recall (Merged)
20230807,1773555734282270 ,KW,Other,,1/1/00 0:00,15.56,8.172,7/8/23 7:42,1.62,RIE,Ad Group Recall (Merged)
20230807,1773555734282270 ,AE,MENA,,1/1/00 0:00,15.56,8.172,7/8/23 7:42,1.67,RIE,Ad Group Recall (Merged)
20230807,1773555353977890 ,TW,TW,,1/1/00 0:00,,2.8089,7/8/23 7:41,0.95,Auction Ads,auction_relation
20230807,1773552856336440 ,PH,,,1/1/00 0:00,0.3126,0.1462,7/8/23 7:40,0.54,Non-Auction Ads,Promote
20230807,1773551178275840 ,MY,,,1/1/00 0:00,1.3656,0.6119,7/8/23 7:40,0.54,Non-Auction Ads,Promote
20230807,1773555149730820 ,IT,,,1/1/00 0:00,27.2586,1.8971,7/8/23 7:41,0.54,Non-Auction Ads,Promote
20230807,1773555589649410 ,TH,TH,,1/1/00 0:00,9.0382,4.1009,7/8/23 7:42,1.64,Auction Ads,auction_relation
20230807,1773556055747610 ,TR,TR,,1/1/00 0:00,23.8377,6.1131,7/8/23 7:42,1.63,RIE,Ad Group Recall (Merged)
20230807,1773548407943170 ,FI,,,1/1/00 0:00,3.9835,0.8232,7/8/23 7:41,0.54,Non-Auction Ads,Promote
20230807,1773552166895610 ,TH,,,1/1/00 0:00,1.1166,0.5064,7/8/23 7:41,0.54,Non-Auction Ads,Promote
20230807,1773555065441310 ,BH,Others,,1/1/00 0:00,12.5,0.7617,7/8/23 7:41,1.56,Auction Ads,auction_all
20230807,1773555065441310 ,AE,MENA,,1/1/00 0:00,12.5,0.7617,7/8/23 7:41,1.78,Auction Ads,auction_relation
20230807,1773555393967130 ,KR,KR,,1/1/00 0:00,,10.1506,7/8/23 7:43,2.18,RIE,Ad Group Recall (Merged)
20230807,1773555391335470 ,KR,KR,,1/1/00 0:00,,10.1506,7/8/23 7:43,2.18,RIE,Ad Group Recall (Merged)
20230807,1773555406898200 ,KR,KR,,1/1/00 0:00,,10.1506,7/8/23 7:43,2.18,RIE,Ad Group Recall (Merged)
20230807,1773555391347710 ,KR,KR,,1/1/00 0:00,,10.1506,7/8/23 7:43,2.18,RIE,Ad Group Recall (Merged)
20230807,1773555399662620 ,KR,KR,,1/1/00 0:00,,10.1506,7/8/23 7:43,2.18,RIE,Ad Group Recall (Merged)
20230807,1773555406908460 ,KR,KR,,1/1/00 0:00,,10.1506,7/8/23 7:43,2.18,RIE,Ad Group Recall (Merged)
20230807,1773555400845340 ,KR,KR,,1/1/00 0:00,,10.1506,7/8/23 7:43,2.18,RIE,Ad Group Recall (Merged)
20230807,1773555391323150 ,KR,KR,,1/1/00 0:00,,10.1506,7/8/23 7:43,2.18,RIE,Ad Group Recall (Merged)
20230807,1773555404069890 ,KR,KR,,1/1/00 0:00,,10.1506,7/8/23 7:43,2.18,RIE,Ad Group Recall (Merged)
20230807,1773551004168190 ,MY,,,1/1/00 0:00,4.7248,0.5808,7/8/23 7:42,0.54,Non-Auction Ads,Promote
20230807,1773555181398010 ,ID,,,1/1/00 0:00,25.4328,1.38,7/8/23 7:42,0.54,Non-Auction Ads,Promote
20230807,1773555453811740 ,MY,MY,,1/1/00 0:00,,3.7297,7/8/23 7:42,2.31,Auction Ads,auction_relation
20230807,1773555372121120 ,ID,ID,,1/1/00 0:00,2.3546,2.3944,7/8/23 7:42,1.8,Auction Ads,auction_relation
20230807,1773554010842110 ,PH,,,1/1/00 0:00,0.2769,0.0573,7/8/23 7:42,0.54,Non-Auction Ads,Promote
20230807,1773555969767450 ,FR,FR,,1/1/00 0:00,17.33,22.6181,7/8/23 7:44,1.97,Auction Ads,auction_relation
20230807,1773379382693880 ,SA,,,1/1/00 0:00,1.5779,3.578,7/8/23 7:42,0.54,Non-Auction Ads,Promote
20230807,1773552303244290 ,TH,,,1/1/00 0:00,2.3109,0.6003,7/8/23 7:42,0.54,Non-Auction Ads,Promote
20230807,1773566719416370 ,PT,PT,,1/1/00 0:00,12.13,11.2465,7/8/23 7:43,1.98,Auction Ads,auction_relation
20230807,1773554805980160 ,ID,,,1/1/00 0:00,0.4604,0.2794,7/8/23 7:42,1.53,RIE,Promote Report Recall
20230807,1773555435567150 ,KR,KR,,1/1/00 0:00,,10.1506,7/8/23 7:43,2.18,RIE,Ad Group Recall (Merged)
20230807,1773555411601450 ,KR,KR,,1/1/00 0:00,,10.1506,7/8/23 7:43,2.18,RIE,Ad Group Recall (Merged)
20230807,1773555411271690 ,KR,KR,,1/1/00 0:00,,10.1506,7/8/23 7:43,2.18,RIE,Ad Group Recall (Merged)
20230807,1773555429427210 ,KR,KR,,1/1/00 0:00,,10.1506,7/8/23 7:43,2.18,RIE,Ad Group Recall (Merged)
20230807,1773555435578400 ,KR,KR,,1/1/00 0:00,,10.1506,7/8/23 7:43,2.18,RIE,Ad Group Recall (Merged)
20230807,1773555432854560 ,KR,KR,,1/1/00 0:00,,10.1506,7/8/23 7:43,2.18,RIE,Ad Group Recall (Merged)
20230807,1773555411253260 ,KR,KR,,1/1/00 0:00,,10.1506,7/8/23 7:43,2.18,RIE,Ad Group Recall (Merged)
20230807,1773555437475890 ,KR,KR,,1/1/00 0:00,,10.1506,7/8/23 7:43,2.18,RIE,Ad Group Recall (Merged)
20230807,1773555427373100 ,KR,KR,,1/1/00 0:00,,10.1506,7/8/23 7:43,2.18,RIE,Ad Group Recall (Merged)
20230807,1773552184350720 ,TH,,,1/1/00 0:00,0.6268,0.2054,7/8/23 7:42,0.54,Non-Auction Ads,Promote
20230807,1773555795742720 ,ID,ID,,1/1/00 0:00,60.3951,19.9893,7/8/23 7:44,1.8,Auction Ads,auction_relation
20230807,1773552412425220 ,DE,,,1/1/00 0:00,8.99,1.4286,7/8/23 7:43,0.54,Non-Auction Ads,Promote
20230807,1773555431250970 ,KR,KR,,1/1/00 0:00,,10.1506,7/8/23 7:43,2.18,RIE,Ad Group Recall (Merged)
20230807,1773555425600540 ,KR,KR,,1/1/00 0:00,,10.1506,7/8/23 7:43,2.18,RIE,Ad Group Recall (Merged)
20230807,1773555431242750 ,KR,KR,,1/1/00 0:00,,10.1506,7/8/23 7:43,2.18,RIE,Ad Group Recall (Merged)
20230807,1773555411685390 ,KR,KR,,1/1/00 0:00,,10.1506,7/8/23 7:43,2.18,RIE,Ad Group Recall (Merged)
20230807,1773555425592320 ,KR,KR,,1/1/00 0:00,,10.1506,7/8/23 7:43,2.18,RIE,Ad Group Recall (Merged)
20230807,1773555434658850 ,KR,KR,,1/1/00 0:00,,10.1506,7/8/23 7:43,2.18,RIE,Ad Group Recall (Merged)
20230807,1773555431261180 ,KR,KR,,1/1/00 0:00,,10.1506,7/8/23 7:43,2.18,RIE,Ad Group Recall (Merged)
20230807,1773555411664970 ,KR,KR,,1/1/00 0:00,,10.1506,7/8/23 7:43,2.18,RIE,Ad Group Recall (Merged)
20230807,1773554340560890 ,PH,,,1/1/00 0:00,0.4926,0.2423,7/8/23 7:43,0.54,Non-Auction Ads,Promote
20230807,1773555431906350 ,KR,KR,,1/1/00 0:00,,10.1506,7/8/23 7:43,2.18,RIE,Ad Group Recall (Merged)
20230807,1773555437834250 ,KR,KR,,1/1/00 0:00,,10.1506,7/8/23 7:43,2.18,RIE,Ad Group Recall (Merged)
20230807,1773555429331960 ,KR,KR,,1/1/00 0:00,,10.1506,7/8/23 7:43,2.18,RIE,Ad Group Recall (Merged)
20230807,1773555429320730 ,KR,KR,,1/1/00 0:00,,10.1506,7/8/23 7:43,2.18,RIE,Ad Group Recall (Merged)
20230807,1773555424743440 ,KR,KR,,1/1/00 0:00,,10.1506,7/8/23 7:43,2.18,RIE,Ad Group Recall (Merged)
20230807,1773555441831980 ,KR,KR,,1/1/00 0:00,,10.1506,7/8/23 7:43,2.18,RIE,Ad Group Recall (Merged)
20230807,1773555435260940 ,KR,KR,,1/1/00 0:00,,10.1506,7/8/23 7:43,2.18,RIE,Ad Group Recall (Merged)
20230807,1773555442665490 ,KR,KR,,1/1/00 0:00,,10.1506,7/8/23 7:43,2.18,RIE,Ad Group Recall (Merged)
20230807,1773555267982340 ,RO,,,1/1/00 0:00,18.3775,8.8588,7/8/23 7:43,1.53,RIE,Promote Report Recall
20230807,1773556357515260 ,KH,KH,,1/1/00 0:00,3.5394,0.7567,7/8/23 7:43,1.5,Auction Ads,auction_relation
20230807,1773555362241540 ,GB,,,1/1/00 0:00,21.0871,13.1207,7/8/23 7:44,1.53,RIE,Promote Report Recall
20230807,1773555719040000 ,ID,ID,,1/1/00 0:00,10.1505,8.6564,7/8/23 7:44,1.8,Auction Ads,auction_relation
20230807,1773555888899070 ,KH,KH,,1/1/00 0:00,10.77,11.2187,7/8/23 7:44,1.5,Auction Ads,auction_relation
20230807,1773555555108910 ,TH,TH,,1/1/00 0:00,,9.2088,7/8/23 7:44,1.64,Auction Ads,auction_relation
20230807,1773559299495970 ,ES,ES,,1/1/00 0:00,3.99,7.2416,7/8/23 7:44,1.37,Auction Ads,auction_relation
20230807,1773556339868670 ,ID,ID,,1/1/00 0:00,18.63,3.0037,7/8/23 7:43,1.8,Auction Ads,auction_relation
20230807,1773555389524990 ,VN,,,1/1/00 0:00,3.7516,2.2567,7/8/23 7:43,1.53,RIE,Promote Report Recall
20230807,1773553104035840 ,BR,,,1/1/00 0:00,6.4188,2.8745,7/8/23 7:44,0.54,Non-Auction Ads,Promote
20230807,1773555851570170 ,TH,TH,,1/1/00 0:00,5.7941,2.4065,7/8/23 7:44,1.64,Auction Ads,auction_relation
20230807,1773478407199800 ,VN,,,1/1/00 0:00,2.697,0.2727,7/8/23 7:43,0.54,Non-Auction Ads,Promote
20230807,1773555686853640 ,AU,AU,,1/1/00 0:00,9.151,25.9584,7/8/23 7:47,1.84,Auction Ads,auction_relation
20230807,1773555481651240 ,ID,ID,,1/1/00 0:00,2.2733,2.3944,7/8/23 7:44,1.8,Auction Ads,auction_relation
20230807,1773556477326330 ,RO,RO,,1/1/00 0:00,11.54,2.5905,7/8/23 7:44,1.94,Auction Ads,auction_relation
20230807,1773552074175530 ,GB,GB,,1/1/00 0:00,11.48,28.3825,7/8/23 7:48,1.72,RIE,Ad Group Recall (Merged)
20230807,1773546860708860 ,TR,,,1/1/00 0:00,1.7601,0,7/8/23 7:44,0.54,Non-Auction Ads,Promote
20230807,1773555350235140 ,GR,,,1/1/00 0:00,15.5716,9.8058,7/8/23 7:45,0.54,Non-Auction Ads,Promote
20230807,1773555384093700 ,GB,,,1/1/00 0:00,3.3909,1.3764,7/8/23 7:44,1.53,RIE,Promote Report Recall
20230807,1773554445546490 ,PH,,,1/1/00 0:00,0.3557,0.8796,7/8/23 7:45,0.54,Non-Auction Ads,Promote
20230807,1773554419170300 ,PH,,,1/1/00 0:00,0.5975,0.6125,7/8/23 7:45,0.54,Non-Auction Ads,Promote
20230807,1773552240322560 ,TH,,,1/1/00 0:00,3.4797,1.5269,7/8/23 7:45,0.54,Non-Auction Ads,Promote
20230807,1773557044035610 ,SG,SG,,1/1/00 0:00,,169.9214,7/8/23 8:06,1.94,Auction Ads,auction_relation
20230807,1773552828532760 ,BE,BE,,1/1/00 0:00,19.6642,16.4343,7/8/23 7:47,1.15,Auction Ads,auction_relation
20230807,1773555481761790 ,VN,,,1/1/00 0:00,6.1836,1.3278,7/8/23 7:45,1.53,RIE,Promote Report Recall
20230807,1773551815870480 ,RO,RO,,1/1/00 0:00,,2.989,7/8/23 7:45,1.94,Auction Ads,auction_relation
20230807,1773551815870480 ,RO,RO,,1/1/00 0:00,,2.989,7/8/23 7:45,1.94,Auction Ads,auction_relation
20230807,1773555709301760 ,KR,KR,,1/1/00 0:00,,10.1506,7/8/23 7:46,2.18,RIE,Ad Group Recall (Merged)
20230807,1773555699898360 ,KR,KR,,1/1/00 0:00,,10.1506,7/8/23 7:46,2.18,RIE,Ad Group Recall (Merged)
20230807,1773555693518860 ,KR,KR,,1/1/00 0:00,,10.1506,7/8/23 7:46,2.18,RIE,Ad Group Recall (Merged)
20230807,1773551669130240 ,MY,,,1/1/00 0:00,1.3434,0.222,7/8/23 7:45,0.54,Non-Auction Ads,Promote
20230807,1773555554917380 ,TH,,,1/1/00 0:00,12.04,9.7542,7/8/23 7:46,1.53,RIE,Promote Report Recall
20230807,1773547051159550 ,TR,,,1/1/00 0:00,1.2889,0.1904,7/8/23 7:45,0.54,Non-Auction Ads,Promote
20230807,1773556318097440 ,BR,BR,,1/1/00 0:00,114.93,49.2962,7/8/23 7:50,1.99,Auction Ads,auction_all
20230807,1773547194544120 ,TR,,,1/1/00 0:00,0.6239,0.0871,7/8/23 7:45,0.54,Non-Auction Ads,Promote
20230807,1773554973154300 ,TH,,,1/1/00 0:00,4.19,2.2925,7/8/23 7:45,1.53,RIE,Promote Report Recall
20230807,1773478584748030 ,VN,,,1/1/00 0:00,4.2332,0.2801,7/8/23 7:45,0.54,Non-Auction Ads,Promote
20230807,1773556190262290 ,VN,VN,,1/1/00 0:00,0.4044,1.8708,7/8/23 7:46,2.14,Auction Ads,auction_relation
20230807,1773551910351870 ,US,,,1/1/00 0:00,5.8,4.71,7/8/23 7:46,0.54,Non-Auction Ads,Promote
20230807,1773551910351870 ,US,,,1/1/00 0:00,5.8,4.71,7/8/23 7:46,0.54,Non-Auction Ads,Promote
20230807,1773555361869820 ,MY,,,1/1/00 0:00,1.5147,0.4034,7/8/23 7:45,1.53,RIE,Promote Report Recall
20230807,1773552949662720 ,ID,,,1/1/00 0:00,1.4716,0.6426,7/8/23 7:46,0.54,Non-Auction Ads,Promote
20230807,1773553640877050 ,ID,,,1/1/00 0:00,3.448,1.438,7/8/23 7:46,0.54,Non-Auction Ads,Promote
20230807,1773555250094080 ,KH,,,1/1/00 0:00,1.3132,0.4583,7/8/23 7:46,0.54,Non-Auction Ads,Promote
20230807,1773551287000060 ,MY,,,1/1/00 0:00,2.6852,0.3155,7/8/23 7:46,0.54,Non-Auction Ads,Promote
20230807,1773555626028060 ,TH,TH,,1/1/00 0:00,0,1.8395,7/8/23 7:46,1.64,Auction Ads,auction_relation
20230807,1773555592316010 ,RO,RO,,1/1/00 0:00,1.84,2.9573,7/8/23 7:47,1.94,Auction Ads,auction_relation
20230807,1773555602280450 ,RO,RO,,1/1/00 0:00,1.87,2.9573,7/8/23 7:47,1.94,Auction Ads,auction_relation
20230807,1773553281356800 ,ID,,,1/1/00 0:00,0.6301,0.2674,7/8/23 7:46,0.54,Non-Auction Ads,Promote
20230807,1773547319224320 ,TR,,,1/1/00 0:00,0.6679,0.6088,7/8/23 7:47,0.54,Non-Auction Ads,Promote
20230807,1773556013968430 ,PH,PH,,1/1/00 0:00,49.76,44.3694,7/8/23 7:51,2.46,Auction Ads,auction_relation
20230807,1773479624067070 ,VN,,,1/1/00 0:00,1.0099,0.5352,7/8/23 7:47,0.54,Non-Auction Ads,Promote
20230807,1773554835213310 ,US,,,1/1/00 0:00,2.65,2.5,7/8/23 7:47,0.54,Non-Auction Ads,Promote
20230807,1773559748168730 ,JP,JP,,1/1/00 0:00,120.3,460.128,7/8/23 8:50,2.16,Auction Ads,auction_all
20230807,1773555392744450 ,KH,,,1/1/00 0:00,0.7069,0.46,7/8/23 7:47,0.54,Non-Auction Ads,Promote
20230807,1773553717635070 ,ID,,,1/1/00 0:00,1.5101,0.3738,7/8/23 7:47,0.54,Non-Auction Ads,Promote
20230807,1773553111379980 ,ID,,,1/1/00 0:00,0.7662,0.2165,7/8/23 7:47,0.54,Non-Auction Ads,Promote
20230807,1773555821113410 ,KR,KR,,1/1/00 0:00,1.82,10.1506,7/8/23 7:48,2.18,RIE,Ad Group Recall (Merged)
20230807,1773555769430030 ,KR,KR,,1/1/00 0:00,0.01,10.1506,7/8/23 7:48,2.18,RIE,Ad Group Recall (Merged)
20230807,1773555815770130 ,KR,KR,,1/1/00 0:00,,10.1506,7/8/23 7:48,2.18,RIE,Ad Group Recall (Merged)
20230807,1773555815770130 ,KR,KR,,1/1/00 0:00,,10.1506,7/8/23 7:48,2.18,RIE,Ad Group Recall (Merged)
20230807,1773555818927130 ,KR,KR,,1/1/00 0:00,,10.1506,7/8/23 7:48,2.18,RIE,Ad Group Recall (Merged)
20230807,1773555794130990 ,KR,KR,,1/1/00 0:00,0.13,10.1506,7/8/23 7:48,2.18,RIE,Ad Group Recall (Merged)
20230807,1773555807130650 ,KR,KR,,1/1/00 0:00,,10.1506,7/8/23 7:48,2.18,RIE,Ad Group Recall (Merged)
20230807,1773555827761180 ,KR,KR,,1/1/00 0:00,,10.1506,7/8/23 7:48,2.18,RIE,Ad Group Recall (Merged)
20230807,1773470200097790 ,SA,,,1/1/00 0:00,2.4418,0.6734,7/8/23 7:47,0.54,Non-Auction Ads,Promote
20230807,1773553392103420 ,ID,,,1/1/00 0:00,1.8755,0.5165,7/8/23 7:47,0.54,Non-Auction Ads,Promote
20230807,1773555789232160 ,KR,KR,,1/1/00 0:00,,10.1506,7/8/23 7:48,2.18,RIE,Ad Group Recall (Merged)
20230807,1773555812421680 ,KR,KR,,1/1/00 0:00,,10.1506,7/8/23 7:48,2.18,RIE,Ad Group Recall (Merged)
20230807,1773555809046560 ,KR,KR,,1/1/00 0:00,,10.1506,7/8/23 7:48,2.18,RIE,Ad Group Recall (Merged)
20230807,1773555819816960 ,KR,KR,,1/1/00 0:00,0.12,10.1506,7/8/23 7:48,2.18,RIE,Ad Group Recall (Merged)
20230807,1773552751521790 ,BR,,,1/1/00 0:00,2.1462,1.4592,7/8/23 7:47,0.54,Non-Auction Ads,Promote
20230807,1773555830953000 ,KR,KR,,1/1/00 0:00,,10.1506,7/8/23 7:48,2.18,RIE,Ad Group Recall (Merged)
20230807,1773555826365450 ,KR,KR,,1/1/00 0:00,0,10.1506,7/8/23 7:48,2.18,RIE,Ad Group Recall (Merged)
20230807,1773555812341810 ,KR,KR,,1/1/00 0:00,,10.1506,7/8/23 7:48,2.18,RIE,Ad Group Recall (Merged)
20230807,1773555821134880 ,KR,KR,,1/1/00 0:00,,10.1506,7/8/23 7:48,2.18,RIE,Ad Group Recall (Merged)
20230807,1773555834587150 ,KR,KR,,1/1/00 0:00,,10.1506,7/8/23 7:48,2.18,RIE,Ad Group Recall (Merged)
20230807,1773555818937340 ,KR,KR,,1/1/00 0:00,0,10.1506,7/8/23 7:48,2.18,RIE,Ad Group Recall (Merged)
20230807,1773555829274670 ,KR,KR,,1/1/00 0:00,0.72,10.1506,7/8/23 7:48,2.18,RIE,Ad Group Recall (Merged)
20230807,1773551615241210 ,MY,,,1/1/00 0:00,0.6018,0.3613,7/8/23 7:48,0.54,Non-Auction Ads,Promote
20230807,1773555012244480 ,PH,,,1/1/00 0:00,0.8895,0.6101,7/8/23 7:48,0.54,Non-Auction Ads,Promote
20230807,1773555836395560 ,KR,KR,,1/1/00 0:00,,10.1506,7/8/23 7:48,2.18,RIE,Ad Group Recall (Merged)
20230807,1773555823171580 ,KR,KR,,1/1/00 0:00,,10.1506,7/8/23 7:48,2.18,RIE,Ad Group Recall (Merged)
20230807,1773555808220170 ,KR,KR,,1/1/00 0:00,,10.1506,7/8/23 7:48,2.18,RIE,Ad Group Recall (Merged)
20230807,1773555809119250 ,KR,KR,,1/1/00 0:00,,10.1506,7/8/23 7:48,2.18,RIE,Ad Group Recall (Merged)
20230807,1773556294367240 ,BR,BR,,1/1/00 0:00,26.45,59.3186,7/8/23 7:55,1.99,Auction Ads,auction_all
20230807,1773555816355840 ,KR,KR,,1/1/00 0:00,,10.1506,7/8/23 7:48,2.18,RIE,Ad Group Recall (Merged)
20230807,1773555823245310 ,KR,KR,,1/1/00 0:00,,10.1506,7/8/23 7:48,2.18,RIE,Ad Group Recall (Merged)
20230807,1773555826169900 ,KR,KR,,1/1/00 0:00,,10.1506,7/8/23 7:48,2.18,RIE,Ad Group Recall (Merged)
20230807,1773555835272240 ,KR,KR,,1/1/00 0:00,,10.1506,7/8/23 7:48,2.18,RIE,Ad Group Recall (Merged)
20230807,1773555839819820 ,KR,KR,,1/1/00 0:00,,10.1506,7/8/23 7:48,2.18,RIE,Ad Group Recall (Merged)
20230807,1773555834351610 ,KR,KR,,1/1/00 0:00,0.01,10.1506,7/8/23 7:48,2.18,RIE,Ad Group Recall (Merged)
20230807,1773555681199230 ,VN,,,1/1/00 0:00,6.7451,1.7561,7/8/23 7:48,1.53,RIE,Promote Report Recall
20230807,1773555836395520 ,KR,KR,,1/1/00 0:00,,10.1506,7/8/23 7:48,2.18,RIE,Ad Group Recall (Merged)
20230807,1773555818897450 ,KR,KR,,1/1/00 0:00,,10.1506,7/8/23 7:48,2.18,RIE,Ad Group Recall (Merged)
20230807,1773555809118250 ,KR,KR,,1/1/00 0:00,,10.1506,7/8/23 7:48,2.18,RIE,Ad Group Recall (Merged)
20230807,1773555843019770 ,KR,KR,,1/1/00 0:00,,10.1506,7/8/23 7:48,2.18,RIE,Ad Group Recall (Merged)
20230807,1773555829795870 ,KR,KR,,1/1/00 0:00,,10.1506,7/8/23 7:48,2.18,RIE,Ad Group Recall (Merged)
20230807,1773555839758380 ,KR,KR,,1/1/00 0:00,,10.1506,7/8/23 7:48,2.18,RIE,Ad Group Recall (Merged)
20230807,1773555843224600 ,KR,KR,,1/1/00 0:00,,10.1506,7/8/23 7:48,2.18,RIE,Ad Group Recall (Merged)
20230807,1773555821134890 ,KR,KR,,1/1/00 0:00,,10.1506,7/8/23 7:48,2.18,RIE,Ad Group Recall (Merged)
20230807,1773555842072620 ,KR,KR,,1/1/00 0:00,,10.1506,7/8/23 7:48,2.18,RIE,Ad Group Recall (Merged)
20230807,1773556117434380 ,MY,MY,,1/1/00 0:00,9.4931,8.431,7/8/23 7:48,2.31,Auction Ads,auction_relation
20230807,1773552112334840 ,SA,MENA,,1/1/00 0:00,24.15,25.1657,7/8/23 7:51,1.78,Auction Ads,auction_relation
20230807,1773556118022140 ,MY,MY,,1/1/00 0:00,5.7651,7.9166,7/8/23 7:48,2.31,Auction Ads,auction_relation
20230807,1773555764424720 ,VN,VN,,1/1/00 0:00,,1.401,7/8/23 7:48,2.14,Auction Ads,auction_relation
20230807,1773555794235420 ,GB,GB,,1/1/00 0:00,13.94,11.1739,7/8/23 7:49,1.76,Auction Ads,auction_relation
20230807,1773555794235420 ,NZ,NZ,,1/1/00 0:00,13.94,11.1739,7/8/23 7:49,1.58,Auction Ads,auction_relation
20230807,1773555794235420 ,AU,AU,,1/1/00 0:00,13.94,11.1739,7/8/23 7:49,1.84,Auction Ads,auction_relation
20230807,1773556113701950 ,DE,DE,,1/1/00 0:00,0.25,4.1453,7/8/23 7:48,1.01,Auction Ads,auction_relation
20230807,1773555984426030 ,TW,TW,,1/1/00 0:00,14.09,4.3957,7/8/23 7:48,0.95,Auction Ads,auction_relation
20230807,1773556173538330 ,PH,PH,,1/1/00 0:00,53.36,44.3694,7/8/23 7:54,2.46,Auction Ads,auction_relation
20230807,1773557973378060 ,AU,AU,,1/1/00 0:00,12.25,9.1259,7/8/23 7:49,1.84,Auction Ads,auction_relation
20230807,1773556331581450 ,TH,TH,,1/1/00 0:00,4.3543,24.3363,7/8/23 7:52,1.64,Auction Ads,auction_relation
20230807,1773555766323210 ,IL,IL,,1/1/00 0:00,6.22,4.0471,7/8/23 7:49,1.52,Auction Ads,auction_relation
20230807,1773555769608210 ,IL,IL,,1/1/00 0:00,6.45,4.0471,7/8/23 7:49,1.52,Auction Ads,auction_relation
20230807,1773554655121410 ,DE,,,1/1/00 0:00,9.8598,1.3617,7/8/23 7:49,0.54,Non-Auction Ads,Promote
20230807,1773553201187840 ,ID,,,1/1/00 0:00,1.2476,0.805,7/8/23 7:49,0.54,Non-Auction Ads,Promote
20230807,1773554431387650 ,BR,,,1/1/00 0:00,1.1083,0.5305,7/8/23 7:49,0.54,Non-Auction Ads,Promote
20230807,1773552253956140 ,US,USCA,,1/1/00 0:00,,31.1273,7/8/23 7:53,1.78,Auction Ads,auction_relation
20230807,1773555125414910 ,PH,,,1/1/00 0:00,0.4843,0.272,7/8/23 7:49,0.54,Non-Auction Ads,Promote
20230807,1773557534268410 ,VN,VN,,1/1/00 0:00,,129.1744,7/8/23 8:06,2.14,Auction Ads,auction_relation
20230807,1773553711703040 ,ID,,,1/1/00 0:00,1.0887,0.3442,7/8/23 7:49,0.54,Non-Auction Ads,Promote
20230807,1773555840991290 ,ID,ID,,1/1/00 0:00,6.22,2.9169,7/8/23 7:49,1.8,Auction Ads,auction_relation
20230807,1773553679266810 ,ID,,,1/1/00 0:00,0.5058,0.2159,7/8/23 7:49,0.54,Non-Auction Ads,Promote
20230807,1773552253957130 ,CA,US&CA,,1/1/00 0:00,1.25,28.3825,7/8/23 7:53,1.81,RIE,Ad Group Recall (Merged)
20230807,1773556562424880 ,BR,BR,,1/1/00 0:00,37.48,5.5535,7/8/23 7:50,1.99,Auction Ads,auction_all
20230807,1773555785034750 ,IT,,,1/1/00 0:00,45.0751,4.9045,7/8/23 7:50,0.54,Non-Auction Ads,Promote
20230807,1773556344643600 ,US,USCA,,1/1/00 0:00,,29.613,7/8/23 7:54,1.78,Auction Ads,auction_relation
20230807,1773555960870930 ,ID,ID,,1/1/00 0:00,,2.7556,7/8/23 7:49,1.8,Auction Ads,auction_relation
20230807,1773556805332990 ,FR,FR,,1/1/00 0:00,18.6662,8.1367,7/8/23 7:50,1.76,RIE,Ad Group Recall (Merged)
20230807,1773556805332990 ,FR,FR,,1/1/00 0:00,18.6662,8.1367,7/8/23 7:50,1.97,Auction Ads,auction_relation
20230807,1773555847583760 ,AE,MENA,,1/1/00 0:00,23.84,7.091,7/8/23 7:50,1.67,RIE,Ad Group Recall (Merged)
20230807,1773479781777410 ,VN,,,1/1/00 0:00,0.911,0.2105,7/8/23 7:49,0.54,Non-Auction Ads,Promote
20230807,1773555869947900 ,ID,ID,,1/1/00 0:00,5.9422,1.1163,7/8/23 7:49,1.8,Auction Ads,auction_relation
20230807,1773555684909050 ,VN,,,1/1/00 0:00,1.3331,0.5736,7/8/23 7:49,1.53,RIE,Promote Report Recall
20230807,1773555734870050 ,TH,,,1/1/00 0:00,16,12.196,7/8/23 7:51,1.53,RIE,Promote Report Recall
20230807,1773555938102270 ,DE,DE,,1/1/00 0:00,,3.2589,7/8/23 7:50,1.01,Auction Ads,auction_relation
20230807,1773555163991040 ,US,,,1/1/00 0:00,10.43,2.934,7/8/23 7:50,0.54,Non-Auction Ads,Promote
20230807,1773557493490730 ,SA,MENA,,1/1/00 0:00,11.4699,7.2653,7/8/23 7:51,1.78,Auction Ads,auction_relation
20230807,1773552260551680 ,AE,MENA,,1/1/00 0:00,22.95,13.4031,7/8/23 7:52,1.78,Auction Ads,auction_relation
20230807,1773552260551680 ,TR,TR,,1/1/00 0:00,22.95,13.4031,7/8/23 7:52,0.83,Auction Ads,auction_relation
20230807,1773552260551680 ,MA,MA,,1/1/00 0:00,22.95,13.4031,7/8/23 7:52,1.51,Auction Ads,auction_relation
20230807,1773552260551680 ,ZA,ZA,,1/1/00 0:00,22.95,13.4031,7/8/23 7:52,1.4,Auction Ads,auction_relation
20230807,1773552260551680 ,KW,Others,,1/1/00 0:00,22.95,13.4031,7/8/23 7:52,1.56,Auction Ads,auction_all
20230807,1773553353376770 ,ID,,,1/1/00 0:00,0.5894,1.083,7/8/23 7:50,0.54,Non-Auction Ads,Promote
20230807,1773555521187840 ,CA,,,1/1/00 0:00,2.632,1.2963,7/8/23 7:50,0.54,Non-Auction Ads,Promote
20230807,1773555354263550 ,US,,,1/1/00 0:00,3.45,1.3417,7/8/23 7:50,0.54,Non-Auction Ads,Promote
20230807,1773555647369210 ,KH,,,1/1/00 0:00,0.5694,0.1764,7/8/23 7:50,0.54,Non-Auction Ads,Promote
20230807,1773555978507290 ,ID,ID,,1/1/00 0:00,3.96,2.9169,7/8/23 7:51,1.8,Auction Ads,auction_relation
20230807,1773552083365880 ,MY,,,1/1/00 0:00,1.6225,0.7226,7/8/23 7:51,0.54,Non-Auction Ads,Promote
20230807,1773555593172990 ,JP,,,1/1/00 0:00,1.6704,0.7237,7/8/23 7:51,0.54,Non-Auction Ads,Promote
20230807,1773556002216960 ,ID,ID,,1/1/00 0:00,7.5716,1.4113,7/8/23 7:51,1.8,Auction Ads,auction_relation
20230807,1773478900801530 ,VN,,,1/1/00 0:00,1.9482,0.8055,7/8/23 7:51,0.54,Non-Auction Ads,Promote
20230807,1773554911309830 ,US,,,1/1/00 0:00,10.23,3.0162,7/8/23 7:51,0.54,Non-Auction Ads,Promote
20230807,1773556110756910 ,TH,TH,,1/1/00 0:00,,2.4065,7/8/23 7:51,1.64,Auction Ads,auction_relation
20230807,1773555965122610 ,VN,VN,,1/1/00 0:00,0.51,0.3598,7/8/23 7:51,2.14,Auction Ads,auction_relation
20230807,1773555865777150 ,IT,,,1/1/00 0:00,4.204,0.9528,7/8/23 7:51,1.53,RIE,Promote Report Recall
20230807,1773556530884650 ,SA,MENA,,1/1/00 0:00,17.66,8.372,7/8/23 7:52,1.67,RIE,Ad Group Recall (Merged)
20230807,1773556385376270 ,MX,MX,,1/1/00 0:00,12,8.2007,7/8/23 7:53,1.99,Auction Ads,auction_all
20230807,1773479571437570 ,VN,,,1/1/00 0:00,1.1489,0.9345,7/8/23 7:51,0.54,Non-Auction Ads,Promote
20230807,1773552481263610 ,MY,,,1/1/00 0:00,0.5709,0.2535,7/8/23 7:51,0.54,Non-Auction Ads,Promote
20230807,1773556023912490 ,DE,DE,,1/1/00 0:00,125.37,21.1648,7/8/23 7:54,1.01,Auction Ads,auction_relation
20230807,1773556023912490 ,US,USCA,,1/1/00 0:00,125.37,21.1648,7/8/23 7:54,1.78,Auction Ads,auction_relation
20230807,1773556185204750 ,KW,Others,,1/1/00 0:00,2.49,0.6785,7/8/23 7:52,1.56,Auction Ads,auction_all
20230807,1773556167327790 ,DE,DE,,1/1/00 0:00,,4.1692,7/8/23 7:52,1.01,Auction Ads,auction_relation
20230807,1773470564147200 ,SA,,,1/1/00 0:00,9.5293,4.3132,7/8/23 7:52,0.54,Non-Auction Ads,Promote
20230807,1773556068399150 ,VN,VN,,1/1/00 0:00,,7.8911,7/8/23 7:53,2.14,Auction Ads,auction_relation
20230807,1773556068390910 ,VN,VN,,1/1/00 0:00,,7.8911,7/8/23 7:53,2.14,Auction Ads,auction_relation
20230807,1773555850422270 ,DE,,,1/1/00 0:00,55.428,1.3912,7/8/23 7:52,0.54,Non-Auction Ads,Promote
20230807,1773556068453370 ,VN,VN,,1/1/00 0:00,,1.0022,7/8/23 7:52,2.14,Auction Ads,auction_relation
20230807,1773556033151000 ,ID,ID,,1/1/00 0:00,127.37,21.1648,7/8/23 7:55,1.8,Auction Ads,auction_relation
20230807,1773556033151000 ,US,USCA,,1/1/00 0:00,127.37,21.1648,7/8/23 7:55,1.78,Auction Ads,auction_relation
20230807,1773556033151000 ,TH,TH,,1/1/00 0:00,127.37,21.1648,7/8/23 7:55,1.64,Auction Ads,auction_relation
20230807,1773556033151000 ,SA,MENA,,1/1/00 0:00,127.37,21.1648,7/8/23 7:55,1.78,Auction Ads,auction_relation
20230807,1773556033151000 ,DE,DE,,1/1/00 0:00,127.37,21.1648,7/8/23 7:55,1.01,Auction Ads,auction_relation
20230807,1773556033151000 ,MX,MX,,1/1/00 0:00,127.37,21.1648,7/8/23 7:55,1.99,Auction Ads,auction_all
20230807,1773556033151000 ,MY,MY,,1/1/00 0:00,127.37,21.1648,7/8/23 7:55,2.31,Auction Ads,auction_relation
20230807,1773556033151000 ,ZA,ZA,,1/1/00 0:00,127.37,21.1648,7/8/23 7:55,1.4,Auction Ads,auction_relation
20230807,1773554145052670 ,US,,,1/1/00 0:00,6.92,2.3536,7/8/23 7:53,0.54,Non-Auction Ads,Promote
20230807,1773555897064450 ,GR,,,1/1/00 0:00,15.0762,1.3206,7/8/23 7:53,0.54,Non-Auction Ads,Promote
20230807,1773555973499900 ,IL,,,1/1/00 0:00,25.9869,1.5621,7/8/23 7:53,0.54,Non-Auction Ads,Promote
20230807,1773552451542010 ,US,US&CA,,1/1/00 0:00,100.34,23.1079,7/8/23 7:56,1.81,RIE,Ad Group Recall (Merged)
20230807,1773555803020290 ,RO,,,1/1/00 0:00,17.9883,8.8588,7/8/23 7:54,0.54,Non-Auction Ads,Promote
20230807,1773556308386840 ,ID,ID,,1/1/00 0:00,14.22,21.7548,7/8/23 7:56,1.8,Auction Ads,auction_relation
20230807,1773555964713980 ,TH,,,1/1/00 0:00,59.4752,1.7123,7/8/23 7:53,0.54,Non-Auction Ads,Promote
20230807,1773556039898110 ,ID,ID,,1/1/00 0:00,,2.7556,7/8/23 7:53,1.8,Auction Ads,auction_relation
20230807,1773556062907390 ,SA,,,1/1/00 0:00,90.3868,9.5066,7/8/23 7:54,0.54,Non-Auction Ads,Promote
20230807,1773552490005500 ,TH,,,1/1/00 0:00,0.8406,0.567,7/8/23 7:53,0.54,Non-Auction Ads,Promote
20230807,1773555911895040 ,TR,,,1/1/00 0:00,0.8489,0.4288,7/8/23 7:53,1.53,RIE,Promote Report Recall
20230807,1773556339321870 ,ID,ID,,1/1/00 0:00,2.91,6.4937,7/8/23 7:54,1.8,Auction Ads,auction_relation
20230807,1773556004087800 ,MY,,,1/1/00 0:00,2.2878,0.8474,7/8/23 7:53,1.53,RIE,Promote Report Recall
20230807,1773555960867840 ,VN,,,1/1/00 0:00,0.8435,3.7117,7/8/23 7:54,1.53,RIE,Promote Report Recall
20230807,1773556245468210 ,KH,KH,,1/1/00 0:00,1.3876,2.2649,7/8/23 7:53,1.5,Auction Ads,auction_relation
20230807,1773553315618810 ,ID,,,1/1/00 0:00,1.2811,1.3304,7/8/23 7:53,0.54,Non-Auction Ads,Promote
20230807,1773552642079770 ,GB,GB,,1/1/00 0:00,50.22,28.3825,7/8/23 7:59,1.72,RIE,Ad Group Recall (Merged)
20230807,1773553703075840 ,ID,,,1/1/00 0:00,2.0075,0.3771,7/8/23 7:53,0.54,Non-Auction Ads,Promote
20230807,1773552711355390 ,US,US&CA,,1/1/00 0:00,17.03,23.1079,7/8/23 7:58,1.81,RIE,Ad Group Recall (Merged)
20230807,1773552711355390 ,US,USCA,,1/1/00 0:00,17.03,23.1079,7/8/23 7:58,1.78,Auction Ads,auction_relation
20230807,1773555912582170 ,AE,MENA,,1/1/00 0:00,9.61,2.8245,7/8/23 7:54,1.67,RIE,Ad Group Recall (Merged)
20230807,1773567793681400 ,MA,Other,,1/1/00 0:00,5.39,7.2416,7/8/23 7:54,1.62,RIE,Ad Group Recall (Merged)
20230807,1773556250926130 ,BR,BR,,1/1/00 0:00,3.3446,18.1673,7/8/23 7:56,1.99,Auction Ads,auction_all
20230807,1773553689067520 ,BR,,,1/1/00 0:00,5.6325,2.9061,7/8/23 7:54,0.54,Non-Auction Ads,Promote
20230807,1773553471997950 ,ID,,,1/1/00 0:00,0.4552,0.2666,7/8/23 7:53,0.54,Non-Auction Ads,Promote
20230807,1773555964408830 ,ID,,,1/1/00 0:00,33.1542,2.8793,7/8/23 7:54,0.54,Non-Auction Ads,Promote
20230807,1773556494239790 ,TH,TH,,1/1/00 0:00,2.7923,24.3363,7/8/23 7:59,1.64,Auction Ads,auction_relation
20230807,1773556538046480 ,TW,TW,,1/1/00 0:00,14.82,4.3957,7/8/23 7:54,2.59,RIE,Ad Group Recall (Merged)
20230807,1773556538046480 ,TW,TW,,1/1/00 0:00,14.82,4.3957,7/8/23 7:54,0.95,Auction Ads,auction_relation
20230807,1773555962218520 ,BH,Others,,1/1/00 0:00,2.53,17.0372,7/8/23 7:57,1.56,Auction Ads,auction_all
20230807,1773556102647880 ,VN,VN,,1/1/00 0:00,0.47,0.3598,7/8/23 7:54,2.14,Auction Ads,auction_relation
20230807,1773555671743480 ,PH,,,1/1/00 0:00,0.5089,0.3397,7/8/23 7:54,0.54,Non-Auction Ads,Promote
20230807,1773552469832700 ,TH,,,1/1/00 0:00,2.2709,0.8274,7/8/23 7:54,0.54,Non-Auction Ads,Promote
20230807,1773479898679290 ,VN,,,1/1/00 0:00,0,0.338,7/8/23 7:54,0.54,Non-Auction Ads,Promote
20230807,1773556121195560 ,PL,PL,,1/1/00 0:00,10.97,2.2586,7/8/23 7:55,1.84,RIE,Ad Group Recall (Merged)
20230807,1773479708559360 ,VN,,,1/1/00 0:00,0.7227,1.022,7/8/23 7:55,0.54,Non-Auction Ads,Promote
20230807,1773552584497150 ,PL,PL,,1/1/00 0:00,20.41,8.6124,7/8/23 7:57,1.64,Auction Ads,auction_relation
20230807,1773571441013760 ,US,USCA,,1/1/00 0:00,1.87,11.3182,7/8/23 7:59,1.78,Auction Ads,auction_relation
20230807,1773555738477560 ,PH,,,1/1/00 0:00,0.544,0.1246,7/8/23 7:55,0.54,Non-Auction Ads,Promote
20230807,1773564055178240 ,MY,MY,,1/1/00 0:00,,11.8123,7/8/23 7:59,2.31,Auction Ads,auction_relation
20230807,1773553928772610 ,BR,,,1/1/00 0:00,1.2517,0.7598,7/8/23 7:55,0.54,Non-Auction Ads,Promote
20230807,1773556300780590 ,KR,KR,,1/1/00 0:00,11.872,1.9634,7/8/23 7:56,2.37,Auction Ads,auction_relation
20230807,1773552480082940 ,TH,,,1/1/00 0:00,0.5257,0.1863,7/8/23 7:55,0.54,Non-Auction Ads,Promote
20230807,1773555978801150 ,PH,,,1/1/00 0:00,0.4299,0.2616,7/8/23 7:56,0.54,Non-Auction Ads,Promote
20230807,1773554128191520 ,TR,TR,,1/1/00 0:00,13.86,4.1575,7/8/23 7:57,0.83,Auction Ads,auction_relation
20230807,1773556253826050 ,VN,VN,,1/1/00 0:00,0.93,1.2791,7/8/23 7:57,2.14,Auction Ads,auction_relation
20230807,1773556902223870 ,KR,KR,,1/1/00 0:00,11.276,3.897,7/8/23 7:58,2.37,Auction Ads,auction_relation
20230807,1773556416233480 ,ID,ID,,1/1/00 0:00,0.16,4.2516,7/8/23 7:59,1.8,Auction Ads,auction_relation
20230807,1773556489017370 ,TH,TH,,1/1/00 0:00,11.6649,4.2128,7/8/23 7:59,1.64,Auction Ads,auction_relation
20230807,1773556799244330 ,MY,MY,,1/1/00 0:00,8.4172,5.9505,7/8/23 7:59,2.31,Auction Ads,auction_relation
20230807,1773480746962940 ,VN,,,1/1/00 0:00,0.5546,0.1944,7/8/23 7:57,0.54,Non-Auction Ads,Promote
20230807,1773558121102380 ,MY,MY,,1/1/00 0:00,2.1712,2.9568,7/8/23 7:59,2.31,Auction Ads,auction_relation
20230807,1773556475356210 ,KR,KR,,1/1/00 0:00,12.0144,1.9634,7/8/23 7:59,2.37,Auction Ads,auction_relation
20230807,1773556232378360 ,JP,,,1/1/00 0:00,5.5975,2.5833,7/8/23 7:59,0.54,Non-Auction Ads,Promote
20230807,1773550355153920 ,US,,,1/1/00 0:00,3.52,4.9785,7/8/23 7:59,0.54,Non-Auction Ads,Promote
20230807,1773553881565180 ,ID,,,1/1/00 0:00,1.1801,1.3179,7/8/23 7:59,0.54,Non-Auction Ads,Promote
20230807,1773556552412210 ,PK,PK,,1/1/00 0:00,15.08,2.4508,7/8/23 7:59,1.36,Auction Ads,auction_relation
20230807,1773556694283310 ,ID,ID,,1/1/00 0:00,27.11,3.0037,7/8/23 7:59,1.8,Auction Ads,auction_relation
20230807,1773552812450810 ,MY,,,1/1/00 0:00,0.6214,1.4177,7/8/23 7:59,0.54,Non-Auction Ads,Promote
20230807,1773556326383620 ,GB,,,1/1/00 0:00,129.4291,12.9876,7/8/23 8:00,0.54,Non-Auction Ads,Promote
20230807,1773553669674060 ,IT,IT,,1/1/00 0:00,18.24,10.7583,7/8/23 8:00,1.36,Auction Ads,auction_relation
20230807,1773556453248050 ,AU,AU,,1/1/00 0:00,1.1439,13.5506,7/8/23 8:00,1.84,Auction Ads,auction_relation
20230807,1773556037319680 ,US,USCA,,1/1/00 0:00,,19.069,7/8/23 8:01,1.78,Auction Ads,auction_relation
20230807,1773557965839370 ,US,USCA,,1/1/00 0:00,14.38,7.6407,7/8/23 8:00,1.78,Auction Ads,auction_relation
20230807,1773563513213960 ,US,USCA,,1/1/00 0:00,12.34,7.6407,7/8/23 8:00,1.78,Auction Ads,auction_relation
20230807,1773559794234360 ,US,USCA,,1/1/00 0:00,13.88,7.6407,7/8/23 8:00,1.78,Auction Ads,auction_relation
20230807,1773560490028030 ,US,USCA,,1/1/00 0:00,12.94,7.6407,7/8/23 8:00,1.78,Auction Ads,auction_relation
20230807,1773552818972670 ,US,USCA,,1/1/00 0:00,,31.1273,7/8/23 8:02,1.78,Auction Ads,auction_relation
20230807,1773529187418110 ,GB,GB,,1/1/00 0:00,14.2056,5.4982,7/8/23 8:00,1.76,Auction Ads,auction_relation
20230807,1773529191611410 ,GB,GB,,1/1/00 0:00,13.6336,5.4982,7/8/23 8:00,1.72,RIE,Ad Group Recall (Merged)
20230807,1773536367290410 ,IL,IL,,1/1/00 0:00,6.42,3.97,7/8/23 8:00,1.52,Auction Ads,auction_relation
20230807,1773536367290410 ,FI,Others,,1/1/00 0:00,6.42,3.97,7/8/23 8:00,1.56,Auction Ads,auction_all
20230807,1773536367290410 ,GB,GB,,1/1/00 0:00,6.42,3.97,7/8/23 8:00,1.76,Auction Ads,auction_relation
20230807,1773536367290410 ,FR,FR,,1/1/00 0:00,6.42,3.97,7/8/23 8:00,1.97,Auction Ads,auction_relation
20230807,1773536367290410 ,ZA,ZA,,1/1/00 0:00,6.42,3.97,7/8/23 8:00,1.4,Auction Ads,auction_relation
20230807,1773536367290410 ,PL,PL,,1/1/00 0:00,6.42,3.97,7/8/23 8:00,1.64,Auction Ads,auction_relation
20230807,1773536367290410 ,AT,AT,,1/1/00 0:00,6.42,3.97,7/8/23 8:00,0.89,Auction Ads,auction_relation
20230807,1773536367290410 ,CH,CH,,1/1/00 0:00,6.42,3.97,7/8/23 8:00,0.93,Auction Ads,auction_relation
20230807,1773555038758960 ,AT,AT,,1/1/00 0:00,5.18,3.6372,7/8/23 8:00,0.89,Auction Ads,auction_relation
20230807,1773555038758960 ,IE,IE,,1/1/00 0:00,5.18,3.6372,7/8/23 8:00,1.52,Auction Ads,auction_relation
20230807,1773555038758960 ,NZ,NZ,,1/1/00 0:00,5.18,3.6372,7/8/23 8:00,1.58,Auction Ads,auction_relation
20230807,1773555038758960 ,GB,GB,,1/1/00 0:00,5.18,3.6372,7/8/23 8:00,1.76,Auction Ads,auction_relation
20230807,1773555038758960 ,FI,Others,,1/1/00 0:00,5.18,3.6372,7/8/23 8:00,1.56,Auction Ads,auction_all
20230807,1773555038758960 ,CH,CH,,1/1/00 0:00,5.18,3.6372,7/8/23 8:00,0.93,Auction Ads,auction_relation
20230807,1773555038758960 ,DE,DE,,1/1/00 0:00,5.18,3.6372,7/8/23 8:00,1.01,Auction Ads,auction_relation
20230807,1773555038758960 ,IT,IT,,1/1/00 0:00,5.18,3.6372,7/8/23 8:00,1.36,Auction Ads,auction_relation
20230807,1773555038758960 ,AU,AU,,1/1/00 0:00,5.18,3.6372,7/8/23 8:00,1.84,Auction Ads,auction_relation
20230807,1773571542328360 ,US,USCA,,1/1/00 0:00,1.23,11.3182,7/8/23 8:00,1.78,Auction Ads,auction_relation
20230807,1773535358551050 ,US,USCA,,1/1/00 0:00,7,7.7014,7/8/23 8:00,1.78,Auction Ads,auction_relation
20230807,1773334443129900 ,ZA,Other,,1/1/00 0:00,0.06,2.4049,7/8/23 8:00,1.62,RIE,Ad Group Recall (Merged)
20230807,1773568239645740 ,CA,USCA,,1/1/00 0:00,2.65,7.2416,7/8/23 8:00,1.78,Auction Ads,auction_relation
20230807,1773554983436320 ,AU,AU,,1/1/00 0:00,,2.0553,7/8/23 8:00,1.84,Auction Ads,auction_relation
20230807,1773554983436320 ,MY,MY,,1/1/00 0:00,,2.0553,7/8/23 8:00,2.31,Auction Ads,auction_relation
20230807,1773554983436320 ,VN,VN,,1/1/00 0:00,,2.0553,7/8/23 8:00,2.14,Auction Ads,auction_relation
20230807,1773554983436320 ,NZ,NZ,,1/1/00 0:00,,2.0553,7/8/23 8:00,1.58,Auction Ads,auction_relation
20230807,1773336625095720 ,ZA,Other,,1/1/00 0:00,7.08,2.1246,7/8/23 8:00,1.62,RIE,Ad Group Recall (Merged)
20230807,1773533479004160 ,BR,BR,,1/1/00 0:00,,0.654,7/8/23 8:00,1.7,RIE,Ad Group Recall (Merged)
20230807,1773540201211900 ,BR,BR,,1/1/00 0:00,1.5228,0.4444,7/8/23 8:00,1.99,Auction Ads,auction_all
20230807,1773540298970140 ,BR,BR,,1/1/00 0:00,1.1636,0.4444,7/8/23 8:00,1.99,Auction Ads,auction_all
20230807,1773556279418880 ,ID,,,1/1/00 0:00,0.2483,0.1504,7/8/23 8:00,1.53,RIE,Promote Report Recall
20230807,1773533805690910 ,AU,AU,,1/1/00 0:00,4.25,2.0946,7/8/23 8:00,1.84,Auction Ads,auction_relation
20230807,1773548192590850 ,TR,,,1/1/00 0:00,4.3,0.7143,7/8/23 8:00,0.54,Non-Auction Ads,Promote
20230807,1773548192590850 ,TR,,,1/1/00 0:00,4.3,0.7143,7/8/23 8:00,1.53,RIE,Promote Report Recall
20230807,1773552787022860 ,US,USCA,,1/1/00 0:00,17.67,23.1079,7/8/23 8:02,1.78,Auction Ads,auction_relation
20230807,1773544566071290 ,AE,MENA,,1/1/00 0:00,12.2842,4.9709,7/8/23 8:00,1.67,RIE,Ad Group Recall (Merged)
20230807,1773556426632190 ,MY,,,1/1/00 0:00,68.5689,2.8776,7/8/23 8:00,0.54,Non-Auction Ads,Promote
20230807,1773530524993550 ,BR,BR,,1/1/00 0:00,0.0472,0.8082,7/8/23 8:00,1.99,Auction Ads,auction_all
20230807,1773556158982140 ,ES,ES,,1/1/00 0:00,18.97,2.8142,7/8/23 8:00,1.37,Auction Ads,auction_relation
20230807,1773543548624890 ,AE,MENA,,1/1/00 0:00,4.1048,4.9709,7/8/23 8:00,1.67,RIE,Ad Group Recall (Merged)
20230807,1773559222208620 ,BR,BR,,1/1/00 0:00,33.13,63.7505,7/8/23 8:11,1.99,Auction Ads,auction_all
20230807,1773556711840760 ,ES,ES,,1/1/00 0:00,4.2,10.2809,7/8/23 8:01,1.37,Auction Ads,auction_relation
20230807,1773556711840760 ,IT,IT,,1/1/00 0:00,4.2,10.2809,7/8/23 8:01,1.36,Auction Ads,auction_relation
20230807,1773552957917180 ,MY,,,1/1/00 0:00,0.5576,0.448,7/8/23 8:00,0.54,Non-Auction Ads,Promote
20230807,1773556569062490 ,SA,MENA,,1/1/00 0:00,0.18,1.3389,7/8/23 8:00,1.67,RIE,Ad Group Recall (Merged)
20230807,1773555918143550 ,ID,,,1/1/00 0:00,1.4156,0.3204,7/8/23 8:00,0.54,Non-Auction Ads,Promote
20230807,1773518665142300 ,BR,BR,,1/1/00 0:00,,0.654,7/8/23 8:00,1.7,RIE,Ad Group Recall (Merged)
20230807,1773336565997610 ,ZA,Other,,1/1/00 0:00,16.41,2.1246,7/8/23 8:00,1.62,RIE,Ad Group Recall (Merged)
20230807,1773555169073200 ,ID,ID,,1/1/00 0:00,8.1404,1.0272,7/8/23 8:00,1.8,Auction Ads,auction_relation
20230807,1773556505832460 ,ID,ID,,1/1/00 0:00,12.31,0,7/8/23 8:00,1.8,Auction Ads,auction_relation
20230807,1773556649361450 ,DK,DK,,1/1/00 0:00,,2.0553,7/8/23 8:01,1.31,Auction Ads,auction_relation
20230807,1773556649361450 ,CH,CH,,1/1/00 0:00,,2.0553,7/8/23 8:01,0.93,Auction Ads,auction_relation
20230807,1773556649361450 ,QA,Others,,1/1/00 0:00,,2.0553,7/8/23 8:01,1.56,Auction Ads,auction_all
20230807,1773556649361450 ,IT,IT,,1/1/00 0:00,,2.0553,7/8/23 8:01,1.36,Auction Ads,auction_relation
20230807,1773556649361450 ,NL,NL,,1/1/00 0:00,,2.0553,7/8/23 8:01,1.19,Auction Ads,auction_relation
20230807,1773556649361450 ,IE,IE,,1/1/00 0:00,,2.0553,7/8/23 8:01,1.52,Auction Ads,auction_relation
20230807,1773556649361450 ,PT,PT,,1/1/00 0:00,,2.0553,7/8/23 8:01,1.98,Auction Ads,auction_relation
20230807,1773556649361450 ,SE,SE,,1/1/00 0:00,,2.0553,7/8/23 8:01,1.4,Auction Ads,auction_relation
20230807,1773553089251320 ,GB,GB,,1/1/00 0:00,24.41,28.3825,7/8/23 8:06,1.72,RIE,Ad Group Recall (Merged)
20230807,1773556623146030 ,ID,ID,,1/1/00 0:00,0.96,6.4937,7/8/23 8:02,1.8,Auction Ads,auction_relation
20230807,1773556637331470 ,DK,DK,,1/1/00 0:00,51.72,11.6596,7/8/23 8:03,1.31,Auction Ads,auction_relation
20230807,1773556637331470 ,IE,IE,,1/1/00 0:00,51.72,11.6596,7/8/23 8:03,1.52,Auction Ads,auction_relation
20230807,1773555025160190 ,PL,,,1/1/00 0:00,1.9915,0.619,7/8/23 8:01,0.54,Non-Auction Ads,Promote
20230807,1773552576063490 ,TH,,,1/1/00 0:00,0.8772,0.567,7/8/23 8:01,0.54,Non-Auction Ads,Promote
20230807,1773556513096700 ,VN,,,1/1/00 0:00,7.9224,2.8716,7/8/23 8:01,1.53,RIE,Promote Report Recall
20230807,1773556841869310 ,MA,MA,,1/1/00 0:00,,0,7/8/23 8:01,1.51,Auction Ads,auction_relation
20230807,1773557252161530 ,GR,Other,,1/1/00 0:00,42.19,16.7407,7/8/23 8:04,1.62,RIE,Ad Group Recall (Merged)
20230807,1773557252161530 ,IT,IT,,1/1/00 0:00,42.19,16.7407,7/8/23 8:04,1.36,Auction Ads,auction_relation
20230807,1773557252161530 ,ZA,Other,,1/1/00 0:00,42.19,16.7407,7/8/23 8:04,1.62,RIE,Ad Group Recall (Merged)
20230807,1773556443943980 ,US,USCA,,1/1/00 0:00,1.25,0.1555,7/8/23 8:01,1.78,Auction Ads,auction_relation
20230807,1773557235903520 ,TH,TH,,1/1/00 0:00,26.0794,29.8235,7/8/23 8:07,1.87,RIE,Ad Group Recall (Merged)
20230807,1773557235903520 ,TH,TH,,1/1/00 0:00,26.0794,29.8235,7/8/23 8:07,1.64,Auction Ads,auction_relation
20230807,1773556637333550 ,IE,IE,,1/1/00 0:00,8.27,11.6596,7/8/23 8:03,1.52,Auction Ads,auction_relation
20230807,1773556637333550 ,DK,DK,,1/1/00 0:00,8.27,11.6596,7/8/23 8:03,1.31,Auction Ads,auction_relation
20230807,1773556451310600 ,US,USCA,,1/1/00 0:00,12.44,0.1555,7/8/23 8:01,1.78,Auction Ads,auction_relation
20230807,1773556510259200 ,TH,,,1/1/00 0:00,4.6556,1.2895,7/8/23 8:01,1.53,RIE,Promote Report Recall
20230807,1773556541019180 ,ID,ID,,1/1/00 0:00,12.18,0,7/8/23 8:01,1.8,Auction Ads,auction_relation
20230807,1773557870870540 ,BR,BR,,1/1/00 0:00,60.33,49.2962,7/8/23 8:11,1.99,Auction Ads,auction_all
20230807,1773557870870540 ,BR,BR,,1/1/00 0:00,60.33,49.2962,7/8/23 8:11,1.7,RIE,Ad Group Recall (Merged)
20230807,1773556442795000 ,US,USCA,,1/1/00 0:00,1.12,0.1555,7/8/23 8:01,1.78,Auction Ads,auction_relation
20230807,1773556451357730 ,US,USCA,,1/1/00 0:00,,0.1555,7/8/23 8:01,1.78,Auction Ads,auction_relation
20230807,1773566509200440 ,BR,BR,,1/1/00 0:00,0.97,0.7788,7/8/23 8:01,1.99,Auction Ads,auction_all
20230807,1773566509200440 ,BR,BR,,1/1/00 0:00,0.97,0.7788,7/8/23 8:01,1.7,RIE,Ad Group Recall (Merged)
20230807,1773556692712450 ,US,USCA,,1/1/00 0:00,,3.9594,7/8/23 8:02,1.78,Auction Ads,auction_relation
20230807,1773556695992320 ,US,USCA,,1/1/00 0:00,,3.9594,7/8/23 8:02,1.78,Auction Ads,auction_relation
20230807,1773556692702300 ,US,USCA,,1/1/00 0:00,,3.9594,7/8/23 8:02,1.78,Auction Ads,auction_relation
20230807,1773556320070660 ,IT,,,1/1/00 0:00,2.4649,0.9888,7/8/23 8:02,0.54,Non-Auction Ads,Promote
20230807,1773556460913660 ,MY,,,1/1/00 0:00,1.1988,1.0555,7/8/23 8:02,1.53,RIE,Promote Report Recall
20230807,1773552695225340 ,TH,,,1/1/00 0:00,3.0268,0.5174,7/8/23 8:02,0.54,Non-Auction Ads,Promote
20230807,1773379875174400 ,SA,,,1/1/00 0:00,5.2622,1.2187,7/8/23 8:02,0.54,Non-Auction Ads,Promote
20230807,1773499297313790 ,ID,,,1/1/00 0:00,2.387,2.895,7/8/23 8:02,0.54,Non-Auction Ads,Promote
20230807,1773556886745100 ,BR,BR,,1/1/00 0:00,9.6537,18.1673,7/8/23 8:05,1.99,Auction Ads,auction_all
20230807,1773559255275550 ,VN,VN,,1/1/00 0:00,26.64,52.9827,7/8/23 8:12,2.14,Auction Ads,auction_relation
20230807,1773556705649660 ,NZ,NZ,,1/1/00 0:00,13.79,2.4221,7/8/23 8:02,1.58,Auction Ads,auction_relation
20230807,1773556705649660 ,AU,AU,,1/1/00 0:00,13.79,2.4221,7/8/23 8:02,1.84,Auction Ads,auction_relation
20230807,1773556448423930 ,ID,,,1/1/00 0:00,10.9158,0.9204,7/8/23 8:02,0.54,Non-Auction Ads,Promote
20230807,1773552587298810 ,TH,,,1/1/00 0:00,,0.849,7/8/23 8:02,0.54,Non-Auction Ads,Promote
20230807,1773556863752190 ,ID,ID,,1/1/00 0:00,3.21,6.4937,7/8/23 8:04,1.8,Auction Ads,auction_relation
20230807,1773552677069820 ,TH,,,1/1/00 0:00,0.5445,0.247,7/8/23 8:03,0.54,Non-Auction Ads,Promote
20230807,1773556661781520 ,SA,MENA,,1/1/00 0:00,0.06,1.3389,7/8/23 8:03,1.67,RIE,Ad Group Recall (Merged)
20230807,1773556681790480 ,SA,MENA,,1/1/00 0:00,0.09,1.3389,7/8/23 8:03,1.67,RIE,Ad Group Recall (Merged)
20230807,1773556681790480 ,SA,MENA,,1/1/00 0:00,0.09,1.3389,7/8/23 8:03,1.78,Auction Ads,auction_relation
20230807,1773556697534480 ,ID,ID,,1/1/00 0:00,12.05,0,7/8/23 8:03,1.8,Auction Ads,auction_relation
20230807,1773556644374530 ,IQ,Other,,1/1/00 0:00,4.59,0.556,7/8/23 8:03,1.62,RIE,Ad Group Recall (Merged)
20230807,1773380393237500 ,SA,,,1/1/00 0:00,1.0852,0.7244,7/8/23 8:03,0.54,Non-Auction Ads,Promote
20230807,1773554647393280 ,ID,,,1/1/00 0:00,2.5294,0.6143,7/8/23 8:03,0.54,Non-Auction Ads,Promote
20230807,1773558050943020 ,ID,ID,,1/1/00 0:00,8.2886,8.7288,7/8/23 8:05,1.8,Auction Ads,auction_relation
20230807,1773554580830200 ,ID,,,1/1/00 0:00,0.598,0.1861,7/8/23 8:04,0.54,Non-Auction Ads,Promote
20230807,1773571917954040 ,US,USCA,,1/1/00 0:00,,11.3182,7/8/23 8:06,1.78,Auction Ads,auction_relation
20230807,1773555874008080 ,TH,TH,,1/1/00 0:00,1858.93,395.2444,7/8/23 9:02,1.64,Auction Ads,auction_relation
20230807,1773552621805570 ,TH,,,1/1/00 0:00,0.4854,0.362,7/8/23 8:04,0.54,Non-Auction Ads,Promote
20230807,1773557085415420 ,ID,ID,,1/1/00 0:00,13.9,21.7548,7/8/23 8:09,1.8,Auction Ads,auction_relation
20230807,1773556380381190 ,PL,,,1/1/00 0:00,1.9807,0.5958,7/8/23 8:04,0.54,Non-Auction Ads,Promote
20230807,1773557285345310 ,TW,TW,,1/1/00 0:00,,14.5081,7/8/23 8:07,0.95,Auction Ads,auction_relation
20230807,1773556801394730 ,VN,VN,,1/1/00 0:00,0.3527,2.9041,7/8/23 8:04,2.14,Auction Ads,auction_relation
20230807,1773556802256990 ,VN,VN,,1/1/00 0:00,0.4321,2.9041,7/8/23 8:04,2.14,Auction Ads,auction_relation
20230807,1773556926750760 ,BH,Other,,1/1/00 0:00,7.78,0.9695,7/8/23 8:04,1.62,RIE,Ad Group Recall (Merged)
20230807,1773556926750760 ,QA,Other,,1/1/00 0:00,7.78,0.9695,7/8/23 8:04,1.62,RIE,Ad Group Recall (Merged)
20230807,1773556926750760 ,KW,Other,,1/1/00 0:00,7.78,0.9695,7/8/23 8:04,1.62,RIE,Ad Group Recall (Merged)
20230807,1773556926750760 ,AE,MENA,,1/1/00 0:00,7.78,0.9695,7/8/23 8:04,1.67,RIE,Ad Group Recall (Merged)
20230807,1773556587889660 ,TH,,,1/1/00 0:00,4.685,2.8538,7/8/23 8:05,1.53,RIE,Promote Report Recall
20230807,1773556699648000 ,SA,,,1/1/00 0:00,27.4954,5.0125,7/8/23 8:05,0.54,Non-Auction Ads,Promote
20230807,1773571985333260 ,US,USCA,,1/1/00 0:00,,11.3182,7/8/23 8:07,1.78,Auction Ads,auction_relation
20230807,1773554370484220 ,ID,,,1/1/00 0:00,1.1955,1.1774,7/8/23 8:05,0.54,Non-Auction Ads,Promote
20230807,1773556793489420 ,IQ,Other,,1/1/00 0:00,0.3,1.3389,7/8/23 8:05,1.62,RIE,Ad Group Recall (Merged)
20230807,1773556904920110 ,ID,ID,,1/1/00 0:00,12.03,0,7/8/23 8:05,1.8,Auction Ads,auction_relation
20230807,1773556983250970 ,PK,PK,,1/1/00 0:00,4.14,1.9481,7/8/23 8:05,1.36,Auction Ads,auction_relation
20230807,1773572021430320 ,US,USCA,,1/1/00 0:00,,11.3182,7/8/23 8:08,1.78,Auction Ads,auction_relation
20230807,1773552906378240 ,TH,,,1/1/00 0:00,1.3558,0.5174,7/8/23 8:05,0.54,Non-Auction Ads,Promote
20230807,1773556882493440 ,VN,VN,,1/1/00 0:00,,0.522,7/8/23 8:05,2.14,Auction Ads,auction_relation
20230807,1773557113611260 ,US,USCA,,1/1/00 0:00,3.53,2.9802,7/8/23 8:06,1.78,Auction Ads,auction_relation
20230807,1773554010199040 ,MY,,,1/1/00 0:00,0.6913,0.2965,7/8/23 8:06,0.54,Non-Auction Ads,Promote
20230807,1773556992217130 ,ID,ID,,1/1/00 0:00,1.65,6.4937,7/8/23 8:07,1.8,Auction Ads,auction_relation
20230807,1773556871330840 ,IQ,Other,,1/1/00 0:00,0.15,1.3389,7/8/23 8:06,1.62,RIE,Ad Group Recall (Merged)
20230807,1773556728374270 ,IQ,Other,,1/1/00 0:00,0.09,1.3389,7/8/23 8:06,1.62,RIE,Ad Group Recall (Merged)
20230807,1773556923510880 ,TH,TH,,1/1/00 0:00,5.235,3.4926,7/8/23 8:07,1.64,Auction Ads,auction_relation
20230807,1773380423396350 ,SA,,,1/1/00 0:00,1.0768,0.9794,7/8/23 8:06,0.54,Non-Auction Ads,Promote
20230807,1773557663532080 ,MY,MY,,1/1/00 0:00,2.5031,7.7213,7/8/23 8:08,2.31,Auction Ads,auction_relation
20230807,1773557658907740 ,MY,MY,,1/1/00 0:00,2.2932,7.7213,7/8/23 8:08,2.31,Auction Ads,auction_relation
20230807,1773471056105470 ,SA,,,1/1/00 0:00,3.2839,1.7065,7/8/23 8:07,0.54,Non-Auction Ads,Promote
20230807,1773572112519180 ,US,USCA,,1/1/00 0:00,,11.3182,7/8/23 8:09,1.78,Auction Ads,auction_relation
20230807,1773556881975290 ,TH,,,1/1/00 0:00,0.6898,0.2196,7/8/23 8:07,1.53,RIE,Promote Report Recall
20230807,1773480253017080 ,VN,,,1/1/00 0:00,0.5045,0.5981,7/8/23 8:07,0.54,Non-Auction Ads,Promote
20230807,1773558971460600 ,BR,BR,,1/1/00 0:00,7.77,75.4432,7/8/23 8:18,1.7,RIE,Ad Group Recall (Merged)
20230807,1773557173637170 ,US,USCA,,1/1/00 0:00,,3.9594,7/8/23 8:08,1.78,Auction Ads,auction_relation
20230807,1773556967932940 ,ID,ID,,1/1/00 0:00,12.52,0,7/8/23 8:07,1.8,Auction Ads,auction_relation
20230807,1773554725933050 ,ID,,,1/1/00 0:00,0.658,0.659,7/8/23 8:08,0.54,Non-Auction Ads,Promote
20230807,1773481562752000 ,VN,,,1/1/00 0:00,1.1233,1.0919,7/8/23 8:08,0.54,Non-Auction Ads,Promote
20230807,1773558443842590 ,ID,ID,,1/1/00 0:00,0.0783,1.8537,7/8/23 8:08,1.8,Auction Ads,auction_relation
20230807,1773557345360890 ,PH,Other,,1/1/00 0:00,12.75,5.0403,7/8/23 8:09,1.62,RIE,Ad Group Recall (Merged)
20230807,1773557080905740 ,US,US&CA,,1/1/00 0:00,2.46,5.5372,7/8/23 8:09,1.81,RIE,Ad Group Recall (Merged)
20230807,1773557264083980 ,MA,MA,,1/1/00 0:00,,0,7/8/23 8:08,1.51,Auction Ads,auction_relation
20230807,1773553779802110 ,MY,,,1/1/00 0:00,1.3744,0.6918,7/8/23 8:08,0.54,Non-Auction Ads,Promote
20230807,1773553666690090 ,HU,Others,,1/1/00 0:00,22.479,7.1166,7/8/23 8:09,1.56,Auction Ads,auction_all
20230807,1773553666690090 ,HU,Others,,1/1/00 0:00,22.479,7.1166,7/8/23 8:09,1.56,Auction Ads,auction_all
20230807,1773555085806600 ,ID,,,1/1/00 0:00,0.4312,0.217,7/8/23 8:09,0.54,Non-Auction Ads,Promote
20230807,1773471176690680 ,SA,,,1/1/00 0:00,5.126,0.5467,7/8/23 8:09,0.54,Non-Auction Ads,Promote
20230807,1773549608649720 ,GB,GB,,1/1/00 0:00,21.32,5.9107,7/8/23 8:10,1.72,RIE,Ad Group Recall (Merged)
20230807,1773556200471550 ,DE,,,1/1/00 0:00,7.6815,0.6887,7/8/23 8:09,0.54,Non-Auction Ads,Promote
20230807,1773556935460860 ,TH,,,1/1/00 0:00,12.86,5.498,7/8/23 8:10,1.53,RIE,Promote Report Recall
20230807,1773553665470460 ,ES,ES,,1/1/00 0:00,196.8533,46.5677,7/8/23 8:15,1.79,RIE,Ad Group Recall (Merged)
20230807,1773557040405520 ,ID,ID,,1/1/00 0:00,8.53,0,7/8/23 8:09,1.8,Auction Ads,auction_relation
20230807,1773557070249980 ,PK,Other,,1/1/00 0:00,5.53,0.2344,7/8/23 8:09,1.62,RIE,Ad Group Recall (Merged)
20230807,1773556962181120 ,IL,,,1/1/00 0:00,28.4551,2.1501,7/8/23 8:09,0.54,Non-Auction Ads,Promote
20230807,1773556962181120 ,IL,,,1/1/00 0:00,28.4551,2.1501,7/8/23 8:09,0.54,Non-Auction Ads,Promote
20230807,1773553037726720 ,TH,,,1/1/00 0:00,0.3567,0.1454,7/8/23 8:09,0.54,Non-Auction Ads,Promote
20230807,1773557278877730 ,FR,FR,,1/1/00 0:00,,8.1367,7/8/23 8:10,1.97,Auction Ads,auction_relation
20230807,1773557278877730 ,FR,FR,,1/1/00 0:00,,8.1367,7/8/23 8:10,1.76,RIE,Ad Group Recall (Merged)
20230807,1773572189383730 ,DE,DE,,1/1/00 0:00,,0,7/8/23 8:09,1.01,Auction Ads,auction_relation
20230807,1773558293764130 ,TH,TH,,1/1/00 0:00,128.6949,4.1009,7/8/23 8:10,1.64,Auction Ads,auction_relation
20230807,1773557129369600 ,PH,PH,,1/1/00 0:00,0.5004,2.4102,7/8/23 8:10,2.46,Auction Ads,auction_relation
20230807,1773553099241470 ,TH,,,1/1/00 0:00,0.4715,2.009,7/8/23 8:10,0.54,Non-Auction Ads,Promote
20230807,1773557047121920 ,ES,,,1/1/00 0:00,17.3224,9.0657,7/8/23 8:11,0.54,Non-Auction Ads,Promote
20230807,1773554918477820 ,ID,,,1/1/00 0:00,1.18,0.8356,7/8/23 8:10,0.54,Non-Auction Ads,Promote
20230807,1773555015157760 ,ID,,,1/1/00 0:00,0.6629,0.2333,7/8/23 8:10,0.54,Non-Auction Ads,Promote
20230807,1773557443188730 ,VN,VN,,1/1/00 0:00,13.0135,16.5776,7/8/23 8:13,2.14,Auction Ads,auction_relation
20230807,1773557136155660 ,ID,ID,,1/1/00 0:00,13.88,0,7/8/23 8:10,1.8,Auction Ads,auction_relation
20230807,1773557323331630 ,SA,MENA,,1/1/00 0:00,10.2,0.4649,7/8/23 8:10,1.78,Auction Ads,auction_relation
20230807,1773557323331630 ,BH,Others,,1/1/00 0:00,10.2,0.4649,7/8/23 8:10,1.56,Auction Ads,auction_all
20230807,1773557323331630 ,QA,Others,,1/1/00 0:00,10.2,0.4649,7/8/23 8:10,1.56,Auction Ads,auction_all
20230807,1773557323331630 ,SA,MENA,,1/1/00 0:00,10.2,0.4649,7/8/23 8:10,1.78,Auction Ads,auction_relation
20230807,1773557109529610 ,ID,ID,,1/1/00 0:00,1.4851,1.9288,7/8/23 8:11,1.8,Auction Ads,auction_relation
20230807,1773470694402050 ,SA,,,1/1/00 0:00,6.3974,1.0626,7/8/23 8:11,0.54,Non-Auction Ads,Promote
20230807,1773557195687980 ,ID,ID,,1/1/00 0:00,18.14,0,7/8/23 8:11,1.8,Auction Ads,auction_relation
20230807,1773482349967360 ,VN,,,1/1/00 0:00,1.1599,0,7/8/23 8:11,0.54,Non-Auction Ads,Promote
20230807,1773557492174890 ,PK,PK,,1/1/00 0:00,0.68,4,7/8/23 8:12,1.36,Auction Ads,auction_relation
20230807,1773557088823300 ,US,,,1/1/00 0:00,6.35,3.3333,7/8/23 8:12,1.53,RIE,Promote Report Recall
20230807,1773572266717200 ,DE,DE,,1/1/00 0:00,1.3,0,7/8/23 8:11,1.01,Auction Ads,auction_relation
20230807,1773554136110080 ,MY,,,1/1/00 0:00,0.4964,0.257,7/8/23 8:11,0.54,Non-Auction Ads,Promote
20230807,1773557283592250 ,HU,Others,,1/1/00 0:00,6.24,5.0683,7/8/23 8:12,1.56,Auction Ads,auction_all
20230807,1773553189483520 ,TH,,,1/1/00 0:00,0.5032,0.3655,7/8/23 8:11,0.54,Non-Auction Ads,Promote
20230807,1773558812763150 ,TW,TW,,1/1/00 0:00,20.25,13.8307,7/8/23 8:13,0.95,Auction Ads,auction_relation
20230807,1773558812763150 ,PK,PK,,1/1/00 0:00,20.25,13.8307,7/8/23 8:13,1.36,Auction Ads,auction_relation
20230807,1773558812763150 ,BR,BR,,1/1/00 0:00,20.25,13.8307,7/8/23 8:13,1.99,Auction Ads,auction_all
20230807,1773558812763150 ,ZA,ZA,,1/1/00 0:00,20.25,13.8307,7/8/23 8:13,1.4,Auction Ads,auction_relation
20230807,1773558812763150 ,HU,Other,,1/1/00 0:00,20.25,13.8307,7/8/23 8:13,1.62,RIE,Ad Group Recall (Merged)
20230807,1773482333993980 ,VN,,,1/1/00 0:00,3.3983,1.9649,7/8/23 8:12,0.54,Non-Auction Ads,Promote
20230807,1773482147189760 ,VN,,,1/1/00 0:00,1.6304,0.169,7/8/23 8:11,0.54,Non-Auction Ads,Promote
20230807,1773557146750970 ,PH,,,1/1/00 0:00,18.8625,3.9512,7/8/23 8:12,0.54,Non-Auction Ads,Promote
20230807,1773380835708920 ,SA,,,1/1/00 0:00,4.0198,1.0081,7/8/23 8:12,0.54,Non-Auction Ads,Promote
20230807,1773482365390840 ,VN,,,1/1/00 0:00,2.1098,0.3961,7/8/23 8:12,0.54,Non-Auction Ads,Promote
20230807,1773555129492480 ,ID,,,1/1/00 0:00,0.8699,0,7/8/23 8:12,0.54,Non-Auction Ads,Promote
20230807,1773557583897610 ,MY,MY,,1/1/00 0:00,12.9706,2.3263,7/8/23 8:12,2.31,Auction Ads,auction_relation
20230807,1773471124942840 ,SA,,,1/1/00 0:00,3.7585,0.8521,7/8/23 8:12,0.54,Non-Auction Ads,Promote
20230807,1773557264093230 ,ID,ID,,1/1/00 0:00,13.95,0,7/8/23 8:12,1.8,Auction Ads,auction_relation
20230807,1773557300534270 ,ID,ID,,1/1/00 0:00,0.5041,8.9156,7/8/23 8:13,1.8,Auction Ads,auction_relation
20230807,1773557300534270 ,ID,ID,,1/1/00 0:00,0.5041,8.9156,7/8/23 8:13,1.8,Auction Ads,auction_relation
20230807,1773557300534270 ,ID,ID,,1/1/00 0:00,0.5041,8.9156,7/8/23 8:13,1.8,Auction Ads,auction_relation
20230807,1773380955837440 ,SA,,,1/1/00 0:00,1.2024,0.2685,7/8/23 8:12,0.54,Non-Auction Ads,Promote
20230807,1773557302437930 ,IQ,Other,,1/1/00 0:00,0.45,2.3034,7/8/23 8:13,1.62,RIE,Ad Group Recall (Merged)
20230807,1773554932736000 ,ID,,,1/1/00 0:00,0.7257,1.3914,7/8/23 8:13,0.54,Non-Auction Ads,Promote
20230807,1773553601525810 ,CA,USCA,,1/1/00 0:00,6.02,14.6915,7/8/23 8:14,1.78,Auction Ads,auction_relation
20230807,1773556677165060 ,DE,,,1/1/00 0:00,,7.4213,7/8/23 8:13,0.54,Non-Auction Ads,Promote
20230807,1773557298352140 ,ID,ID,,1/1/00 0:00,11.8,0,7/8/23 8:13,1.8,Auction Ads,auction_relation
20230807,1773553552184330 ,DE,DE,,1/1/00 0:00,4.014,2.0241,7/8/23 8:13,1.01,Auction Ads,auction_relation
20230807,1773553552184330 ,GB,GB,,1/1/00 0:00,4.014,2.0241,7/8/23 8:13,1.76,Auction Ads,auction_relation
20230807,1773553552184330 ,FR,FR,,1/1/00 0:00,4.014,2.0241,7/8/23 8:13,1.97,Auction Ads,auction_relation
20230807,1773557374092300 ,TH,TH,,1/1/00 0:00,15.808,12.4032,7/8/23 8:14,1.64,Auction Ads,auction_relation
20230807,1773482789204990 ,VN,,,1/1/00 0:00,0.5177,0.4863,7/8/23 8:13,0.54,Non-Auction Ads,Promote
20230807,1773554870340610 ,MY,,,1/1/00 0:00,0.6563,0.3317,7/8/23 8:13,0.54,Non-Auction Ads,Promote
20230807,1773555060417530 ,ID,,,1/1/00 0:00,0.5302,0.5748,7/8/23 8:13,0.54,Non-Auction Ads,Promote
20230807,1773557669133310 ,SA,MENA,,1/1/00 0:00,0.09,9.5947,7/8/23 8:14,1.78,Auction Ads,auction_relation
20230807,1773557669133310 ,SA,MENA,,1/1/00 0:00,0.09,9.5947,7/8/23 8:14,1.78,Auction Ads,auction_relation
20230807,1773557461207070 ,PH,PH,,1/1/00 0:00,12.97,6.2313,7/8/23 8:14,2.46,Auction Ads,auction_relation
20230807,1773557288606770 ,ES,,,1/1/00 0:00,75.774,4.6611,7/8/23 8:14,0.54,Non-Auction Ads,Promote
20230807,1773554895153150 ,MY,,,1/1/00 0:00,0.5863,0.308,7/8/23 8:13,0.54,Non-Auction Ads,Promote
20230807,1773555183545340 ,ID,,,1/1/00 0:00,1.2938,0.321,7/8/23 8:13,0.54,Non-Auction Ads,Promote
20230807,1773554915295230 ,ID,,,1/1/00 0:00,0.6633,0.3581,7/8/23 8:13,0.54,Non-Auction Ads,Promote
20230807,1773483153811450 ,VN,,,1/1/00 0:00,0.9625,0.3168,7/8/23 8:13,0.54,Non-Auction Ads,Promote
20230807,1773557281719290 ,HU,Other,,1/1/00 0:00,1.2,1.6211,7/8/23 8:13,1.62,RIE,Ad Group Recall (Merged)
20230807,1773557278480400 ,HU,Other,,1/1/00 0:00,7.81,1.6211,7/8/23 8:13,1.62,RIE,Ad Group Recall (Merged)
20230807,1773557275438080 ,HU,Other,,1/1/00 0:00,5.48,1.6211,7/8/23 8:13,1.62,RIE,Ad Group Recall (Merged)
20230807,1773557276668970 ,HU,Other,,1/1/00 0:00,5.75,1.6211,7/8/23 8:13,1.62,RIE,Ad Group Recall (Merged)
20230807,1773557301141550 ,VN,VN,,1/1/00 0:00,,0.667,7/8/23 8:14,2.14,Auction Ads,auction_relation
20230807,1773557391870000 ,BR,BR,,1/1/00 0:00,,2.6358,7/8/23 8:14,1.99,Auction Ads,auction_all
20230807,1773557681272910 ,BR,BR,,1/1/00 0:00,38.2,26.196,7/8/23 8:17,1.99,Auction Ads,auction_all
20230807,1773557348774910 ,SA,MENA,,1/1/00 0:00,,3.3124,7/8/23 8:14,1.78,Auction Ads,auction_relation
20230807,1773557391934480 ,BR,BR,,1/1/00 0:00,,2.6358,7/8/23 8:14,1.99,Auction Ads,auction_all
20230807,1773557204258880 ,TH,,,1/1/00 0:00,6.74,1.906,7/8/23 8:14,1.53,RIE,Promote Report Recall
20230807,1773555271257150 ,ID,,,1/1/00 0:00,2.3331,0.4198,7/8/23 8:14,0.54,Non-Auction Ads,Promote
20230807,1773557398120460 ,BR,BR,,1/1/00 0:00,,2.6358,7/8/23 8:14,1.99,Auction Ads,auction_all
20230807,1773557533955120 ,TH,TH,,1/1/00 0:00,17.226,12.4032,7/8/23 8:15,1.64,Auction Ads,auction_relation
20230807,1773557396404270 ,IQ,Other,,1/1/00 0:00,0.44,2.3034,7/8/23 8:14,1.62,RIE,Ad Group Recall (Merged)
20230807,1773557377594380 ,IQ,Other,,1/1/00 0:00,0.56,2.3034,7/8/23 8:14,1.62,RIE,Ad Group Recall (Merged)
20230807,1773557334991870 ,AE,MENA,,1/1/00 0:00,7,0.4649,7/8/23 8:14,1.78,Auction Ads,auction_relation
20230807,1773557334991870 ,BH,Others,,1/1/00 0:00,7,0.4649,7/8/23 8:14,1.56,Auction Ads,auction_all
20230807,1773557334991870 ,SA,MENA,,1/1/00 0:00,7,0.4649,7/8/23 8:14,1.78,Auction Ads,auction_relation
20230807,1773557334991870 ,SA,MENA,,1/1/00 0:00,7,0.4649,7/8/23 8:14,1.78,Auction Ads,auction_relation
20230807,1773555551271930 ,ID,,,1/1/00 0:00,0.5626,0,7/8/23 8:14,0.54,Non-Auction Ads,Promote
20230807,1773555136501760 ,MY,,,1/1/00 0:00,0.7376,3.3391,7/8/23 8:15,0.54,Non-Auction Ads,Promote
20230807,1773556577575950 ,CA,,,1/1/00 0:00,,1.5088,7/8/23 8:15,0.54,Non-Auction Ads,Promote
20230807,1773557365683200 ,RO,RO,,1/1/00 0:00,3.78,1.9498,7/8/23 8:15,1.94,Auction Ads,auction_relation
20230807,1773557359653930 ,RO,RO,,1/1/00 0:00,5.36,1.9498,7/8/23 8:15,1.94,Auction Ads,auction_relation
20230807,1773555413856250 ,ID,,,1/1/00 0:00,0.524,0.1665,7/8/23 8:14,0.54,Non-Auction Ads,Promote
20230807,1773482348800000 ,VN,,,1/1/00 0:00,0.8571,0,7/8/23 8:14,0.54,Non-Auction Ads,Promote
20230807,1773557497273370 ,TH,TH,,1/1/00 0:00,30.74,14.3028,7/8/23 8:16,1.87,RIE,Ad Group Recall (Merged)
20230807,1773557397706800 ,VN,VN,,1/1/00 0:00,,0.9397,7/8/23 8:15,2.14,Auction Ads,auction_relation
20230807,1773557548951580 ,ID,ID,,1/1/00 0:00,8.54,1.7538,7/8/23 8:15,1.8,Auction Ads,auction_relation
20230807,1773557544735760 ,ID,ID,,1/1/00 0:00,7.72,1.7538,7/8/23 8:15,1.8,Auction Ads,auction_relation
20230807,1773557421684780 ,VN,VN,,1/1/00 0:00,0.272,0,7/8/23 8:15,2.14,Auction Ads,auction_relation
20230807,1773553769730080 ,NO,Others,,1/1/00 0:00,44.6395,2.3238,7/8/23 8:15,1.56,Auction Ads,auction_all
20230807,1773556727511040 ,JP,,,1/1/00 0:00,2.6365,1.517,7/8/23 8:15,0.54,Non-Auction Ads,Promote
20230807,1773555239175170 ,ID,,,1/1/00 0:00,0.6502,0.2678,7/8/23 8:15,0.54,Non-Auction Ads,Promote
20230807,1773557686145050 ,PK,PK,,1/1/00 0:00,2.78,0.4835,7/8/23 8:15,1.36,Auction Ads,auction_relation
20230807,1773556684974080 ,JP,,,1/1/00 0:00,3.8912,1.4802,7/8/23 8:16,0.54,Non-Auction Ads,Promote
20230807,1773557831168010 ,MY,MY,,1/1/00 0:00,7.4813,0,7/8/23 8:15,2.31,Auction Ads,auction_relation
20230807,1773557766474750 ,VN,VN,,1/1/00 0:00,0.2147,2.6295,7/8/23 8:16,2.14,Auction Ads,auction_relation
20230807,1773557595051040 ,PH,PH,,1/1/00 0:00,,0,7/8/23 8:15,2.46,Auction Ads,auction_relation
20230807,1773565173959680 ,UY,Others,,1/1/00 0:00,4.35,1.5935,7/8/23 8:16,1.56,Auction Ads,auction_all
20230807,1773565173959680 ,UY,Others,,1/1/00 0:00,4.35,1.5935,7/8/23 8:16,1.56,Auction Ads,auction_all
20230807,1773553799896090 ,US,USCA,,1/1/00 0:00,,4.889,7/8/23 8:16,1.78,Auction Ads,auction_relation
20230807,1773552411235320 ,TH,,,1/1/00 0:00,3.0991,2.0602,7/8/23 8:16,0.54,Non-Auction Ads,Promote
20230807,1773557438616570 ,VN,VN,,1/1/00 0:00,,0.667,7/8/23 8:16,2.14,Auction Ads,auction_relation
20230807,1773555366427650 ,MY,,,1/1/00 0:00,0.5777,0.2486,7/8/23 8:16,0.54,Non-Auction Ads,Promote
20230807,1773558290807840 ,BR,BR,,1/1/00 0:00,,83.8861,7/8/23 8:28,1.99,Auction Ads,auction_all
20230807,1773557335494660 ,RO,,,1/1/00 0:00,3.6386,1.2615,7/8/23 8:16,1.53,RIE,Promote Report Recall
20230807,1773553152640000 ,TH,,,1/1/00 0:00,3.1375,1.5743,7/8/23 8:16,0.54,Non-Auction Ads,Promote
20230807,1773556090906620 ,ID,,,1/1/00 0:00,1.3283,0.3067,7/8/23 8:16,0.54,Non-Auction Ads,Promote
20230807,1773557465751600 ,ID,ID,,1/1/00 0:00,,0.466,7/8/23 8:16,1.8,Auction Ads,auction_relation
20230807,1773557619219480 ,GB,GB,,1/1/00 0:00,7.51,2.4221,7/8/23 8:16,1.76,Auction Ads,auction_relation
20230807,1773557619219480 ,GB,GB,,1/1/00 0:00,7.51,2.4221,7/8/23 8:16,1.76,Auction Ads,auction_relation
20230807,1773557537695740 ,GB,GB,,1/1/00 0:00,2.67,4.0279,7/8/23 8:16,1.72,RIE,Ad Group Recall (Merged)
20230807,1773557385291770 ,TR,,,1/1/00 0:00,0.6001,0.4559,7/8/23 8:16,1.53,RIE,Promote Report Recall
20230807,1773556115276860 ,ID,,,1/1/00 0:00,2.5893,1.4979,7/8/23 8:16,0.54,Non-Auction Ads,Promote
20230807,1773557617151010 ,TH,TH,,1/1/00 0:00,,1.3048,7/8/23 8:16,1.64,Auction Ads,auction_relation
20230807,1773557703763960 ,TH,TH,,1/1/00 0:00,9.8272,12.4032,7/8/23 8:18,1.64,Auction Ads,auction_relation
20230807,1773555365729280 ,ID,,,1/1/00 0:00,1.1237,0.4464,7/8/23 8:16,0.54,Non-Auction Ads,Promote
20230807,1773557425386540 ,CA,USCA,,1/1/00 0:00,0.18,1.4092,7/8/23 8:17,1.78,Auction Ads,auction_relation
20230807,1773556937624580 ,TH,,,1/1/00 0:00,9.3,1.2152,7/8/23 8:17,1.53,RIE,Promote Report Recall
20230807,1773557613093880 ,ID,ID,,1/1/00 0:00,8.3007,1.1163,7/8/23 8:17,1.8,Auction Ads,auction_relation
20230807,1773557448254460 ,KH,,,1/1/00 0:00,14.7225,1.8403,7/8/23 8:17,0.54,Non-Auction Ads,Promote
20230807,1773557441115150 ,TW,TW,,1/1/00 0:00,1.57,1.4092,7/8/23 8:17,0.95,Auction Ads,auction_relation
20230807,1773558131659770 ,HU,Other,,1/1/00 0:00,5.14,3.316,7/8/23 8:17,1.62,RIE,Ad Group Recall (Merged)
20230807,1773555135806460 ,ID,,,1/1/00 0:00,3.4988,0.3486,7/8/23 8:17,0.54,Non-Auction Ads,Promote
20230807,1773558032107560 ,TW,TW,,1/1/00 0:00,13.76,4.3957,7/8/23 8:18,0.95,Auction Ads,auction_relation
20230807,1773555784577020 ,ID,,,1/1/00 0:00,0.5255,0.2501,7/8/23 8:17,0.54,Non-Auction Ads,Promote
20230807,1773380822200320 ,SA,,,1/1/00 0:00,1.1782,0.4069,7/8/23 8:17,0.54,Non-Auction Ads,Promote
20230807,1773557676537870 ,PH,PH,,1/1/00 0:00,11.23,6.2313,7/8/23 8:18,2.46,Auction Ads,auction_relation
20230807,1773557491558400 ,SA,,,1/1/00 0:00,23.8888,6.152,7/8/23 8:18,0.54,Non-Auction Ads,Promote
20230807,1773557478970370 ,TR,,,1/1/00 0:00,13.3563,1.1244,7/8/23 8:18,0.54,Non-Auction Ads,Promote
20230807,1773557557290010 ,VN,VN,,1/1/00 0:00,,0.667,7/8/23 8:18,2.14,Auction Ads,auction_relation
20230807,1773557716533290 ,VN,VN,,1/1/00 0:00,,0.9067,7/8/23 8:18,2.14,Auction Ads,auction_relation
20230807,1773556226746370 ,ID,,,1/1/00 0:00,0.435,0.3794,7/8/23 8:18,0.54,Non-Auction Ads,Promote
20230807,1773557717901340 ,MX,MX,,1/1/00 0:00,,10.7178,7/8/23 8:19,1.99,Auction Ads,auction_all
20230807,1773556562610170 ,ID,,,1/1/00 0:00,0.5298,0.3,7/8/23 8:18,0.54,Non-Auction Ads,Promote
20230807,1773557631775790 ,ID,ID,,1/1/00 0:00,12.09,0,7/8/23 8:18,1.8,Auction Ads,auction_relation
20230807,1773558440832000 ,BR,BR,,1/1/00 0:00,,83.8861,7/8/23 8:31,1.99,Auction Ads,auction_all
20230807,1773553335173120 ,TH,,,1/1/00 0:00,0.8212,0.5535,7/8/23 8:18,0.54,Non-Auction Ads,Promote
20230807,1773557705418750 ,AE,MENA,,1/1/00 0:00,7.31,3.125,7/8/23 8:18,1.78,Auction Ads,auction_relation
20230807,1773557705418750 ,AE,MENA,,1/1/00 0:00,7.31,3.125,7/8/23 8:18,1.78,Auction Ads,auction_relation
20230807,1773483133968380 ,VN,,,1/1/00 0:00,4.2501,0.3418,7/8/23 8:18,0.54,Non-Auction Ads,Promote
20230807,1773553400603640 ,TH,,,1/1/00 0:00,3.0813,1.4122,7/8/23 8:18,0.54,Non-Auction Ads,Promote
20230807,1773483546454010 ,VN,,,1/1/00 0:00,2.0423,0.7169,7/8/23 8:18,0.54,Non-Auction Ads,Promote
20230807,1773565251208190 ,GB,GB,,1/1/00 0:00,13.37,10.2947,7/8/23 8:20,1.76,Auction Ads,auction_relation
20230807,1773557589669890 ,PL,PL,,1/1/00 0:00,,1.9927,7/8/23 8:18,1.64,Auction Ads,auction_relation
20230807,1773557589669900 ,PL,PL,,1/1/00 0:00,1.29,1.9927,7/8/23 8:18,1.64,Auction Ads,auction_relation
20230807,1773557483046940 ,PL,PL,,1/1/00 0:00,,1.9927,7/8/23 8:18,1.64,Auction Ads,auction_relation
20230807,1773557597133850 ,PL,PL,,1/1/00 0:00,0.43,1.9927,7/8/23 8:18,1.64,Auction Ads,auction_relation
20230807,1773557654917120 ,KW,,,1/1/00 0:00,25.2751,5.7764,7/8/23 8:19,0.54,Non-Auction Ads,Promote
20230807,1773558104846330 ,BR,BR,,1/1/00 0:00,36.7,26.196,7/8/23 8:22,1.99,Auction Ads,auction_all
20230807,1773555795751930 ,ID,,,1/1/00 0:00,1.1554,0.319,7/8/23 8:18,0.54,Non-Auction Ads,Promote
20230807,1773553401384960 ,TH,,,1/1/00 0:00,1.3027,0.2855,7/8/23 8:19,0.54,Non-Auction Ads,Promote
20230807,1773557436105730 ,ID,,,1/1/00 0:00,0.4446,0.4219,7/8/23 8:19,1.53,RIE,Promote Report Recall
20230807,1773557269035000 ,KH,,,1/1/00 0:00,0.2201,0.2341,7/8/23 8:19,0.54,Non-Auction Ads,Promote
20230807,1773556207158270 ,MY,,,1/1/00 0:00,3.1968,0.6972,7/8/23 8:19,0.54,Non-Auction Ads,Promote
20230807,1773557655876640 ,HU,Other,,1/1/00 0:00,10.33,2.6693,7/8/23 8:19,1.62,RIE,Ad Group Recall (Merged)
20230807,1773557655876640 ,HU,Others,,1/1/00 0:00,10.33,2.6693,7/8/23 8:19,1.56,Auction Ads,auction_all
20230807,1773557726120960 ,ID,ID,,1/1/00 0:00,25.92,3.0037,7/8/23 8:20,1.8,Auction Ads,auction_relation
20230807,1773558248349730 ,BR,BR,,1/1/00 0:00,,5.9945,7/8/23 8:20,1.99,Auction Ads,auction_all
20230807,1773557729166350 ,MY,MY,,1/1/00 0:00,0.26,0.3896,7/8/23 8:19,2.31,Auction Ads,auction_relation
20230807,1773557728535600 ,MY,MY,,1/1/00 0:00,0.37,0.3896,7/8/23 8:19,2.31,Auction Ads,auction_relation
20230807,1773556463849530 ,MY,,,1/1/00 0:00,9.4597,1.4624,7/8/23 8:19,0.54,Non-Auction Ads,Promote
20230807,1773554264736780 ,US,USCA,,1/1/00 0:00,,31.1273,7/8/23 8:24,1.78,Auction Ads,auction_relation
20230807,1773540910384130 ,ID,ID,,1/1/00 0:00,10.6625,3.7859,7/8/23 8:20,1.8,Auction Ads,auction_relation
20230807,1773553944905770 ,US,USCA,,1/1/00 0:00,1.97,1.5705,7/8/23 8:20,1.78,Auction Ads,auction_relation
20230807,1773483692640250 ,VN,,,1/1/00 0:00,0.8643,0.3178,7/8/23 8:20,0.54,Non-Auction Ads,Promote
20230807,1773556227838970 ,ID,,,1/1/00 0:00,0.4347,0.3737,7/8/23 8:20,0.54,Non-Auction Ads,Promote
20230807,1773560885205010 ,BY,BY,,1/1/00 0:00,,28.4116,7/8/23 8:24,2.14,Auction Ads,auction_relation
20230807,1773557854924850 ,BR,BR,,1/1/00 0:00,37.96,17.7656,7/8/23 8:22,1.99,Auction Ads,auction_all
20230807,1773557561928700 ,TH,,,1/1/00 0:00,0.571,0.2313,7/8/23 8:20,1.53,RIE,Promote Report Recall
20230807,1773558090927130 ,GB,GB,,1/1/00 0:00,10.14,3.9561,7/8/23 8:20,1.76,Auction Ads,auction_relation
20230807,1773556214912000 ,ID,,,1/1/00 0:00,0.4561,0.3215,7/8/23 8:20,0.54,Non-Auction Ads,Promote
20230807,1773557707365380 ,KW,,,1/1/00 0:00,23.9765,5.7764,7/8/23 8:20,0.54,Non-Auction Ads,Promote
20230807,1773557694369800 ,PL,PL,,1/1/00 0:00,4.37,1.9927,7/8/23 8:20,1.64,Auction Ads,auction_relation
20230807,1773557689291800 ,PL,PL,,1/1/00 0:00,,1.9927,7/8/23 8:20,1.64,Auction Ads,auction_relation
20230807,1773557694370840 ,PL,PL,,1/1/00 0:00,,1.9927,7/8/23 8:20,1.64,Auction Ads,auction_relation
20230807,1773557694369800 ,PL,PL,,1/1/00 0:00,4.37,1.9927,7/8/23 8:20,1.64,Auction Ads,auction_relation
20230807,1773557689763870 ,PL,PL,,1/1/00 0:00,,1.9927,7/8/23 8:20,1.64,Auction Ads,auction_relation
20230807,1773569095457810 ,DE,DE,,1/1/00 0:00,17.53,5.7286,7/8/23 8:20,1.01,Auction Ads,auction_relation
20230807,1773560003145760 ,TW,TW,,1/1/00 0:00,526.93,166.7808,7/8/23 8:44,0.95,Auction Ads,auction_relation
20230807,1773554260723740 ,FR,FR,,1/1/00 0:00,8.1555,5.9674,7/8/23 8:21,1.97,Auction Ads,auction_relation
20230807,1773557674892290 ,TH,,,1/1/00 0:00,16.71,2.0525,7/8/23 8:20,1.53,RIE,Promote Report Recall
20230807,1773557866725390 ,SA,MENA,,1/1/00 0:00,9.17,0.5093,7/8/23 8:20,1.78,Auction Ads,auction_relation
20230807,1773557866725390 ,BH,Others,,1/1/00 0:00,9.17,0.5093,7/8/23 8:20,1.56,Auction Ads,auction_all
20230807,1773557866725390 ,SA,MENA,,1/1/00 0:00,9.17,0.5093,7/8/23 8:20,1.78,Auction Ads,auction_relation
20230807,1773557866725390 ,AE,MENA,,1/1/00 0:00,9.17,0.5093,7/8/23 8:20,1.78,Auction Ads,auction_relation
20230807,1773557947478060 ,PH,PH,,1/1/00 0:00,11.06,6.2313,7/8/23 8:21,2.46,Auction Ads,auction_relation
20230807,1773557947485200 ,PH,PH,,1/1/00 0:00,10.9,6.2313,7/8/23 8:21,2.46,Auction Ads,auction_relation
20230807,1773557726099480 ,HU,Other,,1/1/00 0:00,9.64,2.6693,7/8/23 8:21,1.62,RIE,Ad Group Recall (Merged)
20230807,1773557043319800 ,ID,,,1/1/00 0:00,0.5462,0.0948,7/8/23 8:20,0.54,Non-Auction Ads,Promote
20230807,1773556785523710 ,ID,,,1/1/00 0:00,0.8021,0.0165,7/8/23 8:20,0.54,Non-Auction Ads,Promote
20230807,1773557590403070 ,ID,,,1/1/00 0:00,0.484,0.2357,7/8/23 8:20,1.53,RIE,Promote Report Recall
20230807,1773563368939530 ,GB,GB,,1/1/00 0:00,0.1529,0.8393,7/8/23 8:20,1.76,Auction Ads,auction_relation
20230807,1773557711715330 ,VN,VN,,1/1/00 0:00,,0.667,7/8/23 8:20,2.14,Auction Ads,auction_relation
20230807,1773576723758080 ,ES,ES,,1/1/00 0:00,,9.7843,7/8/23 8:22,1.37,Auction Ads,auction_relation
20230807,1773576723758080 ,ES,ES,,1/1/00 0:00,,9.7843,7/8/23 8:22,1.37,Auction Ads,auction_relation
20230807,1773580492301360 ,DE,DE,,1/1/00 0:00,5.04,11.5898,7/8/23 8:22,1.01,Auction Ads,auction_relation
20230807,1773557782520880 ,VN,VN,,1/1/00 0:00,,0.9067,7/8/23 8:21,2.14,Auction Ads,auction_relation
20230807,1773554388365310 ,ID,,,1/1/00 0:00,,0.4448,7/8/23 8:21,0.54,Non-Auction Ads,Promote
20230807,1773556602180600 ,ID,,,1/1/00 0:00,2.7615,0.5342,7/8/23 8:21,0.54,Non-Auction Ads,Promote
20230807,1773556697527290 ,ID,,,1/1/00 0:00,2.1159,0.562,7/8/23 8:21,0.54,Non-Auction Ads,Promote
20230807,1773556675191810 ,ID,,,1/1/00 0:00,0.5732,0,7/8/23 8:21,0.54,Non-Auction Ads,Promote
20230807,1773556766518270 ,ID,,,1/1/00 0:00,1.067,0.4155,7/8/23 8:21,0.54,Non-Auction Ads,Promote
20230807,1773580603981820 ,DE,DE,,1/1/00 0:00,7.59,11.5898,7/8/23 8:23,1.01,Auction Ads,auction_relation
20230807,1773557863496880 ,MY,MY,,1/1/00 0:00,0.35,0.3896,7/8/23 8:22,2.31,Auction Ads,auction_relation
20230807,1773557866019870 ,MY,MY,,1/1/00 0:00,0.33,0.3896,7/8/23 8:22,2.31,Auction Ads,auction_relation
20230807,1773557694747650 ,ID,,,1/1/00 0:00,1.2117,0.6661,7/8/23 8:22,1.53,RIE,Promote Report Recall
20230807,1773557525602300 ,IL,,,1/1/00 0:00,2.6463,0.3444,7/8/23 8:22,0.54,Non-Auction Ads,Promote
20230807,1773556848209980 ,ID,,,1/1/00 0:00,0.9073,0.5663,7/8/23 8:22,0.54,Non-Auction Ads,Promote
20230807,1773553615378430 ,TH,,,1/1/00 0:00,2.2529,0.6254,7/8/23 8:22,0.54,Non-Auction Ads,Promote
20230807,1773558251958320 ,SA,MENA,,1/1/00 0:00,11.7232,7.2653,7/8/23 8:23,1.78,Auction Ads,auction_relation
20230807,1773557349807100 ,ID,,,1/1/00 0:00,1.1769,0.175,7/8/23 8:22,0.54,Non-Auction Ads,Promote
20230807,1773557822458880 ,ID,,,1/1/00 0:00,131.7802,2.5626,7/8/23 8:22,0.54,Non-Auction Ads,Promote
20230807,1773484293261310 ,VN,,,1/1/00 0:00,0.454,0.6943,7/8/23 8:22,0.54,Non-Auction Ads,Promote
20230807,1773554251781120 ,CO,CO,,1/1/00 0:00,31.4,9.0896,7/8/23 8:24,1.93,Auction Ads,auction_all
20230807,1773556261295100 ,ID,,,1/1/00 0:00,1.9899,1.1915,7/8/23 8:22,0.54,Non-Auction Ads,Promote
20230807,1773554394530810 ,HU,Other,,1/1/00 0:00,26.5311,3.8341,7/8/23 8:23,1.62,RIE,Ad Group Recall (Merged)
20230807,1773557615032320 ,BR,,,1/1/00 0:00,4.5655,1.2326,7/8/23 8:22,0.54,Non-Auction Ads,Promote
20230807,1773557532336120 ,IL,,,1/1/00 0:00,0.5883,0.1472,7/8/23 8:22,0.54,Non-Auction Ads,Promote
20230807,1773558007340030 ,ID,ID,,1/1/00 0:00,1.18,1.8098,7/8/23 8:23,1.8,Auction Ads,auction_relation
20230807,1773557103933440 ,ID,,,1/1/00 0:00,1.7782,0.2826,7/8/23 8:22,0.54,Non-Auction Ads,Promote
20230807,1773483950100480 ,VN,,,1/1/00 0:00,1.0618,0.283,7/8/23 8:23,0.54,Non-Auction Ads,Promote
20230807,1773555005370370 ,DK,,,1/1/00 0:00,6.783,2.7618,7/8/23 8:23,0.54,Non-Auction Ads,Promote
20230807,1773484596003840 ,VN,,,1/1/00 0:00,0.5148,0.2638,7/8/23 8:23,0.54,Non-Auction Ads,Promote
20230807,1773558184384530 ,MY,MY,,1/1/00 0:00,0.6653,1.9486,7/8/23 8:23,2.31,Auction Ads,auction_relation
20230807,1773484448192510 ,VN,,,1/1/00 0:00,0.9733,0.2238,7/8/23 8:23,0.54,Non-Auction Ads,Promote
20230807,1773554546734130 ,BE,Other,,1/1/00 0:00,9.7,7.2906,7/8/23 8:24,1.62,RIE,Ad Group Recall (Merged)
20230807,1773554546734130 ,BE,BE,,1/1/00 0:00,9.7,7.2906,7/8/23 8:24,1.15,Auction Ads,auction_relation
20230807,1773557825808380 ,IL,,,1/1/00 0:00,4.718,1.2299,7/8/23 8:23,0.54,Non-Auction Ads,Promote
20230807,1773557322285050 ,ID,,,1/1/00 0:00,0.4995,0.4887,7/8/23 8:23,0.54,Non-Auction Ads,Promote
20230807,1773557956970500 ,GR,,,1/1/00 0:00,7.156,3.8975,7/8/23 8:24,1.53,RIE,Promote Report Recall
20230807,1773555661665280 ,US,US&CA,,1/1/00 0:00,2.9,3.0324,7/8/23 8:24,1.81,RIE,Ad Group Recall (Merged)
20230807,1773555661665280 ,CA,US&CA,,1/1/00 0:00,2.9,3.0324,7/8/23 8:24,1.81,RIE,Ad Group Recall (Merged)
20230807,1773557970233340 ,SA,,,1/1/00 0:00,84.9144,12.0618,7/8/23 8:25,0.54,Non-Auction Ads,Promote
20230807,1773557604455420 ,TH,,,1/1/00 0:00,10.25,1.3224,7/8/23 8:24,1.53,RIE,Promote Report Recall
20230807,1773557992809470 ,VN,,,1/1/00 0:00,0.2087,6.08,7/8/23 8:25,1.53,RIE,Promote Report Recall
20230807,1773558063831050 ,PK,PK,,1/1/00 0:00,0.82,0.2786,7/8/23 8:24,1.36,Auction Ads,auction_relation
20230807,1773556562519040 ,GB,,,1/1/00 0:00,6.349,3.1902,7/8/23 8:24,0.54,Non-Auction Ads,Promote
20230807,1773557659892740 ,GB,,,1/1/00 0:00,4.0924,4.8009,7/8/23 8:25,0.54,Non-Auction Ads,Promote
20230807,1773557957322840 ,AE,MENA,,1/1/00 0:00,6.72,0.5093,7/8/23 8:24,1.78,Auction Ads,auction_relation
20230807,1773557957322840 ,SA,MENA,,1/1/00 0:00,6.72,0.5093,7/8/23 8:24,1.78,Auction Ads,auction_relation
20230807,1773557957322840 ,BH,Others,,1/1/00 0:00,6.72,0.5093,7/8/23 8:24,1.56,Auction Ads,auction_all
20230807,1773557957322840 ,SA,MENA,,1/1/00 0:00,6.72,0.5093,7/8/23 8:24,1.78,Auction Ads,auction_relation
20230807,1773558051013680 ,MY,MY,,1/1/00 0:00,0.33,0.3896,7/8/23 8:24,2.31,Auction Ads,auction_relation
20230807,1773557287867390 ,ID,,,1/1/00 0:00,1.9218,0.5422,7/8/23 8:25,0.54,Non-Auction Ads,Promote
20230807,1773559299770400 ,SG,SG,,1/1/00 0:00,12.5124,71.1186,7/8/23 8:34,1.94,Auction Ads,auction_relation
20230807,1773472282385400 ,SA,,,1/1/00 0:00,1.0929,0.2779,7/8/23 8:25,0.54,Non-Auction Ads,Promote
20230807,1773554565658640 ,HU,Other,,1/1/00 0:00,20.26,2.785,7/8/23 8:25,1.62,RIE,Ad Group Recall (Merged)
20230807,1773558449926170 ,RO,RO,,1/1/00 0:00,21.68,30.97,7/8/23 8:30,1.94,Auction Ads,auction_relation
20230807,1773558449926170 ,NL,NL,,1/1/00 0:00,21.68,30.97,7/8/23 8:30,1.19,Auction Ads,auction_relation
20230807,1773569496730650 ,NO,Others,,1/1/00 0:00,14.34,5.6708,7/8/23 8:26,1.56,Auction Ads,auction_all
20230807,1773557686041650 ,TH,,,1/1/00 0:00,2.52,2.156,7/8/23 8:25,1.53,RIE,Promote Report Recall
20230807,1773553514564600 ,TH,,,1/1/00 0:00,1.0611,0.3218,7/8/23 8:25,0.54,Non-Auction Ads,Promote
20230807,1773553840629760 ,TH,,,1/1/00 0:00,14.466,8.6844,7/8/23 8:26,1.53,RIE,Promote Report Recall
20230807,1773553840629760 ,TH,,,1/1/00 0:00,14.466,8.6844,7/8/23 8:26,0.54,Non-Auction Ads,Promote
20230807,1773556958158840 ,ID,,,1/1/00 0:00,0.5152,0.213,7/8/23 8:25,0.54,Non-Auction Ads,Promote
20230807,1773557918330880 ,KR,,,1/1/00 0:00,2.1699,2.4247,7/8/23 8:25,1.53,RIE,Promote Report Recall
20230807,1773557714080770 ,ID,,,1/1/00 0:00,0.4467,0.1909,7/8/23 8:25,0.54,Non-Auction Ads,Promote
20230807,1773555897033730 ,ID,,,1/1/00 0:00,0.4751,0.442,7/8/23 8:25,0.54,Non-Auction Ads,Promote
20230807,1773556995134460 ,MY,,,1/1/00 0:00,1.3042,0.7205,7/8/23 8:25,0.54,Non-Auction Ads,Promote
20230807,1773558039902200 ,TR,,,1/1/00 0:00,8.4134,1.8784,7/8/23 8:25,0.54,Non-Auction Ads,Promote
20230807,1773558153251840 ,SA,MENA,,1/1/00 0:00,23.1164,4.0805,7/8/23 8:26,1.67,RIE,Ad Group Recall (Merged)
20230807,1773557740603390 ,ID,,,1/1/00 0:00,0.3344,0.2551,7/8/23 8:25,0.54,Non-Auction Ads,Promote
20230807,1773484692886520 ,VN,,,1/1/00 0:00,0.7294,0.9286,7/8/23 8:26,0.54,Non-Auction Ads,Promote
20230807,1773558265478140 ,US,USCA,,1/1/00 0:00,2.41,1.3229,7/8/23 8:26,1.78,Auction Ads,auction_relation
20230807,1773554365582350 ,FR,FR,,1/1/00 0:00,7.2638,5.9674,7/8/23 8:26,1.97,Auction Ads,auction_relation
20230807,1773558186434570 ,ID,ID,,1/1/00 0:00,,3.7448,7/8/23 8:26,1.8,Auction Ads,auction_relation
20230807,1773558329629740 ,US,USCA,,1/1/00 0:00,4.64,21.0306,7/8/23 8:29,1.78,Auction Ads,auction_relation
20230807,1773558436147210 ,TH,TH,,1/1/00 0:00,30.1997,17.0608,7/8/23 8:29,1.64,Auction Ads,auction_relation
20230807,1773557203186680 ,ID,,,1/1/00 0:00,0.6099,0.3981,7/8/23 8:26,0.54,Non-Auction Ads,Promote
20230807,1773484911617020 ,VN,,,1/1/00 0:00,6.6772,0.7297,7/8/23 8:26,0.54,Non-Auction Ads,Promote
20230807,1773556225563650 ,ID,,,1/1/00 0:00,0.7601,0.6389,7/8/23 8:26,0.54,Non-Auction Ads,Promote
20230807,1773558025827330 ,IT,,,1/1/00 0:00,26.2891,4.8034,7/8/23 8:26,0.54,Non-Auction Ads,Promote
20230807,1773558024677370 ,KH,,,1/1/00 0:00,4.0639,3.8053,7/8/23 8:26,0.54,Non-Auction Ads,Promote
20230807,1773558454367230 ,BR,BR,,1/1/00 0:00,,16.2314,7/8/23 8:29,1.99,Auction Ads,auction_all
20230807,1773553684409340 ,TH,,,1/1/00 0:00,0.5646,0.388,7/8/23 8:26,0.54,Non-Auction Ads,Promote
20230807,1773557989703680 ,QA,,,1/1/00 0:00,7.1765,3.5084,7/8/23 8:26,0.54,Non-Auction Ads,Promote
20230807,1773559555122210 ,PH,PH,,1/1/00 0:00,,145.5613,7/8/23 8:47,2.46,Auction Ads,auction_relation
20230807,1773558633990160 ,ID,ID,,1/1/00 0:00,6.76,0,7/8/23 8:26,1.8,Auction Ads,auction_relation
20230807,1773558036929530 ,KH,,,1/1/00 0:00,9.677,2.0588,7/8/23 8:27,0.54,Non-Auction Ads,Promote
20230807,1773557602041920 ,FR,,,1/1/00 0:00,13.1836,10.6809,7/8/23 8:28,0.54,Non-Auction Ads,Promote
20230807,1773558885289020 ,EG,MENA,,1/1/00 0:00,66.87,26.9127,7/8/23 8:31,1.67,RIE,Ad Group Recall (Merged)
20230807,1773558885289020 ,IQ,Other,,1/1/00 0:00,66.87,26.9127,7/8/23 8:31,1.62,RIE,Ad Group Recall (Merged)
20230807,1773558545996850 ,NZ,NZ,,1/1/00 0:00,4.91,2.4221,7/8/23 8:27,1.58,Auction Ads,auction_relation
20230807,1773558889831490 ,PL,PL,,1/1/00 0:00,437.67,80.1628,7/8/23 8:37,1.64,Auction Ads,auction_relation
20230807,1773558889831490 ,HU,Others,,1/1/00 0:00,437.67,80.1628,7/8/23 8:37,1.56,Auction Ads,auction_all
20230807,1773558207291410 ,MY,MY,,1/1/00 0:00,1.39,0.3896,7/8/23 8:27,2.31,Auction Ads,auction_relation
20230807,1773558209507360 ,MY,MY,,1/1/00 0:00,0.3,0.3896,7/8/23 8:27,2.31,Auction Ads,auction_relation
20230807,1773557920633860 ,BR,,,1/1/00 0:00,1.7117,0.6983,7/8/23 8:27,0.54,Non-Auction Ads,Promote
20230807,1773558334199840 ,IT,IT,,1/1/00 0:00,41.1558,16.6728,7/8/23 8:30,1.36,Auction Ads,auction_relation
20230807,1773558165485600 ,PH,PH,,1/1/00 0:00,1.92,0.7273,7/8/23 8:27,2.46,Auction Ads,auction_relation
20230807,1773558327975960 ,US,USCA,,1/1/00 0:00,2.87,12.9013,7/8/23 8:29,1.78,Auction Ads,auction_relation
20230807,1773558318052380 ,US,USCA,,1/1/00 0:00,,12.9013,7/8/23 8:29,1.78,Auction Ads,auction_relation
20230807,1773558322345010 ,US,USCA,,1/1/00 0:00,,12.9013,7/8/23 8:29,1.78,Auction Ads,auction_relation
20230807,1773558262601770 ,VN,VN,,1/1/00 0:00,,1.7731,7/8/23 8:27,2.14,Auction Ads,auction_relation
20230807,1773558189294590 ,FR,,,1/1/00 0:00,107.291,6.0526,7/8/23 8:28,0.54,Non-Auction Ads,Promote
20230807,1773557467392000 ,ID,,,1/1/00 0:00,0.45,0.4887,7/8/23 8:27,0.54,Non-Auction Ads,Promote
20230807,1773556926836730 ,MY,,,1/1/00 0:00,6.0266,2.191,7/8/23 8:28,0.54,Non-Auction Ads,Promote
20230807,1773560158211080 ,JP,JP,,1/1/00 0:00,161.82,2.8353,7/8/23 8:28,2.16,Auction Ads,auction_all
20230807,1773556207157250 ,MY,,,1/1/00 0:00,1.1657,0.314,7/8/23 8:27,0.54,Non-Auction Ads,Promote
20230807,1773558240185370 ,TW,TW,,1/1/00 0:00,2.84,2.3049,7/8/23 8:28,0.95,Auction Ads,auction_relation
20230807,1773554126836730 ,TH,,,1/1/00 0:00,0.4971,0.3211,7/8/23 8:28,0.54,Non-Auction Ads,Promote
20230807,1773558297822250 ,TH,TH,,1/1/00 0:00,4.8186,3.1012,7/8/23 8:29,1.87,RIE,Ad Group Recall (Merged)
20230807,1773556500092930 ,ID,,,1/1/00 0:00,2.1105,0.4664,7/8/23 8:28,0.54,Non-Auction Ads,Promote
20230807,1773557850036280 ,ID,,,1/1/00 0:00,1.9595,0.9792,7/8/23 8:28,0.54,Non-Auction Ads,Promote
20230807,1773558832379950 ,US,US&CA,,1/1/00 0:00,0,8.4663,7/8/23 8:30,1.81,RIE,Ad Group Recall (Merged)
20230807,1773558166470650 ,NZ,,,1/1/00 0:00,1.2139,1.141,7/8/23 8:29,1.53,RIE,Promote Report Recall
20230807,1773569678982190 ,IL,IL,,1/1/00 0:00,9.02,8.3172,7/8/23 8:30,1.52,Auction Ads,auction_relation
20230807,1773558344486910 ,MY,MY,,1/1/00 0:00,0.19,0.3896,7/8/23 8:29,2.31,Auction Ads,auction_relation
20230807,1773558345847820 ,MY,MY,,1/1/00 0:00,0.1,0.3896,7/8/23 8:29,2.31,Auction Ads,auction_relation
20230807,1773558955354160 ,BR,BR,,1/1/00 0:00,20.34,6.1048,7/8/23 8:30,1.99,Auction Ads,auction_all
20230807,1773558381548570 ,ID,ID,,1/1/00 0:00,1.06,2.9169,7/8/23 8:30,1.8,Auction Ads,auction_relation
20230807,1773558527516720 ,BR,BR,,1/1/00 0:00,40.14,5.9945,7/8/23 8:30,1.99,Auction Ads,auction_all
20230807,1773534446702620 ,GB,GB,,1/1/00 0:00,6.8,2.1203,7/8/23 8:30,1.76,Auction Ads,auction_relation
20230807,1773485297461250 ,VN,,,1/1/00 0:00,0.7291,0.8393,7/8/23 8:29,0.54,Non-Auction Ads,Promote
20230807,1773558290581500 ,TR,,,1/1/00 0:00,1.6931,0.6985,7/8/23 8:29,1.53,RIE,Promote Report Recall
20230807,1773557918423040 ,GB,,,1/1/00 0:00,4.462,0.9818,7/8/23 8:30,0.54,Non-Auction Ads,Promote
20230807,1773558018772990 ,ID,,,1/1/00 0:00,0.4415,0.5845,7/8/23 8:30,0.54,Non-Auction Ads,Promote
20230807,1773558590968840 ,TH,TH,,1/1/00 0:00,,5.6017,7/8/23 8:31,1.64,Auction Ads,auction_relation
20230807,1773055190177790 ,US,USCA,,1/1/00 0:00,1206.87,2044.892,7/8/23 14:00,1.78,Auction Ads,auction_relation
20230807,1773054455743500 ,US,USCA,,1/1/00 0:00,1453.47,2044.892,7/8/23 14:00,1.78,Auction Ads,auction_relation
20230807,1773054627210240 ,US,USCA,,1/1/00 0:00,653.57,2044.892,7/8/23 14:00,1.78,Auction Ads,auction_relation
20230807,1773055190177790 ,US,USCA,,1/1/00 0:00,1206.87,2044.892,7/8/23 14:00,1.78,Auction Ads,auction_relation
20230807,1773558506699820 ,IQ,Others,,1/1/00 0:00,,8.6862,7/8/23 8:31,1.56,Auction Ads,auction_all
20230807,1773558400123920 ,ID,ID,,1/1/00 0:00,,3.7448,7/8/23 8:30,1.8,Auction Ads,auction_relation
20230807,1773558286504960 ,QA,,,1/1/00 0:00,6.3366,2.2147,7/8/23 8:30,0.54,Non-Auction Ads,Promote
20230807,1773558121996280 ,MY,,,1/1/00 0:00,4.0549,2.5893,7/8/23 8:31,0.54,Non-Auction Ads,Promote
20230807,1773554703837200 ,RO,RO,,1/1/00 0:00,4.5328,4.2217,7/8/23 8:31,1.94,Auction Ads,auction_relation
20230807,1773485271568380 ,VN,,,1/1/00 0:00,1.3191,0.4852,7/8/23 8:30,0.54,Non-Auction Ads,Promote
20230807,1773556975241210 ,MY,,,1/1/00 0:00,5.1638,2.1025,7/8/23 8:31,0.54,Non-Auction Ads,Promote
20230807,1773555293489150 ,DK,,,1/1/00 0:00,4.8558,2.9962,7/8/23 8:31,0.54,Non-Auction Ads,Promote
20230807,1773558206946360 ,SA,,,1/1/00 0:00,27.2186,0.9778,7/8/23 8:31,0.54,Non-Auction Ads,Promote
20230807,1773559526848560 ,BR,BR,,1/1/00 0:00,36.33,88.3133,7/8/23 8:42,1.99,Auction Ads,auction_all
20230807,1773558446941210 ,MY,MY,,1/1/00 0:00,3.48,0.6041,7/8/23 8:31,2.31,Auction Ads,auction_relation
20230807,1773558449018880 ,ID,ID,,1/1/00 0:00,,3.7448,7/8/23 8:31,1.8,Auction Ads,auction_relation
20230807,1773558405794810 ,TH,,,1/1/00 0:00,38.8158,2.8797,7/8/23 8:31,0.54,Non-Auction Ads,Promote
20230807,1773558405408800 ,HU,Others,,1/1/00 0:00,4.6,1.6463,7/8/23 8:31,1.56,Auction Ads,auction_all
20230807,1773558403837950 ,HU,Others,,1/1/00 0:00,1,1.6463,7/8/23 8:31,1.56,Auction Ads,auction_all
20230807,1773558397294640 ,HU,Others,,1/1/00 0:00,1.08,1.6463,7/8/23 8:31,1.56,Auction Ads,auction_all
20230807,1773558405408780 ,HU,Others,,1/1/00 0:00,1.46,1.6463,7/8/23 8:31,1.56,Auction Ads,auction_all
20230807,1773558397294620 ,HU,Others,,1/1/00 0:00,0.65,1.6463,7/8/23 8:31,1.56,Auction Ads,auction_all
20230807,1773558416402530 ,HU,Others,,1/1/00 0:00,0.95,1.6463,7/8/23 8:31,1.56,Auction Ads,auction_all
20230807,1773559056997370 ,TH,TH,,1/1/00 0:00,0.3867,1.9811,7/8/23 8:32,1.64,Auction Ads,auction_relation
20230807,1773559339455530 ,TW,TW,,1/1/00 0:00,,8.6306,7/8/23 8:33,0.95,Auction Ads,auction_relation
20230807,1773559339455530 ,TW,TW,,1/1/00 0:00,,8.6306,7/8/23 8:33,0.95,Auction Ads,auction_relation
20230807,1773554973958160 ,CL,CL,,1/1/00 0:00,30.4,9.0896,7/8/23 8:33,1.85,Auction Ads,auction_all
20230807,1773486013898750 ,VN,,,1/1/00 0:00,0.4037,0.2265,7/8/23 8:32,0.54,Non-Auction Ads,Promote
20230807,1773558437029890 ,HU,,,1/1/00 0:00,5.9205,1.4794,7/8/23 8:32,1.53,RIE,Promote Report Recall
20230807,1773558459495420 ,IT,,,1/1/00 0:00,25.3648,1.0581,7/8/23 8:32,0.54,Non-Auction Ads,Promote
20230807,1773558524716040 ,ID,ID,,1/1/00 0:00,,3.7448,7/8/23 8:32,1.8,Auction Ads,auction_relation
20230807,1773558527739920 ,GB,GB,,1/1/00 0:00,3.99,2.4417,7/8/23 8:32,1.76,Auction Ads,auction_relation
20230807,1773558527739920 ,GB,GB,,1/1/00 0:00,3.99,2.4417,7/8/23 8:32,1.76,Auction Ads,auction_relation
20230807,1773558497921040 ,GB,GB,,1/1/00 0:00,1.81,2.4417,7/8/23 8:32,1.76,Auction Ads,auction_relation
20230807,1773558509143050 ,GB,GB,,1/1/00 0:00,4.73,2.4417,7/8/23 8:32,1.76,Auction Ads,auction_relation
20230807,1773558607691820 ,ID,ID,,1/1/00 0:00,2.24,2.8892,7/8/23 8:32,1.8,Auction Ads,auction_relation
20230807,1773558617018360 ,ID,ID,,1/1/00 0:00,2.83,2.8892,7/8/23 8:32,1.8,Auction Ads,auction_relation
20230807,1773558600815610 ,VN,VN,,1/1/00 0:00,0.09,1.6123,7/8/23 8:32,2.14,Auction Ads,auction_relation
20230807,1773558803135500 ,BR,BR,,1/1/00 0:00,0.13,28.136,7/8/23 8:35,1.99,Auction Ads,auction_all
20230807,1773554916431870 ,SE,SE,,1/1/00 0:00,7.66,0.6003,7/8/23 8:33,1.4,Auction Ads,auction_relation
20230807,1773554923615230 ,GB,GB,,1/1/00 0:00,7.55,0.6003,7/8/23 8:33,1.76,Auction Ads,auction_relation
20230807,1773547524499450 ,BR,BR,,1/1/00 0:00,1.2952,0.1057,7/8/23 8:33,1.99,Auction Ads,auction_all
20230807,1773558412229630 ,TH,,,1/1/00 0:00,15.97,1.3411,7/8/23 8:33,1.53,RIE,Promote Report Recall
20230807,1773558617049120 ,BR,BR,,1/1/00 0:00,8.94,16.2314,7/8/23 8:33,1.99,Auction Ads,auction_all
20230807,1773558617049120 ,BR,BR,,1/1/00 0:00,8.94,16.2314,7/8/23 8:33,1.7,RIE,Ad Group Recall (Merged)
20230807,1773558136250370 ,BR,,,1/1/00 0:00,1.2496,0.4137,7/8/23 8:33,0.54,Non-Auction Ads,Promote
20230807,1773555323711480 ,DK,Other,,1/1/00 0:00,79.8189,30.689,7/8/23 8:36,1.62,RIE,Ad Group Recall (Merged)
20230807,1773558753595420 ,TH,TH,,1/1/00 0:00,91.866,0,7/8/23 8:33,1.64,Auction Ads,auction_relation
20230807,1773559061174280 ,MY,MY,,1/1/00 0:00,,0,7/8/23 8:33,2.31,Auction Ads,auction_relation
20230807,1773550154693680 ,CH,CH,,1/1/00 0:00,15.98,3.36,7/8/23 8:33,0.93,Auction Ads,auction_relation
20230807,1773550154693680 ,ES,ES,,1/1/00 0:00,15.98,3.36,7/8/23 8:33,1.37,Auction Ads,auction_relation
20230807,1773550154693680 ,NZ,NZ,,1/1/00 0:00,15.98,3.36,7/8/23 8:33,1.58,Auction Ads,auction_relation
20230807,1773550154693680 ,BE,BE,,1/1/00 0:00,15.98,3.36,7/8/23 8:33,1.15,Auction Ads,auction_relation
20230807,1773550154693680 ,PT,PT,,1/1/00 0:00,15.98,3.36,7/8/23 8:33,1.98,Auction Ads,auction_relation
20230807,1773550154693680 ,FI,Others,,1/1/00 0:00,15.98,3.36,7/8/23 8:33,1.56,Auction Ads,auction_all
20230807,1773550154693680 ,DK,DK,,1/1/00 0:00,15.98,3.36,7/8/23 8:33,1.31,Auction Ads,auction_relation
20230807,1773550154693680 ,US,USCA,,1/1/00 0:00,15.98,3.36,7/8/23 8:33,1.78,Auction Ads,auction_relation
20230807,1773550154693680 ,FI,Others,,1/1/00 0:00,15.98,3.36,7/8/23 8:33,1.56,Auction Ads,auction_all
20230807,1773550154693680 ,CA,USCA,,1/1/00 0:00,15.98,3.36,7/8/23 8:33,1.78,Auction Ads,auction_relation
20230807,1773550154693680 ,PL,PL,,1/1/00 0:00,15.98,3.36,7/8/23 8:33,1.64,Auction Ads,auction_relation
20230807,1773550154693680 ,DK,DK,,1/1/00 0:00,15.98,3.36,7/8/23 8:33,1.31,Auction Ads,auction_relation
20230807,1773550154693680 ,PL,PL,,1/1/00 0:00,15.98,3.36,7/8/23 8:33,1.64,Auction Ads,auction_relation
20230807,1773550154693680 ,BE,BE,,1/1/00 0:00,15.98,3.36,7/8/23 8:33,1.15,Auction Ads,auction_relation
20230807,1773550154693680 ,FR,FR,,1/1/00 0:00,15.98,3.36,7/8/23 8:33,1.97,Auction Ads,auction_relation
20230807,1773550154693680 ,NO,Others,,1/1/00 0:00,15.98,3.36,7/8/23 8:33,1.56,Auction Ads,auction_all
20230807,1773550154693680 ,PT,PT,,1/1/00 0:00,15.98,3.36,7/8/23 8:33,1.98,Auction Ads,auction_relation
20230807,1773550154693680 ,CZ,CZ,,1/1/00 0:00,15.98,3.36,7/8/23 8:33,1.9,Auction Ads,auction_relation
20230807,1773550154693680 ,DE,DE,,1/1/00 0:00,15.98,3.36,7/8/23 8:33,1.01,Auction Ads,auction_relation
20230807,1773550154693680 ,CA,USCA,,1/1/00 0:00,15.98,3.36,7/8/23 8:33,1.78,Auction Ads,auction_relation
20230807,1773550154693680 ,IE,IE,,1/1/00 0:00,15.98,3.36,7/8/23 8:33,1.52,Auction Ads,auction_relation
20230807,1773550154693680 ,FR,FR,,1/1/00 0:00,15.98,3.36,7/8/23 8:33,1.97,Auction Ads,auction_relation
20230807,1773550154693680 ,ES,ES,,1/1/00 0:00,15.98,3.36,7/8/23 8:33,1.37,Auction Ads,auction_relation
20230807,1773550154693680 ,GB,GB,,1/1/00 0:00,15.98,3.36,7/8/23 8:33,1.76,Auction Ads,auction_relation
20230807,1773550154693680 ,NO,Others,,1/1/00 0:00,15.98,3.36,7/8/23 8:33,1.56,Auction Ads,auction_all
20230807,1773550154693680 ,AU,AU,,1/1/00 0:00,15.98,3.36,7/8/23 8:33,1.84,Auction Ads,auction_relation
20230807,1773550154693680 ,US,USCA,,1/1/00 0:00,15.98,3.36,7/8/23 8:33,1.78,Auction Ads,auction_relation
20230807,1773550154693680 ,SE,SE,,1/1/00 0:00,15.98,3.36,7/8/23 8:33,1.4,Auction Ads,auction_relation
20230807,1773550154693680 ,CZ,CZ,,1/1/00 0:00,15.98,3.36,7/8/23 8:33,1.9,Auction Ads,auction_relation
20230807,1773550154693680 ,SE,SE,,1/1/00 0:00,15.98,3.36,7/8/23 8:33,1.4,Auction Ads,auction_relation
20230807,1773550154693680 ,GB,GB,,1/1/00 0:00,15.98,3.36,7/8/23 8:33,1.76,Auction Ads,auction_relation
20230807,1773558874016800 ,ID,ID,,1/1/00 0:00,2.61,6.4937,7/8/23 8:34,1.8,Auction Ads,auction_relation
20230807,1773558569812990 ,TH,,,1/1/00 0:00,11.15,7.455,7/8/23 8:34,1.53,RIE,Promote Report Recall
20230807,1773533692032010 ,PK,PK,,1/1/00 0:00,4,1.1644,7/8/23 8:33,1.36,Auction Ads,auction_relation
20230807,1773558756590640 ,VN,VN,,1/1/00 0:00,,6.2924,7/8/23 8:34,2.14,Auction Ads,auction_relation
20230807,1773573656037390 ,UY,Others,,1/1/00 0:00,,2.0049,7/8/23 8:34,1.56,Auction Ads,auction_all
20230807,1773558482248700 ,PL,,,1/1/00 0:00,9.5186,2.3086,7/8/23 8:34,0.54,Non-Auction Ads,Promote
20230807,1773485889411070 ,VN,,,1/1/00 0:00,0.4673,0.5891,7/8/23 8:33,0.54,Non-Auction Ads,Promote
20230807,1773558725151790 ,VN,VN,,1/1/00 0:00,0.01,1.7733,7/8/23 8:34,2.14,Auction Ads,auction_relation
20230807,1773473446089720 ,SA,,,1/1/00 0:00,2.8736,3.5581,7/8/23 8:34,0.54,Non-Auction Ads,Promote
20230807,1773559370803230 ,PH,PH,,1/1/00 0:00,30.56,74.1149,7/8/23 8:45,2.46,Auction Ads,auction_relation
20230807,1773558498985980 ,TR,,,1/1/00 0:00,6.1814,0.4522,7/8/23 8:34,1.53,RIE,Promote Report Recall
20230807,1773558910979080 ,US,USCA,,1/1/00 0:00,4.74,1.2683,7/8/23 8:34,1.78,Auction Ads,auction_relation
20230807,1773558635958270 ,VN,,,1/1/00 0:00,6.6932,5.5557,7/8/23 8:35,1.53,RIE,Promote Report Recall
20230807,1773558469899270 ,GR,,,1/1/00 0:00,3.1696,0.9188,7/8/23 8:34,1.53,RIE,Promote Report Recall
20230807,1773558795291680 ,DE,DE,,1/1/00 0:00,8.9674,13.0595,7/8/23 8:36,1.01,Auction Ads,auction_relation
20230807,1773559036618770 ,BR,BR,,1/1/00 0:00,29.47,11.8571,7/8/23 8:36,1.7,RIE,Ad Group Recall (Merged)
20230807,1773559036618770 ,BR,BR,,1/1/00 0:00,29.47,11.8571,7/8/23 8:36,1.99,Auction Ads,auction_all
20230807,1773486112587770 ,VN,,,1/1/00 0:00,0.5121,0.8351,7/8/23 8:35,0.54,Non-Auction Ads,Promote
20230807,1773555271392300 ,DE,DE,,1/1/00 0:00,,14.7541,7/8/23 8:36,1.01,Auction Ads,auction_relation
20230807,1773558666321930 ,VN,VN,,1/1/00 0:00,0,1.6123,7/8/23 8:35,2.14,Auction Ads,auction_relation
20230807,1773559246447610 ,CA,USCA,,1/1/00 0:00,5.87,43.0603,7/8/23 8:41,1.78,Auction Ads,auction_relation
20230807,1773558601340930 ,TH,,,1/1/00 0:00,13.47,1.7997,7/8/23 8:35,1.53,RIE,Promote Report Recall
20230807,1773557879016450 ,MY,,,1/1/00 0:00,0.6236,0.4115,7/8/23 8:35,0.54,Non-Auction Ads,Promote
20230807,1773557879016450 ,MY,,,1/1/00 0:00,0.6236,0.4115,7/8/23 8:35,0.54,Non-Auction Ads,Promote
20230807,1773558637539320 ,ID,,,1/1/00 0:00,41.5527,14.4073,7/8/23 8:36,0.54,Non-Auction Ads,Promote
20230807,1773557974255610 ,MY,,,1/1/00 0:00,0.6721,0.2585,7/8/23 8:35,0.54,Non-Auction Ads,Promote
20230807,1773559113179150 ,NO,Others,,1/1/00 0:00,22.49,30.97,7/8/23 8:39,1.56,Auction Ads,auction_all
20230807,1773559113179150 ,FI,Others,,1/1/00 0:00,22.49,30.97,7/8/23 8:39,1.56,Auction Ads,auction_all
20230807,1773558540736510 ,TH,,,1/1/00 0:00,8.38,0.385,7/8/23 8:35,1.53,RIE,Promote Report Recall
20230807,1773555162309680 ,GB,GB,,1/1/00 0:00,10.849,9.1912,7/8/23 8:36,1.76,Auction Ads,auction_relation
20230807,1773554308700160 ,TH,,,1/1/00 0:00,0.4109,0.2442,7/8/23 8:35,0.54,Non-Auction Ads,Promote
20230807,1773558943962140 ,SE,SE,,1/1/00 0:00,3.96,4.4282,7/8/23 8:35,1.4,Auction Ads,auction_relation
20230807,1773558943962140 ,AU,AU,,1/1/00 0:00,3.96,4.4282,7/8/23 8:35,1.84,Auction Ads,auction_relation
20230807,1773558943962140 ,US,USCA,,1/1/00 0:00,3.96,4.4282,7/8/23 8:35,1.78,Auction Ads,auction_relation
20230807,1773558943962140 ,IE,IE,,1/1/00 0:00,3.96,4.4282,7/8/23 8:35,1.52,Auction Ads,auction_relation
20230807,1773558943962140 ,GB,GB,,1/1/00 0:00,3.96,4.4282,7/8/23 8:35,1.76,Auction Ads,auction_relation
20230807,1773558943962140 ,CA,USCA,,1/1/00 0:00,3.96,4.4282,7/8/23 8:35,1.78,Auction Ads,auction_relation
20230807,1773558943962140 ,FI,Others,,1/1/00 0:00,3.96,4.4282,7/8/23 8:35,1.56,Auction Ads,auction_all
20230807,1773558943962140 ,NO,Others,,1/1/00 0:00,3.96,4.4282,7/8/23 8:35,1.56,Auction Ads,auction_all
20230807,1773558943962140 ,DK,DK,,1/1/00 0:00,3.96,4.4282,7/8/23 8:35,1.31,Auction Ads,auction_relation
20230807,1773558943962140 ,CH,CH,,1/1/00 0:00,3.96,4.4282,7/8/23 8:35,0.93,Auction Ads,auction_relation
20230807,1773558807315560 ,MY,MY,,1/1/00 0:00,12.6986,5.9737,7/8/23 8:36,2.31,Auction Ads,auction_relation
20230807,1773558990037100 ,TH,TH,,1/1/00 0:00,10.18,13.1804,7/8/23 8:37,1.64,Auction Ads,auction_relation
20230807,1773558570210300 ,TH,,,1/1/00 0:00,8.71,5.045,7/8/23 8:36,1.53,RIE,Promote Report Recall
20230807,1773485411486720 ,VN,,,1/1/00 0:00,0.4696,0.6303,7/8/23 8:35,0.54,Non-Auction Ads,Promote
20230807,1773558816649210 ,VN,VN,,1/1/00 0:00,0.2448,5.6711,7/8/23 8:36,2.14,Auction Ads,auction_relation
20230807,1773558816649210 ,VN,VN,,1/1/00 0:00,0.2448,5.6711,7/8/23 8:36,2.14,Auction Ads,auction_relation
20230807,1773558613989370 ,ID,,,1/1/00 0:00,1.9963,0.7205,7/8/23 8:35,1.53,RIE,Promote Report Recall
20230807,1773559309644840 ,TH,TH,,1/1/00 0:00,14.8386,36.734,7/8/23 8:41,1.64,Auction Ads,auction_relation
20230807,1773559309644840 ,TH,TH,,1/1/00 0:00,14.8386,36.734,7/8/23 8:41,1.87,RIE,Ad Group Recall (Merged)
20230807,1773554316473340 ,TH,,,1/1/00 0:00,0.4771,0.1599,7/8/23 8:35,0.54,Non-Auction Ads,Promote
20230807,1773556996519930 ,FR,FR,,1/1/00 0:00,16.5056,6.7482,7/8/23 8:36,1.97,Auction Ads,auction_relation
20230807,1773558657067010 ,TH,,,1/1/00 0:00,8.01,3.7683,7/8/23 8:36,1.53,RIE,Promote Report Recall
20230807,1773558622807040 ,GB,,,1/1/00 0:00,3.2762,1.9137,7/8/23 8:36,0.54,Non-Auction Ads,Promote
20230807,1773485670865920 ,VN,,,1/1/00 0:00,31.9157,0.7297,7/8/23 8:36,0.54,Non-Auction Ads,Promote
20230807,1773382891589630 ,SA,,,1/1/00 0:00,2.3723,0.9262,7/8/23 8:36,0.54,Non-Auction Ads,Promote
20230807,1773558786308120 ,VN,VN,,1/1/00 0:00,0,1.7733,7/8/23 8:37,2.14,Auction Ads,auction_relation
20230807,1773555466246170 ,US,USCA,,1/1/00 0:00,,41.7938,7/8/23 8:43,1.78,Auction Ads,auction_relation
20230807,1773558561433600 ,ID,,,1/1/00 0:00,2.5282,0.6198,7/8/23 8:37,1.53,RIE,Promote Report Recall
20230807,1773485863272450 ,VN,,,1/1/00 0:00,2.365,1.3159,7/8/23 8:37,0.54,Non-Auction Ads,Promote
20230807,1773558912361480 ,DE,DE,,1/1/00 0:00,8.9012,13.0595,7/8/23 8:39,1.01,Auction Ads,auction_relation
20230807,1773559468983310 ,TH,TH,,1/1/00 0:00,6.655,0.0444,7/8/23 8:37,1.64,Auction Ads,auction_relation
20230807,1773555740573720 ,DE,DE,,1/1/00 0:00,202.8733,46.8583,7/8/23 8:44,1.01,Auction Ads,auction_relation
20230807,1773559049718780 ,PK,PK,,1/1/00 0:00,28.66,4.2179,7/8/23 8:38,1.36,Auction Ads,auction_relation
20230807,1773558712431610 ,MY,,,1/1/00 0:00,1.2649,1.1618,7/8/23 8:37,1.53,RIE,Promote Report Recall
20230807,1773559149972510 ,BR,BR,,1/1/00 0:00,0.02,22.5624,7/8/23 8:41,1.99,Auction Ads,auction_all
20230807,1773558868411390 ,VN,VN,,1/1/00 0:00,0.9095,0.6388,7/8/23 8:37,2.14,Auction Ads,auction_relation
20230807,1773558971049000 ,MX,MX,,1/1/00 0:00,,10.7178,7/8/23 8:39,1.99,Auction Ads,auction_all
20230807,1773558180381700 ,BR,,,1/1/00 0:00,2.9857,1.889,7/8/23 8:37,0.54,Non-Auction Ads,Promote
20230807,1773558947426300 ,SA,,,1/1/00 0:00,53.9616,27.7762,7/8/23 8:41,0.54,Non-Auction Ads,Promote
20230807,1773558751862790 ,TH,,,1/1/00 0:00,2.57,2.0331,7/8/23 8:37,1.53,RIE,Promote Report Recall
20230807,1773558931119100 ,PH,PH,,1/1/00 0:00,,0.1401,7/8/23 8:37,2.46,Auction Ads,auction_relation
20230807,1773558439179270 ,TH,,,1/1/00 0:00,9.69,6.3743,7/8/23 8:38,1.53,RIE,Promote Report Recall
20230807,1773486513300480 ,VN,,,1/1/00 0:00,0.495,0.19,7/8/23 8:37,0.54,Non-Auction Ads,Promote
20230807,1773558759745530 ,ID,,,1/1/00 0:00,41.3601,14.4073,7/8/23 8:39,0.54,Non-Auction Ads,Promote
20230807,1773555096838220 ,HU,Other,,1/1/00 0:00,21.964,1.0628,7/8/23 8:38,1.62,RIE,Ad Group Recall (Merged)
20230807,1773555085283360 ,HU,Other,,1/1/00 0:00,12.5894,1.0628,7/8/23 8:38,1.62,RIE,Ad Group Recall (Merged)
20230807,1773558838656030 ,VN,VN,,1/1/00 0:00,,1.1504,7/8/23 8:38,2.14,Auction Ads,auction_relation
20230807,1773558948275210 ,US,USCA,,1/1/00 0:00,,4.9916,7/8/23 8:38,1.78,Auction Ads,auction_relation
20230807,1773486264911870 ,VN,,,1/1/00 0:00,1.8333,0.5071,7/8/23 8:38,0.54,Non-Auction Ads,Promote
20230807,1773558639461380 ,TH,,,1/1/00 0:00,16.84,2.2374,7/8/23 8:38,1.53,RIE,Promote Report Recall
20230807,1773558888029210 ,TH,TH,,1/1/00 0:00,2.7379,1.3501,7/8/23 8:38,1.64,Auction Ads,auction_relation
20230807,1773559230861330 ,GR,GR,,1/1/00 0:00,4.71,3.1497,7/8/23 8:38,2.11,Auction Ads,auction_relation
20230807,1773558723586050 ,BR,,,1/1/00 0:00,1.3132,0.6629,7/8/23 8:38,0.54,Non-Auction Ads,Promote
20230807,1773559322019890 ,NO,Others,,1/1/00 0:00,23.47,30.97,7/8/23 8:43,1.56,Auction Ads,auction_all
20230807,1773559322019890 ,FI,Others,,1/1/00 0:00,23.47,30.97,7/8/23 8:43,1.56,Auction Ads,auction_all
20230807,1773559322019890 ,CA,USCA,,1/1/00 0:00,23.47,30.97,7/8/23 8:43,1.78,Auction Ads,auction_relation
20230807,1773486616955900 ,VN,,,1/1/00 0:00,4.4436,1.0533,7/8/23 8:38,0.54,Non-Auction Ads,Promote
20230807,1773558663145470 ,KH,,,1/1/00 0:00,0.4455,0.2199,7/8/23 8:38,0.54,Non-Auction Ads,Promote
20230807,1773577922777130 ,TR,TR,,1/1/00 0:00,16.42,9.7843,7/8/23 8:40,0.83,Auction Ads,auction_relation
20230807,1773558438419450 ,MY,,,1/1/00 0:00,0.9265,0.3642,7/8/23 8:39,0.54,Non-Auction Ads,Promote
20230807,1773559038558240 ,TW,TW,,1/1/00 0:00,,0.7196,7/8/23 8:39,0.95,Auction Ads,auction_relation
20230807,1773559520935950 ,RO,RO,,1/1/00 0:00,3.22,2.2979,7/8/23 8:39,1.94,Auction Ads,auction_relation
20230807,1773559520935950 ,RO,Other,,1/1/00 0:00,3.22,2.2979,7/8/23 8:39,1.62,RIE,Ad Group Recall (Merged)
20230807,1773558939386880 ,IL,,,1/1/00 0:00,134.8141,4.3043,7/8/23 8:40,0.54,Non-Auction Ads,Promote
20230807,1773559123109900 ,MX,MX,,1/1/00 0:00,,10.7178,7/8/23 8:41,1.99,Auction Ads,auction_all
20230807,1773486945622010 ,VN,,,1/1/00 0:00,0.4503,0.2788,7/8/23 8:39,0.54,Non-Auction Ads,Promote
20230807,1773558852824060 ,SA,,,1/1/00 0:00,15.9586,2.8965,7/8/23 8:39,0.54,Non-Auction Ads,Promote
20230807,1773559937342480 ,ID,ID,,1/1/00 0:00,0.01,34.8697,7/8/23 8:45,1.8,Auction Ads,auction_relation
20230807,1773559839462430 ,ID,ID,,1/1/00 0:00,0,34.8697,7/8/23 8:45,1.8,Auction Ads,auction_relation
20230807,1773559080075260 ,SA,,,1/1/00 0:00,54.5696,25.319,7/8/23 8:43,0.54,Non-Auction Ads,Promote
20230807,1773559160781870 ,MY,MY,,1/1/00 0:00,4.4079,3.4529,7/8/23 8:40,2.31,Auction Ads,auction_relation
20230807,1773558931138590 ,VN,VN,,1/1/00 0:00,0.7347,0.6388,7/8/23 8:39,2.14,Auction Ads,auction_relation
20230807,1773558941914160 ,VN,VN,,1/1/00 0:00,0.7577,0.6388,7/8/23 8:39,2.14,Auction Ads,auction_relation
20230807,1773558941916240 ,VN,VN,,1/1/00 0:00,0.5112,0.6388,7/8/23 8:39,2.14,Auction Ads,auction_relation
20230807,1773558930588720 ,VN,VN,,1/1/00 0:00,0.546,0.6388,7/8/23 8:39,2.14,Auction Ads,auction_relation
20230807,1773558936739890 ,VN,VN,,1/1/00 0:00,0.616,0.6388,7/8/23 8:39,2.14,Auction Ads,auction_relation
20230807,1773559260254210 ,TH,TH,,1/1/00 0:00,0.08,27.221,7/8/23 8:44,1.64,Auction Ads,auction_relation
20230807,1773559230870530 ,BH,Other,,1/1/00 0:00,6.92,0.8093,7/8/23 8:40,1.62,RIE,Ad Group Recall (Merged)
20230807,1773559157776410 ,US,USCA,,1/1/00 0:00,3.05,2.9802,7/8/23 8:40,1.78,Auction Ads,auction_relation
20230807,1773559003557930 ,PH,PH,,1/1/00 0:00,,0.1401,7/8/23 8:40,2.46,Auction Ads,auction_relation
20230807,1773559001929740 ,PH,PH,,1/1/00 0:00,,0.1401,7/8/23 8:40,2.46,Auction Ads,auction_relation
20230807,1773555526181890 ,US,US&CA,,1/1/00 0:00,2,2.1186,7/8/23 8:40,1.81,RIE,Ad Group Recall (Merged)
20230807,1773555526181890 ,CA,US&CA,,1/1/00 0:00,2,2.1186,7/8/23 8:40,1.81,RIE,Ad Group Recall (Merged)
20230807,1773563264559150 ,ID,ID,,1/1/00 0:00,6.7693,6.4373,7/8/23 8:41,1.8,Auction Ads,auction_relation
20230807,1773559039739900 ,GB,GB,,1/1/00 0:00,41.77,9.5949,7/8/23 8:41,1.76,Auction Ads,auction_relation
20230807,1773559132160010 ,TW,TW,,1/1/00 0:00,13.76,4.3957,7/8/23 8:41,0.95,Auction Ads,auction_relation
20230807,1773558682223620 ,NL,,,1/1/00 0:00,2.1565,2.0691,7/8/23 8:41,0.54,Non-Auction Ads,Promote
20230807,1773559021117440 ,FR,,,1/1/00 0:00,44.6108,6.3312,7/8/23 8:41,0.54,Non-Auction Ads,Promote
20230807,1773566655748140 ,PL,PL,,1/1/00 0:00,,11.2465,7/8/23 8:42,1.64,Auction Ads,auction_relation
20230807,1773566655748140 ,PL,PL,,1/1/00 0:00,,11.2465,7/8/23 8:42,1.84,RIE,Ad Group Recall (Merged)
20230807,1773560114573310 ,BR,BR,,1/1/00 0:00,70.06,88.3133,7/8/23 8:55,1.99,Auction Ads,auction_all
20230807,1773559103532040 ,CA,USCA,,1/1/00 0:00,3.17,1.2683,7/8/23 8:41,1.78,Auction Ads,auction_relation
20230807,1773555547324460 ,GB,GB,,1/1/00 0:00,10.4638,9.1912,7/8/23 8:42,1.76,Auction Ads,auction_relation
20230807,1773558918296570 ,VN,,,1/1/00 0:00,6.3031,1.8054,7/8/23 8:41,1.53,RIE,Promote Report Recall
20230807,1773559267313660 ,BR,BR,,1/1/00 0:00,31.25,11.8571,7/8/23 8:42,1.7,RIE,Ad Group Recall (Merged)
20230807,1773559267313660 ,BR,BR,,1/1/00 0:00,31.25,11.8571,7/8/23 8:42,1.99,Auction Ads,auction_all
20230807,1773560062515290 ,SA,MENA,,1/1/00 0:00,43.2,39.0978,7/8/23 8:47,1.78,Auction Ads,auction_relation
20230807,1773558895365120 ,PH,,,1/1/00 0:00,5.2135,2.5882,7/8/23 8:41,0.54,Non-Auction Ads,Promote
20230807,1773550446729230 ,TW,TW,,1/1/00 0:00,300.75,125.8679,7/8/23 9:00,0.95,Auction Ads,auction_relation
20230807,1773383334872060 ,SA,,,1/1/00 0:00,2.4312,0.4603,7/8/23 8:41,0.54,Non-Auction Ads,Promote
20230807,1773559188076560 ,TH,TH,,1/1/00 0:00,4.5398,8.8201,7/8/23 8:42,1.64,Auction Ads,auction_relation
20230807,1773554494491640 ,TH,,,1/1/00 0:00,0.6813,0.7051,7/8/23 8:41,0.54,Non-Auction Ads,Promote
20230807,1773383250278400 ,SA,,,1/1/00 0:00,1.0662,0.9794,7/8/23 8:41,0.54,Non-Auction Ads,Promote
20230807,1773486982204410 ,VN,,,1/1/00 0:00,1.1091,1.0891,7/8/23 8:41,0.54,Non-Auction Ads,Promote
20230807,1773559176567890 ,ID,ID,,1/1/00 0:00,0.64,6.4937,7/8/23 8:42,1.8,Auction Ads,auction_relation
20230807,1773559726744730 ,ID,ID,,1/1/00 0:00,21.28,42.1127,7/8/23 8:48,1.8,Auction Ads,auction_relation
20230807,1773474079090690 ,SA,,,1/1/00 0:00,3.7449,0.8441,7/8/23 8:42,0.54,Non-Auction Ads,Promote
20230807,1773559185441840 ,GB,GB,,1/1/00 0:00,41.99,9.5949,7/8/23 8:44,1.76,Auction Ads,auction_relation
20230807,1773559285284910 ,MX,MX,,1/1/00 0:00,,10.7178,7/8/23 8:44,1.99,Auction Ads,auction_all
20230807,1773559186777100 ,PH,PH,,1/1/00 0:00,2.75,0.4676,7/8/23 8:42,2.46,Auction Ads,auction_relation
20230807,1773559331334170 ,TH,TH,,1/1/00 0:00,1.1461,1.3501,7/8/23 8:42,1.64,Auction Ads,auction_relation
20230807,1773559283491890 ,TH,TH,,1/1/00 0:00,5.8354,8.8201,7/8/23 8:44,1.64,Auction Ads,auction_relation
20230807,1773554729499640 ,TH,,,1/1/00 0:00,0.9833,0.514,7/8/23 8:43,0.54,Non-Auction Ads,Promote
20230807,1773559226159150 ,TW,TW,,1/1/00 0:00,,0.7017,7/8/23 8:43,0.95,Auction Ads,auction_relation
20230807,1773559406202890 ,GB,GB,,1/1/00 0:00,3.95,14.8676,7/8/23 8:45,1.76,Auction Ads,auction_relation
20230807,1773487344100350 ,VN,,,1/1/00 0:00,0.3986,0.4336,7/8/23 8:43,0.54,Non-Auction Ads,Promote
20230807,1773555592268840 ,US,USCA,,1/1/00 0:00,,7.3334,7/8/23 8:44,1.78,Auction Ads,auction_relation
20230807,1773559680271360 ,BR,BR,,1/1/00 0:00,40.97,28.136,7/8/23 8:48,1.99,Auction Ads,auction_all
20230807,1773555363138570 ,HU,Others,,1/1/00 0:00,2.7636,0.4416,7/8/23 8:44,1.56,Auction Ads,auction_all
20230807,1773559198488570 ,TH,,,1/1/00 0:00,0.7132,1.8983,7/8/23 8:44,1.53,RIE,Promote Report Recall
20230807,1773557527713870 ,NZ,NZ,,1/1/00 0:00,351.42,169.1267,7/8/23 9:08,1.58,Auction Ads,auction_relation
20230807,1773559438299180 ,BR,BR,,1/1/00 0:00,30.13,11.8571,7/8/23 8:45,1.99,Auction Ads,auction_all
20230807,1773559438299180 ,BR,BR,,1/1/00 0:00,30.13,11.8571,7/8/23 8:45,1.7,RIE,Ad Group Recall (Merged)
20230807,1773560597532720 ,TH,TH,,1/1/00 0:00,1.7349,5.6756,7/8/23 8:45,1.64,Auction Ads,auction_relation
20230807,1773557313469530 ,BR,BR,,1/1/00 0:00,9.38,106.3359,7/8/23 9:00,1.99,Auction Ads,auction_all
20230807,1773556604571660 ,BR,BR,,1/1/00 0:00,9.44,106.3359,7/8/23 9:00,1.99,Auction Ads,auction_all
20230807,1773557711728690 ,BR,BR,,1/1/00 0:00,3.02,106.3359,7/8/23 9:00,1.99,Auction Ads,auction_all
20230807,1773556111044620 ,BR,BR,,1/1/00 0:00,9.84,106.3359,7/8/23 9:00,1.99,Auction Ads,auction_all
20230807,1773555429170220 ,PL,PL,,1/1/00 0:00,18.6848,0.4416,7/8/23 8:44,1.64,Auction Ads,auction_relation
20230807,1773559441344540 ,FR,FR,,1/1/00 0:00,,2.924,7/8/23 8:44,1.97,Auction Ads,auction_relation
20230807,1773559390928910 ,GB,GB,,1/1/00 0:00,2.79,6.5133,7/8/23 8:45,1.76,Auction Ads,auction_relation
20230807,1773559852264460 ,ID,ID,,1/1/00 0:00,,3.0959,7/8/23 8:45,1.8,Auction Ads,auction_relation
20230807,1773555439919150 ,RO,RO,,1/1/00 0:00,2.4206,0.4416,7/8/23 8:44,1.94,Auction Ads,auction_relation
20230807,1773560586299440 ,PK,Other,,1/1/00 0:00,0.23,0.6042,7/8/23 8:44,1.62,RIE,Ad Group Recall (Merged)
20230807,1773559441358860 ,TW,TW,,1/1/00 0:00,,2.6377,7/8/23 8:45,0.95,Auction Ads,auction_relation
20230807,1773559323797610 ,GB,GB,,1/1/00 0:00,41.23,9.5949,7/8/23 8:46,1.76,Auction Ads,auction_relation
20230807,1773559627898920 ,ID,ID,,1/1/00 0:00,,26.2237,7/8/23 8:49,1.8,Auction Ads,auction_relation
20230807,1773555461320720 ,DE,DE,,1/1/00 0:00,3.1688,0.4416,7/8/23 8:45,1.01,Auction Ads,auction_relation
20230807,1773486911443970 ,VN,,,1/1/00 0:00,8.9462,0.2833,7/8/23 8:45,0.54,Non-Auction Ads,Promote
20230807,1773562109461530 ,BR,BR,,1/1/00 0:00,26.47,5.5535,7/8/23 8:45,1.99,Auction Ads,auction_all
20230807,1773559358366770 ,TH,TH,,1/1/00 0:00,3.4251,6.2439,7/8/23 8:46,1.64,Auction Ads,auction_relation
20230807,1773559413400620 ,BR,BR,,1/1/00 0:00,,13.0168,7/8/23 8:47,1.99,Auction Ads,auction_all
20230807,1773559568669710 ,ID,ID,,1/1/00 0:00,2.55,2.7556,7/8/23 8:45,1.8,Auction Ads,auction_relation
20230807,1773555481657390 ,GR,GR,,1/1/00 0:00,2.7085,0.4416,7/8/23 8:45,2.11,Auction Ads,auction_relation
20230807,1773559574447150 ,PK,PK,,1/1/00 0:00,,0.1324,7/8/23 8:45,1.36,Auction Ads,auction_relation
20230807,1773383838120960 ,SA,,,1/1/00 0:00,2.1219,0.9462,7/8/23 8:45,0.54,Non-Auction Ads,Promote
20230807,1773559070479360 ,TH,,,1/1/00 0:00,1.3045,1.1763,7/8/23 8:45,1.53,RIE,Promote Report Recall
20230807,1773559067244540 ,MY,,,1/1/00 0:00,0.663,0.4029,7/8/23 8:46,0.54,Non-Auction Ads,Promote
20230807,1773559422906410 ,MY,MY,,1/1/00 0:00,0.53,1.1508,7/8/23 8:46,2.31,Auction Ads,auction_relation
20230807,1773559079562240 ,FR,,,1/1/00 0:00,2.9381,1.412,7/8/23 8:46,0.54,Non-Auction Ads,Promote
20230807,1773555026452480 ,TH,,,1/1/00 0:00,0.7561,0.3118,7/8/23 8:46,0.54,Non-Auction Ads,Promote
20230807,1773559612834830 ,GB,GB,,1/1/00 0:00,,15.3715,7/8/23 8:49,1.76,Auction Ads,auction_relation
20230807,1773555643487280 ,US,US&CA,,1/1/00 0:00,1.58,2.1186,7/8/23 8:46,1.81,RIE,Ad Group Recall (Merged)
20230807,1773555628798970 ,CA,US&CA,,1/1/00 0:00,4.3,2.1186,7/8/23 8:46,1.81,RIE,Ad Group Recall (Merged)
20230807,1773555628798970 ,US,US&CA,,1/1/00 0:00,4.3,2.1186,7/8/23 8:46,1.81,RIE,Ad Group Recall (Merged)
20230807,1773555645124620 ,US,US&CA,,1/1/00 0:00,1.45,2.1186,7/8/23 8:46,1.81,RIE,Ad Group Recall (Merged)
20230807,1773555645124620 ,CA,US&CA,,1/1/00 0:00,1.45,2.1186,7/8/23 8:46,1.81,RIE,Ad Group Recall (Merged)
20230807,1773555643487280 ,CA,US&CA,,1/1/00 0:00,1.58,2.1186,7/8/23 8:46,1.81,RIE,Ad Group Recall (Merged)
20230807,1773559503240190 ,TH,TH,,1/1/00 0:00,3.0824,6.2439,7/8/23 8:47,1.64,Auction Ads,auction_relation
20230807,1773555840024620 ,QA,Other,,1/1/00 0:00,14.77,2.6097,7/8/23 8:47,1.62,RIE,Ad Group Recall (Merged)
20230807,1773559665861660 ,BR,BR,,1/1/00 0:00,,11.8571,7/8/23 8:48,1.99,Auction Ads,auction_all
20230807,1773558934537220 ,BR,,,1/1/00 0:00,2.2039,1.0969,7/8/23 8:47,0.54,Non-Auction Ads,Promote
20230807,1773560593435660 ,GB,GB,,1/1/00 0:00,45.61,17.5643,7/8/23 8:49,1.76,Auction Ads,auction_relation
20230807,1773555651831840 ,CZ,Other,,1/1/00 0:00,11.8954,1.0628,7/8/23 8:47,1.62,RIE,Ad Group Recall (Merged)
20230807,1773554957960190 ,TH,,,1/1/00 0:00,1.918,1.1115,7/8/23 8:47,0.54,Non-Auction Ads,Promote
20230807,1773554916818940 ,TH,,,1/1/00 0:00,1.5295,0.9397,7/8/23 8:47,0.54,Non-Auction Ads,Promote
20230807,1773559306918910 ,PL,,,1/1/00 0:00,0.6162,0.033,7/8/23 8:47,1.53,RIE,Promote Report Recall
20230807,1773560562292770 ,MY,MY,,1/1/00 0:00,4.26,1.4791,7/8/23 8:47,2.31,Auction Ads,auction_relation
20230807,1773487613596670 ,VN,,,1/1/00 0:00,1.6281,0.586,7/8/23 8:47,0.54,Non-Auction Ads,Promote
20230807,1773554967069690 ,TH,,,1/1/00 0:00,2.2134,1.7003,7/8/23 8:48,0.54,Non-Auction Ads,Promote
20230807,1773559876701210 ,SA,MENA,,1/1/00 0:00,29.4838,32.8328,7/8/23 8:53,1.78,Auction Ads,auction_relation
20230807,1773555294911490 ,TH,,,1/1/00 0:00,0.715,0.7676,7/8/23 8:47,0.54,Non-Auction Ads,Promote
20230807,1773559781916690 ,PH,PH,,1/1/00 0:00,15.44,8.5425,7/8/23 8:49,2.46,Auction Ads,auction_relation
20230807,1773571071800350 ,ES,ES,,1/1/00 0:00,3.26,0,7/8/23 8:47,1.37,Auction Ads,auction_relation
20230807,1773559493784590 ,MY,MY,,1/1/00 0:00,,2.0706,7/8/23 8:48,2.31,Auction Ads,auction_relation
20230807,1773559483141120 ,VN,VN,,1/1/00 0:00,,0.4402,7/8/23 8:48,2.13,RIE,Ad Group Recall (Merged)
20230807,1773559683139600 ,HU,Other,,1/1/00 0:00,1.87,2.4042,7/8/23 8:48,1.62,RIE,Ad Group Recall (Merged)
20230807,1773560557864970 ,PK,PK,,1/1/00 0:00,3.6374,5.5423,7/8/23 8:48,1.36,Auction Ads,auction_relation
20230807,1773560557864970 ,PK,PK,,1/1/00 0:00,3.6374,5.5423,7/8/23 8:48,1.36,Auction Ads,auction_relation
20230807,1773560557864970 ,PK,PK,,1/1/00 0:00,3.6374,5.5423,7/8/23 8:48,1.36,Auction Ads,auction_relation
20230807,1773560557864970 ,PK,PK,,1/1/00 0:00,3.6374,5.5423,7/8/23 8:48,1.36,Auction Ads,auction_relation
20230807,1773555242871800 ,TH,,,1/1/00 0:00,0.9313,0.3667,7/8/23 8:48,0.54,Non-Auction Ads,Promote
20230807,1773474381641720 ,SA,,,1/1/00 0:00,2.386,0.6915,7/8/23 8:48,0.54,Non-Auction Ads,Promote
20230807,1773558903802910 ,BR,,,1/1/00 0:00,2.436,1.4212,7/8/23 8:48,0.54,Non-Auction Ads,Promote
20230807,1773559655051310 ,BR,BR,,1/1/00 0:00,0.8,10.1556,7/8/23 8:49,1.99,Auction Ads,auction_all
20230807,1773559651508270 ,MY,MY,,1/1/00 0:00,6.4747,7.5981,7/8/23 8:49,2.31,Auction Ads,auction_relation
20230807,1773487939580930 ,VN,,,1/1/00 0:00,0.4431,0.3663,7/8/23 8:48,0.54,Non-Auction Ads,Promote
20230807,1773559608113200 ,TH,TH,,1/1/00 0:00,3.0338,6.2439,7/8/23 8:49,1.64,Auction Ads,auction_relation
20230807,1773559435204600 ,SA,,,1/1/00 0:00,16.0041,3.7255,7/8/23 8:49,0.54,Non-Auction Ads,Promote
20230807,1773559675449390 ,FR,FR,,1/1/00 0:00,4.87,2.924,7/8/23 8:49,1.97,Auction Ads,auction_relation
20230807,1773559843835930 ,NL,NL,,1/1/00 0:00,4.3,7.2416,7/8/23 8:50,1.19,Auction Ads,auction_relation
20230807,1773560519421950 ,ID,ID,,1/1/00 0:00,5.0633,0.6879,7/8/23 8:49,1.8,Auction Ads,auction_relation
20230807,1773559552995320 ,SA,,,1/1/00 0:00,187.562,16.2783,7/8/23 8:51,0.54,Non-Auction Ads,Promote
20230807,1773559577928730 ,VN,VN,,1/1/00 0:00,,0.4402,7/8/23 8:49,2.13,RIE,Ad Group Recall (Merged)
20230807,1773559547241470 ,SA,,,1/1/00 0:00,14.5435,2.735,7/8/23 8:49,0.54,Non-Auction Ads,Promote
20230807,1773558540643320 ,ID,,,1/1/00 0:00,1.0926,0.4871,7/8/23 8:49,0.54,Non-Auction Ads,Promote
20230807,1773559911490610 ,RO,RO,,1/1/00 0:00,5.36,3.1497,7/8/23 8:50,1.94,Auction Ads,auction_relation
20230807,1773555259037690 ,TH,,,1/1/00 0:00,0.6985,0.7676,7/8/23 8:49,0.54,Non-Auction Ads,Promote
20230807,1773555010606080 ,TH,,,1/1/00 0:00,0.7761,0.6556,7/8/23 8:49,0.54,Non-Auction Ads,Promote
20230807,1773559701858320 ,BR,BR,,1/1/00 0:00,18.18,6.1048,7/8/23 8:50,1.99,Auction Ads,auction_all
20230807,1773555780611120 ,CZ,CZ,,1/1/00 0:00,18.4434,0.4416,7/8/23 8:50,1.9,Auction Ads,auction_relation
20230807,1773559700242480 ,BH,Other,,1/1/00 0:00,9.25,1.9178,7/8/23 8:50,1.62,RIE,Ad Group Recall (Merged)
20230807,1773559695598590 ,BH,Other,,1/1/00 0:00,3.22,1.9178,7/8/23 8:50,1.62,RIE,Ad Group Recall (Merged)
20230807,1773488259310590 ,VN,,,1/1/00 0:00,1.0227,0.4405,7/8/23 8:50,0.54,Non-Auction Ads,Promote
20230807,1773559535131660 ,TW,TW,,1/1/00 0:00,0.8,1.9345,7/8/23 8:50,0.95,Auction Ads,auction_relation
20230807,1773559751955450 ,ID,ID,,1/1/00 0:00,5.33,2.7556,7/8/23 8:50,1.8,Auction Ads,auction_relation
20230807,1773559658143740 ,ID,ID,,1/1/00 0:00,12.5603,1.8515,7/8/23 8:50,1.8,Auction Ads,auction_relation
20230807,1773558614954010 ,TH,TH,,1/1/00 0:00,4.8951,2.7013,7/8/23 8:50,1.64,Auction Ads,auction_relation
20230807,1773563023917090 ,TH,TH,,1/1/00 0:00,0.01,0.7706,7/8/23 8:50,1.64,Auction Ads,auction_relation
20230807,1773559590503420 ,IL,,,1/1/00 0:00,41.4501,5.3185,7/8/23 8:51,0.54,Non-Auction Ads,Promote
20230807,1773558820284410 ,ID,,,1/1/00 0:00,7.1231,1.3441,7/8/23 8:50,0.54,Non-Auction Ads,Promote
20230807,1773559736958990 ,FR,FR,,1/1/00 0:00,,8.1367,7/8/23 8:52,1.97,Auction Ads,auction_relation
20230807,1773559551925290 ,BR,BR,,1/1/00 0:00,6.03,1.9345,7/8/23 8:50,1.99,Auction Ads,auction_all
20230807,1773488173152250 ,VN,,,1/1/00 0:00,4.3285,1.3278,7/8/23 8:50,0.54,Non-Auction Ads,Promote
20230807,1773559752532990 ,SA,,,1/1/00 0:00,22.9689,14.7889,7/8/23 8:54,0.54,Non-Auction Ads,Promote
20230807,1773555501589500 ,TH,,,1/1/00 0:00,0.9707,0.3435,7/8/23 8:51,0.54,Non-Auction Ads,Promote
20230807,1773559595476990 ,IL,,,1/1/00 0:00,22.2082,7.9129,7/8/23 8:53,0.54,Non-Auction Ads,Promote
20230807,1773558590078970 ,ID,,,1/1/00 0:00,0.9158,1.1341,7/8/23 8:51,0.54,Non-Auction Ads,Promote
20230807,1773559533488130 ,PH,,,1/1/00 0:00,15.8874,3.7516,7/8/23 8:52,0.54,Non-Auction Ads,Promote
20230807,1773560393660460 ,TH,TH,,1/1/00 0:00,8.17,3.118,7/8/23 8:52,1.64,Auction Ads,auction_relation
20230807,1773559462138880 ,NZ,,,1/1/00 0:00,0.9272,0.9454,7/8/23 8:51,1.53,RIE,Promote Report Recall
20230807,1773559812891660 ,TH,TH,,1/1/00 0:00,0.1,1.15,7/8/23 8:51,1.64,Auction Ads,auction_relation
20230807,1773559884139520 ,AE,MENA,,1/1/00 0:00,12.27,9.5947,7/8/23 8:54,1.78,Auction Ads,auction_relation
20230807,1773560116374530 ,MY,MY,,1/1/00 0:00,12.61,4.8474,7/8/23 8:53,2.31,Auction Ads,auction_relation
20230807,1773559860659260 ,FR,FR,,1/1/00 0:00,,2.924,7/8/23 8:52,1.97,Auction Ads,auction_relation
20230807,1773560072343580 ,BR,BR,,1/1/00 0:00,18.96,6.1048,7/8/23 8:53,1.99,Auction Ads,auction_all
20230807,1773474513515520 ,SA,,,1/1/00 0:00,2.5031,0.7131,7/8/23 8:52,0.54,Non-Auction Ads,Promote
20230807,1773559124551680 ,MY,,,1/1/00 0:00,1.1415,0.748,7/8/23 8:52,0.54,Non-Auction Ads,Promote
20230807,1773555737021440 ,TH,,,1/1/00 0:00,3.9598,0.7676,7/8/23 8:52,0.54,Non-Auction Ads,Promote
20230807,1773555099339770 ,TH,,,1/1/00 0:00,14.4762,0.981,7/8/23 8:52,0.54,Non-Auction Ads,Promote
20230807,1773559892303900 ,PH,PH,,1/1/00 0:00,15.45,8.5425,7/8/23 8:54,2.46,Auction Ads,auction_relation
20230807,1773559954600970 ,VN,VN,,1/1/00 0:00,15.5176,6.3236,7/8/23 8:54,2.14,Auction Ads,auction_relation
20230807,1773559871205390 ,MY,MY,,1/1/00 0:00,7.068,2.8683,7/8/23 8:53,2.31,Auction Ads,auction_relation
20230807,1773555516981250 ,TH,,,1/1/00 0:00,0.4659,0.589,7/8/23 8:53,0.54,Non-Auction Ads,Promote
20230807,1773559655179260 ,ID,,,1/1/00 0:00,0.4473,0.1569,7/8/23 8:53,1.53,RIE,Promote Report Recall
20230807,1773559857452030 ,ID,ID,,1/1/00 0:00,5.2867,1.8515,7/8/23 8:53,1.8,Auction Ads,auction_relation
20230807,1773555746684920 ,TH,,,1/1/00 0:00,1.2259,0.4322,7/8/23 8:53,0.54,Non-Auction Ads,Promote
20230807,1773560797834280 ,BR,BR,,1/1/00 0:00,46.87,64.2545,7/8/23 9:02,1.99,Auction Ads,auction_all
20230807,1773560797834280 ,BR,BR,,1/1/00 0:00,46.87,64.2545,7/8/23 9:02,1.7,RIE,Ad Group Recall (Merged)
20230807,1773560872577040 ,BR,BR,,1/1/00 0:00,17.81,64.2545,7/8/23 9:02,1.99,Auction Ads,auction_all
20230807,1773559800563710 ,RO,,,1/1/00 0:00,3.741,0.9067,7/8/23 8:54,1.53,RIE,Promote Report Recall
20230807,1773559922759720 ,TW,TW,,1/1/00 0:00,71.89,24.4538,7/8/23 8:56,0.95,Auction Ads,auction_relation
20230807,1773560531847180 ,MX,MX,,1/1/00 0:00,,1.2665,7/8/23 8:54,1.99,Auction Ads,auction_all
20230807,1773560531847180 ,MX,MX,,1/1/00 0:00,,1.2665,7/8/23 8:54,1.99,Auction Ads,auction_all
20230807,1773560052199520 ,GB,GB,,1/1/00 0:00,7.12,9.246,7/8/23 8:55,1.76,Auction Ads,auction_relation
20230807,1773559863615500 ,AE,MENA,,1/1/00 0:00,0.27,2.9341,7/8/23 8:54,1.67,RIE,Ad Group Recall (Merged)
20230807,1773555707463680 ,TH,,,1/1/00 0:00,0.9876,0.529,7/8/23 8:54,0.54,Non-Auction Ads,Promote
20230807,1773571260241930 ,UY,Other,,1/1/00 0:00,2.52,3.7815,7/8/23 8:54,1.62,RIE,Ad Group Recall (Merged)
20230807,1773560531862570 ,MX,MX,,1/1/00 0:00,,1.2665,7/8/23 8:54,1.99,Auction Ads,auction_all
20230807,1773560531862570 ,MX,MX,,1/1/00 0:00,,1.2665,7/8/23 8:54,1.99,Auction Ads,auction_all
20230807,1773559731217440 ,GB,GB,,1/1/00 0:00,9.01,5.8726,7/8/23 8:55,1.72,RIE,Ad Group Recall (Merged)
20230807,1773559731217440 ,IE,Other,,1/1/00 0:00,9.01,5.8726,7/8/23 8:55,1.62,RIE,Ad Group Recall (Merged)
20230807,1773559731217440 ,US,US&CA,,1/1/00 0:00,9.01,5.8726,7/8/23 8:55,1.81,RIE,Ad Group Recall (Merged)
20230807,1773559731217440 ,CA,US&CA,,1/1/00 0:00,9.01,5.8726,7/8/23 8:55,1.81,RIE,Ad Group Recall (Merged)
20230807,1773559731217440 ,NZ,Other,,1/1/00 0:00,9.01,5.8726,7/8/23 8:55,1.62,RIE,Ad Group Recall (Merged)
20230807,1773559049279480 ,ID,,,1/1/00 0:00,0.434,0.2971,7/8/23 8:54,0.54,Non-Auction Ads,Promote
20230807,1773560208546880 ,SA,MENA,,1/1/00 0:00,,1.0643,7/8/23 8:54,1.78,Auction Ads,auction_relation
20230807,1773384356097020 ,SA,,,1/1/00 0:00,2.3992,1.0186,7/8/23 8:55,0.54,Non-Auction Ads,Promote
20230807,1773558120923140 ,HU,,,1/1/00 0:00,0.9866,0.394,7/8/23 8:54,0.54,Non-Auction Ads,Promote
20230807,1773556208196610 ,US,US&CA,,1/1/00 0:00,12.88,13.5432,7/8/23 8:56,1.81,RIE,Ad Group Recall (Merged)
20230807,1773559876550670 ,KW,Other,,1/1/00 0:00,7.05,2.9341,7/8/23 8:55,1.62,RIE,Ad Group Recall (Merged)
20230807,1773559901126700 ,SE,SE,,1/1/00 0:00,25.01,3.7142,7/8/23 8:55,1.4,Auction Ads,auction_relation
20230807,1773559808774140 ,VN,,,1/1/00 0:00,0.9194,0.4166,7/8/23 8:55,1.53,RIE,Promote Report Recall
20230807,1773571843971090 ,MX,Other,,1/1/00 0:00,3.83,3.7815,7/8/23 8:55,1.62,RIE,Ad Group Recall (Merged)
20230807,1773559897027650 ,KH,,,1/1/00 0:00,12.9799,1.9418,7/8/23 8:55,0.54,Non-Auction Ads,Promote
20230807,1773560443101210 ,MY,MY,,1/1/00 0:00,,6.4847,7/8/23 8:55,2.31,Auction Ads,auction_relation
20230807,1773556323433520 ,DK,DK,,1/1/00 0:00,12.63,5.9567,7/8/23 8:55,1.31,Auction Ads,auction_relation
20230807,1773556323433520 ,IE,IE,,1/1/00 0:00,12.63,5.9567,7/8/23 8:55,1.52,Auction Ads,auction_relation
20230807,1773556323433520 ,CH,CH,,1/1/00 0:00,12.63,5.9567,7/8/23 8:55,0.93,Auction Ads,auction_relation
20230807,1773556323433520 ,NO,Others,,1/1/00 0:00,12.63,5.9567,7/8/23 8:55,1.56,Auction Ads,auction_all
20230807,1773556323433520 ,FI,Others,,1/1/00 0:00,12.63,5.9567,7/8/23 8:55,1.56,Auction Ads,auction_all
20230807,1773556323433520 ,GB,GB,,1/1/00 0:00,12.63,5.9567,7/8/23 8:55,1.76,Auction Ads,auction_relation
20230807,1773559191311360 ,ID,,,1/1/00 0:00,0.5746,0.1553,7/8/23 8:55,0.54,Non-Auction Ads,Promote
20230807,1773488878273530 ,VN,,,1/1/00 0:00,0.4547,0.1489,7/8/23 8:55,0.54,Non-Auction Ads,Promote
20230807,1773560200954920 ,DE,DE,,1/1/00 0:00,2.27,2.924,7/8/23 8:55,1.01,Auction Ads,auction_relation
20230807,1773560197192700 ,IT,IT,,1/1/00 0:00,12.77,2.924,7/8/23 8:55,1.36,Auction Ads,auction_relation
20230807,1773560039387170 ,TH,TH,,1/1/00 0:00,,4.6629,7/8/23 8:55,1.64,Auction Ads,auction_relation
20230807,1773384547490810 ,SA,,,1/1/00 0:00,2.3484,0.9614,7/8/23 8:55,0.54,Non-Auction Ads,Promote
20230807,1773559858919420 ,KW,,,1/1/00 0:00,11.2801,2.1433,7/8/23 8:55,0.54,Non-Auction Ads,Promote
20230807,1773474920535040 ,SA,,,1/1/00 0:00,2.3618,0.7684,7/8/23 8:55,0.54,Non-Auction Ads,Promote
20230807,1773560454972440 ,SA,MENA,,1/1/00 0:00,,14.7946,7/8/23 8:58,1.78,Auction Ads,auction_relation
20230807,1773560454972440 ,SA,MENA,,1/1/00 0:00,,14.7946,7/8/23 8:58,1.78,Auction Ads,auction_relation
20230807,1773560265310200 ,KH,KH,,1/1/00 0:00,16.65,5.7047,7/8/23 8:56,1.5,Auction Ads,auction_relation
20230807,1773556900781070 ,US,USCA,,1/1/00 0:00,32.09,81.3512,7/8/23 9:06,1.78,Auction Ads,auction_relation
20230807,1773556900781070 ,CA,USCA,,1/1/00 0:00,32.09,81.3512,7/8/23 9:06,1.78,Auction Ads,auction_relation
20230807,1773559436010490 ,MY,,,1/1/00 0:00,1.2183,1.6793,7/8/23 8:56,0.54,Non-Auction Ads,Promote
20230807,1773489082592250 ,VN,,,1/1/00 0:00,0.4117,0.3398,7/8/23 8:56,0.54,Non-Auction Ads,Promote
20230807,1773561660992520 ,JP,JP,,1/1/00 0:00,239.7,153.5586,7/8/23 9:16,2.16,Auction Ads,auction_all
20230807,1773555779992570 ,TH,,,1/1/00 0:00,0.6025,0.1706,7/8/23 8:56,0.54,Non-Auction Ads,Promote
20230807,1773560729963520 ,TH,TH,,1/1/00 0:00,,0.9223,7/8/23 8:56,1.64,Auction Ads,auction_relation
20230807,1773559993741310 ,MY,,,1/1/00 0:00,13.1129,3.3995,7/8/23 8:56,1.53,RIE,Promote Report Recall
20230807,1773384873657340 ,SA,,,1/1/00 0:00,11.9339,2.2213,7/8/23 8:56,0.54,Non-Auction Ads,Promote
20230807,1773556625431550 ,TW,TW,,1/1/00 0:00,28.66,17.7591,7/8/23 8:59,0.95,Auction Ads,auction_relation
20230807,1773555696392190 ,TH,,,1/1/00 0:00,5.5083,0.7676,7/8/23 8:56,0.54,Non-Auction Ads,Promote
20230807,1773559351925760 ,MY,,,1/1/00 0:00,0.5931,0.3649,7/8/23 8:56,0.54,Non-Auction Ads,Promote
20230807,1772988094426110 ,TH,,,1/1/00 0:00,6.16,1.4465,7/8/23 8:57,1.53,RIE,Promote Report Recall
20230807,1773564063260670 ,BE,BE,,1/1/00 0:00,9.43,5.0693,7/8/23 8:57,1.15,Auction Ads,auction_relation
20230807,1773556022298620 ,TH,,,1/1/00 0:00,0.5634,1.7824,7/8/23 8:57,0.54,Non-Auction Ads,Promote
20230807,1773560332506140 ,MY,MY,,1/1/00 0:00,4.2571,1.7583,7/8/23 8:57,2.31,Auction Ads,auction_relation
20230807,1773475429087230 ,SA,,,1/1/00 0:00,3.6147,0.6273,7/8/23 8:57,1.53,RIE,Promote Report Recall
20230807,1773475429087230 ,SA,,,1/1/00 0:00,3.6147,0.6273,7/8/23 8:57,0.54,Non-Auction Ads,Promote
20230807,1773565456402440 ,JP,JP,,1/1/00 0:00,,24.3043,7/8/23 9:00,2.16,Auction Ads,auction_all
20230807,1773559828879360 ,RO,,,1/1/00 0:00,10.257,4.3473,7/8/23 8:57,0.54,Non-Auction Ads,Promote
20230807,1773489183585280 ,VN,,,1/1/00 0:00,0.4279,0.4422,7/8/23 8:57,0.54,Non-Auction Ads,Promote
20230807,1773560153836620 ,PK,PK,,1/1/00 0:00,1.04,0.3141,7/8/23 8:57,1.36,Auction Ads,auction_relation
20230807,1773560682206320 ,TH,TH,,1/1/00 0:00,15.94,5.8453,7/8/23 8:58,1.87,RIE,Ad Group Recall (Merged)
20230807,1773521119088640 ,IT,,,1/1/00 0:00,2.1677,0.033,7/8/23 8:57,0.54,Non-Auction Ads,Promote
20230807,1773559666824190 ,MY,,,1/1/00 0:00,1.6886,0.343,7/8/23 8:57,1.53,RIE,Promote Report Recall
20230807,1773562375195690 ,TH,TH,,1/1/00 0:00,361.1883,131.1293,7/8/23 9:14,1.64,Auction Ads,auction_relation
20230807,1773562375195690 ,TH,TH,,1/1/00 0:00,361.1883,131.1293,7/8/23 9:14,1.87,RIE,Ad Group Recall (Merged)
20230807,1773556222584830 ,TH,,,1/1/00 0:00,1.8318,1.1011,7/8/23 8:57,0.54,Non-Auction Ads,Promote
20230807,1773560737595440 ,FR,FR,,1/1/00 0:00,,8.1367,7/8/23 8:59,1.97,Auction Ads,auction_relation
20230807,1773561270504480 ,TR,TR,,1/1/00 0:00,,0,7/8/23 8:57,0.83,Auction Ads,auction_relation
20230807,1773560121457690 ,ID,ID,,1/1/00 0:00,8.36,2.7556,7/8/23 8:58,1.8,Auction Ads,auction_relation
20230807,1773559312561150 ,ID,,,1/1/00 0:00,0.425,0.6338,7/8/23 8:58,0.54,Non-Auction Ads,Promote
20230807,1773560460385320 ,MY,MY,,1/1/00 0:00,,3.581,7/8/23 8:58,2.31,Auction Ads,auction_relation
20230807,1773489282690050 ,VN,,,1/1/00 0:00,0.4147,1.0169,7/8/23 8:58,0.54,Non-Auction Ads,Promote
20230807,1773560894653470 ,ID,ID,,1/1/00 0:00,,101.245,7/8/23 9:10,1.8,Auction Ads,auction_relation
20230807,1773560018178050 ,TH,,,1/1/00 0:00,9.42,5.1821,7/8/23 8:59,1.53,RIE,Promote Report Recall
20230807,1773560161505390 ,MX,MX,,1/1/00 0:00,1.14,1.9766,7/8/23 8:58,1.99,Auction Ads,auction_all
20230807,1773560373597200 ,BR,BR,,1/1/00 0:00,19.18,6.1048,7/8/23 8:59,1.99,Auction Ads,auction_all
20230807,1773489053785080 ,VN,,,1/1/00 0:00,0.4152,0.2955,7/8/23 8:58,0.54,Non-Auction Ads,Promote
20230807,1773559602012160 ,ID,,,1/1/00 0:00,0.4495,0.304,7/8/23 8:58,0.54,Non-Auction Ads,Promote
20230807,1773560089374720 ,TH,,,1/1/00 0:00,5.89,2.0241,7/8/23 8:59,1.53,RIE,Promote Report Recall
20230807,1773560200571950 ,ID,ID,,1/1/00 0:00,3.41,2.7556,7/8/23 8:59,1.8,Auction Ads,auction_relation
20230807,1773556417927200 ,DK,DK,,1/1/00 0:00,13.44,5.9567,7/8/23 8:59,1.31,Auction Ads,auction_relation
20230807,1773556417927200 ,IE,IE,,1/1/00 0:00,13.44,5.9567,7/8/23 8:59,1.52,Auction Ads,auction_relation
20230807,1773556417927200 ,FI,Others,,1/1/00 0:00,13.44,5.9567,7/8/23 8:59,1.56,Auction Ads,auction_all
20230807,1773556417927200 ,CH,CH,,1/1/00 0:00,13.44,5.9567,7/8/23 8:59,0.93,Auction Ads,auction_relation
20230807,1773559598986240 ,ID,,,1/1/00 0:00,0.5948,0.1421,7/8/23 8:59,0.54,Non-Auction Ads,Promote
20230807,1773489404480570 ,VN,,,1/1/00 0:00,0.4899,0.1636,7/8/23 8:59,0.54,Non-Auction Ads,Promote
20230807,1773560392162370 ,TH,TH,,1/1/00 0:00,12.3708,29.2452,7/8/23 9:02,1.64,Auction Ads,auction_relation
20230807,1773556266051600 ,GB,GB,,1/1/00 0:00,32.1901,16.7318,7/8/23 9:00,1.76,Auction Ads,auction_relation
20230807,1773559324566520 ,ID,,,1/1/00 0:00,0.4964,0.2215,7/8/23 8:59,0.54,Non-Auction Ads,Promote
20230807,1773539429082140 ,US,US&CA,,1/1/00 0:00,84.99,11.5868,7/8/23 9:00,1.81,RIE,Ad Group Recall (Merged)
20230807,1773552123474970 ,BR,BR,,1/1/00 0:00,104.16,10.1556,7/8/23 9:00,1.99,Auction Ads,auction_all
20230807,1773552123472910 ,BR,BR,,1/1/00 0:00,107.79,10.1556,7/8/23 9:00,1.99,Auction Ads,auction_all
20230807,1773552116986890 ,BR,BR,,1/1/00 0:00,82.06,10.1556,7/8/23 9:00,1.99,Auction Ads,auction_all
20230807,1773558883023900 ,BR,BR,,1/1/00 0:00,15.58,10.1556,7/8/23 9:00,1.99,Auction Ads,auction_all
20230807,1773551120104450 ,AU,AU,,1/1/00 0:00,5.85,9.8702,7/8/23 9:00,1.84,Auction Ads,auction_relation
20230807,1773560422926380 ,TH,TH,,1/1/00 0:00,8.079,8.5237,7/8/23 9:00,1.64,Auction Ads,auction_relation
20230807,1773546041103390 ,AE,MENA,,1/1/00 0:00,6.1313,4.9709,7/8/23 9:00,1.67,RIE,Ad Group Recall (Merged)
20230807,1773557778591790 ,TW,TW,,1/1/00 0:00,8.44,4.0357,7/8/23 9:00,0.95,Auction Ads,auction_relation
20230807,1773522826130480 ,US,US&CA,,1/1/00 0:00,0.24,3.9256,7/8/23 9:00,1.81,RIE,Ad Group Recall (Merged)
20230807,1773527414535180 ,US,US&CA,,1/1/00 0:00,5.07,3.9256,7/8/23 9:00,1.81,RIE,Ad Group Recall (Merged)
20230807,1773536967558190 ,GB,GB,,1/1/00 0:00,6.02,3.8417,7/8/23 9:00,1.76,Auction Ads,auction_relation
20230807,1773558102744090 ,OM,Others,,1/1/00 0:00,9.0417,4.4993,7/8/23 9:00,1.56,Auction Ads,auction_all
20230807,1773476249101310 ,SA,,,1/1/00 0:00,7.746,2.2422,7/8/23 9:00,0.54,Non-Auction Ads,Promote
20230807,1773542120122380 ,PE,PE,,1/1/00 0:00,5.0929,0.8472,7/8/23 9:00,1.68,Auction Ads,auction_all
20230807,1773557184768010 ,CA,USCA,,1/1/00 0:00,,4.5355,7/8/23 9:00,1.78,Auction Ads,auction_relation
20230807,1773543121020930 ,BR,BR,,1/1/00 0:00,3.3369,0.6803,7/8/23 9:00,1.99,Auction Ads,auction_all
20230807,1773543121020930 ,BR,BR,,1/1/00 0:00,3.3369,0.6803,7/8/23 9:00,1.99,Auction Ads,auction_all
20230807,1773543367630920 ,BR,BR,,1/1/00 0:00,1.9907,0.6803,7/8/23 9:00,1.99,Auction Ads,auction_all
20230807,1773529954709520 ,BR,BR,,1/1/00 0:00,2.5347,0.6752,7/8/23 9:00,1.99,Auction Ads,auction_all
20230807,1773561765774380 ,ID,ID,,1/1/00 0:00,6.7963,7.7846,7/8/23 9:00,1.8,Auction Ads,auction_relation
20230807,1773551240418300 ,BR,BR,,1/1/00 0:00,120.54,0.1681,7/8/23 9:00,1.7,RIE,Ad Group Recall (Merged)
20230807,1773560455729230 ,ID,ID,,1/1/00 0:00,5.35,1.7782,7/8/23 9:00,1.8,Auction Ads,auction_relation
20230807,1773560456791070 ,PH,PH,,1/1/00 0:00,2.25,8.5425,7/8/23 9:01,2.46,Auction Ads,auction_relation
20230807,1773559555474430 ,ID,,,1/1/00 0:00,2.4094,0.3056,7/8/23 9:00,0.54,Non-Auction Ads,Promote
20230807,1773560521273360 ,KZ,KZ,,1/1/00 0:00,4.34,3.5038,7/8/23 9:00,2,Auction Ads,auction_relation
20230807,1773560521273360 ,KZ,Other,,1/1/00 0:00,4.34,3.5038,7/8/23 9:00,1.62,RIE,Ad Group Recall (Merged)
20230807,1773560379145260 ,HU,Other,,1/1/00 0:00,5.11,3.316,7/8/23 9:00,1.62,RIE,Ad Group Recall (Merged)
20230807,1773560958954490 ,MY,MY,,1/1/00 0:00,3.33,4.8474,7/8/23 9:01,2.31,Auction Ads,auction_relation
20230807,1773559389154300 ,ID,,,1/1/00 0:00,2.061,0.4486,7/8/23 9:00,0.54,Non-Auction Ads,Promote
20230807,1773531261207600 ,BR,BR,,1/1/00 0:00,,1.0283,7/8/23 9:00,1.99,Auction Ads,auction_all
20230807,1773531261207600 ,BR,BR,,1/1/00 0:00,,1.0283,7/8/23 9:00,1.99,Auction Ads,auction_all
20230807,1773560291373050 ,TH,,,1/1/00 0:00,43.2137,6.0411,7/8/23 9:02,0.54,Non-Auction Ads,Promote
20230807,1773489414334460 ,VN,,,1/1/00 0:00,0.4331,1.0169,7/8/23 9:00,0.54,Non-Auction Ads,Promote
20230807,1773560217073670 ,HU,,,1/1/00 0:00,11.0357,6.3075,7/8/23 9:02,0.54,Non-Auction Ads,Promote
20230807,1773556323906560 ,TH,,,1/1/00 0:00,0.5953,0.7732,7/8/23 9:00,0.54,Non-Auction Ads,Promote
20230807,1773560041627650 ,BR,,,1/1/00 0:00,2.8068,1.7104,7/8/23 9:01,0.54,Non-Auction Ads,Promote
20230807,1773560411619370 ,MY,MY,,1/1/00 0:00,13.4492,3.3889,7/8/23 9:01,2.31,Auction Ads,auction_relation
20230807,1773556032685050 ,TH,,,1/1/00 0:00,0.5402,0.8146,7/8/23 9:01,0.54,Non-Auction Ads,Promote
20230807,1773562340651090 ,EC,Others,,1/1/00 0:00,386.51,249.6871,7/8/23 9:34,1.56,Auction Ads,auction_all
20230807,1773560500329520 ,CO,CO,,1/1/00 0:00,0.69,1.4287,7/8/23 9:01,1.93,Auction Ads,auction_all
20230807,1773556327614460 ,TH,,,1/1/00 0:00,0.5352,0.4345,7/8/23 9:01,0.54,Non-Auction Ads,Promote
20230807,1773575481808910 ,US,USCA,,1/1/00 0:00,,16.4171,7/8/23 9:03,1.78,Auction Ads,auction_relation
20230807,1773558317009930 ,SA,MENA,,1/1/00 0:00,,0.1334,7/8/23 9:01,1.67,RIE,Ad Group Recall (Merged)
20230807,1773560243854330 ,PH,,,1/1/00 0:00,9.1252,2.6911,7/8/23 9:02,1.53,RIE,Promote Report Recall
20230807,1773560604567550 ,ID,ID,,1/1/00 0:00,14.2589,3.5336,7/8/23 9:02,1.8,Auction Ads,auction_relation
20230807,1773560448847920 ,DE,DE,,1/1/00 0:00,15.27,11.05,7/8/23 9:02,1.01,Auction Ads,auction_relation
20230807,1773556368703490 ,TH,,,1/1/00 0:00,10.0797,2.3185,7/8/23 9:02,0.54,Non-Auction Ads,Promote
20230807,1773556956036090 ,PH,,,1/1/00 0:00,0.1835,0.0916,7/8/23 9:02,0.54,Non-Auction Ads,Promote
20230807,1773556641648690 ,ES,ES,,1/1/00 0:00,,0,7/8/23 9:02,1.37,Auction Ads,auction_relation
20230807,1773560694222840 ,TH,TH,,1/1/00 0:00,9.1359,17.6034,7/8/23 9:04,1.64,Auction Ads,auction_relation
20230807,1773560694222840 ,TH,TH,,1/1/00 0:00,9.1359,17.6034,7/8/23 9:04,1.87,RIE,Ad Group Recall (Merged)
20230807,1773561032022030 ,BR,BR,,1/1/00 0:00,120.1,63.7505,7/8/23 9:09,1.99,Auction Ads,auction_all
20230807,1773560340094990 ,RO,Other,,1/1/00 0:00,,3.1953,7/8/23 9:02,1.62,RIE,Ad Group Recall (Merged)
20230807,1773560326242350 ,RO,Other,,1/1/00 0:00,,3.1953,7/8/23 9:02,1.62,RIE,Ad Group Recall (Merged)
20230807,1773560373206030 ,RO,Other,,1/1/00 0:00,,3.1953,7/8/23 9:02,1.62,RIE,Ad Group Recall (Merged)
20230807,1773560346964990 ,RO,Other,,1/1/00 0:00,0.2,3.1953,7/8/23 9:02,1.62,RIE,Ad Group Recall (Merged)
20230807,1773560360643630 ,RO,Other,,1/1/00 0:00,0.47,3.1953,7/8/23 9:02,1.62,RIE,Ad Group Recall (Merged)
20230807,1773560348301360 ,RO,Other,,1/1/00 0:00,,3.1953,7/8/23 9:02,1.62,RIE,Ad Group Recall (Merged)
20230807,1773560346084370 ,RO,Other,,1/1/00 0:00,,3.1953,7/8/23 9:02,1.62,RIE,Ad Group Recall (Merged)
20230807,1773560338494490 ,RO,Other,,1/1/00 0:00,,3.1953,7/8/23 9:02,1.62,RIE,Ad Group Recall (Merged)
20230807,1773558588959740 ,SA,MENA,,1/1/00 0:00,0.07,4.4566,7/8/23 9:02,1.78,Auction Ads,auction_relation
20230807,1773560469424160 ,PK,Other,,1/1/00 0:00,22.65,0.7206,7/8/23 9:02,1.62,RIE,Ad Group Recall (Merged)
20230807,1773556216972290 ,PH,,,1/1/00 0:00,0.4695,0.1239,7/8/23 9:02,0.54,Non-Auction Ads,Promote
20230807,1773560399519740 ,TH,TH,,1/1/00 0:00,3.85,0.3062,7/8/23 9:02,1.64,Auction Ads,auction_relation
20230807,1773559425750030 ,AT,AT,,1/1/00 0:00,,5.8448,7/8/23 9:03,0.89,Auction Ads,auction_relation
20230807,1773560374857730 ,BH,Others,,1/1/00 0:00,17.9,1.8792,7/8/23 9:02,1.56,Auction Ads,auction_all
20230807,1773560374857730 ,SA,MENA,,1/1/00 0:00,17.9,1.8792,7/8/23 9:02,1.78,Auction Ads,auction_relation
20230807,1773560374857730 ,BH,Others,,1/1/00 0:00,17.9,1.8792,7/8/23 9:02,1.56,Auction Ads,auction_all
20230807,1773560374857730 ,AE,MENA,,1/1/00 0:00,17.9,1.8792,7/8/23 9:02,1.78,Auction Ads,auction_relation
20230807,1773560591891480 ,BR,BR,,1/1/00 0:00,,6.1048,7/8/23 9:03,1.99,Auction Ads,auction_all
20230807,1773560764524560 ,ID,ID,,1/1/00 0:00,4.5893,1.8515,7/8/23 9:02,1.8,Auction Ads,auction_relation
20230807,1773385707354110 ,SA,,,1/1/00 0:00,3.2279,1.0825,7/8/23 9:03,0.54,Non-Auction Ads,Promote
20230807,1773560383685630 ,SA,,,1/1/00 0:00,24.7182,1.1836,7/8/23 9:03,0.54,Non-Auction Ads,Promote
20230807,1773559281104890 ,ID,,,1/1/00 0:00,0.5743,0.2131,7/8/23 9:03,0.54,Non-Auction Ads,Promote
20230807,1773560286565370 ,TH,,,1/1/00 0:00,1.2572,0.3863,7/8/23 9:03,1.53,RIE,Promote Report Recall
20230807,1773556452215810 ,PH,,,1/1/00 0:00,1.1578,0.4095,7/8/23 9:03,0.54,Non-Auction Ads,Promote
20230807,1773560207165440 ,GB,,,1/1/00 0:00,6.2344,2.245,7/8/23 9:04,0.54,Non-Auction Ads,Promote
20230807,1773489437418490 ,VN,,,1/1/00 0:00,0.3957,0.7348,7/8/23 9:03,0.54,Non-Auction Ads,Promote
20230807,1773560225766400 ,ID,,,1/1/00 0:00,0.3955,0.3155,7/8/23 9:03,0.54,Non-Auction Ads,Promote
20230807,1773560221228030 ,BR,,,1/1/00 0:00,4.3995,0.4067,7/8/23 9:03,0.54,Non-Auction Ads,Promote
20230807,1773560514654220 ,ID,ID,,1/1/00 0:00,4.33,3.6808,7/8/23 9:04,2.05,RIE,Ad Group Recall (Merged)
20230807,1773560435349510 ,PL,,,1/1/00 0:00,8.9024,2.2644,7/8/23 9:04,0.54,Non-Auction Ads,Promote
20230807,1773560582106160 ,PH,PH,,1/1/00 0:00,15.51,8.5425,7/8/23 9:05,2.46,Auction Ads,auction_relation
20230807,1773560948583450 ,TH,TH,,1/1/00 0:00,22.4,6.7255,7/8/23 9:04,1.87,RIE,Ad Group Recall (Merged)
20230807,1773556731800570 ,PH,,,1/1/00 0:00,0.2345,0.1609,7/8/23 9:04,0.54,Non-Auction Ads,Promote
20230807,1773560170935290 ,ID,,,1/1/00 0:00,0.4708,0.5388,7/8/23 9:04,0.54,Non-Auction Ads,Promote
20230807,1773560552967170 ,PH,PH,,1/1/00 0:00,,0.002,7/8/23 9:04,2.46,Auction Ads,auction_relation
20230807,1773556795245600 ,BR,BR,,1/1/00 0:00,,5.6029,7/8/23 9:05,1.99,Auction Ads,auction_all
20230807,1773556935729200 ,NO,Others,,1/1/00 0:00,24.51,11.4159,7/8/23 9:06,1.56,Auction Ads,auction_all
20230807,1773575594139660 ,US,USCA,,1/1/00 0:00,3,5.7004,7/8/23 9:05,1.78,Auction Ads,auction_relation
20230807,1773560571444230 ,ES,,,1/1/00 0:00,73.2394,10.8841,7/8/23 9:06,0.54,Non-Auction Ads,Promote
20230807,1773558741457920 ,DE,,,1/1/00 0:00,6.1399,1.5665,7/8/23 9:04,0.54,Non-Auction Ads,Promote
20230807,1773560534522880 ,ID,ID,,1/1/00 0:00,0.18,0.6564,7/8/23 9:04,1.8,Auction Ads,auction_relation
20230807,1773560535035900 ,ID,ID,,1/1/00 0:00,0.13,0.6564,7/8/23 9:04,1.8,Auction Ads,auction_relation
20230807,1773560535342080 ,ID,ID,,1/1/00 0:00,0.28,0.6564,7/8/23 9:04,1.8,Auction Ads,auction_relation
20230807,1773561022568440 ,ID,ID,,1/1/00 0:00,4.2,1.7782,7/8/23 9:04,1.8,Auction Ads,auction_relation
20230807,1773560303325190 ,TH,,,1/1/00 0:00,2.62,3.6864,7/8/23 9:05,1.53,RIE,Promote Report Recall
20230807,1773559594762240 ,ID,,,1/1/00 0:00,0.3266,0.1976,7/8/23 9:04,0.54,Non-Auction Ads,Promote
20230807,1773476299792380 ,SA,,,1/1/00 0:00,1.2369,0.7228,7/8/23 9:04,0.54,Non-Auction Ads,Promote
20230807,1773476299792380 ,SA,,,1/1/00 0:00,1.2369,0.7228,7/8/23 9:04,1.53,RIE,Promote Report Recall
20230807,1773561364553740 ,TW,TW,,1/1/00 0:00,,8.6306,7/8/23 9:06,0.95,Auction Ads,auction_relation
20230807,1773561536373770 ,CZ,Other,,1/1/00 0:00,1.66,2.9732,7/8/23 9:05,1.62,RIE,Ad Group Recall (Merged)
20230807,1773561781708810 ,JP,JP,,1/1/00 0:00,16.3659,6.0961,7/8/23 9:06,2.16,Auction Ads,auction_all
20230807,1773564395014160 ,DE,DE,,1/1/00 0:00,11.24,10.2947,7/8/23 9:06,1.01,Auction Ads,auction_relation
20230807,1773562215132170 ,ID,ID,,1/1/00 0:00,3.51,2.2084,7/8/23 9:05,1.8,Auction Ads,auction_relation
20230807,1773559575482430 ,ID,,,1/1/00 0:00,0.6976,0.5013,7/8/23 9:05,0.54,Non-Auction Ads,Promote
20230807,1773560312605690 ,MY,,,1/1/00 0:00,1.8091,1.1049,7/8/23 9:05,1.53,RIE,Promote Report Recall
20230807,1773556537884670 ,TH,,,1/1/00 0:00,,0.849,7/8/23 9:05,0.54,Non-Auction Ads,Promote
20230807,1773575576206350 ,ES,ES,,1/1/00 0:00,1.69,2.671,7/8/23 9:06,1.37,Auction Ads,auction_relation
20230807,1773560792291370 ,GB,GB,,1/1/00 0:00,0.41,1.1528,7/8/23 9:06,1.76,Auction Ads,auction_relation
20230807,1773560473120760 ,PH,,,1/1/00 0:00,0.1925,0.2557,7/8/23 9:05,1.53,RIE,Promote Report Recall
20230807,1773560575319050 ,SA,MENA,,1/1/00 0:00,8.05,1.8792,7/8/23 9:06,1.78,Auction Ads,auction_relation
20230807,1773562552077310 ,ID,ID,,1/1/00 0:00,11.0015,4.9879,7/8/23 9:06,1.8,Auction Ads,auction_relation
20230807,1773489808224250 ,VN,,,1/1/00 0:00,1.9776,0.2072,7/8/23 9:05,0.54,Non-Auction Ads,Promote
20230807,1773562584879100 ,NZ,NZ,,1/1/00 0:00,62.5,97.6513,7/8/23 9:19,1.58,Auction Ads,auction_relation
20230807,1773556554161150 ,TH,,,1/1/00 0:00,9.8174,1.63,7/8/23 9:06,0.54,Non-Auction Ads,Promote
20230807,1773560697163770 ,TH,TH,,1/1/00 0:00,9.6727,8.5237,7/8/23 9:07,1.64,Auction Ads,auction_relation
20230807,1773560697163770 ,TH,TH,,1/1/00 0:00,9.6727,8.5237,7/8/23 9:07,1.64,Auction Ads,auction_relation
20230807,1773560661411870 ,BR,BR,,1/1/00 0:00,23.73,5.0715,7/8/23 9:06,1.99,Auction Ads,auction_all
20230807,1773558511641600 ,IT,,,1/1/00 0:00,2.2883,0.6831,7/8/23 9:06,0.54,Non-Auction Ads,Promote
20230807,1773560716837900 ,PH,PH,,1/1/00 0:00,0.0002,0.002,7/8/23 9:06,2.46,Auction Ads,auction_relation
20230807,1773558313276410 ,PH,,,1/1/00 0:00,0.2436,0.44,7/8/23 9:06,0.54,Non-Auction Ads,Promote
20230807,1773557246872590 ,GB,GB,,1/1/00 0:00,31.5376,27.5513,7/8/23 9:08,1.76,Auction Ads,auction_relation
20230807,1773560957199360 ,SA,MENA,,1/1/00 0:00,35.0395,1.7843,7/8/23 9:06,1.67,RIE,Ad Group Recall (Merged)
20230807,1773560711811090 ,MY,MY,,1/1/00 0:00,6.86,0.9673,7/8/23 9:06,2.31,Auction Ads,auction_relation
20230807,1773560711811090 ,MY,MY,,1/1/00 0:00,6.86,0.9673,7/8/23 9:06,2.31,Auction Ads,auction_relation
20230807,1773561272910930 ,TH,TH,,1/1/00 0:00,8.01,3.2674,7/8/23 9:06,1.64,Auction Ads,auction_relation
20230807,1773575535493160 ,US,USCA,,1/1/00 0:00,4.44,0.2926,7/8/23 9:06,1.78,Auction Ads,auction_relation
20230807,1773560695214140 ,PL,PL,,1/1/00 0:00,5.19,3.0227,7/8/23 9:07,1.64,Auction Ads,auction_relation
20230807,1773558436635640 ,PH,,,1/1/00 0:00,0.5162,0.2273,7/8/23 9:07,0.54,Non-Auction Ads,Promote
20230807,1773560953019390 ,GB,GB,,1/1/00 0:00,,8.5415,7/8/23 9:07,1.76,Auction Ads,auction_relation
20230807,1773575719867410 ,US,USCA,,1/1/00 0:00,,0.2926,7/8/23 9:07,1.78,Auction Ads,auction_relation
20230807,1773556900774920 ,BR,BR,,1/1/00 0:00,0.38,5.6029,7/8/23 9:07,1.99,Auction Ads,auction_all
20230807,1773556900770840 ,BR,BR,,1/1/00 0:00,0.43,5.6029,7/8/23 9:07,1.99,Auction Ads,auction_all
20230807,1773556900790280 ,BR,BR,,1/1/00 0:00,,5.6029,7/8/23 9:07,1.99,Auction Ads,auction_all
20230807,1773556895493170 ,BR,BR,,1/1/00 0:00,0.47,5.6029,7/8/23 9:07,1.99,Auction Ads,auction_all
20230807,1773556900781050 ,BR,BR,,1/1/00 0:00,0.49,5.6029,7/8/23 9:07,1.99,Auction Ads,auction_all
20230807,1773556917117970 ,BR,BR,,1/1/00 0:00,7.41,5.6029,7/8/23 9:07,1.99,Auction Ads,auction_all
20230807,1773556900777980 ,BR,BR,,1/1/00 0:00,,5.6029,7/8/23 9:07,1.99,Auction Ads,auction_all
20230807,1773556900767790 ,BR,BR,,1/1/00 0:00,0.47,5.6029,7/8/23 9:07,1.99,Auction Ads,auction_all
20230807,1773556917139490 ,BR,BR,,1/1/00 0:00,,5.6029,7/8/23 9:07,1.99,Auction Ads,auction_all
20230807,1773556905648160 ,BR,BR,,1/1/00 0:00,0.42,5.6029,7/8/23 9:07,1.99,Auction Ads,auction_all
20230807,1773560496059440 ,BR,,,1/1/00 0:00,6.072,0.8849,7/8/23 9:07,1.53,RIE,Promote Report Recall
20230807,1773561123936280 ,BR,BR,,1/1/00 0:00,83.13,26.6901,7/8/23 9:09,1.99,Auction Ads,auction_all
20230807,1773560601699360 ,FR,,,1/1/00 0:00,23.3074,4.9861,7/8/23 9:07,0.54,Non-Auction Ads,Promote
20230807,1773560903804930 ,MY,MY,,1/1/00 0:00,4.08,1.4791,7/8/23 9:07,2.31,Auction Ads,auction_relation
20230807,1773560567030790 ,TH,,,1/1/00 0:00,6.17,1.5909,7/8/23 9:07,1.53,RIE,Promote Report Recall
20230807,1773561168932860 ,PT,PT,,1/1/00 0:00,50.17,16.61,7/8/23 9:08,1.98,Auction Ads,auction_relation
20230807,1773561168932860 ,JP,JP,,1/1/00 0:00,50.17,16.61,7/8/23 9:08,2.16,Auction Ads,auction_all
20230807,1773561168932860 ,CZ,CZ,,1/1/00 0:00,50.17,16.61,7/8/23 9:08,1.9,Auction Ads,auction_relation
20230807,1773561168932860 ,EC,Others,,1/1/00 0:00,50.17,16.61,7/8/23 9:08,1.56,Auction Ads,auction_all
20230807,1773561168932860 ,PH,PH,,1/1/00 0:00,50.17,16.61,7/8/23 9:08,2.46,Auction Ads,auction_relation
20230807,1773561168932860 ,BE,BE,,1/1/00 0:00,50.17,16.61,7/8/23 9:08,1.15,Auction Ads,auction_relation
20230807,1773561168932860 ,ES,ES,,1/1/00 0:00,50.17,16.61,7/8/23 9:08,1.37,Auction Ads,auction_relation
20230807,1773561168932860 ,FI,Others,,1/1/00 0:00,50.17,16.61,7/8/23 9:08,1.56,Auction Ads,auction_all
20230807,1773561168932860 ,HU,Other,,1/1/00 0:00,50.17,16.61,7/8/23 9:08,1.62,RIE,Ad Group Recall (Merged)
20230807,1773561168932860 ,ID,ID,,1/1/00 0:00,50.17,16.61,7/8/23 9:08,1.8,Auction Ads,auction_relation
20230807,1773561168932860 ,CZ,Other,,1/1/00 0:00,50.17,16.61,7/8/23 9:08,1.62,RIE,Ad Group Recall (Merged)
20230807,1773561168932860 ,ID,ID,,1/1/00 0:00,50.17,16.61,7/8/23 9:08,1.8,Auction Ads,auction_relation
20230807,1773561168932860 ,GR,GR,,1/1/00 0:00,50.17,16.61,7/8/23 9:08,2.11,Auction Ads,auction_relation
20230807,1773561168932860 ,UY,Others,,1/1/00 0:00,50.17,16.61,7/8/23 9:08,1.56,Auction Ads,auction_all
20230807,1773561168932860 ,PK,PK,,1/1/00 0:00,50.17,16.61,7/8/23 9:08,1.36,Auction Ads,auction_relation
20230807,1773561168932860 ,AR,AR,,1/1/00 0:00,50.17,16.61,7/8/23 9:08,2.23,Auction Ads,auction_all
20230807,1773561168932860 ,IE,IE,,1/1/00 0:00,50.17,16.61,7/8/23 9:08,1.52,Auction Ads,auction_relation
20230807,1773561168932860 ,TR,TR,,1/1/00 0:00,50.17,16.61,7/8/23 9:08,0.83,Auction Ads,auction_relation
20230807,1773561168932860 ,MY,MY,,1/1/00 0:00,50.17,16.61,7/8/23 9:08,2.31,Auction Ads,auction_relation
20230807,1773561168932860 ,SE,SE,,1/1/00 0:00,50.17,16.61,7/8/23 9:08,1.4,Auction Ads,auction_relation
20230807,1773561168932860 ,DK,DK,,1/1/00 0:00,50.17,16.61,7/8/23 9:08,1.31,Auction Ads,auction_relation
20230807,1773561168932860 ,KZ,KZ,,1/1/00 0:00,50.17,16.61,7/8/23 9:08,2,Auction Ads,auction_relation
20230807,1773561168932860 ,EC,Others,,1/1/00 0:00,50.17,16.61,7/8/23 9:08,1.56,Auction Ads,auction_all
20230807,1773561168932860 ,GB,GB,,1/1/00 0:00,50.17,16.61,7/8/23 9:08,1.76,Auction Ads,auction_relation
20230807,1773561168932860 ,PL,PL,,1/1/00 0:00,50.17,16.61,7/8/23 9:08,1.64,Auction Ads,auction_relation
20230807,1773561168932860 ,UY,Others,,1/1/00 0:00,50.17,16.61,7/8/23 9:08,1.56,Auction Ads,auction_all
20230807,1773561168932860 ,FR,FR,,1/1/00 0:00,50.17,16.61,7/8/23 9:08,1.97,Auction Ads,auction_relation
20230807,1773561168932860 ,IL,IL,,1/1/00 0:00,50.17,16.61,7/8/23 9:08,1.52,Auction Ads,auction_relation
20230807,1773558740234240 ,PH,,,1/1/00 0:00,0.1976,0.1122,7/8/23 9:07,0.54,Non-Auction Ads,Promote
20230807,1773556569265150 ,TH,,,1/1/00 0:00,0.4488,0.2917,7/8/23 9:07,0.54,Non-Auction Ads,Promote
20230807,1773560656588800 ,GB,,,1/1/00 0:00,3.034,1.3764,7/8/23 9:07,1.53,RIE,Promote Report Recall
20230807,1773559295133690 ,PH,,,1/1/00 0:00,0.2596,0.1122,7/8/23 9:07,0.54,Non-Auction Ads,Promote
20230807,1773560628004860 ,TH,,,1/1/00 0:00,9.19,0.8008,7/8/23 9:08,1.53,RIE,Promote Report Recall
20230807,1773558041724960 ,GB,GB,,1/1/00 0:00,97.2,80.3645,7/8/23 9:19,1.76,Auction Ads,auction_relation
20230807,1773561360264190 ,GB,GB,,1/1/00 0:00,43.32,11.42,7/8/23 9:08,1.76,Auction Ads,auction_relation
20230807,1773561360264190 ,HU,Other,,1/1/00 0:00,43.32,11.42,7/8/23 9:08,1.62,RIE,Ad Group Recall (Merged)
20230807,1773561360264190 ,EC,Others,,1/1/00 0:00,43.32,11.42,7/8/23 9:08,1.56,Auction Ads,auction_all
20230807,1773561360264190 ,UY,Others,,1/1/00 0:00,43.32,11.42,7/8/23 9:08,1.56,Auction Ads,auction_all
20230807,1773557303306290 ,BR,BR,,1/1/00 0:00,56.49,34.7481,7/8/23 9:13,1.99,Auction Ads,auction_all
20230807,1773557048217610 ,NO,Others,,1/1/00 0:00,24.47,11.4159,7/8/23 9:08,1.56,Auction Ads,auction_all
20230807,1773560805671970 ,DE,DE,,1/1/00 0:00,23.73,11.05,7/8/23 9:08,1.01,Auction Ads,auction_relation
20230807,1773560903504910 ,SA,MENA,,1/1/00 0:00,10.7061,13.1906,7/8/23 9:10,1.67,RIE,Ad Group Recall (Merged)
20230807,1773557219626000 ,IQ,Others,,1/1/00 0:00,1.23,5.47,7/8/23 9:08,1.56,Auction Ads,auction_all
20230807,1773561115802640 ,AU,AU,,1/1/00 0:00,,10.6874,7/8/23 9:09,1.84,Auction Ads,auction_relation
20230807,1773559707089920 ,PH,,,1/1/00 0:00,18.0741,3.915,7/8/23 9:09,0.54,Non-Auction Ads,Promote
20230807,1773557210857520 ,PK,Other,,1/1/00 0:00,7.81,0.2489,7/8/23 9:08,1.62,RIE,Ad Group Recall (Merged)
20230807,1773559348776960 ,PH,,,1/1/00 0:00,0.3516,0.1091,7/8/23 9:08,0.54,Non-Auction Ads,Promote
20230807,1773561052642320 ,PH,PH,,1/1/00 0:00,14.48,9.4958,7/8/23 9:10,2.46,Auction Ads,auction_relation
20230807,1773560757827580 ,PH,,,1/1/00 0:00,19.8684,2.5242,7/8/23 9:09,0.54,Non-Auction Ads,Promote
20230807,1773557287345160 ,FR,FR,,1/1/00 0:00,0.088,8.1367,7/8/23 9:10,1.76,RIE,Ad Group Recall (Merged)
20230807,1773557287335980 ,FR,FR,,1/1/00 0:00,,8.1367,7/8/23 9:10,1.76,RIE,Ad Group Recall (Merged)
20230807,1773557287341050 ,FR,FR,,1/1/00 0:00,0.1211,8.1367,7/8/23 9:10,1.76,RIE,Ad Group Recall (Merged)
20230807,1773557287335980 ,FR,FR,,1/1/00 0:00,,8.1367,7/8/23 9:10,1.97,Auction Ads,auction_relation
20230807,1773557287341050 ,FR,FR,,1/1/00 0:00,0.1211,8.1367,7/8/23 9:10,1.97,Auction Ads,auction_relation
20230807,1773557287345160 ,FR,FR,,1/1/00 0:00,0.088,8.1367,7/8/23 9:10,1.97,Auction Ads,auction_relation
20230807,1773559705196600 ,PH,,,1/1/00 0:00,1.6455,0.9359,7/8/23 9:09,0.54,Non-Auction Ads,Promote
20230807,1773560725267520 ,KW,,,1/1/00 0:00,41.61,2.4231,7/8/23 9:09,0.54,Non-Auction Ads,Promote
20230807,1773489628735480 ,VN,,,1/1/00 0:00,1.016,0.5158,7/8/23 9:09,0.54,Non-Auction Ads,Promote
20230807,1773560903504930 ,FR,FR,,1/1/00 0:00,,8.1367,7/8/23 9:10,1.97,Auction Ads,auction_relation
20230807,1773560432524290 ,IL,,,1/1/00 0:00,2.8951,1.5621,7/8/23 9:10,0.54,Non-Auction Ads,Promote
20230807,1773560432524290 ,IL,,,1/1/00 0:00,2.8951,1.5621,7/8/23 9:10,0.54,Non-Auction Ads,Promote
20230807,1773560921475070 ,TH,TH,,1/1/00 0:00,7.0165,6.8575,7/8/23 9:10,1.64,Auction Ads,auction_relation
20230807,1773557932004350 ,ES,,,1/1/00 0:00,3.4994,0.7055,7/8/23 9:10,0.54,Non-Auction Ads,Promote
20230807,1773557420637210 ,NO,Others,,1/1/00 0:00,22.364,13.9318,7/8/23 9:12,1.56,Auction Ads,auction_all
20230807,1773490328347640 ,VN,,,1/1/00 0:00,0.7189,0.4057,7/8/23 9:10,0.54,Non-Auction Ads,Promote
20230807,1773557376435240 ,NL,NL,,1/1/00 0:00,17.7488,14.6227,7/8/23 9:12,1.19,Auction Ads,auction_relation
20230807,1773560974761000 ,PL,PL,,1/1/00 0:00,14.05,11.4363,7/8/23 9:12,1.64,Auction Ads,auction_relation
20230807,1773560922015770 ,PL,PL,,1/1/00 0:00,2.23,1.7063,7/8/23 9:10,1.64,Auction Ads,auction_relation
20230807,1773561075845170 ,FR,FR,,1/1/00 0:00,,2.924,7/8/23 9:10,1.97,Auction Ads,auction_relation
20230807,1773560937419820 ,PH,PH,,1/1/00 0:00,3.04,1.0732,7/8/23 9:10,2.46,Auction Ads,auction_relation
20230807,1773562039391230 ,ID,ID,,1/1/00 0:00,5.6195,5.9643,7/8/23 9:11,1.8,Auction Ads,auction_relation
20230807,1773560861376510 ,IL,,,1/1/00 0:00,26.0887,6.2327,7/8/23 9:11,0.54,Non-Auction Ads,Promote
20230807,1773560570199040 ,FR,,,1/1/00 0:00,5.9198,1.9951,7/8/23 9:11,0.54,Non-Auction Ads,Promote
20230807,1773560925609980 ,CL,CL,,1/1/00 0:00,0.88,1.9766,7/8/23 9:11,1.85,Auction Ads,auction_all
20230807,1773560944384000 ,GB,GB,,1/1/00 0:00,17.22,2.9551,7/8/23 9:11,1.76,Auction Ads,auction_relation
20230807,1773560963480600 ,GB,GB,,1/1/00 0:00,5.66,2.9551,7/8/23 9:11,1.76,Auction Ads,auction_relation
20230807,1773560948866160 ,GB,GB,,1/1/00 0:00,17.24,2.9551,7/8/23 9:11,1.76,Auction Ads,auction_relation
20230807,1773475989955580 ,SA,,,1/1/00 0:00,2.167,0.6694,7/8/23 9:11,0.54,Non-Auction Ads,Promote
20230807,1773561267045400 ,MY,MY,,1/1/00 0:00,,6.4847,7/8/23 9:12,2.31,Auction Ads,auction_relation
20230807,1773560911710270 ,PH,,,1/1/00 0:00,2.167,0.8299,7/8/23 9:11,1.53,RIE,Promote Report Recall
20230807,1773561026522140 ,GB,GB,,1/1/00 0:00,,8.5415,7/8/23 9:12,1.76,Auction Ads,auction_relation
20230807,1773557972164610 ,ES,,,1/1/00 0:00,1.716,0.6661,7/8/23 9:11,0.54,Non-Auction Ads,Promote
20230807,1773561092708430 ,GB,GB,,1/1/00 0:00,3.45,4.0279,7/8/23 9:12,1.72,RIE,Ad Group Recall (Merged)
20230807,1773560635628550 ,TH,,,1/1/00 0:00,7.47,4.2481,7/8/23 9:12,1.53,RIE,Promote Report Recall
20230807,1773561026536490 ,GB,GB,,1/1/00 0:00,,8.5415,7/8/23 9:13,1.76,Auction Ads,auction_relation
20230807,1773561028320290 ,GB,GB,,1/1/00 0:00,,8.5415,7/8/23 9:13,1.76,Auction Ads,auction_relation
20230807,1773560569013250 ,PH,,,1/1/00 0:00,0.3727,0.3086,7/8/23 9:11,0.54,Non-Auction Ads,Promote
20230807,1773557634336780 ,DE,DE,,1/1/00 0:00,12.28,32.2489,7/8/23 9:16,1.01,Auction Ads,auction_relation
20230807,1773561074934780 ,FR,,,1/1/00 0:00,40.7028,15.7036,7/8/23 9:14,0.54,Non-Auction Ads,Promote
20230807,1773561730927640 ,MY,MY,,1/1/00 0:00,4.02,4.8474,7/8/23 9:13,2.31,Auction Ads,auction_relation
20230807,1773576137858040 ,US,USCA,,1/1/00 0:00,2.15,7.4977,7/8/23 9:13,1.78,Auction Ads,auction_relation
20230807,1773561076652080 ,PH,PH,,1/1/00 0:00,0,0.002,7/8/23 9:12,2.46,Auction Ads,auction_relation
20230807,1773561008616540 ,PL,PL,,1/1/00 0:00,,0.8596,7/8/23 9:12,1.64,Auction Ads,auction_relation
20230807,1773560996395050 ,PL,PL,,1/1/00 0:00,,0.8596,7/8/23 9:12,1.64,Auction Ads,auction_relation
20230807,1773560978244650 ,PL,PL,,1/1/00 0:00,,0.8596,7/8/23 9:12,1.64,Auction Ads,auction_relation
20230807,1773561356547070 ,TH,TH,,1/1/00 0:00,3.074,4.1618,7/8/23 9:13,1.64,Auction Ads,auction_relation
20230807,1773560931895300 ,DE,,,1/1/00 0:00,8.682,2.3459,7/8/23 9:13,1.53,RIE,Promote Report Recall
20230807,1773576166438960 ,US,USCA,,1/1/00 0:00,2.23,7.4977,7/8/23 9:14,1.78,Auction Ads,auction_relation
20230807,1773560319476730 ,PH,,,1/1/00 0:00,0.3595,0.1645,7/8/23 9:13,0.54,Non-Auction Ads,Promote
20230807,1773556788711480 ,TH,,,1/1/00 0:00,3.0021,0.6166,7/8/23 9:13,0.54,Non-Auction Ads,Promote
20230807,1773561191892010 ,DE,DE,,1/1/00 0:00,27.14,11.05,7/8/23 9:14,1.01,Auction Ads,auction_relation
20230807,1773473013542910 ,EG,,,1/1/00 0:00,6.4406,0.0019,7/8/23 9:13,0.54,Non-Auction Ads,Promote
20230807,1773267944116240 ,BR,,,1/1/00 0:00,2.6164,1.0156,7/8/23 9:13,1.53,RIE,Promote Report Recall
20230807,1773562154383400 ,KZ,KZ,,1/1/00 0:00,18.28,12.5732,7/8/23 9:15,2,Auction Ads,auction_relation
20230807,1773557640376380 ,SA,MENA,,1/1/00 0:00,12.47,13.6537,7/8/23 9:15,1.78,Auction Ads,auction_relation
20230807,1773560355168250 ,PH,,,1/1/00 0:00,0.1866,0.1452,7/8/23 9:13,0.54,Non-Auction Ads,Promote
20230807,1773561096001550 ,PL,PL,,1/1/00 0:00,1.93,0.8596,7/8/23 9:13,1.84,RIE,Ad Group Recall (Merged)
20230807,1773561064051740 ,PL,PL,,1/1/00 0:00,,0.8596,7/8/23 9:13,1.64,Auction Ads,auction_relation
20230807,1773561076473890 ,PL,PL,,1/1/00 0:00,,0.8596,7/8/23 9:13,1.64,Auction Ads,auction_relation
20230807,1773560911217660 ,QA,,,1/1/00 0:00,10.6121,0.7552,7/8/23 9:13,0.54,Non-Auction Ads,Promote
20230807,1773576198111330 ,US,USCA,,1/1/00 0:00,6.38,7.4977,7/8/23 9:14,1.78,Auction Ads,auction_relation
20230807,1773564490127390 ,SA,MENA,,1/1/00 0:00,6.59,1.1095,7/8/23 9:14,1.78,Auction Ads,auction_relation
20230807,1773317930393600 ,BR,,,1/1/00 0:00,4.3295,1.1593,7/8/23 9:14,1.53,RIE,Promote Report Recall
20230807,1773561093046270 ,TH,,,1/1/00 0:00,72.5979,6.2306,7/8/23 9:14,0.54,Non-Auction Ads,Promote
20230807,1773561052476420 ,SA,,,1/1/00 0:00,26.2771,2.1008,7/8/23 9:14,0.54,Non-Auction Ads,Promote
20230807,1773561134999580 ,MY,MY,,1/1/00 0:00,0.1,0.4137,7/8/23 9:14,2.31,Auction Ads,auction_relation
20230807,1773561268012030 ,AR,AR,,1/1/00 0:00,,8.2544,7/8/23 9:14,2.23,Auction Ads,auction_all
20230807,1773561268012030 ,AR,AR,,1/1/00 0:00,,8.2544,7/8/23 9:14,2.23,Auction Ads,auction_all
20230807,1773561368300540 ,ID,ID,,1/1/00 0:00,2.85,2.9169,7/8/23 9:14,1.8,Auction Ads,auction_relation
20230807,1773557916837920 ,ES,,,1/1/00 0:00,2.2557,0.5937,7/8/23 9:14,0.54,Non-Auction Ads,Promote
20230807,1773561219348480 ,GB,GB,,1/1/00 0:00,20.78,14.5503,7/8/23 9:16,1.76,Auction Ads,auction_relation
20230807,1773561236192320 ,GB,GB,,1/1/00 0:00,22.02,14.5503,7/8/23 9:16,1.76,Auction Ads,auction_relation
20230807,1773561047336970 ,TH,TH,,1/1/00 0:00,7.0635,1.7617,7/8/23 9:14,1.64,Auction Ads,auction_relation
20230807,1773561524435960 ,BR,BR,,1/1/00 0:00,50.52,19.6305,7/8/23 9:17,1.99,Auction Ads,auction_all
20230807,1773560379679740 ,FR,,,1/1/00 0:00,5.8978,2.2254,7/8/23 9:14,0.54,Non-Auction Ads,Promote
20230807,1773561363969050 ,ID,ID,,1/1/00 0:00,6.68,1.7782,7/8/23 9:14,1.8,Auction Ads,auction_relation
20230807,1773561256084490 ,TH,TH,,1/1/00 0:00,26.75,5.8453,7/8/23 9:14,1.64,Auction Ads,auction_relation
20230807,1773561874360350 ,ID,ID,,1/1/00 0:00,17.31,26.1538,7/8/23 9:18,1.8,Auction Ads,auction_relation
20230807,1773561466194940 ,ID,ID,,1/1/00 0:00,16.88,26.1538,7/8/23 9:18,1.8,Auction Ads,auction_relation
20230807,1773561592752160 ,ID,ID,,1/1/00 0:00,17.51,26.1538,7/8/23 9:18,1.8,Auction Ads,auction_relation
20230807,1773561874360350 ,ID,ID,,1/1/00 0:00,17.31,26.1538,7/8/23 9:18,1.8,Auction Ads,auction_relation
20230807,1773561783476220 ,ID,ID,,1/1/00 0:00,18.06,26.1538,7/8/23 9:18,1.8,Auction Ads,auction_relation
20230807,1773561592752160 ,ID,ID,,1/1/00 0:00,17.51,26.1538,7/8/23 9:18,1.8,Auction Ads,auction_relation
20230807,1773561560775680 ,ID,ID,,1/1/00 0:00,16.79,26.1538,7/8/23 9:18,1.8,Auction Ads,auction_relation
20230807,1773561205002290 ,TH,TH,,1/1/00 0:00,3.4899,6.6541,7/8/23 9:15,1.64,Auction Ads,auction_relation
20230807,1773561169802270 ,AE,MENA,,1/1/00 0:00,0.06,0.65,7/8/23 9:14,1.78,Auction Ads,auction_relation
20230807,1773561545747470 ,JP,JP,,1/1/00 0:00,30.29,5.2119,7/8/23 9:15,3.21,RIE,Ad Group Recall (Merged)
20230807,1773561646203920 ,JP,JP,,1/1/00 0:00,16.96,5.2119,7/8/23 9:15,3.21,RIE,Ad Group Recall (Merged)
20230807,1773561020836860 ,SA,,,1/1/00 0:00,2.3753,0.9145,7/8/23 9:14,1.53,RIE,Promote Report Recall
20230807,1773559619469330 ,GB,GB,,1/1/00 0:00,,144.5999,7/8/23 9:34,1.76,Auction Ads,auction_relation
20230807,1773568754541600 ,FR,FR,,1/1/00 0:00,,8.3172,7/8/23 9:16,1.97,Auction Ads,auction_relation
20230807,1773560900163580 ,PH,,,1/1/00 0:00,9.3879,14.0331,7/8/23 9:17,0.54,Non-Auction Ads,Promote
20230807,1773556914092030 ,TH,,,1/1/00 0:00,0.5669,0.0923,7/8/23 9:15,0.54,Non-Auction Ads,Promote
20230807,1773556915184640 ,TH,,,1/1/00 0:00,0.5187,0.2638,7/8/23 9:15,0.54,Non-Auction Ads,Promote
20230807,1773560939219970 ,IL,,,1/1/00 0:00,,4.453,7/8/23 9:16,0.54,Non-Auction Ads,Promote
20230807,1773558205924350 ,ES,,,1/1/00 0:00,3.0483,0.7022,7/8/23 9:15,0.54,Non-Auction Ads,Promote
20230807,1773557570231320 ,GB,GB,,1/1/00 0:00,15.78,12.8741,7/8/23 9:18,1.76,Auction Ads,auction_relation
20230807,1773558153840670 ,NZ,NZ,,1/1/00 0:00,19.25,52.7063,7/8/23 9:22,1.58,Auction Ads,auction_relation
20230807,1773558153840670 ,NZ,Other,,1/1/00 0:00,19.25,52.7063,7/8/23 9:22,1.62,RIE,Ad Group Recall (Merged)
20230807,1773558153840670 ,AU,AU,,1/1/00 0:00,19.25,52.7063,7/8/23 9:22,1.84,Auction Ads,auction_relation
20230807,1773558153840670 ,GB,GB,,1/1/00 0:00,19.25,52.7063,7/8/23 9:22,1.76,Auction Ads,auction_relation
20230807,1773556826344440 ,TH,,,1/1/00 0:00,9.8054,3.369,7/8/23 9:16,0.54,Non-Auction Ads,Promote
20230807,1773561538562090 ,MY,MY,,1/1/00 0:00,,11.5432,7/8/23 9:18,2.31,Auction Ads,auction_relation
20230807,1773561232401410 ,PL,PL,,1/1/00 0:00,,0.8596,7/8/23 9:15,1.64,Auction Ads,auction_relation
20230807,1773561208887310 ,PL,PL,,1/1/00 0:00,,0.8596,7/8/23 9:15,1.64,Auction Ads,auction_relation
20230807,1773561188371500 ,PL,PL,,1/1/00 0:00,,0.8596,7/8/23 9:15,1.64,Auction Ads,auction_relation
20230807,1773561508694030 ,ID,ID,,1/1/00 0:00,7.4593,4.6153,7/8/23 9:16,1.8,Auction Ads,auction_relation
20230807,1773561027125250 ,TR,,,1/1/00 0:00,0.6276,0.5424,7/8/23 9:15,1.53,RIE,Promote Report Recall
20230807,1773561004158970 ,PH,,,1/1/00 0:00,0.3771,0.2389,7/8/23 9:16,0.54,Non-Auction Ads,Promote
20230807,1773556908308480 ,TH,,,1/1/00 0:00,6.122,1.1259,7/8/23 9:16,0.54,Non-Auction Ads,Promote
20230807,1773561153326080 ,MY,,,1/1/00 0:00,22.167,6.0115,7/8/23 9:17,0.54,Non-Auction Ads,Promote
20230807,1773561406894110 ,KR,KR,,1/1/00 0:00,19.12,4.5237,7/8/23 9:17,2.18,RIE,Ad Group Recall (Merged)
20230807,1773557764148270 ,IQ,Others,,1/1/00 0:00,,1.7797,7/8/23 9:16,1.56,Auction Ads,auction_all
20230807,1773561262278690 ,MY,MY,,1/1/00 0:00,0.8,2.1057,7/8/23 9:17,2.31,Auction Ads,auction_relation
20230807,1773557760187440 ,JP,JP,,1/1/00 0:00,10.18,30.9229,7/8/23 9:20,2.16,Auction Ads,auction_all
20230807,1773561398912010 ,BR,BR,,1/1/00 0:00,0.77,11.8571,7/8/23 9:18,1.99,Auction Ads,auction_all
20230807,1773561321990150 ,PL,,,1/1/00 0:00,27.5656,5.4014,7/8/23 9:18,0.54,Non-Auction Ads,Promote
20230807,1773557664712700 ,ZA,ZA,,1/1/00 0:00,10.87,12.8741,7/8/23 9:19,1.4,Auction Ads,auction_relation
20230807,1773561381782560 ,US,USCA,,1/1/00 0:00,28.85,6.5486,7/8/23 9:18,1.78,Auction Ads,auction_relation
20230807,1773561326429210 ,PH,PH,,1/1/00 0:00,0.0026,0.002,7/8/23 9:17,2.46,Auction Ads,auction_relation
20230807,1773561464104990 ,TR,TR,,1/1/00 0:00,,0,7/8/23 9:17,0.83,Auction Ads,auction_relation
20230807,1773561241215040 ,ID,,,1/1/00 0:00,32.2275,0.8224,7/8/23 9:17,0.54,Non-Auction Ads,Promote
20230807,1773561606224910 ,BR,BR,,1/1/00 0:00,29.81,11.7373,7/8/23 9:19,1.99,Auction Ads,auction_all
20230807,1773561606224910 ,BR,BR,,1/1/00 0:00,29.81,11.7373,7/8/23 9:19,1.7,RIE,Ad Group Recall (Merged)
20230807,1773561425023000 ,MX,MX,,1/1/00 0:00,15.58,2.2682,7/8/23 9:18,1.99,Auction Ads,auction_all
20230807,1773561425032220 ,MX,MX,,1/1/00 0:00,11.86,2.2682,7/8/23 9:18,1.99,Auction Ads,auction_all
20230807,1773563338034170 ,ID,ID,,1/1/00 0:00,58.3742,51.0084,7/8/23 9:24,1.8,Auction Ads,auction_relation
20230807,1773561146629120 ,VN,,,1/1/00 0:00,0.312,0.1657,7/8/23 9:18,1.53,RIE,Promote Report Recall
20230807,1773557891542030 ,PL,PL,,1/1/00 0:00,25.1761,25.0767,7/8/23 9:20,1.64,Auction Ads,auction_relation
20230807,1773561124736000 ,KH,,,1/1/00 0:00,0.183,0.1856,7/8/23 9:18,0.54,Non-Auction Ads,Promote
20230807,1773561414051840 ,ZA,Other,,1/1/00 0:00,15.3,1.6124,7/8/23 9:18,1.62,RIE,Ad Group Recall (Merged)
20230807,1773561502057470 ,GB,GB,,1/1/00 0:00,,11.05,7/8/23 9:19,1.76,Auction Ads,auction_relation
20230807,1773561499199480 ,BR,BR,,1/1/00 0:00,0.49,11.8571,7/8/23 9:20,1.99,Auction Ads,auction_all
20230807,1773557009610750 ,TH,,,1/1/00 0:00,0.4605,0.3598,7/8/23 9:18,0.54,Non-Auction Ads,Promote
20230807,1773557797176360 ,DE,DE,,1/1/00 0:00,11.48,12.8741,7/8/23 9:20,1.01,Auction Ads,auction_relation
20230807,1773562101481580 ,ID,ID,,1/1/00 0:00,54.98,50.1824,7/8/23 9:25,2.05,RIE,Ad Group Recall (Merged)
20230807,1773561834125320 ,TH,TH,,1/1/00 0:00,,8.9871,7/8/23 9:20,1.64,Auction Ads,auction_relation
20230807,1773561484218380 ,ID,ID,,1/1/00 0:00,6.23,3.7448,7/8/23 9:19,1.8,Auction Ads,auction_relation
20230807,1773561756926990 ,ID,ID,,1/1/00 0:00,3.43,1.7782,7/8/23 9:18,1.8,Auction Ads,auction_relation
20230807,1773560982469630 ,FR,,,1/1/00 0:00,2.7954,1.2993,7/8/23 9:18,0.54,Non-Auction Ads,Promote
20230807,1773562169372700 ,MY,MY,,1/1/00 0:00,3.6139,5.4266,7/8/23 9:19,2.31,Auction Ads,auction_relation
20230807,1773561399004240 ,GR,,,1/1/00 0:00,31.5049,3.3292,7/8/23 9:19,1.53,RIE,Promote Report Recall
20230807,1773562089718800 ,IT,IT,,1/1/00 0:00,,18.0409,7/8/23 9:21,1.36,Auction Ads,auction_relation
20230807,1773561991883790 ,TH,TH,,1/1/00 0:00,7.39,2.8245,7/8/23 9:20,1.64,Auction Ads,auction_relation
20230807,1773386471810050 ,SA,,,1/1/00 0:00,4.8089,0.8238,7/8/23 9:19,0.54,Non-Auction Ads,Promote
20230807,1773557039549440 ,TH,,,1/1/00 0:00,2.6754,0.2737,7/8/23 9:20,0.54,Non-Auction Ads,Promote
20230807,1773561468442640 ,ZA,Other,,1/1/00 0:00,13.5,1.6124,7/8/23 9:20,1.62,RIE,Ad Group Recall (Merged)
20230807,1773561468444700 ,ZA,Other,,1/1/00 0:00,2.74,1.6124,7/8/23 9:20,1.62,RIE,Ad Group Recall (Merged)
20230807,1773561468451880 ,ZA,Other,,1/1/00 0:00,0.23,1.6124,7/8/23 9:20,1.62,RIE,Ad Group Recall (Merged)
20230807,1773561795173370 ,PH,PH,,1/1/00 0:00,49.96,6.8966,7/8/23 9:20,2.46,Auction Ads,auction_relation
20230807,1773561795173370 ,AR,AR,,1/1/00 0:00,49.96,6.8966,7/8/23 9:20,2.23,Auction Ads,auction_all
20230807,1773561795173370 ,PK,PK,,1/1/00 0:00,49.96,6.8966,7/8/23 9:20,1.36,Auction Ads,auction_relation
20230807,1773561795173370 ,EG,MENA,,1/1/00 0:00,49.96,6.8966,7/8/23 9:20,1.78,Auction Ads,auction_relation
20230807,1773561795173370 ,TR,TR,,1/1/00 0:00,49.96,6.8966,7/8/23 9:20,0.83,Auction Ads,auction_relation
20230807,1773561795173370 ,KZ,KZ,,1/1/00 0:00,49.96,6.8966,7/8/23 9:20,2,Auction Ads,auction_relation
20230807,1773561795173370 ,TH,TH,,1/1/00 0:00,49.96,6.8966,7/8/23 9:20,1.64,Auction Ads,auction_relation
20230807,1773561795173370 ,KH,KH,,1/1/00 0:00,49.96,6.8966,7/8/23 9:20,1.5,Auction Ads,auction_relation
20230807,1773561795173370 ,BH,Others,,1/1/00 0:00,49.96,6.8966,7/8/23 9:20,1.56,Auction Ads,auction_all
20230807,1773561795173370 ,MY,MY,,1/1/00 0:00,49.96,6.8966,7/8/23 9:20,2.31,Auction Ads,auction_relation
20230807,1773561795173370 ,AR,AR,,1/1/00 0:00,49.96,6.8966,7/8/23 9:20,2.23,Auction Ads,auction_all
20230807,1773561795173370 ,OM,Others,,1/1/00 0:00,49.96,6.8966,7/8/23 9:20,1.56,Auction Ads,auction_all
20230807,1773557858402350 ,US,USCA,,1/1/00 0:00,6.2,15.9061,7/8/23 9:21,1.78,Auction Ads,auction_relation
20230807,1773557876333560 ,US,USCA,,1/1/00 0:00,7.52,15.9061,7/8/23 9:21,1.78,Auction Ads,auction_relation
20230807,1773557854413820 ,US,USCA,,1/1/00 0:00,34.3,15.9061,7/8/23 9:21,1.78,Auction Ads,auction_relation
20230807,1773557861364730 ,US,USCA,,1/1/00 0:00,4.7,15.9061,7/8/23 9:21,1.78,Auction Ads,auction_relation
20230807,1773557854394370 ,US,USCA,,1/1/00 0:00,,15.9061,7/8/23 9:21,1.78,Auction Ads,auction_relation
20230807,1773557870679050 ,US,USCA,,1/1/00 0:00,6.79,15.9061,7/8/23 9:21,1.78,Auction Ads,auction_relation
20230807,1773561983063150 ,MY,MY,,1/1/00 0:00,7.8631,27.0274,7/8/23 9:22,2.31,Auction Ads,auction_relation
20230807,1773561587850270 ,BR,BR,,1/1/00 0:00,,11.8571,7/8/23 9:21,1.99,Auction Ads,auction_all
20230807,1773561450036220 ,ID,,,1/1/00 0:00,0.4286,0.3164,7/8/23 9:20,1.53,RIE,Promote Report Recall
20230807,1773561712624690 ,BR,BR,,1/1/00 0:00,,24.1069,7/8/23 9:22,1.99,Auction Ads,auction_all
20230807,1773561771945010 ,ID,ID,,1/1/00 0:00,7.6815,4.135,7/8/23 9:20,1.8,Auction Ads,auction_relation
20230807,1773563615677440 ,ID,ID,,1/1/00 0:00,14.8696,13.6587,7/8/23 9:21,1.8,Auction Ads,auction_relation
20230807,1773561458140160 ,JP,,,1/1/00 0:00,55.0265,9.0624,7/8/23 9:21,0.54,Non-Auction Ads,Promote
20230807,1773561570100250 ,AU,AU,,1/1/00 0:00,2.96,2.9551,7/8/23 9:20,1.84,Auction Ads,auction_relation
20230807,1773561575975960 ,AU,AU,,1/1/00 0:00,4.13,2.9551,7/8/23 9:20,1.84,Auction Ads,auction_relation
20230807,1773561571094540 ,AU,AU,,1/1/00 0:00,3.71,2.9551,7/8/23 9:20,1.84,Auction Ads,auction_relation
20230807,1773561566018560 ,ID,ID,,1/1/00 0:00,3.73,2.9169,7/8/23 9:20,1.8,Auction Ads,auction_relation
20230807,1773561343919100 ,KH,,,1/1/00 0:00,4.2111,4.3468,7/8/23 9:20,0.54,Non-Auction Ads,Promote
20230807,1773561811067900 ,PH,PH,,1/1/00 0:00,2.32,9.4958,7/8/23 9:21,2.46,Auction Ads,auction_relation
20230807,1773562206771200 ,PK,Other,,1/1/00 0:00,4.18,1.275,7/8/23 9:20,1.62,RIE,Ad Group Recall (Merged)
20230807,1773557816599550 ,RO,,,1/1/00 0:00,5.8734,0.6538,7/8/23 9:20,0.54,Non-Auction Ads,Promote
20230807,1773561684280350 ,MY,MY,,1/1/00 0:00,,11.5432,7/8/23 9:22,2.31,Auction Ads,auction_relation
20230807,1773561671388170 ,MY,MY,,1/1/00 0:00,,11.5432,7/8/23 9:22,2.31,Auction Ads,auction_relation
20230807,1773561663814650 ,MY,MY,,1/1/00 0:00,,11.5432,7/8/23 9:22,2.31,Auction Ads,auction_relation
20230807,1773561675587610 ,MY,MY,,1/1/00 0:00,,11.5432,7/8/23 9:22,2.31,Auction Ads,auction_relation
20230807,1773561672803340 ,MY,MY,,1/1/00 0:00,,11.5432,7/8/23 9:22,2.31,Auction Ads,auction_relation
20230807,1773561663834170 ,MY,MY,,1/1/00 0:00,,11.5432,7/8/23 9:22,2.31,Auction Ads,auction_relation
20230807,1773561688487980 ,MY,MY,,1/1/00 0:00,,11.5432,7/8/23 9:22,2.31,Auction Ads,auction_relation
20230807,1773561672784940 ,MY,MY,,1/1/00 0:00,,11.5432,7/8/23 9:22,2.31,Auction Ads,auction_relation
20230807,1773561682169850 ,MY,MY,,1/1/00 0:00,,11.5432,7/8/23 9:22,2.31,Auction Ads,auction_relation
20230807,1773562243400720 ,ID,ID,,1/1/00 0:00,23.19,16.2806,7/8/23 9:22,1.8,Auction Ads,auction_relation
20230807,1773562284671020 ,BR,BR,,1/1/00 0:00,40.86,41.0216,7/8/23 9:27,1.99,Auction Ads,auction_all
20230807,1773559182345260 ,RO,RO,,1/1/00 0:00,30.8743,12.7034,7/8/23 9:22,1.94,Auction Ads,auction_relation
20230807,1773561566938120 ,TH,TH,,1/1/00 0:00,,1.1165,7/8/23 9:21,1.64,Auction Ads,auction_relation
20230807,1773562702120970 ,TH,TH,,1/1/00 0:00,17.89,64.3358,7/8/23 9:29,1.64,Auction Ads,auction_relation
20230807,1773562702125070 ,TH,TH,,1/1/00 0:00,20.36,64.3358,7/8/23 9:29,1.64,Auction Ads,auction_relation
20230807,1773558308033530 ,GB,GB,,1/1/00 0:00,19.83,52.7063,7/8/23 9:28,1.76,Auction Ads,auction_relation
20230807,1773490870473730 ,VN,,,1/1/00 0:00,0.3975,0.1729,7/8/23 9:21,0.54,Non-Auction Ads,Promote
20230807,1773561900062730 ,PH,PH,,1/1/00 0:00,13.99,9.4958,7/8/23 9:22,2.46,Auction Ads,auction_relation
20230807,1773563513989150 ,JP,JP,,1/1/00 0:00,201.31,153.5586,7/8/23 9:42,2.16,Auction Ads,auction_all
20230807,1773569276087340 ,GR,GR,,1/1/00 0:00,11.7,8.3172,7/8/23 9:22,2.11,Auction Ads,auction_relation
20230807,1773557943801850 ,TR,TR,,1/1/00 0:00,15.02,12.8741,7/8/23 9:22,0.83,Auction Ads,auction_relation
20230807,1773562264315920 ,JP,JP,,1/1/00 0:00,,71.9549,7/8/23 9:31,2.16,Auction Ads,auction_all
20230807,1773561494658090 ,BR,BR,,1/1/00 0:00,0.98,11.8571,7/8/23 9:22,1.99,Auction Ads,auction_all
20230807,1773557987848200 ,ZA,ZA,,1/1/00 0:00,5.78,13.6537,7/8/23 9:23,1.4,Auction Ads,auction_relation
20230807,1773562249192480 ,BR,BR,,1/1/00 0:00,39.85,63.7505,7/8/23 9:30,1.99,Auction Ads,auction_all
20230807,1773561753006130 ,ID,ID,,1/1/00 0:00,1.22,2.9169,7/8/23 9:22,1.8,Auction Ads,auction_relation
20230807,1773562003422250 ,BR,BR,,1/1/00 0:00,,40.5333,7/8/23 9:28,1.99,Auction Ads,auction_all
20230807,1773561810871310 ,DE,DE,,1/1/00 0:00,3.16,1.572,7/8/23 9:22,1.01,Auction Ads,auction_relation
20230807,1773561810871310 ,US,USCA,,1/1/00 0:00,3.16,1.572,7/8/23 9:22,1.78,Auction Ads,auction_relation
20230807,1773561829884970 ,AU,AU,,1/1/00 0:00,9.42,4.0951,7/8/23 9:23,1.84,Auction Ads,auction_relation
20230807,1773561611365370 ,SA,,,1/1/00 0:00,22.9959,5.548,7/8/23 9:23,0.54,Non-Auction Ads,Promote
20230807,1773558002282530 ,SA,MENA,,1/1/00 0:00,27.78,1.831,7/8/23 9:23,1.67,RIE,Ad Group Recall (Merged)
20230807,1773558163610640 ,ZA,ZA,,1/1/00 0:00,10.19,13.6537,7/8/23 9:25,1.4,Auction Ads,auction_relation
20230807,1773561688245240 ,CO,CO,,1/1/00 0:00,0.25,2.2682,7/8/23 9:23,1.93,Auction Ads,auction_all
20230807,1773561876631580 ,RO,RO,,1/1/00 0:00,,5.5171,7/8/23 9:24,1.94,Auction Ads,auction_relation
20230807,1773561707809790 ,CO,CO,,1/1/00 0:00,27.77,2.2682,7/8/23 9:23,1.93,Auction Ads,auction_all
20230807,1773561797709870 ,PH,PH,,1/1/00 0:00,0.0012,0.002,7/8/23 9:23,2.46,Auction Ads,auction_relation
20230807,1773561862945790 ,MY,MY,,1/1/00 0:00,,11.5432,7/8/23 9:25,2.31,Auction Ads,auction_relation
20230807,1773561575943170 ,VN,,,1/1/00 0:00,0.4073,0.3701,7/8/23 9:23,1.53,RIE,Promote Report Recall
20230807,1773557986072570 ,EG,MENA,,1/1/00 0:00,0.2999,2.2406,7/8/23 9:24,1.78,Auction Ads,auction_relation
20230807,1773490844690430 ,VN,,,1/1/00 0:00,0.4959,0.5974,7/8/23 9:23,0.54,Non-Auction Ads,Promote
20230807,1773558423731230 ,NZ,NZ,,1/1/00 0:00,19.1,52.7063,7/8/23 9:30,1.58,Auction Ads,auction_relation
20230807,1773558423731230 ,GB,GB,,1/1/00 0:00,19.1,52.7063,7/8/23 9:30,1.76,Auction Ads,auction_relation
20230807,1773561814480930 ,PK,Other,,1/1/00 0:00,13.37,0.8738,7/8/23 9:24,1.62,RIE,Ad Group Recall (Merged)
20230807,1773387199335420 ,SA,,,1/1/00 0:00,7.5491,1.8866,7/8/23 9:24,0.54,Non-Auction Ads,Promote
20230807,1773561879228450 ,TH,TH,,1/1/00 0:00,,2.8007,7/8/23 9:24,1.64,Auction Ads,auction_relation
20230807,1773557236111420 ,TH,,,1/1/00 0:00,0.9696,0.6689,7/8/23 9:24,0.54,Non-Auction Ads,Promote
20230807,1773561673182200 ,TR,,,1/1/00 0:00,0.3976,0.7231,7/8/23 9:24,1.53,RIE,Promote Report Recall
20230807,1773558045515770 ,US,USCA,,1/1/00 0:00,12.72,7.3334,7/8/23 9:25,1.78,Auction Ads,auction_relation
20230807,1773557296685050 ,TH,,,1/1/00 0:00,0.5247,0.2741,7/8/23 9:24,0.54,Non-Auction Ads,Promote
20230807,1773562355256350 ,DE,DE,,1/1/00 0:00,3.04,0.9696,7/8/23 9:24,1.01,Auction Ads,auction_relation
20230807,1773561787440160 ,US,USCA,,1/1/00 0:00,4.17,3.498,7/8/23 9:25,1.78,Auction Ads,auction_relation
20230807,1773561835824140 ,JP,JP,,1/1/00 0:00,,6.0961,7/8/23 9:25,2.16,Auction Ads,auction_all
20230807,1773561848470540 ,JP,JP,,1/1/00 0:00,15.5064,6.0961,7/8/23 9:25,2.16,Auction Ads,auction_all
20230807,1773558149282860 ,CL,CL,,1/1/00 0:00,,12.8741,7/8/23 9:26,1.85,Auction Ads,auction_all
20230807,1773558149282860 ,CL,CL,,1/1/00 0:00,,12.8741,7/8/23 9:26,1.85,Auction Ads,auction_all
20230807,1773560121064450 ,MY,,,1/1/00 0:00,4.1558,1.2213,7/8/23 9:25,0.54,Non-Auction Ads,Promote
20230807,1773563241866270 ,TH,TH,,1/1/00 0:00,9.8671,6.1585,7/8/23 9:25,1.64,Auction Ads,auction_relation
20230807,1773562065791000 ,ID,ID,,1/1/00 0:00,4.43,1.7782,7/8/23 9:25,1.8,Auction Ads,auction_relation
20230807,1773561850529790 ,US,,,1/1/00 0:00,31.23,9.8485,7/8/23 9:26,1.53,RIE,Promote Report Recall
20230807,1773491264286720 ,VN,,,1/1/00 0:00,0.4007,0.4686,7/8/23 9:25,0.54,Non-Auction Ads,Promote
20230807,1773562321625120 ,ID,ID,,1/1/00 0:00,,6.4937,7/8/23 9:26,1.8,Auction Ads,auction_relation
20230807,1773561986650160 ,CA,US&CA,,1/1/00 0:00,21.15,11.05,7/8/23 9:27,1.81,RIE,Ad Group Recall (Merged)
20230807,1773560780908540 ,GB,,,1/1/00 0:00,3.8755,5.9801,7/8/23 9:26,0.54,Non-Auction Ads,Promote
20230807,1773562521793580 ,BR,BR,,1/1/00 0:00,27.13,49.2962,7/8/23 9:31,1.99,Auction Ads,auction_all
20230807,1773561857816580 ,HU,,,1/1/00 0:00,20.7588,14.0741,7/8/23 9:27,1.53,RIE,Promote Report Recall
20230807,1773561957512210 ,OM,Others,,1/1/00 0:00,,5.1458,7/8/23 9:26,1.56,Auction Ads,auction_all
20230807,1773561957512210 ,EG,MENA,,1/1/00 0:00,,5.1458,7/8/23 9:26,1.78,Auction Ads,auction_relation
20230807,1773561957512210 ,OM,Others,,1/1/00 0:00,,5.1458,7/8/23 9:26,1.56,Auction Ads,auction_all
20230807,1773561950634010 ,BE,BE,,1/1/00 0:00,4.75,1.5832,7/8/23 9:26,1.15,Auction Ads,auction_relation
20230807,1773561930541080 ,BE,BE,,1/1/00 0:00,4.53,1.5832,7/8/23 9:26,1.15,Auction Ads,auction_relation
20230807,1773561901576220 ,TW,TW,,1/1/00 0:00,2.23,1.3794,7/8/23 9:26,0.95,Auction Ads,auction_relation
20230807,1773561880538110 ,PH,PH,,1/1/00 0:00,0.0037,0.002,7/8/23 9:26,2.46,Auction Ads,auction_relation
20230807,1773561713095680 ,SA,,,1/1/00 0:00,16.2173,1.9559,7/8/23 9:26,0.54,Non-Auction Ads,Promote
20230807,1773561998321680 ,ID,ID,,1/1/00 0:00,3.29,3.7448,7/8/23 9:26,1.8,Auction Ads,auction_relation
20230807,1773562251141150 ,TW,TW,,1/1/00 0:00,10.14,25.8621,7/8/23 9:29,0.95,Auction Ads,auction_relation
20230807,1773560769964070 ,GB,,,1/1/00 0:00,4.3857,0.9413,7/8/23 9:26,0.54,Non-Auction Ads,Promote
20230807,1773558207196170 ,MX,MX,,1/1/00 0:00,,12.8741,7/8/23 9:27,1.99,Auction Ads,auction_all
20230807,1773566185484300 ,BE,BE,,1/1/00 0:00,14.98,12.9968,7/8/23 9:28,1.15,Auction Ads,auction_relation
20230807,1773562206651390 ,PH,PH,,1/1/00 0:00,10.51,6.1991,7/8/23 9:27,2.46,Auction Ads,auction_relation
20230807,1773561972803610 ,MY,MY,,1/1/00 0:00,,11.5432,7/8/23 9:27,2.31,Auction Ads,auction_relation
20230807,1773561972880400 ,MY,MY,,1/1/00 0:00,,11.5432,7/8/23 9:27,2.31,Auction Ads,auction_relation
20230807,1773561972859920 ,MY,MY,,1/1/00 0:00,,11.5432,7/8/23 9:27,2.31,Auction Ads,auction_relation
20230807,1773561986652190 ,MY,MY,,1/1/00 0:00,,11.5432,7/8/23 9:27,2.31,Auction Ads,auction_relation
20230807,1773561988686880 ,MY,MY,,1/1/00 0:00,,11.5432,7/8/23 9:27,2.31,Auction Ads,auction_relation
20230807,1773561979533310 ,MY,MY,,1/1/00 0:00,,11.5432,7/8/23 9:27,2.31,Auction Ads,auction_relation
20230807,1773561979506700 ,MY,MY,,1/1/00 0:00,,11.5432,7/8/23 9:27,2.31,Auction Ads,auction_relation
20230807,1773561986615290 ,MY,MY,,1/1/00 0:00,,11.5432,7/8/23 9:27,2.31,Auction Ads,auction_relation
20230807,1773562509211650 ,NZ,NZ,,1/1/00 0:00,4.26,4.9541,7/8/23 9:27,1.58,Auction Ads,auction_relation
20230807,1773562509211650 ,AU,AU,,1/1/00 0:00,4.26,4.9541,7/8/23 9:27,1.84,Auction Ads,auction_relation
20230807,1773562509211650 ,GB,GB,,1/1/00 0:00,4.26,4.9541,7/8/23 9:27,1.76,Auction Ads,auction_relation
20230807,1773561835300860 ,IL,,,1/1/00 0:00,31.226,3.9556,7/8/23 9:27,0.54,Non-Auction Ads,Promote
20230807,1773562110540800 ,SA,MENA,,1/1/00 0:00,9.84,1.0448,7/8/23 9:27,1.67,RIE,Ad Group Recall (Merged)
20230807,1773562110540800 ,KW,Other,,1/1/00 0:00,9.84,1.0448,7/8/23 9:27,1.62,RIE,Ad Group Recall (Merged)
20230807,1773562110540800 ,QA,Other,,1/1/00 0:00,9.84,1.0448,7/8/23 9:27,1.62,RIE,Ad Group Recall (Merged)
20230807,1773562110540800 ,BH,Other,,1/1/00 0:00,9.84,1.0448,7/8/23 9:27,1.62,RIE,Ad Group Recall (Merged)
20230807,1773562110540800 ,AE,MENA,,1/1/00 0:00,9.84,1.0448,7/8/23 9:27,1.67,RIE,Ad Group Recall (Merged)
20230807,1773561990774800 ,RO,RO,,1/1/00 0:00,7.35,13.3586,7/8/23 9:28,1.94,Auction Ads,auction_relation
20230807,1773562584291320 ,MY,MY,,1/1/00 0:00,13.3392,9.7597,7/8/23 9:28,2.31,Auction Ads,auction_relation
20230807,1773562692875260 ,TW,TW,,1/1/00 0:00,,12.8286,7/8/23 9:28,0.95,Auction Ads,auction_relation
20230807,1773564717184000 ,AU,AU,,1/1/00 0:00,1.6308,23.6991,7/8/23 9:29,1.84,Auction Ads,auction_relation
20230807,1773561497794560 ,IL,,,1/1/00 0:00,2.1346,0.182,7/8/23 9:27,0.54,Non-Auction Ads,Promote
20230807,1773562109445120 ,US,USCA,,1/1/00 0:00,1.89,2.0283,7/8/23 9:27,1.78,Auction Ads,auction_relation
20230807,1773558312939520 ,PL,PL,,1/1/00 0:00,16.64,12.8741,7/8/23 9:28,1.64,Auction Ads,auction_relation
20230807,1773561795887160 ,TR,,,1/1/00 0:00,8.2702,0.2839,7/8/23 9:27,0.54,Non-Auction Ads,Promote
20230807,1773561861299200 ,VN,,,1/1/00 0:00,0.9804,0.8964,7/8/23 9:27,1.53,RIE,Promote Report Recall
20230807,1773558265477120 ,US,US&CA,,1/1/00 0:00,208.08,8.2097,7/8/23 9:28,1.81,RIE,Ad Group Recall (Merged)
20230807,1773562029262880 ,DE,,,1/1/00 0:00,112.0586,14.0056,7/8/23 9:29,0.54,Non-Auction Ads,Promote
20230807,1773561946969090 ,IT,,,1/1/00 0:00,26.7175,3.5926,7/8/23 9:28,0.54,Non-Auction Ads,Promote
20230807,1773562267151370 ,ZA,ZA,,1/1/00 0:00,2.0112,8.9078,7/8/23 9:29,1.4,Auction Ads,auction_relation
20230807,1773562267151370 ,SA,MENA,,1/1/00 0:00,2.0112,8.9078,7/8/23 9:29,1.78,Auction Ads,auction_relation
20230807,1773562267151370 ,EG,MENA,,1/1/00 0:00,2.0112,8.9078,7/8/23 9:29,1.78,Auction Ads,auction_relation
20230807,1773562267151370 ,TR,TR,,1/1/00 0:00,2.0112,8.9078,7/8/23 9:29,0.83,Auction Ads,auction_relation
20230807,1773561976621050 ,VN,,,1/1/00 0:00,2.9324,3.5827,7/8/23 9:28,1.53,RIE,Promote Report Recall
20230807,1773562230813690 ,PK,PK,,1/1/00 0:00,0.54,0.978,7/8/23 9:28,1.36,Auction Ads,auction_relation
20230807,1773563385774090 ,FR,FR,,1/1/00 0:00,85.24,106.744,7/8/23 9:42,1.97,Auction Ads,auction_relation
20230807,1773563385774090 ,IT,IT,,1/1/00 0:00,85.24,106.744,7/8/23 9:42,1.36,Auction Ads,auction_relation
20230807,1773562188747790 ,OM,Others,,1/1/00 0:00,,5.1458,7/8/23 9:28,1.56,Auction Ads,auction_all
20230807,1773562188747790 ,OM,Others,,1/1/00 0:00,,5.1458,7/8/23 9:28,1.56,Auction Ads,auction_all
20230807,1773562065127470 ,MY,MY,,1/1/00 0:00,3.07,0.8006,7/8/23 9:28,2.31,Auction Ads,auction_relation
20230807,1773562178755580 ,SA,MENA,,1/1/00 0:00,,0.738,7/8/23 9:28,1.78,Auction Ads,auction_relation
20230807,1773558497926170 ,NO,Others,,1/1/00 0:00,47.9722,28.9093,7/8/23 9:31,1.56,Auction Ads,auction_all
20230807,1773559698843650 ,GR,,,1/1/00 0:00,0.8251,0.4666,7/8/23 9:28,0.54,Non-Auction Ads,Promote
20230807,1773558386619410 ,RO,RO,,1/1/00 0:00,11.6025,4.5986,7/8/23 9:29,1.94,Auction Ads,auction_relation
20230807,1773558901549090 ,PL,PL,,1/1/00 0:00,25.58,52.7063,7/8/23 9:35,1.64,Auction Ads,auction_relation
20230807,1773558901549090 ,GR,GR,,1/1/00 0:00,25.58,52.7063,7/8/23 9:35,2.11,Auction Ads,auction_relation
20230807,1773558901549090 ,BE,Other,,1/1/00 0:00,25.58,52.7063,7/8/23 9:35,1.62,RIE,Ad Group Recall (Merged)
20230807,1773562033159170 ,VN,,,1/1/00 0:00,1.7564,3.5827,7/8/23 9:29,1.53,RIE,Promote Report Recall
20230807,1773563309418520 ,JP,JP,,1/1/00 0:00,,69.9921,7/8/23 9:38,2.16,Auction Ads,auction_all
20230807,1773558431467520 ,US,USCA,,1/1/00 0:00,24.7586,19.4148,7/8/23 9:31,1.78,Auction Ads,auction_relation
20230807,1773491096581120 ,VN,,,1/1/00 0:00,1.7638,1.0789,7/8/23 9:29,0.54,Non-Auction Ads,Promote
20230807,1773562218641420 ,ID,ID,,1/1/00 0:00,14.56,4.2516,7/8/23 9:29,1.8,Auction Ads,auction_relation
20230807,1773562062769160 ,ID,ID,,1/1/00 0:00,5.52,0.7649,7/8/23 9:29,1.8,Auction Ads,auction_relation
20230807,1773562060981290 ,ID,ID,,1/1/00 0:00,10.65,0.7649,7/8/23 9:29,1.8,Auction Ads,auction_relation
20230807,1773562126768130 ,CZ,Other,,1/1/00 0:00,5.15,2.9732,7/8/23 9:29,1.62,RIE,Ad Group Recall (Merged)
20230807,1773561981375520 ,TH,TH,,1/1/00 0:00,2.5184,8.4876,7/8/23 9:30,1.64,Auction Ads,auction_relation
20230807,1773562020296710 ,IT,,,1/1/00 0:00,25.4189,0.7973,7/8/23 9:29,0.54,Non-Auction Ads,Promote
20230807,1773561369612290 ,BR,,,1/1/00 0:00,2.2552,1.2779,7/8/23 9:29,0.54,Non-Auction Ads,Promote
20230807,1773561369612290 ,BR,,,1/1/00 0:00,2.2552,1.2779,7/8/23 9:29,0.54,Non-Auction Ads,Promote
20230807,1773558666436620 ,SA,MENA,,1/1/00 0:00,8.12,22.44,7/8/23 9:32,1.78,Auction Ads,auction_relation
20230807,1773558666436620 ,EG,MENA,,1/1/00 0:00,8.12,22.44,7/8/23 9:32,1.78,Auction Ads,auction_relation
20230807,1773558666436620 ,TR,TR,,1/1/00 0:00,8.12,22.44,7/8/23 9:32,0.83,Auction Ads,auction_relation
20230807,1773558666436620 ,CA,USCA,,1/1/00 0:00,8.12,22.44,7/8/23 9:32,1.78,Auction Ads,auction_relation
20230807,1773558666436620 ,EG,MENA,,1/1/00 0:00,8.12,22.44,7/8/23 9:32,1.78,Auction Ads,auction_relation
20230807,1773562293499900 ,BR,BR,,1/1/00 0:00,0.57,10.1556,7/8/23 9:30,1.99,Auction Ads,auction_all
20230807,1773562114656270 ,UY,Others,,1/1/00 0:00,0.23,2.2682,7/8/23 9:29,1.56,Auction Ads,auction_all
20230807,1773562114656270 ,UY,Others,,1/1/00 0:00,0.23,2.2682,7/8/23 9:29,1.56,Auction Ads,auction_all
20230807,1773562138858510 ,UY,Others,,1/1/00 0:00,0.22,2.2682,7/8/23 9:29,1.56,Auction Ads,auction_all
20230807,1773562138858510 ,UY,Others,,1/1/00 0:00,0.22,2.2682,7/8/23 9:29,1.56,Auction Ads,auction_all
20230807,1773535033547770 ,GB,GB,,1/1/00 0:00,3.86,3.401,7/8/23 9:30,1.76,Auction Ads,auction_relation
20230807,1773475875853330 ,EG,,,1/1/00 0:00,0.376,0.1501,7/8/23 9:29,0.54,Non-Auction Ads,Promote
20230807,1773478008594430 ,SA,,,1/1/00 0:00,2.3166,0.7997,7/8/23 9:30,0.54,Non-Auction Ads,Promote
20230807,1773548159767580 ,BR,BR,,1/1/00 0:00,0.5933,0.3659,7/8/23 9:30,1.99,Auction Ads,auction_all
20230807,1773563380516890 ,MY,MY,,1/1/00 0:00,4.75,4.8474,7/8/23 9:31,2.31,Auction Ads,auction_relation
20230807,1773558621807660 ,GR,Other,,1/1/00 0:00,5.7109,2.6613,7/8/23 9:30,1.62,RIE,Ad Group Recall (Merged)
20230807,1773557386151930 ,TH,,,1/1/00 0:00,0.9662,1.3144,7/8/23 9:30,0.54,Non-Auction Ads,Promote
20230807,1773562047402010 ,JP,JP,,1/1/00 0:00,5.7215,36.9137,7/8/23 9:35,2.16,Auction Ads,auction_all
20230807,1773562786685960 ,GR,Other,,1/1/00 0:00,37.33,1.873,7/8/23 9:30,1.62,RIE,Ad Group Recall (Merged)
20230807,1773562294915070 ,MY,MY,,1/1/00 0:00,22.82,30.3816,7/8/23 9:34,2.31,Auction Ads,auction_relation
20230807,1773562186855470 ,US,USCA,,1/1/00 0:00,0.99,2.0283,7/8/23 9:31,1.78,Auction Ads,auction_relation
20230807,1773561526772740 ,TH,,,1/1/00 0:00,1.76,10.4033,7/8/23 9:32,1.53,RIE,Promote Report Recall
20230807,1773562296436750 ,MY,MY,,1/1/00 0:00,22.92,30.3816,7/8/23 9:34,2.31,Auction Ads,auction_relation
20230807,1773562069516320 ,MY,MY,,1/1/00 0:00,2.94,0.8006,7/8/23 9:31,2.31,Auction Ads,auction_relation
20230807,1773562206782460 ,MY,MY,,1/1/00 0:00,3.03,0.8006,7/8/23 9:31,2.31,Auction Ads,auction_relation
20230807,1773562202922030 ,MY,MY,,1/1/00 0:00,3.01,0.8006,7/8/23 9:31,2.31,Auction Ads,auction_relation
20230807,1773562186859520 ,US,USCA,,1/1/00 0:00,2.44,2.0283,7/8/23 9:31,1.78,Auction Ads,auction_relation
20230807,1773562350440450 ,AU,AU,,1/1/00 0:00,1.09,17.0433,7/8/23 9:33,1.84,Auction Ads,auction_relation
20230807,1773562340651070 ,AU,AU,,1/1/00 0:00,1.02,17.0433,7/8/23 9:33,1.84,Auction Ads,auction_relation
20230807,1773478544230400 ,SA,,,1/1/00 0:00,1.1861,1.6635,7/8/23 9:31,0.54,Non-Auction Ads,Promote
20230807,1773562189089820 ,US,USCA,,1/1/00 0:00,2.24,2.0283,7/8/23 9:31,1.78,Auction Ads,auction_relation
20230807,1773562456287320 ,KH,Other,,1/1/00 0:00,8.1551,4.1496,7/8/23 9:31,1.62,RIE,Ad Group Recall (Merged)
20230807,1773491574181880 ,VN,,,1/1/00 0:00,1.6687,0.9385,7/8/23 9:31,0.54,Non-Auction Ads,Promote
20230807,1773478512760830 ,SA,,,1/1/00 0:00,3.0814,1.2061,7/8/23 9:31,0.54,Non-Auction Ads,Promote
20230807,1773560708061220 ,IT,,,1/1/00 0:00,2.1123,1.9971,7/8/23 9:31,0.54,Non-Auction Ads,Promote
20230807,1773562172970000 ,US,USCA,,1/1/00 0:00,2.34,1.8865,7/8/23 9:31,1.78,Auction Ads,auction_relation
20230807,1773562318295050 ,CZ,Other,,1/1/00 0:00,1.54,2.9732,7/8/23 9:32,1.62,RIE,Ad Group Recall (Merged)
20230807,1773569660716030 ,IT,IT,,1/1/00 0:00,25.81,8.3172,7/8/23 9:32,1.36,Auction Ads,auction_relation
20230807,1773561760859140 ,BR,,,1/1/00 0:00,1.2601,0.1516,7/8/23 9:31,0.54,Non-Auction Ads,Promote
20230807,1773241913585660 ,US,US,,1/1/00 0:00,,3640.3123,8/8/23 5:00,1.54,Non-Auction Ads,R&F
20230807,1773315274217520 ,US,US,,1/1/00 0:00,,3640.3123,8/8/23 5:00,1.54,Non-Auction Ads,R&F
20230807,1773315393664010 ,US,US,,1/1/00 0:00,,3640.3123,8/8/23 5:00,1.54,Non-Auction Ads,R&F
20230807,1773314494430250 ,US,US,,1/1/00 0:00,,3640.3123,8/8/23 5:00,1.54,Non-Auction Ads,R&F
20230807,1773314916796410 ,US,US,,1/1/00 0:00,,3640.3123,8/8/23 5:00,1.54,Non-Auction Ads,R&F
20230807,1773565056285710 ,AT,AT,,1/1/00 0:00,,144.5999,7/8/23 9:52,0.89,Auction Ads,auction_relation
20230807,1773565056285710 ,DE,DE,,1/1/00 0:00,,144.5999,7/8/23 9:52,1.01,Auction Ads,auction_relation
20230807,1773562188271610 ,VN,,,1/1/00 0:00,0.0708,0.3035,7/8/23 9:31,1.53,RIE,Promote Report Recall
20230807,1773558624155690 ,US,USCA,,1/1/00 0:00,,15.9061,7/8/23 9:33,1.78,Auction Ads,auction_relation
20230807,1773558619863080 ,US,USCA,,1/1/00 0:00,,15.9061,7/8/23 9:33,1.78,Auction Ads,auction_relation
20230807,1773558622532620 ,US,USCA,,1/1/00 0:00,,15.9061,7/8/23 9:33,1.78,Auction Ads,auction_relation
20230807,1773558624139280 ,US,USCA,,1/1/00 0:00,34.07,15.9061,7/8/23 9:33,1.78,Auction Ads,auction_relation
20230807,1773558617255930 ,US,USCA,,1/1/00 0:00,34.57,15.9061,7/8/23 9:33,1.78,Auction Ads,auction_relation
20230807,1773491759884290 ,VN,,,1/1/00 0:00,0.8195,0.3126,7/8/23 9:32,0.54,Non-Auction Ads,Promote
20230807,1773562401413130 ,TR,TR,,1/1/00 0:00,124.816,18.5951,7/8/23 9:34,0.83,Auction Ads,auction_relation
20230807,1773562781962350 ,ID,ID,,1/1/00 0:00,1.5,2.2084,7/8/23 9:32,1.8,Auction Ads,auction_relation
20230807,1773560042165240 ,MY,,,1/1/00 0:00,10.3753,2.2589,7/8/23 9:32,0.54,Non-Auction Ads,Promote
20230807,1773561687876600 ,PH,,,1/1/00 0:00,0.3177,0.5497,7/8/23 9:32,0.54,Non-Auction Ads,Promote
20230807,1773562365658160 ,CH,CH,,1/1/00 0:00,12.45,2.7089,7/8/23 9:33,0.93,Auction Ads,auction_relation
20230807,1773562365658160 ,FI,Others,,1/1/00 0:00,12.45,2.7089,7/8/23 9:33,1.56,Auction Ads,auction_all
20230807,1773562365658160 ,NO,Others,,1/1/00 0:00,12.45,2.7089,7/8/23 9:33,1.56,Auction Ads,auction_all
20230807,1773562365658160 ,HU,Others,,1/1/00 0:00,12.45,2.7089,7/8/23 9:33,1.56,Auction Ads,auction_all
20230807,1773562361216050 ,MY,MY,,1/1/00 0:00,2.81,0.728,7/8/23 9:32,2.31,Auction Ads,auction_relation
20230807,1773562353496090 ,MY,MY,,1/1/00 0:00,2.65,0.728,7/8/23 9:32,2.31,Auction Ads,auction_relation
20230807,1773562352450610 ,MY,MY,,1/1/00 0:00,2.71,0.728,7/8/23 9:32,2.31,Auction Ads,auction_relation
20230807,1773561723753470 ,BR,,,1/1/00 0:00,1.3299,1.532,7/8/23 9:33,0.54,Non-Auction Ads,Promote
20230807,1773559008252960 ,GB,GB,,1/1/00 0:00,12.46,2.9073,7/8/23 9:33,1.76,Auction Ads,auction_relation
20230807,1773562386318350 ,MY,MY,,1/1/00 0:00,,10.3104,7/8/23 9:34,2.31,Auction Ads,auction_relation
20230807,1773491094073470 ,VN,,,1/1/00 0:00,0.8423,0.5464,7/8/23 9:33,0.54,Non-Auction Ads,Promote
20230807,1773562454381610 ,TR,TR,,1/1/00 0:00,115.3235,18.5951,7/8/23 9:35,0.83,Auction Ads,auction_relation
20230807,1773561590927360 ,PH,,,1/1/00 0:00,0.3045,0.2727,7/8/23 9:33,0.54,Non-Auction Ads,Promote
20230807,1773562878539770 ,TH,TH,,1/1/00 0:00,1.6127,3.6104,7/8/23 9:33,1.64,Auction Ads,auction_relation
20230807,1773562320620540 ,VN,,,1/1/00 0:00,0.3923,6.08,7/8/23 9:34,1.53,RIE,Promote Report Recall
20230807,1773491393499130 ,VN,,,1/1/00 0:00,2.9276,0,7/8/23 9:33,0.54,Non-Auction Ads,Promote
20230807,1773558733876220 ,GB,GB,,1/1/00 0:00,40.8095,24.3818,7/8/23 9:36,1.76,Auction Ads,auction_relation
20230807,1773562511487000 ,VN,VN,,1/1/00 0:00,24.8008,9.3014,7/8/23 9:34,2.13,RIE,Ad Group Recall (Merged)
20230807,1773562185561090 ,TH,,,1/1/00 0:00,4.19,1.3411,7/8/23 9:33,1.53,RIE,Promote Report Recall
20230807,1773562188044280 ,ID,,,1/1/00 0:00,2.1193,0.8874,7/8/23 9:33,1.53,RIE,Promote Report Recall
20230807,1773562734694440 ,BR,BR,,1/1/00 0:00,19.27,32.74,7/8/23 9:39,1.99,Auction Ads,auction_all
20230807,1773476901769220 ,EG,,,1/1/00 0:00,4.4093,3.0358,7/8/23 9:34,0.54,Non-Auction Ads,Promote
20230807,1773557555682300 ,TH,,,1/1/00 0:00,0.9676,0.3986,7/8/23 9:34,0.54,Non-Auction Ads,Promote
20230807,1773561883257860 ,BR,,,1/1/00 0:00,2.4666,0.9808,7/8/23 9:34,0.54,Non-Auction Ads,Promote
20230807,1773562327871490 ,ES,,,1/1/00 0:00,42.0888,11.83,7/8/23 9:35,0.54,Non-Auction Ads,Promote
20230807,1773559113505840 ,PL,PL,,1/1/00 0:00,25.18,52.7063,7/8/23 9:42,1.64,Auction Ads,auction_relation
20230807,1773559113505840 ,ES,ES,,1/1/00 0:00,25.18,52.7063,7/8/23 9:42,1.37,Auction Ads,auction_relation
20230807,1773559113505840 ,IT,IT,,1/1/00 0:00,25.18,52.7063,7/8/23 9:42,1.36,Auction Ads,auction_relation
20230807,1773559305712670 ,CZ,Other,,1/1/00 0:00,21.4739,30.9496,7/8/23 9:39,1.62,RIE,Ad Group Recall (Merged)
20230807,1773478758433790 ,SA,,,1/1/00 0:00,1.1971,0.5936,7/8/23 9:34,0.54,Non-Auction Ads,Promote
20230807,1773558937738250 ,KZ,KZ,,1/1/00 0:00,12.53,24.1105,7/8/23 9:38,2,Auction Ads,auction_relation
20230807,1773561241199620 ,IT,,,1/1/00 0:00,4.5666,1.1891,7/8/23 9:34,0.54,Non-Auction Ads,Promote
20230807,1773562349298730 ,AE,MENA,,1/1/00 0:00,,0.738,7/8/23 9:34,1.78,Auction Ads,auction_relation
20230807,1773562349298730 ,OM,Others,,1/1/00 0:00,,0.738,7/8/23 9:34,1.56,Auction Ads,auction_all
20230807,1773562349298730 ,BH,Others,,1/1/00 0:00,,0.738,7/8/23 9:34,1.56,Auction Ads,auction_all
20230807,1773477198940180 ,EG,,,1/1/00 0:00,4.3369,3.0358,7/8/23 9:34,0.54,Non-Auction Ads,Promote
20230807,1773562609790970 ,TR,TR,,1/1/00 0:00,42.1561,18.5951,7/8/23 9:37,0.83,Auction Ads,auction_relation
20230807,1773566556475410 ,JP,JP,,1/1/00 0:00,92.6,460.128,7/8/23 10:35,2.16,Auction Ads,auction_all
20230807,1773559176375370 ,SE,Other,,1/1/00 0:00,17.4955,14.6227,7/8/23 9:36,1.62,RIE,Ad Group Recall (Merged)
20230807,1773564920792090 ,KH,Other,,1/1/00 0:00,22.63,8.2652,7/8/23 9:36,1.62,RIE,Ad Group Recall (Merged)
20230807,1773562647077930 ,ES,ES,,1/1/00 0:00,,14.8967,7/8/23 9:37,1.37,Auction Ads,auction_relation
20230807,1773479115942910 ,EG,,,1/1/00 0:00,14.3525,0.7491,7/8/23 9:35,1.53,RIE,Promote Report Recall
20230807,1773479115942910 ,EG,,,1/1/00 0:00,14.3525,0.7491,7/8/23 9:35,0.54,Non-Auction Ads,Promote
20230807,1773562939791390 ,TR,TR,,1/1/00 0:00,13.9804,7.7766,7/8/23 9:36,1.63,RIE,Ad Group Recall (Merged)
20230807,1773562939791390 ,TR,TR,,1/1/00 0:00,13.9804,7.7766,7/8/23 9:36,1.63,RIE,Ad Group Recall (Merged)
20230807,1773562785769520 ,MY,MY,,1/1/00 0:00,0.5446,1.3827,7/8/23 9:35,2.31,Auction Ads,auction_relation
20230807,1773562814141480 ,TR,TR,,1/1/00 0:00,1.3146,8.9078,7/8/23 9:36,0.83,Auction Ads,auction_relation
20230807,1773560075809790 ,MY,,,1/1/00 0:00,0.4241,0.6594,7/8/23 9:35,0.54,Non-Auction Ads,Promote
20230807,1773562707277820 ,TH,,,1/1/00 0:00,72.1865,28.7333,7/8/23 9:40,0.54,Non-Auction Ads,Promote
20230807,1773562807336010 ,SA,MENA,,1/1/00 0:00,2.64,2.9198,7/8/23 9:36,1.67,RIE,Ad Group Recall (Merged)
20230807,1773562822099960 ,SA,MENA,,1/1/00 0:00,2.01,2.9198,7/8/23 9:36,1.67,RIE,Ad Group Recall (Merged)
20230807,1773562811395090 ,SA,MENA,,1/1/00 0:00,2.86,2.9198,7/8/23 9:36,1.67,RIE,Ad Group Recall (Merged)
20230807,1773562237879290 ,TR,,,1/1/00 0:00,1.4792,0.5022,7/8/23 9:35,1.53,RIE,Promote Report Recall
20230807,1773562825604090 ,SA,MENA,,1/1/00 0:00,3.01,2.9198,7/8/23 9:36,1.67,RIE,Ad Group Recall (Merged)
20230807,1773562825604090 ,SA,MENA,,1/1/00 0:00,3.01,2.9198,7/8/23 9:36,1.67,RIE,Ad Group Recall (Merged)
20230807,1773562395303930 ,SA,,,1/1/00 0:00,2.5139,5.5459,7/8/23 9:36,1.53,RIE,Promote Report Recall
20230807,1773562520457250 ,CZ,Other,,1/1/00 0:00,8.51,2.2682,7/8/23 9:36,1.62,RIE,Ad Group Recall (Merged)
20230807,1773562522434590 ,CZ,Other,,1/1/00 0:00,2.29,2.2682,7/8/23 9:36,1.62,RIE,Ad Group Recall (Merged)
20230807,1773388211228670 ,SA,,,1/1/00 0:00,0.9732,0.3951,7/8/23 9:36,0.54,Non-Auction Ads,Promote
20230807,1773492826894330 ,VN,,,1/1/00 0:00,1.8423,0.4191,7/8/23 9:36,0.54,Non-Auction Ads,Promote
20230807,1773559607323690 ,PT,PT,,1/1/00 0:00,56.5461,13.1718,7/8/23 9:38,1.98,Auction Ads,auction_relation
20230807,1773562549929980 ,CA,USCA,,1/1/00 0:00,7.37,4.9541,7/8/23 9:37,1.78,Auction Ads,auction_relation
20230807,1773562728162320 ,ID,ID,,1/1/00 0:00,,6.4937,7/8/23 9:38,1.8,Auction Ads,auction_relation
20230807,1773562395016190 ,PH,,,1/1/00 0:00,0.2576,0.1499,7/8/23 9:36,1.53,RIE,Promote Report Recall
20230807,1773563050230880 ,AU,AU,,1/1/00 0:00,,2.2728,7/8/23 9:37,1.84,Auction Ads,auction_relation
20230807,1773562538826760 ,MY,MY,,1/1/00 0:00,,0.728,7/8/23 9:36,2.31,Auction Ads,auction_relation
20230807,1773559249830910 ,PL,PL,,1/1/00 0:00,25.73,52.7063,7/8/23 9:44,1.64,Auction Ads,auction_relation
20230807,1773559249830910 ,ES,ES,,1/1/00 0:00,25.73,52.7063,7/8/23 9:44,1.37,Auction Ads,auction_relation
20230807,1773559249830910 ,IT,IT,,1/1/00 0:00,25.73,52.7063,7/8/23 9:44,1.36,Auction Ads,auction_relation
20230807,1773557696267260 ,TH,,,1/1/00 0:00,1.0017,1.3855,7/8/23 9:37,0.54,Non-Auction Ads,Promote
20230807,1773558961963000 ,CA,US&CA,,1/1/00 0:00,2.44,3.0324,7/8/23 9:37,1.81,RIE,Ad Group Recall (Merged)
20230807,1773558961963000 ,US,US&CA,,1/1/00 0:00,2.44,3.0324,7/8/23 9:37,1.81,RIE,Ad Group Recall (Merged)
20230807,1773562561586170 ,ID,,,1/1/00 0:00,7.453,3.7283,7/8/23 9:37,0.54,Non-Auction Ads,Promote
20230807,1773492765452290 ,VN,,,1/1/00 0:00,0.4485,0.2518,7/8/23 9:37,0.54,Non-Auction Ads,Promote
20230807,1773558946928670 ,RO,RO,,1/1/00 0:00,1.9099,6.7507,7/8/23 9:38,1.94,Auction Ads,auction_relation
20230807,1773562654538770 ,MY,MY,,1/1/00 0:00,0.83,0.6041,7/8/23 9:38,2.31,Auction Ads,auction_relation
20230807,1773562603535360 ,ES,,,1/1/00 0:00,44.6522,9.9787,7/8/23 9:39,0.54,Non-Auction Ads,Promote
20230807,1773562592200700 ,MY,,,1/1/00 0:00,1.2492,1.0709,7/8/23 9:38,1.53,RIE,Promote Report Recall
20230807,1773562782935050 ,TW,TW,,1/1/00 0:00,,12.8286,7/8/23 9:40,0.95,Auction Ads,auction_relation
20230807,1773492834131970 ,VN,,,1/1/00 0:00,0.8459,0.312,7/8/23 9:38,0.54,Non-Auction Ads,Promote
20230807,1773561674825750 ,IT,,,1/1/00 0:00,7.0422,5.1751,7/8/23 9:39,0.54,Non-Auction Ads,Promote
20230807,1773557825753080 ,TH,,,1/1/00 0:00,0.3877,0.4364,7/8/23 9:38,0.54,Non-Auction Ads,Promote
20230807,1773559945906200 ,PE,PE,,1/1/00 0:00,5.98,15.5095,7/8/23 9:40,1.68,Auction Ads,auction_all
20230807,1773559945906200 ,CO,CO,,1/1/00 0:00,5.98,15.5095,7/8/23 9:40,1.93,Auction Ads,auction_all
20230807,1773492993991680 ,VN,,,1/1/00 0:00,0.4092,0,7/8/23 9:38,0.54,Non-Auction Ads,Promote
20230807,1773480348291130 ,EG,,,1/1/00 0:00,23.4554,1.9757,7/8/23 9:38,0.54,Non-Auction Ads,Promote
20230807,1773562620105730 ,IT,,,1/1/00 0:00,6.1956,1.0044,7/8/23 9:38,1.53,RIE,Promote Report Recall
20230807,1773562620805120 ,TR,,,1/1/00 0:00,8.6715,0.4806,7/8/23 9:38,0.54,Non-Auction Ads,Promote
20230807,1773564079652880 ,TH,TH,,1/1/00 0:00,,7.2678,7/8/23 9:40,1.64,Auction Ads,auction_relation
20230807,1773560457071610 ,MY,,,1/1/00 0:00,1.9276,1.3773,7/8/23 9:39,0.54,Non-Auction Ads,Promote
20230807,1773562703647740 ,CL,CL,,1/1/00 0:00,1.84,1.9766,7/8/23 9:39,1.85,Auction Ads,auction_all
20230807,1773562807335020 ,CA,USCA,,1/1/00 0:00,1.83,1.3229,7/8/23 9:39,1.78,Auction Ads,auction_relation
20230807,1773562723198990 ,PE,PE,,1/1/00 0:00,0.53,2.2682,7/8/23 9:39,1.68,Auction Ads,auction_all
20230807,1773562776360990 ,MY,MY,,1/1/00 0:00,2.02,0.6041,7/8/23 9:39,2.31,Auction Ads,auction_relation
20230807,1773562726938640 ,PE,PE,,1/1/00 0:00,5.19,2.2682,7/8/23 9:39,1.68,Auction Ads,auction_all
20230807,1773563391798270 ,SA,MENA,,1/1/00 0:00,0.7645,7.2521,7/8/23 9:40,1.78,Auction Ads,auction_relation
20230807,1773557617566720 ,TH,,,1/1/00 0:00,0.7355,0.2102,7/8/23 9:39,0.54,Non-Auction Ads,Promote
20230807,1773562792882200 ,GB,GB,,1/1/00 0:00,1.38,2.0822,7/8/23 9:40,1.76,Auction Ads,auction_relation
20230807,1773562792882200 ,GB,GB,,1/1/00 0:00,1.38,2.0822,7/8/23 9:40,1.76,Auction Ads,auction_relation
20230807,1773559338763290 ,NL,Other,,1/1/00 0:00,103.211,50.2811,7/8/23 9:45,1.62,RIE,Ad Group Recall (Merged)
20230807,1773559829294080 ,MY,,,1/1/00 0:00,0.9925,0.7167,7/8/23 9:39,0.54,Non-Auction Ads,Promote
20230807,1773562604107770 ,TR,,,1/1/00 0:00,21.1275,1.4133,7/8/23 9:40,0.54,Non-Auction Ads,Promote
20230807,1773563585152000 ,PH,PH,,1/1/00 0:00,11.14,71.9255,7/8/23 9:49,2.46,Auction Ads,auction_relation
20230807,1773563171321870 ,BH,Other,,1/1/00 0:00,15.06,0.6412,7/8/23 9:40,1.62,RIE,Ad Group Recall (Merged)
20230807,1773562863950880 ,JP,JP,,1/1/00 0:00,,10.7132,7/8/23 9:42,2.16,Auction Ads,auction_all
20230807,1773562847012880 ,PH,PH,,1/1/00 0:00,4.44,0.3938,7/8/23 9:40,2.46,Auction Ads,auction_relation
20230807,1773562667905020 ,FR,,,1/1/00 0:00,2.0486,0.5691,7/8/23 9:40,1.53,RIE,Promote Report Recall
20230807,1773560302994480 ,CA,USCA,,1/1/00 0:00,1.39,4.089,7/8/23 9:41,1.78,Auction Ads,auction_relation
20230807,1773562936803360 ,TH,TH,,1/1/00 0:00,28.6503,16.2752,7/8/23 9:42,1.64,Auction Ads,auction_relation
20230807,1773563029441570 ,GB,GB,,1/1/00 0:00,6.39,1.6387,7/8/23 9:40,1.76,Auction Ads,auction_relation
20230807,1773562845074430 ,GB,GB,,1/1/00 0:00,3.45,1.6387,7/8/23 9:40,1.76,Auction Ads,auction_relation
20230807,1773562820799500 ,GB,GB,,1/1/00 0:00,5.26,1.6387,7/8/23 9:40,1.76,Auction Ads,auction_relation
20230807,1773562867663870 ,GB,GB,,1/1/00 0:00,3.04,1.6387,7/8/23 9:40,1.76,Auction Ads,auction_relation
20230807,1773562916862990 ,ID,ID,,1/1/00 0:00,6.5,6.4937,7/8/23 9:41,1.8,Auction Ads,auction_relation
20230807,1773562922872840 ,BR,BR,,1/1/00 0:00,17.43,6.1048,7/8/23 9:41,1.99,Auction Ads,auction_all
20230807,1773577868432410 ,US,USCA,,1/1/00 0:00,5.13,0.2926,7/8/23 9:41,1.78,Auction Ads,auction_relation
20230807,1773562894280810 ,US,USCA,,1/1/00 0:00,7.6,4.0527,7/8/23 9:41,1.78,Auction Ads,auction_relation
20230807,1773563012710450 ,ID,ID,,1/1/00 0:00,6.3525,0.7595,7/8/23 9:41,1.8,Auction Ads,auction_relation
20230807,1773562649187330 ,DK,,,1/1/00 0:00,5.1244,0.4954,7/8/23 9:41,1.53,RIE,Promote Report Recall
20230807,1773562951028750 ,SA,MENA,,1/1/00 0:00,,2.3211,7/8/23 9:41,1.78,Auction Ads,auction_relation
20230807,1773562742592550 ,TH,,,1/1/00 0:00,10.85,0.8008,7/8/23 9:41,1.53,RIE,Promote Report Recall
20230807,1773577923973130 ,ES,ES,,1/1/00 0:00,0.77,2.6936,7/8/23 9:42,1.37,Auction Ads,auction_relation
20230807,1773563000438830 ,SA,MENA,,1/1/00 0:00,,1.0643,7/8/23 9:41,1.78,Auction Ads,auction_relation
20230807,1773563154980880 ,MY,MY,,1/1/00 0:00,12.7204,7.0956,7/8/23 9:42,2.31,Auction Ads,auction_relation
20230807,1773562579080190 ,TH,,,1/1/00 0:00,9.9,1.0547,7/8/23 9:42,1.53,RIE,Promote Report Recall
20230807,1773577952921600 ,US,USCA,,1/1/00 0:00,5.33,5.7004,7/8/23 9:42,1.78,Auction Ads,auction_relation
20230807,1773563165195260 ,UY,Others,,1/1/00 0:00,2.73,0.544,7/8/23 9:42,1.56,Auction Ads,auction_all
20230807,1773563165195260 ,EC,Others,,1/1/00 0:00,2.73,0.544,7/8/23 9:42,1.56,Auction Ads,auction_all
20230807,1773563165195260 ,TH,TH,,1/1/00 0:00,2.73,0.544,7/8/23 9:42,1.64,Auction Ads,auction_relation
20230807,1773563165195260 ,EC,Others,,1/1/00 0:00,2.73,0.544,7/8/23 9:42,1.56,Auction Ads,auction_all
20230807,1773563165195260 ,UY,Others,,1/1/00 0:00,2.73,0.544,7/8/23 9:42,1.56,Auction Ads,auction_all
20230807,1773563337190430 ,ID,ID,,1/1/00 0:00,,2.2084,7/8/23 9:42,1.8,Auction Ads,auction_relation
20230807,1773564225879050 ,SA,MENA,,1/1/00 0:00,8.8,2.6,7/8/23 9:42,1.78,Auction Ads,auction_relation
20230807,1773479307800570 ,SA,,,1/1/00 0:00,5.23,2.0505,7/8/23 9:42,0.54,Non-Auction Ads,Promote
20230807,1773562372298770 ,ZA,ZA,,1/1/00 0:00,155.16,25.1367,7/8/23 9:44,1.4,Auction Ads,auction_relation
20230807,1773562372298770 ,RO,RO,,1/1/00 0:00,155.16,25.1367,7/8/23 9:44,1.94,Auction Ads,auction_relation
20230807,1773562372298770 ,IE,IE,,1/1/00 0:00,155.16,25.1367,7/8/23 9:44,1.52,Auction Ads,auction_relation
20230807,1773562372298770 ,CH,CH,,1/1/00 0:00,155.16,25.1367,7/8/23 9:44,0.93,Auction Ads,auction_relation
20230807,1773561879633070 ,TH,,,1/1/00 0:00,16.14,1.9048,7/8/23 9:42,1.53,RIE,Promote Report Recall
20230807,1773559641365530 ,FR,FR,,1/1/00 0:00,,8.1367,7/8/23 9:43,1.97,Auction Ads,auction_relation
20230807,1773564651746300 ,ID,ID,,1/1/00 0:00,25.99,7.2067,7/8/23 9:43,1.8,Auction Ads,auction_relation
20230807,1773564651746300 ,ID,ID,,1/1/00 0:00,25.99,7.2067,7/8/23 9:43,1.8,Auction Ads,auction_relation
20230807,1773562376797180 ,ZA,ZA,,1/1/00 0:00,74.3,25.1367,7/8/23 9:44,1.4,Auction Ads,auction_relation
20230807,1773562376797180 ,IE,IE,,1/1/00 0:00,74.3,25.1367,7/8/23 9:44,1.52,Auction Ads,auction_relation
20230807,1773562376797180 ,CH,CH,,1/1/00 0:00,74.3,25.1367,7/8/23 9:44,0.93,Auction Ads,auction_relation
20230807,1773559042803710 ,GB,GB,,1/1/00 0:00,,2.9073,7/8/23 9:42,1.76,Auction Ads,auction_relation
20230807,1773562795540480 ,TR,,,1/1/00 0:00,10.5743,1.951,7/8/23 9:42,0.54,Non-Auction Ads,Promote
20230807,1773563035933740 ,MY,MY,,1/1/00 0:00,1.51,0.5567,7/8/23 9:42,2.31,Auction Ads,auction_relation
20230807,1773563029439490 ,SA,MENA,,1/1/00 0:00,2.49,4.9573,7/8/23 9:43,1.67,RIE,Ad Group Recall (Merged)
20230807,1773388972582910 ,SA,,,1/1/00 0:00,0.9518,0.4799,7/8/23 9:42,0.54,Non-Auction Ads,Promote
20230807,1773562876557310 ,TH,,,1/1/00 0:00,1.7839,0.4599,7/8/23 9:42,1.53,RIE,Promote Report Recall
20230807,1773558004866040 ,TH,,,1/1/00 0:00,0.4974,0.4637,7/8/23 9:43,0.54,Non-Auction Ads,Promote
20230807,1773479791510530 ,SA,,,1/1/00 0:00,1.1729,0.5844,7/8/23 9:43,0.54,Non-Auction Ads,Promote
20230807,1773563003773950 ,MY,MY,,1/1/00 0:00,,11.5432,7/8/23 9:44,2.31,Auction Ads,auction_relation
20230807,1773563023414280 ,MY,MY,,1/1/00 0:00,,11.5432,7/8/23 9:44,2.31,Auction Ads,auction_relation
20230807,1773479727486970 ,SA,,,1/1/00 0:00,2.1592,1.2961,7/8/23 9:43,0.54,Non-Auction Ads,Promote
20230807,1773563039004780 ,BY,BY,,1/1/00 0:00,10.93,7.9353,7/8/23 9:44,2.14,Auction Ads,auction_relation
20230807,1773562933497920 ,ID,ID,,1/1/00 0:00,,0.3186,7/8/23 9:43,1.8,Auction Ads,auction_relation
20230807,1773578024004620 ,US,USCA,,1/1/00 0:00,0,0.2926,7/8/23 9:43,1.78,Auction Ads,auction_relation
20230807,1773562971490350 ,GR,GR,,1/1/00 0:00,,1.873,7/8/23 9:43,2.11,Auction Ads,auction_relation
20230807,1773562939945000 ,GR,GR,,1/1/00 0:00,,1.873,7/8/23 9:43,2.11,Auction Ads,auction_relation
20230807,1773562960486410 ,GR,GR,,1/1/00 0:00,,1.873,7/8/23 9:43,2.11,Auction Ads,auction_relation
20230807,1773562947444730 ,GR,GR,,1/1/00 0:00,7.34,1.873,7/8/23 9:43,2.11,Auction Ads,auction_relation
20230807,1773562947444730 ,GR,GR,,1/1/00 0:00,7.34,1.873,7/8/23 9:43,2.11,Auction Ads,auction_relation
20230807,1773562939945000 ,GR,GR,,1/1/00 0:00,,1.873,7/8/23 9:43,2.11,Auction Ads,auction_relation
20230807,1773562971490350 ,GR,GR,,1/1/00 0:00,,1.873,7/8/23 9:43,2.11,Auction Ads,auction_relation
20230807,1773562960486410 ,GR,GR,,1/1/00 0:00,,1.873,7/8/23 9:43,2.11,Auction Ads,auction_relation
20230807,1773559755151370 ,GB,GB,,1/1/00 0:00,19.1851,19.4632,7/8/23 9:45,1.76,Auction Ads,auction_relation
20230807,1773563004937240 ,TW,TW,,1/1/00 0:00,5.56,1.8083,7/8/23 9:43,0.95,Auction Ads,auction_relation
20230807,1773562939144190 ,VN,,,1/1/00 0:00,1.7906,1.8053,7/8/23 9:43,1.53,RIE,Promote Report Recall
20230807,1773563579391020 ,BR,BR,,1/1/00 0:00,49.63,63.7505,7/8/23 9:52,1.99,Auction Ads,auction_all
20230807,1773562991974410 ,GR,GR,,1/1/00 0:00,,1.873,7/8/23 9:43,2.11,Auction Ads,auction_relation
20230807,1773562975622140 ,GR,GR,,1/1/00 0:00,,1.873,7/8/23 9:43,2.11,Auction Ads,auction_relation
20230807,1773562991974410 ,GR,GR,,1/1/00 0:00,,1.873,7/8/23 9:43,2.11,Auction Ads,auction_relation
20230807,1773562975622140 ,GR,GR,,1/1/00 0:00,,1.873,7/8/23 9:43,2.11,Auction Ads,auction_relation
20230807,1773558040013820 ,TH,,,1/1/00 0:00,0.7825,0.5459,7/8/23 9:44,0.54,Non-Auction Ads,Promote
20230807,1773563089285120 ,PH,PH,,1/1/00 0:00,5.9,2.8175,7/8/23 9:44,2.46,Auction Ads,auction_relation
20230807,1773562932953090 ,TH,,,1/1/00 0:00,12.96,1.7997,7/8/23 9:44,1.53,RIE,Promote Report Recall
20230807,1773563329706030 ,TH,TH,,1/1/00 0:00,0.1,10.2425,7/8/23 9:45,1.64,Auction Ads,auction_relation
20230807,1773563023950850 ,TH,,,1/1/00 0:00,17.98,12.196,7/8/23 9:45,1.53,RIE,Promote Report Recall
20230807,1773563503547390 ,SA,,,1/1/00 0:00,620.0316,63.5952,7/8/23 9:53,0.54,Non-Auction Ads,Promote
20230807,1773561828911100 ,PT,,,1/1/00 0:00,3.7853,1.5178,7/8/23 9:44,0.54,Non-Auction Ads,Promote
20230807,1773578082265130 ,US,USCA,,1/1/00 0:00,,0.2926,7/8/23 9:44,1.78,Auction Ads,auction_relation
20230807,1773559536231440 ,CZ,Other,,1/1/00 0:00,21.2652,30.9496,7/8/23 9:48,1.62,RIE,Ad Group Recall (Merged)
20230807,1773562977847290 ,VN,,,1/1/00 0:00,0.6779,0.4141,7/8/23 9:44,1.53,RIE,Promote Report Recall
20230807,1773563967831090 ,ID,ID,,1/1/00 0:00,47.6291,51.0084,7/8/23 9:52,1.8,Auction Ads,auction_relation
20230807,1773563145198620 ,VN,VN,,1/1/00 0:00,0.9389,2.8219,7/8/23 9:44,2.13,RIE,Ad Group Recall (Merged)
20230807,1773559370361870 ,US,US&CA,,1/1/00 0:00,159.06,8.2097,7/8/23 9:45,1.81,RIE,Ad Group Recall (Merged)
20230807,1773481925065730 ,EG,,,1/1/00 0:00,2.1266,0.8786,7/8/23 9:44,0.54,Non-Auction Ads,Promote
20230807,1773563401737230 ,TH,TH,,1/1/00 0:00,8.5626,5.3482,7/8/23 9:45,1.64,Auction Ads,auction_relation
20230807,1773538321973290 ,AU,AU,,1/1/00 0:00,5.6,3.8823,7/8/23 9:45,1.84,Auction Ads,auction_relation
20230807,1773560373641250 ,NO,Others,,1/1/00 0:00,377.24,169.1267,7/8/23 10:02,1.56,Auction Ads,auction_all
20230807,1773560373641250 ,PL,PL,,1/1/00 0:00,377.24,169.1267,7/8/23 10:02,1.64,Auction Ads,auction_relation
20230807,1773560373641250 ,SE,SE,,1/1/00 0:00,377.24,169.1267,7/8/23 10:02,1.4,Auction Ads,auction_relation
20230807,1773560373641250 ,CH,CH,,1/1/00 0:00,377.24,169.1267,7/8/23 10:02,0.93,Auction Ads,auction_relation
20230807,1773560373641250 ,ES,ES,,1/1/00 0:00,377.24,169.1267,7/8/23 10:02,1.37,Auction Ads,auction_relation
20230807,1773560373641250 ,DK,DK,,1/1/00 0:00,377.24,169.1267,7/8/23 10:02,1.31,Auction Ads,auction_relation
20230807,1773560373641250 ,AT,AT,,1/1/00 0:00,377.24,169.1267,7/8/23 10:02,0.89,Auction Ads,auction_relation
20230807,1773560373641250 ,BE,BE,,1/1/00 0:00,377.24,169.1267,7/8/23 10:02,1.15,Auction Ads,auction_relation
20230807,1773560373641250 ,GR,GR,,1/1/00 0:00,377.24,169.1267,7/8/23 10:02,2.11,Auction Ads,auction_relation
20230807,1773560373641250 ,ES,ES,,1/1/00 0:00,377.24,169.1267,7/8/23 10:02,1.37,Auction Ads,auction_relation
20230807,1773560373641250 ,RO,RO,,1/1/00 0:00,377.24,169.1267,7/8/23 10:02,1.94,Auction Ads,auction_relation
20230807,1773560373641250 ,IE,IE,,1/1/00 0:00,377.24,169.1267,7/8/23 10:02,1.52,Auction Ads,auction_relation
20230807,1773560373641250 ,FI,Others,,1/1/00 0:00,377.24,169.1267,7/8/23 10:02,1.56,Auction Ads,auction_all
20230807,1773560373641250 ,HU,Others,,1/1/00 0:00,377.24,169.1267,7/8/23 10:02,1.56,Auction Ads,auction_all
20230807,1773560373641250 ,PT,PT,,1/1/00 0:00,377.24,169.1267,7/8/23 10:02,1.98,Auction Ads,auction_relation
20230807,1773563022301230 ,GR,GR,,1/1/00 0:00,,1.873,7/8/23 9:45,2.11,Auction Ads,auction_relation
20230807,1773563022301230 ,GR,GR,,1/1/00 0:00,,1.873,7/8/23 9:45,2.11,Auction Ads,auction_relation
20230807,1773492809612290 ,VN,,,1/1/00 0:00,1.5767,2.0952,7/8/23 9:45,0.54,Non-Auction Ads,Promote
20230807,1773562852767740 ,PH,,,1/1/00 0:00,0.1716,0.2891,7/8/23 9:44,0.54,Non-Auction Ads,Promote
20230807,1773562741336060 ,KH,,,1/1/00 0:00,0.1892,0.5597,7/8/23 9:45,0.54,Non-Auction Ads,Promote
20230807,1773563052520450 ,IT,,,1/1/00 0:00,8.9896,3.8845,7/8/23 9:45,1.53,RIE,Promote Report Recall
20230807,1773559639584810 ,US,US&CA,,1/1/00 0:00,19.69,33.27,7/8/23 9:50,1.81,RIE,Ad Group Recall (Merged)
20230807,1773563092495360 ,GR,GR,,1/1/00 0:00,,1.873,7/8/23 9:45,2.11,Auction Ads,auction_relation
20230807,1773563089376280 ,GR,GR,,1/1/00 0:00,,1.873,7/8/23 9:45,2.11,Auction Ads,auction_relation
20230807,1773560773100540 ,MY,,,1/1/00 0:00,8.296,2.2462,7/8/23 9:45,0.54,Non-Auction Ads,Promote
20230807,1773559446617120 ,GB,GB,,1/1/00 0:00,0.497,3.5777,7/8/23 9:46,1.76,Auction Ads,auction_relation
20230807,1773559613599770 ,FR,FR,,1/1/00 0:00,17.2204,2.1872,7/8/23 9:45,1.97,Auction Ads,auction_relation
20230807,1773559782773790 ,CZ,Other,,1/1/00 0:00,21.0443,30.9496,7/8/23 9:50,1.62,RIE,Ad Group Recall (Merged)
20230807,1773562920850430 ,TH,,,1/1/00 0:00,8.28,1.7735,7/8/23 9:45,1.53,RIE,Promote Report Recall
20230807,1773567427220570 ,PH,Other,,1/1/00 0:00,,13.6375,7/8/23 9:47,1.62,RIE,Ad Group Recall (Merged)
20230807,1773559862115340 ,CZ,Other,,1/1/00 0:00,,0.3073,7/8/23 9:46,1.62,RIE,Ad Group Recall (Merged)
20230807,1773563218373680 ,ID,ID,,1/1/00 0:00,,0.0127,7/8/23 9:46,1.8,Auction Ads,auction_relation
20230807,1773559399550990 ,CH,CH,,1/1/00 0:00,5.5,4.4282,7/8/23 9:46,0.93,Auction Ads,auction_relation
20230807,1773559399550990 ,CA,USCA,,1/1/00 0:00,5.5,4.4282,7/8/23 9:46,1.78,Auction Ads,auction_relation
20230807,1773559399550990 ,NO,Others,,1/1/00 0:00,5.5,4.4282,7/8/23 9:46,1.56,Auction Ads,auction_all
20230807,1773559399550990 ,DK,DK,,1/1/00 0:00,5.5,4.4282,7/8/23 9:46,1.31,Auction Ads,auction_relation
20230807,1773559399550990 ,DE,DE,,1/1/00 0:00,5.5,4.4282,7/8/23 9:46,1.01,Auction Ads,auction_relation
20230807,1773559399550990 ,IE,IE,,1/1/00 0:00,5.5,4.4282,7/8/23 9:46,1.52,Auction Ads,auction_relation
20230807,1773559399550990 ,AU,AU,,1/1/00 0:00,5.5,4.4282,7/8/23 9:46,1.84,Auction Ads,auction_relation
20230807,1773559399550990 ,SE,SE,,1/1/00 0:00,5.5,4.4282,7/8/23 9:46,1.4,Auction Ads,auction_relation
20230807,1773559399550990 ,GB,GB,,1/1/00 0:00,5.5,4.4282,7/8/23 9:46,1.76,Auction Ads,auction_relation
20230807,1773559399550990 ,US,USCA,,1/1/00 0:00,5.5,4.4282,7/8/23 9:46,1.78,Auction Ads,auction_relation
20230807,1773559399550990 ,FI,Others,,1/1/00 0:00,5.5,4.4282,7/8/23 9:46,1.56,Auction Ads,auction_all
20230807,1773562847868930 ,TH,,,1/1/00 0:00,6.92,4.5706,7/8/23 9:46,1.53,RIE,Promote Report Recall
20230807,1773559438412840 ,US,USCA,,1/1/00 0:00,6.01,11.9835,7/8/23 9:47,1.78,Auction Ads,auction_relation
20230807,1773559441465370 ,US,USCA,,1/1/00 0:00,6.08,11.9835,7/8/23 9:47,1.78,Auction Ads,auction_relation
20230807,1773563159788560 ,NZ,NZ,,1/1/00 0:00,0.04,2.8616,7/8/23 9:46,1.58,Auction Ads,auction_relation
20230807,1773563031055360 ,TH,,,1/1/00 0:00,13.62,2.2374,7/8/23 9:46,1.53,RIE,Promote Report Recall
20230807,1773559497010190 ,DE,DE,,1/1/00 0:00,1.2983,7.1783,7/8/23 9:47,1.01,Auction Ads,auction_relation
20230807,1773559488790570 ,DE,DE,,1/1/00 0:00,2.6628,7.1783,7/8/23 9:47,1.01,Auction Ads,auction_relation
20230807,1773563263063090 ,BR,BR,,1/1/00 0:00,19.17,5.5654,7/8/23 9:47,1.99,Auction Ads,auction_all
20230807,1773560495018030 ,DE,,,1/1/00 0:00,6.1399,2.0254,7/8/23 9:46,0.54,Non-Auction Ads,Promote
20230807,1773562994673660 ,SA,,,1/1/00 0:00,13.8798,2.4684,7/8/23 9:46,0.54,Non-Auction Ads,Promote
20230807,1773560631531520 ,MY,,,1/1/00 0:00,3.0758,2.3865,7/8/23 9:46,0.54,Non-Auction Ads,Promote
20230807,1773563034596350 ,PH,,,1/1/00 0:00,5.7727,1.3586,7/8/23 9:46,1.53,RIE,Promote Report Recall
20230807,1773564859721720 ,PH,PH,,1/1/00 0:00,0.07,0.11,7/8/23 9:46,2.46,Auction Ads,auction_relation
20230807,1773564859721720 ,PH,PH,,1/1/00 0:00,0.07,0.11,7/8/23 9:46,2.46,Auction Ads,auction_relation
20230807,1773563197973520 ,PH,PH,,1/1/00 0:00,5.2,2.8175,7/8/23 9:47,2.46,Auction Ads,auction_relation
20230807,1773563527129120 ,PK,PK,,1/1/00 0:00,8.17,1.7068,7/8/23 9:47,1.36,Auction Ads,auction_relation
20230807,1773563527129120 ,PK,PK,,1/1/00 0:00,8.17,1.7068,7/8/23 9:47,1.36,Auction Ads,auction_relation
20230807,1773563527129120 ,PK,PK,,1/1/00 0:00,8.17,1.7068,7/8/23 9:47,1.36,Auction Ads,auction_relation
20230807,1773563527129120 ,PK,PK,,1/1/00 0:00,8.17,1.7068,7/8/23 9:47,1.36,Auction Ads,auction_relation
20230807,1773578271973400 ,US,USCA,,1/1/00 0:00,1.4,3.6906,7/8/23 9:47,1.78,Auction Ads,auction_relation
20230807,1773563293644800 ,ZA,ZA,,1/1/00 0:00,0.1311,5.2168,7/8/23 9:47,1.4,Auction Ads,auction_relation
20230807,1773558280426490 ,TH,,,1/1/00 0:00,0.7192,0.3386,7/8/23 9:47,0.54,Non-Auction Ads,Promote
20230807,1773562609203200 ,ES,,,1/1/00 0:00,0.077,1.0597,7/8/23 9:47,0.54,Non-Auction Ads,Promote
20230807,1773562702268410 ,IL,,,1/1/00 0:00,2.7473,1.5621,7/8/23 9:47,0.54,Non-Auction Ads,Promote
20230807,1773563208347660 ,US,USCA,,1/1/00 0:00,,3.2129,7/8/23 9:48,1.78,Auction Ads,auction_relation
20230807,1773563473404960 ,SA,MENA,,1/1/00 0:00,6.78,1.0853,7/8/23 9:47,1.78,Auction Ads,auction_relation
20230807,1773563278410800 ,SA,MENA,,1/1/00 0:00,6.94,4.9573,7/8/23 9:48,1.78,Auction Ads,auction_relation
20230807,1773563542700040 ,GR,GR,,1/1/00 0:00,,1.326,7/8/23 9:47,2.11,Auction Ads,auction_relation
20230807,1773563632693290 ,PH,Other,,1/1/00 0:00,14.09,4.1393,7/8/23 9:48,1.62,RIE,Ad Group Recall (Merged)
20230807,1773563632693290 ,PH,Other,,1/1/00 0:00,14.09,4.1393,7/8/23 9:48,1.62,RIE,Ad Group Recall (Merged)
20230807,1773563632693290 ,SG,Other,,1/1/00 0:00,14.09,4.1393,7/8/23 9:48,1.62,RIE,Ad Group Recall (Merged)
20230807,1773563265785870 ,PH,PH,,1/1/00 0:00,9.76,2.8175,7/8/23 9:48,2.46,Auction Ads,auction_relation
20230807,1773555305509890 ,ID,,,1/1/00 0:00,0.84,0.1872,7/8/23 9:47,0.54,Non-Auction Ads,Promote
20230807,1773563367043180 ,ID,ID,,1/1/00 0:00,3.24,1.7782,7/8/23 9:48,1.8,Auction Ads,auction_relation
20230807,1773559657153550 ,US,USCA,,1/1/00 0:00,6.39,11.9835,7/8/23 9:51,1.78,Auction Ads,auction_relation
20230807,1773563356819490 ,VN,VN,,1/1/00 0:00,1.0124,2.8219,7/8/23 9:48,2.13,RIE,Ad Group Recall (Merged)
20230807,1773563226516480 ,FR,,,1/1/00 0:00,53.2834,2.9699,7/8/23 9:48,0.54,Non-Auction Ads,Promote
20230807,1773142853648380 ,US,US,,1/1/00 0:00,,3640.3123,9/8/23 5:00,1.54,Non-Auction Ads,R&F
20230807,1773559853412380 ,CZ,Other,,1/1/00 0:00,21.1772,30.9496,7/8/23 9:54,1.62,RIE,Ad Group Recall (Merged)
20230807,1773563746445310 ,BR,BR,,1/1/00 0:00,39.6,63.7505,7/8/23 9:55,1.99,Auction Ads,auction_all
20230807,1773541750480890 ,AU,,,1/1/00 0:00,2.0442,6.276,7/8/23 9:50,0.54,Non-Auction Ads,Promote
20230807,1773563440107550 ,SA,MENA,,1/1/00 0:00,18.55,4.3601,7/8/23 9:49,1.67,RIE,Ad Group Recall (Merged)
20230807,1773563048488960 ,PH,,,1/1/00 0:00,0.2209,0.075,7/8/23 9:48,0.54,Non-Auction Ads,Promote
20230807,1773563692741660 ,IT,IT,,1/1/00 0:00,6.44,1.7954,7/8/23 9:49,1.36,Auction Ads,auction_relation
20230807,1773563692741660 ,SE,SE,,1/1/00 0:00,6.44,1.7954,7/8/23 9:49,1.4,Auction Ads,auction_relation
20230807,1773563692741660 ,ES,ES,,1/1/00 0:00,6.44,1.7954,7/8/23 9:49,1.37,Auction Ads,auction_relation
20230807,1773563692741660 ,FR,FR,,1/1/00 0:00,6.44,1.7954,7/8/23 9:49,1.97,Auction Ads,auction_relation
20230807,1773540260335610 ,SG,,,1/1/00 0:00,1.6278,2.5591,7/8/23 9:49,0.54,Non-Auction Ads,Promote
20230807,1773559841273930 ,AR,AR,,1/1/00 0:00,61.74,24.1873,7/8/23 9:53,2.23,Auction Ads,auction_all
20230807,1773563501650990 ,US,USCA,,1/1/00 0:00,1.89,3.4875,7/8/23 9:50,1.78,Auction Ads,auction_relation
20230807,1773563501650990 ,CA,USCA,,1/1/00 0:00,1.89,3.4875,7/8/23 9:50,1.78,Auction Ads,auction_relation
20230807,1773563573314590 ,ID,ID,,1/1/00 0:00,,0.0127,7/8/23 9:49,1.8,Auction Ads,auction_relation
20230807,1773564606099500 ,KH,KH,,1/1/00 0:00,6.7013,1.1975,7/8/23 9:49,1.5,Auction Ads,auction_relation
20230807,1773564606099500 ,KH,KH,,1/1/00 0:00,6.7013,1.1975,7/8/23 9:49,1.5,Auction Ads,auction_relation
20230807,1773578494465020 ,US,USCA,,1/1/00 0:00,1.27,4.6592,7/8/23 9:51,1.78,Auction Ads,auction_relation
20230807,1773563378595850 ,VN,VN,,1/1/00 0:00,0.6654,2.8219,7/8/23 9:50,2.13,RIE,Ad Group Recall (Merged)
20230807,1773563548639260 ,ID,ID,,1/1/00 0:00,4.23,1.7782,7/8/23 9:51,1.8,Auction Ads,auction_relation
20230807,1773563693015040 ,TH,TH,,1/1/00 0:00,25.5298,16.8629,7/8/23 9:52,1.64,Auction Ads,auction_relation
20230807,1773563833582620 ,ID,ID,,1/1/00 0:00,0.71,31.6167,7/8/23 9:55,1.8,Auction Ads,auction_relation
20230807,1773563620437020 ,MY,MY,,1/1/00 0:00,0.01,4.8474,7/8/23 9:51,2.31,Auction Ads,auction_relation
20230807,1773559738526760 ,FR,FR,,1/1/00 0:00,8.3622,8.1367,7/8/23 9:52,1.97,Auction Ads,auction_relation
20230807,1773559738521630 ,FR,FR,,1/1/00 0:00,35.3748,8.1367,7/8/23 9:52,1.97,Auction Ads,auction_relation
20230807,1773559736963100 ,FR,FR,,1/1/00 0:00,,8.1367,7/8/23 9:52,1.97,Auction Ads,auction_relation
20230807,1773563506001950 ,CL,CL,,1/1/00 0:00,0.34,2.2682,7/8/23 9:51,1.85,Auction Ads,auction_all
20230807,1773563509353500 ,CL,CL,,1/1/00 0:00,4.07,2.2682,7/8/23 9:51,1.85,Auction Ads,auction_all
20230807,1773563364763640 ,PH,,,1/1/00 0:00,0.4303,0.1302,7/8/23 9:51,1.53,RIE,Promote Report Recall
20230807,1773563510262830 ,CL,CL,,1/1/00 0:00,0.57,2.2682,7/8/23 9:51,1.85,Auction Ads,auction_all
20230807,1773564149687340 ,TH,TH,,1/1/00 0:00,,0,7/8/23 9:51,1.64,Auction Ads,auction_relation
20230807,1773564149687340 ,TH,TH,,1/1/00 0:00,,0,7/8/23 9:51,1.64,Auction Ads,auction_relation
20230807,1773563513988110 ,CL,CL,,1/1/00 0:00,0.85,2.2682,7/8/23 9:51,1.85,Auction Ads,auction_all
20230807,1773565538841640 ,PK,PK,,1/1/00 0:00,0.02,0.9905,7/8/23 9:51,1.36,Auction Ads,auction_relation
20230807,1773563516913680 ,CL,CL,,1/1/00 0:00,0.24,2.2682,7/8/23 9:51,1.85,Auction Ads,auction_all
20230807,1773564179576860 ,TH,TH,,1/1/00 0:00,,6.1006,7/8/23 9:52,1.64,Auction Ads,auction_relation
20230807,1773563607615480 ,AT,AT,,1/1/00 0:00,23.48,16.7489,7/8/23 9:54,0.89,Auction Ads,auction_relation
20230807,1773563607615480 ,DE,DE,,1/1/00 0:00,23.48,16.7489,7/8/23 9:54,1.01,Auction Ads,auction_relation
20230807,1773559787913230 ,SG,Other,,1/1/00 0:00,4.41,8.0528,7/8/23 9:52,1.62,RIE,Ad Group Recall (Merged)
20230807,1773559774543870 ,RO,Other,,1/1/00 0:00,4.9257,6.7507,7/8/23 9:52,1.62,RIE,Ad Group Recall (Merged)
20230807,1773494203163650 ,VN,,,1/1/00 0:00,2.5385,0.2195,7/8/23 9:52,0.54,Non-Auction Ads,Promote
20230807,1773543351904250 ,AU,,,1/1/00 0:00,0.7821,1.3049,7/8/23 9:52,0.54,Non-Auction Ads,Promote
20230807,1773563396157440 ,TH,,,1/1/00 0:00,2.8469,0.7688,7/8/23 9:52,1.53,RIE,Promote Report Recall
20230807,1773564083427330 ,ID,ID,,1/1/00 0:00,,3.0326,7/8/23 9:52,1.8,Auction Ads,auction_relation
20230807,1773564083427330 ,ID,ID,,1/1/00 0:00,,3.0326,7/8/23 9:52,1.8,Auction Ads,auction_relation
20230807,1773543622967290 ,SG,,,1/1/00 0:00,3.4864,2.9275,7/8/23 9:52,0.54,Non-Auction Ads,Promote
20230807,1773563600726060 ,PK,PK,,1/1/00 0:00,2.8,0.2281,7/8/23 9:52,1.36,Auction Ads,auction_relation
20230807,1773563541002240 ,VN,,,1/1/00 0:00,0.9867,4.8247,7/8/23 9:53,1.53,RIE,Promote Report Recall
20230807,1773563620273180 ,CA,USCA,,1/1/00 0:00,5.31,3.4875,7/8/23 9:53,1.78,Auction Ads,auction_relation
20230807,1773563620273180 ,US,USCA,,1/1/00 0:00,5.31,3.4875,7/8/23 9:53,1.78,Auction Ads,auction_relation
20230807,1773558265994300 ,TH,,,1/1/00 0:00,2.272,0.4987,7/8/23 9:53,0.54,Non-Auction Ads,Promote
20230807,1773559866889230 ,CO,CO,,1/1/00 0:00,1.39,14.5319,7/8/23 9:54,1.93,Auction Ads,auction_all
20230807,1773562144662530 ,BR,,,1/1/00 0:00,1.1449,0.515,7/8/23 9:53,0.54,Non-Auction Ads,Promote
20230807,1773560374843440 ,DE,DE,,1/1/00 0:00,13.71,11.4122,7/8/23 9:54,1.01,Auction Ads,auction_relation
20230807,1773544490315770 ,NZ,,,1/1/00 0:00,1.9579,0.4225,7/8/23 9:53,0.54,Non-Auction Ads,Promote
20230807,1773484463746050 ,EG,,,1/1/00 0:00,0.8274,0.8494,7/8/23 9:53,0.54,Non-Auction Ads,Promote
20230807,1773565269782530 ,PK,PK,,1/1/00 0:00,1.84,1.7068,7/8/23 9:53,1.36,Auction Ads,auction_relation
20230807,1773565235975170 ,PK,PK,,1/1/00 0:00,3.11,1.7068,7/8/23 9:53,1.36,Auction Ads,auction_relation
20230807,1773565269782530 ,PK,PK,,1/1/00 0:00,1.84,1.7068,7/8/23 9:53,1.36,Auction Ads,auction_relation
20230807,1773563558455290 ,TR,,,1/1/00 0:00,8.5427,1.5556,7/8/23 9:54,0.54,Non-Auction Ads,Promote
20230807,1773563524552700 ,AU,,,1/1/00 0:00,1.9455,3.0496,7/8/23 9:54,1.53,RIE,Promote Report Recall
20230807,1773564422994970 ,TH,TH,,1/1/00 0:00,2.9838,5.3482,7/8/23 9:54,1.64,Auction Ads,auction_relation
20230807,1773560493911120 ,PL,PL,,1/1/00 0:00,34.3498,55.6806,7/8/23 9:57,1.64,Auction Ads,auction_relation
20230807,1773485189226510 ,EG,,,1/1/00 0:00,3.8835,1.8596,7/8/23 9:54,0.54,Non-Auction Ads,Promote
20230807,1773563600890910 ,BR,,,1/1/00 0:00,0.9317,1.7435,7/8/23 9:54,1.53,RIE,Promote Report Recall
20230807,1773562391255040 ,BR,,,1/1/00 0:00,2.9073,0.7938,7/8/23 9:54,0.54,Non-Auction Ads,Promote
20230807,1773559986605080 ,US,US&CA,,1/1/00 0:00,18.77,33.27,7/8/23 9:55,1.81,RIE,Ad Group Recall (Merged)
20230807,1773563701147640 ,PH,PH,,1/1/00 0:00,6.63,1.5459,7/8/23 9:54,2.46,Auction Ads,auction_relation
20230807,1773563751263230 ,PH,PH,,1/1/00 0:00,8.63,1.5459,7/8/23 9:54,2.46,Auction Ads,auction_relation
20230807,1773494825608190 ,VN,,,1/1/00 0:00,1.2477,0.2991,7/8/23 9:54,0.54,Non-Auction Ads,Promote
20230807,1773563426521090 ,ES,,,1/1/00 0:00,18.553,3.3289,7/8/23 9:54,0.54,Non-Auction Ads,Promote
20230807,1773563692741630 ,SA,MENA,,1/1/00 0:00,6.75,1.0853,7/8/23 9:54,1.78,Auction Ads,auction_relation
20230807,1773563692732460 ,AE,MENA,,1/1/00 0:00,7.44,1.0853,7/8/23 9:54,1.78,Auction Ads,auction_relation
20230807,1773563692732460 ,SA,MENA,,1/1/00 0:00,7.44,1.0853,7/8/23 9:54,1.78,Auction Ads,auction_relation
20230807,1773563700932600 ,AE,MENA,,1/1/00 0:00,7.03,1.0853,7/8/23 9:54,1.78,Auction Ads,auction_relation
20230807,1773563700932600 ,SA,MENA,,1/1/00 0:00,7.03,1.0853,7/8/23 9:54,1.78,Auction Ads,auction_relation
20230807,1773563701686270 ,SG,SG,,1/1/00 0:00,0.472,2.2218,7/8/23 9:54,1.94,Auction Ads,auction_relation
20230807,1773566978339880 ,PK,PK,,1/1/00 0:00,6.01,4.2501,7/8/23 9:55,1.36,Auction Ads,auction_relation
20230807,1773495014187010 ,VN,,,1/1/00 0:00,0.3404,0.312,7/8/23 9:54,0.54,Non-Auction Ads,Promote
20230807,1773564749037570 ,DK,DK,,1/1/00 0:00,556.52,92.411,7/8/23 10:01,1.31,Auction Ads,auction_relation
20230807,1773564749037570 ,KH,KH,,1/1/00 0:00,556.52,92.411,7/8/23 10:01,1.5,Auction Ads,auction_relation
20230807,1773564749037570 ,TW,TW,,1/1/00 0:00,556.52,92.411,7/8/23 10:01,0.95,Auction Ads,auction_relation
20230807,1773564749037570 ,BR,BR,,1/1/00 0:00,556.52,92.411,7/8/23 10:01,1.99,Auction Ads,auction_all
20230807,1773564749037570 ,GR,GR,,1/1/00 0:00,556.52,92.411,7/8/23 10:01,2.11,Auction Ads,auction_relation
20230807,1773564749037570 ,PK,PK,,1/1/00 0:00,556.52,92.411,7/8/23 10:01,1.36,Auction Ads,auction_relation
20230807,1773564749037570 ,TH,TH,,1/1/00 0:00,556.52,92.411,7/8/23 10:01,1.64,Auction Ads,auction_relation
20230807,1773564749037570 ,HU,Others,,1/1/00 0:00,556.52,92.411,7/8/23 10:01,1.56,Auction Ads,auction_all
20230807,1773564749037570 ,IL,IL,,1/1/00 0:00,556.52,92.411,7/8/23 10:01,1.52,Auction Ads,auction_relation
20230807,1773564749037570 ,ID,ID,,1/1/00 0:00,556.52,92.411,7/8/23 10:01,1.8,Auction Ads,auction_relation
20230807,1773564749037570 ,ZA,ZA,,1/1/00 0:00,556.52,92.411,7/8/23 10:01,1.4,Auction Ads,auction_relation
20230807,1773564749037570 ,NO,Others,,1/1/00 0:00,556.52,92.411,7/8/23 10:01,1.56,Auction Ads,auction_all
20230807,1773564749037570 ,FI,Others,,1/1/00 0:00,556.52,92.411,7/8/23 10:01,1.56,Auction Ads,auction_all
20230807,1773564749037570 ,IE,IE,,1/1/00 0:00,556.52,92.411,7/8/23 10:01,1.52,Auction Ads,auction_relation
20230807,1773564749037570 ,PT,PT,,1/1/00 0:00,556.52,92.411,7/8/23 10:01,1.98,Auction Ads,auction_relation
20230807,1773564749037570 ,SE,SE,,1/1/00 0:00,556.52,92.411,7/8/23 10:01,1.4,Auction Ads,auction_relation
20230807,1773564749037570 ,ES,ES,,1/1/00 0:00,556.52,92.411,7/8/23 10:01,1.37,Auction Ads,auction_relation
20230807,1773564749037570 ,MY,MY,,1/1/00 0:00,556.52,92.411,7/8/23 10:01,2.31,Auction Ads,auction_relation
20230807,1773564749037570 ,PL,PL,,1/1/00 0:00,556.52,92.411,7/8/23 10:01,1.64,Auction Ads,auction_relation
20230807,1773563988734000 ,AE,MENA,,1/1/00 0:00,0.41,1.9034,7/8/23 9:55,1.78,Auction Ads,auction_relation
20230807,1773563988734000 ,SA,MENA,,1/1/00 0:00,0.41,1.9034,7/8/23 9:55,1.78,Auction Ads,auction_relation
20230807,1773563600067650 ,TH,,,1/1/00 0:00,6.29,0.9877,7/8/23 9:55,1.53,RIE,Promote Report Recall
20230807,1773556479475710 ,TH,,,1/1/00 0:00,0.3989,0.7331,7/8/23 9:55,0.54,Non-Auction Ads,Promote
20230807,1773495070574590 ,VN,,,1/1/00 0:00,0.2837,0.2874,7/8/23 9:55,0.54,Non-Auction Ads,Promote
20230807,1773563073232920 ,CA,US&CA,,1/1/00 0:00,140.35,25.1367,7/8/23 9:55,1.81,RIE,Ad Group Recall (Merged)
20230807,1773563073232920 ,AU,AU,,1/1/00 0:00,140.35,25.1367,7/8/23 9:55,1.84,RIE,Ad Group Recall (Merged)
20230807,1773563073232920 ,GB,GB,,1/1/00 0:00,140.35,25.1367,7/8/23 9:55,1.72,RIE,Ad Group Recall (Merged)
20230807,1773563073232920 ,NZ,Other,,1/1/00 0:00,140.35,25.1367,7/8/23 9:55,1.62,RIE,Ad Group Recall (Merged)
20230807,1773563846925310 ,JP,JP,,1/1/00 0:00,24.4316,18.7351,7/8/23 9:55,2.16,Auction Ads,auction_all
20230807,1773563731873790 ,US,USCA,,1/1/00 0:00,2.88,3.4875,7/8/23 9:55,1.78,Auction Ads,auction_relation
20230807,1773563731873790 ,CA,USCA,,1/1/00 0:00,2.88,3.4875,7/8/23 9:55,1.78,Auction Ads,auction_relation
20230807,1773563731873790 ,AU,AU,,1/1/00 0:00,2.88,3.4875,7/8/23 9:55,1.84,Auction Ads,auction_relation
20230807,1773564011076700 ,NO,Others,,1/1/00 0:00,13.2,2.5672,7/8/23 9:55,1.56,Auction Ads,auction_all
20230807,1773564011076700 ,US,USCA,,1/1/00 0:00,13.2,2.5672,7/8/23 9:55,1.78,Auction Ads,auction_relation
20230807,1773564011076700 ,DK,DK,,1/1/00 0:00,13.2,2.5672,7/8/23 9:55,1.31,Auction Ads,auction_relation
20230807,1773564011076700 ,CZ,CZ,,1/1/00 0:00,13.2,2.5672,7/8/23 9:55,1.9,Auction Ads,auction_relation
20230807,1773564011076700 ,IL,IL,,1/1/00 0:00,13.2,2.5672,7/8/23 9:55,1.52,Auction Ads,auction_relation
20230807,1773564011076700 ,EC,Others,,1/1/00 0:00,13.2,2.5672,7/8/23 9:55,1.56,Auction Ads,auction_all
20230807,1773564011076700 ,AR,AR,,1/1/00 0:00,13.2,2.5672,7/8/23 9:55,2.23,Auction Ads,auction_all
20230807,1773564011076700 ,KH,KH,,1/1/00 0:00,13.2,2.5672,7/8/23 9:55,1.5,Auction Ads,auction_relation
20230807,1773564011076700 ,JO,Others,,1/1/00 0:00,13.2,2.5672,7/8/23 9:55,1.56,Auction Ads,auction_all
20230807,1773564011076700 ,EG,MENA,,1/1/00 0:00,13.2,2.5672,7/8/23 9:55,1.78,Auction Ads,auction_relation
20230807,1773564011076700 ,SE,SE,,1/1/00 0:00,13.2,2.5672,7/8/23 9:55,1.4,Auction Ads,auction_relation
20230807,1773564011076700 ,BY,BY,,1/1/00 0:00,13.2,2.5672,7/8/23 9:55,2.14,Auction Ads,auction_relation
20230807,1773564011076700 ,CH,CH,,1/1/00 0:00,13.2,2.5672,7/8/23 9:55,0.93,Auction Ads,auction_relation
20230807,1773564011076700 ,ID,ID,,1/1/00 0:00,13.2,2.5672,7/8/23 9:55,1.8,Auction Ads,auction_relation
20230807,1773564011076700 ,PE,PE,,1/1/00 0:00,13.2,2.5672,7/8/23 9:55,1.68,Auction Ads,auction_all
20230807,1773564011076700 ,CL,CL,,1/1/00 0:00,13.2,2.5672,7/8/23 9:55,1.85,Auction Ads,auction_all
20230807,1773564011076700 ,PT,PT,,1/1/00 0:00,13.2,2.5672,7/8/23 9:55,1.98,Auction Ads,auction_relation
20230807,1773564011076700 ,GB,GB,,1/1/00 0:00,13.2,2.5672,7/8/23 9:55,1.76,Auction Ads,auction_relation
20230807,1773564011076700 ,RO,RO,,1/1/00 0:00,13.2,2.5672,7/8/23 9:55,1.94,Auction Ads,auction_relation
20230807,1773564011076700 ,CA,USCA,,1/1/00 0:00,13.2,2.5672,7/8/23 9:55,1.78,Auction Ads,auction_relation
20230807,1773564011076700 ,SA,MENA,,1/1/00 0:00,13.2,2.5672,7/8/23 9:55,1.78,Auction Ads,auction_relation
20230807,1773564011076700 ,PH,PH,,1/1/00 0:00,13.2,2.5672,7/8/23 9:55,2.46,Auction Ads,auction_relation
20230807,1773564011076700 ,BR,BR,,1/1/00 0:00,13.2,2.5672,7/8/23 9:55,1.99,Auction Ads,auction_all
20230807,1773564011076700 ,FI,Others,,1/1/00 0:00,13.2,2.5672,7/8/23 9:55,1.56,Auction Ads,auction_all
20230807,1773564011076700 ,TW,TW,,1/1/00 0:00,13.2,2.5672,7/8/23 9:55,0.95,Auction Ads,auction_relation
20230807,1773564011076700 ,CO,CO,,1/1/00 0:00,13.2,2.5672,7/8/23 9:55,1.93,Auction Ads,auction_all
20230807,1773564011076700 ,NL,NL,,1/1/00 0:00,13.2,2.5672,7/8/23 9:55,1.19,Auction Ads,auction_relation
20230807,1773564011076700 ,MY,MY,,1/1/00 0:00,13.2,2.5672,7/8/23 9:55,2.31,Auction Ads,auction_relation
20230807,1773564011076700 ,IT,IT,,1/1/00 0:00,13.2,2.5672,7/8/23 9:55,1.36,Auction Ads,auction_relation
20230807,1773564011076700 ,FR,FR,,1/1/00 0:00,13.2,2.5672,7/8/23 9:55,1.97,Auction Ads,auction_relation
20230807,1773564011076700 ,GR,GR,,1/1/00 0:00,13.2,2.5672,7/8/23 9:55,2.11,Auction Ads,auction_relation
20230807,1773564011076700 ,MX,MX,,1/1/00 0:00,13.2,2.5672,7/8/23 9:55,1.99,Auction Ads,auction_all
20230807,1773564011076700 ,ZA,ZA,,1/1/00 0:00,13.2,2.5672,7/8/23 9:55,1.4,Auction Ads,auction_relation
20230807,1773564011076700 ,IE,IE,,1/1/00 0:00,13.2,2.5672,7/8/23 9:55,1.52,Auction Ads,auction_relation
20230807,1773564011076700 ,PK,PK,,1/1/00 0:00,13.2,2.5672,7/8/23 9:55,1.36,Auction Ads,auction_relation
20230807,1773564011076700 ,AT,AT,,1/1/00 0:00,13.2,2.5672,7/8/23 9:55,0.89,Auction Ads,auction_relation
20230807,1773564011076700 ,KZ,KZ,,1/1/00 0:00,13.2,2.5672,7/8/23 9:55,2,Auction Ads,auction_relation
20230807,1773564011076700 ,HU,Others,,1/1/00 0:00,13.2,2.5672,7/8/23 9:55,1.56,Auction Ads,auction_all
20230807,1773564011076700 ,DE,DE,,1/1/00 0:00,13.2,2.5672,7/8/23 9:55,1.01,Auction Ads,auction_relation
20230807,1773564011076700 ,ES,ES,,1/1/00 0:00,13.2,2.5672,7/8/23 9:55,1.37,Auction Ads,auction_relation
20230807,1773564011076700 ,UY,Others,,1/1/00 0:00,13.2,2.5672,7/8/23 9:55,1.56,Auction Ads,auction_all
20230807,1773564011076700 ,IQ,Others,,1/1/00 0:00,13.2,2.5672,7/8/23 9:55,1.56,Auction Ads,auction_all
20230807,1773564011076700 ,BE,BE,,1/1/00 0:00,13.2,2.5672,7/8/23 9:55,1.15,Auction Ads,auction_relation
20230807,1773564011076700 ,TR,TR,,1/1/00 0:00,13.2,2.5672,7/8/23 9:55,0.83,Auction Ads,auction_relation
20230807,1773564011076700 ,TH,TH,,1/1/00 0:00,13.2,2.5672,7/8/23 9:55,1.64,Auction Ads,auction_relation
20230807,1773564011076700 ,PL,PL,,1/1/00 0:00,13.2,2.5672,7/8/23 9:55,1.64,Auction Ads,auction_relation
20230807,1773563617331200 ,RO,,,1/1/00 0:00,4.5916,2.7255,7/8/23 9:55,1.53,RIE,Promote Report Recall
20230807,1773563671829500 ,MY,,,1/1/00 0:00,1.089,0.6218,7/8/23 9:55,1.53,RIE,Promote Report Recall
20230807,1773560058358780 ,CO,CO,,1/1/00 0:00,3.56,15.5095,7/8/23 9:56,1.93,Auction Ads,auction_all
20230807,1773560058358780 ,PE,PE,,1/1/00 0:00,3.56,15.5095,7/8/23 9:56,1.68,Auction Ads,auction_all
20230807,1773558505035770 ,TH,,,1/1/00 0:00,0.4857,0.339,7/8/23 9:55,0.54,Non-Auction Ads,Promote
20230807,1773563717004330 ,GR,GR,,1/1/00 0:00,,1.326,7/8/23 9:55,2.11,Auction Ads,auction_relation
20230807,1773563631365120 ,IT,,,1/1/00 0:00,23.9325,3.7084,7/8/23 9:55,0.54,Non-Auction Ads,Promote
20230807,1773564104996910 ,PH,PH,,1/1/00 0:00,15.24,19.5488,7/8/23 9:57,2.46,Auction Ads,auction_relation
20230807,1773563720171530 ,GR,GR,,1/1/00 0:00,,1.326,7/8/23 9:56,2.11,Auction Ads,auction_relation
20230807,1773563720171530 ,GR,GR,,1/1/00 0:00,,1.326,7/8/23 9:56,2.11,Auction Ads,auction_relation
20230807,1773558596274170 ,TH,,,1/1/00 0:00,0.2979,0.6103,7/8/23 9:56,0.54,Non-Auction Ads,Promote
20230807,1773495159891960 ,VN,,,1/1/00 0:00,1.2805,0.3448,7/8/23 9:56,0.54,Non-Auction Ads,Promote
20230807,1773563664302130 ,US,,,1/1/00 0:00,4.04,2.3077,7/8/23 9:56,0.54,Non-Auction Ads,Promote
20230807,1773563767068680 ,IT,IT,,1/1/00 0:00,7.57,1.7954,7/8/23 9:56,1.36,Auction Ads,auction_relation
20230807,1773563767068680 ,CZ,CZ,,1/1/00 0:00,7.57,1.7954,7/8/23 9:56,1.9,Auction Ads,auction_relation
20230807,1773563773772800 ,CZ,CZ,,1/1/00 0:00,7.95,1.7954,7/8/23 9:56,1.9,Auction Ads,auction_relation
20230807,1773563767068680 ,ES,ES,,1/1/00 0:00,7.57,1.7954,7/8/23 9:56,1.37,Auction Ads,auction_relation
20230807,1773563767068680 ,FR,FR,,1/1/00 0:00,7.57,1.7954,7/8/23 9:56,1.97,Auction Ads,auction_relation
20230807,1773563779722280 ,SE,SE,,1/1/00 0:00,8.51,1.7954,7/8/23 9:56,1.4,Auction Ads,auction_relation
20230807,1773563767068680 ,SE,SE,,1/1/00 0:00,7.57,1.7954,7/8/23 9:56,1.4,Auction Ads,auction_relation
20230807,1773563764029440 ,SE,SE,,1/1/00 0:00,8.23,1.7954,7/8/23 9:56,1.4,Auction Ads,auction_relation
20230807,1773563764029440 ,ES,ES,,1/1/00 0:00,8.23,1.7954,7/8/23 9:56,1.37,Auction Ads,auction_relation
20230807,1773563779722280 ,ES,ES,,1/1/00 0:00,8.51,1.7954,7/8/23 9:56,1.37,Auction Ads,auction_relation
20230807,1773563779722280 ,IT,IT,,1/1/00 0:00,8.51,1.7954,7/8/23 9:56,1.36,Auction Ads,auction_relation
20230807,1773563779722280 ,CZ,CZ,,1/1/00 0:00,8.51,1.7954,7/8/23 9:56,1.9,Auction Ads,auction_relation
20230807,1773563946838030 ,SA,MENA,,1/1/00 0:00,0.983,7.2521,7/8/23 9:56,1.78,Auction Ads,auction_relation
20230807,1773563936447530 ,SA,MENA,,1/1/00 0:00,0.0869,7.2521,7/8/23 9:56,1.78,Auction Ads,auction_relation
20230807,1773563911090190 ,SA,MENA,,1/1/00 0:00,0.0396,7.2521,7/8/23 9:56,1.78,Auction Ads,auction_relation
20230807,1773564068606970 ,BR,BR,,1/1/00 0:00,9.36,19.2958,7/8/23 9:58,1.99,Auction Ads,auction_all
20230807,1773560719209500 ,AU,AU,,1/1/00 0:00,6.88,3.1003,7/8/23 9:56,1.84,Auction Ads,auction_relation
20230807,1773560719209500 ,GB,GB,,1/1/00 0:00,6.88,3.1003,7/8/23 9:56,1.76,Auction Ads,auction_relation
20230807,1773563780665340 ,AE,MENA,,1/1/00 0:00,19.62,1.0853,7/8/23 9:56,1.78,Auction Ads,auction_relation
20230807,1773563780665340 ,SA,MENA,,1/1/00 0:00,19.62,1.0853,7/8/23 9:56,1.78,Auction Ads,auction_relation
20230807,1773563679713280 ,VN,,,1/1/00 0:00,0.2838,0.1729,7/8/23 9:56,1.53,RIE,Promote Report Recall
20230807,1773563920135210 ,MY,MY,,1/1/00 0:00,8.0309,1.3827,7/8/23 9:56,2.31,Auction Ads,auction_relation
20230807,1773563838544890 ,CA,USCA,,1/1/00 0:00,3.07,3.4875,7/8/23 9:56,1.78,Auction Ads,auction_relation
20230807,1773563838544890 ,US,USCA,,1/1/00 0:00,3.07,3.4875,7/8/23 9:56,1.78,Auction Ads,auction_relation
20230807,1773560157365250 ,CO,CO,,1/1/00 0:00,3.41,15.5095,7/8/23 9:58,1.93,Auction Ads,auction_all
20230807,1773560157365250 ,PE,PE,,1/1/00 0:00,3.41,15.5095,7/8/23 9:58,1.68,Auction Ads,auction_all
20230807,1773560178211890 ,AU,AU,,1/1/00 0:00,1.6285,9.3472,7/8/23 9:57,1.84,Auction Ads,auction_relation
20230807,1773560178234400 ,AU,AU,,1/1/00 0:00,1.2984,9.3472,7/8/23 9:57,1.84,Auction Ads,auction_relation
20230807,1773560189294620 ,AU,AU,,1/1/00 0:00,1.2653,9.3472,7/8/23 9:57,1.84,Auction Ads,auction_relation
20230807,1773560190748670 ,AU,AU,,1/1/00 0:00,1.2543,9.3472,7/8/23 9:57,1.84,Auction Ads,auction_relation
20230807,1773563990267930 ,ID,ID,,1/1/00 0:00,10.25,2.2084,7/8/23 9:57,1.8,Auction Ads,auction_relation
20230807,1773563702164480 ,VN,,,1/1/00 0:00,0.2918,0.1729,7/8/23 9:56,1.53,RIE,Promote Report Recall
20230807,1773566937638940 ,JP,JP,,1/1/00 0:00,,24.3043,7/8/23 10:00,2.16,Auction Ads,auction_all
20230807,1773560065774620 ,GB,GB,,1/1/00 0:00,0.9942,3.5777,7/8/23 9:57,1.76,Auction Ads,auction_relation
20230807,1773563211443200 ,PH,,,1/1/00 0:00,0.3956,0.7519,7/8/23 9:57,0.54,Non-Auction Ads,Promote
20230807,1773563928209420 ,HU,Other,,1/1/00 0:00,,2.8251,7/8/23 9:57,1.62,RIE,Ad Group Recall (Merged)
20230807,1773563948428320 ,HU,Other,,1/1/00 0:00,,2.8251,7/8/23 9:57,1.62,RIE,Ad Group Recall (Merged)
20230807,1773563966098480 ,HU,Other,,1/1/00 0:00,,2.8251,7/8/23 9:57,1.62,RIE,Ad Group Recall (Merged)
20230807,1773563941378080 ,HU,Other,,1/1/00 0:00,0.05,2.8251,7/8/23 9:57,1.62,RIE,Ad Group Recall (Merged)
20230807,1773564150328330 ,PH,PH,,1/1/00 0:00,11.07,2.8995,7/8/23 9:57,2.46,Auction Ads,auction_relation
20230807,1773560082316400 ,US,USCA,,1/1/00 0:00,,6.8863,7/8/23 9:58,1.78,Auction Ads,auction_relation
20230807,1773560082316400 ,US,USCA,,1/1/00 0:00,,6.8863,7/8/23 9:58,1.78,Auction Ads,auction_relation
20230807,1773563932284960 ,GB,GB,,1/1/00 0:00,3.2509,8.5415,7/8/23 9:58,1.76,Auction Ads,auction_relation
20230807,1773563886232620 ,JP,JP,,1/1/00 0:00,,12.3907,7/8/23 9:59,2.16,Auction Ads,auction_all
20230807,1773563906388000 ,JP,JP,,1/1/00 0:00,,12.3907,7/8/23 9:59,2.16,Auction Ads,auction_all
20230807,1773563886244910 ,JP,JP,,1/1/00 0:00,,12.3907,7/8/23 9:59,2.16,Auction Ads,auction_all
20230807,1773563940354080 ,GB,GB,,1/1/00 0:00,3.1361,8.5415,7/8/23 9:58,1.76,Auction Ads,auction_relation
20230807,1773544488941610 ,KZ,KZ,,1/1/00 0:00,,20.7495,7/8/23 10:00,2,Auction Ads,auction_relation
20230807,1773555359903740 ,AE,MENA,,1/1/00 0:00,14.13,3.3516,7/8/23 9:58,1.78,Auction Ads,auction_relation
20230807,1773563816810540 ,GR,GR,,1/1/00 0:00,,1.326,7/8/23 9:57,2.11,Auction Ads,auction_relation
20230807,1773553283200030 ,TH,TH,,1/1/00 0:00,24.36,31.718,7/8/23 10:00,1.64,Auction Ads,auction_relation
20230807,1773563837344770 ,BR,BR,,1/1/00 0:00,2.37,2.6358,7/8/23 9:58,1.7,RIE,Ad Group Recall (Merged)
20230807,1773560351175730 ,CA,US&CA,,1/1/00 0:00,2.42,3.0324,7/8/23 9:58,1.81,RIE,Ad Group Recall (Merged)
20230807,1773560351175730 ,US,US&CA,,1/1/00 0:00,2.42,3.0324,7/8/23 9:58,1.81,RIE,Ad Group Recall (Merged)
20230807,1773564022388730 ,BR,BR,,1/1/00 0:00,,2.6358,7/8/23 9:58,1.99,Auction Ads,auction_all
20230807,1773563849372670 ,GR,,,1/1/00 0:00,29.9857,6.5298,7/8/23 9:59,0.54,Non-Auction Ads,Promote
20230807,1773563953246200 ,SA,MENA,,1/1/00 0:00,,3.8914,7/8/23 9:58,1.78,Auction Ads,auction_relation
20230807,1773495146772480 ,VN,,,1/1/00 0:00,2.0489,0.5199,7/8/23 9:58,0.54,Non-Auction Ads,Promote
20230807,1773545431786520 ,BR,BR,,1/1/00 0:00,15.69,11.9401,7/8/23 10:00,1.99,Auction Ads,auction_all
20230807,1773545764600860 ,KZ,Other,,1/1/00 0:00,11.89,11.9401,7/8/23 10:00,1.62,RIE,Ad Group Recall (Merged)
20230807,1773545764600860 ,KZ,KZ,,1/1/00 0:00,11.89,11.9401,7/8/23 10:00,2,Auction Ads,auction_relation
20230807,1773563536468990 ,KH,,,1/1/00 0:00,0.717,0.5595,7/8/23 9:58,0.54,Non-Auction Ads,Promote
20230807,1773563768824830 ,TR,,,1/1/00 0:00,2.2772,0.183,7/8/23 9:58,1.53,RIE,Promote Report Recall
20230807,1773564036598780 ,TH,TH,,1/1/00 0:00,20.6367,16.8629,7/8/23 10:00,1.64,Auction Ads,auction_relation
20230807,1773560302098450 ,GB,GB,,1/1/00 0:00,1.23,2.6588,7/8/23 9:59,1.76,Auction Ads,auction_relation
20230807,1773563792848890 ,VN,,,1/1/00 0:00,7.1328,2.8887,7/8/23 9:59,1.53,RIE,Promote Report Recall
20230807,1773560250904590 ,PE,PE,,1/1/00 0:00,2.33,15.5095,7/8/23 10:00,1.68,Auction Ads,auction_all
20230807,1773560250904590 ,CO,CO,,1/1/00 0:00,2.33,15.5095,7/8/23 10:00,1.93,Auction Ads,auction_all
20230807,1773564469213210 ,BR,BR,,1/1/00 0:00,38.85,63.7505,7/8/23 10:05,1.99,Auction Ads,auction_all
20230807,1773540692762640 ,US,USCA,,1/1/00 0:00,16.61,9.58,7/8/23 10:00,1.78,Auction Ads,auction_relation
20230807,1773564468150270 ,US,USCA,,1/1/00 0:00,31.38,68.8532,7/8/23 10:06,1.78,Auction Ads,auction_relation
20230807,1773560284778490 ,ID,,,1/1/00 0:00,0.4165,0.5489,7/8/23 9:59,0.54,Non-Auction Ads,Promote
20230807,1773560096299010 ,ID,,,1/1/00 0:00,0.9689,0.3842,7/8/23 9:59,0.54,Non-Auction Ads,Promote
20230807,1773560393725950 ,ID,,,1/1/00 0:00,0.5953,0.2778,7/8/23 9:59,0.54,Non-Auction Ads,Promote
20230807,1773560509888560 ,GB,GB,,1/1/00 0:00,44.1549,39.9233,7/8/23 10:02,1.76,Auction Ads,auction_relation
20230807,1773560632645680 ,OM,Others,,1/1/00 0:00,8.3038,4.4993,7/8/23 10:00,1.56,Auction Ads,auction_all
20230807,1773561985845240 ,ID,ID,,1/1/00 0:00,2.4272,4.3917,7/8/23 10:00,1.8,Auction Ads,auction_relation
20230807,1773537850911770 ,US,USCA,,1/1/00 0:00,5,3.9098,7/8/23 10:00,1.78,Auction Ads,auction_relation
20230807,1773537386138670 ,US,USCA,,1/1/00 0:00,5.63,3.9098,7/8/23 10:00,1.78,Auction Ads,auction_relation
20230807,1773562024968220 ,CA,USCA,,1/1/00 0:00,,3.4893,7/8/23 10:00,1.78,Auction Ads,auction_relation
20230807,1773562024968220 ,DE,DE,,1/1/00 0:00,,3.4893,7/8/23 10:00,1.01,Auction Ads,auction_relation
20230807,1773551313481770 ,AU,AU,,1/1/00 0:00,8.2,3.3847,7/8/23 10:00,1.84,Auction Ads,auction_relation
20230807,1773551215394850 ,GB,GB,,1/1/00 0:00,6.22,3.3847,7/8/23 10:00,1.76,Auction Ads,auction_relation
20230807,1773554981113900 ,GB,GB,,1/1/00 0:00,1.14,3.3847,7/8/23 10:00,1.76,Auction Ads,auction_relation
20230807,1773559626923050 ,TR,TR,,1/1/00 0:00,13.06,14.1792,7/8/23 10:00,0.83,Auction Ads,auction_relation
20230807,1773564116558850 ,ES,ES,,1/1/00 0:00,,14.8967,7/8/23 10:01,1.37,Auction Ads,auction_relation
20230807,1773562372509710 ,GB,GB,,1/1/00 0:00,2.69,3.6933,7/8/23 10:00,1.76,Auction Ads,auction_relation
20230807,1773564179070000 ,ID,ID,,1/1/00 0:00,6.8831,4.277,7/8/23 10:00,1.8,Auction Ads,auction_relation
20230807,1773560432049160 ,GB,GB,,1/1/00 0:00,1.861,3.5777,7/8/23 10:00,1.76,Auction Ads,auction_relation
20230807,1773545268679690 ,PE,PE,,1/1/00 0:00,8.41,2.88,7/8/23 10:00,1.68,Auction Ads,auction_all
20230807,1773525520619520 ,US,USCA,,1/1/00 0:00,8.43,5.5038,7/8/23 10:00,1.78,Auction Ads,auction_relation
20230807,1773525520623610 ,US,USCA,,1/1/00 0:00,17.85,5.5038,7/8/23 10:00,1.78,Auction Ads,auction_relation
20230807,1773560452278320 ,AE,MENA,,1/1/00 0:00,6.9207,0.7569,7/8/23 10:00,1.78,Auction Ads,auction_relation
20230807,1773561672785930 ,FI,Others,,1/1/00 0:00,83.7987,83.8437,7/8/23 10:11,1.56,Auction Ads,auction_all
20230807,1773561672785930 ,FI,Others,,1/1/00 0:00,83.7987,83.8437,7/8/23 10:11,1.56,Auction Ads,auction_all
20230807,1773556602847250 ,CA,US&CA,,1/1/00 0:00,13.46,5.0192,7/8/23 10:00,1.81,RIE,Ad Group Recall (Merged)
20230807,1773556602847250 ,US,US&CA,,1/1/00 0:00,13.46,5.0192,7/8/23 10:00,1.81,RIE,Ad Group Recall (Merged)
20230807,1773560891908140 ,ID,ID,,1/1/00 0:00,8.6571,4.4599,7/8/23 10:00,1.8,Auction Ads,auction_relation
20230807,1773533733645340 ,GB,GB,,1/1/00 0:00,3.09,2.0946,7/8/23 10:00,1.76,Auction Ads,auction_relation
20230807,1773533683933250 ,GB,GB,,1/1/00 0:00,7.49,2.0946,7/8/23 10:00,1.76,Auction Ads,auction_relation
20230807,1773533683933250 ,US,USCA,,1/1/00 0:00,7.49,2.0946,7/8/23 10:00,1.78,Auction Ads,auction_relation
20230807,1773533683933250 ,AU,AU,,1/1/00 0:00,7.49,2.0946,7/8/23 10:00,1.84,Auction Ads,auction_relation
20230807,1773533733645340 ,AU,AU,,1/1/00 0:00,3.09,2.0946,7/8/23 10:00,1.84,Auction Ads,auction_relation
20230807,1773525274567690 ,US,USCA,,1/1/00 0:00,7.51,5.5038,7/8/23 10:00,1.78,Auction Ads,auction_relation
20230807,1773482267476990 ,SA,,,1/1/00 0:00,18.134,19.4094,7/8/23 10:02,0.54,Non-Auction Ads,Promote
20230807,1773560447740940 ,OM,Others,,1/1/00 0:00,8.1321,4.4993,7/8/23 10:00,1.56,Auction Ads,auction_all
20230807,1773561178939390 ,JP,,,1/1/00 0:00,288.1377,35.653,7/8/23 10:03,0.54,Non-Auction Ads,Promote
20230807,1773561882843130 ,HU,Other,,1/1/00 0:00,25.0193,40.6087,7/8/23 10:04,1.62,RIE,Ad Group Recall (Merged)
20230807,1773560923826220 ,IE,IE,,1/1/00 0:00,79.89,52.7063,7/8/23 10:06,1.52,Auction Ads,auction_relation
20230807,1773560923826220 ,ES,ES,,1/1/00 0:00,79.89,52.7063,7/8/23 10:06,1.37,Auction Ads,auction_relation
20230807,1773560923826220 ,UY,Others,,1/1/00 0:00,79.89,52.7063,7/8/23 10:06,1.56,Auction Ads,auction_all
20230807,1773562784391200 ,BR,,,1/1/00 0:00,0.0779,1.6565,7/8/23 10:00,0.54,Non-Auction Ads,Promote
20230807,1773562784391200 ,BR,,,1/1/00 0:00,0.0779,1.6565,7/8/23 10:00,1.53,RIE,Promote Report Recall
20230807,1773563497024520 ,US,USCA,,1/1/00 0:00,682.46,323.8616,7/8/23 10:50,1.78,Auction Ads,auction_relation
20230807,1773564253562890 ,KZ,KZ,,1/1/00 0:00,19.1996,2.1262,7/8/23 10:01,2,Auction Ads,auction_relation
20230807,1773564319139870 ,JP,JP,,1/1/00 0:00,15.96,1.9766,7/8/23 10:01,3.21,RIE,Ad Group Recall (Merged)
20230807,1773563970810880 ,TH,,,1/1/00 0:00,8.81,0.385,7/8/23 10:01,1.53,RIE,Promote Report Recall
20230807,1773563185077250 ,BR,,,1/1/00 0:00,1.145,0.247,7/8/23 10:01,0.54,Non-Auction Ads,Promote
20230807,1773495370948610 ,VN,,,1/1/00 0:00,0.4105,0.3526,7/8/23 10:01,0.54,Non-Auction Ads,Promote
20230807,1773563938219010 ,VN,,,1/1/00 0:00,0.0672,0.158,7/8/23 10:01,1.53,RIE,Promote Report Recall
20230807,1773564005267450 ,VN,,,1/1/00 0:00,0.2649,0.158,7/8/23 10:01,1.53,RIE,Promote Report Recall
20230807,1773564715198560 ,TH,TH,,1/1/00 0:00,,6.1006,7/8/23 10:02,1.64,Auction Ads,auction_relation
20230807,1773560238007290 ,ID,,,1/1/00 0:00,0.38,1.5503,7/8/23 10:01,0.54,Non-Auction Ads,Promote
20230807,1773564273292320 ,FR,,,1/1/00 0:00,28.1148,28.8073,7/8/23 10:05,0.54,Non-Auction Ads,Promote
20230807,1773564109457410 ,FR,,,1/1/00 0:00,46.4685,10.9982,7/8/23 10:02,0.54,Non-Auction Ads,Promote
20230807,1773564250202160 ,BR,BR,,1/1/00 0:00,61.66,0,7/8/23 10:02,1.99,Auction Ads,auction_all
20230807,1773564179642410 ,VN,VN,,1/1/00 0:00,30.2962,5.4246,7/8/23 10:02,2.13,RIE,Ad Group Recall (Merged)
20230807,1773564040633340 ,VN,VN,,1/1/00 0:00,3.1215,5.4246,7/8/23 10:02,2.13,RIE,Ad Group Recall (Merged)
20230807,1773564040643610 ,VN,VN,,1/1/00 0:00,50.223,5.4246,7/8/23 10:02,2.13,RIE,Ad Group Recall (Merged)
20230807,1773564671836160 ,US,USCA,,1/1/00 0:00,54,50.5161,7/8/23 10:10,1.78,Auction Ads,auction_relation
20230807,1773560578372600 ,ID,,,1/1/00 0:00,0.3309,0.2366,7/8/23 10:02,0.54,Non-Auction Ads,Promote
20230807,1773564142198780 ,HU,Other,,1/1/00 0:00,,2.8251,7/8/23 10:02,1.62,RIE,Ad Group Recall (Merged)
20230807,1773564129657890 ,HU,Other,,1/1/00 0:00,,2.8251,7/8/23 10:02,1.62,RIE,Ad Group Recall (Merged)
20230807,1773564150914080 ,HU,Other,,1/1/00 0:00,,2.8251,7/8/23 10:02,1.62,RIE,Ad Group Recall (Merged)
20230807,1773564128600060 ,HU,Other,,1/1/00 0:00,,2.8251,7/8/23 10:02,1.62,RIE,Ad Group Recall (Merged)
20230807,1773564137508880 ,HU,Other,,1/1/00 0:00,12.59,2.8251,7/8/23 10:02,1.62,RIE,Ad Group Recall (Merged)
20230807,1773564416587790 ,CH,CH,,1/1/00 0:00,17.63,8.5758,7/8/23 10:04,0.93,Auction Ads,auction_relation
20230807,1773495245901820 ,VN,,,1/1/00 0:00,0.9941,0.4834,7/8/23 10:02,0.54,Non-Auction Ads,Promote
20230807,1773564195670040 ,ID,ID,,1/1/00 0:00,,3.0326,7/8/23 10:02,1.8,Auction Ads,auction_relation
20230807,1773564195670040 ,ID,ID,,1/1/00 0:00,,3.0326,7/8/23 10:02,1.8,Auction Ads,auction_relation
20230807,1773556630155260 ,GB,GB,,1/1/00 0:00,1.69,3.1824,7/8/23 10:03,1.76,Auction Ads,auction_relation
20230807,1773563467835390 ,SE,,,1/1/00 0:00,2.6787,1.2626,7/8/23 10:02,0.54,Non-Auction Ads,Promote
20230807,1773564379662330 ,SA,MENA,,1/1/00 0:00,,2.0764,7/8/23 10:03,1.78,Auction Ads,auction_relation
20230807,1773564041106460 ,SA,MENA,,1/1/00 0:00,3.52,2.682,7/8/23 10:03,1.78,Auction Ads,auction_relation
20230807,1773560615725050 ,ID,,,1/1/00 0:00,0.2945,0.2074,7/8/23 10:02,0.54,Non-Auction Ads,Promote
20230807,1773564132261880 ,PH,,,1/1/00 0:00,24.2498,4.52,7/8/23 10:04,0.54,Non-Auction Ads,Promote
20230807,1773564071700480 ,NL,,,1/1/00 0:00,2.6958,0,7/8/23 10:03,1.53,RIE,Promote Report Recall
20230807,1773564174357500 ,ID,,,1/1/00 0:00,3.3718,0.2075,7/8/23 10:03,1.53,RIE,Promote Report Recall
20230807,1773564093654010 ,TR,,,1/1/00 0:00,2.7885,0.5949,7/8/23 10:03,1.53,RIE,Promote Report Recall
20230807,1773562158190590 ,FR,,,1/1/00 0:00,2.7947,1.3103,7/8/23 10:03,0.54,Non-Auction Ads,Promote
20230807,1773560521558010 ,ID,,,1/1/00 0:00,0.5373,0.1815,7/8/23 10:03,0.54,Non-Auction Ads,Promote
20230807,1773564210051090 ,JP,JP,,1/1/00 0:00,,1.67,7/8/23 10:04,2.16,Auction Ads,auction_all
20230807,1773564347604000 ,ID,ID,,1/1/00 0:00,,2.9169,7/8/23 10:04,1.8,Auction Ads,auction_relation
20230807,1773560647143470 ,PE,PE,,1/1/00 0:00,3.4,15.5095,7/8/23 10:05,1.68,Auction Ads,auction_all
20230807,1773560647143470 ,CO,CO,,1/1/00 0:00,3.4,15.5095,7/8/23 10:05,1.93,Auction Ads,auction_all
20230807,1773564498176030 ,BR,BR,,1/1/00 0:00,4.31,19.2958,7/8/23 10:06,1.99,Auction Ads,auction_all
20230807,1773495469248510 ,VN,,,1/1/00 0:00,1.3946,1.899,7/8/23 10:04,0.54,Non-Auction Ads,Promote
20230807,1773560057183230 ,ID,,,1/1/00 0:00,0.9093,0.3592,7/8/23 10:04,0.54,Non-Auction Ads,Promote
20230807,1773563312401410 ,GB,,,1/1/00 0:00,22.0431,14.3997,7/8/23 10:05,0.54,Non-Auction Ads,Promote
20230807,1773564554651660 ,TW,TW,,1/1/00 0:00,15.05,11.3769,7/8/23 10:05,0.95,Auction Ads,auction_relation
20230807,1773564172615680 ,TH,,,1/1/00 0:00,7.12,1.4618,7/8/23 10:04,1.53,RIE,Promote Report Recall
20230807,1773564102495250 ,SA,MENA,,1/1/00 0:00,1.76,2.682,7/8/23 10:04,1.78,Auction Ads,auction_relation
20230807,1773563547462650 ,PH,,,1/1/00 0:00,0.3322,0.1522,7/8/23 10:04,0.54,Non-Auction Ads,Promote
20230807,1773560595142650 ,ID,,,1/1/00 0:00,0.5176,0.1815,7/8/23 10:04,0.54,Non-Auction Ads,Promote
20230807,1773560595142650 ,ID,,,1/1/00 0:00,0.5176,0.1815,7/8/23 10:04,0.54,Non-Auction Ads,Promote
20230807,1773495120281600 ,VN,,,1/1/00 0:00,2.3455,0.5199,7/8/23 10:04,0.54,Non-Auction Ads,Promote
20230807,1773564197433340 ,VN,,,1/1/00 0:00,2.4277,1.2422,7/8/23 10:04,1.53,RIE,Promote Report Recall
20230807,1773563404212220 ,BR,,,1/1/00 0:00,1.1554,0.3263,7/8/23 10:04,0.54,Non-Auction Ads,Promote
20230807,1773564242835530 ,US,USCA,,1/1/00 0:00,12.3,6.3262,7/8/23 10:05,1.78,Auction Ads,auction_relation
20230807,1773561156525050 ,MY,,,1/1/00 0:00,3.0035,0.8769,7/8/23 10:04,0.54,Non-Auction Ads,Promote
20230807,1773561156525050 ,MY,,,1/1/00 0:00,3.0035,0.8769,7/8/23 10:04,1.53,RIE,Promote Report Recall
20230807,1773564513191980 ,JP,JP,,1/1/00 0:00,15.48,12.0613,7/8/23 10:06,2.16,Auction Ads,auction_all
20230807,1773564272764970 ,PL,PL,,1/1/00 0:00,,2.204,7/8/23 10:05,1.64,Auction Ads,auction_relation
20230807,1773564309045250 ,PL,PL,,1/1/00 0:00,,2.204,7/8/23 10:05,1.64,Auction Ads,auction_relation
20230807,1773564286157820 ,PL,PL,,1/1/00 0:00,,2.204,7/8/23 10:05,1.64,Auction Ads,auction_relation
20230807,1773564292612120 ,PL,PL,,1/1/00 0:00,,2.204,7/8/23 10:05,1.64,Auction Ads,auction_relation
20230807,1773564309413890 ,PL,PL,,1/1/00 0:00,,2.204,7/8/23 10:05,1.64,Auction Ads,auction_relation
20230807,1773565747854350 ,MY,MY,,1/1/00 0:00,2.1126,5.07,7/8/23 10:05,2.31,Auction Ads,auction_relation
20230807,1773565741724670 ,MY,MY,,1/1/00 0:00,4.2412,5.07,7/8/23 10:05,2.31,Auction Ads,auction_relation
20230807,1773565748865040 ,MY,MY,,1/1/00 0:00,2.3951,5.07,7/8/23 10:05,2.31,Auction Ads,auction_relation
20230807,1773562309739520 ,FR,,,1/1/00 0:00,14.6784,5.3515,7/8/23 10:05,0.54,Non-Auction Ads,Promote
20230807,1773564391107580 ,BR,BR,,1/1/00 0:00,63.86,0,7/8/23 10:05,1.99,Auction Ads,auction_all
20230807,1773564423197740 ,ID,ID,,1/1/00 0:00,9.96,2.2084,7/8/23 10:05,1.8,Auction Ads,auction_relation
20230807,1773563705388130 ,BR,,,1/1/00 0:00,2.7458,0.7147,7/8/23 10:05,0.54,Non-Auction Ads,Promote
20230807,1773562530945080 ,ID,,,1/1/00 0:00,8.9505,0.9403,7/8/23 10:05,0.54,Non-Auction Ads,Promote
20230807,1773563624571900 ,BR,,,1/1/00 0:00,0.0657,0.7743,7/8/23 10:05,0.54,Non-Auction Ads,Promote
20230807,1773564479762430 ,JP,JP,,1/1/00 0:00,15.94,1.9766,7/8/23 10:06,3.21,RIE,Ad Group Recall (Merged)
20230807,1773565391214600 ,BR,BR,,1/1/00 0:00,63.06,41.8361,7/8/23 10:13,1.99,Auction Ads,auction_all
20230807,1773564531842060 ,VN,VN,,1/1/00 0:00,,0.4402,7/8/23 10:06,2.13,RIE,Ad Group Recall (Merged)
20230807,1773561701517340 ,AU,AU,,1/1/00 0:00,72.79,52.7063,7/8/23 10:15,1.84,Auction Ads,auction_relation
20230807,1773561701517340 ,GB,GB,,1/1/00 0:00,72.79,52.7063,7/8/23 10:15,1.76,Auction Ads,auction_relation
20230807,1773561701517340 ,NZ,NZ,,1/1/00 0:00,72.79,52.7063,7/8/23 10:15,1.58,Auction Ads,auction_relation
20230807,1773561701517340 ,NZ,Other,,1/1/00 0:00,72.79,52.7063,7/8/23 10:15,1.62,RIE,Ad Group Recall (Merged)
20230807,1773561701517340 ,AU,AU,,1/1/00 0:00,72.79,52.7063,7/8/23 10:15,1.84,RIE,Ad Group Recall (Merged)
20230807,1773561701517340 ,CA,US&CA,,1/1/00 0:00,72.79,52.7063,7/8/23 10:15,1.81,RIE,Ad Group Recall (Merged)
20230807,1773561701517340 ,GB,GB,,1/1/00 0:00,72.79,52.7063,7/8/23 10:15,1.72,RIE,Ad Group Recall (Merged)
20230807,1773564006274090 ,US,USCA,,1/1/00 0:00,276.85,25.1367,7/8/23 10:10,1.78,Auction Ads,auction_relation
20230807,1773560675247100 ,ID,,,1/1/00 0:00,0.2629,0.5013,7/8/23 10:06,0.54,Non-Auction Ads,Promote
20230807,1773561118869530 ,IL,IL,,1/1/00 0:00,,4.0479,7/8/23 10:07,1.52,Auction Ads,auction_relation
20230807,1773564327121920 ,ES,,,1/1/00 0:00,3.8733,2.0903,7/8/23 10:07,1.53,RIE,Promote Report Recall
20230807,1773564043063330 ,US,USCA,,1/1/00 0:00,138.87,25.1367,7/8/23 10:11,1.78,Auction Ads,auction_relation
20230807,1773560811844610 ,ID,,,1/1/00 0:00,0.6381,0.8541,7/8/23 10:07,0.54,Non-Auction Ads,Promote
20230807,1773564142559230 ,BR,,,1/1/00 0:00,1.2378,0.3534,7/8/23 10:06,0.54,Non-Auction Ads,Promote
20230807,1773564516785180 ,ID,ID,,1/1/00 0:00,8.3698,4.135,7/8/23 10:07,1.8,Auction Ads,auction_relation
20230807,1773564923398160 ,TH,TH,,1/1/00 0:00,2.0307,0,7/8/23 10:06,1.64,Auction Ads,auction_relation
20230807,1773564445079580 ,SA,MENA,,1/1/00 0:00,7.27,0.7617,7/8/23 10:07,1.78,Auction Ads,auction_relation
20230807,1773558950253560 ,TH,,,1/1/00 0:00,0.4992,0.5576,7/8/23 10:07,0.54,Non-Auction Ads,Promote
20230807,1773564541725740 ,ID,ID,,1/1/00 0:00,1.9,2.2084,7/8/23 10:07,1.8,Auction Ads,auction_relation
20230807,1773564500497450 ,BR,BR,,1/1/00 0:00,60.63,0,7/8/23 10:07,1.99,Auction Ads,auction_all
20230807,1773564710884350 ,MY,MY,,1/1/00 0:00,,4.803,7/8/23 10:08,2.31,Auction Ads,auction_relation
20230807,1773560514837500 ,ID,,,1/1/00 0:00,0.3883,0.2447,7/8/23 10:07,0.54,Non-Auction Ads,Promote
20230807,1773564384582650 ,IL,,,1/1/00 0:00,7.7993,2.5123,7/8/23 10:08,1.53,RIE,Promote Report Recall
20230807,1773564108417030 ,TH,,,1/1/00 0:00,8.6,1.1902,7/8/23 10:07,1.53,RIE,Promote Report Recall
20230807,1773560634108940 ,CA,US&CA,,1/1/00 0:00,14.97,3.7864,7/8/23 10:08,1.81,RIE,Ad Group Recall (Merged)
20230807,1773561210351630 ,MX,MX,,1/1/00 0:00,10.59,6.478,7/8/23 10:09,1.99,Auction Ads,auction_all
20230807,1773547951791100 ,TR,,,1/1/00 0:00,1.4448,0.9235,7/8/23 10:08,0.54,Non-Auction Ads,Promote
20230807,1773559407442960 ,RO,,,1/1/00 0:00,1.7234,0.341,7/8/23 10:08,0.54,Non-Auction Ads,Promote
20230807,1773564887689230 ,TW,TW,,1/1/00 0:00,9.76,6.0313,7/8/23 10:09,0.95,Auction Ads,auction_relation
20230807,1773564189484030 ,BR,,,1/1/00 0:00,6.006,0.929,7/8/23 10:08,1.53,RIE,Promote Report Recall
20230807,1773564033325070 ,GB,GB,,1/1/00 0:00,134.07,25.1367,7/8/23 10:12,1.76,Auction Ads,auction_relation
20230807,1773564033325070 ,CA,USCA,,1/1/00 0:00,134.07,25.1367,7/8/23 10:12,1.78,Auction Ads,auction_relation
20230807,1773564572469280 ,TW,TW,,1/1/00 0:00,,3.421,7/8/23 10:09,0.95,Auction Ads,auction_relation
20230807,1773564572455960 ,TW,TW,,1/1/00 0:00,,3.421,7/8/23 10:09,0.95,Auction Ads,auction_relation
20230807,1773566219270140 ,ID,ID,,1/1/00 0:00,7.8839,5.0539,7/8/23 10:09,1.8,Auction Ads,auction_relation
20230807,1773486190435320 ,AE,,,1/1/00 0:00,2.9593,0,7/8/23 10:08,0.54,Non-Auction Ads,Promote
20230807,1773564452891640 ,SA,,,1/1/00 0:00,22.2094,0.945,7/8/23 10:08,0.54,Non-Auction Ads,Promote
20230807,1773564526263290 ,SG,,,1/1/00 0:00,2.2771,0.8895,7/8/23 10:09,1.53,RIE,Promote Report Recall
20230807,1773564112743420 ,CA,USCA,,1/1/00 0:00,75.02,25.1367,7/8/23 10:12,1.78,Auction Ads,auction_relation
20230807,1773564112743420 ,GB,GB,,1/1/00 0:00,75.02,25.1367,7/8/23 10:12,1.76,Auction Ads,auction_relation
20230807,1773560935074810 ,ID,,,1/1/00 0:00,0.4191,0.5599,7/8/23 10:09,0.54,Non-Auction Ads,Promote
20230807,1773565542248490 ,US,USCA,,1/1/00 0:00,35.48,15.8332,7/8/23 10:11,1.78,Auction Ads,auction_relation
20230807,1773564639886360 ,ID,ID,,1/1/00 0:00,11.71,2.2084,7/8/23 10:09,1.8,Auction Ads,auction_relation
20230807,1773564116748290 ,NL,,,1/1/00 0:00,2.8501,0,7/8/23 10:09,0.54,Non-Auction Ads,Promote
20230807,1773560911756290 ,FR,FR,,1/1/00 0:00,,8.1367,7/8/23 10:10,1.97,Auction Ads,auction_relation
20230807,1773560907369500 ,FR,FR,,1/1/00 0:00,,8.1367,7/8/23 10:10,1.97,Auction Ads,auction_relation
20230807,1773560911856680 ,FR,FR,,1/1/00 0:00,,8.1367,7/8/23 10:10,1.97,Auction Ads,auction_relation
20230807,1773563487806460 ,PH,,,1/1/00 0:00,0.2212,0.09,7/8/23 10:09,0.54,Non-Auction Ads,Promote
20230807,1773564503704610 ,BR,,,1/1/00 0:00,0.1354,0.867,7/8/23 10:09,1.53,RIE,Promote Report Recall
20230807,1773559087211520 ,TH,,,1/1/00 0:00,1.0824,0.161,7/8/23 10:09,0.54,Non-Auction Ads,Promote
20230807,1773540858040330 ,CA,USCA,,1/1/00 0:00,3.17,3.1824,7/8/23 10:10,1.78,Auction Ads,auction_relation
20230807,1773540858040330 ,GB,GB,,1/1/00 0:00,3.17,3.1824,7/8/23 10:10,1.76,Auction Ads,auction_relation
20230807,1773555699116080 ,GB,GB,,1/1/00 0:00,1.53,3.1824,7/8/23 10:10,1.76,Auction Ads,auction_relation
20230807,1773540636429310 ,US,USCA,,1/1/00 0:00,3.1,3.1824,7/8/23 10:10,1.78,Auction Ads,auction_relation
20230807,1773540858040330 ,US,USCA,,1/1/00 0:00,3.17,3.1824,7/8/23 10:10,1.78,Auction Ads,auction_relation
20230807,1773539518644270 ,CA,USCA,,1/1/00 0:00,4.38,3.1824,7/8/23 10:10,1.78,Auction Ads,auction_relation
20230807,1773555924387840 ,GB,GB,,1/1/00 0:00,2.81,3.1824,7/8/23 10:10,1.76,Auction Ads,auction_relation
20230807,1773540858040330 ,CA,USCA,,1/1/00 0:00,3.17,3.1824,7/8/23 10:10,1.78,Auction Ads,auction_relation
20230807,1773560694671360 ,ID,,,1/1/00 0:00,,4.952,7/8/23 10:10,0.54,Non-Auction Ads,Promote
20230807,1773552924137470 ,ID,,,1/1/00 0:00,1.6617,1.9559,7/8/23 10:10,0.54,Non-Auction Ads,Promote
20230807,1773565202192400 ,US,USCA,,1/1/00 0:00,18.34,25.7442,7/8/23 10:13,1.78,Auction Ads,auction_relation
20230807,1773565202192400 ,US,USCA,,1/1/00 0:00,18.34,25.7442,7/8/23 10:13,1.78,Auction Ads,auction_relation
20230807,1773572178111520 ,MX,Other,,1/1/00 0:00,4.56,1.5935,7/8/23 10:10,1.62,RIE,Ad Group Recall (Merged)
20230807,1773561823196200 ,DE,DE,,1/1/00 0:00,,99.9502,7/8/23 10:24,1.01,Auction Ads,auction_relation
20230807,1773561155491870 ,CA,US&CA,,1/1/00 0:00,19.68,4.1758,7/8/23 10:10,1.81,RIE,Ad Group Recall (Merged)
20230807,1773560410792960 ,ID,,,1/1/00 0:00,0.6674,0.2212,7/8/23 10:10,0.54,Non-Auction Ads,Promote
20230807,1773560798722090 ,GB,GB,,1/1/00 0:00,,3.1003,7/8/23 10:10,1.76,Auction Ads,auction_relation
20230807,1773560798722090 ,AU,AU,,1/1/00 0:00,,3.1003,7/8/23 10:10,1.84,Auction Ads,auction_relation
20230807,1773565193173040 ,TW,TW,,1/1/00 0:00,0,1.946,7/8/23 10:10,0.95,Auction Ads,auction_relation
20230807,1773564828029970 ,US,USCA,,1/1/00 0:00,0.79,4.2898,7/8/23 10:11,1.78,Auction Ads,auction_relation
20230807,1773561051589630 ,ID,,,1/1/00 0:00,0.6307,1.0452,7/8/23 10:11,0.54,Non-Auction Ads,Promote
20230807,1773483332689920 ,SA,,,1/1/00 0:00,4.6302,0.9618,7/8/23 10:11,0.54,Non-Auction Ads,Promote
20230807,1773496675879930 ,VN,,,1/1/00 0:00,0.3891,0.2638,7/8/23 10:11,0.54,Non-Auction Ads,Promote
20230807,1773564804865050 ,MX,MX,,1/1/00 0:00,3.91,2.2682,7/8/23 10:11,1.99,Auction Ads,auction_all
20230807,1773564669880320 ,IL,,,1/1/00 0:00,1.0508,0.7537,7/8/23 10:11,1.53,RIE,Promote Report Recall
20230807,1773565550812210 ,FR,FR,,1/1/00 0:00,6.98,5.8009,7/8/23 10:12,1.97,Auction Ads,auction_relation
20230807,1773561450886140 ,ID,,,1/1/00 0:00,0.4316,0.1467,7/8/23 10:11,0.54,Non-Auction Ads,Promote
20230807,1773560948102140 ,ID,,,1/1/00 0:00,0.5808,0.5303,7/8/23 10:11,0.54,Non-Auction Ads,Promote
20230807,1773560906001400 ,ID,,,1/1/00 0:00,0.3361,0.2865,7/8/23 10:11,0.54,Non-Auction Ads,Promote
20230807,1773564754759680 ,KZ,KZ,,1/1/00 0:00,4.2464,2.1262,7/8/23 10:11,2,Auction Ads,auction_relation
20230807,1773564748067880 ,KZ,KZ,,1/1/00 0:00,4.4124,2.1262,7/8/23 10:11,2,Auction Ads,auction_relation
20230807,1773564758673420 ,KZ,KZ,,1/1/00 0:00,2.1782,2.1262,7/8/23 10:11,2,Auction Ads,auction_relation
20230807,1773564758992940 ,KZ,KZ,,1/1/00 0:00,2.1893,2.1262,7/8/23 10:11,2,Auction Ads,auction_relation
20230807,1773564752774140 ,KZ,KZ,,1/1/00 0:00,2.3878,2.1262,7/8/23 10:11,2,Auction Ads,auction_relation
20230807,1773561340300320 ,BR,BR,,1/1/00 0:00,58.88,15.5095,7/8/23 10:14,1.99,Auction Ads,auction_all
20230807,1773564911496240 ,ZA,ZA,,1/1/00 0:00,0.323,6.2384,7/8/23 10:12,1.4,Auction Ads,auction_relation
20230807,1773564378960900 ,TH,,,1/1/00 0:00,5.73,2.7053,7/8/23 10:12,1.53,RIE,Promote Report Recall
20230807,1773561534851070 ,ID,,,1/1/00 0:00,3.3719,0.5137,7/8/23 10:12,0.54,Non-Auction Ads,Promote
20230807,1773564792526860 ,ID,ID,,1/1/00 0:00,26.27,7.2067,7/8/23 10:13,1.8,Auction Ads,auction_relation
20230807,1773565353593900 ,BR,BR,,1/1/00 0:00,121.89,26.6901,7/8/23 10:16,1.99,Auction Ads,auction_all
20230807,1773566351158300 ,ID,ID,,1/1/00 0:00,43.5297,10.3016,7/8/23 10:13,1.8,Auction Ads,auction_relation
20230807,1773561593905150 ,ID,,,1/1/00 0:00,3.2196,0.5137,7/8/23 10:12,0.54,Non-Auction Ads,Promote
20230807,1773561141359610 ,ID,,,1/1/00 0:00,0.4112,0.2088,7/8/23 10:12,0.54,Non-Auction Ads,Promote
20230807,1773564549890040 ,ID,,,1/1/00 0:00,1.8097,0.3812,7/8/23 10:12,1.53,RIE,Promote Report Recall
20230807,1773565107758110 ,GB,GB,,1/1/00 0:00,15.56,4.0279,7/8/23 10:13,1.72,RIE,Ad Group Recall (Merged)
20230807,1773564703025150 ,FR,,,1/1/00 0:00,2.6958,2.2792,7/8/23 10:13,1.53,RIE,Promote Report Recall
20230807,1773564712179710 ,VN,,,1/1/00 0:00,0.4759,0.6558,7/8/23 10:13,1.53,RIE,Promote Report Recall
20230807,1773561472365630 ,ID,,,1/1/00 0:00,0.316,0.1657,7/8/23 10:13,0.54,Non-Auction Ads,Promote
20230807,1773550627594240 ,TR,,,1/1/00 0:00,0.539,0.3506,7/8/23 10:13,0.54,Non-Auction Ads,Promote
20230807,1773561115772960 ,ES,ES,,1/1/00 0:00,3.36,3.2972,7/8/23 10:13,1.37,Auction Ads,auction_relation
20230807,1773483363039230 ,SA,,,1/1/00 0:00,1.9325,1.5971,7/8/23 10:13,0.54,Non-Auction Ads,Promote
20230807,1773579907933230 ,US,USCA,,1/1/00 0:00,0.96,3.1419,7/8/23 10:13,1.78,Auction Ads,auction_relation
20230807,1773483563773950 ,SA,,,1/1/00 0:00,1.1623,0.6516,7/8/23 10:13,0.54,Non-Auction Ads,Promote
20230807,1773561177177090 ,ID,,,1/1/00 0:00,0.3421,0.3961,7/8/23 10:13,0.54,Non-Auction Ads,Promote
20230807,1773550767875070 ,TR,,,1/1/00 0:00,1.3111,0.686,7/8/23 10:13,0.54,Non-Auction Ads,Promote
20230807,1773561569387520 ,ID,,,1/1/00 0:00,2.9404,0.5137,7/8/23 10:13,0.54,Non-Auction Ads,Promote
20230807,1773564788717570 ,AU,,,1/1/00 0:00,3.2603,2.5434,7/8/23 10:14,1.53,RIE,Promote Report Recall
20230807,1773561964617740 ,FR,FR,,1/1/00 0:00,26.3572,67.223,7/8/23 10:23,1.76,RIE,Ad Group Recall (Merged)
20230807,1773565036538880 ,BR,BR,,1/1/00 0:00,14.96,11.0716,7/8/23 10:15,1.99,Auction Ads,auction_all
20230807,1773579936292910 ,US,USCA,,1/1/00 0:00,4.55,0.2926,7/8/23 10:14,1.78,Auction Ads,auction_relation
20230807,1773560920479740 ,ID,,,1/1/00 0:00,0.4433,0.4277,7/8/23 10:14,0.54,Non-Auction Ads,Promote
20230807,1773561552267260 ,ID,,,1/1/00 0:00,3.1138,0.5137,7/8/23 10:14,0.54,Non-Auction Ads,Promote
20230807,1773550061616160 ,PK,Other,,1/1/00 0:00,3.03,0.2014,7/8/23 10:14,1.62,RIE,Ad Group Recall (Merged)
20230807,1773550916614140 ,TR,,,1/1/00 0:00,1.5497,0.4475,7/8/23 10:14,0.54,Non-Auction Ads,Promote
20230807,1773561493188600 ,ID,,,1/1/00 0:00,0.5574,0.686,7/8/23 10:14,0.54,Non-Auction Ads,Promote
20230807,1773560959409150 ,ID,,,1/1/00 0:00,1.6279,0.6652,7/8/23 10:14,0.54,Non-Auction Ads,Promote
20230807,1773565039366220 ,TH,TH,,1/1/00 0:00,3.3416,4.4575,7/8/23 10:15,1.64,Auction Ads,auction_relation
20230807,1773561511939070 ,ID,,,1/1/00 0:00,3.0427,0.5137,7/8/23 10:14,0.54,Non-Auction Ads,Promote
20230807,1773564527589410 ,ID,ID,,1/1/00 0:00,6.3298,6.3248,7/8/23 10:15,1.8,Auction Ads,auction_relation
20230807,1773565036836860 ,QA,Other,,1/1/00 0:00,13.6,5.4578,7/8/23 10:15,1.62,RIE,Ad Group Recall (Merged)
20230807,1773564904713220 ,BR,,,1/1/00 0:00,3.9868,2.2692,7/8/23 10:15,1.53,RIE,Promote Report Recall
20230807,1773579991773200 ,US,USCA,,1/1/00 0:00,,0.2926,7/8/23 10:15,1.78,Auction Ads,auction_relation
20230807,1773484488194110 ,SA,,,1/1/00 0:00,4.5953,0.9146,7/8/23 10:15,0.54,Non-Auction Ads,Promote
20230807,1773550974143550 ,TR,,,1/1/00 0:00,0.2735,0.0932,7/8/23 10:15,0.54,Non-Auction Ads,Promote
20230807,1773565022769180 ,MX,MX,,1/1/00 0:00,0.8,2.2682,7/8/23 10:15,1.99,Auction Ads,auction_all
20230807,1773497155399680 ,VN,,,1/1/00 0:00,1.5642,1.2566,7/8/23 10:15,0.54,Non-Auction Ads,Promote
20230807,1773564919045120 ,IL,,,1/1/00 0:00,98.3889,0.7745,7/8/23 10:15,0.54,Non-Auction Ads,Promote
20230807,1773565581046810 ,SA,MENA,,1/1/00 0:00,5.89,1.9178,7/8/23 10:15,1.78,Auction Ads,auction_relation
20230807,1773565027006480 ,MX,MX,,1/1/00 0:00,2.37,2.2682,7/8/23 10:15,1.99,Auction Ads,auction_all
20230807,1773565027018800 ,MX,MX,,1/1/00 0:00,0.57,2.2682,7/8/23 10:15,1.99,Auction Ads,auction_all
20230807,1773565050046510 ,FR,FR,,1/1/00 0:00,5.56,8.4804,7/8/23 10:16,1.97,Auction Ads,auction_relation
20230807,1773565027053570 ,MX,MX,,1/1/00 0:00,0.99,2.2682,7/8/23 10:15,1.99,Auction Ads,auction_all
20230807,1773565107751970 ,TR,TR,,1/1/00 0:00,2.2,1.3738,7/8/23 10:15,1.63,RIE,Ad Group Recall (Merged)
20230807,1773566029966430 ,BR,BR,,1/1/00 0:00,28.06,86.15,7/8/23 10:28,1.7,RIE,Ad Group Recall (Merged)
20230807,1773566029966430 ,BR,BR,,1/1/00 0:00,28.06,86.15,7/8/23 10:28,1.99,Auction Ads,auction_all
20230807,1773565763663900 ,FR,FR,,1/1/00 0:00,,5.2325,7/8/23 10:16,1.97,Auction Ads,auction_relation
20230807,1773565763663900 ,BE,BE,,1/1/00 0:00,,5.2325,7/8/23 10:16,1.15,Auction Ads,auction_relation
20230807,1773564727349250 ,SG,,,1/1/00 0:00,4.9871,1.3126,7/8/23 10:15,1.53,RIE,Promote Report Recall
20230807,1773561266611200 ,GB,GB,,1/1/00 0:00,,3.5777,7/8/23 10:16,1.76,Auction Ads,auction_relation
20230807,1773561258637340 ,GB,GB,,1/1/00 0:00,,3.5777,7/8/23 10:16,1.76,Auction Ads,auction_relation
20230807,1773561266589810 ,GB,GB,,1/1/00 0:00,0.0636,3.5777,7/8/23 10:16,1.76,Auction Ads,auction_relation
20230807,1773564956566530 ,VN,,,1/1/00 0:00,0.2922,0.328,7/8/23 10:15,1.53,RIE,Promote Report Recall
20230807,1773550980415480 ,ID,,,1/1/00 0:00,0.4249,0.8286,7/8/23 10:16,0.54,Non-Auction Ads,Promote
20230807,1773565714494490 ,BR,BR,,1/1/00 0:00,34.81,57.4475,7/8/23 10:24,1.99,Auction Ads,auction_all
20230807,1773565463566450 ,ID,ID,,1/1/00 0:00,17.88,2.483,7/8/23 10:16,1.8,Auction Ads,auction_relation
20230807,1773565282179120 ,PH,Other,,1/1/00 0:00,8.53,8.0813,7/8/23 10:17,1.62,RIE,Ad Group Recall (Merged)
20230807,1773580067165210 ,US,USCA,,1/1/00 0:00,1.05,2.3175,7/8/23 10:16,1.78,Auction Ads,auction_relation
20230807,1773565114693690 ,ID,ID,,1/1/00 0:00,9.8653,5.1851,7/8/23 10:16,1.8,Auction Ads,auction_relation
20230807,1773565482396720 ,TH,TH,,1/1/00 0:00,1.8457,6.998,7/8/23 10:17,1.64,Auction Ads,auction_relation
20230807,1773565067002930 ,TH,TH,,1/1/00 0:00,,0.9223,7/8/23 10:16,1.64,Auction Ads,auction_relation
20230807,1773564948515840 ,IL,,,1/1/00 0:00,37.447,2.9664,7/8/23 10:16,0.54,Non-Auction Ads,Promote
20230807,1773564987076610 ,PH,,,1/1/00 0:00,,0.2519,7/8/23 10:16,0.54,Non-Auction Ads,Promote
20230807,1773565329832970 ,ID,ID,,1/1/00 0:00,6.2172,9.0635,7/8/23 10:18,1.8,Auction Ads,auction_relation
20230807,1773562105449470 ,ID,,,1/1/00 0:00,0.1658,0.6927,7/8/23 10:16,0.54,Non-Auction Ads,Promote
20230807,1773565053704200 ,MY,MY,,1/1/00 0:00,3.6,0.6041,7/8/23 10:16,2.31,Auction Ads,auction_relation
20230807,1773565141048350 ,DE,DE,,1/1/00 0:00,,10.2947,7/8/23 10:18,1.01,Auction Ads,auction_relation
20230807,1773561961427960 ,ID,,,1/1/00 0:00,1.6132,0.6165,7/8/23 10:16,0.54,Non-Auction Ads,Promote
20230807,1773565141085200 ,ID,ID,,1/1/00 0:00,5.9626,1.2117,7/8/23 10:16,1.8,Auction Ads,auction_relation
20230807,1773561513323550 ,BR,BR,,1/1/00 0:00,94.81,15.5095,7/8/23 10:19,1.99,Auction Ads,auction_all
20230807,1773565020135420 ,VN,,,1/1/00 0:00,0.2488,0.328,7/8/23 10:16,1.53,RIE,Promote Report Recall
20230807,1773565346446380 ,MY,MY,,1/1/00 0:00,,6.8773,7/8/23 10:18,2.31,Auction Ads,auction_relation
20230807,1773565838298160 ,TW,TW,,1/1/00 0:00,4.11,2.0358,7/8/23 10:17,0.95,Auction Ads,auction_relation
20230807,1773551233666050 ,TR,,,1/1/00 0:00,0.2822,0.091,7/8/23 10:17,0.54,Non-Auction Ads,Promote
20230807,1773564820491300 ,BR,,,1/1/00 0:00,1.3318,0.4869,7/8/23 10:17,0.54,Non-Auction Ads,Promote
20230807,1773565004133370 ,SA,,,1/1/00 0:00,1.013,0.3396,7/8/23 10:17,1.53,RIE,Promote Report Recall
20230807,1773565534525440 ,BR,BR,,1/1/00 0:00,61.32,41.8361,7/8/23 10:23,1.99,Auction Ads,auction_all
20230807,1773562769291290 ,CH,CH,,1/1/00 0:00,8.8354,14.1336,7/8/23 10:20,0.93,Auction Ads,auction_relation
20230807,1773562769291290 ,FR,FR,,1/1/00 0:00,8.8354,14.1336,7/8/23 10:20,1.97,Auction Ads,auction_relation
20230807,1773487835532280 ,AE,,,1/1/00 0:00,,1.2708,7/8/23 10:18,0.54,Non-Auction Ads,Promote
20230807,1773487835532280 ,AE,,,1/1/00 0:00,,1.2708,7/8/23 10:18,0.54,Non-Auction Ads,Promote
20230807,1773487835532280 ,AE,,,1/1/00 0:00,,1.2708,7/8/23 10:18,0.54,Non-Auction Ads,Promote
20230807,1773487835532280 ,AE,,,1/1/00 0:00,,1.2708,7/8/23 10:18,0.54,Non-Auction Ads,Promote
20230807,1773561976678400 ,ID,,,1/1/00 0:00,0.7549,1.0452,7/8/23 10:18,0.54,Non-Auction Ads,Promote
20230807,1773565654804530 ,TH,TH,,1/1/00 0:00,25.6237,6.5114,7/8/23 10:19,1.64,Auction Ads,auction_relation
20230807,1773497632239610 ,VN,,,1/1/00 0:00,0.3161,0.2391,7/8/23 10:18,0.54,Non-Auction Ads,Promote
20230807,1773559103790080 ,TH,,,1/1/00 0:00,0.5432,0.6026,7/8/23 10:18,0.54,Non-Auction Ads,Promote
20230807,1773561709400080 ,GB,GB,,1/1/00 0:00,0.0127,3.5777,7/8/23 10:18,1.76,Auction Ads,auction_relation
20230807,1773564893308930 ,BR,,,1/1/00 0:00,1.1269,0.6418,7/8/23 10:18,0.54,Non-Auction Ads,Promote
20230807,1773565063098370 ,TH,,,1/1/00 0:00,6.8,2.0241,7/8/23 10:18,1.53,RIE,Promote Report Recall
20230807,1773562026847230 ,ID,,,1/1/00 0:00,0.3593,0.8172,7/8/23 10:18,0.54,Non-Auction Ads,Promote
20230807,1773565317937170 ,BE,BE,,1/1/00 0:00,3.96,8.5758,7/8/23 10:20,1.15,Auction Ads,auction_relation
20230807,1773562505588730 ,ID,,,1/1/00 0:00,4.043,0.6116,7/8/23 10:18,0.54,Non-Auction Ads,Promote
20230807,1773562608105470 ,ID,,,1/1/00 0:00,0.4074,0.7905,7/8/23 10:18,0.54,Non-Auction Ads,Promote
20230807,1773565169094650 ,MY,MY,,1/1/00 0:00,8.86,0.8395,7/8/23 10:19,2.31,Auction Ads,auction_relation
20230807,1773565226793010 ,PL,PL,,1/1/00 0:00,,1.4682,7/8/23 10:19,1.64,Auction Ads,auction_relation
20230807,1773565690680320 ,SA,,,1/1/00 0:00,468.5637,63.5952,7/8/23 10:28,0.54,Non-Auction Ads,Promote
20230807,1773565112879100 ,PH,,,1/1/00 0:00,0.1724,0.7791,7/8/23 10:19,1.53,RIE,Promote Report Recall
20230807,1773587926150140 ,US,USCA,,1/1/00 0:00,,13.7845,7/8/23 10:21,1.78,Auction Ads,auction_relation
20230807,1773565594641400 ,PE,PE,,1/1/00 0:00,5.0404,7.3447,7/8/23 10:20,1.68,Auction Ads,auction_all
20230807,1773562093498370 ,ID,,,1/1/00 0:00,0.3538,0.3219,7/8/23 10:19,0.54,Non-Auction Ads,Promote
20230807,1773565281142800 ,HU,Other,,1/1/00 0:00,,2.9717,7/8/23 10:20,1.62,RIE,Ad Group Recall (Merged)
20230807,1773562223669240 ,ID,,,1/1/00 0:00,0.3126,0.1753,7/8/23 10:19,0.54,Non-Auction Ads,Promote
20230807,1773562137756670 ,ID,,,1/1/00 0:00,0.5166,0.2778,7/8/23 10:19,0.54,Non-Auction Ads,Promote
20230807,1773565186874380 ,MY,MY,,1/1/00 0:00,8.47,0.8395,7/8/23 10:20,2.31,Auction Ads,auction_relation
20230807,1773565143141370 ,MY,,,1/1/00 0:00,23.4292,4.2783,7/8/23 10:20,0.54,Non-Auction Ads,Promote
20230807,1773565157682180 ,CZ,,,1/1/00 0:00,2.627,1.0755,7/8/23 10:20,1.53,RIE,Promote Report Recall
20230807,1773565273716750 ,ID,ID,,1/1/00 0:00,2.72,1.7782,7/8/23 10:20,1.8,Auction Ads,auction_relation
20230807,1773563216277500 ,ID,,,1/1/00 0:00,2.3073,0.7007,7/8/23 10:20,0.54,Non-Auction Ads,Promote
20230807,1773551614462970 ,TR,,,1/1/00 0:00,0.2502,0.1364,7/8/23 10:20,0.54,Non-Auction Ads,Promote
20230807,1773565929482250 ,BR,BR,,1/1/00 0:00,35.84,57.4475,7/8/23 10:29,1.99,Auction Ads,auction_all
20230807,1773562386281470 ,ID,,,1/1/00 0:00,0.3354,0.2279,7/8/23 10:20,0.54,Non-Auction Ads,Promote
20230807,1773566504978480 ,JP,JP,,1/1/00 0:00,13.2489,103.2562,7/8/23 10:36,2.16,Auction Ads,auction_all
20230807,1773559056943100 ,TH,,,1/1/00 0:00,0.7744,0.6023,7/8/23 10:20,0.54,Non-Auction Ads,Promote
20230807,1773565536532480 ,TR,TR,,1/1/00 0:00,5.8403,5.4889,7/8/23 10:21,1.63,RIE,Ad Group Recall (Merged)
20230807,1773565180434430 ,TH,,,1/1/00 0:00,7.93,1.8216,7/8/23 10:20,1.53,RIE,Promote Report Recall
20230807,1773576675525720 ,UY,Others,,1/1/00 0:00,,3.5372,7/8/23 10:21,1.56,Auction Ads,auction_all
20230807,1773562517415930 ,ID,,,1/1/00 0:00,0.7269,0.8373,7/8/23 10:20,0.54,Non-Auction Ads,Promote
20230807,1773562136881160 ,GR,GR,,1/1/00 0:00,458.41,36.2131,7/8/23 10:25,2.11,Auction Ads,auction_relation
20230807,1773562136881160 ,GR,GR,,1/1/00 0:00,458.41,36.2131,7/8/23 10:25,2.11,Auction Ads,auction_relation
20230807,1773565314223120 ,MY,MY,,1/1/00 0:00,2.67,0.6041,7/8/23 10:20,2.31,Auction Ads,auction_relation
20230807,1773565353353210 ,GB,GB,,1/1/00 0:00,3.86,3.5109,7/8/23 10:21,1.76,Auction Ads,auction_relation
20230807,1773565143145470 ,ID,,,1/1/00 0:00,0.3482,0.3169,7/8/23 10:20,1.53,RIE,Promote Report Recall
20230807,1773563152381950 ,ID,,,1/1/00 0:00,1.7964,0.3342,7/8/23 10:20,0.54,Non-Auction Ads,Promote
20230807,1773565752960050 ,BR,BR,,1/1/00 0:00,,41.8361,7/8/23 10:26,1.99,Auction Ads,auction_all
20230807,1773559202736120 ,TH,,,1/1/00 0:00,0.8949,1.1896,7/8/23 10:21,0.54,Non-Auction Ads,Promote
20230807,1773551712517120 ,TR,,,1/1/00 0:00,0.5889,0.1601,7/8/23 10:21,0.54,Non-Auction Ads,Promote
20230807,1773565196645410 ,TH,TH,,1/1/00 0:00,2.3058,1.7617,7/8/23 10:21,1.64,Auction Ads,auction_relation
20230807,1773565343055870 ,AU,,,1/1/00 0:00,9.8934,5.4685,7/8/23 10:22,1.53,RIE,Promote Report Recall
20230807,1773551810910210 ,TR,,,1/1/00 0:00,2.0312,0.8767,7/8/23 10:21,0.54,Non-Auction Ads,Promote
20230807,1773565339793400 ,SA,,,1/1/00 0:00,14.181,2.1995,7/8/23 10:21,0.54,Non-Auction Ads,Promote
20230807,1773563298216960 ,ID,,,1/1/00 0:00,0.3165,0.2163,7/8/23 10:21,0.54,Non-Auction Ads,Promote
20230807,1773551762017280 ,TR,,,1/1/00 0:00,0.2585,0.125,7/8/23 10:21,0.54,Non-Auction Ads,Promote
20230807,1773559242686460 ,TH,,,1/1/00 0:00,0.3564,0.2178,7/8/23 10:21,0.54,Non-Auction Ads,Promote
20230807,1773565370624050 ,PL,PL,,1/1/00 0:00,,1.4682,7/8/23 10:22,1.64,Auction Ads,auction_relation
20230807,1773565375637520 ,PL,PL,,1/1/00 0:00,,1.4682,7/8/23 10:22,1.64,Auction Ads,auction_relation
20230807,1773565994492940 ,BR,BR,,1/1/00 0:00,83.82,20.0554,7/8/23 10:24,1.7,RIE,Ad Group Recall (Merged)
20230807,1773565994492940 ,BR,BR,,1/1/00 0:00,83.82,20.0554,7/8/23 10:24,1.99,Auction Ads,auction_all
20230807,1773565382145020 ,AE,MENA,,1/1/00 0:00,2.22,2.0848,7/8/23 10:22,1.67,RIE,Ad Group Recall (Merged)
20230807,1773565334658050 ,TH,,,1/1/00 0:00,20.0424,5.4463,7/8/23 10:22,0.54,Non-Auction Ads,Promote
20230807,1773484637309950 ,SA,,,1/1/00 0:00,0.9784,0.5784,7/8/23 10:22,0.54,Non-Auction Ads,Promote
20230807,1773551958406140 ,TR,,,1/1/00 0:00,0.4995,0.1066,7/8/23 10:22,0.54,Non-Auction Ads,Promote
20230807,1773565334270980 ,TH,,,1/1/00 0:00,7.83,3.7683,7/8/23 10:22,1.53,RIE,Promote Report Recall
20230807,1773566349929470 ,ID,ID,,1/1/00 0:00,9.1066,18.1378,7/8/23 10:24,1.8,Auction Ads,auction_relation
20230807,1773565397237770 ,PL,PL,,1/1/00 0:00,,1.4682,7/8/23 10:22,1.64,Auction Ads,auction_relation
20230807,1773565391407100 ,PL,PL,,1/1/00 0:00,,1.4682,7/8/23 10:22,1.64,Auction Ads,auction_relation
20230807,1773565393776650 ,PL,PL,,1/1/00 0:00,,1.4682,7/8/23 10:22,1.64,Auction Ads,auction_relation
20230807,1773565367370770 ,PL,PL,,1/1/00 0:00,,1.4682,7/8/23 10:22,1.64,Auction Ads,auction_relation
20230807,1773565377691740 ,PL,PL,,1/1/00 0:00,,1.4682,7/8/23 10:22,1.64,Auction Ads,auction_relation
20230807,1773565401306110 ,PL,PL,,1/1/00 0:00,,1.4682,7/8/23 10:22,1.64,Auction Ads,auction_relation
20230807,1773565423208480 ,MY,MY,,1/1/00 0:00,,6.8773,7/8/23 10:22,2.31,Auction Ads,auction_relation
20230807,1773565435667470 ,MY,MY,,1/1/00 0:00,,6.8773,7/8/23 10:22,2.31,Auction Ads,auction_relation
20230807,1773565427920930 ,MY,MY,,1/1/00 0:00,,6.8773,7/8/23 10:22,2.31,Auction Ads,auction_relation
20230807,1773565435194400 ,MY,MY,,1/1/00 0:00,,6.8773,7/8/23 10:22,2.31,Auction Ads,auction_relation
20230807,1773565431473200 ,MY,MY,,1/1/00 0:00,,6.8773,7/8/23 10:22,2.31,Auction Ads,auction_relation
20230807,1773565418286080 ,MY,MY,,1/1/00 0:00,,6.8773,7/8/23 10:22,2.31,Auction Ads,auction_relation
20230807,1773565420966910 ,MY,MY,,1/1/00 0:00,,6.8773,7/8/23 10:22,2.31,Auction Ads,auction_relation
20230807,1773565420988430 ,MY,MY,,1/1/00 0:00,,6.8773,7/8/23 10:22,2.31,Auction Ads,auction_relation
20230807,1773565418337290 ,MY,MY,,1/1/00 0:00,,6.8773,7/8/23 10:22,2.31,Auction Ads,auction_relation
20230807,1773563469167630 ,US,US&CA,,1/1/00 0:00,32.37,18.13,7/8/23 10:24,1.81,RIE,Ad Group Recall (Merged)
20230807,1773565404785680 ,ID,ID,,1/1/00 0:00,1.6,1.7782,7/8/23 10:22,1.8,Auction Ads,auction_relation
20230807,1773484800235520 ,SA,,,1/1/00 0:00,2.3752,0.8095,7/8/23 10:22,0.54,Non-Auction Ads,Promote
20230807,1773551853066240 ,TR,,,1/1/00 0:00,0.532,0.1219,7/8/23 10:22,0.54,Non-Auction Ads,Promote
20230807,1773562264551440 ,GR,GR,,1/1/00 0:00,,6.8444,7/8/23 10:23,2.11,Auction Ads,auction_relation
20230807,1773562264551440 ,GR,GR,,1/1/00 0:00,,6.8444,7/8/23 10:23,2.11,Auction Ads,auction_relation
20230807,1773562264551440 ,GR,GR,,1/1/00 0:00,,6.8444,7/8/23 10:23,2.11,Auction Ads,auction_relation
20230807,1773562264551440 ,GR,GR,,1/1/00 0:00,,6.8444,7/8/23 10:23,2.11,Auction Ads,auction_relation
20230807,1773565397795840 ,PL,PL,,1/1/00 0:00,,1.4682,7/8/23 10:22,1.64,Auction Ads,auction_relation
20230807,1773565367407630 ,PL,PL,,1/1/00 0:00,,1.4682,7/8/23 10:22,1.64,Auction Ads,auction_relation
20230807,1773565397272610 ,PL,PL,,1/1/00 0:00,,1.4682,7/8/23 10:22,1.64,Auction Ads,auction_relation
20230807,1773565412144170 ,PL,PL,,1/1/00 0:00,,1.4682,7/8/23 10:22,1.64,Auction Ads,auction_relation
20230807,1773565765146700 ,SA,MENA,,1/1/00 0:00,1.08,1.7946,7/8/23 10:22,1.78,Auction Ads,auction_relation
20230807,1773565765146700 ,SA,MENA,,1/1/00 0:00,1.08,1.7946,7/8/23 10:22,1.78,Auction Ads,auction_relation
20230807,1773576872815610 ,DE,DE,,1/1/00 0:00,7.97,9.7843,7/8/23 10:24,1.01,Auction Ads,auction_relation
20230807,1773563475042300 ,ID,,,1/1/00 0:00,0.4986,0.1656,7/8/23 10:23,0.54,Non-Auction Ads,Promote
20230807,1773565925522480 ,TH,TH,,1/1/00 0:00,5.9991,1.8147,7/8/23 10:23,1.64,Auction Ads,auction_relation
20230807,1773564922790910 ,IT,,,1/1/00 0:00,4.1375,4.4098,7/8/23 10:24,0.54,Non-Auction Ads,Promote
20230807,1773565362483200 ,ID,,,1/1/00 0:00,1.3665,0.3107,7/8/23 10:23,1.53,RIE,Promote Report Recall
20230807,1773565457248260 ,GB,,,1/1/00 0:00,10.8241,3.1972,7/8/23 10:24,1.53,RIE,Promote Report Recall
20230807,1773565824137260 ,FR,FR,,1/1/00 0:00,22.4,8.5758,7/8/23 10:25,1.97,Auction Ads,auction_relation
20230807,1773565021060090 ,PH,,,1/1/00 0:00,0.8148,0.2706,7/8/23 10:24,0.54,Non-Auction Ads,Promote
20230807,1773498039240700 ,VN,,,1/1/00 0:00,0.2835,0.2722,7/8/23 10:24,0.54,Non-Auction Ads,Promote
20230807,1773568291769370 ,KH,KH,,1/1/00 0:00,,22.5264,7/8/23 10:27,1.5,Auction Ads,auction_relation
20230807,1773565566692400 ,VN,VN,,1/1/00 0:00,,1.0804,7/8/23 10:24,2.13,RIE,Ad Group Recall (Merged)
20230807,1773565514585090 ,TH,,,1/1/00 0:00,19.5573,5.4463,7/8/23 10:25,0.54,Non-Auction Ads,Promote
20230807,1773566177225740 ,IQ,Others,,1/1/00 0:00,9.25,3.4903,7/8/23 10:25,1.56,Auction Ads,auction_all
20230807,1773566177225740 ,IQ,Others,,1/1/00 0:00,9.25,3.4903,7/8/23 10:25,1.56,Auction Ads,auction_all
20230807,1773563860289530 ,ID,,,1/1/00 0:00,0.2778,0.4255,7/8/23 10:24,0.54,Non-Auction Ads,Promote
20230807,1773484937709560 ,SA,,,1/1/00 0:00,1.8822,0.786,7/8/23 10:24,0.54,Non-Auction Ads,Promote
20230807,1773576964707360 ,CZ,CZ,,1/1/00 0:00,16.41,9.7843,7/8/23 10:26,1.9,Auction Ads,auction_relation
20230807,1773560711901180 ,MY,,,1/1/00 0:00,1.1241,0.5395,7/8/23 10:24,0.54,Non-Auction Ads,Promote
20230807,1773563116380160 ,ID,,,1/1/00 0:00,0.3894,0.5293,7/8/23 10:24,0.54,Non-Auction Ads,Promote
20230807,1773561834148860 ,GB,GB,,1/1/00 0:00,,3.5777,7/8/23 10:25,1.76,Auction Ads,auction_relation
20230807,1773561841966090 ,GB,GB,,1/1/00 0:00,2.0394,3.5777,7/8/23 10:25,1.76,Auction Ads,auction_relation
20230807,1773550783174700 ,PK,Other,,1/1/00 0:00,2.19,0.2014,7/8/23 10:25,1.62,RIE,Ad Group Recall (Merged)
20230807,1773563486690300 ,ID,,,1/1/00 0:00,2.8615,0.4901,7/8/23 10:25,0.54,Non-Auction Ads,Promote
20230807,1773565234706460 ,KH,KH,,1/1/00 0:00,7.97,2.5702,7/8/23 10:25,1.5,Auction Ads,auction_relation
20230807,1773566642122760 ,TH,TH,,1/1/00 0:00,1.4777,6.998,7/8/23 10:26,1.87,RIE,Ad Group Recall (Merged)
20230807,1773566642122760 ,TH,TH,,1/1/00 0:00,1.4777,6.998,7/8/23 10:26,1.64,Auction Ads,auction_relation
20230807,1773565521459200 ,EG,,,1/1/00 0:00,2.666,1.0674,7/8/23 10:25,1.53,RIE,Promote Report Recall
20230807,1773552520073210 ,TR,,,1/1/00 0:00,0.205,0.2195,7/8/23 10:25,0.54,Non-Auction Ads,Promote
20230807,1773565529767980 ,TH,TH,,1/1/00 0:00,3.7887,1.7617,7/8/23 10:25,1.64,Auction Ads,auction_relation
20230807,1773565530199080 ,TH,TH,,1/1/00 0:00,1.1541,1.7617,7/8/23 10:25,1.64,Auction Ads,auction_relation
20230807,1773565530352680 ,TH,TH,,1/1/00 0:00,3.7738,1.7617,7/8/23 10:25,1.64,Auction Ads,auction_relation
20230807,1773562003426300 ,DE,DE,,1/1/00 0:00,2.61,1.572,7/8/23 10:26,1.01,Auction Ads,auction_relation
20230807,1773562044034120 ,DE,DE,,1/1/00 0:00,11.46,4.4035,7/8/23 10:26,1.01,Auction Ads,auction_relation
20230807,1773565963983980 ,IL,IL,,1/1/00 0:00,12.76,11.1094,7/8/23 10:27,1.22,RIE,Ad Group Recall (Merged)
20230807,1773559430994940 ,TH,,,1/1/00 0:00,0.2194,0.9908,7/8/23 10:26,0.54,Non-Auction Ads,Promote
20230807,1773565801290750 ,US,USCA,,1/1/00 0:00,0.41,1.314,7/8/23 10:26,1.78,Auction Ads,auction_relation
20230807,1773566157373470 ,AE,MENA,,1/1/00 0:00,6.7136,5.0509,7/8/23 10:26,1.67,RIE,Ad Group Recall (Merged)
20230807,1773565548040190 ,IT,,,1/1/00 0:00,7.0418,2.2726,7/8/23 10:26,1.53,RIE,Promote Report Recall
20230807,1773564107863040 ,FR,,,1/1/00 0:00,23.7675,0.5078,7/8/23 10:26,0.54,Non-Auction Ads,Promote
20230807,1773566164629550 ,ID,ID,,1/1/00 0:00,13.41,27.1514,7/8/23 10:30,1.8,Auction Ads,auction_relation
20230807,1773565668483080 ,MY,,,1/1/00 0:00,23.1218,4.2783,7/8/23 10:27,0.54,Non-Auction Ads,Promote
20230807,1773566035113980 ,MX,MX,,1/1/00 0:00,24.99,43.6754,7/8/23 10:32,1.99,Auction Ads,auction_all
20230807,1773565698533390 ,VN,VN,,1/1/00 0:00,,1.0804,7/8/23 10:26,2.13,RIE,Ad Group Recall (Merged)
20230807,1773562908739580 ,ID,,,1/1/00 0:00,0.3488,0.3815,7/8/23 10:26,0.54,Non-Auction Ads,Promote
20230807,1773565564668930 ,IT,,,1/1/00 0:00,1.9806,0.4099,7/8/23 10:26,1.53,RIE,Promote Report Recall
20230807,1773565694359550 ,PT,,,1/1/00 0:00,0.2971,5.518,7/8/23 10:27,1.53,RIE,Promote Report Recall
20230807,1773561320444930 ,MY,,,1/1/00 0:00,0.3556,0.4897,7/8/23 10:26,0.54,Non-Auction Ads,Promote
20230807,1773562340130910 ,GB,GB,,1/1/00 0:00,8.5,35.1626,7/8/23 10:32,1.76,Auction Ads,auction_relation
20230807,1773567212967950 ,TH,TH,,1/1/00 0:00,0.2607,2.0989,7/8/23 10:27,1.64,Auction Ads,auction_relation
20230807,1773567212967950 ,TH,TH,,1/1/00 0:00,0.2607,2.0989,7/8/23 10:27,1.64,Auction Ads,auction_relation
20230807,1773565532736510 ,BR,,,1/1/00 0:00,1.2253,0.5657,7/8/23 10:27,1.53,RIE,Promote Report Recall
20230807,1773565447350270 ,PH,,,1/1/00 0:00,0.3269,0.0919,7/8/23 10:27,0.54,Non-Auction Ads,Promote
20230807,1773566493487100 ,AU,AU,,1/1/00 0:00,12.49,2.9446,7/8/23 10:27,1.84,Auction Ads,auction_relation
20230807,1773564060208150 ,FR,,,1/1/00 0:00,10.0902,6.7276,7/8/23 10:28,0.54,Non-Auction Ads,Promote
20230807,1773565795081210 ,PK,PK,,1/1/00 0:00,,0.2622,7/8/23 10:27,1.36,Auction Ads,auction_relation
20230807,1773563269053440 ,ID,,,1/1/00 0:00,3.6539,0.9249,7/8/23 10:27,0.54,Non-Auction Ads,Promote
20230807,1773567745529890 ,ID,ID,,1/1/00 0:00,4.5339,2.5771,7/8/23 10:28,1.8,Auction Ads,auction_relation
20230807,1773565744392240 ,TW,TW,,1/1/00 0:00,6.87,1.6636,7/8/23 10:28,0.95,Auction Ads,auction_relation
20230807,1773566168324110 ,BR,BR,,1/1/00 0:00,7.32,40.5333,7/8/23 10:34,1.99,Auction Ads,auction_all
20230807,1773565484648440 ,PH,,,1/1/00 0:00,0.2551,0.2519,7/8/23 10:28,0.54,Non-Auction Ads,Promote
20230807,1773573375209490 ,GB,GB,,1/1/00 0:00,9.29,6.0026,7/8/23 10:29,1.76,Auction Ads,auction_relation
20230807,1773565673372670 ,ID,,,1/1/00 0:00,9.4345,2.4323,7/8/23 10:28,0.54,Non-Auction Ads,Promote
20230807,1773561818609660 ,MY,,,1/1/00 0:00,5.8266,3.2019,7/8/23 10:28,0.54,Non-Auction Ads,Promote
20230807,1773564696370170 ,ID,,,1/1/00 0:00,0.5941,0.5151,7/8/23 10:28,0.54,Non-Auction Ads,Promote
20230807,1773564131274750 ,ID,,,1/1/00 0:00,0.4116,0,7/8/23 10:28,0.54,Non-Auction Ads,Promote
20230807,1773559384377340 ,TH,,,1/1/00 0:00,0.3622,0.2011,7/8/23 10:28,0.54,Non-Auction Ads,Promote
20230807,1773566353565700 ,GB,,,1/1/00 0:00,87.9298,65.8319,7/8/23 10:39,0.54,Non-Auction Ads,Promote
20230807,1773566580201480 ,CA,USCA,,1/1/00 0:00,32.63,40.1189,7/8/23 10:34,1.78,Auction Ads,auction_relation
20230807,1773566580201480 ,AU,AU,,1/1/00 0:00,32.63,40.1189,7/8/23 10:34,1.84,Auction Ads,auction_relation
20230807,1773565927647230 ,ID,,,1/1/00 0:00,17.3581,29.4655,7/8/23 10:32,0.54,Non-Auction Ads,Promote
20230807,1773565722102780 ,FR,,,1/1/00 0:00,14.5899,1.2164,7/8/23 10:29,1.53,RIE,Promote Report Recall
20230807,1773565986022490 ,PK,PK,,1/1/00 0:00,0.47,2.04,7/8/23 10:29,1.36,Auction Ads,auction_relation
20230807,1773561545812990 ,BE,,,1/1/00 0:00,2.674,0.7023,7/8/23 10:29,0.54,Non-Auction Ads,Promote
20230807,1773565856994300 ,ID,ID,,1/1/00 0:00,2.13,1.7782,7/8/23 10:29,1.8,Auction Ads,auction_relation
20230807,1773563460308990 ,ID,,,1/1/00 0:00,0.627,0.067,7/8/23 10:29,0.54,Non-Auction Ads,Promote
20230807,1773543266940960 ,US,USCA,,1/1/00 0:00,5.67,2.382,7/8/23 10:30,1.78,Auction Ads,auction_relation
20230807,1773544563801130 ,US,USCA,,1/1/00 0:00,1.17,2.3022,7/8/23 10:30,1.78,Auction Ads,auction_relation
20230807,1773544228283390 ,US,USCA,,1/1/00 0:00,1.13,2.3022,7/8/23 10:30,1.78,Auction Ads,auction_relation
20230807,1773544890601490 ,US,USCA,,1/1/00 0:00,1.48,2.3022,7/8/23 10:30,1.78,Auction Ads,auction_relation
20230807,1773544563798030 ,US,USCA,,1/1/00 0:00,1.11,2.3022,7/8/23 10:30,1.78,Auction Ads,auction_relation
20230807,1773562549938220 ,AE,MENA,,1/1/00 0:00,,7.4243,7/8/23 10:30,1.67,RIE,Ad Group Recall (Merged)
20230807,1773562549938220 ,KW,Other,,1/1/00 0:00,,7.4243,7/8/23 10:30,1.62,RIE,Ad Group Recall (Merged)
20230807,1773562549938220 ,BH,Other,,1/1/00 0:00,,7.4243,7/8/23 10:30,1.62,RIE,Ad Group Recall (Merged)
20230807,1773562549938220 ,AE,MENA,,1/1/00 0:00,,7.4243,7/8/23 10:30,1.67,RIE,Ad Group Recall (Merged)
20230807,1773562549938220 ,QA,Other,,1/1/00 0:00,,7.4243,7/8/23 10:30,1.62,RIE,Ad Group Recall (Merged)
20230807,1773562549938220 ,QA,Other,,1/1/00 0:00,,7.4243,7/8/23 10:30,1.62,RIE,Ad Group Recall (Merged)
20230807,1773562549938220 ,SA,MENA,,1/1/00 0:00,,7.4243,7/8/23 10:30,1.67,RIE,Ad Group Recall (Merged)
20230807,1773562549938220 ,KW,Other,,1/1/00 0:00,,7.4243,7/8/23 10:30,1.62,RIE,Ad Group Recall (Merged)
20230807,1773498955659260 ,VN,,,1/1/00 0:00,0.3085,0.4285,7/8/23 10:30,0.54,Non-Auction Ads,Promote
20230807,1773565645127680 ,TH,,,1/1/00 0:00,5.05,2.0737,7/8/23 10:30,1.53,RIE,Promote Report Recall
20230807,1773564113994820 ,BE,,,1/1/00 0:00,5.7325,2.1636,7/8/23 10:30,0.54,Non-Auction Ads,Promote
20230807,1773565895050270 ,US,USCA,,1/1/00 0:00,0.41,1.314,7/8/23 10:30,1.78,Auction Ads,auction_relation
20230807,1773565894767630 ,US,USCA,,1/1/00 0:00,0.4,1.314,7/8/23 10:30,1.78,Auction Ads,auction_relation
20230807,1773565895041020 ,US,USCA,,1/1/00 0:00,0.38,1.314,7/8/23 10:30,1.78,Auction Ads,auction_relation
20230807,1773565690752000 ,TH,,,1/1/00 0:00,5.03,0.7559,7/8/23 10:30,1.53,RIE,Promote Report Recall
20230807,1773565959503890 ,TW,TW,,1/1/00 0:00,4.19,2.0358,7/8/23 10:30,0.95,Auction Ads,auction_relation
20230807,1773566497777690 ,VN,VN,,1/1/00 0:00,0.34,44.3343,7/8/23 10:37,2.13,RIE,Ad Group Recall (Merged)
20230807,1773566344713260 ,BR,BR,,1/1/00 0:00,10.06,20.0554,7/8/23 10:33,1.99,Auction Ads,auction_all
20230807,1773565690016770 ,TH,,,1/1/00 0:00,3.31,2.0828,7/8/23 10:30,1.53,RIE,Promote Report Recall
20230807,1773552191877130 ,VN,VN,,1/1/00 0:00,,0.5357,7/8/23 10:30,2.14,Auction Ads,auction_relation
20230807,1773573482339340 ,GB,GB,,1/1/00 0:00,13.04,6.0026,7/8/23 10:31,1.76,Auction Ads,auction_relation
20230807,1773565539033090 ,KH,,,1/1/00 0:00,0.41,0.4084,7/8/23 10:30,0.54,Non-Auction Ads,Promote
20230807,1773566435175440 ,KH,KH,,1/1/00 0:00,4.6202,5.0157,7/8/23 10:31,1.5,Auction Ads,auction_relation
20230807,1773566435175440 ,KH,Other,,1/1/00 0:00,4.6202,5.0157,7/8/23 10:31,1.62,RIE,Ad Group Recall (Merged)
20230807,1773562572541950 ,IT,IT,,1/1/00 0:00,,9.0828,7/8/23 10:32,1.36,Auction Ads,auction_relation
20230807,1773562387321870 ,GB,GB,,1/1/00 0:00,2.48,2.5196,7/8/23 10:31,1.76,Auction Ads,auction_relation
20230807,1773565989161980 ,TW,TW,,1/1/00 0:00,29.77,16.1457,7/8/23 10:33,0.95,Auction Ads,auction_relation
20230807,1773559328333820 ,TH,,,1/1/00 0:00,1.9236,2.5407,7/8/23 10:31,0.54,Non-Auction Ads,Promote
20230807,1773562089352250 ,MY,,,1/1/00 0:00,0.4721,0.1622,7/8/23 10:31,0.54,Non-Auction Ads,Promote
20230807,1773566147686430 ,ID,ID,,1/1/00 0:00,,2.7176,7/8/23 10:31,1.8,Auction Ads,auction_relation
20230807,1773564845415420 ,ID,,,1/1/00 0:00,0.5039,0.5286,7/8/23 10:31,0.54,Non-Auction Ads,Promote
20230807,1773566219362350 ,IQ,Others,,1/1/00 0:00,11.35,3.2286,7/8/23 10:32,1.56,Auction Ads,auction_all
20230807,1773566219362350 ,IQ,Other,,1/1/00 0:00,11.35,3.2286,7/8/23 10:32,1.62,RIE,Ad Group Recall (Merged)
20230807,1773549871526960 ,BR,BR,,1/1/00 0:00,1.819,0.6939,7/8/23 10:31,1.7,RIE,Ad Group Recall (Merged)
20230807,1773565346131960 ,ID,,,1/1/00 0:00,1.0775,0.7827,7/8/23 10:31,0.54,Non-Auction Ads,Promote
20230807,1773573582271500 ,GB,GB,,1/1/00 0:00,15.17,6.0026,7/8/23 10:32,1.76,Auction Ads,auction_relation
20230807,1773564392031280 ,GB,GB,,1/1/00 0:00,,35.1626,7/8/23 10:37,1.76,Auction Ads,auction_relation
20230807,1773566039359490 ,TW,TW,,1/1/00 0:00,8.67,2.2723,7/8/23 10:32,0.95,Auction Ads,auction_relation
20230807,1773565677708290 ,ID,,,1/1/00 0:00,4.0394,0.4083,7/8/23 10:32,1.53,RIE,Promote Report Recall
20230807,1773568501831710 ,US,USCA,,1/1/00 0:00,552.29,242.6949,7/8/23 11:10,1.78,Auction Ads,auction_relation
20230807,1773566075241500 ,IQ,Other,,1/1/00 0:00,13.57,0.0924,7/8/23 10:32,1.62,RIE,Ad Group Recall (Merged)
20230807,1773559568504830 ,TH,,,1/1/00 0:00,0.8059,0.4867,7/8/23 10:32,0.54,Non-Auction Ads,Promote
20230807,1773565311565820 ,ID,,,1/1/00 0:00,0.42,0.1999,7/8/23 10:32,0.54,Non-Auction Ads,Promote
20230807,1773562001506300 ,MY,,,1/1/00 0:00,0.2789,1.6248,7/8/23 10:32,0.54,Non-Auction Ads,Promote
20230807,1773564780055550 ,ID,,,1/1/00 0:00,0.7361,1.06,7/8/23 10:32,0.54,Non-Auction Ads,Promote
20230807,1773566060254250 ,ID,ID,,1/1/00 0:00,12.74,15.6104,7/8/23 10:35,2.05,RIE,Ad Group Recall (Merged)
20230807,1773565467431930 ,ID,,,1/1/00 0:00,0.4584,0.2291,7/8/23 10:32,0.54,Non-Auction Ads,Promote
20230807,1773566512075800 ,CA,USCA,,1/1/00 0:00,6.01,17.8311,7/8/23 10:35,1.78,Auction Ads,auction_relation
20230807,1773565165774850 ,ID,,,1/1/00 0:00,2.828,0.9499,7/8/23 10:32,0.54,Non-Auction Ads,Promote
20230807,1773566094517250 ,PK,PK,,1/1/00 0:00,0.99,2.04,7/8/23 10:32,1.36,Auction Ads,auction_relation
20230807,1773565073103870 ,ID,,,1/1/00 0:00,2.2941,1.7742,7/8/23 10:32,0.54,Non-Auction Ads,Promote
20230807,1773565948348430 ,TH,,,1/1/00 0:00,10.42,1.3411,7/8/23 10:32,1.53,RIE,Promote Report Recall
20230807,1773565263475710 ,ID,,,1/1/00 0:00,0.3503,0.1767,7/8/23 10:32,0.54,Non-Auction Ads,Promote
20230807,1773566266756170 ,KR,KR,,1/1/00 0:00,,10.9433,7/8/23 10:34,2.37,Auction Ads,auction_relation
20230807,1773565574174720 ,ID,,,1/1/00 0:00,0.3517,0.8621,7/8/23 10:32,0.54,Non-Auction Ads,Promote
20230807,1773562407077930 ,GB,GB,,1/1/00 0:00,2.1925,3.5777,7/8/23 10:33,1.76,Auction Ads,auction_relation
20230807,1773562403996720 ,GB,GB,,1/1/00 0:00,1.1724,3.5777,7/8/23 10:33,1.76,Auction Ads,auction_relation
20230807,1773565526995960 ,ID,,,1/1/00 0:00,0.363,0.1997,7/8/23 10:33,0.54,Non-Auction Ads,Promote
20230807,1773566376279040 ,PL,PL,,1/1/00 0:00,21.36,8.5758,7/8/23 10:35,1.64,Auction Ads,auction_relation
20230807,1773565480529920 ,ID,,,1/1/00 0:00,0.9887,0.5049,7/8/23 10:33,0.54,Non-Auction Ads,Promote
20230807,1773565595719740 ,ID,,,1/1/00 0:00,0.4965,0.2476,7/8/23 10:33,0.54,Non-Auction Ads,Promote
20230807,1773566695987230 ,BR,BR,,1/1/00 0:00,,45.746,7/8/23 10:41,1.99,Auction Ads,auction_all
20230807,1773566185490430 ,GB,GB,,1/1/00 0:00,0.03,1.0857,7/8/23 10:34,1.76,Auction Ads,auction_relation
20230807,1773566165550090 ,MY,MY,,1/1/00 0:00,6.12,2.3138,7/8/23 10:34,2.31,Auction Ads,auction_relation
20230807,1773566156706860 ,CZ,Other,,1/1/00 0:00,,3.3213,7/8/23 10:34,1.62,RIE,Ad Group Recall (Merged)
20230807,1773562686606350 ,SE,SE,,1/1/00 0:00,13.69,9.1425,7/8/23 10:35,1.4,Auction Ads,auction_relation
20230807,1773562623352880 ,PL,PL,,1/1/00 0:00,0.4593,3.376,7/8/23 10:34,1.64,Auction Ads,auction_relation
20230807,1773487004513280 ,SA,,,1/1/00 0:00,2.2443,1.8813,7/8/23 10:34,0.54,Non-Auction Ads,Promote
20230807,1773567669107760 ,KZ,Other,,1/1/00 0:00,198.79,59.6331,7/8/23 10:46,1.62,RIE,Ad Group Recall (Merged)
20230807,1773487079873530 ,SA,,,1/1/00 0:00,2.1802,1.8813,7/8/23 10:34,0.54,Non-Auction Ads,Promote
20230807,1773566326218760 ,TH,TH,,1/1/00 0:00,3.8909,3.0374,7/8/23 10:35,1.64,Auction Ads,auction_relation
20230807,1773577781409810 ,ES,ES,,1/1/00 0:00,7.14,9.7843,7/8/23 10:36,1.37,Auction Ads,auction_relation
20230807,1773565813298180 ,TH,,,1/1/00 0:00,4.13,0.8796,7/8/23 10:35,1.53,RIE,Promote Report Recall
20230807,1773566380531730 ,AE,MENA,,1/1/00 0:00,5.957,5.0509,7/8/23 10:35,1.67,RIE,Ad Group Recall (Merged)
20230807,1773566233631760 ,HU,Other,,1/1/00 0:00,,3.3213,7/8/23 10:35,1.62,RIE,Ad Group Recall (Merged)
20230807,1773565102601210 ,ID,,,1/1/00 0:00,0.4698,0.205,7/8/23 10:35,0.54,Non-Auction Ads,Promote
20230807,1773562592713790 ,GR,Other,,1/1/00 0:00,25.5607,5.6775,7/8/23 10:36,1.62,RIE,Ad Group Recall (Merged)
20230807,1773562592713790 ,GR,GR,,1/1/00 0:00,25.5607,5.6775,7/8/23 10:36,2.11,Auction Ads,auction_relation
20230807,1773566237496330 ,ID,ID,,1/1/00 0:00,1.4826,0.1556,7/8/23 10:35,1.8,Auction Ads,auction_relation
20230807,1773566237496330 ,ID,ID,,1/1/00 0:00,1.4826,0.1556,7/8/23 10:35,1.8,Auction Ads,auction_relation
20230807,1773566104722430 ,MY,,,1/1/00 0:00,25.2316,0.975,7/8/23 10:35,0.54,Non-Auction Ads,Promote
20230807,1773566083648510 ,ID,,,1/1/00 0:00,25.1192,6.3237,7/8/23 10:36,0.54,Non-Auction Ads,Promote
20230807,1773566313256960 ,KR,KR,,1/1/00 0:00,,10.9433,7/8/23 10:37,2.37,Auction Ads,auction_relation
20230807,1773566189671420 ,ID,,,1/1/00 0:00,30.247,6.9142,7/8/23 10:36,0.54,Non-Auction Ads,Promote
20230807,1773565689478140 ,ID,,,1/1/00 0:00,0.6083,0.4431,7/8/23 10:36,0.54,Non-Auction Ads,Promote
20230807,1773566271756330 ,GB,GB,,1/1/00 0:00,0.78,1.0857,7/8/23 10:36,1.76,Auction Ads,auction_relation
20230807,1773566379082750 ,PH,Other,,1/1/00 0:00,6.58,1.2788,7/8/23 10:36,1.62,RIE,Ad Group Recall (Merged)
20230807,1773562760600590 ,CA,US&CA,,1/1/00 0:00,1.71,2.5196,7/8/23 10:36,1.81,RIE,Ad Group Recall (Merged)
20230807,1773562766278650 ,CA,US&CA,,1/1/00 0:00,1.97,2.5196,7/8/23 10:36,1.81,RIE,Ad Group Recall (Merged)
20230807,1773562762567720 ,CA,US&CA,,1/1/00 0:00,4.22,2.5196,7/8/23 10:36,1.81,RIE,Ad Group Recall (Merged)
20230807,1773564526387200 ,ID,,,1/1/00 0:00,0.3404,0,7/8/23 10:36,0.54,Non-Auction Ads,Promote
20230807,1773566496496680 ,US,USCA,,1/1/00 0:00,20.15,2.8185,7/8/23 10:36,1.78,Auction Ads,auction_relation
20230807,1773563874367550 ,GB,GB,,1/1/00 0:00,22.59,35.2383,7/8/23 10:43,1.76,Auction Ads,auction_relation
20230807,1773566296985610 ,GB,GB,,1/1/00 0:00,0.6,1.0857,7/8/23 10:36,1.76,Auction Ads,auction_relation
20230807,1773567299634170 ,TH,TH,,1/1/00 0:00,4.0911,5.4325,7/8/23 10:37,1.64,Auction Ads,auction_relation
20230807,1773567299634170 ,TH,TH,,1/1/00 0:00,4.0911,5.4325,7/8/23 10:37,1.64,Auction Ads,auction_relation
20230807,1773566300667950 ,GB,GB,,1/1/00 0:00,0.14,1.0857,7/8/23 10:36,1.76,Auction Ads,auction_relation
20230807,1773565661564930 ,US,USCA,,1/1/00 0:00,,323.8616,7/8/23 11:26,1.78,Auction Ads,auction_relation
20230807,1773556874252320 ,TH,TH,,1/1/00 0:00,,137.8295,7/8/23 11:00,1.64,Auction Ads,auction_relation
20230807,1773557983092730 ,TH,TH,,1/1/00 0:00,,137.8295,7/8/23 11:00,1.64,Auction Ads,auction_relation
20230807,1773565810961410 ,IL,,,1/1/00 0:00,5.3476,0.5093,7/8/23 10:36,0.54,Non-Auction Ads,Promote
20230807,1773566622905370 ,CZ,Other,,1/1/00 0:00,20.99,8.5758,7/8/23 10:39,1.62,RIE,Ad Group Recall (Merged)
20230807,1773566362443770 ,ID,,,1/1/00 0:00,7.6447,3.232,7/8/23 10:38,0.54,Non-Auction Ads,Promote
20230807,1773565635929080 ,ID,,,1/1/00 0:00,0.3144,0.364,7/8/23 10:37,0.54,Non-Auction Ads,Promote
20230807,1773564988374010 ,PH,,,1/1/00 0:00,0.1761,0.2208,7/8/23 10:37,0.54,Non-Auction Ads,Promote
20230807,1773566655430690 ,ID,ID,,1/1/00 0:00,40.25,34.7184,7/8/23 10:44,1.8,Auction Ads,auction_relation
20230807,1773552657348610 ,TR,,,1/1/00 0:00,0.6213,0.2101,7/8/23 10:38,0.54,Non-Auction Ads,Promote
20230807,1773566347676710 ,GB,,,1/1/00 0:00,98.6137,12.9876,7/8/23 10:40,0.54,Non-Auction Ads,Promote
20230807,1773562992469090 ,AT,AT,,1/1/00 0:00,29.9168,15.0641,7/8/23 10:40,0.89,Auction Ads,auction_relation
20230807,1773562992469090 ,DE,DE,,1/1/00 0:00,29.9168,15.0641,7/8/23 10:40,1.01,Auction Ads,auction_relation
20230807,1773565255833640 ,ZA,ZA,,1/1/00 0:00,0.13,19.1807,7/8/23 10:41,1.4,Auction Ads,auction_relation
20230807,1773566281789440 ,GR,,,1/1/00 0:00,12.7528,1.8424,7/8/23 10:38,0.54,Non-Auction Ads,Promote
20230807,1773566567381000 ,TH,TH,,1/1/00 0:00,2.0734,3.0374,7/8/23 10:39,1.64,Auction Ads,auction_relation
20230807,1773566456528890 ,TR,TR,,1/1/00 0:00,1.21,0.0393,7/8/23 10:38,0.83,Auction Ads,auction_relation
20230807,1773566452306990 ,CH,CH,,1/1/00 0:00,,0.0393,7/8/23 10:38,0.93,Auction Ads,auction_relation
20230807,1773566456988690 ,CH,CH,,1/1/00 0:00,,0.0393,7/8/23 10:38,0.93,Auction Ads,auction_relation
20230807,1773566449606700 ,CH,CH,,1/1/00 0:00,,0.0393,7/8/23 10:38,0.93,Auction Ads,auction_relation
20230807,1773566475965440 ,GB,GB,,1/1/00 0:00,,0.0393,7/8/23 10:38,1.76,Auction Ads,auction_relation
20230807,1773566476575760 ,GB,GB,,1/1/00 0:00,,0.0393,7/8/23 10:38,1.76,Auction Ads,auction_relation
20230807,1773566467088410 ,TR,TR,,1/1/00 0:00,1.36,0.0393,7/8/23 10:38,0.83,Auction Ads,auction_relation
20230807,1773566164790270 ,IL,,,1/1/00 0:00,1.1684,0.2333,7/8/23 10:38,0.54,Non-Auction Ads,Promote
20230807,1773565745887290 ,US,USCA,,1/1/00 0:00,667.77,323.8616,7/8/23 11:28,1.78,Auction Ads,auction_relation
20230807,1773566601661490 ,MY,MY,,1/1/00 0:00,11.7017,5.1945,7/8/23 10:40,2.31,Auction Ads,auction_relation
20230807,1773565717669880 ,PH,,,1/1/00 0:00,0.3295,0.4806,7/8/23 10:39,0.54,Non-Auction Ads,Promote
20230807,1773566536798210 ,AE,MENA,,1/1/00 0:00,6.4033,5.0509,7/8/23 10:40,1.67,RIE,Ad Group Recall (Merged)
20230807,1773566400969730 ,BR,,,1/1/00 0:00,1.1922,0.2394,7/8/23 10:39,1.53,RIE,Promote Report Recall
20230807,1773562819847200 ,CA,USCA,,1/1/00 0:00,1.7,1.3229,7/8/23 10:39,1.78,Auction Ads,auction_relation
20230807,1773563040278540 ,HU,Other,,1/1/00 0:00,19.8543,16.4249,7/8/23 10:42,1.62,RIE,Ad Group Recall (Merged)
20230807,1773566463923200 ,VN,,,1/1/00 0:00,0.7063,1.5578,7/8/23 10:39,1.53,RIE,Promote Report Recall
20230807,1773566899919920 ,PH,PH,,1/1/00 0:00,1.72,1.0272,7/8/23 10:39,2.46,Auction Ads,auction_relation
20230807,1773566026148860 ,PH,,,1/1/00 0:00,1.5644,0.5164,7/8/23 10:39,0.54,Non-Auction Ads,Promote
20230807,1773566949492760 ,KH,KH,,1/1/00 0:00,3.7093,3.1553,7/8/23 10:40,1.5,Auction Ads,auction_relation
20230807,1773566426826770 ,PL,,,1/1/00 0:00,11.5531,4.0504,7/8/23 10:40,0.54,Non-Auction Ads,Promote
20230807,1773565315385340 ,ID,,,1/1/00 0:00,0.2791,0.1362,7/8/23 10:40,0.54,Non-Auction Ads,Promote
20230807,1773566402062340 ,PL,,,1/1/00 0:00,1.8924,0.1854,7/8/23 10:40,1.53,RIE,Promote Report Recall
20230807,1773566814699550 ,ID,ID,,1/1/00 0:00,31.6213,10.3016,7/8/23 10:41,1.8,Auction Ads,auction_relation
20230807,1773552876100610 ,TR,,,1/1/00 0:00,0.5743,0.2215,7/8/23 10:40,0.54,Non-Auction Ads,Promote
20230807,1773567339508770 ,PK,PK,,1/1/00 0:00,5.04,1.8537,7/8/23 10:40,1.36,Auction Ads,auction_relation
20230807,1773567339508770 ,PK,PK,,1/1/00 0:00,5.04,1.8537,7/8/23 10:40,1.36,Auction Ads,auction_relation
20230807,1773552907433980 ,TR,,,1/1/00 0:00,0.5289,0.2215,7/8/23 10:40,0.54,Non-Auction Ads,Promote
20230807,1773566637312010 ,US,US&CA,,1/1/00 0:00,4,2.8185,7/8/23 10:40,1.81,RIE,Ad Group Recall (Merged)
20230807,1773566632736800 ,US,USCA,,1/1/00 0:00,1.12,2.8185,7/8/23 10:40,1.78,Auction Ads,auction_relation
20230807,1773566637312010 ,US,USCA,,1/1/00 0:00,4,2.8185,7/8/23 10:40,1.78,Auction Ads,auction_relation
20230807,1773566632736800 ,US,US&CA,,1/1/00 0:00,1.12,2.8185,7/8/23 10:40,1.81,RIE,Ad Group Recall (Merged)
20230807,1773559784507390 ,TH,,,1/1/00 0:00,0.8801,0.2654,7/8/23 10:40,0.54,Non-Auction Ads,Promote
20230807,1773567897680920 ,GB,GB,,1/1/00 0:00,7.04,2.9446,7/8/23 10:40,1.76,Auction Ads,auction_relation
20230807,1773487575073790 ,SA,,,1/1/00 0:00,2.1379,0.9054,7/8/23 10:40,0.54,Non-Auction Ads,Promote
20230807,1773565894682620 ,PH,,,1/1/00 0:00,1.4786,0.1983,7/8/23 10:40,0.54,Non-Auction Ads,Promote
20230807,1773568022370300 ,ID,ID,,1/1/00 0:00,60.51,50.1824,7/8/23 10:50,1.8,Auction Ads,auction_relation
20230807,1773568022370300 ,ID,ID,,1/1/00 0:00,60.51,50.1824,7/8/23 10:50,1.8,Auction Ads,auction_relation
20230807,1773559698625530 ,TH,,,1/1/00 0:00,0.3756,0.3826,7/8/23 10:41,0.54,Non-Auction Ads,Promote
20230807,1773566598868000 ,BR,BR,,1/1/00 0:00,0.06,0.7788,7/8/23 10:41,1.7,RIE,Ad Group Recall (Merged)
20230807,1773566598861850 ,BR,BR,,1/1/00 0:00,,0.7788,7/8/23 10:41,1.7,RIE,Ad Group Recall (Merged)
20230807,1773566598868000 ,BR,BR,,1/1/00 0:00,0.06,0.7788,7/8/23 10:41,1.99,Auction Ads,auction_all
20230807,1773562112041980 ,MY,,,1/1/00 0:00,3.2139,1.0176,7/8/23 10:41,0.54,Non-Auction Ads,Promote
20230807,1773567412089900 ,MY,MY,,1/1/00 0:00,3.2323,0.6523,7/8/23 10:41,2.31,Auction Ads,auction_relation
20230807,1773559768552440 ,TH,,,1/1/00 0:00,0.3868,0.3525,7/8/23 10:41,0.54,Non-Auction Ads,Promote
20230807,1773567109502970 ,ID,ID,,1/1/00 0:00,2.3002,1.0704,7/8/23 10:42,1.8,Auction Ads,auction_relation
20230807,1773567806451720 ,BR,BR,,1/1/00 0:00,0.456,0.2054,7/8/23 10:41,1.99,Auction Ads,auction_all
20230807,1773567806451720 ,BR,BR,,1/1/00 0:00,0.456,0.2054,7/8/23 10:41,1.99,Auction Ads,auction_all
20230807,1773500462332930 ,VN,,,1/1/00 0:00,0.8597,0.8738,7/8/23 10:42,0.54,Non-Auction Ads,Promote
20230807,1773566813591690 ,MY,MY,,1/1/00 0:00,12.46,7.7746,7/8/23 10:44,2.31,Auction Ads,auction_relation
20230807,1773566070069250 ,PH,,,1/1/00 0:00,0.1685,0.1299,7/8/23 10:42,0.54,Non-Auction Ads,Promote
20230807,1773566757924910 ,PE,PE,,1/1/00 0:00,0.9221,1.5261,7/8/23 10:42,1.68,Auction Ads,auction_all
20230807,1773566688387070 ,IL,,,1/1/00 0:00,63.8822,4.3043,7/8/23 10:43,0.54,Non-Auction Ads,Promote
20230807,1773566466311170 ,TH,,,1/1/00 0:00,8.01,6.3257,7/8/23 10:43,1.53,RIE,Promote Report Recall
20230807,1773566813989920 ,MY,MY,,1/1/00 0:00,11.2011,5.1945,7/8/23 10:43,2.31,Auction Ads,auction_relation
20230807,1773567071069210 ,ZA,ZA,,1/1/00 0:00,,17.8311,7/8/23 10:47,1.4,Auction Ads,auction_relation
20230807,1773566426177620 ,TH,,,1/1/00 0:00,0.58,1.3325,7/8/23 10:43,1.53,RIE,Promote Report Recall
20230807,1773566693776400 ,SA,MENA,,1/1/00 0:00,1128.16,0,7/8/23 10:42,1.67,RIE,Ad Group Recall (Merged)
20230807,1773566753494010 ,AU,,,1/1/00 0:00,12.1029,7.6401,7/8/23 10:44,1.53,RIE,Promote Report Recall
20230807,1773567228921870 ,SA,MENA,,1/1/00 0:00,7.61,1.9942,7/8/23 10:43,1.78,Auction Ads,auction_relation
20230807,1773567228921870 ,SA,MENA,,1/1/00 0:00,7.61,1.9942,7/8/23 10:43,1.78,Auction Ads,auction_relation
20230807,1773566874652760 ,GB,GB,,1/1/00 0:00,4.47,2.9802,7/8/23 10:43,1.76,Auction Ads,auction_relation
20230807,1773559864292350 ,TH,,,1/1/00 0:00,0.5785,0,7/8/23 10:43,0.54,Non-Auction Ads,Promote
20230807,1773566494760960 ,KH,,,1/1/00 0:00,0.4918,0.6171,7/8/23 10:43,0.54,Non-Auction Ads,Promote
20230807,1773567085381630 ,ID,ID,,1/1/00 0:00,0,8.9156,7/8/23 10:45,1.8,Auction Ads,auction_relation
20230807,1773560907358240 ,GB,GB,,1/1/00 0:00,8.26,6.1736,7/8/23 10:45,1.76,Auction Ads,auction_relation
20230807,1773566740492290 ,BR,,,1/1/00 0:00,2.2448,2.2692,7/8/23 10:44,1.53,RIE,Promote Report Recall
20230807,1773554029025280 ,TR,,,1/1/00 0:00,0.5366,0.1553,7/8/23 10:43,0.54,Non-Auction Ads,Promote
20230807,1773563229113390 ,RO,RO,,1/1/00 0:00,0.6069,1.8199,7/8/23 10:44,1.94,Auction Ads,auction_relation
20230807,1773566721593340 ,SG,,,1/1/00 0:00,3.188,3.5436,7/8/23 10:44,1.53,RIE,Promote Report Recall
20230807,1773567567565850 ,US,USCA,,1/1/00 0:00,,68.8532,7/8/23 10:55,1.78,Auction Ads,auction_relation
20230807,1773563388603410 ,SA,MENA,,1/1/00 0:00,13.09,4.69,7/8/23 10:45,1.78,Auction Ads,auction_relation
20230807,1773500772231170 ,VN,,,1/1/00 0:00,0.6992,0.8337,7/8/23 10:44,0.54,Non-Auction Ads,Promote
20230807,1773567211981870 ,TH,TH,,1/1/00 0:00,0.6164,4.5783,7/8/23 10:45,1.64,Auction Ads,auction_relation
20230807,1773566027430910 ,BR,,,1/1/00 0:00,8.2918,2.1458,7/8/23 10:45,0.54,Non-Auction Ads,Promote
20230807,1773563141189640 ,GB,GB,,1/1/00 0:00,0.395,3.5777,7/8/23 10:45,1.76,Auction Ads,auction_relation
20230807,1773563130219520 ,GB,GB,,1/1/00 0:00,5.2013,3.5777,7/8/23 10:45,1.76,Auction Ads,auction_relation
20230807,1773567914273840 ,BR,BR,,1/1/00 0:00,6.72,76.9925,7/8/23 10:57,1.7,RIE,Ad Group Recall (Merged)
20230807,1773567914273840 ,BR,BR,,1/1/00 0:00,6.72,76.9925,7/8/23 10:57,1.99,Auction Ads,auction_all
20230807,1773566848466940 ,VN,,,1/1/00 0:00,7.7221,1.9918,7/8/23 10:46,1.53,RIE,Promote Report Recall
20230807,1773571037334540 ,AU,AU,,1/1/00 0:00,3.11,17.4947,7/8/23 10:48,1.84,Auction Ads,auction_relation
20230807,1773566871652350 ,VN,,,1/1/00 0:00,4.3701,5.6573,7/8/23 10:47,1.53,RIE,Promote Report Recall
20230807,1773567003135010 ,TH,TH,,1/1/00 0:00,13.26,2.639,7/8/23 10:46,1.64,Auction Ads,auction_relation
20230807,1773567003135010 ,KZ,KZ,,1/1/00 0:00,13.26,2.639,7/8/23 10:46,2,Auction Ads,auction_relation
20230807,1773488510096380 ,SA,,,1/1/00 0:00,3.2893,1.5997,7/8/23 10:46,0.54,Non-Auction Ads,Promote
20230807,1773563890399230 ,PH,,,1/1/00 0:00,0.7922,0.2477,7/8/23 10:46,0.54,Non-Auction Ads,Promote
20230807,1773566888181770 ,TH,TH,,1/1/00 0:00,19.6478,0,7/8/23 10:46,1.64,Auction Ads,auction_relation
20230807,1773563209591820 ,RO,RO,,1/1/00 0:00,2.8752,2.7785,7/8/23 10:46,1.94,Auction Ads,auction_relation
20230807,1773569611377660 ,MY,MY,,1/1/00 0:00,4.632,1.7609,7/8/23 10:46,2.31,Auction Ads,auction_relation
20230807,1773567164938250 ,PK,PK,,1/1/00 0:00,,2.5,7/8/23 10:47,1.36,Auction Ads,auction_relation
20230807,1773567179211800 ,PK,PK,,1/1/00 0:00,2.34,0.3682,7/8/23 10:46,1.36,Auction Ads,auction_relation
20230807,1773563372394490 ,US,USCA,,1/1/00 0:00,,15.9061,7/8/23 10:48,1.78,Auction Ads,auction_relation
20230807,1773563358752780 ,US,USCA,,1/1/00 0:00,32.92,15.9061,7/8/23 10:48,1.78,Auction Ads,auction_relation
20230807,1773563372363790 ,US,USCA,,1/1/00 0:00,,15.9061,7/8/23 10:48,1.78,Auction Ads,auction_relation
20230807,1773578357657640 ,RO,RO,,1/1/00 0:00,17.42,9.7843,7/8/23 10:47,1.94,Auction Ads,auction_relation
20230807,1773578357657640 ,IE,IE,,1/1/00 0:00,17.42,9.7843,7/8/23 10:47,1.52,Auction Ads,auction_relation
20230807,1773578357657640 ,DE,DE,,1/1/00 0:00,17.42,9.7843,7/8/23 10:47,1.01,Auction Ads,auction_relation
20230807,1773578357657640 ,NL,NL,,1/1/00 0:00,17.42,9.7843,7/8/23 10:47,1.19,Auction Ads,auction_relation
20230807,1773578357657640 ,TR,TR,,1/1/00 0:00,17.42,9.7843,7/8/23 10:47,0.83,Auction Ads,auction_relation
20230807,1773578357657640 ,CH,CH,,1/1/00 0:00,17.42,9.7843,7/8/23 10:47,0.93,Auction Ads,auction_relation
20230807,1773578357657640 ,CZ,CZ,,1/1/00 0:00,17.42,9.7843,7/8/23 10:47,1.9,Auction Ads,auction_relation
20230807,1773578357657640 ,AT,AT,,1/1/00 0:00,17.42,9.7843,7/8/23 10:47,0.89,Auction Ads,auction_relation
20230807,1773578357657640 ,FI,Others,,1/1/00 0:00,17.42,9.7843,7/8/23 10:47,1.56,Auction Ads,auction_all
20230807,1773578357657640 ,NO,Others,,1/1/00 0:00,17.42,9.7843,7/8/23 10:47,1.56,Auction Ads,auction_all
20230807,1773578357657640 ,SE,SE,,1/1/00 0:00,17.42,9.7843,7/8/23 10:47,1.4,Auction Ads,auction_relation
20230807,1773578357657640 ,PL,PL,,1/1/00 0:00,17.42,9.7843,7/8/23 10:47,1.64,Auction Ads,auction_relation
20230807,1773578357657640 ,IT,IT,,1/1/00 0:00,17.42,9.7843,7/8/23 10:47,1.36,Auction Ads,auction_relation
20230807,1773578357657640 ,GR,GR,,1/1/00 0:00,17.42,9.7843,7/8/23 10:47,2.11,Auction Ads,auction_relation
20230807,1773578357657640 ,DK,DK,,1/1/00 0:00,17.42,9.7843,7/8/23 10:47,1.31,Auction Ads,auction_relation
20230807,1773578357657640 ,BE,BE,,1/1/00 0:00,17.42,9.7843,7/8/23 10:47,1.15,Auction Ads,auction_relation
20230807,1773500652438520 ,VN,,,1/1/00 0:00,2.5171,0.3874,7/8/23 10:47,0.54,Non-Auction Ads,Promote
20230807,1773566850892800 ,TH,,,1/1/00 0:00,3.63,1.5909,7/8/23 10:47,1.53,RIE,Promote Report Recall
20230807,1773567033795630 ,PH,PH,,1/1/00 0:00,1.36,1.0272,7/8/23 10:47,2.46,Auction Ads,auction_relation
20230807,1773559992978430 ,TH,,,1/1/00 0:00,0.7503,0.5287,7/8/23 10:47,0.54,Non-Auction Ads,Promote
20230807,1773563550656540 ,GB,GB,,1/1/00 0:00,12.33,24.1105,7/8/23 10:50,1.76,Auction Ads,auction_relation
20230807,1773563306479610 ,MY,,,1/1/00 0:00,0.5118,0.6862,7/8/23 10:47,0.54,Non-Auction Ads,Promote
20230807,1773570415054840 ,US,USCA,,1/1/00 0:00,,68.8532,7/8/23 10:58,1.78,Auction Ads,auction_relation
20230807,1773567405278250 ,CA,USCA,,1/1/00 0:00,60.75,25.0273,7/8/23 10:51,1.78,Auction Ads,auction_relation
20230807,1773567405278250 ,US,USCA,,1/1/00 0:00,60.75,25.0273,7/8/23 10:51,1.78,Auction Ads,auction_relation
20230807,1773560000200700 ,TH,,,1/1/00 0:00,0.6213,0,7/8/23 10:47,0.54,Non-Auction Ads,Promote
20230807,1773563738004510 ,GB,GB,,1/1/00 0:00,4.3471,3.5777,7/8/23 10:48,1.76,Auction Ads,auction_relation
20230807,1773566912113660 ,ID,,,1/1/00 0:00,0.4191,0.2758,7/8/23 10:48,1.53,RIE,Promote Report Recall
20230807,1773566259275770 ,BR,BR,,1/1/00 0:00,18.2849,3.2301,7/8/23 10:49,1.99,Auction Ads,auction_all
20230807,1773563349494830 ,HU,Others,,1/1/00 0:00,8.5682,2.0384,7/8/23 10:48,1.56,Auction Ads,auction_all
20230807,1773560039393280 ,TH,,,1/1/00 0:00,0.7964,0.5287,7/8/23 10:48,0.54,Non-Auction Ads,Promote
20230807,1773567006269440 ,IL,,,1/1/00 0:00,37.2365,0.4669,7/8/23 10:48,0.54,Non-Auction Ads,Promote
20230807,1773563322779690 ,GB,GB,,1/1/00 0:00,3.86,2.9197,7/8/23 10:49,1.76,Auction Ads,auction_relation
20230807,1773563324652560 ,GB,GB,,1/1/00 0:00,4.22,2.9197,7/8/23 10:49,1.76,Auction Ads,auction_relation
20230807,1773501176822780 ,VN,,,1/1/00 0:00,0.6925,0.4437,7/8/23 10:48,0.54,Non-Auction Ads,Promote
20230807,1773567001831420 ,RO,,,1/1/00 0:00,22.7627,5.5238,7/8/23 10:49,0.54,Non-Auction Ads,Promote
20230807,1773567135676440 ,KZ,KZ,,1/1/00 0:00,7.2728,2.1262,7/8/23 10:49,2,Auction Ads,auction_relation
20230807,1773494554166270 ,AE,,,1/1/00 0:00,5.8752,1.8989,7/8/23 10:49,0.54,Non-Auction Ads,Promote
20230807,1773565375380480 ,FR,,,1/1/00 0:00,1.6398,2.3493,7/8/23 10:49,0.54,Non-Auction Ads,Promote
20230807,1773567501713450 ,SA,MENA,,1/1/00 0:00,0.67,8.7805,7/8/23 10:50,1.67,RIE,Ad Group Recall (Merged)
20230807,1773554822919170 ,TR,,,1/1/00 0:00,0.1817,0.2195,7/8/23 10:49,0.54,Non-Auction Ads,Promote
20230807,1773566160762910 ,BR,,,1/1/00 0:00,2.3596,0.5898,7/8/23 10:49,0.54,Non-Auction Ads,Promote
20230807,1773568045873180 ,PK,PK,,1/1/00 0:00,,0.2589,7/8/23 10:49,1.36,Auction Ads,auction_relation
20230807,1773567484955650 ,PH,PH,,1/1/00 0:00,13.46,8.3603,7/8/23 10:50,2.46,Auction Ads,auction_relation
20230807,1773567484955650 ,EG,MENA,,1/1/00 0:00,13.46,8.3603,7/8/23 10:50,1.78,Auction Ads,auction_relation
20230807,1773567484955650 ,EG,MENA,,1/1/00 0:00,13.46,8.3603,7/8/23 10:50,1.78,Auction Ads,auction_relation
20230807,1773566967491580 ,ID,,,1/1/00 0:00,1.5773,0.6275,7/8/23 10:49,1.53,RIE,Promote Report Recall
20230807,1773501161271290 ,VN,,,1/1/00 0:00,0.3208,0.3253,7/8/23 10:49,0.54,Non-Auction Ads,Promote
20230807,1773582175984670 ,US,USCA,,1/1/00 0:00,,0.0836,7/8/23 10:49,1.78,Auction Ads,auction_relation
20230807,1773565914190850 ,ID,,,1/1/00 0:00,0.3426,0.3455,7/8/23 10:49,0.54,Non-Auction Ads,Promote
20230807,1773501263605760 ,VN,,,1/1/00 0:00,0.5855,0.132,7/8/23 10:49,0.54,Non-Auction Ads,Promote
20230807,1773488516037630 ,SA,,,1/1/00 0:00,1.994,0.9054,7/8/23 10:50,0.54,Non-Auction Ads,Promote
20230807,1773544890764320 ,MY,MY,,1/1/00 0:00,5.4533,8.9871,7/8/23 10:51,2.31,Auction Ads,auction_relation
20230807,1773544890764320 ,MY,MY,,1/1/00 0:00,5.4533,8.9871,7/8/23 10:51,2.31,Auction Ads,auction_relation
20230807,1773567999377410 ,IQ,Others,,1/1/00 0:00,8.41,4.8541,7/8/23 10:50,1.56,Auction Ads,auction_all
20230807,1773567190155310 ,MY,MY,,1/1/00 0:00,11.3041,5.1945,7/8/23 10:51,2.31,Auction Ads,auction_relation
20230807,1773555142925310 ,TR,,,1/1/00 0:00,1.0565,0.235,7/8/23 10:50,0.54,Non-Auction Ads,Promote
20230807,1773481658027000 ,SA,,,1/1/00 0:00,2.439,0.7998,7/8/23 10:50,0.54,Non-Auction Ads,Promote
20230807,1773567272401930 ,TH,TH,,1/1/00 0:00,3.2269,2.8617,7/8/23 10:51,1.64,Auction Ads,auction_relation
20230807,1773567272401930 ,TH,TH,,1/1/00 0:00,3.2269,2.8617,7/8/23 10:51,1.64,Auction Ads,auction_relation
20230807,1773567047750660 ,BR,,,1/1/00 0:00,2.7002,0.1434,7/8/23 10:50,0.54,Non-Auction Ads,Promote
20230807,1773566280138750 ,ID,,,1/1/00 0:00,0.9188,0.2344,7/8/23 10:50,0.54,Non-Auction Ads,Promote
20230807,1773567336202240 ,ID,ID,,1/1/00 0:00,18.9418,6.2589,7/8/23 10:51,1.8,Auction Ads,auction_relation
20230807,1773494793460770 ,AE,,,1/1/00 0:00,0.45,0.9318,7/8/23 10:51,0.54,Non-Auction Ads,Promote
20230807,1773567336705050 ,US,USCA,,1/1/00 0:00,0.43,0.48,7/8/23 10:51,1.78,Auction Ads,auction_relation
20230807,1773567195410460 ,US,USCA,,1/1/00 0:00,0.2,0.48,7/8/23 10:51,1.78,Auction Ads,auction_relation
20230807,1773567415808030 ,ID,ID,,1/1/00 0:00,24.22,20.3766,7/8/23 10:55,1.8,Auction Ads,auction_relation
20230807,1773567415808030 ,ID,ID,,1/1/00 0:00,24.22,20.3766,7/8/23 10:55,1.8,Auction Ads,auction_relation
20230807,1773567412100140 ,BR,BR,,1/1/00 0:00,60,20.3766,7/8/23 10:55,1.7,RIE,Ad Group Recall (Merged)
20230807,1773567412100140 ,BR,BR,,1/1/00 0:00,60,20.3766,7/8/23 10:55,1.99,Auction Ads,auction_all
20230807,1773566135336960 ,ID,,,1/1/00 0:00,0.3924,0.9835,7/8/23 10:51,0.54,Non-Auction Ads,Promote
20230807,1773565763648510 ,ID,,,1/1/00 0:00,0.3405,0.282,7/8/23 10:51,0.54,Non-Auction Ads,Promote
20230807,1773495961096190 ,AE,,,1/1/00 0:00,3.1636,4.2714,7/8/23 10:52,0.54,Non-Auction Ads,Promote
20230807,1773563603204160 ,CA,US&CA,,1/1/00 0:00,17.34,6.9654,7/8/23 10:52,1.81,RIE,Ad Group Recall (Merged)
20230807,1773563603204160 ,IE,Other,,1/1/00 0:00,17.34,6.9654,7/8/23 10:52,1.62,RIE,Ad Group Recall (Merged)
20230807,1773563603204160 ,CA,US&CA,,1/1/00 0:00,17.34,6.9654,7/8/23 10:52,1.81,RIE,Ad Group Recall (Merged)
20230807,1773566596301820 ,PH,,,1/1/00 0:00,0.1747,0.1427,7/8/23 10:51,0.54,Non-Auction Ads,Promote
20230807,1773567367331850 ,BR,BR,,1/1/00 0:00,1.4748,1.0368,7/8/23 10:52,1.99,Auction Ads,auction_all
20230807,1773567392344060 ,BR,BR,,1/1/00 0:00,2.3158,1.0368,7/8/23 10:52,1.99,Auction Ads,auction_all
20230807,1773567358456840 ,BR,BR,,1/1/00 0:00,1.9252,1.0368,7/8/23 10:52,1.99,Auction Ads,auction_all
20230807,1773566554957820 ,ID,,,1/1/00 0:00,0.5828,0.5905,7/8/23 10:52,0.54,Non-Auction Ads,Promote
20230807,1773566630160380 ,ID,,,1/1/00 0:00,0.4212,0.2065,7/8/23 10:52,0.54,Non-Auction Ads,Promote
20230807,1773567285300220 ,VN,,,1/1/00 0:00,2.573,6.08,7/8/23 10:52,1.53,RIE,Promote Report Recall
20230807,1773567556358140 ,RO,,,1/1/00 0:00,55.1703,37.4726,7/8/23 10:59,0.54,Non-Auction Ads,Promote
20230807,1773566407983100 ,ID,,,1/1/00 0:00,0.3301,0.4612,7/8/23 10:52,0.54,Non-Auction Ads,Promote
20230807,1773566578736210 ,BR,,,1/1/00 0:00,3.326,0.5113,7/8/23 10:52,0.54,Non-Auction Ads,Promote
20230807,1773566578736210 ,BR,,,1/1/00 0:00,3.326,0.5113,7/8/23 10:52,0.54,Non-Auction Ads,Promote
20230807,1773563689975840 ,GB,GB,,1/1/00 0:00,0.79,2.5196,7/8/23 10:52,1.72,RIE,Ad Group Recall (Merged)
20230807,1773563703597090 ,GB,GB,,1/1/00 0:00,1.08,2.5196,7/8/23 10:52,1.72,RIE,Ad Group Recall (Merged)
20230807,1773567699380220 ,BR,BR,,1/1/00 0:00,7.1252,5.3691,7/8/23 10:53,1.99,Auction Ads,auction_all
20230807,1773567467389970 ,ID,ID,,1/1/00 0:00,16.7589,6.2589,7/8/23 10:54,1.8,Auction Ads,auction_relation
20230807,1773567038162940 ,PH,,,1/1/00 0:00,0.121,0.1121,7/8/23 10:52,0.54,Non-Auction Ads,Promote
20230807,1773566144994300 ,ID,,,1/1/00 0:00,0.3242,0.8886,7/8/23 10:52,0.54,Non-Auction Ads,Promote
20230807,1773563542328320 ,US,US&CA,,1/1/00 0:00,18.96,1.0379,7/8/23 10:53,1.81,RIE,Ad Group Recall (Merged)
20230807,1773568179144750 ,TH,TH,,1/1/00 0:00,1.6709,12.9115,7/8/23 10:55,1.64,Auction Ads,auction_relation
20230807,1773563086315570 ,US,USCA,,1/1/00 0:00,2.43,3.0606,7/8/23 10:53,1.78,Auction Ads,auction_relation
20230807,1773566816982010 ,ID,,,1/1/00 0:00,0.8154,0.932,7/8/23 10:53,0.54,Non-Auction Ads,Promote
20230807,1773501550593020 ,VN,,,1/1/00 0:00,2.2695,0.444,7/8/23 10:53,0.54,Non-Auction Ads,Promote
20230807,1773568508809210 ,BR,BR,,1/1/00 0:00,34.604,128.5039,7/8/23 11:11,1.99,Auction Ads,auction_all
20230807,1773567002472440 ,ID,,,1/1/00 0:00,0.4774,0.1232,7/8/23 10:53,1.53,RIE,Promote Report Recall
20230807,1773564762882080 ,US,US&CA,,1/1/00 0:00,5.56,3.265,7/8/23 10:54,1.81,RIE,Ad Group Recall (Merged)
20230807,1773567404732460 ,ID,ID,,1/1/00 0:00,0.0023,0.1556,7/8/23 10:53,1.8,Auction Ads,auction_relation
20230807,1773565750588420 ,FR,,,1/1/00 0:00,4.511,0,7/8/23 10:53,0.54,Non-Auction Ads,Promote
20230807,1773559970749500 ,TH,,,1/1/00 0:00,0.5824,0.6398,7/8/23 10:54,0.54,Non-Auction Ads,Promote
20230807,1773567316558850 ,ID,,,1/1/00 0:00,13.9028,1.2314,7/8/23 10:54,0.54,Non-Auction Ads,Promote
20230807,1773563822700600 ,MY,,,1/1/00 0:00,0.5773,0.3408,7/8/23 10:54,0.54,Non-Auction Ads,Promote
20230807,1773563877449720 ,MY,,,1/1/00 0:00,0.3558,0.4151,7/8/23 10:54,0.54,Non-Auction Ads,Promote
20230807,1773564529025040 ,HU,,,1/1/00 0:00,1.544,1.2169,7/8/23 10:54,0.54,Non-Auction Ads,Promote
20230807,1773567281753090 ,ID,,,1/1/00 0:00,0.6059,0.5905,7/8/23 10:54,0.54,Non-Auction Ads,Promote
20230807,1773567104192510 ,PH,,,1/1/00 0:00,0.3392,0.5256,7/8/23 10:54,0.54,Non-Auction Ads,Promote
20230807,1773568530183210 ,SA,MENA,,1/1/00 0:00,2.1405,3.4467,7/8/23 10:55,1.78,Auction Ads,auction_relation
20230807,1773579968660480 ,AU,AU,,1/1/00 0:00,2.05,38.7016,7/8/23 11:00,1.84,Auction Ads,auction_relation
20230807,1773567670209530 ,FR,FR,,1/1/00 0:00,3.69,2.4417,7/8/23 10:55,1.97,Auction Ads,auction_relation
20230807,1773567670209530 ,DE,DE,,1/1/00 0:00,3.69,2.4417,7/8/23 10:55,1.01,Auction Ads,auction_relation
20230807,1773563894380590 ,ZA,ZA,,1/1/00 0:00,8.67,13.6537,7/8/23 10:57,1.4,Auction Ads,auction_relation
20230807,1773560048862200 ,TH,,,1/1/00 0:00,4.15,1.2584,7/8/23 10:55,0.54,Non-Auction Ads,Promote
20230807,1773564088087600 ,DE,DE,,1/1/00 0:00,11.72,24.1105,7/8/23 10:59,1.01,Auction Ads,auction_relation
20230807,1773567998201890 ,IE,IE,,1/1/00 0:00,60.31,17.672,7/8/23 10:58,1.52,Auction Ads,auction_relation
20230807,1773567998201890 ,GB,GB,,1/1/00 0:00,60.31,17.672,7/8/23 10:58,1.76,Auction Ads,auction_relation
20230807,1773567722559500 ,PK,PK,,1/1/00 0:00,,1.8537,7/8/23 10:55,1.36,Auction Ads,auction_relation
20230807,1773501969805370 ,VN,,,1/1/00 0:00,0.307,0.4083,7/8/23 10:55,0.54,Non-Auction Ads,Promote
20230807,1773567331786750 ,PH,,,1/1/00 0:00,7.3419,10.4663,7/8/23 10:57,0.54,Non-Auction Ads,Promote
20230807,1773567419807780 ,TH,,,1/1/00 0:00,3.23,7.5763,7/8/23 10:56,1.53,RIE,Promote Report Recall
20230807,1773555260511230 ,TR,,,1/1/00 0:00,1.6525,0.4921,7/8/23 10:55,0.54,Non-Auction Ads,Promote
20230807,1773567403764740 ,RO,,,1/1/00 0:00,38.6526,7.2036,7/8/23 10:56,0.54,Non-Auction Ads,Promote
20230807,1773567660048430 ,MY,MY,,1/1/00 0:00,11.122,5.1945,7/8/23 10:56,2.31,Auction Ads,auction_relation
20230807,1773556226536480 ,US,US&CA,,1/1/00 0:00,144.96,33.5035,7/8/23 11:00,1.81,RIE,Ad Group Recall (Merged)
20230807,1773556470823980 ,DK,DK,,1/1/00 0:00,0.61,1.4596,7/8/23 10:55,1.31,Auction Ads,auction_relation
20230807,1773556470823980 ,AT,AT,,1/1/00 0:00,0.61,1.4596,7/8/23 10:55,0.89,Auction Ads,auction_relation
20230807,1773556470823980 ,FI,Others,,1/1/00 0:00,0.61,1.4596,7/8/23 10:55,1.56,Auction Ads,auction_all
20230807,1773556470823980 ,DE,DE,,1/1/00 0:00,0.61,1.4596,7/8/23 10:55,1.01,Auction Ads,auction_relation
20230807,1773556470823980 ,IT,IT,,1/1/00 0:00,0.61,1.4596,7/8/23 10:55,1.36,Auction Ads,auction_relation
20230807,1773563858962480 ,AE,MENA,,1/1/00 0:00,0.8141,3.1405,7/8/23 10:56,1.78,Auction Ads,auction_relation
20230807,1773563921994760 ,US,US&CA,,1/1/00 0:00,30.06,7.9171,7/8/23 10:57,1.81,RIE,Ad Group Recall (Merged)
20230807,1773567518811140 ,IT,,,1/1/00 0:00,44.1008,10.4265,7/8/23 10:57,0.54,Non-Auction Ads,Promote
20230807,1773567523155000 ,MY,MY,,1/1/00 0:00,9.6178,1.1858,7/8/23 10:56,2.31,Auction Ads,auction_relation
20230807,1773567140432890 ,ID,,,1/1/00 0:00,0.0357,0.3949,7/8/23 10:55,0.54,Non-Auction Ads,Promote
20230807,1773567421081600 ,US,,,1/1/00 0:00,3.04,1.7386,7/8/23 10:56,1.53,RIE,Promote Report Recall
20230807,1773566061820930 ,FR,,,1/1/00 0:00,18.7383,2.886,7/8/23 10:56,1.53,RIE,Promote Report Recall
20230807,1773566061820930 ,FR,,,1/1/00 0:00,18.7383,2.886,7/8/23 10:56,0.54,Non-Auction Ads,Promote
20230807,1773567329602560 ,PH,,,1/1/00 0:00,0.6995,0.3404,7/8/23 10:56,0.54,Non-Auction Ads,Promote
20230807,1773566005270530 ,ID,,,1/1/00 0:00,0.2832,0.2625,7/8/23 10:56,0.54,Non-Auction Ads,Promote
20230807,1773489367488510 ,SA,,,1/1/00 0:00,1.9595,1.0591,7/8/23 10:56,0.54,Non-Auction Ads,Promote
20230807,1773564059557930 ,GB,GB,,1/1/00 0:00,0.0635,3.5777,7/8/23 10:57,1.76,Auction Ads,auction_relation
20230807,1773568089162750 ,FR,FR,,1/1/00 0:00,,0.9373,7/8/23 10:57,1.97,Auction Ads,auction_relation
20230807,1773566092913660 ,FR,,,1/1/00 0:00,15.3824,2.886,7/8/23 10:57,0.54,Non-Auction Ads,Promote
20230807,1773563987469310 ,PL,PL,,1/1/00 0:00,13.8638,5.3316,7/8/23 10:57,1.64,Auction Ads,auction_relation
20230807,1773565614746660 ,GR,,,1/1/00 0:00,1.243,0.3445,7/8/23 10:57,0.54,Non-Auction Ads,Promote
20230807,1773565596944380 ,TH,,,1/1/00 0:00,6.85,1.4607,7/8/23 10:57,1.53,RIE,Promote Report Recall
20230807,1773567551769600 ,TH,,,1/1/00 0:00,12.09,1.7997,7/8/23 10:58,1.53,RIE,Promote Report Recall
20230807,1773566141398050 ,FR,,,1/1/00 0:00,9.7817,2.886,7/8/23 10:58,0.54,Non-Auction Ads,Promote
20230807,1773566083644410 ,ID,,,1/1/00 0:00,0.4269,0.3952,7/8/23 10:57,0.54,Non-Auction Ads,Promote
20230807,1773564495747100 ,HU,Other,,1/1/00 0:00,2.2765,6.8409,7/8/23 10:59,1.62,RIE,Ad Group Recall (Merged)
20230807,1773567763971120 ,TH,TH,,1/1/00 0:00,0.65,0.3555,7/8/23 10:58,1.64,Auction Ads,auction_relation
20230807,1773567210688510 ,KH,,,1/1/00 0:00,0.0157,0.0723,7/8/23 10:58,0.54,Non-Auction Ads,Promote
20230807,1773560282273790 ,TH,,,1/1/00 0:00,0.2957,0.2415,7/8/23 10:58,0.54,Non-Auction Ads,Promote
20230807,1773566377853950 ,ID,,,1/1/00 0:00,0.4583,0.267,7/8/23 10:58,0.54,Non-Auction Ads,Promote
20230807,1773563928937490 ,AE,MENA,,1/1/00 0:00,1.0231,3.1405,7/8/23 10:59,1.78,Auction Ads,auction_relation
20230807,1773563932285950 ,AE,MENA,,1/1/00 0:00,0.9131,3.1405,7/8/23 10:59,1.78,Auction Ads,auction_relation
20230807,1773563932285950 ,AE,MENA,,1/1/00 0:00,0.9131,3.1405,7/8/23 10:59,1.78,Auction Ads,auction_relation
20230807,1773564019252250 ,US,USCA,,1/1/00 0:00,0.21,0.7396,7/8/23 10:59,1.78,Auction Ads,auction_relation
20230807,1773564017330200 ,US,USCA,,1/1/00 0:00,0.18,0.7396,7/8/23 10:59,1.78,Auction Ads,auction_relation
20230807,1773564023744540 ,US,USCA,,1/1/00 0:00,0.19,0.7396,7/8/23 10:59,1.78,Auction Ads,auction_relation
20230807,1773568402657320 ,GB,GB,,1/1/00 0:00,1.44,2.632,7/8/23 10:59,1.76,Auction Ads,auction_relation
20230807,1773568402657320 ,GB,GB,,1/1/00 0:00,1.44,2.632,7/8/23 10:59,1.76,Auction Ads,auction_relation
20230807,1773564211754030 ,CA,US&CA,,1/1/00 0:00,1.68,2.5196,7/8/23 10:59,1.81,RIE,Ad Group Recall (Merged)
20230807,1773567026254850 ,BR,,,1/1/00 0:00,8.9874,2.5371,7/8/23 10:59,0.54,Non-Auction Ads,Promote
20230807,1773564369871920 ,HU,Other,,1/1/00 0:00,13.5,37.93,7/8/23 11:02,1.62,RIE,Ad Group Recall (Merged)
20230807,1773564369871920 ,CZ,Other,,1/1/00 0:00,13.5,37.93,7/8/23 11:02,1.62,RIE,Ad Group Recall (Merged)
20230807,1773564369871920 ,NO,Others,,1/1/00 0:00,13.5,37.93,7/8/23 11:02,1.56,Auction Ads,auction_all
20230807,1773488966112250 ,SA,,,1/1/00 0:00,8.639,3.4387,7/8/23 10:59,0.54,Non-Auction Ads,Promote
20230807,1773564444758060 ,DE,DE,,1/1/00 0:00,34.0755,3.8245,7/8/23 10:59,1.6,RIE,Ad Group Recall (Merged)
20230807,1773567853446160 ,TW,TW,,1/1/00 0:00,,22.0521,7/8/23 11:00,0.95,Auction Ads,auction_relation
20230807,1773567646523390 ,ID,,,1/1/00 0:00,0.7614,0.3512,7/8/23 10:59,1.53,RIE,Promote Report Recall
20230807,1773502952284160 ,VN,,,1/1/00 0:00,0.7369,0.6868,7/8/23 10:59,0.54,Non-Auction Ads,Promote
20230807,1773564248164350 ,PL,,,1/1/00 0:00,1.8263,1.4627,7/8/23 10:59,0.54,Non-Auction Ads,Promote
20230807,1773567237899260 ,KH,,,1/1/00 0:00,0.4408,0.1127,7/8/23 10:59,0.54,Non-Auction Ads,Promote
20230807,1773565428934700 ,RO,RO,,1/1/00 0:00,119.2174,60.043,7/8/23 11:07,1.94,Auction Ads,auction_relation
20230807,1773565664352280 ,US,USCA,,1/1/00 0:00,3.43,6.3706,7/8/23 11:00,1.78,Auction Ads,auction_relation
20230807,1773550162893840 ,US,USCA,,1/1/00 0:00,11.48,5.7377,7/8/23 11:00,1.78,Auction Ads,auction_relation
20230807,1773550417719310 ,US,USCA,,1/1/00 0:00,13.03,5.7377,7/8/23 11:00,1.78,Auction Ads,auction_relation
20230807,1773557232432120 ,US,USCA,,1/1/00 0:00,,4.9286,7/8/23 11:00,1.78,Auction Ads,auction_relation
20230807,1773568051646480 ,BR,BR,,1/1/00 0:00,71.67,45.746,7/8/23 11:05,1.99,Auction Ads,auction_all
20230807,1773559710315570 ,US,US&CA,,1/1/00 0:00,21.88,4.7467,7/8/23 11:00,1.81,RIE,Ad Group Recall (Merged)
20230807,1773523092297770 ,US,US&CA,,1/1/00 0:00,,3.9256,7/8/23 11:00,1.81,RIE,Ad Group Recall (Merged)
20230807,1773557425891370 ,US,USCA,,1/1/00 0:00,6.64,2.8185,7/8/23 11:00,1.78,Auction Ads,auction_relation
20230807,1773557781253150 ,US,USCA,,1/1/00 0:00,5.36,2.8185,7/8/23 11:00,1.78,Auction Ads,auction_relation
20230807,1773557781288970 ,US,USCA,,1/1/00 0:00,6.26,2.8185,7/8/23 11:00,1.78,Auction Ads,auction_relation
20230807,1773577324810270 ,CA,USCA,,1/1/00 0:00,6.27,1.8337,7/8/23 11:00,1.78,Auction Ads,auction_relation
20230807,1773577324810270 ,US,USCA,,1/1/00 0:00,6.27,1.8337,7/8/23 11:00,1.78,Auction Ads,auction_relation
20230807,1773538851391530 ,TH,TH,,1/1/00 0:00,9.4247,3.8881,7/8/23 11:00,1.64,Auction Ads,auction_relation
20230807,1772931230967840 ,SE,Other,,1/1/00 0:00,87.9525,1.5681,7/8/23 11:00,1.62,RIE,Ad Group Recall (Merged)
20230807,1773556321461290 ,TH,TH,,1/1/00 0:00,5.1587,1.093,7/8/23 11:00,1.64,Auction Ads,auction_relation
20230807,1773556207417390 ,TH,TH,,1/1/00 0:00,3.3077,1.0474,7/8/23 11:00,1.64,Auction Ads,auction_relation
20230807,1773558045514800 ,CA,US&CA,,1/1/00 0:00,2.57,2.5196,7/8/23 11:00,1.81,RIE,Ad Group Recall (Merged)
20230807,1773558064865290 ,CA,US&CA,,1/1/00 0:00,1.73,2.5196,7/8/23 11:00,1.81,RIE,Ad Group Recall (Merged)
20230807,1773558045526010 ,CA,US&CA,,1/1/00 0:00,2.47,2.5196,7/8/23 11:00,1.81,RIE,Ad Group Recall (Merged)
20230807,1773549342057520 ,EC,Others,,1/1/00 0:00,2.66,1.2293,7/8/23 11:00,1.56,Auction Ads,auction_all
20230807,1773559459703840 ,PE,PE,,1/1/00 0:00,3.0449,0,7/8/23 11:00,1.68,Auction Ads,auction_all
20230807,1773557261647890 ,GB,GB,,1/1/00 0:00,1.48,2.5196,7/8/23 11:00,1.72,RIE,Ad Group Recall (Merged)
20230807,1773564410299390 ,PL,,,1/1/00 0:00,1.7164,1.4627,7/8/23 11:00,0.54,Non-Auction Ads,Promote
20230807,1773563868344320 ,ID,,,1/1/00 0:00,0.5453,0.5903,7/8/23 11:00,0.54,Non-Auction Ads,Promote
20230807,1773567602107390 ,PH,,,1/1/00 0:00,0.3832,0.112,7/8/23 11:00,0.54,Non-Auction Ads,Promote
20230807,1773560026394670 ,GB,GB,,1/1/00 0:00,2.52,2.5196,7/8/23 11:00,1.72,RIE,Ad Group Recall (Merged)
20230807,1773560029204490 ,GB,GB,,1/1/00 0:00,2.55,2.5196,7/8/23 11:00,1.72,RIE,Ad Group Recall (Merged)
20230807,1773560029204490 ,GB,GB,,1/1/00 0:00,2.55,2.5196,7/8/23 11:00,1.76,Auction Ads,auction_relation
20230807,1773560026394670 ,GB,GB,,1/1/00 0:00,2.52,2.5196,7/8/23 11:00,1.76,Auction Ads,auction_relation
20230807,1773565121233950 ,NL,NL,,1/1/00 0:00,,144.5999,7/8/23 11:18,1.19,Auction Ads,auction_relation
20230807,1773565121233950 ,BE,BE,,1/1/00 0:00,,144.5999,7/8/23 11:18,1.15,Auction Ads,auction_relation
20230807,1773565121233950 ,IT,IT,,1/1/00 0:00,,144.5999,7/8/23 11:18,1.36,Auction Ads,auction_relation
20230807,1773565121233950 ,ES,ES,,1/1/00 0:00,,144.5999,7/8/23 11:18,1.37,Auction Ads,auction_relation
20230807,1773560451629100 ,CA,US&CA,,1/1/00 0:00,1.46,2.5196,7/8/23 11:00,1.81,RIE,Ad Group Recall (Merged)
20230807,1773560493896750 ,CA,US&CA,,1/1/00 0:00,2.41,2.5196,7/8/23 11:00,1.81,RIE,Ad Group Recall (Merged)
20230807,1773560493896750 ,CA,US&CA,,1/1/00 0:00,2.41,2.5196,7/8/23 11:00,1.81,RIE,Ad Group Recall (Merged)
20230807,1773535059204120 ,EC,Others,,1/1/00 0:00,11.8395,5.412,7/8/23 11:00,1.56,Auction Ads,auction_all
20230807,1773568595513390 ,PH,PH,,1/1/00 0:00,11.95,71.9255,7/8/23 11:10,2.46,Auction Ads,auction_relation
20230807,1773556395334690 ,ID,ID,,1/1/00 0:00,5.9539,0.6106,7/8/23 11:00,1.8,Auction Ads,auction_relation
20230807,1773582892435480 ,US,USCA,,1/1/00 0:00,2.1,5.7004,7/8/23 11:01,1.78,Auction Ads,auction_relation
20230807,1773525012186110 ,BR,BR,,1/1/00 0:00,3.9232,1.8241,7/8/23 11:00,1.7,RIE,Ad Group Recall (Merged)
20230807,1773525012186110 ,TR,TR,,1/1/00 0:00,3.9232,1.8241,7/8/23 11:00,1.63,RIE,Ad Group Recall (Merged)
20230807,1773570087669770 ,MY,MY,,1/1/00 0:00,,1.0992,7/8/23 11:00,2.31,Auction Ads,auction_relation
20230807,1773567653193720 ,SA,,,1/1/00 0:00,15.3829,2.4908,7/8/23 11:00,0.54,Non-Auction Ads,Promote
20230807,1773490237865980 ,SA,,,1/1/00 0:00,2.17,0.6247,7/8/23 11:00,0.54,Non-Auction Ads,Promote
20230807,1773570006947870 ,PL,PL,,1/1/00 0:00,34.98,10.591,7/8/23 11:02,1.84,RIE,Ad Group Recall (Merged)
20230807,1773570006947870 ,NZ,Other,,1/1/00 0:00,34.98,10.591,7/8/23 11:02,1.62,RIE,Ad Group Recall (Merged)
20230807,1773570006947870 ,CZ,Other,,1/1/00 0:00,34.98,10.591,7/8/23 11:02,1.62,RIE,Ad Group Recall (Merged)
20230807,1773570006947870 ,ES,ES,,1/1/00 0:00,34.98,10.591,7/8/23 11:02,1.79,RIE,Ad Group Recall (Merged)
20230807,1773570006947870 ,RO,Other,,1/1/00 0:00,34.98,10.591,7/8/23 11:02,1.62,RIE,Ad Group Recall (Merged)
20230807,1773565419254780 ,ZA,ZA,,1/1/00 0:00,0.0764,0,7/8/23 11:00,1.4,Auction Ads,auction_relation
20230807,1773568614829100 ,BR,BR,,1/1/00 0:00,,49.612,7/8/23 11:08,1.99,Auction Ads,auction_all
20230807,1773568210502650 ,PK,PK,,1/1/00 0:00,0.76,0.5744,7/8/23 11:01,1.36,Auction Ads,auction_relation
20230807,1773567826747390 ,QA,,,1/1/00 0:00,20.0312,5.7872,7/8/23 11:01,0.54,Non-Auction Ads,Promote
20230807,1773566922564600 ,PH,,,1/1/00 0:00,0.4094,0.5732,7/8/23 11:01,0.54,Non-Auction Ads,Promote
20230807,1773556537649200 ,IE,IE,,1/1/00 0:00,0.53,1.4596,7/8/23 11:01,1.52,Auction Ads,auction_relation
20230807,1773556537653260 ,IE,IE,,1/1/00 0:00,0.84,1.4596,7/8/23 11:01,1.52,Auction Ads,auction_relation
20230807,1773567908381740 ,TH,TH,,1/1/00 0:00,1.6343,0.5036,7/8/23 11:01,1.64,Auction Ads,auction_relation
20230807,1773490558014460 ,SA,,,1/1/00 0:00,,1.474,7/8/23 11:01,0.54,Non-Auction Ads,Promote
20230807,1773490558014460 ,SA,,,1/1/00 0:00,,1.474,7/8/23 11:01,0.54,Non-Auction Ads,Promote
20230807,1773568112865320 ,DE,DE,,1/1/00 0:00,2.53,2.4417,7/8/23 11:01,1.01,Auction Ads,auction_relation
20230807,1773568112865320 ,FR,FR,,1/1/00 0:00,2.53,2.4417,7/8/23 11:01,1.97,Auction Ads,auction_relation
20230807,1773568112865320 ,GB,GB,,1/1/00 0:00,2.53,2.4417,7/8/23 11:01,1.76,Auction Ads,auction_relation
20230807,1773567252946940 ,ID,,,1/1/00 0:00,0.3514,0.4965,7/8/23 11:01,0.54,Non-Auction Ads,Promote
20230807,1773567252946940 ,ID,,,1/1/00 0:00,0.3514,0.4965,7/8/23 11:01,0.54,Non-Auction Ads,Promote
20230807,1773567865753600 ,QA,,,1/1/00 0:00,17.6958,5.7872,7/8/23 11:02,0.54,Non-Auction Ads,Promote
20230807,1773564371896350 ,GB,GB,,1/1/00 0:00,42.8,13.7796,7/8/23 11:04,1.72,RIE,Ad Group Recall (Merged)
20230807,1773566207802370 ,FR,,,1/1/00 0:00,3.8729,1.4886,7/8/23 11:01,0.54,Non-Auction Ads,Promote
20230807,1773555635349500 ,TR,,,1/1/00 0:00,1.5254,0.2434,7/8/23 11:01,0.54,Non-Auction Ads,Promote
20230807,1773567694946300 ,KH,,,1/1/00 0:00,0.436,0.1127,7/8/23 11:01,0.54,Non-Auction Ads,Promote
20230807,1773570158053390 ,RO,RO,,1/1/00 0:00,,219.5531,7/8/23 11:34,1.94,Auction Ads,auction_relation
20230807,1773567862267920 ,ES,,,1/1/00 0:00,22.2814,2.9746,7/8/23 11:02,0.54,Non-Auction Ads,Promote
20230807,1773566988951550 ,ID,,,1/1/00 0:00,0.7785,1.0924,7/8/23 11:02,0.54,Non-Auction Ads,Promote
20230807,1773568426154010 ,US,USCA,,1/1/00 0:00,9.33,1.085,7/8/23 11:02,1.78,Auction Ads,auction_relation
20230807,1773569601807370 ,TR,TR,,1/1/00 0:00,79.4872,39.2027,7/8/23 11:08,1.63,RIE,Ad Group Recall (Merged)
20230807,1773568044417040 ,MY,MY,,1/1/00 0:00,16.5006,5.1945,7/8/23 11:03,2.31,Auction Ads,auction_relation
20230807,1773567327422460 ,ID,,,1/1/00 0:00,0.5275,0.1663,7/8/23 11:02,0.54,Non-Auction Ads,Promote
20230807,1773567876542460 ,TR,,,1/1/00 0:00,1.5532,0.315,7/8/23 11:02,1.53,RIE,Promote Report Recall
20230807,1773566216010750 ,FR,,,1/1/00 0:00,6.888,2.886,7/8/23 11:03,0.54,Non-Auction Ads,Promote
20230807,1773567954257920 ,TH,TH,,1/1/00 0:00,,0.3555,7/8/23 11:02,1.64,Auction Ads,auction_relation
20230807,1773567954262050 ,TH,TH,,1/1/00 0:00,,0.3555,7/8/23 11:02,1.64,Auction Ads,auction_relation
20230807,1773567959632890 ,TH,TH,,1/1/00 0:00,,0.3555,7/8/23 11:02,1.64,Auction Ads,auction_relation
20230807,1773567498372090 ,ID,,,1/1/00 0:00,0.7064,0.4378,7/8/23 11:02,0.54,Non-Auction Ads,Promote
20230807,1773567792201730 ,JP,,,1/1/00 0:00,2.4455,0.7743,7/8/23 11:03,0.54,Non-Auction Ads,Promote
20230807,1773560636026880 ,TH,,,1/1/00 0:00,0.312,0.3082,7/8/23 11:04,0.54,Non-Auction Ads,Promote
20230807,1773568183018510 ,PK,PK,,1/1/00 0:00,1.63,0.3141,7/8/23 11:04,1.36,Auction Ads,auction_relation
20230807,1773568290682910 ,DK,DK,,1/1/00 0:00,20.88,8.5758,7/8/23 11:05,1.31,Auction Ads,auction_relation
20230807,1773564539555840 ,TW,TW,,1/1/00 0:00,27.05,29.2193,7/8/23 11:08,0.95,Auction Ads,auction_relation
20230807,1773564815180810 ,GB,GB,,1/1/00 0:00,74.26,24.1873,7/8/23 11:07,1.72,RIE,Ad Group Recall (Merged)
20230807,1773564815180810 ,GB,GB,,1/1/00 0:00,74.26,24.1873,7/8/23 11:07,1.76,Auction Ads,auction_relation
20230807,1773568292016140 ,TH,TH,,1/1/00 0:00,,2.2459,7/8/23 11:05,1.64,Auction Ads,auction_relation
20230807,1773567989678080 ,QA,,,1/1/00 0:00,19.4383,3.3613,7/8/23 11:05,0.54,Non-Auction Ads,Promote
20230807,1773488515215360 ,QA,,,1/1/00 0:00,0.8394,0.1896,7/8/23 11:05,0.54,Non-Auction Ads,Promote
20230807,1773566843300870 ,IT,,,1/1/00 0:00,2.0687,0.6095,7/8/23 11:05,0.54,Non-Auction Ads,Promote
20230807,1773569658578970 ,IQ,Others,,1/1/00 0:00,10.15,9.4162,7/8/23 11:05,1.56,Auction Ads,auction_all
20230807,1773564280815630 ,IE,Other,,1/1/00 0:00,1.1,1.1065,7/8/23 11:05,1.62,RIE,Ad Group Recall (Merged)
20230807,1773571205250050 ,MY,MY,,1/1/00 0:00,3.7388,1.8814,7/8/23 11:05,2.31,Auction Ads,auction_relation
20230807,1773568407393320 ,FI,Others,,1/1/00 0:00,61.53,17.672,7/8/23 11:07,1.56,Auction Ads,auction_all
20230807,1773568407393320 ,FI,Others,,1/1/00 0:00,61.53,17.672,7/8/23 11:07,1.56,Auction Ads,auction_all
20230807,1773568407393320 ,BE,BE,,1/1/00 0:00,61.53,17.672,7/8/23 11:07,1.15,Auction Ads,auction_relation
20230807,1773568407393320 ,CH,CH,,1/1/00 0:00,61.53,17.672,7/8/23 11:07,0.93,Auction Ads,auction_relation
20230807,1773568407393320 ,CH,CH,,1/1/00 0:00,61.53,17.672,7/8/23 11:07,0.93,Auction Ads,auction_relation
20230807,1773503317968890 ,VN,,,1/1/00 0:00,0.8149,0.2853,7/8/23 11:05,0.54,Non-Auction Ads,Promote
20230807,1773565725554730 ,IE,IE,,1/1/00 0:00,,5.9029,7/8/23 11:05,1.52,Auction Ads,auction_relation
20230807,1773565725554730 ,PL,PL,,1/1/00 0:00,,5.9029,7/8/23 11:05,1.64,Auction Ads,auction_relation
20230807,1773565725554730 ,FR,FR,,1/1/00 0:00,,5.9029,7/8/23 11:05,1.97,Auction Ads,auction_relation
20230807,1773565725554730 ,SE,SE,,1/1/00 0:00,,5.9029,7/8/23 11:05,1.4,Auction Ads,auction_relation
20230807,1773565725554730 ,BE,BE,,1/1/00 0:00,,5.9029,7/8/23 11:05,1.15,Auction Ads,auction_relation
20230807,1773565725554730 ,FI,Others,,1/1/00 0:00,,5.9029,7/8/23 11:05,1.56,Auction Ads,auction_all
20230807,1773565725554730 ,GR,GR,,1/1/00 0:00,,5.9029,7/8/23 11:05,2.11,Auction Ads,auction_relation
20230807,1773565725554730 ,NO,Others,,1/1/00 0:00,,5.9029,7/8/23 11:05,1.56,Auction Ads,auction_all
20230807,1773565725554730 ,HU,Others,,1/1/00 0:00,,5.9029,7/8/23 11:05,1.56,Auction Ads,auction_all
20230807,1773565725554730 ,PT,PT,,1/1/00 0:00,,5.9029,7/8/23 11:05,1.98,Auction Ads,auction_relation
20230807,1773565725554730 ,DK,DK,,1/1/00 0:00,,5.9029,7/8/23 11:05,1.31,Auction Ads,auction_relation
20230807,1773567908814840 ,ID,,,1/1/00 0:00,0.2966,0.2639,7/8/23 11:05,1.53,RIE,Promote Report Recall
20230807,1773564382178300 ,US,USCA,,1/1/00 0:00,3.73,6.9613,7/8/23 11:06,1.78,Auction Ads,auction_relation
20230807,1773568785929240 ,PK,PK,,1/1/00 0:00,9.23,0.6635,7/8/23 11:06,1.36,Auction Ads,auction_relation
20230807,1773567967974400 ,MY,,,1/1/00 0:00,4.7685,1.6746,7/8/23 11:06,1.53,RIE,Promote Report Recall
20230807,1773560728523770 ,TH,,,1/1/00 0:00,0.7117,0.5344,7/8/23 11:06,0.54,Non-Auction Ads,Promote
20230807,1773567308288000 ,IL,,,1/1/00 0:00,2.619,1.5621,7/8/23 11:06,0.54,Non-Auction Ads,Promote
20230807,1773567926659070 ,ID,,,1/1/00 0:00,0.2518,0.3738,7/8/23 11:06,1.53,RIE,Promote Report Recall
20230807,1773567950639100 ,BR,,,1/1/00 0:00,3.5826,1.4374,7/8/23 11:06,1.53,RIE,Promote Report Recall
20230807,1773567978579970 ,BR,,,1/1/00 0:00,2.7435,0.8219,7/8/23 11:07,1.53,RIE,Promote Report Recall
20230807,1773560756358140 ,TH,,,1/1/00 0:00,1.3716,0.3849,7/8/23 11:07,0.54,Non-Auction Ads,Promote
20230807,1773568976806930 ,IQ,Others,,1/1/00 0:00,5.37,9.9574,7/8/23 11:08,1.56,Auction Ads,auction_all
20230807,1773568251705360 ,FR,FR,,1/1/00 0:00,6.35,2.4417,7/8/23 11:07,1.97,Auction Ads,auction_relation
20230807,1773568251705360 ,DE,DE,,1/1/00 0:00,6.35,2.4417,7/8/23 11:07,1.01,Auction Ads,auction_relation
20230807,1773568251705360 ,GB,GB,,1/1/00 0:00,6.35,2.4417,7/8/23 11:07,1.76,Auction Ads,auction_relation
20230807,1773568251713580 ,CH,CH,,1/1/00 0:00,6.16,2.4417,7/8/23 11:07,0.93,Auction Ads,auction_relation
20230807,1773568254899200 ,GB,GB,,1/1/00 0:00,6.18,2.4417,7/8/23 11:07,1.76,Auction Ads,auction_relation
20230807,1773568254899200 ,FR,FR,,1/1/00 0:00,6.18,2.4417,7/8/23 11:07,1.97,Auction Ads,auction_relation
20230807,1773566078946300 ,DK,,,1/1/00 0:00,0.2998,8.0865,7/8/23 11:08,0.54,Non-Auction Ads,Promote
20230807,1773568539106300 ,TH,TH,,1/1/00 0:00,7.5794,29.1435,7/8/23 11:11,1.64,Auction Ads,auction_relation
20230807,1773568147329020 ,ID,,,1/1/00 0:00,12.9869,1.1227,7/8/23 11:07,1.53,RIE,Promote Report Recall
20230807,1773564540291120 ,GB,GB,,1/1/00 0:00,1.4786,3.5777,7/8/23 11:08,1.76,Auction Ads,auction_relation
20230807,1773564559494190 ,GB,GB,,1/1/00 0:00,0.4079,3.5777,7/8/23 11:08,1.76,Auction Ads,auction_relation
20230807,1773568125756410 ,ID,,,1/1/00 0:00,0.2944,0.3178,7/8/23 11:07,1.53,RIE,Promote Report Recall
20230807,1773568789754910 ,BR,BR,,1/1/00 0:00,,68.7308,7/8/23 11:14,1.99,Auction Ads,auction_all
20230807,1773490815479800 ,SA,,,1/1/00 0:00,2.9428,0.4623,7/8/23 11:08,0.54,Non-Auction Ads,Promote
20230807,1773584657728530 ,US,USCA,,1/1/00 0:00,960.99,1606.6989,7/8/23 16:19,1.78,Auction Ads,auction_relation
20230807,1773569152896040 ,GB,GB,,1/1/00 0:00,13.51,2.5242,7/8/23 11:09,1.76,Auction Ads,auction_relation
20230807,1773569152896040 ,US,USCA,,1/1/00 0:00,13.51,2.5242,7/8/23 11:09,1.78,Auction Ads,auction_relation
20230807,1773569152896040 ,CA,USCA,,1/1/00 0:00,13.51,2.5242,7/8/23 11:09,1.78,Auction Ads,auction_relation
20230807,1773569152896040 ,AU,AU,,1/1/00 0:00,13.51,2.5242,7/8/23 11:09,1.84,Auction Ads,auction_relation
20230807,1773568056393730 ,KH,,,1/1/00 0:00,0.3386,0.3515,7/8/23 11:08,0.54,Non-Auction Ads,Promote
20230807,1773568592194560 ,TH,TH,,1/1/00 0:00,29.7466,19.5734,7/8/23 11:11,1.87,RIE,Ad Group Recall (Merged)
20230807,1773566889125890 ,FR,,,1/1/00 0:00,,6.2381,7/8/23 11:09,0.54,Non-Auction Ads,Promote
20230807,1773566889125890 ,FR,,,1/1/00 0:00,,6.2381,7/8/23 11:09,0.54,Non-Auction Ads,Promote
20230807,1773568796120080 ,PH,PH,,1/1/00 0:00,8.26,19.5488,7/8/23 11:11,2.46,Auction Ads,auction_relation
20230807,1773568166309890 ,BR,,,1/1/00 0:00,18.8714,3.3959,7/8/23 11:09,0.54,Non-Auction Ads,Promote
20230807,1773568030195760 ,US,USCA,,1/1/00 0:00,23.9226,11.6228,7/8/23 11:11,1.78,Auction Ads,auction_relation
20230807,1773579796055130 ,CO,CO,,1/1/00 0:00,1.98,3.5372,7/8/23 11:09,1.93,Auction Ads,auction_all
20230807,1773568361936890 ,VN,,,1/1/00 0:00,0.5401,4.8247,7/8/23 11:10,1.53,RIE,Promote Report Recall
20230807,1773556050454650 ,TR,,,1/1/00 0:00,0.5822,0.2182,7/8/23 11:09,0.54,Non-Auction Ads,Promote
20230807,1773567504449570 ,TH,TH,,1/1/00 0:00,2.2354,3.1084,7/8/23 11:10,1.64,Auction Ads,auction_relation
20230807,1773568303869950 ,ID,,,1/1/00 0:00,0.6511,0,7/8/23 11:09,1.53,RIE,Promote Report Recall
20230807,1773564741568510 ,HU,Other,,1/1/00 0:00,1.0689,6.8409,7/8/23 11:10,1.62,RIE,Ad Group Recall (Merged)
20230807,1773570801134600 ,RO,RO,,1/1/00 0:00,,219.5531,7/8/23 11:46,1.94,Auction Ads,auction_relation
20230807,1773490885888000 ,SA,,,1/1/00 0:00,1.082,0.4623,7/8/23 11:09,0.54,Non-Auction Ads,Promote
20230807,1773568656576530 ,EG,MENA,,1/1/00 0:00,0.0253,4.8913,7/8/23 11:10,1.78,Auction Ads,auction_relation
20230807,1773568654646320 ,EG,MENA,,1/1/00 0:00,0.0915,4.8913,7/8/23 11:10,1.78,Auction Ads,auction_relation
20230807,1773568654646320 ,EG,MENA,,1/1/00 0:00,0.0915,4.8913,7/8/23 11:10,1.78,Auction Ads,auction_relation
20230807,1773568666680330 ,EG,MENA,,1/1/00 0:00,0.0214,4.8913,7/8/23 11:10,1.78,Auction Ads,auction_relation
20230807,1773568656576530 ,EG,MENA,,1/1/00 0:00,0.0253,4.8913,7/8/23 11:10,1.78,Auction Ads,auction_relation
20230807,1773568943369230 ,BR,BR,,1/1/00 0:00,,68.7308,7/8/23 11:17,1.99,Auction Ads,auction_all
20230807,1773568575685630 ,RO,Other,,1/1/00 0:00,6.66,0.63,7/8/23 11:10,1.62,RIE,Ad Group Recall (Merged)
20230807,1773568714825760 ,BR,BR,,1/1/00 0:00,0.0472,4.9859,7/8/23 11:11,1.7,RIE,Ad Group Recall (Merged)
20230807,1773568440846340 ,BR,,,1/1/00 0:00,13.1649,5.8053,7/8/23 11:11,1.53,RIE,Promote Report Recall
20230807,1773568293621760 ,KH,,,1/1/00 0:00,4.0136,4.3468,7/8/23 11:11,0.54,Non-Auction Ads,Promote
20230807,1773568321067010 ,TH,,,1/1/00 0:00,4.7,1.9707,7/8/23 11:11,1.53,RIE,Promote Report Recall
20230807,1773503587690490 ,VN,,,1/1/00 0:00,0.3058,0.1943,7/8/23 11:10,0.54,Non-Auction Ads,Promote
20230807,1773567492905980 ,PH,,,1/1/00 0:00,0.2875,0.1446,7/8/23 11:10,0.54,Non-Auction Ads,Promote
20230807,1773568489459740 ,ID,ID,,1/1/00 0:00,,1.041,7/8/23 11:11,1.8,Auction Ads,auction_relation
20230807,1773579892283390 ,CO,CO,,1/1/00 0:00,1.35,3.5372,7/8/23 11:11,1.93,Auction Ads,auction_all
20230807,1773503753217020 ,VN,,,1/1/00 0:00,0.2745,0.5738,7/8/23 11:11,0.54,Non-Auction Ads,Promote
20230807,1773568375267330 ,KH,,,1/1/00 0:00,11.0578,1.9528,7/8/23 11:11,0.54,Non-Auction Ads,Promote
20230807,1773568232960000 ,HU,,,1/1/00 0:00,0.6929,4.1015,7/8/23 11:12,0.54,Non-Auction Ads,Promote
20230807,1773568704278540 ,BR,BR,,1/1/00 0:00,0.3613,3.5019,7/8/23 11:12,1.99,Auction Ads,auction_all
20230807,1773561083027450 ,TH,,,1/1/00 0:00,0.5493,1.7414,7/8/23 11:11,0.54,Non-Auction Ads,Promote
20230807,1773568865212480 ,MY,MY,,1/1/00 0:00,13.9956,45.7382,7/8/23 11:15,2.31,Auction Ads,auction_relation
20230807,1773556383518720 ,TR,,,1/1/00 0:00,1.4472,0.8277,7/8/23 11:11,0.54,Non-Auction Ads,Promote
20230807,1773568580574220 ,KH,KH,,1/1/00 0:00,7.59,1.5447,7/8/23 11:12,1.5,Auction Ads,auction_relation
20230807,1773569303792650 ,BR,BR,,1/1/00 0:00,37.19,68.7308,7/8/23 11:23,1.99,Auction Ads,auction_all
20230807,1773569015777310 ,NL,NL,,1/1/00 0:00,,7.3336,7/8/23 11:12,1.19,Auction Ads,auction_relation
20230807,1773557483036720 ,CL,CL,,1/1/00 0:00,29.48,34.7481,7/8/23 11:18,1.85,Auction Ads,auction_all
20230807,1773565208186910 ,US,US&CA,,1/1/00 0:00,30.39,18.325,7/8/23 11:15,1.81,RIE,Ad Group Recall (Merged)
20230807,1773567161934850 ,TH,,,1/1/00 0:00,9.21,3.2667,7/8/23 11:12,1.53,RIE,Promote Report Recall
20230807,1773568399206400 ,RO,,,1/1/00 0:00,18.1288,2.0058,7/8/23 11:12,1.53,RIE,Promote Report Recall
20230807,1773564975835140 ,TH,,,1/1/00 0:00,2.78,1.0237,7/8/23 11:12,1.53,RIE,Promote Report Recall
20230807,1773568637689900 ,MX,MX,,1/1/00 0:00,,0.9871,7/8/23 11:12,1.99,Auction Ads,auction_all
20230807,1773565237326890 ,IE,Other,,1/1/00 0:00,1.54,2.7854,7/8/23 11:12,1.62,RIE,Ad Group Recall (Merged)
20230807,1773565237326890 ,IE,Other,,1/1/00 0:00,1.54,2.7854,7/8/23 11:12,1.62,RIE,Ad Group Recall (Merged)
20230807,1773565237326890 ,AU,AU,,1/1/00 0:00,1.54,2.7854,7/8/23 11:12,1.84,Auction Ads,auction_relation
20230807,1773566711624700 ,US,USCA,,1/1/00 0:00,0.02,141.0663,7/8/23 11:39,1.78,Auction Ads,auction_relation
20230807,1773565784856590 ,RO,RO,,1/1/00 0:00,82.5664,60.043,7/8/23 11:24,1.94,Auction Ads,auction_relation
20230807,1773568833423410 ,EG,MENA,,1/1/00 0:00,56.9823,9.6582,7/8/23 11:13,1.78,Auction Ads,auction_relation
20230807,1773568833423410 ,SA,MENA,,1/1/00 0:00,56.9823,9.6582,7/8/23 11:13,1.78,Auction Ads,auction_relation
20230807,1773568833423410 ,TR,TR,,1/1/00 0:00,56.9823,9.6582,7/8/23 11:13,0.83,Auction Ads,auction_relation
20230807,1773565080958000 ,SA,MENA,,1/1/00 0:00,,4.1575,7/8/23 11:13,1.78,Auction Ads,auction_relation
20230807,1773565080958000 ,SA,MENA,,1/1/00 0:00,,4.1575,7/8/23 11:13,1.78,Auction Ads,auction_relation
20230807,1773568063872000 ,PH,,,1/1/00 0:00,0.2683,0.2999,7/8/23 11:12,0.54,Non-Auction Ads,Promote
20230807,1773568565400570 ,US,USCA,,1/1/00 0:00,9.12,1.085,7/8/23 11:12,1.78,Auction Ads,auction_relation
20230807,1773568059318270 ,PH,,,1/1/00 0:00,0.3118,0.1772,7/8/23 11:12,0.54,Non-Auction Ads,Promote
20230807,1773564113694720 ,MY,,,1/1/00 0:00,0.3007,0.3284,7/8/23 11:12,0.54,Non-Auction Ads,Promote
20230807,1773564834706460 ,PL,PL,,1/1/00 0:00,20.2518,10.0505,7/8/23 11:15,1.64,Auction Ads,auction_relation
20230807,1773584018801660 ,GB,GB,,1/1/00 0:00,9.61,1.531,7/8/23 11:13,1.76,Auction Ads,auction_relation
20230807,1773584018801660 ,AU,AU,,1/1/00 0:00,9.61,1.531,7/8/23 11:13,1.84,Auction Ads,auction_relation
20230807,1773491131207680 ,SA,,,1/1/00 0:00,1.021,0.4623,7/8/23 11:13,0.54,Non-Auction Ads,Promote
20230807,1773568787767310 ,OM,Other,,1/1/00 0:00,5.12,2.9591,7/8/23 11:13,1.62,RIE,Ad Group Recall (Merged)
20230807,1773528412904440 ,MY,,,1/1/00 0:00,2.0219,1.6136,7/8/23 11:13,0.54,Non-Auction Ads,Promote
20230807,1773568561183740 ,TR,,,1/1/00 0:00,13.7338,3.0004,7/8/23 11:13,0.54,Non-Auction Ads,Promote
20230807,1773565244493850 ,US,USCA,,1/1/00 0:00,18.9949,11.8765,7/8/23 11:15,1.78,Auction Ads,auction_relation
20230807,1773568231703550 ,PH,,,1/1/00 0:00,0.33,0.4252,7/8/23 11:13,0.54,Non-Auction Ads,Promote
20230807,1773565254602780 ,ES,ES,,1/1/00 0:00,73.23,24.1873,7/8/23 11:18,1.79,RIE,Ad Group Recall (Merged)
20230807,1773568333239300 ,TH,,,1/1/00 0:00,13.98,2.5115,7/8/23 11:14,1.53,RIE,Promote Report Recall
20230807,1773568592829460 ,TH,,,1/1/00 0:00,10.2,2.3919,7/8/23 11:14,1.53,RIE,Promote Report Recall
20230807,1773564158029820 ,MY,,,1/1/00 0:00,2.1627,0.3291,7/8/23 11:14,0.54,Non-Auction Ads,Promote
20230807,1773568725898240 ,RO,,,1/1/00 0:00,16.4903,8.1315,7/8/23 11:15,0.54,Non-Auction Ads,Promote
20230807,1773568597832720 ,BR,BR,,1/1/00 0:00,3.56,2.0615,7/8/23 11:14,1.99,Auction Ads,auction_all
20230807,1773568501731320 ,TH,,,1/1/00 0:00,1.1806,0.5003,7/8/23 11:14,1.53,RIE,Promote Report Recall
20230807,1773565414759440 ,AU,AU,,1/1/00 0:00,12.86,4.223,7/8/23 11:15,1.84,Auction Ads,auction_relation
20230807,1773569017119810 ,BR,BR,,1/1/00 0:00,78.52,0.2136,7/8/23 11:14,1.99,Auction Ads,auction_all
20230807,1773568712634370 ,VN,,,1/1/00 0:00,8.3728,2.6656,7/8/23 11:15,1.53,RIE,Promote Report Recall
20230807,1773568638156800 ,NZ,NZ,,1/1/00 0:00,0,2.0615,7/8/23 11:15,1.58,Auction Ads,auction_relation
20230807,1773561210522620 ,TH,,,1/1/00 0:00,0.6273,0.3693,7/8/23 11:15,0.54,Non-Auction Ads,Promote
20230807,1773565056279600 ,DE,DE,,1/1/00 0:00,12.0587,7.3938,7/8/23 11:16,1.01,Auction Ads,auction_relation
20230807,1773568591520770 ,BR,,,1/1/00 0:00,1.8857,1.0959,7/8/23 11:15,1.53,RIE,Promote Report Recall
20230807,1773564292848640 ,MY,,,1/1/00 0:00,5.9013,2.2815,7/8/23 11:15,0.54,Non-Auction Ads,Promote
20230807,1773560042449920 ,TH,,,1/1/00 0:00,8.42,2.2925,7/8/23 11:15,1.53,RIE,Promote Report Recall
20230807,1773569214570490 ,BR,BR,,1/1/00 0:00,55.8788,0,7/8/23 11:15,1.99,Auction Ads,auction_all
20230807,1773568054324220 ,BR,,,1/1/00 0:00,2.7127,1.6438,7/8/23 11:16,0.54,Non-Auction Ads,Promote
20230807,1773585343379450 ,US,USCA,,1/1/00 0:00,788.28,1606.6989,7/8/23 16:31,1.78,Auction Ads,auction_relation
20230807,1773564232357880 ,MY,,,1/1/00 0:00,13.2192,2.8889,7/8/23 11:16,0.54,Non-Auction Ads,Promote
20230807,1773568830040060 ,MY,MY,,1/1/00 0:00,,1.4554,7/8/23 11:16,2.31,Auction Ads,auction_relation
20230807,1773568810959870 ,MY,MY,,1/1/00 0:00,,1.4554,7/8/23 11:16,2.31,Auction Ads,auction_relation
20230807,1773568826461180 ,MY,MY,,1/1/00 0:00,,1.4554,7/8/23 11:16,2.31,Auction Ads,auction_relation
20230807,1773568671995900 ,MY,MY,,1/1/00 0:00,,1.4554,7/8/23 11:16,2.31,Auction Ads,auction_relation
20230807,1773568745563130 ,VN,,,1/1/00 0:00,0.075,1.2753,7/8/23 11:16,1.53,RIE,Promote Report Recall
20230807,1773568990545000 ,MY,MY,,1/1/00 0:00,12.33,5.9454,7/8/23 11:17,2.31,Auction Ads,auction_relation
20230807,1773568713701380 ,FR,,,1/1/00 0:00,1.1333,2.9901,7/8/23 11:16,1.53,RIE,Promote Report Recall
20230807,1773565683958780 ,GB,GB,,1/1/00 0:00,21.1476,34.932,7/8/23 11:23,1.76,Auction Ads,auction_relation
20230807,1773569050178610 ,BR,BR,,1/1/00 0:00,13.22,8.0813,7/8/23 11:17,1.7,RIE,Ad Group Recall (Merged)
20230807,1773569050178610 ,BR,BR,,1/1/00 0:00,13.22,8.0813,7/8/23 11:17,1.99,Auction Ads,auction_all
20230807,1773561407606780 ,TH,,,1/1/00 0:00,1.7359,0.4786,7/8/23 11:16,0.54,Non-Auction Ads,Promote
20230807,1773565798340640 ,US,USCA,,1/1/00 0:00,0.06,2.9647,7/8/23 11:17,1.78,Auction Ads,auction_relation
20230807,1773565799719930 ,US,USCA,,1/1/00 0:00,0,2.9647,7/8/23 11:17,1.78,Auction Ads,auction_relation
20230807,1773565796365340 ,US,USCA,,1/1/00 0:00,0,2.9647,7/8/23 11:17,1.78,Auction Ads,auction_relation
20230807,1773557258402810 ,TR,,,1/1/00 0:00,0.5428,0.2967,7/8/23 11:16,0.54,Non-Auction Ads,Promote
20230807,1773568811108350 ,TR,,,1/1/00 0:00,0.9325,0.5145,7/8/23 11:17,1.53,RIE,Promote Report Recall
20230807,1773491883615230 ,SA,,,1/1/00 0:00,30.3605,0,7/8/23 11:17,0.54,Non-Auction Ads,Promote
20230807,1773567515661310 ,FR,,,1/1/00 0:00,0,4.1291,7/8/23 11:18,0.54,Non-Auction Ads,Promote
20230807,1773561354857470 ,TH,,,1/1/00 0:00,0.6488,0.518,7/8/23 11:17,0.54,Non-Auction Ads,Promote
20230807,1773564785416190 ,MY,,,1/1/00 0:00,1.1043,0.6572,7/8/23 11:17,0.54,Non-Auction Ads,Promote
20230807,1773569083828270 ,US,USCA,,1/1/00 0:00,19.86,15.9326,7/8/23 11:20,1.78,Auction Ads,auction_relation
20230807,1773568955773980 ,BR,BR,,1/1/00 0:00,6.7407,3.5019,7/8/23 11:18,1.99,Auction Ads,auction_all
20230807,1773568851960830 ,RO,,,1/1/00 0:00,18.3802,2.0058,7/8/23 11:18,0.54,Non-Auction Ads,Promote
20230807,1773564274081790 ,MY,,,1/1/00 0:00,0.3994,0.466,7/8/23 11:17,0.54,Non-Auction Ads,Promote
20230807,1773565770690560 ,TH,,,1/1/00 0:00,7.1,2.3074,7/8/23 11:18,1.53,RIE,Promote Report Recall
20230807,1773568542780420 ,TH,,,1/1/00 0:00,4.14,1.1902,7/8/23 11:18,1.53,RIE,Promote Report Recall
20230807,1773565514215470 ,GB,GB,,1/1/00 0:00,58.02,37.6939,7/8/23 11:25,1.76,Auction Ads,auction_relation
20230807,1773565514215470 ,MX,Other,,1/1/00 0:00,58.02,37.6939,7/8/23 11:25,1.62,RIE,Ad Group Recall (Merged)
20230807,1773584057361450 ,US,USCA,,1/1/00 0:00,4.06,7.24,7/8/23 11:19,1.78,Auction Ads,auction_relation
20230807,1773580340663290 ,CO,Other,,1/1/00 0:00,2.54,3.7815,7/8/23 11:18,1.62,RIE,Ad Group Recall (Merged)
20230807,1773570118673400 ,PK,PK,,1/1/00 0:00,3.6336,4.4037,7/8/23 11:19,1.36,Auction Ads,auction_relation
20230807,1773569393429520 ,TW,TW,,1/1/00 0:00,,1.6184,7/8/23 11:18,0.95,Auction Ads,auction_relation
20230807,1773569053322250 ,TH,TH,,1/1/00 0:00,0.9574,1.5295,7/8/23 11:19,1.64,Auction Ads,auction_relation
20230807,1773570557180940 ,TR,TR,,1/1/00 0:00,24.0958,0,7/8/23 11:18,1.63,RIE,Ad Group Recall (Merged)
20230807,1773570557180940 ,TR,TR,,1/1/00 0:00,24.0958,0,7/8/23 11:18,1.63,RIE,Ad Group Recall (Merged)
20230807,1773570557180940 ,TR,TR,,1/1/00 0:00,24.0958,0,7/8/23 11:18,1.63,RIE,Ad Group Recall (Merged)
20230807,1773569430900730 ,PE,PE,,1/1/00 0:00,,5.2325,7/8/23 11:20,1.68,Auction Ads,auction_all
20230807,1773569430900730 ,MX,MX,,1/1/00 0:00,,5.2325,7/8/23 11:20,1.99,Auction Ads,auction_all
20230807,1773569430900730 ,UY,Others,,1/1/00 0:00,,5.2325,7/8/23 11:20,1.56,Auction Ads,auction_all
20230807,1773568928547840 ,TH,,,1/1/00 0:00,0.5581,0.2752,7/8/23 11:19,1.53,RIE,Promote Report Recall
20230807,1773492012956670 ,SA,,,1/1/00 0:00,1.0289,0.5295,7/8/23 11:19,0.54,Non-Auction Ads,Promote
20230807,1773568534647810 ,PH,,,1/1/00 0:00,0.9011,0.5169,7/8/23 11:19,0.54,Non-Auction Ads,Promote
20230807,1773569125814280 ,TH,TH,,1/1/00 0:00,,2.2956,7/8/23 11:19,1.64,Auction Ads,auction_relation
20230807,1773569130637360 ,TH,TH,,1/1/00 0:00,,2.2956,7/8/23 11:19,1.64,Auction Ads,auction_relation
20230807,1773569094393890 ,TH,TH,,1/1/00 0:00,,2.2956,7/8/23 11:19,1.64,Auction Ads,auction_relation
20230807,1773569654926380 ,IQ,Others,,1/1/00 0:00,,9.9574,7/8/23 11:21,1.56,Auction Ads,auction_all
20230807,1773568632951810 ,PH,,,1/1/00 0:00,,0.3259,7/8/23 11:19,0.54,Non-Auction Ads,Promote
20230807,1773568993269760 ,VN,,,1/1/00 0:00,25.0105,4.5248,7/8/23 11:20,1.53,RIE,Promote Report Recall
20230807,1773565391227930 ,SA,MENA,,1/1/00 0:00,,2.3781,7/8/23 11:20,1.78,Auction Ads,auction_relation
20230807,1773565391227930 ,SA,MENA,,1/1/00 0:00,,2.3781,7/8/23 11:20,1.78,Auction Ads,auction_relation
20230807,1773565435194380 ,GB,GB,,1/1/00 0:00,5.51,7.2958,7/8/23 11:22,1.76,Auction Ads,auction_relation
20230807,1773569162500090 ,BR,BR,,1/1/00 0:00,13.23,8.0813,7/8/23 11:22,1.99,Auction Ads,auction_all
20230807,1773569162500090 ,BR,BR,,1/1/00 0:00,13.23,8.0813,7/8/23 11:22,1.7,RIE,Ad Group Recall (Merged)
20230807,1773568917084160 ,KW,,,1/1/00 0:00,19.5503,2.4231,7/8/23 11:20,0.54,Non-Auction Ads,Promote
20230807,1773568999202810 ,VN,,,1/1/00 0:00,0.5882,1.4572,7/8/23 11:20,1.53,RIE,Promote Report Recall
20230807,1773492171331580 ,SA,,,1/1/00 0:00,12.6347,0,7/8/23 11:20,0.54,Non-Auction Ads,Promote
20230807,1773569238424620 ,TH,TH,,1/1/00 0:00,2.2686,10.3495,7/8/23 11:22,1.64,Auction Ads,auction_relation
20230807,1773569168648240 ,BR,BR,,1/1/00 0:00,13.2,8.0813,7/8/23 11:22,1.7,RIE,Ad Group Recall (Merged)
20230807,1773569168648240 ,BR,BR,,1/1/00 0:00,13.2,8.0813,7/8/23 11:22,1.99,Auction Ads,auction_all
20230807,1773535344761890 ,GB,GB,,1/1/00 0:00,,3.1634,7/8/23 11:21,1.76,Auction Ads,auction_relation
20230807,1773535348162610 ,IT,IT,,1/1/00 0:00,,3.1634,7/8/23 11:21,1.36,Auction Ads,auction_relation
20230807,1773535348162610 ,CH,CH,,1/1/00 0:00,,3.1634,7/8/23 11:21,0.93,Auction Ads,auction_relation
20230807,1773535344761890 ,IT,IT,,1/1/00 0:00,,3.1634,7/8/23 11:21,1.36,Auction Ads,auction_relation
20230807,1773569196021790 ,BR,BR,,1/1/00 0:00,13.2,8.0813,7/8/23 11:22,1.99,Auction Ads,auction_all
20230807,1773569196021790 ,BR,BR,,1/1/00 0:00,13.2,8.0813,7/8/23 11:22,1.7,RIE,Ad Group Recall (Merged)
20230807,1773568930838550 ,GR,,,1/1/00 0:00,1.7491,0.4103,7/8/23 11:20,1.53,RIE,Promote Report Recall
20230807,1773569089759230 ,MY,MY,,1/1/00 0:00,2.793,2.3335,7/8/23 11:21,2.31,Auction Ads,auction_relation
20230807,1773568950295550 ,DK,,,1/1/00 0:00,2.1144,1.0512,7/8/23 11:21,0.54,Non-Auction Ads,Promote
20230807,1773569113470970 ,KW,,,1/1/00 0:00,35.7856,2.4231,7/8/23 11:21,0.54,Non-Auction Ads,Promote
20230807,1773565740736560 ,US,USCA,,1/1/00 0:00,16.31,11.9467,7/8/23 11:24,1.78,Auction Ads,auction_relation
20230807,1773492240791550 ,SA,,,1/1/00 0:00,1.0343,1.0038,7/8/23 11:21,0.54,Non-Auction Ads,Promote
20230807,1773565626765360 ,RO,RO,,1/1/00 0:00,1.9165,4.582,7/8/23 11:22,1.94,Auction Ads,auction_relation
20230807,1773569160579070 ,VN,,,1/1/00 0:00,15.8619,4.5248,7/8/23 11:22,1.53,RIE,Promote Report Recall
20230807,1773565829836890 ,MX,MX,,1/1/00 0:00,57.43,37.6939,7/8/23 11:29,1.99,Auction Ads,auction_all
20230807,1773565829836890 ,GB,GB,,1/1/00 0:00,57.43,37.6939,7/8/23 11:29,1.76,Auction Ads,auction_relation
20230807,1773569292210210 ,TH,TH,,1/1/00 0:00,,1.5295,7/8/23 11:22,1.64,Auction Ads,auction_relation
20230807,1773569150883840 ,SA,,,1/1/00 0:00,72.7565,10.6214,7/8/23 11:24,0.54,Non-Auction Ads,Promote
20230807,1773569501364220 ,MY,MY,,1/1/00 0:00,13.44,5.9454,7/8/23 11:24,2.31,Auction Ads,auction_relation
20230807,1773569212686330 ,VN,,,1/1/00 0:00,17.7803,4.5248,7/8/23 11:23,1.53,RIE,Promote Report Recall
20230807,1773569174634490 ,TR,,,1/1/00 0:00,8.8479,2.7997,7/8/23 11:23,0.54,Non-Auction Ads,Promote
20230807,1773568362933250 ,BR,,,1/1/00 0:00,1.2825,0.3492,7/8/23 11:23,0.54,Non-Auction Ads,Promote
20230807,1773569193640960 ,VN,,,1/1/00 0:00,0.5758,0.2728,7/8/23 11:23,1.53,RIE,Promote Report Recall
20230807,1773565996546040 ,CA,US&CA,,1/1/00 0:00,112.2,7.8513,7/8/23 11:24,1.81,RIE,Ad Group Recall (Merged)
20230807,1773565996546040 ,CA,USCA,,1/1/00 0:00,112.2,7.8513,7/8/23 11:24,1.78,Auction Ads,auction_relation
20230807,1773565996546040 ,US,USCA,,1/1/00 0:00,112.2,7.8513,7/8/23 11:24,1.78,Auction Ads,auction_relation
20230807,1773565996546040 ,US,US&CA,,1/1/00 0:00,112.2,7.8513,7/8/23 11:24,1.81,RIE,Ad Group Recall (Merged)
20230807,1773557546207230 ,TR,,,1/1/00 0:00,2.0719,0.6915,7/8/23 11:23,0.54,Non-Auction Ads,Promote
20230807,1773584440882210 ,GB,GB,,1/1/00 0:00,0.17,8.4804,7/8/23 11:24,1.76,Auction Ads,auction_relation
20230807,1773561981790210 ,TH,,,1/1/00 0:00,0.3103,1.0713,7/8/23 11:23,0.54,Non-Auction Ads,Promote
20230807,1772620421156870 ,TH,,,1/1/00 0:00,8.74,1.468,7/8/23 11:24,1.53,RIE,Promote Report Recall
20230807,1773569191441400 ,ID,,,1/1/00 0:00,1.9229,0.9204,7/8/23 11:24,0.54,Non-Auction Ads,Promote
20230807,1773564211635200 ,MY,,,1/1/00 0:00,0.6125,0.3138,7/8/23 11:24,0.54,Non-Auction Ads,Promote
20230807,1773566039805980 ,GB,GB,,1/1/00 0:00,26.12,27.1632,7/8/23 11:29,1.76,Auction Ads,auction_relation
20230807,1773568872095740 ,BR,,,1/1/00 0:00,3.948,0.4219,7/8/23 11:24,0.54,Non-Auction Ads,Promote
20230807,1773569313409020 ,GR,GR,,1/1/00 0:00,,3.4152,7/8/23 11:24,2.11,Auction Ads,auction_relation
20230807,1773569286985720 ,GR,GR,,1/1/00 0:00,,3.4152,7/8/23 11:24,2.11,Auction Ads,auction_relation
20230807,1773569313409020 ,GR,GR,,1/1/00 0:00,,3.4152,7/8/23 11:24,2.11,Auction Ads,auction_relation
20230807,1773569298376750 ,GR,GR,,1/1/00 0:00,,3.4152,7/8/23 11:24,2.11,Auction Ads,auction_relation
20230807,1773569297910830 ,GR,GR,,1/1/00 0:00,,3.4152,7/8/23 11:24,2.11,Auction Ads,auction_relation
20230807,1773569311199280 ,GR,GR,,1/1/00 0:00,,3.4152,7/8/23 11:24,2.11,Auction Ads,auction_relation
20230807,1773569297910830 ,GR,GR,,1/1/00 0:00,,3.4152,7/8/23 11:24,2.11,Auction Ads,auction_relation
20230807,1773569311186990 ,GR,GR,,1/1/00 0:00,,3.4152,7/8/23 11:24,2.11,Auction Ads,auction_relation
20230807,1773569311186990 ,GR,GR,,1/1/00 0:00,,3.4152,7/8/23 11:24,2.11,Auction Ads,auction_relation
20230807,1773569320181800 ,GR,GR,,1/1/00 0:00,,3.4152,7/8/23 11:24,2.11,Auction Ads,auction_relation
20230807,1773569320181800 ,GR,GR,,1/1/00 0:00,,3.4152,7/8/23 11:24,2.11,Auction Ads,auction_relation
20230807,1773580961759260 ,UY,Others,,1/1/00 0:00,,3.7815,7/8/23 11:25,1.56,Auction Ads,auction_all
20230807,1773569210458110 ,ID,,,1/1/00 0:00,23.4999,3.0905,7/8/23 11:25,0.54,Non-Auction Ads,Promote
20230807,1773565185728510 ,MY,,,1/1/00 0:00,0.4216,0.3776,7/8/23 11:24,0.54,Non-Auction Ads,Promote
20230807,1773568472806400 ,TH,,,1/1/00 0:00,10.34,3.2248,7/8/23 11:26,1.53,RIE,Promote Report Recall
20230807,1773561749358590 ,TH,,,1/1/00 0:00,0.4431,0.6076,7/8/23 11:25,0.54,Non-Auction Ads,Promote
20230807,1773569429781500 ,TH,TH,,1/1/00 0:00,,1.5295,7/8/23 11:25,1.64,Auction Ads,auction_relation
20230807,1773569383019520 ,MY,,,1/1/00 0:00,0.7708,0.4421,7/8/23 11:26,1.53,RIE,Promote Report Recall
20230807,1773561986801660 ,TH,,,1/1/00 0:00,0.3334,0.4418,7/8/23 11:26,0.54,Non-Auction Ads,Promote
20230807,1773565881892890 ,BE,BE,,1/1/00 0:00,6.59,1.027,7/8/23 11:26,1.15,Auction Ads,auction_relation
20230807,1773565751614460 ,GB,GB,,1/1/00 0:00,10.04,4.8389,7/8/23 11:27,1.76,Auction Ads,auction_relation
20230807,1773565766585390 ,GB,GB,,1/1/00 0:00,9,4.8389,7/8/23 11:27,1.76,Auction Ads,auction_relation
20230807,1773565739049980 ,GB,GB,,1/1/00 0:00,10.04,4.8389,7/8/23 11:27,1.76,Auction Ads,auction_relation
20230807,1773565764144160 ,GB,GB,,1/1/00 0:00,9.86,4.8389,7/8/23 11:27,1.76,Auction Ads,auction_relation
20230807,1773565757829160 ,GB,GB,,1/1/00 0:00,18.84,4.8389,7/8/23 11:27,1.76,Auction Ads,auction_relation
20230807,1773565754476570 ,GB,GB,,1/1/00 0:00,1.56,4.8389,7/8/23 11:27,1.76,Auction Ads,auction_relation
20230807,1773565751635970 ,GB,GB,,1/1/00 0:00,19.39,4.8389,7/8/23 11:27,1.76,Auction Ads,auction_relation
20230807,1773565748864040 ,GB,GB,,1/1/00 0:00,30.58,4.8389,7/8/23 11:27,1.76,Auction Ads,auction_relation
20230807,1773565770463240 ,GB,GB,,1/1/00 0:00,9.8,4.8389,7/8/23 11:27,1.76,Auction Ads,auction_relation
20230807,1773565454336000 ,MY,,,1/1/00 0:00,1.5171,0.6744,7/8/23 11:27,0.54,Non-Auction Ads,Promote
20230807,1773569678968830 ,BY,BY,,1/1/00 0:00,8.2,7.9353,7/8/23 11:28,2.14,Auction Ads,auction_relation
20230807,1773566230291500 ,GB,GB,,1/1/00 0:00,18.0518,25.5354,7/8/23 11:31,1.76,Auction Ads,auction_relation
20230807,1773569282929660 ,SA,,,1/1/00 0:00,46.1222,9.082,7/8/23 11:28,0.54,Non-Auction Ads,Promote
20230807,1773569892751410 ,NO,Others,,1/1/00 0:00,1.58,7.3336,7/8/23 11:28,1.56,Auction Ads,auction_all
20230807,1773569421254650 ,KH,,,1/1/00 0:00,10.8381,3.8053,7/8/23 11:28,0.54,Non-Auction Ads,Promote
20230807,1773569607159810 ,ID,ID,,1/1/00 0:00,7.9999,8.1229,7/8/23 11:28,1.8,Auction Ads,auction_relation
20230807,1773566711346170 ,JP,JP,,1/1/00 0:00,185.8,76.1611,7/8/23 11:42,2.16,Auction Ads,auction_all
20230807,1773569575669800 ,MY,MY,,1/1/00 0:00,,4.3639,7/8/23 11:28,2.31,Auction Ads,auction_relation
20230807,1773569487524890 ,PE,PE,,1/1/00 0:00,1.6,0.9871,7/8/23 11:27,1.68,Auction Ads,auction_all
20230807,1773569937061920 ,NO,Others,,1/1/00 0:00,1.54,7.3336,7/8/23 11:28,1.56,Auction Ads,auction_all
20230807,1773569760823290 ,SA,MENA,,1/1/00 0:00,,7.2899,7/8/23 11:29,1.78,Auction Ads,auction_relation
20230807,1773565828997150 ,HU,Others,,1/1/00 0:00,13.0847,8.7711,7/8/23 11:29,1.56,Auction Ads,auction_all
20230807,1773566617342990 ,US,USCA,,1/1/00 0:00,118.48,66.3765,7/8/23 11:40,1.78,Auction Ads,auction_relation
20230807,1773569676545080 ,DE,DE,,1/1/00 0:00,,1.3726,7/8/23 11:28,1.01,Auction Ads,auction_relation
20230807,1773570823067690 ,TW,TW,,1/1/00 0:00,5.3,16.5036,7/8/23 11:29,0.95,Auction Ads,auction_relation
20230807,1773569228851200 ,PH,,,1/1/00 0:00,0.8929,0.0659,7/8/23 11:27,0.54,Non-Auction Ads,Promote
20230807,1773569648738350 ,SA,MENA,,1/1/00 0:00,0.63,3.3913,7/8/23 11:28,1.67,RIE,Ad Group Recall (Merged)
20230807,1773569743882240 ,IQ,Others,,1/1/00 0:00,15.19,7.9494,7/8/23 11:29,1.56,Auction Ads,auction_all
20230807,1773564299196420 ,DE,,,1/1/00 0:00,8.5715,3.5606,7/8/23 11:28,0.54,Non-Auction Ads,Promote
20230807,1773568830039080 ,CZ,CZ,,1/1/00 0:00,22.7724,12.8593,7/8/23 11:29,1.9,Auction Ads,auction_relation
20230807,1773568830039080 ,PL,PL,,1/1/00 0:00,22.7724,12.8593,7/8/23 11:29,1.64,Auction Ads,auction_relation
20230807,1773568830039080 ,NO,Others,,1/1/00 0:00,22.7724,12.8593,7/8/23 11:29,1.56,Auction Ads,auction_all
20230807,1773568830039080 ,FI,Others,,1/1/00 0:00,22.7724,12.8593,7/8/23 11:29,1.56,Auction Ads,auction_all
20230807,1773568830039080 ,HU,Others,,1/1/00 0:00,22.7724,12.8593,7/8/23 11:29,1.56,Auction Ads,auction_all
20230807,1773568830039080 ,GB,GB,,1/1/00 0:00,22.7724,12.8593,7/8/23 11:29,1.76,Auction Ads,auction_relation
20230807,1773568830039080 ,IE,IE,,1/1/00 0:00,22.7724,12.8593,7/8/23 11:29,1.52,Auction Ads,auction_relation
20230807,1773568830039080 ,SE,SE,,1/1/00 0:00,22.7724,12.8593,7/8/23 11:29,1.4,Auction Ads,auction_relation
20230807,1773568830039080 ,NL,NL,,1/1/00 0:00,22.7724,12.8593,7/8/23 11:29,1.19,Auction Ads,auction_relation
20230807,1773568830039080 ,IT,IT,,1/1/00 0:00,22.7724,12.8593,7/8/23 11:29,1.36,Auction Ads,auction_relation
20230807,1773568830039080 ,AT,AT,,1/1/00 0:00,22.7724,12.8593,7/8/23 11:29,0.89,Auction Ads,auction_relation
20230807,1773568830039080 ,DK,DK,,1/1/00 0:00,22.7724,12.8593,7/8/23 11:29,1.31,Auction Ads,auction_relation
20230807,1773568830039080 ,ES,ES,,1/1/00 0:00,22.7724,12.8593,7/8/23 11:29,1.37,Auction Ads,auction_relation
20230807,1773568830039080 ,GR,GR,,1/1/00 0:00,22.7724,12.8593,7/8/23 11:29,2.11,Auction Ads,auction_relation
20230807,1773565786881020 ,MY,,,1/1/00 0:00,0.6016,1.5098,7/8/23 11:28,0.54,Non-Auction Ads,Promote
20230807,1773562433345530 ,TH,,,1/1/00 0:00,0.6366,0.5912,7/8/23 11:28,0.54,Non-Auction Ads,Promote
20230807,1773566135564330 ,DE,DE,,1/1/00 0:00,6.1505,32.3887,7/8/23 11:33,1.01,Auction Ads,auction_relation
20230807,1773565915476990 ,FR,FR,,1/1/00 0:00,,0.8523,7/8/23 11:29,1.97,Auction Ads,auction_relation
20230807,1773584689621000 ,US,US&CA,,1/1/00 0:00,10.28,7.24,7/8/23 11:29,1.81,RIE,Ad Group Recall (Merged)
20230807,1773565270611960 ,GR,GR,,1/1/00 0:00,4.5771,9.0282,7/8/23 11:30,2.11,Auction Ads,auction_relation
20230807,1773569923501160 ,NZ,NZ,,1/1/00 0:00,0.67,11.66,7/8/23 11:31,1.58,Auction Ads,auction_relation
20230807,1773569923501160 ,GB,GB,,1/1/00 0:00,0.67,11.66,7/8/23 11:31,1.76,Auction Ads,auction_relation
20230807,1773569923501160 ,AU,AU,,1/1/00 0:00,0.67,11.66,7/8/23 11:31,1.84,Auction Ads,auction_relation
20230807,1773569546301440 ,US,,,1/1/00 0:00,3.73,4.6461,7/8/23 11:29,1.53,RIE,Promote Report Recall
20230807,1773570363684880 ,ID,ID,,1/1/00 0:00,27.6498,21.0898,7/8/23 11:32,1.8,Auction Ads,auction_relation
20230807,1773558852103200 ,US,USCA,,1/1/00 0:00,,3.605,7/8/23 11:30,1.78,Auction Ads,auction_relation
20230807,1773569884777480 ,TH,TH,,1/1/00 0:00,,3.3814,7/8/23 11:30,1.64,Auction Ads,auction_relation
20230807,1773570621630480 ,TR,TR,,1/1/00 0:00,2250.8569,76.6447,7/8/23 11:45,1.63,RIE,Ad Group Recall (Merged)
20230807,1773569798638620 ,KZ,KZ,,1/1/00 0:00,,19.3467,7/8/23 11:32,2,Auction Ads,auction_relation
20230807,1773566888188940 ,JP,JP,,1/1/00 0:00,188.06,76.1611,7/8/23 11:45,2.16,Auction Ads,auction_all
20230807,1773566461978650 ,SE,SE,,1/1/00 0:00,785.53,22.5138,7/8/23 11:34,1.4,Auction Ads,auction_relation
20230807,1773569912335390 ,MY,MY,,1/1/00 0:00,4.8165,2.5847,7/8/23 11:31,2.31,Auction Ads,auction_relation
20230807,1773559517075450 ,ID,,,1/1/00 0:00,1.5893,0.6628,7/8/23 11:30,0.54,Non-Auction Ads,Promote
20230807,1773569387594750 ,TH,,,1/1/00 0:00,4.11,1.3503,7/8/23 11:30,1.53,RIE,Promote Report Recall
20230807,1773569576386560 ,RO,,,1/1/00 0:00,0.7093,0.8936,7/8/23 11:30,1.53,RIE,Promote Report Recall
20230807,1773569793795070 ,US,US&CA,,1/1/00 0:00,178.21,15.3715,7/8/23 11:32,1.81,RIE,Ad Group Recall (Merged)
20230807,1773565944955930 ,BE,BE,,1/1/00 0:00,5.29,1.027,7/8/23 11:31,1.15,Auction Ads,auction_relation
20230807,1773566152284170 ,ID,ID,,1/1/00 0:00,8.39,13.6537,7/8/23 11:32,1.8,Auction Ads,auction_relation
20230807,1773569981586460 ,GB,GB,,1/1/00 0:00,1.35,2.0452,7/8/23 11:31,1.76,Auction Ads,auction_relation
20230807,1773569981586460 ,GB,GB,,1/1/00 0:00,1.35,2.0452,7/8/23 11:31,1.72,RIE,Ad Group Recall (Merged)
20230807,1773494203725820 ,SA,,,1/1/00 0:00,12.7577,1.9914,7/8/23 11:31,0.54,Non-Auction Ads,Promote
20230807,1773569699559420 ,VN,,,1/1/00 0:00,1.2804,1.0349,7/8/23 11:31,1.53,RIE,Promote Report Recall
20230807,1773569585904680 ,TW,TW,,1/1/00 0:00,,1.6184,7/8/23 11:31,0.95,Auction Ads,auction_relation
20230807,1773569585889280 ,TW,TW,,1/1/00 0:00,,1.6184,7/8/23 11:31,0.95,Auction Ads,auction_relation
20230807,1773569585865740 ,TW,TW,,1/1/00 0:00,,1.6184,7/8/23 11:31,0.95,Auction Ads,auction_relation
20230807,1773569585881100 ,TW,TW,,1/1/00 0:00,,1.6184,7/8/23 11:31,0.95,Auction Ads,auction_relation
20230807,1773569585871920 ,TW,TW,,1/1/00 0:00,,1.6184,7/8/23 11:31,0.95,Auction Ads,auction_relation
20230807,1773569585867820 ,TW,TW,,1/1/00 0:00,,1.6184,7/8/23 11:31,0.95,Auction Ads,auction_relation
20230807,1773569585896440 ,TW,TW,,1/1/00 0:00,,1.6184,7/8/23 11:31,0.95,Auction Ads,auction_relation
20230807,1773569585907770 ,TW,TW,,1/1/00 0:00,10.37,1.6184,7/8/23 11:31,0.95,Auction Ads,auction_relation
20230807,1773569585877040 ,TW,TW,,1/1/00 0:00,,1.6184,7/8/23 11:31,0.95,Auction Ads,auction_relation
20230807,1773569585886240 ,TW,TW,,1/1/00 0:00,,1.6184,7/8/23 11:31,0.95,Auction Ads,auction_relation
20230807,1773585896302600 ,US,USCA,,1/1/00 0:00,,1.7548,7/8/23 11:31,1.78,Auction Ads,auction_relation
20230807,1773494319451130 ,SA,,,1/1/00 0:00,2.0812,0.4075,7/8/23 11:31,0.54,Non-Auction Ads,Promote
20230807,1773568588338170 ,KZ,KZ,,1/1/00 0:00,16.23,9.16,7/8/23 11:33,2,Auction Ads,auction_relation
20230807,1773569307393090 ,ID,,,1/1/00 0:00,3.1506,0.1627,7/8/23 11:31,0.54,Non-Auction Ads,Promote
20230807,1773569440585720 ,KH,,,1/1/00 0:00,0.2548,0.3805,7/8/23 11:31,0.54,Non-Auction Ads,Promote
20230807,1773567365665790 ,NZ,NZ,,1/1/00 0:00,7.75,2.071,7/8/23 11:32,1.58,Auction Ads,auction_relation
20230807,1773567350472750 ,GB,GB,,1/1/00 0:00,0.91,2.071,7/8/23 11:32,1.76,Auction Ads,auction_relation
20230807,1773567816382480 ,GB,GB,,1/1/00 0:00,0.95,2.071,7/8/23 11:32,1.76,Auction Ads,auction_relation
20230807,1773567370976360 ,GB,GB,,1/1/00 0:00,2.97,2.071,7/8/23 11:32,1.76,Auction Ads,auction_relation
20230807,1773567365665790 ,AU,AU,,1/1/00 0:00,7.75,2.071,7/8/23 11:32,1.84,Auction Ads,auction_relation
20230807,1773567816388650 ,GB,GB,,1/1/00 0:00,1.08,2.071,7/8/23 11:32,1.76,Auction Ads,auction_relation
20230807,1773567365665790 ,GB,GB,,1/1/00 0:00,7.75,2.071,7/8/23 11:32,1.76,Auction Ads,auction_relation
20230807,1773494587834370 ,SA,,,1/1/00 0:00,5.8135,5.8163,7/8/23 11:33,0.54,Non-Auction Ads,Promote
20230807,1773566118946860 ,AT,AT,,1/1/00 0:00,0.165,3.78,7/8/23 11:32,0.89,Auction Ads,auction_relation
20230807,1773566122314780 ,AT,AT,,1/1/00 0:00,0.3852,3.78,7/8/23 11:32,0.89,Auction Ads,auction_relation
20230807,1773560909710330 ,TH,,,1/1/00 0:00,0.6808,0.5302,7/8/23 11:32,0.54,Non-Auction Ads,Promote
20230807,1773566594423850 ,GB,GB,,1/1/00 0:00,56.97,37.6939,7/8/23 11:41,1.76,Auction Ads,auction_relation
20230807,1773570147507230 ,GB,GB,,1/1/00 0:00,3.55,6.0314,7/8/23 11:34,1.76,Auction Ads,auction_relation
20230807,1773570147507230 ,AU,AU,,1/1/00 0:00,3.55,6.0314,7/8/23 11:34,1.84,Auction Ads,auction_relation
20230807,1773570147507230 ,NZ,NZ,,1/1/00 0:00,3.55,6.0314,7/8/23 11:34,1.58,Auction Ads,auction_relation
20230807,1773570147507230 ,ES,ES,,1/1/00 0:00,3.55,6.0314,7/8/23 11:34,1.37,Auction Ads,auction_relation
20230807,1773562608161790 ,TH,,,1/1/00 0:00,1.7293,0.6087,7/8/23 11:32,0.54,Non-Auction Ads,Promote
20230807,1773566825168940 ,US,USCA,,1/1/00 0:00,118.66,30.4157,7/8/23 11:40,1.78,Auction Ads,auction_relation
20230807,1773566825168940 ,AU,AU,,1/1/00 0:00,118.66,30.4157,7/8/23 11:40,1.84,Auction Ads,auction_relation
20230807,1773566825168940 ,ZA,ZA,,1/1/00 0:00,118.66,30.4157,7/8/23 11:40,1.4,Auction Ads,auction_relation
20230807,1773568019483640 ,ID,,,1/1/00 0:00,2.7196,0.5576,7/8/23 11:33,0.54,Non-Auction Ads,Promote
20230807,1773514879985660 ,SA,,,1/1/00 0:00,,0.711,7/8/23 11:33,0.54,Non-Auction Ads,Promote
20230807,1773562437738490 ,TH,,,1/1/00 0:00,0.5744,0.5886,7/8/23 11:33,0.54,Non-Auction Ads,Promote
20230807,1773569878972410 ,MY,,,1/1/00 0:00,0.6038,7.9009,7/8/23 11:35,1.53,RIE,Promote Report Recall
20230807,1773568050202620 ,ID,,,1/1/00 0:00,0.3208,0.2041,7/8/23 11:34,0.54,Non-Auction Ads,Promote
20230807,1773569492611070 ,GR,,,1/1/00 0:00,3.015,0.8275,7/8/23 11:34,1.53,RIE,Promote Report Recall
20230807,1773569492611070 ,GR,,,1/1/00 0:00,3.015,0.8275,7/8/23 11:34,0.54,Non-Auction Ads,Promote
20230807,1773570010963980 ,BR,BR,,1/1/00 0:00,1.84,5.5654,7/8/23 11:35,1.99,Auction Ads,auction_all
20230807,1773569555500030 ,PH,,,1/1/00 0:00,0.2105,0.2275,7/8/23 11:34,0.54,Non-Auction Ads,Promote
20230807,1773569905345530 ,VN,,,1/1/00 0:00,1.749,0.3365,7/8/23 11:34,1.53,RIE,Promote Report Recall
20230807,1773547737119740 ,QA,,,1/1/00 0:00,1.6577,0.3989,7/8/23 11:34,0.54,Non-Auction Ads,Promote
20230807,1773570460219400 ,AU,AU,,1/1/00 0:00,2.65,2.071,7/8/23 11:35,1.84,Auction Ads,auction_relation
20230807,1773570445309950 ,AU,AU,,1/1/00 0:00,9.7,2.071,7/8/23 11:35,1.84,Auction Ads,auction_relation
20230807,1773570454539290 ,NZ,NZ,,1/1/00 0:00,2.8,2.071,7/8/23 11:35,1.58,Auction Ads,auction_relation
20230807,1773569723267070 ,PH,,,1/1/00 0:00,0.3121,0.198,7/8/23 11:34,0.54,Non-Auction Ads,Promote
20230807,1773570163593260 ,ID,ID,,1/1/00 0:00,4.3,3.0729,7/8/23 11:35,1.8,Auction Ads,auction_relation
20230807,1773569658545200 ,PL,,,1/1/00 0:00,1.5843,0.7859,7/8/23 11:35,0.54,Non-Auction Ads,Promote
20230807,1773566695990300 ,GB,GB,,1/1/00 0:00,56.94,37.6939,7/8/23 11:43,1.76,Auction Ads,auction_relation
20230807,1773570158053370 ,NO,Others,,1/1/00 0:00,0.99,7.3336,7/8/23 11:36,1.56,Auction Ads,auction_all
20230807,1773566679019550 ,MY,MY,,1/1/00 0:00,8.36,13.6537,7/8/23 11:39,2.31,Auction Ads,auction_relation
20230807,1773568991876120 ,US,USCA,,1/1/00 0:00,5.03,21.7872,7/8/23 11:41,1.78,Auction Ads,auction_relation
20230807,1773563060418640 ,IL,IL,,1/1/00 0:00,0.59,2.2053,7/8/23 11:35,1.52,Auction Ads,auction_relation
20230807,1773563051626540 ,US,USCA,,1/1/00 0:00,4.4,2.2053,7/8/23 11:35,1.78,Auction Ads,auction_relation
20230807,1773563060408370 ,IL,IL,,1/1/00 0:00,0.32,2.2053,7/8/23 11:35,1.52,Auction Ads,auction_relation
20230807,1773563051626540 ,IL,IL,,1/1/00 0:00,4.4,2.2053,7/8/23 11:35,1.52,Auction Ads,auction_relation
20230807,1773563060408370 ,CA,USCA,,1/1/00 0:00,0.32,2.2053,7/8/23 11:35,1.78,Auction Ads,auction_relation
20230807,1773563051626540 ,CA,USCA,,1/1/00 0:00,4.4,2.2053,7/8/23 11:35,1.78,Auction Ads,auction_relation
20230807,1773563060418640 ,AU,AU,,1/1/00 0:00,0.59,2.2053,7/8/23 11:35,1.84,Auction Ads,auction_relation
20230807,1773563060408370 ,US,USCA,,1/1/00 0:00,0.32,2.2053,7/8/23 11:35,1.78,Auction Ads,auction_relation
20230807,1773563060408370 ,AU,AU,,1/1/00 0:00,0.32,2.2053,7/8/23 11:35,1.84,Auction Ads,auction_relation
20230807,1773563060418640 ,DE,DE,,1/1/00 0:00,0.59,2.2053,7/8/23 11:35,1.01,Auction Ads,auction_relation
20230807,1773563051635730 ,IL,IL,,1/1/00 0:00,1.06,2.2053,7/8/23 11:35,1.52,Auction Ads,auction_relation
20230807,1773563051626540 ,DE,DE,,1/1/00 0:00,4.4,2.2053,7/8/23 11:35,1.01,Auction Ads,auction_relation
20230807,1773563060408370 ,DE,DE,,1/1/00 0:00,0.32,2.2053,7/8/23 11:35,1.01,Auction Ads,auction_relation
20230807,1773563051635730 ,AU,AU,,1/1/00 0:00,1.06,2.2053,7/8/23 11:35,1.84,Auction Ads,auction_relation
20230807,1773563051626540 ,AU,AU,,1/1/00 0:00,4.4,2.2053,7/8/23 11:35,1.84,Auction Ads,auction_relation
20230807,1773569911775230 ,DE,,,1/1/00 0:00,40.2816,2.9784,7/8/23 11:36,1.53,RIE,Promote Report Recall
20230807,1773570126842880 ,RO,RO,,1/1/00 0:00,2.2224,2.761,7/8/23 11:36,1.94,Auction Ads,auction_relation
20230807,1773570148015100 ,VN,,,1/1/00 0:00,4.2932,3.0166,7/8/23 11:38,1.53,RIE,Promote Report Recall
20230807,1773501840036860 ,KW,,,1/1/00 0:00,4.5452,1.6543,7/8/23 11:37,0.54,Non-Auction Ads,Promote
20230807,1773569888023550 ,JP,,,1/1/00 0:00,0.6904,0.9854,7/8/23 11:37,0.54,Non-Auction Ads,Promote
20230807,1773566165570600 ,GR,GR,,1/1/00 0:00,11.2451,9.0282,7/8/23 11:40,2.11,Auction Ads,auction_relation
20230807,1773566462721070 ,HU,Other,,1/1/00 0:00,5.8113,4.2341,7/8/23 11:39,1.62,RIE,Ad Group Recall (Merged)
20230807,1773570123390970 ,KW,,,1/1/00 0:00,36.6346,6.548,7/8/23 11:39,0.54,Non-Auction Ads,Promote
20230807,1773570189291540 ,CZ,,,1/1/00 0:00,6.3773,2.437,7/8/23 11:39,1.53,RIE,Promote Report Recall
20230807,1773570080970750 ,IT,,,1/1/00 0:00,0.374,0.5797,7/8/23 11:38,1.53,RIE,Promote Report Recall
20230807,1773570248054830 ,PK,PK,,1/1/00 0:00,2.15,0.6611,7/8/23 11:38,1.36,Auction Ads,auction_relation
20230807,1773570344939600 ,PK,Other,,1/1/00 0:00,0.63,0.5072,7/8/23 11:38,1.62,RIE,Ad Group Recall (Merged)
20230807,1773569924770810 ,PH,,,1/1/00 0:00,0.2034,0.0802,7/8/23 11:39,0.54,Non-Auction Ads,Promote
20230807,1773570144726010 ,VN,,,1/1/00 0:00,4.4261,1.3168,7/8/23 11:39,1.53,RIE,Promote Report Recall
20230807,1773566701922320 ,TW,TW,,1/1/00 0:00,1.55,9.0575,7/8/23 11:40,0.95,Auction Ads,auction_relation
20230807,1773566220062770 ,HU,Other,,1/1/00 0:00,3.8119,4.2341,7/8/23 11:40,1.62,RIE,Ad Group Recall (Merged)
20230807,1773566392555560 ,HU,Other,,1/1/00 0:00,32.5606,4.2341,7/8/23 11:40,1.62,RIE,Ad Group Recall (Merged)
20230807,1773569270493190 ,FR,,,1/1/00 0:00,2.0573,0.757,7/8/23 11:39,0.54,Non-Auction Ads,Promote
20230807,1773570074470400 ,HU,,,1/1/00 0:00,0.9642,1.403,7/8/23 11:39,0.54,Non-Auction Ads,Promote
20230807,1773562816542720 ,TH,,,1/1/00 0:00,0.4456,0.6791,7/8/23 11:39,0.54,Non-Auction Ads,Promote
20230807,1773570460667950 ,ID,ID,,1/1/00 0:00,0.3604,3.9677,7/8/23 11:40,1.8,Auction Ads,auction_relation
20230807,1773570612514850 ,AU,AU,,1/1/00 0:00,,5.5707,7/8/23 11:40,1.84,Auction Ads,auction_relation
20230807,1773562838566910 ,TH,,,1/1/00 0:00,0.4858,0.5561,7/8/23 11:39,0.54,Non-Auction Ads,Promote
20230807,1773494888776700 ,SA,,,1/1/00 0:00,0.9089,1.6785,7/8/23 11:40,0.54,Non-Auction Ads,Promote
20230807,1773570292994040 ,IL,,,1/1/00 0:00,34.3548,4.2391,7/8/23 11:40,0.54,Non-Auction Ads,Promote
20230807,1773570130040830 ,PH,,,1/1/00 0:00,0.1493,0.0748,7/8/23 11:40,0.54,Non-Auction Ads,Promote
20230807,1773566663910440 ,DE,DE,,1/1/00 0:00,14.82,15.2664,7/8/23 11:43,1.01,Auction Ads,auction_relation
20230807,1773494733372410 ,SA,,,1/1/00 0:00,1.9037,1.137,7/8/23 11:40,0.54,Non-Auction Ads,Promote
20230807,1773570350661680 ,BR,BR,,1/1/00 0:00,,0.5229,7/8/23 11:40,1.99,Auction Ads,auction_all
20230807,1773570350680110 ,BR,BR,,1/1/00 0:00,,0.5229,7/8/23 11:40,1.99,Auction Ads,auction_all
20230807,1773494837060610 ,SA,,,1/1/00 0:00,2.0525,1.6785,7/8/23 11:41,0.54,Non-Auction Ads,Promote
20230807,1773494832182270 ,SA,,,1/1/00 0:00,1.1491,0.5936,7/8/23 11:41,0.54,Non-Auction Ads,Promote
20230807,1773570199862270 ,TH,,,1/1/00 0:00,7.6,1.543,7/8/23 11:41,1.53,RIE,Promote Report Recall
20230807,1773567442186250 ,US,USCA,,1/1/00 0:00,118.92,30.4157,7/8/23 11:47,1.78,Auction Ads,auction_relation
20230807,1773567442186250 ,ZA,ZA,,1/1/00 0:00,118.92,30.4157,7/8/23 11:47,1.4,Auction Ads,auction_relation
20230807,1773567442186250 ,AU,AU,,1/1/00 0:00,118.92,30.4157,7/8/23 11:47,1.84,Auction Ads,auction_relation
20230807,1773572118711330 ,TW,TW,,1/1/00 0:00,,3.2296,7/8/23 11:42,0.95,Auction Ads,auction_relation
20230807,1773567226198010 ,US,USCA,,1/1/00 0:00,25.13,20.3321,7/8/23 11:44,1.78,Auction Ads,auction_relation
20230807,1773578897999880 ,IQ,Other,,1/1/00 0:00,4.8,2.697,7/8/23 11:42,1.62,RIE,Ad Group Recall (Merged)
20230807,1773557605690370 ,TR,,,1/1/00 0:00,0.2569,0.0585,7/8/23 11:41,0.54,Non-Auction Ads,Promote
20230807,1773562929400830 ,TH,,,1/1/00 0:00,0.2678,0.3941,7/8/23 11:42,0.54,Non-Auction Ads,Promote
20230807,1773570481137660 ,TH,TH,,1/1/00 0:00,,0.6391,7/8/23 11:42,1.64,Auction Ads,auction_relation
20230807,1773570347283450 ,PH,,,1/1/00 0:00,0.6476,0.1877,7/8/23 11:42,1.53,RIE,Promote Report Recall
20230807,1773570465264640 ,TH,TH,,1/1/00 0:00,4.7935,8.016,7/8/23 11:43,1.64,Auction Ads,auction_relation
20230807,1773570906824750 ,ID,ID,,1/1/00 0:00,25.7483,21.0898,7/8/23 11:46,1.8,Auction Ads,auction_relation
20230807,1773570549507100 ,DK,DK,,1/1/00 0:00,21.66,6.5929,7/8/23 11:43,1.31,Auction Ads,auction_relation
20230807,1773570549507100 ,CH,CH,,1/1/00 0:00,21.66,6.5929,7/8/23 11:43,0.93,Auction Ads,auction_relation
20230807,1773570549507100 ,RO,RO,,1/1/00 0:00,21.66,6.5929,7/8/23 11:43,1.94,Auction Ads,auction_relation
20230807,1773570549507100 ,BE,BE,,1/1/00 0:00,21.66,6.5929,7/8/23 11:43,1.15,Auction Ads,auction_relation
20230807,1773570549507100 ,NO,Others,,1/1/00 0:00,21.66,6.5929,7/8/23 11:43,1.56,Auction Ads,auction_all
20230807,1773570549507100 ,FI,Others,,1/1/00 0:00,21.66,6.5929,7/8/23 11:43,1.56,Auction Ads,auction_all
20230807,1773570549507100 ,AT,AT,,1/1/00 0:00,21.66,6.5929,7/8/23 11:43,0.89,Auction Ads,auction_relation
20230807,1773570549507100 ,AT,AT,,1/1/00 0:00,21.66,6.5929,7/8/23 11:43,0.89,Auction Ads,auction_relation
20230807,1773570549507100 ,FI,Others,,1/1/00 0:00,21.66,6.5929,7/8/23 11:43,1.56,Auction Ads,auction_all
20230807,1773570549507100 ,HU,Others,,1/1/00 0:00,21.66,6.5929,7/8/23 11:43,1.56,Auction Ads,auction_all
20230807,1773570549507100 ,IE,IE,,1/1/00 0:00,21.66,6.5929,7/8/23 11:43,1.52,Auction Ads,auction_relation
20230807,1773570549507100 ,IT,IT,,1/1/00 0:00,21.66,6.5929,7/8/23 11:43,1.36,Auction Ads,auction_relation
20230807,1773570549507100 ,ES,ES,,1/1/00 0:00,21.66,6.5929,7/8/23 11:43,1.37,Auction Ads,auction_relation
20230807,1773570549507100 ,GB,GB,,1/1/00 0:00,21.66,6.5929,7/8/23 11:43,1.76,Auction Ads,auction_relation
20230807,1773570549507100 ,DE,DE,,1/1/00 0:00,21.66,6.5929,7/8/23 11:43,1.01,Auction Ads,auction_relation
20230807,1773570549507100 ,PT,PT,,1/1/00 0:00,21.66,6.5929,7/8/23 11:43,1.98,Auction Ads,auction_relation
20230807,1773570549507100 ,NL,NL,,1/1/00 0:00,21.66,6.5929,7/8/23 11:43,1.19,Auction Ads,auction_relation
20230807,1773570450311170 ,IL,,,1/1/00 0:00,34.3603,4.2391,7/8/23 11:43,0.54,Non-Auction Ads,Promote
20230807,1773567104610300 ,TW,TW,,1/1/00 0:00,1.59,9.0575,7/8/23 11:44,0.95,Auction Ads,auction_relation
20230807,1773566893301810 ,US,US&CA,,1/1/00 0:00,30.16,5.9472,7/8/23 11:43,1.81,RIE,Ad Group Recall (Merged)
20230807,1773570707714080 ,IQ,Other,,1/1/00 0:00,6.84,2.3315,7/8/23 11:43,1.62,RIE,Ad Group Recall (Merged)
20230807,1773570461860860 ,ID,,,1/1/00 0:00,7.5398,3.7784,7/8/23 11:43,0.54,Non-Auction Ads,Promote
20230807,1773565209141250 ,DE,,,1/1/00 0:00,4.2471,2.8876,7/8/23 11:43,0.54,Non-Auction Ads,Promote
20230807,1773570386108420 ,TH,,,1/1/00 0:00,3.65,5.1821,7/8/23 11:44,1.53,RIE,Promote Report Recall
20230807,1773572405306410 ,BR,BR,,1/1/00 0:00,60.21,89.7333,7/8/23 11:58,1.99,Auction Ads,auction_all
20230807,1773572405306410 ,BR,BR,,1/1/00 0:00,60.21,89.7333,7/8/23 11:58,1.7,RIE,Ad Group Recall (Merged)
20230807,1773570845699070 ,ID,ID,,1/1/00 0:00,0.4243,3.9677,7/8/23 11:44,1.8,Auction Ads,auction_relation
20230807,1773495797705730 ,SA,,,1/1/00 0:00,7.8822,1.896,7/8/23 11:43,0.54,Non-Auction Ads,Promote
20230807,1773569369378820 ,FR,,,1/1/00 0:00,2.1343,0.9672,7/8/23 11:43,0.54,Non-Auction Ads,Promote
20230807,1773570425323520 ,PL,,,1/1/00 0:00,0.374,0.249,7/8/23 11:44,1.53,RIE,Promote Report Recall
20230807,1773570688997400 ,KR,KR,,1/1/00 0:00,9.0641,10.6623,7/8/23 11:46,2.37,Auction Ads,auction_relation
20230807,1773570845908000 ,CA,USCA,,1/1/00 0:00,2.01,3.4552,7/8/23 11:44,1.78,Auction Ads,auction_relation
20230807,1773570539748350 ,PH,,,1/1/00 0:00,10.9978,2.7588,7/8/23 11:44,0.54,Non-Auction Ads,Promote
20230807,1773570225575940 ,TH,,,1/1/00 0:00,9.91,2.2158,7/8/23 11:44,1.53,RIE,Promote Report Recall
20230807,1773557946301440 ,TR,,,1/1/00 0:00,0.2472,0.063,7/8/23 11:44,0.54,Non-Auction Ads,Promote
20230807,1773570624499720 ,MY,MY,,1/1/00 0:00,0.132,1.0045,7/8/23 11:44,2.31,Auction Ads,auction_relation
20230807,1773570670206970 ,TH,TH,,1/1/00 0:00,4.327,8.016,7/8/23 11:46,1.64,Auction Ads,auction_relation
20230807,1773570563553330 ,TW,TW,,1/1/00 0:00,5.79,2.187,7/8/23 11:44,0.95,Auction Ads,auction_relation
20230807,1773558079922170 ,TR,,,1/1/00 0:00,0.7916,0.4788,7/8/23 11:44,0.54,Non-Auction Ads,Promote
20230807,1773570582138880 ,IL,,,1/1/00 0:00,41.3254,4.3043,7/8/23 11:45,0.54,Non-Auction Ads,Promote
20230807,1773562938113020 ,TH,,,1/1/00 0:00,7.3287,3.8746,7/8/23 11:45,0.54,Non-Auction Ads,Promote
20230807,1773570576146430 ,SA,,,1/1/00 0:00,13.6052,7.0666,7/8/23 11:46,0.54,Non-Auction Ads,Promote
20230807,1773564212194330 ,PL,PL,,1/1/00 0:00,31.7463,17.0265,7/8/23 11:50,1.64,Auction Ads,auction_relation
20230807,1773566972787710 ,MY,,,1/1/00 0:00,2.2218,0.9766,7/8/23 11:45,0.54,Non-Auction Ads,Promote
20230807,1773570975199260 ,TH,TH,,1/1/00 0:00,3.584,2.7945,7/8/23 11:45,1.64,Auction Ads,auction_relation
20230807,1773570416657410 ,BR,,,1/1/00 0:00,1.1041,0.5315,7/8/23 11:45,1.53,RIE,Promote Report Recall
20230807,1773570591731710 ,IT,,,1/1/00 0:00,26.5169,4.1936,7/8/23 11:46,0.54,Non-Auction Ads,Promote
20230807,1773565518722050 ,DE,,,1/1/00 0:00,4.159,1.2172,7/8/23 11:46,0.54,Non-Auction Ads,Promote
20230807,1773569850222590 ,TH,,,1/1/00 0:00,7.91,1.7735,7/8/23 11:47,1.53,RIE,Promote Report Recall
20230807,1773570588516350 ,PH,,,1/1/00 0:00,0.225,0.1658,7/8/23 11:46,1.53,RIE,Promote Report Recall
20230807,1773563185067000 ,TH,,,1/1/00 0:00,0.3431,0.1187,7/8/23 11:47,0.54,Non-Auction Ads,Promote
20230807,1773567530391580 ,IT,IT,,1/1/00 0:00,108.1814,52.2456,7/8/23 11:55,1.36,Auction Ads,auction_relation
20230807,1773570636874750 ,JP,,,1/1/00 0:00,1.6212,2.2089,7/8/23 11:47,0.54,Non-Auction Ads,Promote
20230807,1773570802032670 ,MY,MY,,1/1/00 0:00,,4.2245,7/8/23 11:48,2.31,Auction Ads,auction_relation
20230807,1773570677351470 ,BR,BR,,1/1/00 0:00,0.68,1.3218,7/8/23 11:47,1.99,Auction Ads,auction_all
20230807,1773507707966460 ,VN,,,1/1/00 0:00,1.2629,2.6531,7/8/23 11:47,0.54,Non-Auction Ads,Promote
20230807,1773569466298370 ,BR,,,1/1/00 0:00,1.2086,0.4639,7/8/23 11:47,0.54,Non-Auction Ads,Promote
20230807,1773570680550400 ,BR,BR,,1/1/00 0:00,1.17,1.3218,7/8/23 11:47,1.99,Auction Ads,auction_all
20230807,1773570680251390 ,BR,BR,,1/1/00 0:00,3.78,1.3218,7/8/23 11:47,1.99,Auction Ads,auction_all
20230807,1773567823742980 ,IT,,,1/1/00 0:00,1.6503,3.3362,7/8/23 11:48,0.54,Non-Auction Ads,Promote
20230807,1773570764675070 ,MY,,,1/1/00 0:00,7.381,1.8847,7/8/23 11:48,1.53,RIE,Promote Report Recall
20230807,1773570084330490 ,PH,,,1/1/00 0:00,0.1491,0.1197,7/8/23 11:47,0.54,Non-Auction Ads,Promote
20230807,1773570987109370 ,PT,PT,,1/1/00 0:00,1.05,2.6463,7/8/23 11:49,1.98,Auction Ads,auction_relation
20230807,1773570722313240 ,BR,BR,,1/1/00 0:00,2.38,0.7183,7/8/23 11:48,1.99,Auction Ads,auction_all
20230807,1773496011744250 ,SA,,,1/1/00 0:00,2.0607,0.4509,7/8/23 11:48,0.54,Non-Auction Ads,Promote
20230807,1773570820316160 ,IL,,,1/1/00 0:00,14.4093,3.7767,7/8/23 11:50,0.54,Non-Auction Ads,Promote
20230807,1773570181537790 ,PH,,,1/1/00 0:00,0.2303,0.4193,7/8/23 11:48,0.54,Non-Auction Ads,Promote
20230807,1773570737030140 ,RO,,,1/1/00 0:00,17.6151,2.0058,7/8/23 11:49,0.54,Non-Auction Ads,Promote
20230807,1773570757925890 ,BR,,,1/1/00 0:00,34.4818,1.489,7/8/23 11:49,0.54,Non-Auction Ads,Promote
20230807,1773570699902970 ,PH,,,1/1/00 0:00,0.1271,0.1673,7/8/23 11:49,0.54,Non-Auction Ads,Promote
20230807,1773567647620140 ,IT,IT,,1/1/00 0:00,109.9199,52.2456,7/8/23 11:57,1.36,Auction Ads,auction_relation
20230807,1773570846050310 ,TH,,,1/1/00 0:00,15.84,2.8766,7/8/23 11:50,1.53,RIE,Promote Report Recall
20230807,1773570983078940 ,IQ,Others,,1/1/00 0:00,12.57,3.2945,7/8/23 11:50,1.56,Auction Ads,auction_all
20230807,1773570983078940 ,IQ,Others,,1/1/00 0:00,12.57,3.2945,7/8/23 11:50,1.56,Auction Ads,auction_all
20230807,1773568332276730 ,GB,GB,,1/1/00 0:00,0.0381,56.8135,7/8/23 11:58,1.76,Auction Ads,auction_relation
20230807,1773570906544160 ,AE,MENA,,1/1/00 0:00,,0.7377,7/8/23 11:50,1.67,RIE,Ad Group Recall (Merged)
20230807,1773570901601320 ,KR,KR,,1/1/00 0:00,,0.1415,7/8/23 11:50,2.18,RIE,Ad Group Recall (Merged)
20230807,1773570838645810 ,KH,Other,,1/1/00 0:00,,0.1415,7/8/23 11:50,1.62,RIE,Ad Group Recall (Merged)
20230807,1773571143630880 ,ID,ID,,1/1/00 0:00,,3.9677,7/8/23 11:50,1.8,Auction Ads,auction_relation
20230807,1773572332270620 ,TR,TR,,1/1/00 0:00,23.2807,0,7/8/23 11:50,1.63,RIE,Ad Group Recall (Merged)
20230807,1773572332270620 ,TR,TR,,1/1/00 0:00,23.2807,0,7/8/23 11:50,1.63,RIE,Ad Group Recall (Merged)
20230807,1773567636896770 ,DE,,,1/1/00 0:00,5.8866,6.9892,7/8/23 11:50,0.54,Non-Auction Ads,Promote
20230807,1773570931428360 ,EG,MENA,,1/1/00 0:00,,0.1415,7/8/23 11:50,1.67,RIE,Ad Group Recall (Merged)
20230807,1773570926002220 ,TW,TW,,1/1/00 0:00,,0.1415,7/8/23 11:50,2.59,RIE,Ad Group Recall (Merged)
20230807,1773567661996080 ,DE,DE,,1/1/00 0:00,78.3743,33.8945,7/8/23 11:54,1.01,Auction Ads,auction_relation
20230807,1773567661996080 ,AT,AT,,1/1/00 0:00,78.3743,33.8945,7/8/23 11:54,0.89,Auction Ads,auction_relation
20230807,1773570930829330 ,KR,KR,,1/1/00 0:00,,0.2786,7/8/23 11:50,2.18,RIE,Ad Group Recall (Merged)
20230807,1773570515128320 ,PH,,,1/1/00 0:00,0.3522,0.2274,7/8/23 11:50,0.54,Non-Auction Ads,Promote
20230807,1773570931015730 ,MY,MY,,1/1/00 0:00,,0.1415,7/8/23 11:50,2.3,RIE,Ad Group Recall (Merged)
20230807,1773570931349520 ,TH,TH,,1/1/00 0:00,,0.1415,7/8/23 11:50,1.87,RIE,Ad Group Recall (Merged)
20230807,1773563216986110 ,TH,,,1/1/00 0:00,0.8122,0.9148,7/8/23 11:50,0.54,Non-Auction Ads,Promote
20230807,1773570656251900 ,PT,,,1/1/00 0:00,0.4621,0.4371,7/8/23 11:50,0.54,Non-Auction Ads,Promote
20230807,1773571004736540 ,MY,MY,,1/1/00 0:00,0.275,1.0045,7/8/23 11:50,2.31,Auction Ads,auction_relation
20230807,1773570999091200 ,MY,MY,,1/1/00 0:00,1.9253,1.0045,7/8/23 11:50,2.31,Auction Ads,auction_relation
20230807,1773571001353210 ,MY,MY,,1/1/00 0:00,0.198,1.0045,7/8/23 11:50,2.31,Auction Ads,auction_relation
20230807,1773563197574140 ,TH,,,1/1/00 0:00,1.1195,1.1052,7/8/23 11:50,0.54,Non-Auction Ads,Promote
20230807,1773565892880380 ,ID,,,1/1/00 0:00,1.4222,0.9892,7/8/23 11:50,0.54,Non-Auction Ads,Promote
20230807,1773567769259010 ,IT,,,1/1/00 0:00,3.9719,0.9337,7/8/23 11:50,0.54,Non-Auction Ads,Promote
20230807,1773570956147710 ,ID,ID,,1/1/00 0:00,,0.7377,7/8/23 11:51,2.05,RIE,Ad Group Recall (Merged)
20230807,1773571227862060 ,TH,TH,,1/1/00 0:00,31.5698,29.2452,7/8/23 11:54,1.64,Auction Ads,auction_relation
20230807,1773570709124210 ,BR,,,1/1/00 0:00,1.6868,0.4207,7/8/23 11:51,1.53,RIE,Promote Report Recall
20230807,1773567457968160 ,EG,MENA,,1/1/00 0:00,3.37,13.6537,7/8/23 11:52,1.78,Auction Ads,auction_relation
20230807,1773567457968160 ,EG,MENA,,1/1/00 0:00,3.37,13.6537,7/8/23 11:52,1.78,Auction Ads,auction_relation
20230807,1773567457968160 ,EG,MENA,,1/1/00 0:00,3.37,13.6537,7/8/23 11:52,1.78,Auction Ads,auction_relation
20230807,1773570955117610 ,EG,MENA,,1/1/00 0:00,,0.7377,7/8/23 11:51,1.67,RIE,Ad Group Recall (Merged)
20230807,1773567186129950 ,GR,GR,,1/1/00 0:00,14.2268,2.2408,7/8/23 11:51,2.11,Auction Ads,auction_relation
20230807,1773570951686140 ,KZ,KZ,,1/1/00 0:00,,0.46,7/8/23 11:51,2,Auction Ads,auction_relation
20230807,1773570958760960 ,KZ,KZ,,1/1/00 0:00,,0.46,7/8/23 11:51,2,Auction Ads,auction_relation
20230807,1773570955117580 ,AR,AR,,1/1/00 0:00,,0.46,7/8/23 11:51,2.23,Auction Ads,auction_all
20230807,1773570951686140 ,KZ,Other,,1/1/00 0:00,,0.46,7/8/23 11:51,1.62,RIE,Ad Group Recall (Merged)
20230807,1773570959145980 ,TR,TR,,1/1/00 0:00,,0.2786,7/8/23 11:51,1.63,RIE,Ad Group Recall (Merged)
20230807,1773567804696600 ,IT,IT,,1/1/00 0:00,109.5457,52.2456,7/8/23 11:59,1.36,Auction Ads,auction_relation
20230807,1773571292442620 ,TH,TH,,1/1/00 0:00,33.1369,29.2452,7/8/23 11:55,1.64,Auction Ads,auction_relation
20230807,1773571265784860 ,IL,IL,,1/1/00 0:00,4.61,1.6387,7/8/23 11:51,1.52,Auction Ads,auction_relation
20230807,1773570937927720 ,MY,MY,,1/1/00 0:00,,0.7377,7/8/23 11:51,2.3,RIE,Ad Group Recall (Merged)
20230807,1773496506664960 ,SA,,,1/1/00 0:00,3.3479,1.9478,7/8/23 11:51,0.54,Non-Auction Ads,Promote
20230807,1773570953760810 ,TR,TR,,1/1/00 0:00,,0.46,7/8/23 11:51,1.63,RIE,Ad Group Recall (Merged)
20230807,1773570956782590 ,BR,BR,,1/1/00 0:00,2.3,0.46,7/8/23 11:51,1.99,Auction Ads,auction_all
20230807,1773567662945280 ,AU,AU,,1/1/00 0:00,118.78,30.4157,7/8/23 11:56,1.84,Auction Ads,auction_relation
20230807,1773567662945280 ,US,USCA,,1/1/00 0:00,118.78,30.4157,7/8/23 11:56,1.78,Auction Ads,auction_relation
20230807,1773567662945280 ,ZA,ZA,,1/1/00 0:00,118.78,30.4157,7/8/23 11:56,1.4,Auction Ads,auction_relation
20230807,1773571273240620 ,PL,PL,,1/1/00 0:00,13.69,18.842,7/8/23 11:53,1.84,RIE,Ad Group Recall (Merged)
20230807,1773570976836640 ,PH,Other,,1/1/00 0:00,,0.7377,7/8/23 11:51,1.62,RIE,Ad Group Recall (Merged)
20230807,1773570978974750 ,CO,CO,,1/1/00 0:00,,0.46,7/8/23 11:51,1.93,Auction Ads,auction_all
20230807,1773570937946140 ,ZA,ZA,,1/1/00 0:00,,0.46,7/8/23 11:51,1.4,Auction Ads,auction_relation
20230807,1773570977303580 ,SA,MENA,,1/1/00 0:00,,0.7377,7/8/23 11:51,1.67,RIE,Ad Group Recall (Merged)
20230807,1773570978092040 ,PK,Other,,1/1/00 0:00,,0.46,7/8/23 11:51,1.62,RIE,Ad Group Recall (Merged)
20230807,1773569749820420 ,FR,,,1/1/00 0:00,4.8851,1.8953,7/8/23 11:51,0.54,Non-Auction Ads,Promote
20230807,1773570938084350 ,ID,,,1/1/00 0:00,0.2208,0.5755,7/8/23 11:51,1.53,RIE,Promote Report Recall
20230807,1773571000388610 ,KR,KR,,1/1/00 0:00,,0.7377,7/8/23 11:51,2.18,RIE,Ad Group Recall (Merged)
20230807,1773571004012560 ,KH,Other,,1/1/00 0:00,,0.7377,7/8/23 11:51,1.62,RIE,Ad Group Recall (Merged)
20230807,1773569525531650 ,BR,,,1/1/00 0:00,1.3893,0.9538,7/8/23 11:51,0.54,Non-Auction Ads,Promote
20230807,1773570999030830 ,MX,MX,,1/1/00 0:00,,0.46,7/8/23 11:51,1.99,Auction Ads,auction_all
20230807,1773570925442090 ,BR,BR,,1/1/00 0:00,0.66,0.4488,7/8/23 11:51,1.99,Auction Ads,auction_all
20230807,1773567708408860 ,IT,IT,,1/1/00 0:00,22.99,16.2397,7/8/23 11:53,1.36,Auction Ads,auction_relation
20230807,1773570998245370 ,VN,,,1/1/00 0:00,1.1245,1.8757,7/8/23 11:52,1.53,RIE,Promote Report Recall
20230807,1773567704092720 ,US,USCA,,1/1/00 0:00,787.54,22.5138,7/8/23 11:55,1.78,Auction Ads,auction_relation
20230807,1773570939698210 ,BR,BR,,1/1/00 0:00,0.41,0.4488,7/8/23 11:52,1.99,Auction Ads,auction_all
20230807,1773571477268520 ,TH,TH,,1/1/00 0:00,33.5312,29.2452,7/8/23 11:57,1.64,Auction Ads,auction_relation
20230807,1773563221368830 ,TH,,,1/1/00 0:00,0.3139,0.1187,7/8/23 11:52,0.54,Non-Auction Ads,Promote
20230807,1773570991505440 ,JP,JP,,1/1/00 0:00,0.1,0.7377,7/8/23 11:52,3.21,RIE,Ad Group Recall (Merged)
20230807,1773571207511040 ,IL,,,1/1/00 0:00,32.4393,17.8146,7/8/23 11:55,1.53,RIE,Promote Report Recall
20230807,1773511405258750 ,VN,,,1/1/00 0:00,1.2183,0.6909,7/8/23 11:52,0.54,Non-Auction Ads,Promote
20230807,1773567830251530 ,CZ,Other,,1/1/00 0:00,0.033,1.3182,7/8/23 11:52,1.62,RIE,Ad Group Recall (Merged)
20230807,1773571074151420 ,SG,Other,,1/1/00 0:00,0.7179,4.2569,7/8/23 11:52,1.62,RIE,Ad Group Recall (Merged)
20230807,1773571084175370 ,SG,Other,,1/1/00 0:00,0.5532,4.2569,7/8/23 11:52,1.62,RIE,Ad Group Recall (Merged)
20230807,1773571018888220 ,TW,TW,,1/1/00 0:00,,0.7377,7/8/23 11:52,2.59,RIE,Ad Group Recall (Merged)
20230807,1773571024141340 ,KZ,Other,,1/1/00 0:00,,0.2786,7/8/23 11:52,1.62,RIE,Ad Group Recall (Merged)
20230807,1773571019633770 ,KZ,Other,,1/1/00 0:00,,0.2786,7/8/23 11:52,1.62,RIE,Ad Group Recall (Merged)
20230807,1773570968971260 ,IL,,,1/1/00 0:00,12.3485,3.7767,7/8/23 11:52,0.54,Non-Auction Ads,Promote
20230807,1773571028786190 ,GB,GB,,1/1/00 0:00,2.93,1.6387,7/8/23 11:52,1.76,Auction Ads,auction_relation
20230807,1773571235735550 ,GB,GB,,1/1/00 0:00,2.38,1.6387,7/8/23 11:52,1.76,Auction Ads,auction_relation
20230807,1773571228683360 ,GB,GB,,1/1/00 0:00,3.46,1.6387,7/8/23 11:52,1.76,Auction Ads,auction_relation
20230807,1773571138556920 ,GB,GB,,1/1/00 0:00,1.96,1.6387,7/8/23 11:52,1.76,Auction Ads,auction_relation
20230807,1773571149714430 ,GB,GB,,1/1/00 0:00,2.67,1.6387,7/8/23 11:52,1.76,Auction Ads,auction_relation
20230807,1773571056159740 ,SA,,,1/1/00 0:00,13.4932,9.5711,7/8/23 11:53,0.54,Non-Auction Ads,Promote
20230807,1773571245628450 ,US,USCA,,1/1/00 0:00,,5.0532,7/8/23 11:53,1.78,Auction Ads,auction_relation
20230807,1773568572432390 ,TH,,,1/1/00 0:00,7.54,3.302,7/8/23 11:52,1.53,RIE,Promote Report Recall
20230807,1773571084938320 ,PT,PT,,1/1/00 0:00,0.43,2.6463,7/8/23 11:52,1.98,Auction Ads,auction_relation
20230807,1773569417724930 ,BR,,,1/1/00 0:00,2.6247,0.9893,7/8/23 11:52,0.54,Non-Auction Ads,Promote
20230807,1773569989971970 ,FR,,,1/1/00 0:00,9.9137,1.1793,7/8/23 11:52,0.54,Non-Auction Ads,Promote
20230807,1773571084942400 ,PT,PT,,1/1/00 0:00,0.93,2.6463,7/8/23 11:52,1.98,Auction Ads,auction_relation
20230807,1773568140171280 ,CH,CH,,1/1/00 0:00,49.1316,44.7647,7/8/23 12:00,0.93,Auction Ads,auction_relation
20230807,1773568140171280 ,FI,Others,,1/1/00 0:00,49.1316,44.7647,7/8/23 12:00,1.56,Auction Ads,auction_all
20230807,1773568140171280 ,DE,DE,,1/1/00 0:00,49.1316,44.7647,7/8/23 12:00,1.01,Auction Ads,auction_relation
20230807,1773568140171280 ,NO,Others,,1/1/00 0:00,49.1316,44.7647,7/8/23 12:00,1.56,Auction Ads,auction_all
20230807,1773568140171280 ,BE,BE,,1/1/00 0:00,49.1316,44.7647,7/8/23 12:00,1.15,Auction Ads,auction_relation
20230807,1773568140171280 ,NL,NL,,1/1/00 0:00,49.1316,44.7647,7/8/23 12:00,1.19,Auction Ads,auction_relation
20230807,1773567374872620 ,US,USCA,,1/1/00 0:00,183.66,0,7/8/23 11:52,1.78,Auction Ads,auction_relation
20230807,1773571117690880 ,PT,PT,,1/1/00 0:00,8.25,2.6463,7/8/23 11:53,1.98,Auction Ads,auction_relation
20230807,1773571027179520 ,IL,,,1/1/00 0:00,19.5107,3.7767,7/8/23 11:53,0.54,Non-Auction Ads,Promote
20230807,1773570218343420 ,FR,,,1/1/00 0:00,2.3104,6.1552,7/8/23 11:54,0.54,Non-Auction Ads,Promote
20230807,1773567959820280 ,ID,,,1/1/00 0:00,0.1802,0.3054,7/8/23 11:52,0.54,Non-Auction Ads,Promote
20230807,1773496544718840 ,SA,,,1/1/00 0:00,3.6625,1.9478,7/8/23 11:53,0.54,Non-Auction Ads,Promote
20230807,1773568587223090 ,GR,GR,,1/1/00 0:00,42.5592,2.2408,7/8/23 11:53,2.11,Auction Ads,auction_relation
20230807,1773571028683780 ,IT,,,1/1/00 0:00,8.3292,1.4546,7/8/23 11:53,1.53,RIE,Promote Report Recall
20230807,1773571295424510 ,IQ,Others,,1/1/00 0:00,23.32,4.6756,7/8/23 11:54,1.56,Auction Ads,auction_all
20230807,1773563260093440 ,TH,,,1/1/00 0:00,0.1891,0.3224,7/8/23 11:53,0.54,Non-Auction Ads,Promote
20230807,1773571779854350 ,PK,PK,,1/1/00 0:00,,1.8537,7/8/23 11:54,1.36,Auction Ads,auction_relation
20230807,1773572574843920 ,PH,Other,,1/1/00 0:00,104.16,67.9272,7/8/23 12:09,1.62,RIE,Ad Group Recall (Merged)
20230807,1773571542327340 ,SA,MENA,,1/1/00 0:00,,2.4234,7/8/23 11:55,1.78,Auction Ads,auction_relation
20230807,1773568251692080 ,DE,DE,,1/1/00 0:00,8.37,11.4122,7/8/23 11:57,1.01,Auction Ads,auction_relation
20230807,1773570785075200 ,PH,,,1/1/00 0:00,0.3381,0.3142,7/8/23 11:54,0.54,Non-Auction Ads,Promote
20230807,1773571199082490 ,IL,,,1/1/00 0:00,13.1942,3.7767,7/8/23 11:56,0.54,Non-Auction Ads,Promote
20230807,1773571113594880 ,PH,,,1/1/00 0:00,0.2008,0.1401,7/8/23 11:55,0.54,Non-Auction Ads,Promote
20230807,1773571133674490 ,TR,,,1/1/00 0:00,0.4966,0.2202,7/8/23 11:55,1.53,RIE,Promote Report Recall
20230807,1773571328558080 ,MY,MY,,1/1/00 0:00,,4.3639,7/8/23 11:56,2.31,Auction Ads,auction_relation
20230807,1773496479453180 ,SA,,,1/1/00 0:00,2.2366,0.5564,7/8/23 11:55,0.54,Non-Auction Ads,Promote
20230807,1773567405571080 ,RO,Other,,1/1/00 0:00,4.2755,5.3421,7/8/23 11:56,1.62,RIE,Ad Group Recall (Merged)
20230807,1773569796048900 ,BR,,,1/1/00 0:00,2.5116,2.4976,7/8/23 11:56,0.54,Non-Auction Ads,Promote
20230807,1773571264592890 ,IL,,,1/1/00 0:00,18.6679,3.7767,7/8/23 11:57,0.54,Non-Auction Ads,Promote
20230807,1773571293062140 ,IT,,,1/1/00 0:00,35.4956,1.5822,7/8/23 11:56,0.54,Non-Auction Ads,Promote
20230807,1773571291371520 ,KW,,,1/1/00 0:00,34.7345,8.1097,7/8/23 11:57,0.54,Non-Auction Ads,Promote
20230807,1773571286540290 ,IL,,,1/1/00 0:00,11.7464,3.7767,7/8/23 11:57,0.54,Non-Auction Ads,Promote
20230807,1773568384898050 ,ID,,,1/1/00 0:00,0.3541,0.211,7/8/23 11:56,0.54,Non-Auction Ads,Promote
20230807,1773568919513090 ,IT,,,1/1/00 0:00,0.066,0.0881,7/8/23 11:57,0.54,Non-Auction Ads,Promote
20230807,1773568076914720 ,BE,BE,,1/1/00 0:00,0.37,31.3575,7/8/23 12:02,1.15,Auction Ads,auction_relation
20230807,1773568076914720 ,BE,Other,,1/1/00 0:00,0.37,31.3575,7/8/23 12:02,1.62,RIE,Ad Group Recall (Merged)
20230807,1773563595877370 ,TH,,,1/1/00 0:00,0.6465,0.2853,7/8/23 11:57,0.54,Non-Auction Ads,Promote
20230807,1773570228377670 ,BR,,,1/1/00 0:00,1.5329,0.2557,7/8/23 11:57,0.54,Non-Auction Ads,Promote
20230807,1773570146159620 ,BR,,,1/1/00 0:00,1.1595,0.376,7/8/23 11:57,0.54,Non-Auction Ads,Promote
20230807,1773571461553180 ,ID,ID,,1/1/00 0:00,3.64,3.0729,7/8/23 11:57,1.8,Auction Ads,auction_relation
20230807,1773567823601690 ,SA,MENA,,1/1/00 0:00,,2.3154,7/8/23 11:57,1.78,Auction Ads,auction_relation
20230807,1773567823601690 ,SA,MENA,,1/1/00 0:00,,2.3154,7/8/23 11:57,1.78,Auction Ads,auction_relation
20230807,1773571360129040 ,PT,,,1/1/00 0:00,7.1849,1.0124,7/8/23 11:57,1.53,RIE,Promote Report Recall
20230807,1773571090539540 ,RO,,,1/1/00 0:00,17.0058,2.0058,7/8/23 11:57,0.54,Non-Auction Ads,Promote
20230807,1773572045145090 ,MX,MX,,1/1/00 0:00,8.1015,4.5142,7/8/23 11:58,1.99,Auction Ads,auction_all
20230807,1773572045145090 ,EC,Others,,1/1/00 0:00,8.1015,4.5142,7/8/23 11:58,1.56,Auction Ads,auction_all
20230807,1773572045145090 ,PE,PE,,1/1/00 0:00,8.1015,4.5142,7/8/23 11:58,1.68,Auction Ads,auction_all
20230807,1773562003415040 ,DE,DE,,1/1/00 0:00,0.71,1.572,7/8/23 11:58,1.01,Auction Ads,auction_relation
20230807,1773562003415040 ,US,USCA,,1/1/00 0:00,0.71,1.572,7/8/23 11:58,1.78,Auction Ads,auction_relation
20230807,1773572550749230 ,BR,BR,,1/1/00 0:00,49.28,89.7333,7/8/23 12:14,1.7,RIE,Ad Group Recall (Merged)
20230807,1773572550749230 ,BR,BR,,1/1/00 0:00,49.28,89.7333,7/8/23 12:14,1.99,Auction Ads,auction_all
20230807,1773568627365880 ,ID,,,1/1/00 0:00,0.6994,0.539,7/8/23 11:58,0.54,Non-Auction Ads,Promote
20230807,1773571572418590 ,BR,BR,,1/1/00 0:00,,2.6358,7/8/23 11:58,1.99,Auction Ads,auction_all
20230807,1773568375118840 ,ID,,,1/1/00 0:00,0.274,0.4467,7/8/23 11:58,0.54,Non-Auction Ads,Promote
20230807,1773577895427070 ,BR,BR,,1/1/00 0:00,41.35,32.6283,7/8/23 12:05,1.99,Auction Ads,auction_all
20230807,1773577895427070 ,BR,BR,,1/1/00 0:00,41.35,32.6283,7/8/23 12:05,1.7,RIE,Ad Group Recall (Merged)
20230807,1773571493819420 ,US,USCA,,1/1/00 0:00,,5.0532,7/8/23 11:58,1.78,Auction Ads,auction_relation
20230807,1773571456291840 ,GB,GB,,1/1/00 0:00,3.81,2.193,7/8/23 11:58,1.76,Auction Ads,auction_relation
20230807,1773571450913820 ,GB,GB,,1/1/00 0:00,4.95,2.193,7/8/23 11:58,1.76,Auction Ads,auction_relation
20230807,1773571470375980 ,GB,GB,,1/1/00 0:00,3.95,2.193,7/8/23 11:58,1.76,Auction Ads,auction_relation
20230807,1773571462816770 ,GB,GB,,1/1/00 0:00,4.4,2.193,7/8/23 11:58,1.76,Auction Ads,auction_relation
20230807,1773571456491520 ,GB,GB,,1/1/00 0:00,3.21,2.193,7/8/23 11:58,1.76,Auction Ads,auction_relation
20230807,1773563331891200 ,DE,DE,,1/1/00 0:00,11.83,11.6699,7/8/23 12:00,1.01,Auction Ads,auction_relation
20230807,1773568147496990 ,US,USCA,,1/1/00 0:00,791.92,22.5138,7/8/23 12:02,1.78,Auction Ads,auction_relation
20230807,1773571131900920 ,TR,,,1/1/00 0:00,7.7037,0.8909,7/8/23 11:58,0.54,Non-Auction Ads,Promote
20230807,1773571737346060 ,CA,US&CA,,1/1/00 0:00,73.33,24.8818,7/8/23 12:02,1.81,RIE,Ad Group Recall (Merged)
20230807,1773571737346060 ,GB,GB,,1/1/00 0:00,73.33,24.8818,7/8/23 12:02,1.76,Auction Ads,auction_relation
20230807,1773571737346060 ,IE,IE,,1/1/00 0:00,73.33,24.8818,7/8/23 12:02,1.52,Auction Ads,auction_relation
20230807,1773571285827580 ,TH,,,1/1/00 0:00,8.19,1.9707,7/8/23 11:58,1.53,RIE,Promote Report Recall
20230807,1773571244151800 ,KH,,,1/1/00 0:00,0.0822,0.1017,7/8/23 11:58,0.54,Non-Auction Ads,Promote
20230807,1773568565993520 ,CH,CH,,1/1/00 0:00,48.6958,67.7983,7/8/23 12:10,0.93,Auction Ads,auction_relation
20230807,1773561895254040 ,CA,USCA,,1/1/00 0:00,,8.5732,7/8/23 12:00,1.78,Auction Ads,auction_relation
20230807,1773561895254040 ,US,USCA,,1/1/00 0:00,,8.5732,7/8/23 12:00,1.78,Auction Ads,auction_relation
20230807,1773567942812670 ,US,USCA,,1/1/00 0:00,191.55,0,7/8/23 11:58,1.78,Auction Ads,auction_relation
20230807,1773568275154960 ,DE,,,1/1/00 0:00,3.8181,1.4347,7/8/23 11:58,0.54,Non-Auction Ads,Promote
20230807,1773566164614170 ,NL,NL,,1/1/00 0:00,23.0676,8.1078,7/8/23 12:00,1.19,Auction Ads,auction_relation
20230807,1773570771441660 ,PH,,,1/1/00 0:00,0.123,0.0655,7/8/23 11:58,0.54,Non-Auction Ads,Promote
20230807,1773571568231450 ,AU,AU,,1/1/00 0:00,1.03,3.4552,7/8/23 11:59,1.84,Auction Ads,auction_relation
20230807,1773570187362340 ,BR,,,1/1/00 0:00,1.7604,0.2557,7/8/23 11:59,0.54,Non-Auction Ads,Promote
20230807,1773571688207410 ,PK,PK,,1/1/00 0:00,0.54,0.2681,7/8/23 11:59,1.36,Auction Ads,auction_relation
20230807,1773568624839680 ,ID,,,1/1/00 0:00,0.154,0.6475,7/8/23 11:59,0.54,Non-Auction Ads,Promote
20230807,1773573031902210 ,ES,ES,,1/1/00 0:00,,25.5022,7/8/23 12:05,1.37,Auction Ads,auction_relation
20230807,1773496847082490 ,SA,,,1/1/00 0:00,0.8423,0.406,7/8/23 11:59,0.54,Non-Auction Ads,Promote
20230807,1773577723412530 ,US,US&CA,,1/1/00 0:00,0.54,3.9256,7/8/23 12:00,1.81,RIE,Ad Group Recall (Merged)
20230807,1773568336815130 ,PT,Other,,1/1/00 0:00,69.5,24.1873,7/8/23 12:06,1.62,RIE,Ad Group Recall (Merged)
20230807,1773568336815130 ,PT,PT,,1/1/00 0:00,69.5,24.1873,7/8/23 12:06,1.98,Auction Ads,auction_relation
20230807,1773293300093960 ,ID,ID,,1/1/00 0:00,13.0618,1.4125,7/8/23 12:00,1.8,Auction Ads,auction_relation
20230807,1773530909072430 ,CO,CO,,1/1/00 0:00,,0.2909,7/8/23 12:00,1.93,Auction Ads,auction_all
20230807,1773571439260670 ,TH,,,1/1/00 0:00,12.28,0.385,7/8/23 12:00,1.53,RIE,Promote Report Recall
20230807,1773570948709380 ,HU,,,1/1/00 0:00,1.3066,1.0109,7/8/23 12:00,0.54,Non-Auction Ads,Promote
20230807,1773571743153180 ,US,USCA,,1/1/00 0:00,,5.0532,7/8/23 12:01,1.78,Auction Ads,auction_relation
20230807,1773571952375840 ,US,USCA,,1/1/00 0:00,20.9,3.9561,7/8/23 12:01,1.78,Auction Ads,auction_relation
20230807,1773535884976170 ,ID,ID,,1/1/00 0:00,0.04,1.8692,7/8/23 12:00,1.8,Auction Ads,auction_relation
20230807,1773535884976170 ,ID,ID,,1/1/00 0:00,0.04,1.8692,7/8/23 12:00,1.8,Auction Ads,auction_relation
20230807,1773571743162410 ,US,USCA,,1/1/00 0:00,,5.0532,7/8/23 12:02,1.78,Auction Ads,auction_relation
20230807,1773571743162410 ,US,USCA,,1/1/00 0:00,,5.0532,7/8/23 12:02,1.78,Auction Ads,auction_relation
20230807,1773568738717690 ,US,USCA,,1/1/00 0:00,115.41,67.5055,7/8/23 12:14,1.78,Auction Ads,auction_relation
20230807,1773571743165470 ,US,USCA,,1/1/00 0:00,,5.0532,7/8/23 12:02,1.78,Auction Ads,auction_relation
20230807,1773571750235150 ,PK,Other,,1/1/00 0:00,4.76,0.3227,7/8/23 12:01,1.62,RIE,Ad Group Recall (Merged)
20230807,1773571960796210 ,TW,TW,,1/1/00 0:00,7.36,4.3957,7/8/23 12:02,2.59,RIE,Ad Group Recall (Merged)
20230807,1773571960796210 ,TW,TW,,1/1/00 0:00,7.36,4.3957,7/8/23 12:02,0.95,Auction Ads,auction_relation
20230807,1773568263050290 ,GB,GB,,1/1/00 0:00,2.27,6.8945,7/8/23 12:03,1.76,Auction Ads,auction_relation
20230807,1773568263050290 ,US,USCA,,1/1/00 0:00,2.27,6.8945,7/8/23 12:03,1.78,Auction Ads,auction_relation
20230807,1773572037633020 ,IQ,Others,,1/1/00 0:00,18.67,6.1084,7/8/23 12:04,1.56,Auction Ads,auction_all
20230807,1773570043749420 ,IL,IL,,1/1/00 0:00,12.35,20.125,7/8/23 12:08,1.52,Auction Ads,auction_relation
20230807,1773570043749420 ,IL,IL,,1/1/00 0:00,12.35,20.125,7/8/23 12:08,1.52,Auction Ads,auction_relation
20230807,1773572012153880 ,MY,MY,,1/1/00 0:00,4.7427,5.9505,7/8/23 12:05,2.31,Auction Ads,auction_relation
20230807,1773571754310670 ,RO,Other,,1/1/00 0:00,13.86,3.7204,7/8/23 12:03,1.62,RIE,Ad Group Recall (Merged)
20230807,1773571635556350 ,TH,,,1/1/00 0:00,3.9,1.2224,7/8/23 12:03,1.53,RIE,Promote Report Recall
20230807,1773571552322560 ,KH,,,1/1/00 0:00,0.1353,0.1205,7/8/23 12:03,0.54,Non-Auction Ads,Promote
20230807,1773568823477250 ,ID,,,1/1/00 0:00,0.7736,2.3136,7/8/23 12:04,0.54,Non-Auction Ads,Promote
20230807,1773568919175170 ,ID,,,1/1/00 0:00,0.3452,0.2256,7/8/23 12:04,0.54,Non-Auction Ads,Promote
20230807,1773571759566850 ,VN,,,1/1/00 0:00,1.0396,1.016,7/8/23 12:05,1.53,RIE,Promote Report Recall
20230807,1773496446311490 ,AE,,,1/1/00 0:00,1.3819,1.5394,7/8/23 12:05,0.54,Non-Auction Ads,Promote
20230807,1773573114727440 ,PK,PK,,1/1/00 0:00,,1.6883,7/8/23 12:05,1.36,Auction Ads,auction_relation
20230807,1773571912823860 ,PL,,,1/1/00 0:00,13.0933,3.9235,7/8/23 12:06,0.54,Non-Auction Ads,Promote
20230807,1773567643180030 ,GB,,,1/1/00 0:00,6.3998,4.9997,7/8/23 12:07,0.54,Non-Auction Ads,Promote
20230807,1773568813517840 ,GB,GB,,1/1/00 0:00,,61.2457,7/8/23 12:15,1.76,Auction Ads,auction_relation
20230807,1773498987556860 ,SA,,,1/1/00 0:00,3.9079,0.7564,7/8/23 12:06,0.54,Non-Auction Ads,Promote
20230807,1773571893536770 ,IL,,,1/1/00 0:00,31.7278,0,7/8/23 12:06,1.53,RIE,Promote Report Recall
20230807,1773558258193400 ,TR,,,1/1/00 0:00,0.7222,0.4788,7/8/23 12:06,0.54,Non-Auction Ads,Promote
20230807,1773571915476990 ,VN,,,1/1/00 0:00,0.4892,0.389,7/8/23 12:07,1.53,RIE,Promote Report Recall
20230807,1773570820617210 ,KR,,,1/1/00 0:00,0.8444,3.9635,7/8/23 12:08,0.54,Non-Auction Ads,Promote
20230807,1773568332514330 ,GB,GB,,1/1/00 0:00,1.01,6.8945,7/8/23 12:08,1.76,Auction Ads,auction_relation
20230807,1773568332521470 ,GB,GB,,1/1/00 0:00,1.7,6.8945,7/8/23 12:08,1.76,Auction Ads,auction_relation
20230807,1773568332514330 ,US,USCA,,1/1/00 0:00,1.01,6.8945,7/8/23 12:08,1.78,Auction Ads,auction_relation
20230807,1773568332521470 ,US,USCA,,1/1/00 0:00,1.7,6.8945,7/8/23 12:08,1.78,Auction Ads,auction_relation
20230807,1773568336818220 ,GB,GB,,1/1/00 0:00,2.98,6.8945,7/8/23 12:08,1.76,Auction Ads,auction_relation
20230807,1773525149331450 ,VN,,,1/1/00 0:00,0.1824,0.3247,7/8/23 12:07,0.54,Non-Auction Ads,Promote
20230807,1773568505424900 ,GB,,,1/1/00 0:00,2.4345,1.9143,7/8/23 12:08,0.54,Non-Auction Ads,Promote
20230807,1773558772502520 ,TR,,,1/1/00 0:00,1.3458,0.2976,7/8/23 12:07,0.54,Non-Auction Ads,Promote
20230807,1773568380959740 ,MY,,,1/1/00 0:00,0.3447,0,7/8/23 12:08,0.54,Non-Auction Ads,Promote
20230807,1773567947591740 ,ID,,,1/1/00 0:00,0.2682,0.5389,7/8/23 12:08,0.54,Non-Auction Ads,Promote
20230807,1773572097943550 ,IT,,,1/1/00 0:00,23.6565,9.4392,7/8/23 12:09,0.54,Non-Auction Ads,Promote
20230807,1773559166131200 ,TR,,,1/1/00 0:00,0.0315,0.0993,7/8/23 12:08,1.53,RIE,Promote Report Recall
20230807,1773559166131200 ,TR,,,1/1/00 0:00,0.0315,0.0993,7/8/23 12:08,0.54,Non-Auction Ads,Promote
20230807,1773568957980670 ,ID,,,1/1/00 0:00,0.306,0.991,7/8/23 12:08,0.54,Non-Auction Ads,Promote
20230807,1773572153515040 ,TW,TW,,1/1/00 0:00,7.42,4.3957,7/8/23 12:09,0.95,Auction Ads,auction_relation
20230807,1773572010869780 ,TH,,,1/1/00 0:00,1.94,1.5988,7/8/23 12:09,1.53,RIE,Promote Report Recall
20230807,1773499639166970 ,SA,,,1/1/00 0:00,1.2769,1.0158,7/8/23 12:09,0.54,Non-Auction Ads,Promote
20230807,1773563923874810 ,TH,,,1/1/00 0:00,0.287,0.3938,7/8/23 12:09,0.54,Non-Auction Ads,Promote
20230807,1773572085612540 ,AE,,,1/1/00 0:00,46.7887,1.053,7/8/23 12:09,1.53,RIE,Promote Report Recall
20230807,1773559328691200 ,TR,,,1/1/00 0:00,2.508,1.4649,7/8/23 12:09,0.54,Non-Auction Ads,Promote
20230807,1773571354241020 ,PH,,,1/1/00 0:00,0.2241,0.1902,7/8/23 12:09,0.54,Non-Auction Ads,Promote
20230807,1773569716300850 ,PE,Other,,1/1/00 0:00,112.11,41.3158,7/8/23 12:16,1.62,RIE,Ad Group Recall (Merged)
20230807,1773569716300850 ,CL,CL,,1/1/00 0:00,112.11,41.3158,7/8/23 12:16,1.85,Auction Ads,auction_all
20230807,1773569716300850 ,PE,PE,,1/1/00 0:00,112.11,41.3158,7/8/23 12:16,1.68,Auction Ads,auction_all
20230807,1773554114966540 ,BR,BR,,1/1/00 0:00,62.87,45.9425,7/8/23 12:20,1.99,Auction Ads,auction_all
20230807,1773100903884800 ,AU,AU,,1/1/00 0:00,,543.0059,7/8/23 14:00,1.43,Non-Auction Ads,R&F
20230807,1773100903884800 ,AU,AU,,1/1/00 0:00,,543.0059,7/8/23 14:00,1.43,Non-Auction Ads,R&F
20230807,1773100728810510 ,AU,AU,,1/1/00 0:00,,543.0059,7/8/23 14:00,1.43,Non-Auction Ads,R&F
20230807,1773100903884800 ,AU,AU,,1/1/00 0:00,,543.0059,7/8/23 14:00,1.43,Non-Auction Ads,R&F
20230807,1773100728810510 ,AU,AU,,1/1/00 0:00,,543.0059,7/8/23 14:00,1.43,Non-Auction Ads,R&F
20230807,1773100728810510 ,AU,AU,,1/1/00 0:00,,543.0059,7/8/23 14:00,1.43,Non-Auction Ads,R&F
20230807,1773100903884800 ,AU,AU,,1/1/00 0:00,,543.0059,7/8/23 14:00,1.43,Non-Auction Ads,R&F
20230807,1773572483890220 ,AE,MENA,,1/1/00 0:00,15.0208,16.852,7/8/23 12:12,1.67,RIE,Ad Group Recall (Merged)
20230807,1773575991044090 ,SA,MENA,,1/1/00 0:00,29.71,4.6469,7/8/23 12:10,1.67,RIE,Ad Group Recall (Merged)
20230807,1773572523915280 ,AE,MENA,,1/1/00 0:00,1.65,5.2736,7/8/23 12:10,1.67,RIE,Ad Group Recall (Merged)
20230807,1773571374173190 ,TH,,,1/1/00 0:00,8.54,9.01,7/8/23 12:10,1.53,RIE,Promote Report Recall
20230807,1773573349503010 ,SA,MENA,,1/1/00 0:00,0.2462,7.2521,7/8/23 12:10,1.78,Auction Ads,auction_relation
20230807,1773572274913280 ,GB,GB,,1/1/00 0:00,1.94,2.0763,7/8/23 12:10,1.76,Auction Ads,auction_relation
20230807,1773570732494850 ,BR,,,1/1/00 0:00,2.8357,2.3676,7/8/23 12:10,0.54,Non-Auction Ads,Promote
20230807,1773581609888760 ,PK,PK,,1/1/00 0:00,,0.2172,7/8/23 12:10,1.36,Auction Ads,auction_relation
20230807,1773572388019240 ,PK,Other,,1/1/00 0:00,3.22,1,7/8/23 12:10,1.62,RIE,Ad Group Recall (Merged)
20230807,1773572035751950 ,GR,,,1/1/00 0:00,14.5124,2.8072,7/8/23 12:10,0.54,Non-Auction Ads,Promote
20230807,1773568751161350 ,GB,,,1/1/00 0:00,3.4165,1.355,7/8/23 12:10,0.54,Non-Auction Ads,Promote
20230807,1773559369878530 ,TR,,,1/1/00 0:00,0.2405,0.1813,7/8/23 12:10,0.54,Non-Auction Ads,Promote
20230807,1773572395976700 ,IL,IL,,1/1/00 0:00,2.72,11.05,7/8/23 12:12,1.52,Auction Ads,auction_relation
20230807,1773569413959680 ,US,USCA,,1/1/00 0:00,56.6374,44.7647,7/8/23 12:22,1.78,Auction Ads,auction_relation
20230807,1773569413959680 ,CA,USCA,,1/1/00 0:00,56.6374,44.7647,7/8/23 12:22,1.78,Auction Ads,auction_relation
20230807,1773571157840890 ,PH,,,1/1/00 0:00,1.1273,0.2479,7/8/23 12:10,0.54,Non-Auction Ads,Promote
20230807,1773563998398460 ,TH,,,1/1/00 0:00,0.5884,0.4381,7/8/23 12:10,0.54,Non-Auction Ads,Promote
20230807,1773571080006650 ,PH,,,1/1/00 0:00,0.2418,0.28,7/8/23 12:10,0.54,Non-Auction Ads,Promote
20230807,1773498276588540 ,SA,,,1/1/00 0:00,1.7273,1.37,7/8/23 12:11,0.54,Non-Auction Ads,Promote
20230807,1773571714608170 ,US,USCA,,1/1/00 0:00,132.0997,225.1696,7/8/23 12:58,1.78,Auction Ads,auction_relation
20230807,1773572149353470 ,ID,,,1/1/00 0:00,0.4156,2.4347,7/8/23 12:11,1.53,RIE,Promote Report Recall
20230807,1773559375488000 ,TR,,,1/1/00 0:00,0.4941,0.2536,7/8/23 12:10,0.54,Non-Auction Ads,Promote
20230807,1773572846619690 ,TW,TW,,1/1/00 0:00,6.79,4.3957,7/8/23 12:12,0.95,Auction Ads,auction_relation
20230807,1773571447574530 ,PH,,,1/1/00 0:00,0.2462,0.2501,7/8/23 12:11,0.54,Non-Auction Ads,Promote
20230807,1773563990164480 ,TH,,,1/1/00 0:00,0.8625,0.5172,7/8/23 12:11,0.54,Non-Auction Ads,Promote
20230807,1773586002464780 ,TH,TH,,1/1/00 0:00,0.0061,4.1407,7/8/23 12:12,1.64,Auction Ads,auction_relation
20230807,1773563992792060 ,TH,,,1/1/00 0:00,0.3977,0.745,7/8/23 12:11,0.54,Non-Auction Ads,Promote
20230807,1773572165335040 ,VN,,,1/1/00 0:00,1.6383,0.9677,7/8/23 12:11,1.53,RIE,Promote Report Recall
20230807,1773568934341630 ,MY,,,1/1/00 0:00,0.3251,0.3975,7/8/23 12:11,0.54,Non-Auction Ads,Promote
20230807,1773564086565880 ,TH,,,1/1/00 0:00,0.9583,0.5172,7/8/23 12:11,0.54,Non-Auction Ads,Promote
20230807,1773572471505950 ,MY,MY,,1/1/00 0:00,4.2196,5.9505,7/8/23 12:13,2.31,Auction Ads,auction_relation
20230807,1773572366352430 ,US,US&CA,,1/1/00 0:00,10.908,3.3887,7/8/23 12:12,1.81,RIE,Ad Group Recall (Merged)
20230807,1773572366352430 ,CA,US&CA,,1/1/00 0:00,10.908,3.3887,7/8/23 12:12,1.81,RIE,Ad Group Recall (Merged)
20230807,1773572532466690 ,PK,PK,,1/1/00 0:00,0.34,0.437,7/8/23 12:12,1.36,Auction Ads,auction_relation
20230807,1773572267143170 ,KH,,,1/1/00 0:00,5.5129,0.8574,7/8/23 12:12,0.54,Non-Auction Ads,Promote
20230807,1773572211276800 ,SA,,,1/1/00 0:00,14.6953,2.9864,7/8/23 12:13,0.54,Non-Auction Ads,Promote
20230807,1773571133299730 ,IE,IE,,1/1/00 0:00,1.74,2.3784,7/8/23 12:13,1.52,Auction Ads,auction_relation
20230807,1773571872610300 ,PH,,,1/1/00 0:00,0.4225,0.5727,7/8/23 12:12,0.54,Non-Auction Ads,Promote
20230807,1773572312219650 ,SA,,,1/1/00 0:00,24.9523,3.7028,7/8/23 12:13,0.54,Non-Auction Ads,Promote
20230807,1773572327853090 ,CZ,,,1/1/00 0:00,12.2987,4.8215,7/8/23 12:14,1.53,RIE,Promote Report Recall
20230807,1773569302457340 ,ID,,,1/1/00 0:00,0.3001,0,7/8/23 12:13,0.54,Non-Auction Ads,Promote
20230807,1773573704596520 ,TW,TW,,1/1/00 0:00,4.64,6.0314,7/8/23 12:15,0.95,Auction Ads,auction_relation
20230807,1773535565812730 ,MY,,,1/1/00 0:00,0.5685,0.3143,7/8/23 12:13,0.54,Non-Auction Ads,Promote
20230807,1773571544186880 ,DE,,,1/1/00 0:00,,12.0462,7/8/23 12:15,0.54,Non-Auction Ads,Promote
20230807,1773571544186880 ,DE,,,1/1/00 0:00,,12.0462,7/8/23 12:15,0.54,Non-Auction Ads,Promote
20230807,1773569777176600 ,HU,Other,,1/1/00 0:00,5.5111,18.2319,7/8/23 12:18,1.62,RIE,Ad Group Recall (Merged)
20230807,1773573018366970 ,BY,BY,,1/1/00 0:00,21.16,20.164,7/8/23 12:19,2.14,Auction Ads,auction_relation
20230807,1773500477195260 ,SA,,,1/1/00 0:00,2.8628,0.4066,7/8/23 12:13,0.54,Non-Auction Ads,Promote
20230807,1773500477195260 ,SA,,,1/1/00 0:00,2.8628,0.4066,7/8/23 12:13,0.54,Non-Auction Ads,Promote
20230807,1773564171407360 ,TH,,,1/1/00 0:00,1.9466,0.8249,7/8/23 12:14,0.54,Non-Auction Ads,Promote
20230807,1773572535727150 ,MY,MY,,1/1/00 0:00,1.8661,5.8731,7/8/23 12:15,2.31,Auction Ads,auction_relation
20230807,1773572433248260 ,RO,,,1/1/00 0:00,13.41,2.9923,7/8/23 12:14,0.54,Non-Auction Ads,Promote
20230807,1773571405627390 ,PH,,,1/1/00 0:00,0.2212,0.1751,7/8/23 12:14,0.54,Non-Auction Ads,Promote
20230807,1773561531345950 ,US,USCA,,1/1/00 0:00,,3.4568,7/8/23 12:15,1.78,Auction Ads,auction_relation
20230807,1773573059300350 ,ID,ID,,1/1/00 0:00,26.35,10.1382,7/8/23 12:16,1.8,Auction Ads,auction_relation
20230807,1773572741867550 ,MY,MY,,1/1/00 0:00,,0,7/8/23 12:14,2.31,Auction Ads,auction_relation
20230807,1773572461415420 ,MY,,,1/1/00 0:00,15.8663,4.5401,7/8/23 12:15,0.54,Non-Auction Ads,Promote
20230807,1773572241781760 ,ID,,,1/1/00 0:00,1.0417,0.411,7/8/23 12:14,1.53,RIE,Promote Report Recall
20230807,1773568537988130 ,RO,RO,,1/1/00 0:00,2.5483,5.3421,7/8/23 12:15,1.94,Auction Ads,auction_relation
20230807,1773568531596300 ,RO,RO,,1/1/00 0:00,2.8105,5.3421,7/8/23 12:15,1.94,Auction Ads,auction_relation
20230807,1773568538022940 ,RO,RO,,1/1/00 0:00,2.9616,5.3421,7/8/23 12:15,1.94,Auction Ads,auction_relation
20230807,1773549978046570 ,ID,ID,,1/1/00 0:00,0.08,1.8692,7/8/23 12:15,1.8,Auction Ads,auction_relation
20230807,1773570324701180 ,DE,DE,,1/1/00 0:00,188.12,132.1754,7/8/23 12:37,1.01,Auction Ads,auction_relation
20230807,1773568848320540 ,GB,GB,,1/1/00 0:00,2.98,1.4187,7/8/23 12:15,1.76,Auction Ads,auction_relation
20230807,1773572617039920 ,MY,MY,,1/1/00 0:00,4.356,5.9505,7/8/23 12:15,2.31,Auction Ads,auction_relation
20230807,1773572414208000 ,SA,,,1/1/00 0:00,15.6094,3.7028,7/8/23 12:15,0.54,Non-Auction Ads,Promote
20230807,1773572356977670 ,EG,,,1/1/00 0:00,8.859,0.5759,7/8/23 12:15,1.53,RIE,Promote Report Recall
20230807,1773572525523960 ,KH,,,1/1/00 0:00,8.3107,3.8053,7/8/23 12:16,0.54,Non-Auction Ads,Promote
20230807,1773572071033850 ,ID,,,1/1/00 0:00,60.2488,2.7439,7/8/23 12:15,0.54,Non-Auction Ads,Promote
20230807,1773569333812270 ,TW,TW,,1/1/00 0:00,0.49,9.6983,7/8/23 12:18,0.95,Auction Ads,auction_relation
20230807,1773573426557980 ,ID,ID,,1/1/00 0:00,0.9333,4.4289,7/8/23 12:17,1.8,Auction Ads,auction_relation
20230807,1773569004081170 ,GB,GB,,1/1/00 0:00,19.16,10.887,7/8/23 12:19,1.76,Auction Ads,auction_relation
20230807,1773574579353630 ,EG,MENA,,1/1/00 0:00,57.45,59.6235,7/8/23 12:29,1.67,RIE,Ad Group Recall (Merged)
20230807,1773572633434110 ,GR,GR,,1/1/00 0:00,66.12,3.316,7/8/23 12:17,2.11,Auction Ads,auction_relation
20230807,1773573624240120 ,TH,TH,,1/1/00 0:00,,1.6602,7/8/23 12:17,1.64,Auction Ads,auction_relation
20230807,1773569026479150 ,GB,GB,,1/1/00 0:00,12.72,10.887,7/8/23 12:20,1.76,Auction Ads,auction_relation
20230807,1773569026489360 ,AU,AU,,1/1/00 0:00,19.73,10.887,7/8/23 12:20,1.84,Auction Ads,auction_relation
20230807,1773572567523330 ,VN,,,1/1/00 0:00,0.1864,0.9585,7/8/23 12:18,1.53,RIE,Promote Report Recall
20230807,1773526525265920 ,VN,,,1/1/00 0:00,0.5148,0.485,7/8/23 12:18,0.54,Non-Auction Ads,Promote
20230807,1773572351096830 ,AT,,,1/1/00 0:00,9.8255,2.4748,7/8/23 12:18,0.54,Non-Auction Ads,Promote
20230807,1773572593252400 ,CA,USCA,,1/1/00 0:00,3.2,0.1555,7/8/23 12:18,1.78,Auction Ads,auction_relation
20230807,1773569247979520 ,ID,,,1/1/00 0:00,1.215,0.4933,7/8/23 12:18,0.54,Non-Auction Ads,Promote
20230807,1773569127382040 ,ZA,ZA,,1/1/00 0:00,14.27,4.8884,7/8/23 12:19,1.4,Auction Ads,auction_relation
20230807,1773571915759620 ,GB,,,1/1/00 0:00,2.5239,0.8156,7/8/23 12:18,0.54,Non-Auction Ads,Promote
20230807,1773560027442170 ,TR,,,1/1/00 0:00,0.6915,0.5368,7/8/23 12:19,0.54,Non-Auction Ads,Promote
20230807,1773570040762370 ,GB,,,1/1/00 0:00,5.9281,3.0846,7/8/23 12:20,0.54,Non-Auction Ads,Promote
20230807,1773570846626820 ,BR,,,1/1/00 0:00,6.6751,0.5248,7/8/23 12:19,0.54,Non-Auction Ads,Promote
20230807,1773572830838830 ,PK,PK,,1/1/00 0:00,,0.1903,7/8/23 12:19,1.36,Auction Ads,auction_relation
20230807,1773564234823680 ,TH,,,1/1/00 0:00,0.196,0.4318,7/8/23 12:19,0.54,Non-Auction Ads,Promote
20230807,1773572811256880 ,GB,GB,,1/1/00 0:00,,2.0763,7/8/23 12:20,1.76,Auction Ads,auction_relation
20230807,1773526662230010 ,VN,,,1/1/00 0:00,0.2658,0.3279,7/8/23 12:20,0.54,Non-Auction Ads,Promote
20230807,1773550748441610 ,ID,ID,,1/1/00 0:00,,1.8692,7/8/23 12:20,1.8,Auction Ads,auction_relation
20230807,1773573050903570 ,IQ,Others,,1/1/00 0:00,18.73,1.0586,7/8/23 12:20,1.56,Auction Ads,auction_all
20230807,1773573098655740 ,ES,ES,,1/1/00 0:00,27.95,25.5022,7/8/23 12:25,1.37,Auction Ads,auction_relation
20230807,1773572637799420 ,ID,,,1/1/00 0:00,0.0917,0.3572,7/8/23 12:21,1.53,RIE,Promote Report Recall
20230807,1773571155857430 ,BR,,,1/1/00 0:00,1.7667,0.5442,7/8/23 12:21,1.53,RIE,Promote Report Recall
20230807,1773571155857430 ,BR,,,1/1/00 0:00,1.7667,0.5442,7/8/23 12:21,0.54,Non-Auction Ads,Promote
20230807,1773564426703870 ,TH,,,1/1/00 0:00,0.6295,0.5591,7/8/23 12:21,0.54,Non-Auction Ads,Promote
20230807,1773572393781250 ,TH,,,1/1/00 0:00,1.99,1.3665,7/8/23 12:21,1.53,RIE,Promote Report Recall
20230807,1773569104554010 ,IE,Other,,1/1/00 0:00,0.56,0.7299,7/8/23 12:21,1.62,RIE,Ad Group Recall (Merged)
20230807,1773569104554010 ,GB,GB,,1/1/00 0:00,0.56,0.7299,7/8/23 12:21,1.72,RIE,Ad Group Recall (Merged)
20230807,1773564372160510 ,TH,,,1/1/00 0:00,1.0849,0.8762,7/8/23 12:22,0.54,Non-Auction Ads,Promote
20230807,1773573508440060 ,PK,Other,,1/1/00 0:00,18.2349,0,7/8/23 12:21,1.62,RIE,Ad Group Recall (Merged)
20230807,1773572720730110 ,PH,,,1/1/00 0:00,0.3013,0.2251,7/8/23 12:21,0.54,Non-Auction Ads,Promote
20230807,1773569125906450 ,HU,Other,,1/1/00 0:00,17.3733,1.6521,7/8/23 12:22,1.62,RIE,Ad Group Recall (Merged)
20230807,1773573002174490 ,RO,RO,,1/1/00 0:00,5.55,6.0314,7/8/23 12:22,1.94,Auction Ads,auction_relation
20230807,1773573002174490 ,SA,MENA,,1/1/00 0:00,5.55,6.0314,7/8/23 12:22,1.78,Auction Ads,auction_relation
20230807,1773573002174490 ,GR,GR,,1/1/00 0:00,5.55,6.0314,7/8/23 12:22,2.11,Auction Ads,auction_relation
20230807,1773573002174490 ,PL,PL,,1/1/00 0:00,5.55,6.0314,7/8/23 12:22,1.64,Auction Ads,auction_relation
20230807,1773573002174490 ,BR,BR,,1/1/00 0:00,5.55,6.0314,7/8/23 12:22,1.99,Auction Ads,auction_all
20230807,1773573002174490 ,PK,PK,,1/1/00 0:00,5.55,6.0314,7/8/23 12:22,1.36,Auction Ads,auction_relation
20230807,1773573002174490 ,ZA,ZA,,1/1/00 0:00,5.55,6.0314,7/8/23 12:22,1.4,Auction Ads,auction_relation
20230807,1773573002174490 ,EG,MENA,,1/1/00 0:00,5.55,6.0314,7/8/23 12:22,1.78,Auction Ads,auction_relation
20230807,1773573002174490 ,MX,MX,,1/1/00 0:00,5.55,6.0314,7/8/23 12:22,1.99,Auction Ads,auction_all
20230807,1773573002174490 ,PK,PK,,1/1/00 0:00,5.55,6.0314,7/8/23 12:22,1.36,Auction Ads,auction_relation
20230807,1773573002174490 ,TH,TH,,1/1/00 0:00,5.55,6.0314,7/8/23 12:22,1.64,Auction Ads,auction_relation
20230807,1773573188686880 ,ES,ES,,1/1/00 0:00,39.97,25.5022,7/8/23 12:26,1.37,Auction Ads,auction_relation
20230807,1773573070077980 ,TH,TH,,1/1/00 0:00,,4.3164,7/8/23 12:23,1.87,RIE,Ad Group Recall (Merged)
20230807,1773573089437740 ,TH,TH,,1/1/00 0:00,,4.3164,7/8/23 12:23,1.87,RIE,Ad Group Recall (Merged)
20230807,1773560323049470 ,TR,,,1/1/00 0:00,0.7748,0.5029,7/8/23 12:22,0.54,Non-Auction Ads,Promote
20230807,1773573026744360 ,TH,TH,,1/1/00 0:00,0.4647,5.0291,7/8/23 12:23,1.64,Auction Ads,auction_relation
20230807,1773569120596990 ,ID,,,1/1/00 0:00,0.2684,0.2745,7/8/23 12:22,0.54,Non-Auction Ads,Promote
20230807,1773572994668560 ,IT,,,1/1/00 0:00,1.6505,4.5988,7/8/23 12:23,1.53,RIE,Promote Report Recall
20230807,1773572353807360 ,PH,,,1/1/00 0:00,0.1315,0.2039,7/8/23 12:22,0.54,Non-Auction Ads,Promote
20230807,1773572984391680 ,BR,,,1/1/00 0:00,15.7424,3.4696,7/8/23 12:23,0.54,Non-Auction Ads,Promote
20230807,1773572629215230 ,PH,,,1/1/00 0:00,0.3242,2.3212,7/8/23 12:23,0.54,Non-Auction Ads,Promote
20230807,1773572271427590 ,GB,,,1/1/00 0:00,2.6517,1.2521,7/8/23 12:23,0.54,Non-Auction Ads,Promote
20230807,1773569288244220 ,IE,Other,,1/1/00 0:00,0.82,0.7299,7/8/23 12:23,1.62,RIE,Ad Group Recall (Merged)
20230807,1773569288244220 ,GB,GB,,1/1/00 0:00,0.82,0.7299,7/8/23 12:23,1.72,RIE,Ad Group Recall (Merged)
20230807,1773569920918560 ,GB,GB,,1/1/00 0:00,5.38,17.8067,7/8/23 12:26,1.76,Auction Ads,auction_relation
20230807,1773569523895310 ,HU,Other,,1/1/00 0:00,2.1585,4.9955,7/8/23 12:24,1.62,RIE,Ad Group Recall (Merged)
20230807,1773569241022510 ,HU,Other,,1/1/00 0:00,8.417,1.0628,7/8/23 12:23,1.62,RIE,Ad Group Recall (Merged)
20230807,1773501133757440 ,SA,,,1/1/00 0:00,1.7834,1.6968,7/8/23 12:24,0.54,Non-Auction Ads,Promote
20230807,1773560802890810 ,TR,,,1/1/00 0:00,0.1624,0.216,7/8/23 12:24,0.54,Non-Auction Ads,Promote
20230807,1773573049235460 ,US,,,1/1/00 0:00,1.5,1.9442,7/8/23 12:24,1.53,RIE,Promote Report Recall
20230807,1773498844144700 ,AE,,,1/1/00 0:00,1.443,1.0582,7/8/23 12:24,0.54,Non-Auction Ads,Promote
20230807,1773573124519950 ,MX,MX,,1/1/00 0:00,9.99,1.4287,7/8/23 12:24,1.99,Auction Ads,auction_all
20230807,1773573131911200 ,TH,TH,,1/1/00 0:00,0.4696,3.488,7/8/23 12:25,1.64,Auction Ads,auction_relation
20230807,1773572974082070 ,TH,,,1/1/00 0:00,5.99,7.5763,7/8/23 12:25,1.53,RIE,Promote Report Recall
20230807,1773569728539650 ,ID,,,1/1/00 0:00,0.2921,0.2192,7/8/23 12:24,0.54,Non-Auction Ads,Promote
20230807,1773573061979140 ,GB,,,1/1/00 0:00,14.0876,2.3968,7/8/23 12:24,1.53,RIE,Promote Report Recall
20230807,1773569675513850 ,ID,,,1/1/00 0:00,0.9767,1.0758,7/8/23 12:24,0.54,Non-Auction Ads,Promote
20230807,1773573228728330 ,TH,TH,,1/1/00 0:00,,4.185,7/8/23 12:25,1.87,RIE,Ad Group Recall (Merged)
20230807,1773573249857550 ,TH,TH,,1/1/00 0:00,,4.185,7/8/23 12:25,1.87,RIE,Ad Group Recall (Merged)
20230807,1773573251669020 ,TH,TH,,1/1/00 0:00,,4.185,7/8/23 12:25,1.87,RIE,Ad Group Recall (Merged)
20230807,1773573257590830 ,TH,TH,,1/1/00 0:00,,4.185,7/8/23 12:25,1.87,RIE,Ad Group Recall (Merged)
20230807,1773573245799500 ,TH,TH,,1/1/00 0:00,,4.185,7/8/23 12:25,1.87,RIE,Ad Group Recall (Merged)
20230807,1773573253858330 ,TH,TH,,1/1/00 0:00,,4.185,7/8/23 12:25,1.87,RIE,Ad Group Recall (Merged)
20230807,1773569833784330 ,US,USCA,,1/1/00 0:00,15.84,36.1514,7/8/23 12:30,1.78,Auction Ads,auction_relation
20230807,1773569522615310 ,AT,AT,,1/1/00 0:00,,13.3654,7/8/23 12:27,0.89,Auction Ads,auction_relation
20230807,1773569522615310 ,CH,CH,,1/1/00 0:00,,13.3654,7/8/23 12:27,0.93,Auction Ads,auction_relation
20230807,1773573325823010 ,IQ,Others,,1/1/00 0:00,17.01,6.8336,7/8/23 12:26,1.56,Auction Ads,auction_all
20230807,1773573325823010 ,IQ,Other,,1/1/00 0:00,17.01,6.8336,7/8/23 12:26,1.62,RIE,Ad Group Recall (Merged)
20230807,1773564547193850 ,TH,,,1/1/00 0:00,1.276,3.4689,7/8/23 12:25,0.54,Non-Auction Ads,Promote
20230807,1773572796873720 ,SA,,,1/1/00 0:00,8.1087,2.3752,7/8/23 12:25,1.53,RIE,Promote Report Recall
20230807,1773572964470780 ,MY,,,1/1/00 0:00,0.3008,0.5289,7/8/23 12:25,1.53,RIE,Promote Report Recall
20230807,1773562003435570 ,DE,DE,,1/1/00 0:00,0.88,1.572,7/8/23 12:26,1.01,Auction Ads,auction_relation
20230807,1773528200486910 ,VN,,,1/1/00 0:00,0.2965,0.3942,7/8/23 12:25,0.54,Non-Auction Ads,Promote
20230807,1773573149698050 ,TH,,,1/1/00 0:00,3.58,1.3742,7/8/23 12:26,1.53,RIE,Promote Report Recall
20230807,1773572858235910 ,GB,,,1/1/00 0:00,2.7407,2.5401,7/8/23 12:26,0.54,Non-Auction Ads,Promote
20230807,1773573407712280 ,PK,PK,,1/1/00 0:00,3.75,0.2786,7/8/23 12:26,1.36,Auction Ads,auction_relation
20230807,1773573071894520 ,PH,,,1/1/00 0:00,0.2037,0.1212,7/8/23 12:26,1.53,RIE,Promote Report Recall
20230807,1773580832646160 ,CL,CL,,1/1/00 0:00,15.63,8.3172,7/8/23 12:28,1.85,Auction Ads,auction_all
20230807,1773569805531130 ,TR,TR,,1/1/00 0:00,8.4802,0.153,7/8/23 12:26,0.83,Auction Ads,auction_relation
20230807,1773569805531130 ,ZA,ZA,,1/1/00 0:00,8.4802,0.153,7/8/23 12:26,1.4,Auction Ads,auction_relation
20230807,1773528586805240 ,VN,,,1/1/00 0:00,0.2206,0.4859,7/8/23 12:26,0.54,Non-Auction Ads,Promote
20230807,1773573084229630 ,TH,,,1/1/00 0:00,3.49,2.2925,7/8/23 12:27,1.53,RIE,Promote Report Recall
20230807,1773564650263550 ,TH,,,1/1/00 0:00,0.2696,0.2807,7/8/23 12:26,0.54,Non-Auction Ads,Promote
20230807,1773573403869180 ,TH,TH,,1/1/00 0:00,,4.3224,7/8/23 12:27,1.87,RIE,Ad Group Recall (Merged)
20230807,1773573399193640 ,TH,TH,,1/1/00 0:00,,4.3224,7/8/23 12:27,1.87,RIE,Ad Group Recall (Merged)
20230807,1773573404420140 ,TH,TH,,1/1/00 0:00,,4.3224,7/8/23 12:27,1.87,RIE,Ad Group Recall (Merged)
20230807,1773573390267420 ,TH,TH,,1/1/00 0:00,,4.3224,7/8/23 12:27,1.87,RIE,Ad Group Recall (Merged)
20230807,1773573383939090 ,TH,TH,,1/1/00 0:00,,4.3224,7/8/23 12:27,1.87,RIE,Ad Group Recall (Merged)
20230807,1773573416370170 ,TH,TH,,1/1/00 0:00,,4.3224,7/8/23 12:27,1.87,RIE,Ad Group Recall (Merged)
20230807,1773528695046140 ,VN,,,1/1/00 0:00,0.394,0.8256,7/8/23 12:27,0.54,Non-Auction Ads,Promote
20230807,1773573254001660 ,BR,,,1/1/00 0:00,4.2124,1.8205,7/8/23 12:27,1.53,RIE,Promote Report Recall
20230807,1773573448563720 ,BR,BR,,1/1/00 0:00,197.51,5.5597,7/8/23 12:28,1.7,RIE,Ad Group Recall (Merged)
20230807,1773573448563720 ,BR,BR,,1/1/00 0:00,197.51,5.5597,7/8/23 12:28,1.99,Auction Ads,auction_all
20230807,1773571896634400 ,NO,Others,,1/1/00 0:00,35.5487,48.7488,7/8/23 12:34,1.56,Auction Ads,auction_all
20230807,1773571896634400 ,BE,BE,,1/1/00 0:00,35.5487,48.7488,7/8/23 12:34,1.15,Auction Ads,auction_relation
20230807,1773571896634400 ,SE,SE,,1/1/00 0:00,35.5487,48.7488,7/8/23 12:34,1.4,Auction Ads,auction_relation
20230807,1773571896634400 ,DK,DK,,1/1/00 0:00,35.5487,48.7488,7/8/23 12:34,1.31,Auction Ads,auction_relation
20230807,1773582572565550 ,TH,TH,,1/1/00 0:00,0.01,0.3742,7/8/23 12:27,1.64,Auction Ads,auction_relation
20230807,1773573015001090 ,PH,,,1/1/00 0:00,0.0426,0.2003,7/8/23 12:28,0.54,Non-Auction Ads,Promote
20230807,1773569788714000 ,SA,MENA,,1/1/00 0:00,2.88,1.831,7/8/23 12:28,1.78,Auction Ads,auction_relation
20230807,1773573229550590 ,SA,,,1/1/00 0:00,31.4029,5.1351,7/8/23 12:28,0.54,Non-Auction Ads,Promote
20230807,1773561053939710 ,TR,,,1/1/00 0:00,0.2299,0.1135,7/8/23 12:28,0.54,Non-Auction Ads,Promote
20230807,1773501381494780 ,SA,,,1/1/00 0:00,0.0187,0.5295,7/8/23 12:28,0.54,Non-Auction Ads,Promote
20230807,1773564656168960 ,TH,,,1/1/00 0:00,0.2534,0.4851,7/8/23 12:28,0.54,Non-Auction Ads,Promote
20230807,1773573315438590 ,BR,,,1/1/00 0:00,4.3192,1.8205,7/8/23 12:28,1.53,RIE,Promote Report Recall
20230807,1773501374435330 ,SA,,,1/1/00 0:00,2.1751,0.3387,7/8/23 12:28,0.54,Non-Auction Ads,Promote
20230807,1773500621193210 ,AE,,,1/1/00 0:00,2.7387,1.0634,7/8/23 12:28,0.54,Non-Auction Ads,Promote
20230807,1773573232232450 ,TH,,,1/1/00 0:00,6.28,3.7683,7/8/23 12:29,1.53,RIE,Promote Report Recall
20230807,1773560710478840 ,TR,,,1/1/00 0:00,0.5486,0.2606,7/8/23 12:28,0.54,Non-Auction Ads,Promote
20230807,1773501555074050 ,SA,,,1/1/00 0:00,0,0.8208,7/8/23 12:29,0.54,Non-Auction Ads,Promote
20230807,1773501555074050 ,SA,,,1/1/00 0:00,0,0.8208,7/8/23 12:29,0.54,Non-Auction Ads,Promote
20230807,1773501728145400 ,SA,,,1/1/00 0:00,1.005,1.6635,7/8/23 12:29,0.54,Non-Auction Ads,Promote
20230807,1773570454832120 ,TR,,,1/1/00 0:00,0.0655,0.3464,7/8/23 12:29,0.54,Non-Auction Ads,Promote
20230807,1773573310038050 ,TH,,,1/1/00 0:00,10.41,2.0241,7/8/23 12:29,1.53,RIE,Promote Report Recall
20230807,1773501286717440 ,AE,,,1/1/00 0:00,2.9132,1.7465,7/8/23 12:29,0.54,Non-Auction Ads,Promote
20230807,1773528716378110 ,VN,,,1/1/00 0:00,0.3338,0.8256,7/8/23 12:29,0.54,Non-Auction Ads,Promote
20230807,1773573329270820 ,US,,,1/1/00 0:00,18.47,7.4298,7/8/23 12:30,1.53,RIE,Promote Report Recall
20230807,1773569630316560 ,AU,AU,,1/1/00 0:00,11.64,1.3158,7/8/23 12:29,1.84,Auction Ads,auction_relation
20230807,1773569604198400 ,AU,AU,,1/1/00 0:00,1.41,1.3158,7/8/23 12:29,1.84,Auction Ads,auction_relation
20230807,1773569604198400 ,FI,Others,,1/1/00 0:00,1.41,1.3158,7/8/23 12:29,1.56,Auction Ads,auction_all
20230807,1773569630335020 ,AU,AU,,1/1/00 0:00,3.94,1.3158,7/8/23 12:29,1.84,Auction Ads,auction_relation
20230807,1773569630335020 ,FI,Others,,1/1/00 0:00,3.94,1.3158,7/8/23 12:29,1.56,Auction Ads,auction_all
20230807,1773569630335020 ,FI,Others,,1/1/00 0:00,3.94,1.3158,7/8/23 12:29,1.56,Auction Ads,auction_all
20230807,1773569630316560 ,FI,Others,,1/1/00 0:00,11.64,1.3158,7/8/23 12:29,1.56,Auction Ads,auction_all
20230807,1773569604198400 ,FI,Others,,1/1/00 0:00,1.41,1.3158,7/8/23 12:29,1.56,Auction Ads,auction_all
20230807,1773569630335020 ,NZ,NZ,,1/1/00 0:00,3.94,1.3158,7/8/23 12:29,1.58,Auction Ads,auction_relation
20230807,1773569630335020 ,CH,CH,,1/1/00 0:00,3.94,1.3158,7/8/23 12:29,0.93,Auction Ads,auction_relation
20230807,1773569619339290 ,FI,Others,,1/1/00 0:00,2.47,1.3158,7/8/23 12:29,1.56,Auction Ads,auction_all
20230807,1773569630335020 ,CA,USCA,,1/1/00 0:00,3.94,1.3158,7/8/23 12:29,1.78,Auction Ads,auction_relation
20230807,1773569619339290 ,AU,AU,,1/1/00 0:00,2.47,1.3158,7/8/23 12:29,1.84,Auction Ads,auction_relation
20230807,1773570385413130 ,IL,IL,,1/1/00 0:00,12.33,3.7562,7/8/23 12:30,1.52,Auction Ads,auction_relation
20230807,1773596032026670 ,US,USCA,,1/1/00 0:00,1.05,1.221,7/8/23 12:29,1.78,Auction Ads,auction_relation
20230807,1773561748052990 ,TR,,,1/1/00 0:00,1.9108,0.1692,7/8/23 12:29,0.54,Non-Auction Ads,Promote
20230807,1773573563510830 ,IQ,Others,,1/1/00 0:00,1.69,6.8336,7/8/23 12:30,1.56,Auction Ads,auction_all
20230807,1773573532617740 ,TH,TH,,1/1/00 0:00,,5.427,7/8/23 12:30,1.87,RIE,Ad Group Recall (Merged)
20230807,1773573512607760 ,TH,TH,,1/1/00 0:00,,5.427,7/8/23 12:30,1.87,RIE,Ad Group Recall (Merged)
20230807,1773573541313580 ,TH,TH,,1/1/00 0:00,,5.427,7/8/23 12:30,1.87,RIE,Ad Group Recall (Merged)
20230807,1773573512456240 ,TH,TH,,1/1/00 0:00,,5.427,7/8/23 12:30,1.87,RIE,Ad Group Recall (Merged)
20230807,1773502053474300 ,SA,,,1/1/00 0:00,2.026,0.7254,7/8/23 12:29,0.54,Non-Auction Ads,Promote
20230807,1773596037899280 ,US,USCA,,1/1/00 0:00,0.89,1.221,7/8/23 12:30,1.78,Auction Ads,auction_relation
20230807,1773571329659900 ,BR,,,1/1/00 0:00,1.1493,1.1842,7/8/23 12:30,0.54,Non-Auction Ads,Promote
20230807,1773596036553760 ,US,USCA,,1/1/00 0:00,1.97,1.221,7/8/23 12:30,1.78,Auction Ads,auction_relation
20230807,1773573321073660 ,SA,,,1/1/00 0:00,22.7426,1.371,7/8/23 12:30,1.53,RIE,Promote Report Recall
20230807,1773573344610300 ,IL,,,1/1/00 0:00,59.2763,4.4576,7/8/23 12:30,0.54,Non-Auction Ads,Promote
20230807,1773596040769530 ,US,USCA,,1/1/00 0:00,1.04,1.221,7/8/23 12:30,1.78,Auction Ads,auction_relation
20230807,1773569000784890 ,IL,,,1/1/00 0:00,1.6366,4.8256,7/8/23 12:30,0.54,Non-Auction Ads,Promote
20230807,1773596048459810 ,US,USCA,,1/1/00 0:00,,1.221,7/8/23 12:30,1.78,Auction Ads,auction_relation
20230807,1773573338902530 ,ES,,,1/1/00 0:00,23.7993,1.9363,7/8/23 12:30,0.54,Non-Auction Ads,Promote
20230807,1773596068640780 ,US,USCA,,1/1/00 0:00,0.84,1.221,7/8/23 12:30,1.78,Auction Ads,auction_relation
20230807,1773573423029250 ,BR,,,1/1/00 0:00,16.7946,1.8205,7/8/23 12:30,0.54,Non-Auction Ads,Promote
20230807,1773596064985080 ,US,USCA,,1/1/00 0:00,1.07,1.221,7/8/23 12:30,1.78,Auction Ads,auction_relation
20230807,1773596067075120 ,US,USCA,,1/1/00 0:00,1.01,1.221,7/8/23 12:30,1.78,Auction Ads,auction_relation
20230807,1773573437493330 ,BR,,,1/1/00 0:00,8.3719,1.8205,7/8/23 12:30,1.53,RIE,Promote Report Recall
20230807,1773569730947090 ,GB,GB,,1/1/00 0:00,2.1674,5.8811,7/8/23 12:31,1.76,Auction Ads,auction_relation
20230807,1773573666386990 ,ID,ID,,1/1/00 0:00,1.2428,4.4289,7/8/23 12:31,1.8,Auction Ads,auction_relation
20230807,1773596086292480 ,US,USCA,,1/1/00 0:00,0.92,1.221,7/8/23 12:30,1.78,Auction Ads,auction_relation
20230807,1773573528604670 ,SA,,,1/1/00 0:00,40.1243,11.8322,7/8/23 12:32,0.54,Non-Auction Ads,Promote
20230807,1773562116832250 ,TR,,,1/1/00 0:00,1.4,0.5407,7/8/23 12:30,0.54,Non-Auction Ads,Promote
20230807,1773596094221310 ,US,USCA,,1/1/00 0:00,0.9,1.221,7/8/23 12:31,1.78,Auction Ads,auction_relation
20230807,1773569750035450 ,MY,,,1/1/00 0:00,0.3711,0.306,7/8/23 12:30,0.54,Non-Auction Ads,Promote
20230807,1773571134387200 ,IL,,,1/1/00 0:00,17.5402,3.7767,7/8/23 12:31,0.54,Non-Auction Ads,Promote
20230807,1773596107186220 ,US,USCA,,1/1/00 0:00,0.92,1.221,7/8/23 12:31,1.78,Auction Ads,auction_relation
20230807,1773573571998750 ,TH,TH,,1/1/00 0:00,,8.6909,7/8/23 12:32,1.87,RIE,Ad Group Recall (Merged)
20230807,1773573704425470 ,TH,TH,,1/1/00 0:00,,8.6909,7/8/23 12:32,1.87,RIE,Ad Group Recall (Merged)
20230807,1773573680883740 ,TH,TH,,1/1/00 0:00,,8.6909,7/8/23 12:32,1.87,RIE,Ad Group Recall (Merged)
20230807,1773573682296830 ,TH,TH,,1/1/00 0:00,,8.6909,7/8/23 12:32,1.87,RIE,Ad Group Recall (Merged)
20230807,1773573699777580 ,TH,TH,,1/1/00 0:00,6.87,8.6909,7/8/23 12:32,1.87,RIE,Ad Group Recall (Merged)
20230807,1773573694828590 ,TH,TH,,1/1/00 0:00,,8.6909,7/8/23 12:32,1.87,RIE,Ad Group Recall (Merged)
20230807,1773573670756360 ,MY,MY,,1/1/00 0:00,1.7937,0.3361,7/8/23 12:31,2.31,Auction Ads,auction_relation
20230807,1773573670756360 ,MY,MY,,1/1/00 0:00,1.7937,0.3361,7/8/23 12:31,2.31,Auction Ads,auction_relation
20230807,1773501970464760 ,SA,,,1/1/00 0:00,1.77,1.2796,7/8/23 12:31,0.54,Non-Auction Ads,Promote
20230807,1773561492738040 ,TR,,,1/1/00 0:00,9.2341,1.2992,7/8/23 12:31,0.54,Non-Auction Ads,Promote
20230807,1773573406920700 ,BR,,,1/1/00 0:00,19.7761,2.0441,7/8/23 12:31,0.54,Non-Auction Ads,Promote
20230807,1773530141745150 ,VN,,,1/1/00 0:00,0.4722,1.1342,7/8/23 12:31,0.54,Non-Auction Ads,Promote
20230807,1773574026326090 ,US,USCA,,1/1/00 0:00,26.72,9.3062,7/8/23 12:33,1.78,Auction Ads,auction_relation
20230807,1773564785959930 ,TH,,,1/1/00 0:00,0.6625,0.8203,7/8/23 12:31,0.54,Non-Auction Ads,Promote
20230807,1773562005066770 ,US,USCA,,1/1/00 0:00,0.4,1.572,7/8/23 12:32,1.78,Auction Ads,auction_relation
20230807,1773573518310430 ,BR,,,1/1/00 0:00,5.1462,1.8205,7/8/23 12:32,1.53,RIE,Promote Report Recall
20230807,1773569766675450 ,ID,,,1/1/00 0:00,0.7621,0.3124,7/8/23 12:31,0.54,Non-Auction Ads,Promote
20230807,1773573462467580 ,IL,,,1/1/00 0:00,34.3302,4.4576,7/8/23 12:32,0.54,Non-Auction Ads,Promote
20230807,1773568406655020 ,MY,MY,,1/1/00 0:00,4.103,0.6234,7/8/23 12:32,2.31,Auction Ads,auction_relation
20230807,1773573390966790 ,TH,,,1/1/00 0:00,8.04,2.3074,7/8/23 12:32,1.53,RIE,Promote Report Recall
20230807,1773571426160640 ,BR,,,1/1/00 0:00,2.2983,1.2364,7/8/23 12:32,0.54,Non-Auction Ads,Promote
20230807,1773564383762430 ,TH,,,1/1/00 0:00,0.5352,0.1661,7/8/23 12:32,0.54,Non-Auction Ads,Promote
20230807,1773573418619900 ,PH,,,1/1/00 0:00,0.0145,0.3259,7/8/23 12:32,0.54,Non-Auction Ads,Promote
20230807,1773562514325550 ,CA,USCA,,1/1/00 0:00,1.59,1.3229,7/8/23 12:33,1.78,Auction Ads,auction_relation
20230807,1773573234226180 ,TH,,,1/1/00 0:00,1.2213,1.6826,7/8/23 12:33,1.53,RIE,Promote Report Recall
20230807,1773573520812070 ,US,,,1/1/00 0:00,17.1,1,7/8/23 12:33,1.53,RIE,Promote Report Recall
20230807,1773562259447800 ,TR,,,1/1/00 0:00,0.492,0.0686,7/8/23 12:33,0.54,Non-Auction Ads,Promote
20230807,1773573635939370 ,MX,MX,,1/1/00 0:00,,0.9167,7/8/23 12:33,1.99,Auction Ads,auction_all
20230807,1773573640896510 ,TH,,,1/1/00 0:00,7.42,3.7871,7/8/23 12:34,1.53,RIE,Promote Report Recall
20230807,1773573148825600 ,IL,,,1/1/00 0:00,1.0017,0.4631,7/8/23 12:33,0.54,Non-Auction Ads,Promote
20230807,1773571753784320 ,BR,,,1/1/00 0:00,2.684,0.9948,7/8/23 12:33,0.54,Non-Auction Ads,Promote
20230807,1773583015397370 ,IQ,Others,,1/1/00 0:00,6.25,1.1367,7/8/23 12:33,1.56,Auction Ads,auction_all
20230807,1773573639244800 ,US,,,1/1/00 0:00,2.06,2.5,7/8/23 12:34,1.53,RIE,Promote Report Recall
20230807,1773501963552760 ,SA,,,1/1/00 0:00,1.7592,0.8002,7/8/23 12:34,0.54,Non-Auction Ads,Promote
20230807,1773530437599230 ,VN,,,1/1/00 0:00,0.3781,0.2552,7/8/23 12:34,0.54,Non-Auction Ads,Promote
20230807,1773569266798590 ,MY,,,1/1/00 0:00,0.3206,0.6171,7/8/23 12:34,0.54,Non-Auction Ads,Promote
20230807,1773573738368000 ,PE,PE,,1/1/00 0:00,9.49,1.4287,7/8/23 12:34,1.68,Auction Ads,auction_all
20230807,1773570494644220 ,US,USCA,,1/1/00 0:00,,36.1514,7/8/23 12:39,1.78,Auction Ads,auction_relation
20230807,1773573604205570 ,TH,,,1/1/00 0:00,0.887,1.1763,7/8/23 12:34,1.53,RIE,Promote Report Recall
20230807,1773573891066880 ,ID,ID,,1/1/00 0:00,1.1184,4.4289,7/8/23 12:34,1.8,Auction Ads,auction_relation
20230807,1773502851173370 ,SA,,,1/1/00 0:00,5.238,2.5153,7/8/23 12:34,0.54,Non-Auction Ads,Promote
20230807,1773573609288730 ,AU,AU,,1/1/00 0:00,1.86,0.1555,7/8/23 12:34,1.84,Auction Ads,auction_relation
20230807,1773563107851260 ,TR,,,1/1/00 0:00,0.5138,0.161,7/8/23 12:34,0.54,Non-Auction Ads,Promote
20230807,1773573460535290 ,PH,,,1/1/00 0:00,0.2059,0.1252,7/8/23 12:34,0.54,Non-Auction Ads,Promote
20230807,1773559799396350 ,ID,,,1/1/00 0:00,19.039,3.4576,7/8/23 12:35,0.54,Non-Auction Ads,Promote
20230807,1773573608499240 ,AU,AU,,1/1/00 0:00,1.73,0.1555,7/8/23 12:34,1.84,Auction Ads,auction_relation
20230807,1773573615413280 ,AU,AU,,1/1/00 0:00,1.29,0.1555,7/8/23 12:34,1.84,Auction Ads,auction_relation
20230807,1773569997014030 ,US,USCA,,1/1/00 0:00,3.26,2.2733,7/8/23 12:35,1.78,Auction Ads,auction_relation
20230807,1773573614800930 ,AU,AU,,1/1/00 0:00,1.78,0.1555,7/8/23 12:34,1.84,Auction Ads,auction_relation
20230807,1773573605916670 ,GB,,,1/1/00 0:00,10.0913,1.2275,7/8/23 12:34,1.53,RIE,Promote Report Recall
20230807,1773573625346040 ,AU,AU,,1/1/00 0:00,2.44,0.1555,7/8/23 12:34,1.84,Auction Ads,auction_relation
20230807,1773574116057100 ,VN,VN,,1/1/00 0:00,12.3073,21.3318,7/8/23 12:38,2.13,RIE,Ad Group Recall (Merged)
20230807,1773573803222060 ,IE,IE,,1/1/00 0:00,4.57,6.0314,7/8/23 12:35,1.52,Auction Ads,auction_relation
20230807,1773573803222060 ,GB,GB,,1/1/00 0:00,4.57,6.0314,7/8/23 12:35,1.76,Auction Ads,auction_relation
20230807,1773573803222060 ,TR,TR,,1/1/00 0:00,4.57,6.0314,7/8/23 12:35,0.83,Auction Ads,auction_relation
20230807,1773573803222060 ,BE,BE,,1/1/00 0:00,4.57,6.0314,7/8/23 12:35,1.15,Auction Ads,auction_relation
20230807,1773573803222060 ,PH,PH,,1/1/00 0:00,4.57,6.0314,7/8/23 12:35,2.46,Auction Ads,auction_relation
20230807,1773573803222060 ,IT,IT,,1/1/00 0:00,4.57,6.0314,7/8/23 12:35,1.36,Auction Ads,auction_relation
20230807,1773573803222060 ,GR,GR,,1/1/00 0:00,4.57,6.0314,7/8/23 12:35,2.11,Auction Ads,auction_relation
20230807,1773573803222060 ,KZ,KZ,,1/1/00 0:00,4.57,6.0314,7/8/23 12:35,2,Auction Ads,auction_relation
20230807,1773573803222060 ,MY,MY,,1/1/00 0:00,4.57,6.0314,7/8/23 12:35,2.31,Auction Ads,auction_relation
20230807,1773573803222060 ,ID,ID,,1/1/00 0:00,4.57,6.0314,7/8/23 12:35,1.8,Auction Ads,auction_relation
20230807,1773573803222060 ,PK,PK,,1/1/00 0:00,4.57,6.0314,7/8/23 12:35,1.36,Auction Ads,auction_relation
20230807,1773573803222060 ,TW,TW,,1/1/00 0:00,4.57,6.0314,7/8/23 12:35,0.95,Auction Ads,auction_relation
20230807,1773573803222060 ,TH,TH,,1/1/00 0:00,4.57,6.0314,7/8/23 12:35,1.64,Auction Ads,auction_relation
20230807,1773573803222060 ,FR,FR,,1/1/00 0:00,4.57,6.0314,7/8/23 12:35,1.97,Auction Ads,auction_relation
20230807,1773573803222060 ,PL,PL,,1/1/00 0:00,4.57,6.0314,7/8/23 12:35,1.64,Auction Ads,auction_relation
20230807,1773573803222060 ,KH,KH,,1/1/00 0:00,4.57,6.0314,7/8/23 12:35,1.5,Auction Ads,auction_relation
20230807,1773573803222060 ,PT,PT,,1/1/00 0:00,4.57,6.0314,7/8/23 12:35,1.98,Auction Ads,auction_relation
20230807,1773573803222060 ,PK,PK,,1/1/00 0:00,4.57,6.0314,7/8/23 12:35,1.36,Auction Ads,auction_relation
20230807,1773573803222060 ,DK,DK,,1/1/00 0:00,4.57,6.0314,7/8/23 12:35,1.31,Auction Ads,auction_relation
20230807,1773573803222060 ,BY,BY,,1/1/00 0:00,4.57,6.0314,7/8/23 12:35,2.14,Auction Ads,auction_relation
20230807,1773573803222060 ,PL,PL,,1/1/00 0:00,4.57,6.0314,7/8/23 12:35,1.64,Auction Ads,auction_relation
20230807,1773573803222060 ,NO,Others,,1/1/00 0:00,4.57,6.0314,7/8/23 12:35,1.56,Auction Ads,auction_all
20230807,1773570857393150 ,MY,,,1/1/00 0:00,5.8664,6.6016,7/8/23 12:35,0.54,Non-Auction Ads,Promote
20230807,1773574439800850 ,GB,GB,,1/1/00 0:00,0.18,8.9068,7/8/23 12:36,1.76,Auction Ads,auction_relation
20230807,1773574325338110 ,SA,MENA,,1/1/00 0:00,,32.2605,7/8/23 12:42,1.78,Auction Ads,auction_relation
20230807,1773574325338110 ,SA,MENA,,1/1/00 0:00,,32.2605,7/8/23 12:42,1.78,Auction Ads,auction_relation
20230807,1773573659884540 ,SA,,,1/1/00 0:00,17.1662,3.7531,7/8/23 12:35,0.54,Non-Auction Ads,Promote
20230807,1773566356482080 ,GB,GB,,1/1/00 0:00,7.33,4.1182,7/8/23 12:35,1.76,Auction Ads,auction_relation
20230807,1773502769745920 ,SA,,,1/1/00 0:00,2.0474,0.5706,7/8/23 12:35,0.54,Non-Auction Ads,Promote
20230807,1773574019702780 ,PL,PL,,1/1/00 0:00,5.7435,2.9767,7/8/23 12:35,1.64,Auction Ads,auction_relation
20230807,1773563187954680 ,TR,,,1/1/00 0:00,1.9068,0.8223,7/8/23 12:35,0.54,Non-Auction Ads,Promote
20230807,1773571848758270 ,BR,,,1/1/00 0:00,13.3785,0.8743,7/8/23 12:35,0.54,Non-Auction Ads,Promote
20230807,1773569540306980 ,IT,,,1/1/00 0:00,1.7604,0.5977,7/8/23 12:35,0.54,Non-Auction Ads,Promote
20230807,1773564923652090 ,TH,,,1/1/00 0:00,0.7356,0.6238,7/8/23 12:35,0.54,Non-Auction Ads,Promote
20230807,1773573781638170 ,PE,PE,,1/1/00 0:00,9.87,1.4287,7/8/23 12:36,1.68,Auction Ads,auction_all
20230807,1773562871574520 ,TR,,,1/1/00 0:00,0.2219,0.3661,7/8/23 12:36,0.54,Non-Auction Ads,Promote
20230807,1773530908457980 ,VN,,,1/1/00 0:00,4.9311,0.6293,7/8/23 12:36,0.54,Non-Auction Ads,Promote
20230807,1773573811524610 ,VN,,,1/1/00 0:00,2.9549,1.9221,7/8/23 12:36,1.53,RIE,Promote Report Recall
20230807,1773571173553150 ,GR,,,1/1/00 0:00,6.0186,6.5561,7/8/23 12:37,0.54,Non-Auction Ads,Promote
20230807,1773570154187790 ,DE,DE,,1/1/00 0:00,10.9476,3.1405,7/8/23 12:37,1.01,Auction Ads,auction_relation
20230807,1773565058246650 ,TH,,,1/1/00 0:00,0.4838,0.4756,7/8/23 12:36,0.54,Non-Auction Ads,Promote
20230807,1773573434072070 ,PL,,,1/1/00 0:00,1.408,0.5943,7/8/23 12:36,0.54,Non-Auction Ads,Promote
20230807,1773573728757760 ,TH,,,1/1/00 0:00,5.35,2.0737,7/8/23 12:36,1.53,RIE,Promote Report Recall
20230807,1773574042775550 ,PK,PK,,1/1/00 0:00,1.96,1,7/8/23 12:36,1.36,Auction Ads,auction_relation
20230807,1773572176131070 ,BR,,,1/1/00 0:00,2.6062,1.2131,7/8/23 12:36,0.54,Non-Auction Ads,Promote
20230807,1773573844781050 ,MY,,,1/1/00 0:00,46.4282,2.9759,7/8/23 12:37,1.53,RIE,Promote Report Recall
20230807,1773572355331070 ,BR,,,1/1/00 0:00,1.1062,1.0982,7/8/23 12:37,0.54,Non-Auction Ads,Promote
20230807,1773571334539270 ,BR,,,1/1/00 0:00,2.8789,0.4171,7/8/23 12:37,0.54,Non-Auction Ads,Promote
20230807,1773502981655550 ,SA,,,1/1/00 0:00,3.8598,0.7564,7/8/23 12:37,0.54,Non-Auction Ads,Promote
20230807,1773570259904560 ,US,USCA,,1/1/00 0:00,1.84,8.5535,7/8/23 12:39,1.78,Auction Ads,auction_relation
20230807,1773564959041530 ,TH,,,1/1/00 0:00,0.4399,0.416,7/8/23 12:37,0.54,Non-Auction Ads,Promote
20230807,1773573898110980 ,BR,,,1/1/00 0:00,7.6145,1.8205,7/8/23 12:38,1.53,RIE,Promote Report Recall
20230807,1773573913290750 ,BR,,,1/1/00 0:00,5.0394,1.8205,7/8/23 12:38,1.53,RIE,Promote Report Recall
20230807,1773563470684160 ,TR,,,1/1/00 0:00,0.4041,0,7/8/23 12:37,0.54,Non-Auction Ads,Promote
20230807,1773573956714510 ,ID,ID,,1/1/00 0:00,14.2174,2.319,7/8/23 12:38,1.8,Auction Ads,auction_relation
20230807,1773573929004030 ,BR,,,1/1/00 0:00,1.4445,1.8205,7/8/23 12:38,1.53,RIE,Promote Report Recall
20230807,1773530798572540 ,VN,,,1/1/00 0:00,0.8203,0.8256,7/8/23 12:38,0.54,Non-Auction Ads,Promote
20230807,1773573944085540 ,BR,,,1/1/00 0:00,3.4205,1.8205,7/8/23 12:38,1.53,RIE,Promote Report Recall
20230807,1773503040194560 ,SA,,,1/1/00 0:00,2.255,1.7062,7/8/23 12:38,0.54,Non-Auction Ads,Promote
20230807,1773574111710240 ,ID,ID,,1/1/00 0:00,3.9809,2.3435,7/8/23 12:39,1.8,Auction Ads,auction_relation
20230807,1773573960841260 ,BR,,,1/1/00 0:00,6.4861,1.8205,7/8/23 12:39,1.53,RIE,Promote Report Recall
20230807,1773572931328000 ,BR,,,1/1/00 0:00,1.0178,1.2085,7/8/23 12:39,0.54,Non-Auction Ads,Promote
20230807,1773571620153340 ,MY,,,1/1/00 0:00,0.2527,0.1981,7/8/23 12:39,0.54,Non-Auction Ads,Promote
20230807,1773570914955260 ,MY,,,1/1/00 0:00,0.3754,0.5516,7/8/23 12:39,0.54,Non-Auction Ads,Promote
20230807,1773571963899900 ,BR,,,1/1/00 0:00,1.2252,0.2648,7/8/23 12:39,0.54,Non-Auction Ads,Promote
20230807,1773570671067130 ,MY,,,1/1/00 0:00,2.7203,0.5601,7/8/23 12:39,0.54,Non-Auction Ads,Promote
20230807,1773503811696640 ,SA,,,1/1/00 0:00,17.0595,12.8573,7/8/23 12:42,0.54,Non-Auction Ads,Promote
20230807,1773574229214240 ,FR,FR,,1/1/00 0:00,,3.8873,7/8/23 12:40,1.97,Auction Ads,auction_relation
20230807,1773573070092280 ,DE,DE,,1/1/00 0:00,7.9,37.4859,7/8/23 12:48,1.01,Auction Ads,auction_relation
20230807,1773574123702270 ,ID,ID,,1/1/00 0:00,0.4558,2.319,7/8/23 12:40,1.8,Auction Ads,auction_relation
20230807,1773571347313660 ,MY,,,1/1/00 0:00,0.5908,1.0121,7/8/23 12:39,0.54,Non-Auction Ads,Promote
20230807,1773570582666270 ,US,USCA,,1/1/00 0:00,20.49,18.9832,7/8/23 12:44,1.78,Auction Ads,auction_relation
20230807,1773497875782660 ,BR,,,1/1/00 0:00,14.5645,2.9556,7/8/23 12:40,0.54,Non-Auction Ads,Promote
20230807,1773570728210430 ,US,USCA,,1/1/00 0:00,8.69,19.262,7/8/23 12:44,1.78,Auction Ads,auction_relation
20230807,1773531178805250 ,VN,,,1/1/00 0:00,1.6752,2.3026,7/8/23 12:40,0.54,Non-Auction Ads,Promote
20230807,1773503615791100 ,SA,,,1/1/00 0:00,0.8266,0.9794,7/8/23 12:40,0.54,Non-Auction Ads,Promote
20230807,1773503666734080 ,SA,,,1/1/00 0:00,2.3777,12.8573,7/8/23 12:42,0.54,Non-Auction Ads,Promote
20230807,1773570517379130 ,JP,JP,,1/1/00 0:00,,19.1745,7/8/23 12:44,2.16,Auction Ads,auction_all
20230807,1773574072900600 ,VN,,,1/1/00 0:00,3.0692,2.6253,7/8/23 12:40,1.53,RIE,Promote Report Recall
20230807,1773573143833630 ,BR,,,1/1/00 0:00,2.5915,1.8205,7/8/23 12:41,0.54,Non-Auction Ads,Promote
20230807,1773573143833630 ,BR,,,1/1/00 0:00,2.5915,1.8205,7/8/23 12:41,1.53,RIE,Promote Report Recall
20230807,1773573797732350 ,PH,,,1/1/00 0:00,0.1524,0.1405,7/8/23 12:40,0.54,Non-Auction Ads,Promote
20230807,1773574099038200 ,VN,,,1/1/00 0:00,1.7487,1.7561,7/8/23 12:41,1.53,RIE,Promote Report Recall
20230807,1773570688787450 ,IQ,Others,,1/1/00 0:00,9.72,1.7797,7/8/23 12:41,1.56,Auction Ads,auction_all
20230807,1773572969249790 ,NL,,,1/1/00 0:00,9.9906,2.7369,7/8/23 12:41,0.54,Non-Auction Ads,Promote
20230807,1773573806239740 ,PH,,,1/1/00 0:00,0.2806,0.1512,7/8/23 12:41,0.54,Non-Auction Ads,Promote
20230807,1773570789948450 ,CZ,CZ,,1/1/00 0:00,16.7024,6.2946,7/8/23 12:42,1.9,Auction Ads,auction_relation
20230807,1773573901936640 ,JP,,,1/1/00 0:00,1.8608,2.0457,7/8/23 12:41,0.54,Non-Auction Ads,Promote
20230807,1773563881990140 ,TR,,,1/1/00 0:00,2.3602,0.4891,7/8/23 12:41,0.54,Non-Auction Ads,Promote
20230807,1773573984269310 ,PH,,,1/1/00 0:00,0.2201,0.1306,7/8/23 12:41,0.54,Non-Auction Ads,Promote
20230807,1773574014278650 ,PH,,,1/1/00 0:00,0.1043,0.446,7/8/23 12:41,0.54,Non-Auction Ads,Promote
20230807,1773574222023680 ,VN,,,1/1/00 0:00,2.3458,5.9238,7/8/23 12:43,1.53,RIE,Promote Report Recall
20230807,1773573783084030 ,BR,,,1/1/00 0:00,4.0832,1.8205,7/8/23 12:42,1.53,RIE,Promote Report Recall
20230807,1773573783084030 ,BR,,,1/1/00 0:00,4.0832,1.8205,7/8/23 12:42,0.54,Non-Auction Ads,Promote
20230807,1773573145420910 ,BR,,,1/1/00 0:00,1.0693,0.9325,7/8/23 12:42,0.54,Non-Auction Ads,Promote
20230807,1773563879410680 ,TR,,,1/1/00 0:00,1.2885,0.2279,7/8/23 12:42,0.54,Non-Auction Ads,Promote
20230807,1773571167107120 ,SE,SE,,1/1/00 0:00,38.3131,21.1026,7/8/23 12:47,1.4,Auction Ads,auction_relation
20230807,1773574223816700 ,SA,,,1/1/00 0:00,15.6174,3.8657,7/8/23 12:43,0.54,Non-Auction Ads,Promote
20230807,1773565431710720 ,TH,,,1/1/00 0:00,1.113,1.7626,7/8/23 12:42,0.54,Non-Auction Ads,Promote
20230807,1773572006740990 ,MY,,,1/1/00 0:00,0.5511,0.5286,7/8/23 12:42,0.54,Non-Auction Ads,Promote
20230807,1773570781247500 ,NL,NL,,1/1/00 0:00,30.28,18.5311,7/8/23 12:47,1.19,Auction Ads,auction_relation
20230807,1773573973088250 ,JP,,,1/1/00 0:00,1.6777,2.0457,7/8/23 12:43,0.54,Non-Auction Ads,Promote
20230807,1773564190375930 ,TR,,,1/1/00 0:00,1.4242,0.3574,7/8/23 12:42,0.54,Non-Auction Ads,Promote
20230807,1773572792334340 ,BR,,,1/1/00 0:00,2.4497,0.9751,7/8/23 12:43,0.54,Non-Auction Ads,Promote
20230807,1773503886046200 ,SA,,,1/1/00 0:00,17.7553,12.8573,7/8/23 12:46,0.54,Non-Auction Ads,Promote
20230807,1773574208485370 ,VN,,,1/1/00 0:00,0.9169,1.6212,7/8/23 12:44,1.53,RIE,Promote Report Recall
20230807,1773573879236630 ,BR,,,1/1/00 0:00,0.0021,0.0412,7/8/23 12:43,0.54,Non-Auction Ads,Promote
20230807,1773564449542140 ,TR,,,1/1/00 0:00,0.9922,0.3699,7/8/23 12:43,0.54,Non-Auction Ads,Promote
20230807,1773574459379710 ,PK,PK,,1/1/00 0:00,6.32,0.7865,7/8/23 12:43,1.36,Auction Ads,auction_relation
20230807,1773564584430590 ,TR,,,1/1/00 0:00,1.8844,0,7/8/23 12:44,0.54,Non-Auction Ads,Promote
20230807,1773564584430590 ,TR,,,1/1/00 0:00,1.8844,0,7/8/23 12:44,1.53,RIE,Promote Report Recall
20230807,1773573863029760 ,PL,,,1/1/00 0:00,1.5181,0.3339,7/8/23 12:44,0.54,Non-Auction Ads,Promote
20230807,1773573975874560 ,BR,,,1/1/00 0:00,1.781,1.8205,7/8/23 12:44,0.54,Non-Auction Ads,Promote
20230807,1773573975874560 ,BR,,,1/1/00 0:00,1.781,1.8205,7/8/23 12:44,1.53,RIE,Promote Report Recall
20230807,1773573884691460 ,BR,,,1/1/00 0:00,1.1596,0.4312,7/8/23 12:44,0.54,Non-Auction Ads,Promote
20230807,1773570967619630 ,KZ,KZ,,1/1/00 0:00,9.75,15.1207,7/8/23 12:47,2,Auction Ads,auction_relation
20230807,1773572399870980 ,TH,,,1/1/00 0:00,9.68,1.5678,7/8/23 12:45,1.53,RIE,Promote Report Recall
20230807,1773573991491580 ,BR,,,1/1/00 0:00,14.5623,1.8205,7/8/23 12:45,1.53,RIE,Promote Report Recall
20230807,1773573991491580 ,BR,,,1/1/00 0:00,14.5623,1.8205,7/8/23 12:45,0.54,Non-Auction Ads,Promote
20230807,1773570603449360 ,IL,IL,,1/1/00 0:00,1.7,2.1414,7/8/23 12:45,1.52,Auction Ads,auction_relation
20230807,1773570776192030 ,US,USCA,,1/1/00 0:00,14.29,8.5535,7/8/23 12:47,1.78,Auction Ads,auction_relation
20230807,1773570777821180 ,US,USCA,,1/1/00 0:00,15.41,8.5535,7/8/23 12:47,1.78,Auction Ads,auction_relation
20230807,1773570777808910 ,US,USCA,,1/1/00 0:00,29.9,8.5535,7/8/23 12:47,1.78,Auction Ads,auction_relation
20230807,1773574704507900 ,FR,FR,,1/1/00 0:00,,0.3756,7/8/23 12:45,1.97,Auction Ads,auction_relation
20230807,1773574699522080 ,FR,FR,,1/1/00 0:00,,0.3756,7/8/23 12:45,1.97,Auction Ads,auction_relation
20230807,1773574711541810 ,FR,FR,,1/1/00 0:00,,0.3756,7/8/23 12:45,1.97,Auction Ads,auction_relation
20230807,1773574708168720 ,FR,FR,,1/1/00 0:00,,0.3756,7/8/23 12:45,1.97,Auction Ads,auction_relation
20230807,1773503455552510 ,SA,,,1/1/00 0:00,0.9197,0.8148,7/8/23 12:45,0.54,Non-Auction Ads,Promote
20230807,1773564736323580 ,TR,,,1/1/00 0:00,0.4708,0.3616,7/8/23 12:45,0.54,Non-Auction Ads,Promote
20230807,1773574296552440 ,TH,,,1/1/00 0:00,1.2122,1.4774,7/8/23 12:45,1.53,RIE,Promote Report Recall
20230807,1773574451796990 ,HU,,,1/1/00 0:00,12.471,4.406,7/8/23 12:46,0.54,Non-Auction Ads,Promote
20230807,1773574966207520 ,CA,USCA,,1/1/00 0:00,4.17,0.303,7/8/23 12:45,1.78,Auction Ads,auction_relation
20230807,1773574966207520 ,US,USCA,,1/1/00 0:00,4.17,0.303,7/8/23 12:45,1.78,Auction Ads,auction_relation
20230807,1773564788788220 ,TR,,,1/1/00 0:00,1.2817,0.3616,7/8/23 12:45,0.54,Non-Auction Ads,Promote
20230807,1773573722798080 ,BR,,,1/1/00 0:00,1.0998,0.2839,7/8/23 12:45,0.54,Non-Auction Ads,Promote
20230807,1773575271149600 ,ID,ID,,1/1/00 0:00,4.9727,22.6876,7/8/23 12:52,1.8,Auction Ads,auction_relation
20230807,1773573875977250 ,BR,,,1/1/00 0:00,1.1431,0.4866,7/8/23 12:46,0.54,Non-Auction Ads,Promote
20230807,1773572026747900 ,MY,,,1/1/00 0:00,0.887,0.7941,7/8/23 12:46,0.54,Non-Auction Ads,Promote
20230807,1773573972457470 ,ID,,,1/1/00 0:00,1.6465,0.1401,7/8/23 12:47,0.54,Non-Auction Ads,Promote
20230807,1773574212436990 ,IL,,,1/1/00 0:00,0.5363,0.3094,7/8/23 12:47,0.54,Non-Auction Ads,Promote
20230807,1773574605402160 ,PK,PK,,1/1/00 0:00,2.09,0.3604,7/8/23 12:47,1.36,Auction Ads,auction_relation
20230807,1773573815671820 ,BR,,,1/1/00 0:00,2.3538,0.4816,7/8/23 12:47,0.54,Non-Auction Ads,Promote
20230807,1773574672445450 ,IQ,Others,,1/1/00 0:00,0.01,1.6668,7/8/23 12:48,1.56,Auction Ads,auction_all
20230807,1773574672445450 ,IQ,Others,,1/1/00 0:00,0.01,1.6668,7/8/23 12:48,1.56,Auction Ads,auction_all
20230807,1773582539710460 ,GB,GB,,1/1/00 0:00,1.63,16.8006,7/8/23 12:52,1.72,RIE,Ad Group Recall (Merged)
20230807,1773504705284090 ,SA,,,1/1/00 0:00,6.5786,4.8385,7/8/23 12:49,0.54,Non-Auction Ads,Promote
20230807,1773574732077070 ,SA,MENA,,1/1/00 0:00,,4.0041,7/8/23 12:49,1.78,Auction Ads,auction_relation
20230807,1773574732077070 ,SA,MENA,,1/1/00 0:00,,4.0041,7/8/23 12:49,1.78,Auction Ads,auction_relation
20230807,1773575349950480 ,SA,MENA,,1/1/00 0:00,172.2626,34.7373,7/8/23 12:58,1.67,RIE,Ad Group Recall (Merged)
20230807,1773532094292990 ,VN,,,1/1/00 0:00,0.2327,0.2912,7/8/23 12:48,0.54,Non-Auction Ads,Promote
20230807,1773574462160890 ,VN,,,1/1/00 0:00,0.0261,0.2452,7/8/23 12:48,1.53,RIE,Promote Report Recall
20230807,1773586026326030 ,US,USCA,,1/1/00 0:00,,1.7548,7/8/23 12:49,1.78,Auction Ads,auction_relation
20230807,1773574850819100 ,BR,BR,,1/1/00 0:00,8.7492,8.9856,7/8/23 12:51,1.99,Auction Ads,auction_all
20230807,1773565504940030 ,TH,,,1/1/00 0:00,0.2904,0.5038,7/8/23 12:48,0.54,Non-Auction Ads,Promote
20230807,1773572918800380 ,MY,,,1/1/00 0:00,0.1956,0.3034,7/8/23 12:48,0.54,Non-Auction Ads,Promote
20230807,1773570960314410 ,US,USCA,,1/1/00 0:00,12.04,3.2473,7/8/23 12:50,1.78,Auction Ads,auction_relation
20230807,1773570953979900 ,US,USCA,,1/1/00 0:00,11.36,3.2473,7/8/23 12:50,1.78,Auction Ads,auction_relation
20230807,1773574816918570 ,TH,TH,,1/1/00 0:00,,6.0608,7/8/23 12:51,1.64,Auction Ads,auction_relation
20230807,1773575015882750 ,BR,BR,,1/1/00 0:00,,15.5527,7/8/23 12:53,1.99,Auction Ads,auction_all
20230807,1773574382382090 ,GB,GB,,1/1/00 0:00,170.76,21.2746,7/8/23 12:55,1.76,Auction Ads,auction_relation
20230807,1773564987094010 ,TR,,,1/1/00 0:00,0.6532,0.3699,7/8/23 12:49,0.54,Non-Auction Ads,Promote
20230807,1773565057817600 ,TR,,,1/1/00 0:00,0.4596,0.1723,7/8/23 12:49,0.54,Non-Auction Ads,Promote
20230807,1773568217890830 ,PL,PL,,1/1/00 0:00,43.9205,17.0265,7/8/23 12:55,1.64,Auction Ads,auction_relation
20230807,1773575096572970 ,FR,FR,,1/1/00 0:00,,2.9814,7/8/23 12:50,1.97,Auction Ads,auction_relation
20230807,1773575096260650 ,FR,FR,,1/1/00 0:00,,2.9814,7/8/23 12:50,1.97,Auction Ads,auction_relation
20230807,1773574846195730 ,IQ,Others,,1/1/00 0:00,0,1.6668,7/8/23 12:50,1.56,Auction Ads,auction_all
20230807,1773574846195730 ,IQ,Others,,1/1/00 0:00,0,1.6668,7/8/23 12:50,1.56,Auction Ads,auction_all
20230807,1773573744065530 ,PH,,,1/1/00 0:00,0.6428,0.168,7/8/23 12:50,0.54,Non-Auction Ads,Promote
20230807,1773531828506620 ,VN,,,1/1/00 0:00,0.3661,0.5064,7/8/23 12:50,0.54,Non-Auction Ads,Promote
20230807,1773571186666490 ,KZ,Other,,1/1/00 0:00,8.23,15.2025,7/8/23 12:54,1.62,RIE,Ad Group Recall (Merged)
20230807,1773574462195750 ,TH,,,1/1/00 0:00,4.3,1.543,7/8/23 12:51,1.53,RIE,Promote Report Recall
20230807,1773574721924090 ,TH,,,1/1/00 0:00,0.4412,0.3798,7/8/23 12:51,1.53,RIE,Promote Report Recall
20230807,1773531757107200 ,VN,,,1/1/00 0:00,0.4801,0.4537,7/8/23 12:51,0.54,Non-Auction Ads,Promote
20230807,1773531757107200 ,VN,,,1/1/00 0:00,0.4801,0.4537,7/8/23 12:51,0.54,Non-Auction Ads,Promote
20230807,1773571526322170 ,PH,,,1/1/00 0:00,0.6558,1.5969,7/8/23 12:51,0.54,Non-Auction Ads,Promote
20230807,1773571093074970 ,DE,DE,,1/1/00 0:00,31.62,2.4235,7/8/23 12:51,1.01,Auction Ads,auction_relation
20230807,1773571093074970 ,GB,GB,,1/1/00 0:00,31.62,2.4235,7/8/23 12:51,1.76,Auction Ads,auction_relation
20230807,1773574451013630 ,PH,,,1/1/00 0:00,0.5478,0.2905,7/8/23 12:51,0.54,Non-Auction Ads,Promote
20230807,1773565767311360 ,TH,,,1/1/00 0:00,0.3729,0.3333,7/8/23 12:51,0.54,Non-Auction Ads,Promote
20230807,1773505469617150 ,SA,,,1/1/00 0:00,6.6051,0.4987,7/8/23 12:51,0.54,Non-Auction Ads,Promote
20230807,1773574895462410 ,MA,Other,,1/1/00 0:00,2.91,2.0207,7/8/23 12:52,1.62,RIE,Ad Group Recall (Merged)
20230807,1773575469173790 ,DE,DE,,1/1/00 0:00,46.33,58.1128,7/8/23 13:01,1.01,Auction Ads,auction_relation
20230807,1773575469173790 ,GR,GR,,1/1/00 0:00,46.33,58.1128,7/8/23 13:01,2.11,Auction Ads,auction_relation
20230807,1773575469173790 ,IT,IT,,1/1/00 0:00,46.33,58.1128,7/8/23 13:01,1.36,Auction Ads,auction_relation
20230807,1773575469173790 ,BE,BE,,1/1/00 0:00,46.33,58.1128,7/8/23 13:01,1.15,Auction Ads,auction_relation
20230807,1773575469173790 ,FI,Others,,1/1/00 0:00,46.33,58.1128,7/8/23 13:01,1.56,Auction Ads,auction_all
20230807,1773575469173790 ,FR,FR,,1/1/00 0:00,46.33,58.1128,7/8/23 13:01,1.97,Auction Ads,auction_relation
20230807,1773575469173790 ,NO,Others,,1/1/00 0:00,46.33,58.1128,7/8/23 13:01,1.56,Auction Ads,auction_all
20230807,1773575469173790 ,SE,SE,,1/1/00 0:00,46.33,58.1128,7/8/23 13:01,1.4,Auction Ads,auction_relation
20230807,1773575469173790 ,CH,CH,,1/1/00 0:00,46.33,58.1128,7/8/23 13:01,0.93,Auction Ads,auction_relation
20230807,1773575469173790 ,GB,GB,,1/1/00 0:00,46.33,58.1128,7/8/23 13:01,1.76,Auction Ads,auction_relation
20230807,1773575469173790 ,PL,PL,,1/1/00 0:00,46.33,58.1128,7/8/23 13:01,1.64,Auction Ads,auction_relation
20230807,1773575469173790 ,ES,ES,,1/1/00 0:00,46.33,58.1128,7/8/23 13:01,1.37,Auction Ads,auction_relation
20230807,1773575469173790 ,NL,NL,,1/1/00 0:00,46.33,58.1128,7/8/23 13:01,1.19,Auction Ads,auction_relation
20230807,1773575469173790 ,PT,PT,,1/1/00 0:00,46.33,58.1128,7/8/23 13:01,1.98,Auction Ads,auction_relation
20230807,1773575469173790 ,CZ,CZ,,1/1/00 0:00,46.33,58.1128,7/8/23 13:01,1.9,Auction Ads,auction_relation
20230807,1773575469173790 ,AT,AT,,1/1/00 0:00,46.33,58.1128,7/8/23 13:01,0.89,Auction Ads,auction_relation
20230807,1773569996011520 ,ID,,,1/1/00 0:00,0.3684,0.1844,7/8/23 12:51,0.54,Non-Auction Ads,Promote
20230807,1773575242909740 ,KZ,KZ,,1/1/00 0:00,1.68,4.3527,7/8/23 12:53,2,Auction Ads,auction_relation
20230807,1773574905859070 ,AU,AU,,1/1/00 0:00,0.4733,2.1377,7/8/23 12:52,1.84,Auction Ads,auction_relation
20230807,1773586178038780 ,US,USCA,,1/1/00 0:00,,1.7548,7/8/23 12:52,1.78,Auction Ads,auction_relation
20230807,1773569662989310 ,ID,,,1/1/00 0:00,0.2709,0.4426,7/8/23 12:52,0.54,Non-Auction Ads,Promote
20230807,1773565898421240 ,TH,,,1/1/00 0:00,5.1517,1.4702,7/8/23 12:52,0.54,Non-Auction Ads,Promote
20230807,1773565884940280 ,TH,,,1/1/00 0:00,0.2465,0.7675,7/8/23 12:52,0.54,Non-Auction Ads,Promote
20230807,1773574782457860 ,PT,,,1/1/00 0:00,1.2252,0.4055,7/8/23 12:53,1.53,RIE,Promote Report Recall
20230807,1773575200301050 ,US,USCA,,1/1/00 0:00,6.51,5.5372,7/8/23 12:55,1.78,Auction Ads,auction_relation
20230807,1773575200678940 ,US,USCA,,1/1/00 0:00,,5.5372,7/8/23 12:55,1.78,Auction Ads,auction_relation
20230807,1773574841229330 ,TH,,,1/1/00 0:00,7.36,1.1544,7/8/23 12:53,1.53,RIE,Promote Report Recall
20230807,1773565676389370 ,TR,,,1/1/00 0:00,0.4856,0.686,7/8/23 12:53,0.54,Non-Auction Ads,Promote
20230807,1773565778438140 ,TH,,,1/1/00 0:00,0.2406,1.4702,7/8/23 12:54,0.54,Non-Auction Ads,Promote
20230807,1773571742105600 ,GR,GR,,1/1/00 0:00,2.3437,1.7654,7/8/23 12:54,2.11,Auction Ads,auction_relation
20230807,1773566025767940 ,TR,,,1/1/00 0:00,3.9503,0.5452,7/8/23 12:54,0.54,Non-Auction Ads,Promote
20230807,1773573927602180 ,BR,,,1/1/00 0:00,1.5265,0.2943,7/8/23 12:54,0.54,Non-Auction Ads,Promote
20230807,1773574880411650 ,IT,,,1/1/00 0:00,1.7604,0.6339,7/8/23 12:54,1.53,RIE,Promote Report Recall
20230807,1773571850786830 ,IL,IL,,1/1/00 0:00,17.93,5.6899,7/8/23 12:56,1.52,Auction Ads,auction_relation
20230807,1773572207683600 ,SA,MENA,,1/1/00 0:00,0.3823,0.0255,7/8/23 12:55,1.78,Auction Ads,auction_relation
20230807,1773576014124080 ,JP,JP,,1/1/00 0:00,,90.0345,7/8/23 13:11,2.16,Auction Ads,auction_all
20230807,1773575424998480 ,BY,BY,,1/1/00 0:00,17.43,9.1538,7/8/23 12:57,2.14,Auction Ads,auction_relation
20230807,1773575486083100 ,PK,PK,,1/1/00 0:00,0.94,0.2589,7/8/23 12:55,1.36,Auction Ads,auction_relation
20230807,1773575078076430 ,US,USCA,,1/1/00 0:00,20.92,3.5109,7/8/23 12:56,1.78,Auction Ads,auction_relation
20230807,1773565936503810 ,TH,,,1/1/00 0:00,0.5153,0.3333,7/8/23 12:55,0.54,Non-Auction Ads,Promote
20230807,1773575026770940 ,GR,,,1/1/00 0:00,1.5624,1.3641,7/8/23 12:56,1.53,RIE,Promote Report Recall
20230807,1773566637361150 ,TR,,,1/1/00 0:00,0.4908,0.1198,7/8/23 12:56,0.54,Non-Auction Ads,Promote
20230807,1773574923328510 ,IL,,,1/1/00 0:00,0.2545,1.7095,7/8/23 12:56,1.53,RIE,Promote Report Recall
20230807,1773575459739680 ,FR,FR,,1/1/00 0:00,,2.8719,7/8/23 12:56,1.97,Auction Ads,auction_relation
20230807,1773575446112290 ,FR,FR,,1/1/00 0:00,,2.8719,7/8/23 12:56,1.97,Auction Ads,auction_relation
20230807,1773575477151790 ,FR,FR,,1/1/00 0:00,,2.8719,7/8/23 12:56,1.97,Auction Ads,auction_relation
20230807,1773574956791810 ,TH,,,1/1/00 0:00,7.36,1.4658,7/8/23 12:57,1.53,RIE,Promote Report Recall
20230807,1773575713886220 ,ID,ID,,1/1/00 0:00,5.9132,22.6876,7/8/23 13:00,1.8,Auction Ads,auction_relation
20230807,1773597750717450 ,US,USCA,,1/1/00 0:00,3.94,0.8776,7/8/23 12:57,1.78,Auction Ads,auction_relation
20230807,1773570289698810 ,ID,,,1/1/00 0:00,0.2022,0.3363,7/8/23 12:57,0.54,Non-Auction Ads,Promote
20230807,1773597760477200 ,US,USCA,,1/1/00 0:00,3.81,0.8776,7/8/23 12:57,1.78,Auction Ads,auction_relation
20230807,1773597750961170 ,US,USCA,,1/1/00 0:00,1.28,0.8776,7/8/23 12:57,1.78,Auction Ads,auction_relation
20230807,1773556106657840 ,BE,BE,,1/1/00 0:00,419.69,22.5138,7/8/23 13:00,1.15,Auction Ads,auction_relation
20230807,1773556106657840 ,GR,GR,,1/1/00 0:00,419.69,22.5138,7/8/23 13:00,2.11,Auction Ads,auction_relation
20230807,1773556106657840 ,NL,NL,,1/1/00 0:00,419.69,22.5138,7/8/23 13:00,1.19,Auction Ads,auction_relation
20230807,1773597767877650 ,US,USCA,,1/1/00 0:00,2.08,0.8776,7/8/23 12:57,1.78,Auction Ads,auction_relation
20230807,1773597773810720 ,US,USCA,,1/1/00 0:00,1.33,0.8776,7/8/23 12:57,1.78,Auction Ads,auction_relation
20230807,1773597764531230 ,US,USCA,,1/1/00 0:00,1.23,0.8776,7/8/23 12:57,1.78,Auction Ads,auction_relation
20230807,1773506359117820 ,SA,,,1/1/00 0:00,0.1199,0.7114,7/8/23 12:58,0.54,Non-Auction Ads,Promote
20230807,1773575272006670 ,BR,BR,,1/1/00 0:00,,11.8571,7/8/23 12:59,1.99,Auction Ads,auction_all
20230807,1773570120617980 ,ID,,,1/1/00 0:00,0.169,0.2461,7/8/23 12:58,0.54,Non-Auction Ads,Promote
20230807,1773571594215420 ,GR,GR,,1/1/00 0:00,24.4558,6.5198,7/8/23 12:58,2.11,Auction Ads,auction_relation
20230807,1773571594215420 ,FR,FR,,1/1/00 0:00,24.4558,6.5198,7/8/23 12:58,1.97,Auction Ads,auction_relation
20230807,1773571594215420 ,BE,BE,,1/1/00 0:00,24.4558,6.5198,7/8/23 12:58,1.15,Auction Ads,auction_relation
20230807,1773571594215420 ,NO,Others,,1/1/00 0:00,24.4558,6.5198,7/8/23 12:58,1.56,Auction Ads,auction_all
20230807,1773571594215420 ,IE,IE,,1/1/00 0:00,24.4558,6.5198,7/8/23 12:58,1.52,Auction Ads,auction_relation
20230807,1773571594215420 ,FR,FR,,1/1/00 0:00,24.4558,6.5198,7/8/23 12:58,1.97,Auction Ads,auction_relation
20230807,1773571594215420 ,CZ,CZ,,1/1/00 0:00,24.4558,6.5198,7/8/23 12:58,1.9,Auction Ads,auction_relation
20230807,1773571594215420 ,DK,DK,,1/1/00 0:00,24.4558,6.5198,7/8/23 12:58,1.31,Auction Ads,auction_relation
20230807,1773571594215420 ,HU,Others,,1/1/00 0:00,24.4558,6.5198,7/8/23 12:58,1.56,Auction Ads,auction_all
20230807,1773571594215420 ,PT,PT,,1/1/00 0:00,24.4558,6.5198,7/8/23 12:58,1.98,Auction Ads,auction_relation
20230807,1773571594215420 ,GR,GR,,1/1/00 0:00,24.4558,6.5198,7/8/23 12:58,2.11,Auction Ads,auction_relation
20230807,1773571594215420 ,PL,PL,,1/1/00 0:00,24.4558,6.5198,7/8/23 12:58,1.64,Auction Ads,auction_relation
20230807,1773571594215420 ,NL,NL,,1/1/00 0:00,24.4558,6.5198,7/8/23 12:58,1.19,Auction Ads,auction_relation
20230807,1773571594215420 ,FI,Others,,1/1/00 0:00,24.4558,6.5198,7/8/23 12:58,1.56,Auction Ads,auction_all
20230807,1773571594215420 ,FI,Others,,1/1/00 0:00,24.4558,6.5198,7/8/23 12:58,1.56,Auction Ads,auction_all
20230807,1773571594215420 ,PT,PT,,1/1/00 0:00,24.4558,6.5198,7/8/23 12:58,1.98,Auction Ads,auction_relation
20230807,1773571594215420 ,RO,RO,,1/1/00 0:00,24.4558,6.5198,7/8/23 12:58,1.94,Auction Ads,auction_relation
20230807,1773571594215420 ,AT,AT,,1/1/00 0:00,24.4558,6.5198,7/8/23 12:58,0.89,Auction Ads,auction_relation
20230807,1773566969344000 ,TR,,,1/1/00 0:00,7.8606,1.8954,7/8/23 12:59,0.54,Non-Auction Ads,Promote
20230807,1773566057264130 ,TH,,,1/1/00 0:00,4.5201,1.4702,7/8/23 12:59,0.54,Non-Auction Ads,Promote
20230807,1773567211965440 ,TR,,,1/1/00 0:00,0.3943,0.2511,7/8/23 12:59,0.54,Non-Auction Ads,Promote
20230807,1773567468260350 ,TR,,,1/1/00 0:00,0.9309,0.0935,7/8/23 12:59,0.54,Non-Auction Ads,Promote
20230807,1773539761557530 ,US,US&CA,,1/1/00 0:00,4.9,6.3681,7/8/23 13:00,1.81,RIE,Ad Group Recall (Merged)
20230807,1773567413588990 ,TR,,,1/1/00 0:00,0.3804,0.416,7/8/23 12:59,0.54,Non-Auction Ads,Promote
20230807,1773537798168620 ,US,USCA,,1/1/00 0:00,4.33,5.1,7/8/23 13:00,1.78,Auction Ads,auction_relation
20230807,1773584019478560 ,US,USCA,,1/1/00 0:00,,4.39,7/8/23 13:00,1.78,Auction Ads,auction_relation
20230807,1773570181295100 ,ID,,,1/1/00 0:00,0.2464,0,7/8/23 12:59,0.54,Non-Auction Ads,Promote
20230807,1773575493576730 ,GB,GB,,1/1/00 0:00,4.79,15.2793,7/8/23 13:00,1.76,Auction Ads,auction_relation
20230807,1773575507650600 ,GB,GB,,1/1/00 0:00,2.14,15.2793,7/8/23 13:00,1.76,Auction Ads,auction_relation
20230807,1773575343594510 ,BR,BR,,1/1/00 0:00,,11.8571,7/8/23 13:00,1.99,Auction Ads,auction_all
20230807,1773573501419530 ,TH,TH,,1/1/00 0:00,,3.7813,7/8/23 13:00,1.64,Auction Ads,auction_relation
20230807,1773574565364750 ,US,US&CA,,1/1/00 0:00,2.53,1.6246,7/8/23 13:00,1.81,RIE,Ad Group Recall (Merged)
20230807,1773559043177520 ,US,US&CA,,1/1/00 0:00,0.18,1.2363,7/8/23 13:00,1.81,RIE,Ad Group Recall (Merged)
20230807,1773552253916170 ,US,US&CA,,1/1/00 0:00,7.22,1.2363,7/8/23 13:00,1.81,RIE,Ad Group Recall (Merged)
20230807,1773552253916170 ,CA,US&CA,,1/1/00 0:00,7.22,1.2363,7/8/23 13:00,1.81,RIE,Ad Group Recall (Merged)
20230807,1773552373294110 ,US,US&CA,,1/1/00 0:00,6.99,1.2363,7/8/23 13:00,1.81,RIE,Ad Group Recall (Merged)
20230807,1773552373294110 ,CA,US&CA,,1/1/00 0:00,6.99,1.2363,7/8/23 13:00,1.81,RIE,Ad Group Recall (Merged)
20230807,1773306552050730 ,CA,US&CA,,1/1/00 0:00,12.2312,9.318,7/8/23 13:00,1.81,RIE,Ad Group Recall (Merged)
20230807,1773575432153130 ,IQ,Other,,1/1/00 0:00,12.09,10.1993,7/8/23 13:00,1.62,RIE,Ad Group Recall (Merged)
20230807,1773571660076030 ,NL,NL,,1/1/00 0:00,33.504,5.9332,7/8/23 13:00,1.19,Auction Ads,auction_relation
20230807,1773575141737470 ,ID,,,1/1/00 0:00,0.5274,0.569,7/8/23 13:00,1.53,RIE,Promote Report Recall
20230807,1773506695799800 ,SA,,,1/1/00 0:00,1.5992,0.457,7/8/23 13:00,0.54,Non-Auction Ads,Promote
20230807,1773559215381550 ,US,USCA,,1/1/00 0:00,1.62,6.535,7/8/23 13:00,1.78,Auction Ads,auction_relation
20230807,1773566517651470 ,EG,MENA,,1/1/00 0:00,2.1741,2.2665,7/8/23 13:00,1.78,Auction Ads,auction_relation
20230807,1773566517651470 ,EG,MENA,,1/1/00 0:00,2.1741,2.2665,7/8/23 13:00,1.78,Auction Ads,auction_relation
20230807,1773566517651470 ,EG,MENA,,1/1/00 0:00,2.1741,2.2665,7/8/23 13:00,1.78,Auction Ads,auction_relation
20230807,1773566517651470 ,TR,TR,,1/1/00 0:00,2.1741,2.2665,7/8/23 13:00,0.83,Auction Ads,auction_relation
20230807,1773532628599840 ,US,USCA,,1/1/00 0:00,4.65,3.1664,7/8/23 13:00,1.78,Auction Ads,auction_relation
20230807,1773566015397880 ,TH,,,1/1/00 0:00,4.5295,1.4702,7/8/23 13:00,0.54,Non-Auction Ads,Promote
20230807,1773574424360960 ,TH,TH,,1/1/00 0:00,1.5553,2.7013,7/8/23 13:00,1.64,Auction Ads,auction_relation
20230807,1773566237318140 ,TH,,,1/1/00 0:00,0.0228,0.4033,7/8/23 13:00,0.54,Non-Auction Ads,Promote
20230807,1773576455922700 ,GB,GB,,1/1/00 0:00,,24.7872,7/8/23 13:03,1.76,Auction Ads,auction_relation
20230807,1773575147599870 ,BR,,,1/1/00 0:00,1.2825,0.4863,7/8/23 13:00,1.53,RIE,Promote Report Recall
20230807,1773572909407340 ,US,USCA,,1/1/00 0:00,43.7,59.8722,7/8/23 13:12,1.78,Auction Ads,auction_relation
20230807,1773532391461900 ,US,USCA,,1/1/00 0:00,4.58,3.1664,7/8/23 13:00,1.78,Auction Ads,auction_relation
20230807,1773567232680960 ,TR,,,1/1/00 0:00,0.2532,0.9024,7/8/23 13:00,0.54,Non-Auction Ads,Promote
20230807,1773565862721570 ,EG,MENA,,1/1/00 0:00,2.1995,2.2665,7/8/23 13:00,1.78,Auction Ads,auction_relation
20230807,1773565862721570 ,EG,MENA,,1/1/00 0:00,2.1995,2.2665,7/8/23 13:00,1.78,Auction Ads,auction_relation
20230807,1773575348560920 ,ZA,Other,,1/1/00 0:00,6.39,1.4287,7/8/23 13:00,1.62,RIE,Ad Group Recall (Merged)
20230807,1773575145308190 ,BR,BR,,1/1/00 0:00,0,11.8571,7/8/23 13:01,1.99,Auction Ads,auction_all
20230807,1773566261109760 ,TH,,,1/1/00 0:00,0.4378,0.4971,7/8/23 13:01,0.54,Non-Auction Ads,Promote
20230807,1773574165004290 ,BR,,,1/1/00 0:00,2.3493,0,7/8/23 13:00,0.54,Non-Auction Ads,Promote
20230807,1773574165004290 ,BR,,,1/1/00 0:00,2.3493,0,7/8/23 13:00,0.54,Non-Auction Ads,Promote
20230807,1773572492199950 ,SA,MENA,,1/1/00 0:00,90.8768,33.8164,7/8/23 13:08,1.67,RIE,Ad Group Recall (Merged)
20230807,1773566202620930 ,TH,,,1/1/00 0:00,0.2054,0.2441,7/8/23 13:01,0.54,Non-Auction Ads,Promote
20230807,1773575902086190 ,ID,ID,,1/1/00 0:00,7.1075,22.6876,7/8/23 13:07,1.8,Auction Ads,auction_relation
20230807,1773566126583800 ,TH,,,1/1/00 0:00,3.7975,10.8128,7/8/23 13:02,0.54,Non-Auction Ads,Promote
20230807,1773577710231550 ,TH,TH,,1/1/00 0:00,,2.5044,7/8/23 13:01,1.64,Auction Ads,auction_relation
20230807,1773575404700690 ,IT,,,1/1/00 0:00,19.0794,5.6651,7/8/23 13:02,0.54,Non-Auction Ads,Promote
20230807,1773575478502430 ,ID,ID,,1/1/00 0:00,8.6668,3.8578,7/8/23 13:01,1.8,Auction Ads,auction_relation
20230807,1773568171725840 ,SA,MENA,,1/1/00 0:00,6.73,17.7444,7/8/23 13:07,1.78,Auction Ads,auction_relation
20230807,1773572124858410 ,MX,MX,,1/1/00 0:00,1.8374,6.425,7/8/23 13:02,1.99,Auction Ads,auction_all
20230807,1773506112690170 ,SA,,,1/1/00 0:00,0.8211,0.4066,7/8/23 13:01,0.54,Non-Auction Ads,Promote
20230807,1773574910598140 ,MY,,,1/1/00 0:00,5.5412,1.2213,7/8/23 13:01,0.54,Non-Auction Ads,Promote
20230807,1773566099604480 ,TH,,,1/1/00 0:00,4.8048,1.4702,7/8/23 13:01,0.54,Non-Auction Ads,Promote
20230807,1773567618136060 ,TR,,,1/1/00 0:00,0.4052,0.2314,7/8/23 13:01,0.54,Non-Auction Ads,Promote
20230807,1773580866954240 ,IT,IT,,1/1/00 0:00,,474.8848,7/8/23 14:49,1.36,Auction Ads,auction_relation
20230807,1773566155766780 ,TH,,,1/1/00 0:00,3.9455,10.8128,7/8/23 13:05,0.54,Non-Auction Ads,Promote
20230807,1773575313707000 ,TR,,,1/1/00 0:00,25.6364,3.965,7/8/23 13:02,1.53,RIE,Promote Report Recall
20230807,1773575318976510 ,TH,,,1/1/00 0:00,12.28,6.3743,7/8/23 13:03,1.53,RIE,Promote Report Recall
20230807,1773575604511740 ,PK,PK,,1/1/00 0:00,1.08,2.1613,7/8/23 13:02,1.36,Auction Ads,auction_relation
20230807,1773566128838650 ,TH,,,1/1/00 0:00,0.1995,0.3025,7/8/23 13:01,0.54,Non-Auction Ads,Promote
20230807,1773532501292030 ,VN,,,1/1/00 0:00,0.6601,0.4322,7/8/23 13:01,0.54,Non-Auction Ads,Promote
20230807,1773575413765120 ,ID,,,1/1/00 0:00,0.2088,0.3494,7/8/23 13:02,1.53,RIE,Promote Report Recall
20230807,1773575419615230 ,BR,,,1/1/00 0:00,3.0471,3.6567,7/8/23 13:02,1.53,RIE,Promote Report Recall
20230807,1773575421142020 ,TH,,,1/1/00 0:00,8.4,1.7997,7/8/23 13:02,1.53,RIE,Promote Report Recall
20230807,1773568225975290 ,SA,MENA,,1/1/00 0:00,7.18,17.7444,7/8/23 13:08,1.78,Auction Ads,auction_relation
20230807,1773568222486560 ,SA,MENA,,1/1/00 0:00,7.52,17.7444,7/8/23 13:08,1.78,Auction Ads,auction_relation
20230807,1773568246184970 ,SA,MENA,,1/1/00 0:00,6.96,17.7444,7/8/23 13:08,1.78,Auction Ads,auction_relation
20230807,1773568245825650 ,SA,MENA,,1/1/00 0:00,7.14,17.7444,7/8/23 13:08,1.78,Auction Ads,auction_relation
20230807,1773575840251920 ,FR,FR,,1/1/00 0:00,,1.9798,7/8/23 13:02,1.97,Auction Ads,auction_relation
20230807,1773575815072800 ,FR,FR,,1/1/00 0:00,,1.9798,7/8/23 13:02,1.97,Auction Ads,auction_relation
20230807,1773575818925080 ,FR,FR,,1/1/00 0:00,,1.9798,7/8/23 13:02,1.97,Auction Ads,auction_relation
20230807,1773566401564670 ,TH,,,1/1/00 0:00,1.1843,2.2165,7/8/23 13:03,0.54,Non-Auction Ads,Promote
20230807,1773566426767360 ,TH,,,1/1/00 0:00,0.3307,2.8499,7/8/23 13:03,0.54,Non-Auction Ads,Promote
20230807,1773576149497850 ,EC,Others,,1/1/00 0:00,0.91,8.0244,7/8/23 13:06,1.56,Auction Ads,auction_all
20230807,1773572560284700 ,NL,NL,,1/1/00 0:00,10.959,16.5165,7/8/23 13:08,1.19,Auction Ads,auction_relation
20230807,1773572108016650 ,ES,ES,,1/1/00 0:00,,11.4871,7/8/23 13:08,1.37,Auction Ads,auction_relation
20230807,1773575504336890 ,VN,,,1/1/00 0:00,0.9373,1.0492,7/8/23 13:03,1.53,RIE,Promote Report Recall
20230807,1773507047356410 ,SA,,,1/1/00 0:00,0.8905,0.2333,7/8/23 13:03,0.54,Non-Auction Ads,Promote
20230807,1773576134410280 ,ID,ID,,1/1/00 0:00,4.3127,22.6876,7/8/23 13:10,1.8,Auction Ads,auction_relation
20230807,1773575949125630 ,BR,BR,,1/1/00 0:00,2.6803,1.5287,7/8/23 13:04,1.99,Auction Ads,auction_all
20230807,1773574801832960 ,PH,,,1/1/00 0:00,0.7221,0.3337,7/8/23 13:04,0.54,Non-Auction Ads,Promote
20230807,1773573460608000 ,MY,,,1/1/00 0:00,0.3119,0.3343,7/8/23 13:04,0.54,Non-Auction Ads,Promote
20230807,1773568035241980 ,TR,,,1/1/00 0:00,1.1018,0.9663,7/8/23 13:05,0.54,Non-Auction Ads,Promote
20230807,1773567692676090 ,TR,,,1/1/00 0:00,7.6808,1.1103,7/8/23 13:05,0.54,Non-Auction Ads,Promote
20230807,1773571897248810 ,GB,GB,,1/1/00 0:00,7.34,1.4187,7/8/23 13:05,1.76,Auction Ads,auction_relation
20230807,1773566462734330 ,TH,,,1/1/00 0:00,0.1955,0.2643,7/8/23 13:05,0.54,Non-Auction Ads,Promote
20230807,1773532701720570 ,VN,,,1/1/00 0:00,0.2218,0.6482,7/8/23 13:05,0.54,Non-Auction Ads,Promote
20230807,1773568174742520 ,TR,,,1/1/00 0:00,1.0066,0.5145,7/8/23 13:06,0.54,Non-Auction Ads,Promote
20230807,1773575810307090 ,MY,MY,,1/1/00 0:00,0,2.1103,7/8/23 13:07,2.31,Auction Ads,auction_relation
20230807,1773574514892800 ,BR,,,1/1/00 0:00,1.0651,0.3234,7/8/23 13:06,0.54,Non-Auction Ads,Promote
20230807,1773575320590340 ,RO,,,1/1/00 0:00,16.6502,3.6381,7/8/23 13:07,0.54,Non-Auction Ads,Promote
20230807,1773564606822400 ,NZ,NZ,,1/1/00 0:00,4.71,2.2053,7/8/23 13:07,1.58,Auction Ads,auction_relation
20230807,1773564606822400 ,AU,AU,,1/1/00 0:00,4.71,2.2053,7/8/23 13:07,1.84,Auction Ads,auction_relation
20230807,1773576211733520 ,TH,TH,,1/1/00 0:00,0,0,7/8/23 13:07,1.64,Auction Ads,auction_relation
20230807,1773575656711190 ,TH,,,1/1/00 0:00,4.19,1.3334,7/8/23 13:07,1.53,RIE,Promote Report Recall
20230807,1773575587981310 ,TR,,,1/1/00 0:00,9.3051,0.9879,7/8/23 13:07,0.54,Non-Auction Ads,Promote
20230807,1773574519947260 ,BR,,,1/1/00 0:00,1.102,0.3814,7/8/23 13:07,0.54,Non-Auction Ads,Promote
20230807,1773533083947000 ,VN,,,1/1/00 0:00,0.3144,0.2296,7/8/23 13:08,0.54,Non-Auction Ads,Promote
20230807,1773575770101790 ,EG,,,1/1/00 0:00,23.4558,2.9709,7/8/23 13:08,1.53,RIE,Promote Report Recall
20230807,1773566547574780 ,TH,,,1/1/00 0:00,0.3539,0.606,7/8/23 13:08,0.54,Non-Auction Ads,Promote
20230807,1773570792442880 ,ID,,,1/1/00 0:00,15.812,7.0036,7/8/23 13:09,0.54,Non-Auction Ads,Promote
20230807,1773576394158110 ,ID,ID,,1/1/00 0:00,10.35,2.7556,7/8/23 13:08,1.8,Auction Ads,auction_relation
20230807,1773572403321870 ,GR,GR,,1/1/00 0:00,2.3216,1.7654,7/8/23 13:08,2.11,Auction Ads,auction_relation
20230807,1773568733345790 ,TR,,,1/1/00 0:00,0.9825,0.5145,7/8/23 13:08,0.54,Non-Auction Ads,Promote
20230807,1773583280209970 ,PE,PE,,1/1/00 0:00,4.0214,3.0376,7/8/23 13:09,1.68,Auction Ads,auction_all
20230807,1773575752641540 ,TH,,,1/1/00 0:00,8.74,1.2224,7/8/23 13:08,1.53,RIE,Promote Report Recall
20230807,1773575822274560 ,EG,,,1/1/00 0:00,0.2253,0.8313,7/8/23 13:08,1.53,RIE,Promote Report Recall
20230807,1773575839283200 ,BR,,,1/1/00 0:00,20.5229,3.0909,7/8/23 13:09,1.53,RIE,Promote Report Recall
20230807,1773575974059050 ,PK,PK,,1/1/00 0:00,0.44,0.972,7/8/23 13:09,1.36,Auction Ads,auction_relation
20230807,1773575974059050 ,PK,PK,,1/1/00 0:00,0.44,0.972,7/8/23 13:09,1.36,Auction Ads,auction_relation
20230807,1773532987131900 ,VN,,,1/1/00 0:00,0.1605,0.2296,7/8/23 13:09,0.54,Non-Auction Ads,Promote
20230807,1773576021749780 ,GB,,,1/1/00 0:00,114.6898,15.0373,7/8/23 13:11,0.54,Non-Auction Ads,Promote
20230807,1773568452129790 ,TR,,,1/1/00 0:00,1.8845,0.5452,7/8/23 13:09,0.54,Non-Auction Ads,Promote
20230807,1773576058062920 ,MY,MY,,1/1/00 0:00,5.51,2.8186,7/8/23 13:10,2.31,Auction Ads,auction_relation
20230807,1773571348336700 ,ID,,,1/1/00 0:00,7.3602,13.1521,7/8/23 13:11,0.54,Non-Auction Ads,Promote
20230807,1773575521711100 ,PH,,,1/1/00 0:00,0.1448,0.062,7/8/23 13:09,0.54,Non-Auction Ads,Promote
20230807,1773533075562490 ,VN,,,1/1/00 0:00,0.29,0.3329,7/8/23 13:09,0.54,Non-Auction Ads,Promote
20230807,1773533083942910 ,VN,,,1/1/00 0:00,0.6173,0.8893,7/8/23 13:09,0.54,Non-Auction Ads,Promote
20230807,1773575712012290 ,BR,,,1/1/00 0:00,1.1555,0.2888,7/8/23 13:09,1.53,RIE,Promote Report Recall
20230807,1773576372952110 ,ID,ID,,1/1/00 0:00,5.4358,22.6876,7/8/23 13:13,1.8,Auction Ads,auction_relation
20230807,1773508341079040 ,SA,,,1/1/00 0:00,0.8185,0.5936,7/8/23 13:10,0.54,Non-Auction Ads,Promote
20230807,1773508289114110 ,SA,,,1/1/00 0:00,0.8745,0.5936,7/8/23 13:10,0.54,Non-Auction Ads,Promote
20230807,1773573312951290 ,PL,PL,,1/1/00 0:00,65.6236,26.9397,7/8/23 13:14,1.64,Auction Ads,auction_relation
20230807,1773570904352770 ,ID,,,1/1/00 0:00,0.1896,0.3022,7/8/23 13:10,0.54,Non-Auction Ads,Promote
20230807,1773566666752000 ,TH,,,1/1/00 0:00,0.4768,0.5949,7/8/23 13:10,0.54,Non-Auction Ads,Promote
20230807,1773575883016190 ,ID,,,1/1/00 0:00,0.208,0.1646,7/8/23 13:10,1.53,RIE,Promote Report Recall
20230807,1773564679196670 ,NZ,NZ,,1/1/00 0:00,0.99,2.2053,7/8/23 13:10,1.58,Auction Ads,auction_relation
20230807,1773564679204890 ,NZ,NZ,,1/1/00 0:00,1.27,2.2053,7/8/23 13:10,1.58,Auction Ads,auction_relation
20230807,1773564674080770 ,NZ,NZ,,1/1/00 0:00,0.27,2.2053,7/8/23 13:10,1.58,Auction Ads,auction_relation
20230807,1773564679196670 ,AU,AU,,1/1/00 0:00,0.99,2.2053,7/8/23 13:10,1.84,Auction Ads,auction_relation
20230807,1773564679204890 ,AU,AU,,1/1/00 0:00,1.27,2.2053,7/8/23 13:10,1.84,Auction Ads,auction_relation
20230807,1773564674080770 ,AU,AU,,1/1/00 0:00,0.27,2.2053,7/8/23 13:10,1.84,Auction Ads,auction_relation
20230807,1773576081334300 ,GB,GB,,1/1/00 0:00,3.4,3.498,7/8/23 13:11,1.76,Auction Ads,auction_relation
20230807,1773579648715770 ,ES,ES,,1/1/00 0:00,0.32,1.3891,7/8/23 13:10,1.37,Auction Ads,auction_relation
20230807,1773579648724000 ,ES,ES,,1/1/00 0:00,0.49,1.3891,7/8/23 13:10,1.37,Auction Ads,auction_relation
20230807,1773571216084990 ,ID,,,1/1/00 0:00,0.2402,0.3313,7/8/23 13:11,0.54,Non-Auction Ads,Promote
20230807,1773576003818490 ,VN,,,1/1/00 0:00,1.4629,1.0492,7/8/23 13:11,1.53,RIE,Promote Report Recall
20230807,1773576300541960 ,TW,TW,,1/1/00 0:00,6.53,4.3957,7/8/23 13:12,0.95,Auction Ads,auction_relation
20230807,1773570738741250 ,ID,,,1/1/00 0:00,0.1388,0.3277,7/8/23 13:11,0.54,Non-Auction Ads,Promote
20230807,1773574495841280 ,BR,,,1/1/00 0:00,3.2564,0.5186,7/8/23 13:11,0.54,Non-Auction Ads,Promote
20230807,1773575719867450 ,ID,,,1/1/00 0:00,17.3693,0.7201,7/8/23 13:11,0.54,Non-Auction Ads,Promote
20230807,1773576593548300 ,BR,BR,,1/1/00 0:00,6.1533,15.7604,7/8/23 13:14,1.99,Auction Ads,auction_all
20230807,1773575972546580 ,IT,,,1/1/00 0:00,3.9171,1.4809,7/8/23 13:12,1.53,RIE,Promote Report Recall
20230807,1773569216865280 ,TR,,,1/1/00 0:00,0.2522,0.1364,7/8/23 13:11,0.54,Non-Auction Ads,Promote
20230807,1773572402510890 ,US,US&CA,,1/1/00 0:00,14.89,2.47,7/8/23 13:12,1.81,RIE,Ad Group Recall (Merged)
20230807,1773583221689390 ,US,US&CA,,1/1/00 0:00,141.62,750.0647,7/8/23 15:59,1.81,RIE,Ad Group Recall (Merged)
20230807,1773583219779600 ,US,USCA,,1/1/00 0:00,1.16,750.0647,7/8/23 15:59,1.78,Auction Ads,auction_relation
20230807,1773583212588080 ,US,USCA,,1/1/00 0:00,40.9,750.0647,7/8/23 15:59,1.78,Auction Ads,auction_relation
20230807,1773583221689390 ,US,USCA,,1/1/00 0:00,141.62,750.0647,7/8/23 15:59,1.78,Auction Ads,auction_relation
20230807,1773575126438910 ,PH,,,1/1/00 0:00,0.375,0.6576,7/8/23 13:12,0.54,Non-Auction Ads,Promote
20230807,1773576084153410 ,TH,,,1/1/00 0:00,11.97,9.1843,7/8/23 13:13,1.53,RIE,Promote Report Recall
20230807,1773507657440250 ,SA,,,1/1/00 0:00,0.6985,0.2462,7/8/23 13:12,0.54,Non-Auction Ads,Promote
20230807,1773572471614510 ,ES,ES,,1/1/00 0:00,63.4382,2.2857,7/8/23 13:12,1.79,RIE,Ad Group Recall (Merged)
20230807,1773572471614510 ,IE,Other,,1/1/00 0:00,63.4382,2.2857,7/8/23 13:12,1.62,RIE,Ad Group Recall (Merged)
20230807,1773572471614510 ,FI,Other,,1/1/00 0:00,63.4382,2.2857,7/8/23 13:12,1.62,RIE,Ad Group Recall (Merged)
20230807,1773572471614510 ,AT,Other,,1/1/00 0:00,63.4382,2.2857,7/8/23 13:12,1.62,RIE,Ad Group Recall (Merged)
20230807,1773572471614510 ,RO,Other,,1/1/00 0:00,63.4382,2.2857,7/8/23 13:12,1.62,RIE,Ad Group Recall (Merged)
20230807,1773572471614510 ,DK,Other,,1/1/00 0:00,63.4382,2.2857,7/8/23 13:12,1.62,RIE,Ad Group Recall (Merged)
20230807,1773572471614510 ,BE,Other,,1/1/00 0:00,63.4382,2.2857,7/8/23 13:12,1.62,RIE,Ad Group Recall (Merged)
20230807,1773572471614510 ,PL,PL,,1/1/00 0:00,63.4382,2.2857,7/8/23 13:12,1.84,RIE,Ad Group Recall (Merged)
20230807,1773572471614510 ,GB,GB,,1/1/00 0:00,63.4382,2.2857,7/8/23 13:12,1.72,RIE,Ad Group Recall (Merged)
20230807,1773572471614510 ,SE,Other,,1/1/00 0:00,63.4382,2.2857,7/8/23 13:12,1.62,RIE,Ad Group Recall (Merged)
20230807,1773577076391930 ,TH,TH,,1/1/00 0:00,0.9539,1.8547,7/8/23 13:12,1.64,Auction Ads,auction_relation
20230807,1773573443210280 ,SA,MENA,,1/1/00 0:00,11.3,1.831,7/8/23 13:12,1.67,RIE,Ad Group Recall (Merged)
20230807,1773576837737500 ,MY,MY,,1/1/00 0:00,,2.6132,7/8/23 13:13,2.31,Auction Ads,auction_relation
20230807,1773507884902400 ,SA,,,1/1/00 0:00,8.6285,2.676,7/8/23 13:13,0.54,Non-Auction Ads,Promote
20230807,1773577124204540 ,ID,ID,,1/1/00 0:00,6.8806,12.2215,7/8/23 13:15,1.8,Auction Ads,auction_relation
20230807,1773533603881980 ,VN,,,1/1/00 0:00,0.205,0.2658,7/8/23 13:12,0.54,Non-Auction Ads,Promote
20230807,1773576215526400 ,MY,MY,,1/1/00 0:00,,2.1103,7/8/23 13:13,2.31,Auction Ads,auction_relation
20230807,1773576300431390 ,PK,PK,,1/1/00 0:00,0.15,0.1629,7/8/23 13:13,1.36,Auction Ads,auction_relation
20230807,1773571617130490 ,ID,,,1/1/00 0:00,1.5723,0.5255,7/8/23 13:13,0.54,Non-Auction Ads,Promote
20230807,1773571892960250 ,ID,,,1/1/00 0:00,0.8454,0.556,7/8/23 13:13,0.54,Non-Auction Ads,Promote
20230807,1773576970231850 ,BY,BY,,1/1/00 0:00,21.33,5.4875,7/8/23 13:14,2.14,Auction Ads,auction_relation
20230807,1773572729453610 ,IE,IE,,1/1/00 0:00,5.94,1.5636,7/8/23 13:14,1.52,Auction Ads,auction_relation
20230807,1773506683571200 ,SA,,,1/1/00 0:00,0.7197,0.9794,7/8/23 13:13,0.54,Non-Auction Ads,Promote
20230807,1773506683571200 ,SA,,,1/1/00 0:00,0.7197,0.9794,7/8/23 13:13,0.54,Non-Auction Ads,Promote
20230807,1773572651053100 ,SA,MENA,,1/1/00 0:00,1.32,24.2478,7/8/23 13:18,1.78,Auction Ads,auction_relation
20230807,1773539583901690 ,ID,,,1/1/00 0:00,0.4025,0.5859,7/8/23 13:14,0.54,Non-Auction Ads,Promote
20230807,1773571369249790 ,ID,,,1/1/00 0:00,0.2125,0,7/8/23 13:14,0.54,Non-Auction Ads,Promote
20230807,1773576554088490 ,FR,FR,,1/1/00 0:00,,1.799,7/8/23 13:14,1.97,Auction Ads,auction_relation
20230807,1773571488460800 ,ID,,,1/1/00 0:00,0.2409,0.3188,7/8/23 13:14,0.54,Non-Auction Ads,Promote
20230807,1773571518462970 ,ID,,,1/1/00 0:00,0.4987,1.1192,7/8/23 13:14,0.54,Non-Auction Ads,Promote
20230807,1773577427906590 ,EC,Others,,1/1/00 0:00,51.173,67.0739,7/8/23 13:27,1.56,Auction Ads,auction_all
20230807,1773576218989570 ,SA,,,1/1/00 0:00,18.5578,3.2505,7/8/23 13:14,0.54,Non-Auction Ads,Promote
20230807,1773576298046460 ,TH,TH,,1/1/00 0:00,1.2877,6.0608,7/8/23 13:15,1.64,Auction Ads,auction_relation
20230807,1773573585546270 ,FR,FR,,1/1/00 0:00,,8.2566,7/8/23 13:15,1.97,Auction Ads,auction_relation
20230807,1773571733607420 ,ID,,,1/1/00 0:00,0.1902,0.6388,7/8/23 13:14,0.54,Non-Auction Ads,Promote
20230807,1773576340928540 ,TR,TR,,1/1/00 0:00,24.1961,0,7/8/23 13:14,0.83,Auction Ads,auction_relation
20230807,1773572843129950 ,NL,NL,,1/1/00 0:00,17.1317,16.5165,7/8/23 13:17,1.19,Auction Ads,auction_relation
20230807,1773571814067200 ,ID,,,1/1/00 0:00,0.1678,0.4612,7/8/23 13:15,0.54,Non-Auction Ads,Promote
20230807,1773576163671070 ,PT,,,1/1/00 0:00,4.808,2.7467,7/8/23 13:15,1.53,RIE,Promote Report Recall
20230807,1773574290915330 ,MY,,,1/1/00 0:00,0.4896,0.6278,7/8/23 13:15,0.54,Non-Auction Ads,Promote
20230807,1773574428391420 ,MY,,,1/1/00 0:00,1.1307,0.5392,7/8/23 13:15,0.54,Non-Auction Ads,Promote
20230807,1773576287581210 ,EC,Others,,1/1/00 0:00,,0.9567,7/8/23 13:15,1.56,Auction Ads,auction_all
20230807,1773572527345680 ,NL,Other,,1/1/00 0:00,4.44,2.8049,7/8/23 13:15,1.62,RIE,Ad Group Recall (Merged)
20230807,1773533413080060 ,VN,,,1/1/00 0:00,0.2462,0.2111,7/8/23 13:15,0.54,Non-Auction Ads,Promote
20230807,1773574512638970 ,JP,,,1/1/00 0:00,1.0567,2.6955,7/8/23 13:15,0.54,Non-Auction Ads,Promote
20230807,1773533858745340 ,VN,,,1/1/00 0:00,0.7402,0.6274,7/8/23 13:15,0.54,Non-Auction Ads,Promote
20230807,1773572771944480 ,EG,MENA,,1/1/00 0:00,0.0299,4.3696,7/8/23 13:16,1.78,Auction Ads,auction_relation
20230807,1773571960131580 ,ID,,,1/1/00 0:00,0.607,0.5552,7/8/23 13:15,0.54,Non-Auction Ads,Promote
20230807,1773576378608640 ,PH,PH,,1/1/00 0:00,,6.0658,7/8/23 13:16,2.46,Auction Ads,auction_relation
20230807,1773575779120130 ,PH,,,1/1/00 0:00,2.435,0.7242,7/8/23 13:15,0.54,Non-Auction Ads,Promote
20230807,1773573948794880 ,BR,,,1/1/00 0:00,1.2312,0.3098,7/8/23 13:15,0.54,Non-Auction Ads,Promote
20230807,1773575049135100 ,JP,,,1/1/00 0:00,0.5636,0.7743,7/8/23 13:15,0.54,Non-Auction Ads,Promote
20230807,1773574766075900 ,MY,,,1/1/00 0:00,0.2174,0.3607,7/8/23 13:16,0.54,Non-Auction Ads,Promote
20230807,1773576464960540 ,MY,MY,,1/1/00 0:00,4.0552,4.1226,7/8/23 13:16,2.31,Auction Ads,auction_relation
20230807,1773571855427580 ,ID,,,1/1/00 0:00,0.2023,0.2462,7/8/23 13:16,0.54,Non-Auction Ads,Promote
20230807,1773574835816450 ,BR,,,1/1/00 0:00,2.6227,0.5374,7/8/23 13:16,0.54,Non-Auction Ads,Promote
20230807,1773571973300220 ,ID,,,1/1/00 0:00,0.6003,0.5255,7/8/23 13:16,0.54,Non-Auction Ads,Promote
20230807,1773566792276990 ,TH,,,1/1/00 0:00,0.5156,0.3536,7/8/23 13:16,0.54,Non-Auction Ads,Promote
20230807,1773576230235130 ,MY,,,1/1/00 0:00,2.7224,0.7036,7/8/23 13:16,1.53,RIE,Promote Report Recall
20230807,1773576003126270 ,BR,,,1/1/00 0:00,1.0342,1.0826,7/8/23 13:16,1.53,RIE,Promote Report Recall
20230807,1773576589885470 ,EC,Others,,1/1/00 0:00,,12.895,7/8/23 13:19,1.56,Auction Ads,auction_all
20230807,1773576857037870 ,BR,BR,,1/1/00 0:00,,0.5229,7/8/23 13:16,1.99,Auction Ads,auction_all
20230807,1773576860113930 ,BR,BR,,1/1/00 0:00,,0.5229,7/8/23 13:16,1.99,Auction Ads,auction_all
20230807,1773555135496190 ,BR,BR,,1/1/00 0:00,62.48,45.9425,7/8/23 13:25,1.99,Auction Ads,auction_all
20230807,1773576384736270 ,MY,MY,,1/1/00 0:00,0.22,0.8118,7/8/23 13:16,2.31,Auction Ads,auction_relation
20230807,1773572106549250 ,ID,,,1/1/00 0:00,0.1043,0.1581,7/8/23 13:16,0.54,Non-Auction Ads,Promote
20230807,1773576315644930 ,IL,,,1/1/00 0:00,14.5242,5.1091,7/8/23 13:18,0.54,Non-Auction Ads,Promote
20230807,1773572326338560 ,ID,,,1/1/00 0:00,0.195,0,7/8/23 13:16,0.54,Non-Auction Ads,Promote
20230807,1773576390282290 ,PK,PK,,1/1/00 0:00,0.11,0.1629,7/8/23 13:16,1.36,Auction Ads,auction_relation
20230807,1773576358738940 ,ID,,,1/1/00 0:00,0.1702,0.2831,7/8/23 13:17,1.53,RIE,Promote Report Recall
20230807,1773533541561340 ,VN,,,1/1/00 0:00,0.2755,0.572,7/8/23 13:17,0.54,Non-Auction Ads,Promote
20230807,1773566777547770 ,TH,,,1/1/00 0:00,0.176,0.4413,7/8/23 13:17,0.54,Non-Auction Ads,Promote
20230807,1773575076677630 ,JP,,,1/1/00 0:00,0.5143,0.7743,7/8/23 13:17,0.54,Non-Auction Ads,Promote
20230807,1773581544294430 ,TH,TH,,1/1/00 0:00,0.6123,2.4065,7/8/23 13:18,1.64,Auction Ads,auction_relation
20230807,1773576612512810 ,MY,MY,,1/1/00 0:00,,2.5835,7/8/23 13:18,2.31,Auction Ads,auction_relation
20230807,1773572191810560 ,ID,,,1/1/00 0:00,0.1919,0.4074,7/8/23 13:17,0.54,Non-Auction Ads,Promote
20230807,1773566913503230 ,TH,,,1/1/00 0:00,0.4927,0.5174,7/8/23 13:17,0.54,Non-Auction Ads,Promote
20230807,1773576482220080 ,ID,ID,,1/1/00 0:00,7.95,2.7556,7/8/23 13:18,1.8,Auction Ads,auction_relation
20230807,1773566750125050 ,TH,,,1/1/00 0:00,0.1941,0.3382,7/8/23 13:17,0.54,Non-Auction Ads,Promote
20230807,1773577478033440 ,ID,ID,,1/1/00 0:00,,3.7682,7/8/23 13:18,1.8,Auction Ads,auction_relation
20230807,1773572665855010 ,GR,GR,,1/1/00 0:00,27.03,3.316,7/8/23 13:18,2.11,Auction Ads,auction_relation
20230807,1773576878960690 ,ID,ID,,1/1/00 0:00,11.38,26.5731,7/8/23 13:21,1.8,Auction Ads,auction_relation
20230807,1773576500497420 ,TH,TH,,1/1/00 0:00,2.5974,0.0463,7/8/23 13:18,1.64,Auction Ads,auction_relation
20230807,1773576447334400 ,KH,,,1/1/00 0:00,5.3822,1.7263,7/8/23 13:18,0.54,Non-Auction Ads,Promote
20230807,1773572387353600 ,ID,,,1/1/00 0:00,0.1083,0.2323,7/8/23 13:18,0.54,Non-Auction Ads,Promote
20230807,1773573902394390 ,BR,,,1/1/00 0:00,1.3993,0.3098,7/8/23 13:18,0.54,Non-Auction Ads,Promote
20230807,1773574455000060 ,BR,,,1/1/00 0:00,2.2818,0.3708,7/8/23 13:18,0.54,Non-Auction Ads,Promote
20230807,1773576470453250 ,IL,,,1/1/00 0:00,25.7203,1.5621,7/8/23 13:19,0.54,Non-Auction Ads,Promote
20230807,1773577273041970 ,BR,BR,,1/1/00 0:00,18.5633,23.9579,7/8/23 13:22,1.99,Auction Ads,auction_all
20230807,1773572194798590 ,ID,,,1/1/00 0:00,0.4217,0.8425,7/8/23 13:19,0.54,Non-Auction Ads,Promote
20230807,1773574901650460 ,DE,DE,,1/1/00 0:00,,18.0234,7/8/23 13:20,1.01,Auction Ads,auction_relation
20230807,1773554418777090 ,MY,MY,,1/1/00 0:00,,19.086,7/8/23 13:22,2.31,Auction Ads,auction_relation
20230807,1773576629032970 ,GB,GB,,1/1/00 0:00,6.46,8.3603,7/8/23 13:19,1.76,Auction Ads,auction_relation
20230807,1773576629032970 ,CZ,CZ,,1/1/00 0:00,6.46,8.3603,7/8/23 13:19,1.9,Auction Ads,auction_relation
20230807,1773576629032970 ,US,USCA,,1/1/00 0:00,6.46,8.3603,7/8/23 13:19,1.78,Auction Ads,auction_relation
20230807,1773576629032970 ,ID,ID,,1/1/00 0:00,6.46,8.3603,7/8/23 13:19,1.8,Auction Ads,auction_relation
20230807,1773576629032970 ,AT,AT,,1/1/00 0:00,6.46,8.3603,7/8/23 13:19,0.89,Auction Ads,auction_relation
20230807,1773576629032970 ,DK,DK,,1/1/00 0:00,6.46,8.3603,7/8/23 13:19,1.31,Auction Ads,auction_relation
20230807,1773576629032970 ,DE,DE,,1/1/00 0:00,6.46,8.3603,7/8/23 13:19,1.01,Auction Ads,auction_relation
20230807,1773576629032970 ,KH,KH,,1/1/00 0:00,6.46,8.3603,7/8/23 13:19,1.5,Auction Ads,auction_relation
20230807,1773576629032970 ,NZ,NZ,,1/1/00 0:00,6.46,8.3603,7/8/23 13:19,1.58,Auction Ads,auction_relation
20230807,1773576629032970 ,FR,FR,,1/1/00 0:00,6.46,8.3603,7/8/23 13:19,1.97,Auction Ads,auction_relation
20230807,1773576629032970 ,IT,IT,,1/1/00 0:00,6.46,8.3603,7/8/23 13:19,1.36,Auction Ads,auction_relation
20230807,1773576629032970 ,CH,CH,,1/1/00 0:00,6.46,8.3603,7/8/23 13:19,0.93,Auction Ads,auction_relation
20230807,1773576629032970 ,IE,IE,,1/1/00 0:00,6.46,8.3603,7/8/23 13:19,1.52,Auction Ads,auction_relation
20230807,1773576629032970 ,PT,PT,,1/1/00 0:00,6.46,8.3603,7/8/23 13:19,1.98,Auction Ads,auction_relation
20230807,1773576629032970 ,IL,IL,,1/1/00 0:00,6.46,8.3603,7/8/23 13:19,1.52,Auction Ads,auction_relation
20230807,1773576629032970 ,ES,ES,,1/1/00 0:00,6.46,8.3603,7/8/23 13:19,1.37,Auction Ads,auction_relation
20230807,1773576629032970 ,AU,AU,,1/1/00 0:00,6.46,8.3603,7/8/23 13:19,1.84,Auction Ads,auction_relation
20230807,1773576629032970 ,SE,SE,,1/1/00 0:00,6.46,8.3603,7/8/23 13:19,1.4,Auction Ads,auction_relation
20230807,1773576629032970 ,RO,RO,,1/1/00 0:00,6.46,8.3603,7/8/23 13:19,1.94,Auction Ads,auction_relation
20230807,1773576629032970 ,TW,TW,,1/1/00 0:00,6.46,8.3603,7/8/23 13:19,0.95,Auction Ads,auction_relation
20230807,1773576629032970 ,TH,TH,,1/1/00 0:00,6.46,8.3603,7/8/23 13:19,1.64,Auction Ads,auction_relation
20230807,1773576629032970 ,HU,Others,,1/1/00 0:00,6.46,8.3603,7/8/23 13:19,1.56,Auction Ads,auction_all
20230807,1773576629032970 ,BE,BE,,1/1/00 0:00,6.46,8.3603,7/8/23 13:19,1.15,Auction Ads,auction_relation
20230807,1773576629032970 ,NL,NL,,1/1/00 0:00,6.46,8.3603,7/8/23 13:19,1.19,Auction Ads,auction_relation
20230807,1773576629032970 ,CA,USCA,,1/1/00 0:00,6.46,8.3603,7/8/23 13:19,1.78,Auction Ads,auction_relation
20230807,1773576629032970 ,TR,TR,,1/1/00 0:00,6.46,8.3603,7/8/23 13:19,0.83,Auction Ads,auction_relation
20230807,1773576629032970 ,MY,MY,,1/1/00 0:00,6.46,8.3603,7/8/23 13:19,2.31,Auction Ads,auction_relation
20230807,1773576629032970 ,PL,PL,,1/1/00 0:00,6.46,8.3603,7/8/23 13:19,1.64,Auction Ads,auction_relation
20230807,1773576629032970 ,EC,Others,,1/1/00 0:00,6.46,8.3603,7/8/23 13:19,1.56,Auction Ads,auction_all
20230807,1773576629032970 ,NO,Others,,1/1/00 0:00,6.46,8.3603,7/8/23 13:19,1.56,Auction Ads,auction_all
20230807,1773576629032970 ,PH,PH,,1/1/00 0:00,6.46,8.3603,7/8/23 13:19,2.46,Auction Ads,auction_relation
20230807,1773576629032970 ,FI,Others,,1/1/00 0:00,6.46,8.3603,7/8/23 13:19,1.56,Auction Ads,auction_all
20230807,1773576629032970 ,PK,PK,,1/1/00 0:00,6.46,8.3603,7/8/23 13:19,1.36,Auction Ads,auction_relation
20230807,1773576629032970 ,GR,GR,,1/1/00 0:00,6.46,8.3603,7/8/23 13:19,2.11,Auction Ads,auction_relation
20230807,1773576840764460 ,US,USCA,,1/1/00 0:00,,18.5949,7/8/23 13:23,1.78,Auction Ads,auction_relation
20230807,1773576537355260 ,MY,MY,,1/1/00 0:00,9.89,14.8676,7/8/23 13:22,2.31,Auction Ads,auction_relation
20230807,1773578194522160 ,ID,ID,,1/1/00 0:00,,101.245,7/8/23 13:44,1.8,Auction Ads,auction_relation
20230807,1773576581882920 ,ID,ID,,1/1/00 0:00,3.02,2.7556,7/8/23 13:19,1.8,Auction Ads,auction_relation
20230807,1773572238087170 ,ID,,,1/1/00 0:00,0.199,0.3178,7/8/23 13:19,0.54,Non-Auction Ads,Promote
20230807,1773576542872570 ,IL,,,1/1/00 0:00,28.6707,1.5621,7/8/23 13:20,0.54,Non-Auction Ads,Promote
20230807,1773576364523520 ,ID,,,1/1/00 0:00,0.619,0.4215,7/8/23 13:19,1.53,RIE,Promote Report Recall
20230807,1773573029949450 ,JP,JP,,1/1/00 0:00,5.33,4.2364,7/8/23 13:20,2.16,Auction Ads,auction_all
20230807,1773576795019310 ,TH,TH,,1/1/00 0:00,1.2705,4.3975,7/8/23 13:21,1.64,Auction Ads,auction_relation
20230807,1773533658485760 ,VN,,,1/1/00 0:00,0.1611,0.2831,7/8/23 13:20,0.54,Non-Auction Ads,Promote
20230807,1773553996219390 ,ID,ID,,1/1/00 0:00,0.02,1.8692,7/8/23 13:20,1.8,Auction Ads,auction_relation
20230807,1773572671929340 ,ID,,,1/1/00 0:00,0.2068,0.2287,7/8/23 13:20,0.54,Non-Auction Ads,Promote
20230807,1773438051508220 ,SA,,,1/1/00 0:00,0.8316,0.2177,7/8/23 13:20,0.54,Non-Auction Ads,Promote
20230807,1773569917413370 ,TR,,,1/1/00 0:00,0.2094,0.0743,7/8/23 13:20,0.54,Non-Auction Ads,Promote
20230807,1773569809248250 ,TR,,,1/1/00 0:00,0.5346,0.1046,7/8/23 13:20,0.54,Non-Auction Ads,Promote
20230807,1773576663190540 ,TH,TH,,1/1/00 0:00,,1.7406,7/8/23 13:21,1.64,Auction Ads,auction_relation
20230807,1773576480487420 ,SA,,,1/1/00 0:00,0.7916,0.2906,7/8/23 13:21,1.53,RIE,Promote Report Recall
20230807,1773573081319450 ,ES,ES,,1/1/00 0:00,6.3047,6.413,7/8/23 13:23,1.37,Auction Ads,auction_relation
20230807,1773576142294010 ,PH,,,1/1/00 0:00,0.113,0.215,7/8/23 13:22,0.54,Non-Auction Ads,Promote
20230807,1773576142294010 ,PH,,,1/1/00 0:00,0.113,0.215,7/8/23 13:22,0.54,Non-Auction Ads,Promote
20230807,1773534215302140 ,VN,,,1/1/00 0:00,0.3399,0.9687,7/8/23 13:22,0.54,Non-Auction Ads,Promote
20230807,1773576562406400 ,KH,,,1/1/00 0:00,5.3422,1.7263,7/8/23 13:22,0.54,Non-Auction Ads,Promote
20230807,1773573359943690 ,JP,JP,,1/1/00 0:00,0.17,24.2478,7/8/23 13:29,2.16,Auction Ads,auction_all
20230807,1773576474430470 ,TH,,,1/1/00 0:00,2.95,1.4607,7/8/23 13:22,1.53,RIE,Promote Report Recall
20230807,1773572595521530 ,ID,,,1/1/00 0:00,1.2627,0.9239,7/8/23 13:22,0.54,Non-Auction Ads,Promote
20230807,1773577340684330 ,BR,BR,,1/1/00 0:00,12.89,5.5535,7/8/23 13:23,1.99,Auction Ads,auction_all
20230807,1773578314445850 ,ID,ID,,1/1/00 0:00,,101.245,7/8/23 13:47,1.8,Auction Ads,auction_relation
20230807,1773577922450480 ,GB,GB,,1/1/00 0:00,,24.7872,7/8/23 13:29,1.76,Auction Ads,auction_relation
20230807,1773419067393020 ,SA,,,1/1/00 0:00,0.0027,2.4865,7/8/23 13:23,0.54,Non-Auction Ads,Promote
20230807,1773573004801040 ,DE,DE,,1/1/00 0:00,,0,7/8/23 13:23,1.01,Auction Ads,auction_relation
20230807,1773573004801040 ,CH,CH,,1/1/00 0:00,,0,7/8/23 13:23,0.93,Auction Ads,auction_relation
20230807,1773573004801040 ,AT,AT,,1/1/00 0:00,,0,7/8/23 13:23,0.89,Auction Ads,auction_relation
20230807,1773576691004420 ,TH,,,1/1/00 0:00,3.79,5.045,7/8/23 13:25,1.53,RIE,Promote Report Recall
20230807,1773509608842240 ,SA,,,1/1/00 0:00,1.3635,0.4075,7/8/23 13:23,0.54,Non-Auction Ads,Promote
20230807,1773576928756780 ,NL,Other,,1/1/00 0:00,13.2799,3.3825,7/8/23 13:25,1.62,RIE,Ad Group Recall (Merged)
20230807,1773573121921020 ,HU,Other,,1/1/00 0:00,3.8266,3.453,7/8/23 13:25,1.62,RIE,Ad Group Recall (Merged)
20230807,1773576163791930 ,PH,,,1/1/00 0:00,0.1498,0.1412,7/8/23 13:23,0.54,Non-Auction Ads,Promote
20230807,1773576163791930 ,PH,,,1/1/00 0:00,0.1498,0.1412,7/8/23 13:23,0.54,Non-Auction Ads,Promote
20230807,1773575098608680 ,BR,BR,,1/1/00 0:00,17.396,23.9579,7/8/23 13:30,1.99,Auction Ads,auction_all
20230807,1773572730281980 ,ID,,,1/1/00 0:00,1.079,0.3712,7/8/23 13:24,0.54,Non-Auction Ads,Promote
20230807,1773573666563100 ,AU,AU,,1/1/00 0:00,0.58,8.3346,7/8/23 13:26,1.84,RIE,Ad Group Recall (Merged)
20230807,1773575928535040 ,PH,,,1/1/00 0:00,0.1099,0.1311,7/8/23 13:24,0.54,Non-Auction Ads,Promote
20230807,1773574096344110 ,BR,BR,,1/1/00 0:00,18.1963,23.9579,7/8/23 13:30,1.99,Auction Ads,auction_all
20230807,1773574096344110 ,BR,BR,,1/1/00 0:00,18.1963,23.9579,7/8/23 13:30,1.99,Auction Ads,auction_all
20230807,1773574096344110 ,BR,BR,,1/1/00 0:00,18.1963,23.9579,7/8/23 13:30,1.99,Auction Ads,auction_all
20230807,1773577189506060 ,PK,Other,,1/1/00 0:00,0,2.705,7/8/23 13:25,1.62,RIE,Ad Group Recall (Merged)
20230807,1773576876913660 ,IL,,,1/1/00 0:00,11.4481,3.7767,7/8/23 13:26,0.54,Non-Auction Ads,Promote
20230807,1773575100395520 ,MY,,,1/1/00 0:00,0.2833,0.9486,7/8/23 13:25,0.54,Non-Auction Ads,Promote
20230807,1773556495304710 ,US,,,1/1/00 0:00,3.28,2.8931,7/8/23 13:25,0.54,Non-Auction Ads,Promote
20230807,1773575121389610 ,DE,DE,,1/1/00 0:00,3.8556,9.9794,7/8/23 13:28,1.01,Auction Ads,auction_relation
20230807,1773534691837950 ,VN,,,1/1/00 0:00,0.8345,0,7/8/23 13:25,0.54,Non-Auction Ads,Promote
20230807,1773573288970270 ,EG,MENA,,1/1/00 0:00,0.0093,4.3696,7/8/23 13:26,1.78,Auction Ads,auction_relation
20230807,1773576385031170 ,PH,,,1/1/00 0:00,0.1965,0.277,7/8/23 13:25,0.54,Non-Auction Ads,Promote
20230807,1773570670175280 ,SE,,,1/1/00 0:00,2.5079,1.2233,7/8/23 13:26,0.54,Non-Auction Ads,Promote
20230807,1773567075057660 ,TH,,,1/1/00 0:00,0.2258,0.3131,7/8/23 13:25,0.54,Non-Auction Ads,Promote
20230807,1773576897881090 ,TH,,,1/1/00 0:00,5.14,0.9877,7/8/23 13:26,1.53,RIE,Promote Report Recall
20230807,1773510298789890 ,SA,,,1/1/00 0:00,104.5834,17.7314,7/8/23 13:30,0.54,Non-Auction Ads,Promote
20230807,1773577309276170 ,MY,MY,,1/1/00 0:00,,2.6911,7/8/23 13:27,2.31,Auction Ads,auction_relation
20230807,1773576519433210 ,PH,,,1/1/00 0:00,0.031,0.139,7/8/23 13:26,0.54,Non-Auction Ads,Promote
20230807,1773576885691390 ,SA,,,1/1/00 0:00,9.4335,2.3989,7/8/23 13:27,1.53,RIE,Promote Report Recall
20230807,1773576399005690 ,PH,,,1/1/00 0:00,0.1401,0.3086,7/8/23 13:26,0.54,Non-Auction Ads,Promote
20230807,1773576766724090 ,PH,,,1/1/00 0:00,0.2316,0.1382,7/8/23 13:27,0.54,Non-Auction Ads,Promote
20230807,1773556597133350 ,US,,,1/1/00 0:00,3.07,2.0212,7/8/23 13:28,0.54,Non-Auction Ads,Promote
20230807,1773576659810300 ,JP,,,1/1/00 0:00,1.8114,1.9734,7/8/23 13:28,0.54,Non-Auction Ads,Promote
20230807,1773577182399490 ,US,USCA,,1/1/00 0:00,,5.709,7/8/23 13:29,1.78,Auction Ads,auction_relation
20230807,1773572989643770 ,ID,,,1/1/00 0:00,0.1712,0.1735,7/8/23 13:27,0.54,Non-Auction Ads,Promote
20230807,1773578240552990 ,TH,TH,,1/1/00 0:00,4.8781,4.4194,7/8/23 13:28,1.64,Auction Ads,auction_relation
20230807,1773572632558590 ,ID,,,1/1/00 0:00,0.3435,0,7/8/23 13:27,0.54,Non-Auction Ads,Promote
20230807,1773577594142720 ,GB,GB,,1/1/00 0:00,,17.8311,7/8/23 13:31,1.76,Auction Ads,auction_relation
20230807,1773576526955520 ,PH,,,1/1/00 0:00,0.2027,0.2134,7/8/23 13:28,0.54,Non-Auction Ads,Promote
20230807,1773577457827840 ,NL,,,1/1/00 0:00,124.5431,30.5149,7/8/23 13:34,0.54,Non-Auction Ads,Promote
20230807,1773572831693820 ,ID,,,1/1/00 0:00,0.3093,0,7/8/23 13:28,0.54,Non-Auction Ads,Promote
20230807,1773577026917390 ,TH,,,1/1/00 0:00,5.42,1.262,7/8/23 13:28,1.53,RIE,Promote Report Recall
20230807,1773572896983040 ,ID,,,1/1/00 0:00,0.1637,0.2493,7/8/23 13:28,0.54,Non-Auction Ads,Promote
20230807,1773573636432890 ,MY,,,1/1/00 0:00,0.2482,1.1435,7/8/23 13:28,0.54,Non-Auction Ads,Promote
20230807,1773570563454970 ,TR,,,1/1/00 0:00,0.2072,0.0613,7/8/23 13:28,0.54,Non-Auction Ads,Promote
20230807,1773573427081230 ,EG,MENA,,1/1/00 0:00,0.0058,4.3696,7/8/23 13:29,1.78,Auction Ads,auction_relation
20230807,1773567000108030 ,TH,,,1/1/00 0:00,0.3021,0.9129,7/8/23 13:28,0.54,Non-Auction Ads,Promote
20230807,1773600140170270 ,CA,USCA,,1/1/00 0:00,28.27,8.0362,7/8/23 13:30,1.78,Auction Ads,auction_relation
20230807,1773578536574970 ,BR,BR,,1/1/00 0:00,17.7078,23.9579,7/8/23 13:34,1.99,Auction Ads,auction_all
20230807,1773570649073660 ,TR,,,1/1/00 0:00,0.1485,0.1407,7/8/23 13:29,0.54,Non-Auction Ads,Promote
20230807,1773572920313850 ,ID,,,1/1/00 0:00,0.2748,0.7778,7/8/23 13:29,0.54,Non-Auction Ads,Promote
20230807,1773573108856830 ,ID,,,1/1/00 0:00,0.1962,0.1659,7/8/23 13:29,0.54,Non-Auction Ads,Promote
20230807,1773576682048510 ,TH,,,1/1/00 0:00,17.3,0.71,7/8/23 13:29,1.53,RIE,Promote Report Recall
20230807,1773573064194040 ,ID,,,1/1/00 0:00,0.1933,0.2115,7/8/23 13:29,0.54,Non-Auction Ads,Promote
20230807,1773534825300990 ,VN,,,1/1/00 0:00,0.2279,0.5273,7/8/23 13:29,0.54,Non-Auction Ads,Promote
20230807,1773576095403010 ,ID,,,1/1/00 0:00,35.7779,0.8224,7/8/23 13:29,0.54,Non-Auction Ads,Promote
20230807,1773576876380160 ,KR,,,1/1/00 0:00,0.9829,0.7773,7/8/23 13:30,0.54,Non-Auction Ads,Promote
20230807,1773575130729470 ,BR,,,1/1/00 0:00,1.0752,0.2577,7/8/23 13:30,0.54,Non-Auction Ads,Promote
20230807,1773573005097980 ,ID,,,1/1/00 0:00,0.312,1.0825,7/8/23 13:30,0.54,Non-Auction Ads,Promote
20230807,1773574306524200 ,DE,DE,,1/1/00 0:00,30.25,51.9137,7/8/23 13:42,1.01,Auction Ads,auction_relation
20230807,1773573158297600 ,ID,,,1/1/00 0:00,0.2468,0.1499,7/8/23 13:30,0.54,Non-Auction Ads,Promote
20230807,1773578971055150 ,ID,ID,,1/1/00 0:00,,0.5776,7/8/23 13:30,1.8,Auction Ads,auction_relation
20230807,1773573788283900 ,US,USCA,,1/1/00 0:00,0.21,6.5336,7/8/23 13:32,1.78,Auction Ads,auction_relation
20230807,1773573788234800 ,US,USCA,,1/1/00 0:00,0.3,6.5336,7/8/23 13:32,1.78,Auction Ads,auction_relation
20230807,1773573763901470 ,US,USCA,,1/1/00 0:00,1.66,6.5336,7/8/23 13:32,1.78,Auction Ads,auction_relation
20230807,1773577315551240 ,PK,Other,,1/1/00 0:00,0.01,2.705,7/8/23 13:31,1.62,RIE,Ad Group Recall (Merged)
20230807,1773577307252760 ,PK,Other,,1/1/00 0:00,0,2.705,7/8/23 13:31,1.62,RIE,Ad Group Recall (Merged)
20230807,1773577315504140 ,PK,Other,,1/1/00 0:00,0.01,2.705,7/8/23 13:31,1.62,RIE,Ad Group Recall (Merged)
20230807,1773577318244350 ,PK,Other,,1/1/00 0:00,0,2.705,7/8/23 13:31,1.62,RIE,Ad Group Recall (Merged)
20230807,1773577315513390 ,PK,Other,,1/1/00 0:00,0,2.705,7/8/23 13:31,1.62,RIE,Ad Group Recall (Merged)
20230807,1773577318253600 ,PK,Other,,1/1/00 0:00,0,2.705,7/8/23 13:31,1.62,RIE,Ad Group Recall (Merged)
20230807,1773577534526460 ,BR,BR,,1/1/00 0:00,,11.8571,7/8/23 13:33,1.99,Auction Ads,auction_all
20230807,1773574692595760 ,BR,BR,,1/1/00 0:00,18.0779,9.2408,7/8/23 13:33,1.99,Auction Ads,auction_all
20230807,1773577540133890 ,DE,,,1/1/00 0:00,173.4622,22.8742,7/8/23 13:36,0.54,Non-Auction Ads,Promote
20230807,1773575151706110 ,BR,,,1/1/00 0:00,48.1539,7.1053,7/8/23 13:32,1.53,RIE,Promote Report Recall
20230807,1773575151706110 ,BR,,,1/1/00 0:00,48.1539,7.1053,7/8/23 13:32,0.54,Non-Auction Ads,Promote
20230807,1773577763561470 ,KW,Other,,1/1/00 0:00,3.732,1.9346,7/8/23 13:31,1.62,RIE,Ad Group Recall (Merged)
20230807,1773419503227900 ,SA,,,1/1/00 0:00,1.9221,0.9439,7/8/23 13:31,0.54,Non-Auction Ads,Promote
20230807,1773577304037380 ,FR,,,1/1/00 0:00,68.7356,8.8022,7/8/23 13:33,0.54,Non-Auction Ads,Promote
20230807,1773577366533150 ,SG,Other,,1/1/00 0:00,1.0297,3.2984,7/8/23 13:32,1.62,RIE,Ad Group Recall (Merged)
20230807,1773570748817410 ,TR,,,1/1/00 0:00,0.4251,0.1281,7/8/23 13:31,0.54,Non-Auction Ads,Promote
20230807,1773567114654720 ,TH,,,1/1/00 0:00,0.2048,0.4413,7/8/23 13:31,0.54,Non-Auction Ads,Promote
20230807,1773557583381510 ,US,,,1/1/00 0:00,2.93,2.9284,7/8/23 13:32,0.54,Non-Auction Ads,Promote
20230807,1773575256793090 ,GR,,,1/1/00 0:00,3.3448,1.6402,7/8/23 13:32,0.54,Non-Auction Ads,Promote
20230807,1773577237412860 ,ID,,,1/1/00 0:00,0.8901,0.6661,7/8/23 13:32,1.53,RIE,Promote Report Recall
20230807,1773575401838600 ,ZA,Other,,1/1/00 0:00,1.9,97.9645,7/8/23 13:56,1.62,RIE,Ad Group Recall (Merged)
20230807,1773576438342650 ,IL,,,1/1/00 0:00,1.9785,1.5621,7/8/23 13:33,0.54,Non-Auction Ads,Promote
20230807,1773420332346370 ,SA,,,1/1/00 0:00,1.6072,0.9794,7/8/23 13:33,0.54,Non-Auction Ads,Promote
20230807,1773577576940540 ,PK,Other,,1/1/00 0:00,24.11,12.3906,7/8/23 13:35,1.62,RIE,Ad Group Recall (Merged)
20230807,1773577478033420 ,ID,ID,,1/1/00 0:00,0,5.3248,7/8/23 13:34,1.8,Auction Ads,auction_relation
20230807,1773577213004800 ,PH,,,1/1/00 0:00,0.1977,0.8088,7/8/23 13:33,0.54,Non-Auction Ads,Promote
20230807,1773577378730000 ,TH,,,1/1/00 0:00,5.62,4.5706,7/8/23 13:34,1.53,RIE,Promote Report Recall
20230807,1773574219295760 ,FR,FR,,1/1/00 0:00,,8.2566,7/8/23 13:34,1.97,Auction Ads,auction_relation
20230807,1773573229405180 ,ID,,,1/1/00 0:00,0.1949,0.2063,7/8/23 13:33,0.54,Non-Auction Ads,Promote
20230807,1773577198968830 ,TH,,,1/1/00 0:00,9.65,1.3822,7/8/23 13:33,1.53,RIE,Promote Report Recall
20230807,1773557630130180 ,US,,,1/1/00 0:00,2.93,2.1765,7/8/23 13:34,0.54,Non-Auction Ads,Promote
20230807,1773573575023610 ,ID,,,1/1/00 0:00,0.2589,0.6442,7/8/23 13:33,0.54,Non-Auction Ads,Promote
20230807,1773573776243740 ,AU,AU,,1/1/00 0:00,0.5,8.3346,7/8/23 13:35,1.84,RIE,Ad Group Recall (Merged)
20230807,1773573773052940 ,AU,AU,,1/1/00 0:00,1.04,8.3346,7/8/23 13:35,1.84,RIE,Ad Group Recall (Merged)
20230807,1773573776232440 ,AU,AU,,1/1/00 0:00,,8.3346,7/8/23 13:35,1.84,RIE,Ad Group Recall (Merged)
20230807,1773573764374560 ,AU,AU,,1/1/00 0:00,,8.3346,7/8/23 13:35,1.84,RIE,Ad Group Recall (Merged)
20230807,1773573528544250 ,ID,,,1/1/00 0:00,0.2424,0.2346,7/8/23 13:34,0.54,Non-Auction Ads,Promote
20230807,1773511198091260 ,SA,,,1/1/00 0:00,1.7992,3.0662,7/8/23 13:34,0.54,Non-Auction Ads,Promote
20230807,1773575070298110 ,US,US&CA,,1/1/00 0:00,10.32,10.3717,7/8/23 13:36,1.81,RIE,Ad Group Recall (Merged)
20230807,1773574595983360 ,FR,FR,,1/1/00 0:00,49.61,51.9137,7/8/23 13:46,1.97,Auction Ads,auction_relation
20230807,1773576545827840 ,BR,,,1/1/00 0:00,,0.9832,7/8/23 13:34,0.54,Non-Auction Ads,Promote
20230807,1773573525299200 ,ID,,,1/1/00 0:00,0.1677,0.1422,7/8/23 13:34,0.54,Non-Auction Ads,Promote
20230807,1773535119202300 ,VN,,,1/1/00 0:00,0.1787,0.4915,7/8/23 13:34,0.54,Non-Auction Ads,Promote
20230807,1773577531367440 ,ID,ID,,1/1/00 0:00,,0.0127,7/8/23 13:34,1.8,Auction Ads,auction_relation
20230807,1773575936604160 ,BR,,,1/1/00 0:00,1.0693,0.3442,7/8/23 13:34,0.54,Non-Auction Ads,Promote
20230807,1773573524481020 ,ID,,,1/1/00 0:00,0.9922,0.6442,7/8/23 13:34,0.54,Non-Auction Ads,Promote
20230807,1773575779520510 ,BR,,,1/1/00 0:00,1.1042,0.2556,7/8/23 13:35,0.54,Non-Auction Ads,Promote
20230807,1773577607196670 ,PL,PL,,1/1/00 0:00,23.5316,5.5311,7/8/23 13:36,1.64,Auction Ads,auction_relation
20230807,1773577774832670 ,IQ,Other,,1/1/00 0:00,1.16,2.93,7/8/23 13:35,1.62,RIE,Ad Group Recall (Merged)
20230807,1773573157490680 ,ID,,,1/1/00 0:00,0.2168,0.2501,7/8/23 13:35,0.54,Non-Auction Ads,Promote
20230807,1773577741217790 ,BR,BR,,1/1/00 0:00,45.81,5.5535,7/8/23 13:36,1.99,Auction Ads,auction_all
20230807,1773577220030460 ,PH,,,1/1/00 0:00,0.4178,0.2493,7/8/23 13:35,0.54,Non-Auction Ads,Promote
20230807,1773419858457600 ,SA,,,1/1/00 0:00,0.8051,0.3255,7/8/23 13:35,0.54,Non-Auction Ads,Promote
20230807,1773590904129550 ,BR,BR,,1/1/00 0:00,839.4578,166.1572,7/8/23 14:15,1.7,RIE,Ad Group Recall (Merged)
20230807,1773576763685880 ,IL,,,1/1/00 0:00,0.9688,0.757,7/8/23 13:35,0.54,Non-Auction Ads,Promote
20230807,1773574183641100 ,IQ,Other,,1/1/00 0:00,11.54,24.2478,7/8/23 13:41,1.62,RIE,Ad Group Recall (Merged)
20230807,1773573660634110 ,ID,,,1/1/00 0:00,0.2225,0.2023,7/8/23 13:35,0.54,Non-Auction Ads,Promote
20230807,1773577642196990 ,GB,GB,,1/1/00 0:00,,2.005,7/8/23 13:36,1.76,Auction Ads,auction_relation
20230807,1773573972374530 ,ID,,,1/1/00 0:00,0.4211,0.3461,7/8/23 13:36,0.54,Non-Auction Ads,Promote
20230807,1773583025759230 ,PK,PK,,1/1/00 0:00,0.95,0.954,7/8/23 13:36,1.36,Auction Ads,auction_relation
20230807,1773577422619670 ,US,,,1/1/00 0:00,6.86,3.7768,7/8/23 13:37,0.54,Non-Auction Ads,Promote
20230807,1773510568770560 ,SA,,,1/1/00 0:00,0.6531,0.2,7/8/23 13:36,0.54,Non-Auction Ads,Promote
20230807,1773578390787120 ,BR,BR,,1/1/00 0:00,0.2813,53.5639,7/8/23 13:48,1.99,Auction Ads,auction_all
20230807,1773511405364220 ,SA,,,1/1/00 0:00,6.4746,0.711,7/8/23 13:36,0.54,Non-Auction Ads,Promote
20230807,1773574266091570 ,LB,Other,,1/1/00 0:00,12.09,24.2478,7/8/23 13:43,1.62,RIE,Ad Group Recall (Merged)
20230807,1773576766512130 ,PL,,,1/1/00 0:00,4.2249,1.0311,7/8/23 13:36,0.54,Non-Auction Ads,Promote
20230807,1773577299269630 ,TH,,,1/1/00 0:00,9.64,1.3665,7/8/23 13:36,1.53,RIE,Promote Report Recall
20230807,1773573849884670 ,GB,,,1/1/00 0:00,5.38,5.9921,7/8/23 13:38,0.54,Non-Auction Ads,Promote
20230807,1773574261638160 ,US,USCA,,1/1/00 0:00,17.57,8.046,7/8/23 13:39,1.78,Auction Ads,auction_relation
20230807,1773578086941720 ,DE,DE,,1/1/00 0:00,0.57,17.8311,7/8/23 13:41,1.01,Auction Ads,auction_relation
20230807,1773420169376760 ,SA,,,1/1/00 0:00,1.9033,1.3764,7/8/23 13:37,0.54,Non-Auction Ads,Promote
20230807,1773577052753930 ,PH,,,1/1/00 0:00,0.2479,0.2436,7/8/23 13:37,0.54,Non-Auction Ads,Promote
20230807,1773577052753930 ,PH,,,1/1/00 0:00,0.2479,0.2436,7/8/23 13:37,0.54,Non-Auction Ads,Promote
20230807,1773578751085600 ,MY,MY,,1/1/00 0:00,3.7104,12.6621,7/8/23 13:40,2.31,Auction Ads,auction_relation
20230807,1773573820489730 ,GB,,,1/1/00 0:00,6.2469,2.1879,7/8/23 13:38,0.54,Non-Auction Ads,Promote
20230807,1773577404514300 ,PH,,,1/1/00 0:00,0.5188,0.2488,7/8/23 13:37,0.54,Non-Auction Ads,Promote
20230807,1773577404514300 ,PH,,,1/1/00 0:00,0.5188,0.2488,7/8/23 13:37,0.54,Non-Auction Ads,Promote
20230807,1773573658033150 ,ID,,,1/1/00 0:00,0.3373,0.4927,7/8/23 13:37,0.54,Non-Auction Ads,Promote
20230807,1773577533047800 ,AE,,,1/1/00 0:00,0.9065,0.8425,7/8/23 13:37,1.53,RIE,Promote Report Recall
20230807,1773577253005350 ,CZ,,,1/1/00 0:00,0.9313,0.8966,7/8/23 13:38,0.54,Non-Auction Ads,Promote
20230807,1773577631962150 ,TH,,,1/1/00 0:00,5.7655,1.6826,7/8/23 13:38,1.53,RIE,Promote Report Recall
20230807,1773569875126290 ,RO,,,1/1/00 0:00,1.5609,0.4703,7/8/23 13:38,0.54,Non-Auction Ads,Promote
20230807,1773577497889790 ,TH,,,1/1/00 0:00,8.15,1.4688,7/8/23 13:39,1.53,RIE,Promote Report Recall
20230807,1773573694907450 ,ID,,,1/1/00 0:00,0.6288,0.6104,7/8/23 13:38,0.54,Non-Auction Ads,Promote
20230807,1773421507375100 ,SA,,,1/1/00 0:00,2.8496,3.0544,7/8/23 13:39,0.54,Non-Auction Ads,Promote
20230807,1773567232569340 ,TH,,,1/1/00 0:00,0.1454,0.2491,7/8/23 13:38,0.54,Non-Auction Ads,Promote
20230807,1773535501059070 ,VN,,,1/1/00 0:00,0.409,1.1591,7/8/23 13:39,0.54,Non-Auction Ads,Promote
20230807,1773511777232890 ,SA,,,1/1/00 0:00,0.781,0.67,7/8/23 13:39,0.54,Non-Auction Ads,Promote
20230807,1773577877875760 ,US,USCA,,1/1/00 0:00,0.04,5.709,7/8/23 13:40,1.78,Auction Ads,auction_relation
20230807,1773535515999230 ,VN,,,1/1/00 0:00,1.3714,1.8018,7/8/23 13:39,0.54,Non-Auction Ads,Promote
20230807,1773576370922550 ,BR,,,1/1/00 0:00,1.1882,0.3842,7/8/23 13:39,0.54,Non-Auction Ads,Promote
20230807,1773577905310720 ,PK,PK,,1/1/00 0:00,2.79,1.7992,7/8/23 13:40,1.36,Auction Ads,auction_relation
20230807,1773511972690940 ,SA,,,1/1/00 0:00,1.6527,0.4566,7/8/23 13:39,0.54,Non-Auction Ads,Promote
20230807,1773567223174140 ,TH,,,1/1/00 0:00,0.167,0.2173,7/8/23 13:39,0.54,Non-Auction Ads,Promote
20230807,1773558487173120 ,US,,,1/1/00 0:00,2.31,2.27,7/8/23 13:40,0.54,Non-Auction Ads,Promote
20230807,1773578198819870 ,US,US&CA,,1/1/00 0:00,37.84,9.4162,7/8/23 13:42,1.81,RIE,Ad Group Recall (Merged)
20230807,1773577804381180 ,SA,,,1/1/00 0:00,35.3426,1.7692,7/8/23 13:40,0.54,Non-Auction Ads,Promote
20230807,1773577760351230 ,VN,,,1/1/00 0:00,0.4579,0.2626,7/8/23 13:40,1.53,RIE,Promote Report Recall
20230807,1773535571606530 ,VN,,,1/1/00 0:00,0.9432,1.8018,7/8/23 13:40,0.54,Non-Auction Ads,Promote
20230807,1773574365943800 ,ID,,,1/1/00 0:00,0.2967,0.4567,7/8/23 13:40,0.54,Non-Auction Ads,Promote
20230807,1773512964119550 ,SA,,,1/1/00 0:00,14.7354,31.3086,7/8/23 13:47,0.54,Non-Auction Ads,Promote
20230807,1773422102024190 ,SA,,,1/1/00 0:00,1.866,0.4916,7/8/23 13:40,0.54,Non-Auction Ads,Promote
20230807,1773578090140690 ,KH,Other,,1/1/00 0:00,3.5868,1.745,7/8/23 13:40,1.62,RIE,Ad Group Recall (Merged)
20230807,1773578090140690 ,KH,KH,,1/1/00 0:00,3.5868,1.745,7/8/23 13:40,1.5,Auction Ads,auction_relation
20230807,1773421506850810 ,SA,,,1/1/00 0:00,1.7246,1.5769,7/8/23 13:41,0.54,Non-Auction Ads,Promote
20230807,1773574461377580 ,US,USCA,,1/1/00 0:00,3.02,4.8281,7/8/23 13:42,1.78,Auction Ads,auction_relation
20230807,1773512847657980 ,SA,,,1/1/00 0:00,1.0157,0.4601,7/8/23 13:41,0.54,Non-Auction Ads,Promote
20230807,1773574530772990 ,ID,,,1/1/00 0:00,0.5069,0.8781,7/8/23 13:41,0.54,Non-Auction Ads,Promote
20230807,1773572596855800 ,TR,,,1/1/00 0:00,0.1497,0.216,7/8/23 13:41,0.54,Non-Auction Ads,Promote
20230807,1773577955853340 ,ID,ID,,1/1/00 0:00,,0.0127,7/8/23 13:41,1.8,Auction Ads,auction_relation
20230807,1773578096446490 ,US,USCA,,1/1/00 0:00,,7.4475,7/8/23 13:43,1.78,Auction Ads,auction_relation
20230807,1773572269486080 ,TR,,,1/1/00 0:00,1.2033,0.1667,7/8/23 13:41,0.54,Non-Auction Ads,Promote
20230807,1773577898509310 ,SA,,,1/1/00 0:00,24.0222,2.5236,7/8/23 13:42,0.54,Non-Auction Ads,Promote
20230807,1773578019859450 ,TR,,,1/1/00 0:00,18.213,10.385,7/8/23 13:44,0.54,Non-Auction Ads,Promote
20230807,1773578233621500 ,KH,Other,,1/1/00 0:00,16.895,6.7255,7/8/23 13:44,1.62,RIE,Ad Group Recall (Merged)
20230807,1773574334580800 ,ID,,,1/1/00 0:00,1.0425,0.2424,7/8/23 13:42,0.54,Non-Auction Ads,Promote
20230807,1773558875028480 ,US,,,1/1/00 0:00,2.66,1.9842,7/8/23 13:43,0.54,Non-Auction Ads,Promote
20230807,1773513023709180 ,SA,,,1/1/00 0:00,0.7357,2.4852,7/8/23 13:43,0.54,Non-Auction Ads,Promote
20230807,1773573418820610 ,ID,,,1/1/00 0:00,0.1773,0.2289,7/8/23 13:42,0.54,Non-Auction Ads,Promote
20230807,1773567336046590 ,TH,,,1/1/00 0:00,0.3632,0.4995,7/8/23 13:42,0.54,Non-Auction Ads,Promote
20230807,1773577948574720 ,PL,,,1/1/00 0:00,11.8943,1.5055,7/8/23 13:43,1.53,RIE,Promote Report Recall
20230807,1773578030557200 ,TH,,,1/1/00 0:00,10.13,3.5848,7/8/23 13:44,1.53,RIE,Promote Report Recall
20230807,1773578784496690 ,PH,PH,,1/1/00 0:00,4.37,3.7335,7/8/23 13:44,2.46,Auction Ads,auction_relation
20230807,1773574654227450 ,ID,,,1/1/00 0:00,0.185,0.1054,7/8/23 13:43,0.54,Non-Auction Ads,Promote
20230807,1773574439729150 ,ID,,,1/1/00 0:00,0.1894,0.4492,7/8/23 13:43,0.54,Non-Auction Ads,Promote
20230807,1773578204167200 ,MY,MY,,1/1/00 0:00,,0,7/8/23 13:43,2.31,Auction Ads,auction_relation
20230807,1773574477748220 ,GB,GB,,1/1/00 0:00,11.54,17.4784,7/8/23 13:47,1.76,Auction Ads,auction_relation
20230807,1773567349557240 ,TH,,,1/1/00 0:00,0.443,0.4445,7/8/23 13:44,0.54,Non-Auction Ads,Promote
20230807,1773578975605770 ,BR,BR,,1/1/00 0:00,,53.5639,7/8/23 13:58,1.99,Auction Ads,auction_all
20230807,1773578187749390 ,US,USCA,,1/1/00 0:00,,7.4475,7/8/23 13:45,1.78,Auction Ads,auction_relation
20230807,1773574774931450 ,ID,,,1/1/00 0:00,0.156,0.3812,7/8/23 13:44,0.54,Non-Auction Ads,Promote
20230807,1773578024225790 ,IE,,,1/1/00 0:00,36.9811,2.9872,7/8/23 13:44,1.53,RIE,Promote Report Recall
20230807,1773601034809360 ,CA,USCA,,1/1/00 0:00,0.36,8.0362,7/8/23 13:46,1.78,Auction Ads,auction_relation
20230807,1773601034809360 ,US,USCA,,1/1/00 0:00,0.36,8.0362,7/8/23 13:46,1.78,Auction Ads,auction_relation
20230807,1773510131319800 ,KW,,,1/1/00 0:00,2.6029,0.6473,7/8/23 13:44,0.54,Non-Auction Ads,Promote
20230807,1773574960944130 ,ID,,,1/1/00 0:00,0.0013,0.1876,7/8/23 13:44,0.54,Non-Auction Ads,Promote
20230807,1773580354475010 ,KR,KR,,1/1/00 0:00,0.9808,85.8321,7/8/23 14:02,2.37,Auction Ads,auction_relation
20230807,1773577717445650 ,EG,,,1/1/00 0:00,7.8222,2.3081,7/8/23 13:45,1.53,RIE,Promote Report Recall
20230807,1773574696763390 ,ID,,,1/1/00 0:00,0.8238,0,7/8/23 13:44,0.54,Non-Auction Ads,Promote
20230807,1773578096249860 ,TH,,,1/1/00 0:00,7.71,2.16,7/8/23 13:45,1.53,RIE,Promote Report Recall
20230807,1773574782860330 ,AU,AU,,1/1/00 0:00,0.69,8.3346,7/8/23 13:46,1.84,RIE,Ad Group Recall (Merged)
20230807,1773574806382640 ,AU,AU,,1/1/00 0:00,0.69,8.3346,7/8/23 13:46,1.84,RIE,Ad Group Recall (Merged)
20230807,1773574782849020 ,AU,AU,,1/1/00 0:00,,8.3346,7/8/23 13:46,1.84,RIE,Ad Group Recall (Merged)
20230807,1773574806385660 ,AU,AU,,1/1/00 0:00,,8.3346,7/8/23 13:46,1.84,RIE,Ad Group Recall (Merged)
20230807,1773574806380570 ,AU,AU,,1/1/00 0:00,,8.3346,7/8/23 13:46,1.84,RIE,Ad Group Recall (Merged)
20230807,1773574798994430 ,ID,,,1/1/00 0:00,0.2025,0,7/8/23 13:44,0.54,Non-Auction Ads,Promote
20230807,1773571492187130 ,ID,,,1/1/00 0:00,0.2646,0.0865,7/8/23 13:45,0.54,Non-Auction Ads,Promote
20230807,1773575432534060 ,US,USCA,,1/1/00 0:00,369.83,85.8971,7/8/23 14:03,1.78,Auction Ads,auction_relation
20230807,1773577960079360 ,SA,,,1/1/00 0:00,2.95,0.8333,7/8/23 13:45,1.53,RIE,Promote Report Recall
20230807,1773578370600960 ,TH,TH,,1/1/00 0:00,0.3368,0.0374,7/8/23 13:45,1.64,Auction Ads,auction_relation
20230807,1773536403351550 ,VN,,,1/1/00 0:00,0.3319,0.9043,7/8/23 13:45,0.54,Non-Auction Ads,Promote
20230807,1773513076229120 ,SA,,,1/1/00 0:00,0.7625,0.3895,7/8/23 13:45,0.54,Non-Auction Ads,Promote
20230807,1773575347878910 ,ID,,,1/1/00 0:00,0.1937,0,7/8/23 13:45,0.54,Non-Auction Ads,Promote
20230807,1773536377738240 ,VN,,,1/1/00 0:00,0.1975,0.3273,7/8/23 13:46,0.54,Non-Auction Ads,Promote
20230807,1773578509684800 ,AU,AU,,1/1/00 0:00,,17.8311,7/8/23 13:49,1.84,Auction Ads,auction_relation
20230807,1773572882327550 ,DE,,,1/1/00 0:00,4.5221,2.3237,7/8/23 13:46,0.54,Non-Auction Ads,Promote
20230807,1773582413882400 ,AE,MENA,,1/1/00 0:00,4.07,0.8464,7/8/23 13:46,1.67,RIE,Ad Group Recall (Merged)
20230807,1773512636206080 ,SA,,,1/1/00 0:00,1.9699,1.3342,7/8/23 13:46,0.54,Non-Auction Ads,Promote
20230807,1773513249427450 ,SA,,,1/1/00 0:00,1.8205,1.9914,7/8/23 13:46,0.54,Non-Auction Ads,Promote
20230807,1773578688081930 ,BR,BR,,1/1/00 0:00,10.7293,2.5503,7/8/23 13:47,1.99,Auction Ads,auction_all
20230807,1773572873225210 ,TR,,,1/1/00 0:00,0.2048,0.1477,7/8/23 13:46,0.54,Non-Auction Ads,Promote
20230807,1773578417847290 ,DE,DE,,1/1/00 0:00,3.54,14.4624,7/8/23 13:49,1.01,Auction Ads,auction_relation
20230807,1773578096499710 ,PL,,,1/1/00 0:00,1.5071,0.3283,7/8/23 13:46,0.54,Non-Auction Ads,Promote
20230807,1773578216426490 ,KW,,,1/1/00 0:00,32.9385,3.6053,7/8/23 13:47,0.54,Non-Auction Ads,Promote
20230807,1773567431276540 ,TH,,,1/1/00 0:00,0.9458,0.5723,7/8/23 13:46,0.54,Non-Auction Ads,Promote
20230807,1773574684293120 ,DE,DE,,1/1/00 0:00,10.35,7.6848,7/8/23 13:48,1.01,Auction Ads,auction_relation
20230807,1773575057213470 ,CH,CH,,1/1/00 0:00,3.95,11.4122,7/8/23 13:49,0.93,Auction Ads,auction_relation
20230807,1773574842061820 ,ID,,,1/1/00 0:00,0.3259,0.4398,7/8/23 13:47,0.54,Non-Auction Ads,Promote
20230807,1773578231530500 ,HU,,,1/1/00 0:00,17.7251,1.4971,7/8/23 13:47,0.54,Non-Auction Ads,Promote
20230807,1773576707421190 ,BR,,,1/1/00 0:00,1.112,0.5254,7/8/23 13:47,0.54,Non-Auction Ads,Promote
20230807,1773578295346170 ,TR,,,1/1/00 0:00,0.9606,1.3617,7/8/23 13:47,1.53,RIE,Promote Report Recall
20230807,1773574763869210 ,HU,Other,,1/1/00 0:00,3.5908,3.453,7/8/23 13:48,1.62,RIE,Ad Group Recall (Merged)
20230807,1773574946193470 ,ID,,,1/1/00 0:00,0.1599,0.572,7/8/23 13:48,0.54,Non-Auction Ads,Promote
20230807,1773578398649420 ,US,USCA,,1/1/00 0:00,,0.7979,7/8/23 13:48,1.78,Auction Ads,auction_relation
20230807,1773578406638600 ,US,USCA,,1/1/00 0:00,2.17,0.7979,7/8/23 13:48,1.78,Auction Ads,auction_relation
20230807,1773512677732350 ,SA,,,1/1/00 0:00,2.4657,0.9584,7/8/23 13:48,0.54,Non-Auction Ads,Promote
20230807,1773574797276160 ,US,US&CA,,1/1/00 0:00,10.82,12.8617,7/8/23 13:50,1.81,RIE,Ad Group Recall (Merged)
20230807,1773578419392520 ,PK,PK,,1/1/00 0:00,,1.168,7/8/23 13:48,1.36,Auction Ads,auction_relation
20230807,1773577762878460 ,PL,,,1/1/00 0:00,3.6531,1.8363,7/8/23 13:48,0.54,Non-Auction Ads,Promote
20230807,1773579227623470 ,TH,TH,,1/1/00 0:00,,1.8445,7/8/23 13:48,1.64,Auction Ads,auction_relation
20230807,1773577945081850 ,PH,,,1/1/00 0:00,0.1279,0.1824,7/8/23 13:48,0.54,Non-Auction Ads,Promote
20230807,1773567499318270 ,TH,,,1/1/00 0:00,0.1787,0.2031,7/8/23 13:48,0.54,Non-Auction Ads,Promote
20230807,1773537030126590 ,VN,,,1/1/00 0:00,3.2251,1.4106,7/8/23 13:48,0.54,Non-Auction Ads,Promote
20230807,1773574850315310 ,US,USCA,,1/1/00 0:00,,15.7267,7/8/23 13:52,1.78,Auction Ads,auction_relation
20230807,1773574878393390 ,US,USCA,,1/1/00 0:00,,15.7267,7/8/23 13:52,1.78,Auction Ads,auction_relation
20230807,1773422723761150 ,SA,,,1/1/00 0:00,0.2302,0.2724,7/8/23 13:48,0.54,Non-Auction Ads,Promote
20230807,1773578223387650 ,KH,,,1/1/00 0:00,0.0121,0.0822,7/8/23 13:49,0.54,Non-Auction Ads,Promote
20230807,1773575522805760 ,ID,,,1/1/00 0:00,0.1917,0.2474,7/8/23 13:49,0.54,Non-Auction Ads,Promote
20230807,1773575286777850 ,ID,,,1/1/00 0:00,0.1793,0.4443,7/8/23 13:49,0.54,Non-Auction Ads,Promote
20230807,1773573040570430 ,DE,,,1/1/00 0:00,,2.5234,7/8/23 13:49,0.54,Non-Auction Ads,Promote
20230807,1773513351215100 ,SA,,,1/1/00 0:00,0.8317,0.3887,7/8/23 13:49,0.54,Non-Auction Ads,Promote
20230807,1773577638236160 ,TH,,,1/1/00 0:00,8.48,1.2152,7/8/23 13:49,1.53,RIE,Promote Report Recall
20230807,1773578560430110 ,TH,TH,,1/1/00 0:00,,0.5872,7/8/23 13:49,1.64,Auction Ads,auction_relation
20230807,1773578682775610 ,SA,,,1/1/00 0:00,67.4601,12.9286,7/8/23 13:54,0.54,Non-Auction Ads,Promote
20230807,1773548423767090 ,ID,ID,,1/1/00 0:00,9.74,1.8692,7/8/23 13:50,1.8,Auction Ads,auction_relation
20230807,1773578254925880 ,KH,,,1/1/00 0:00,0.186,0.4113,7/8/23 13:49,0.54,Non-Auction Ads,Promote
20230807,1773577620618240 ,BR,,,1/1/00 0:00,0.9952,0.8126,7/8/23 13:49,0.54,Non-Auction Ads,Promote
20230807,1773571895552000 ,IT,,,1/1/00 0:00,6.0076,0.425,7/8/23 13:50,0.54,Non-Auction Ads,Promote
20230807,1773577491005440 ,BR,,,1/1/00 0:00,1.1737,0,7/8/23 13:50,0.54,Non-Auction Ads,Promote
20230807,1773577413120000 ,BR,,,1/1/00 0:00,0.9956,0.3808,7/8/23 13:50,0.54,Non-Auction Ads,Promote
20230807,1773577311744000 ,BR,,,1/1/00 0:00,1.3933,1.0944,7/8/23 13:51,0.54,Non-Auction Ads,Promote
20230807,1773578575587320 ,MY,MY,,1/1/00 0:00,8.03,0.4646,7/8/23 13:51,2.31,Auction Ads,auction_relation
20230807,1773577774172160 ,BR,,,1/1/00 0:00,1.0712,1.3506,7/8/23 13:51,0.54,Non-Auction Ads,Promote
20230807,1773575772162050 ,ID,,,1/1/00 0:00,0.7645,2.4003,7/8/23 13:52,0.54,Non-Auction Ads,Promote
20230807,1773575803739130 ,ID,,,1/1/00 0:00,0.1722,0.1724,7/8/23 13:51,0.54,Non-Auction Ads,Promote
20230807,1773575877711870 ,ID,,,1/1/00 0:00,0.1773,0.1559,7/8/23 13:51,0.54,Non-Auction Ads,Promote
20230807,1773575945444350 ,ID,,,1/1/00 0:00,0.2738,0.4648,7/8/23 13:51,0.54,Non-Auction Ads,Promote
20230807,1773578702817310 ,PE,Other,,1/1/00 0:00,2.81,4.7619,7/8/23 13:53,1.62,RIE,Ad Group Recall (Merged)
20230807,1773578227276800 ,PH,,,1/1/00 0:00,0.0815,0.1975,7/8/23 13:51,0.54,Non-Auction Ads,Promote
20230807,1773577559638020 ,BR,,,1/1/00 0:00,0.0246,0.5467,7/8/23 13:52,0.54,Non-Auction Ads,Promote
20230807,1773576271756280 ,ID,,,1/1/00 0:00,0.1655,0.3292,7/8/23 13:52,0.54,Non-Auction Ads,Promote
20230807,1773575242036240 ,US,USCA,,1/1/00 0:00,0.07,6.5336,7/8/23 13:55,1.78,Auction Ads,auction_relation
20230807,1773578375990270 ,KH,,,1/1/00 0:00,0.153,0.257,7/8/23 13:52,0.54,Non-Auction Ads,Promote
20230807,1773575015870480 ,KZ,KZ,,1/1/00 0:00,1.28,0,7/8/23 13:52,2,Auction Ads,auction_relation
20230807,1773578862654490 ,PE,PE,,1/1/00 0:00,1.9854,1.5261,7/8/23 13:53,1.68,Auction Ads,auction_all
20230807,1773578615008320 ,PT,,,1/1/00 0:00,2.7728,1.4744,7/8/23 13:54,1.53,RIE,Promote Report Recall
20230807,1773423097540610 ,SA,,,1/1/00 0:00,0.853,0.9864,7/8/23 13:54,0.54,Non-Auction Ads,Promote
20230807,1773577297649730 ,GB,,,1/1/00 0:00,8.8348,5.6376,7/8/23 13:56,0.54,Non-Auction Ads,Promote
20230807,1773576249966590 ,ID,,,1/1/00 0:00,0.1525,0.1876,7/8/23 13:54,0.54,Non-Auction Ads,Promote
20230807,1773577447022610 ,BR,,,1/1/00 0:00,1.1,0.2371,7/8/23 13:54,0.54,Non-Auction Ads,Promote
20230807,1773578313322500 ,BR,,,1/1/00 0:00,1.0549,0.8014,7/8/23 13:55,0.54,Non-Auction Ads,Promote
20230807,1773579977350190 ,GB,GB,,1/1/00 0:00,16.68,1.9161,7/8/23 13:56,1.76,Auction Ads,auction_relation
20230807,1773423281175550 ,SA,,,1/1/00 0:00,1.8766,0.9144,7/8/23 13:55,0.54,Non-Auction Ads,Promote
20230807,1773572267503620 ,IT,,,1/1/00 0:00,1.6285,1.275,7/8/23 13:55,0.54,Non-Auction Ads,Promote
20230807,1773560183272450 ,US,,,1/1/00 0:00,6.11,5.0142,7/8/23 13:57,0.54,Non-Auction Ads,Promote
20230807,1773575561303040 ,KZ,KZ,,1/1/00 0:00,7.19,0,7/8/23 13:56,2,Auction Ads,auction_relation
20230807,1773576260056060 ,ID,,,1/1/00 0:00,0.1587,0.2432,7/8/23 13:56,0.54,Non-Auction Ads,Promote
20230807,1773576365966380 ,US,USCA,,1/1/00 0:00,77.13,78.5863,7/8/23 14:13,1.78,Auction Ads,auction_relation
20230807,1773578603116550 ,IE,,,1/1/00 0:00,2.4868,0.7749,7/8/23 13:56,0.54,Non-Auction Ads,Promote
20230807,1773576537420800 ,ID,,,1/1/00 0:00,0.3312,0.3404,7/8/23 13:56,0.54,Non-Auction Ads,Promote
20230807,1773579216326700 ,IQ,Others,,1/1/00 0:00,6.3,3.29,7/8/23 13:57,1.56,Auction Ads,auction_all
20230807,1773578184043520 ,BR,,,1/1/00 0:00,4.8096,0.5771,7/8/23 13:56,0.54,Non-Auction Ads,Promote
20230807,1773578342568960 ,BR,,,1/1/00 0:00,1.0795,1.3975,7/8/23 13:57,0.54,Non-Auction Ads,Promote
20230807,1773578626717760 ,PH,,,1/1/00 0:00,0.21,0.2149,7/8/23 13:57,0.54,Non-Auction Ads,Promote
20230807,1773578325031940 ,BR,,,1/1/00 0:00,0.8906,0.5467,7/8/23 13:57,0.54,Non-Auction Ads,Promote
20230807,1773578654101500 ,PH,,,1/1/00 0:00,0.0785,0.5412,7/8/23 13:57,0.54,Non-Auction Ads,Promote
20230807,1773578211729410 ,BR,,,1/1/00 0:00,1.0302,0.8436,7/8/23 13:58,0.54,Non-Auction Ads,Promote
20230807,1773578874683390 ,SA,,,1/1/00 0:00,7.1757,2.041,7/8/23 13:58,1.53,RIE,Promote Report Recall
20230807,1773578685611010 ,PH,,,1/1/00 0:00,0.1848,0.1905,7/8/23 13:58,0.54,Non-Auction Ads,Promote
20230807,1773578941904900 ,GB,,,1/1/00 0:00,72.0571,7.4109,7/8/23 13:59,1.53,RIE,Promote Report Recall
20230807,1773575266636840 ,DE,DE,,1/1/00 0:00,6.19,1.4187,7/8/23 13:58,1.01,Auction Ads,auction_relation
20230807,1773575266636840 ,US,USCA,,1/1/00 0:00,6.19,1.4187,7/8/23 13:58,1.78,Auction Ads,auction_relation
20230807,1773575266636840 ,CA,USCA,,1/1/00 0:00,6.19,1.4187,7/8/23 13:58,1.78,Auction Ads,auction_relation
20230807,1773598249170960 ,US,USCA,,1/1/00 0:00,1.89,20.5416,7/8/23 14:00,1.78,Auction Ads,auction_relation
20230807,1773597685993490 ,US,USCA,,1/1/00 0:00,2.15,20.5416,7/8/23 14:00,1.78,Auction Ads,auction_relation
20230807,1773597934568490 ,US,USCA,,1/1/00 0:00,2.48,20.5416,7/8/23 14:00,1.78,Auction Ads,auction_relation
20230807,1773597174627330 ,US,USCA,,1/1/00 0:00,5.31,20.5416,7/8/23 14:00,1.78,Auction Ads,auction_relation
20230807,1773579161635840 ,PE,PE,,1/1/00 0:00,2.007,1.5261,7/8/23 13:58,1.68,Auction Ads,auction_all
20230807,1773578179263490 ,BR,,,1/1/00 0:00,5.9138,0.6416,7/8/23 13:58,0.54,Non-Auction Ads,Promote
20230807,1773577444284460 ,TH,TH,,1/1/00 0:00,0.5619,24.2019,7/8/23 14:00,1.64,Auction Ads,auction_relation
20230807,1773513666418690 ,SA,,,1/1/00 0:00,1.9834,1.7888,7/8/23 13:58,0.54,Non-Auction Ads,Promote
20230807,1773578080082950 ,BR,,,1/1/00 0:00,1.1942,0.2558,7/8/23 13:58,0.54,Non-Auction Ads,Promote
20230807,1773423405477880 ,SA,,,1/1/00 0:00,12.9333,2.2268,7/8/23 13:58,0.54,Non-Auction Ads,Promote
20230807,1773513770654720 ,SA,,,1/1/00 0:00,0.1226,1.7888,7/8/23 13:58,0.54,Non-Auction Ads,Promote
20230807,1773579132231710 ,TH,TH,,1/1/00 0:00,0.04,1.6,7/8/23 13:58,1.64,Auction Ads,auction_relation
20230807,1773577823806460 ,SE,,,1/1/00 0:00,1.9948,1.2693,7/8/23 13:59,0.54,Non-Auction Ads,Promote
20230807,1773578907300860 ,PH,,,1/1/00 0:00,0.1076,0.1009,7/8/23 13:59,0.54,Non-Auction Ads,Promote
20230807,1773577573935110 ,GB,,,1/1/00 0:00,2.3454,0.484,7/8/23 13:59,0.54,Non-Auction Ads,Promote
20230807,1773575384857650 ,SA,MENA,,1/1/00 0:00,,21.8958,7/8/23 14:00,1.78,Auction Ads,auction_relation
20230807,1773560335453200 ,US,,,1/1/00 0:00,0.02,2.7416,7/8/23 13:59,0.54,Non-Auction Ads,Promote
20230807,1773576116467710 ,ID,,,1/1/00 0:00,0.2126,0.2982,7/8/23 13:59,0.54,Non-Auction Ads,Promote
20230807,1773584415190030 ,JP,JP,,1/1/00 0:00,11.2277,265.6448,7/8/23 14:57,2.16,Auction Ads,auction_all
20230807,1773591904919600 ,US,USCA,,1/1/00 0:00,39.33,102.4201,7/8/23 14:23,1.78,Auction Ads,auction_relation
20230807,1773579117349900 ,MY,MY,,1/1/00 0:00,0.11,0.3976,7/8/23 13:59,2.31,Auction Ads,auction_relation
20230807,1773575348579370 ,AR,AR,,1/1/00 0:00,10.17,18.3004,7/8/23 14:00,2.23,Auction Ads,auction_all
20230807,1773575348579370 ,AR,AR,,1/1/00 0:00,10.17,18.3004,7/8/23 14:00,2.23,Auction Ads,auction_all
20230807,1773572978441210 ,TR,,,1/1/00 0:00,0.4151,0.1761,7/8/23 13:59,0.54,Non-Auction Ads,Promote
20230807,1773572971457530 ,TR,,,1/1/00 0:00,0.6854,0.3699,7/8/23 13:59,0.54,Non-Auction Ads,Promote
20230807,1773574217273360 ,US,US&CA,,1/1/00 0:00,28.55,13.2747,7/8/23 14:00,1.81,RIE,Ad Group Recall (Merged)
20230807,1773578116633610 ,ID,ID,,1/1/00 0:00,13.2884,12.7193,7/8/23 14:00,1.8,Auction Ads,auction_relation
20230807,1773594567770110 ,US,USCA,,1/1/00 0:00,2.36,9.2947,7/8/23 14:00,1.78,Auction Ads,auction_relation
20230807,1773594290766850 ,US,USCA,,1/1/00 0:00,2.04,9.2947,7/8/23 14:00,1.78,Auction Ads,auction_relation
20230807,1773593963397150 ,US,USCA,,1/1/00 0:00,4.03,9.2947,7/8/23 14:00,1.78,Auction Ads,auction_relation
20230807,1773594187508730 ,US,USCA,,1/1/00 0:00,6.58,9.2947,7/8/23 14:00,1.78,Auction Ads,auction_relation
20230807,1773594492631050 ,US,USCA,,1/1/00 0:00,2.47,9.2947,7/8/23 14:00,1.78,Auction Ads,auction_relation
20230807,1773578036773890 ,TH,,,1/1/00 0:00,5.37,9.9333,7/8/23 14:00,1.53,RIE,Promote Report Recall
20230807,1773579629940760 ,MX,MX,,1/1/00 0:00,6.1001,7.8104,7/8/23 14:00,1.99,Auction Ads,auction_all
20230807,1773576593566730 ,US,USCA,,1/1/00 0:00,55.5,78.5863,7/8/23 14:18,1.78,Auction Ads,auction_relation
20230807,1773584121450510 ,US,USCA,,1/1/00 0:00,10.76,6.1278,7/8/23 14:00,1.78,Auction Ads,auction_relation
20230807,1773561079858170 ,US,US&CA,,1/1/00 0:00,15.94,4.4106,7/8/23 14:00,1.81,RIE,Ad Group Recall (Merged)
20230807,1773535318410250 ,US,USCA,,1/1/00 0:00,22.48,4.39,7/8/23 14:00,1.78,Auction Ads,auction_relation
20230807,1773542036678650 ,US,USCA,,1/1/00 0:00,,4.39,7/8/23 14:00,1.78,Auction Ads,auction_relation
20230807,1773575178916860 ,CA,USCA,,1/1/00 0:00,1.76,3.8152,7/8/23 14:00,1.78,Auction Ads,auction_relation
20230807,1773575178912800 ,CA,USCA,,1/1/00 0:00,4.38,3.8152,7/8/23 14:00,1.78,Auction Ads,auction_relation
20230807,1773575178912800 ,US,USCA,,1/1/00 0:00,4.38,3.8152,7/8/23 14:00,1.78,Auction Ads,auction_relation
20230807,1773575188741120 ,CA,USCA,,1/1/00 0:00,3.13,3.8152,7/8/23 14:00,1.78,Auction Ads,auction_relation
20230807,1773575009918000 ,US,USCA,,1/1/00 0:00,15.61,3.8152,7/8/23 14:00,1.78,Auction Ads,auction_relation
20230807,1773575009918000 ,CA,USCA,,1/1/00 0:00,15.61,3.8152,7/8/23 14:00,1.78,Auction Ads,auction_relation
20230807,1773569692085280 ,MX,MX,,1/1/00 0:00,,6.665,7/8/23 14:00,1.99,Auction Ads,auction_all
20230807,1773585818987550 ,US,USCA,,1/1/00 0:00,1.47,6.1278,7/8/23 14:00,1.78,Auction Ads,auction_relation
20230807,1773580767743000 ,ID,ID,,1/1/00 0:00,,101.245,7/8/23 14:26,1.8,Auction Ads,auction_relation
20230807,1773580628733980 ,KR,KR,,1/1/00 0:00,0.1479,85.8321,7/8/23 14:21,2.37,Auction Ads,auction_relation
20230807,1773580118660120 ,BR,BR,,1/1/00 0:00,52.92,62.6349,7/8/23 14:15,1.7,RIE,Ad Group Recall (Merged)
20230807,1773580118660120 ,BR,BR,,1/1/00 0:00,52.92,62.6349,7/8/23 14:15,1.99,Auction Ads,auction_all
20230807,1773575633423390 ,IE,IE,,1/1/00 0:00,12,11.4122,7/8/23 14:01,1.52,Auction Ads,auction_relation
20230807,1773579175043070 ,TH,,,1/1/00 0:00,52.4,17.6883,7/8/23 14:04,0.54,Non-Auction Ads,Promote
20230807,1773575791699970 ,US,USCA,,1/1/00 0:00,8.71,19.6583,7/8/23 14:05,1.78,Auction Ads,auction_relation
20230807,1773578479517700 ,TH,,,1/1/00 0:00,13.21,1.0237,7/8/23 14:00,1.53,RIE,Promote Report Recall
20230807,1773578731236350 ,BR,,,1/1/00 0:00,1.6231,0.5372,7/8/23 14:00,0.54,Non-Auction Ads,Promote
20230807,1773575432470540 ,US,USCA,,1/1/00 0:00,2.29,8.1286,7/8/23 14:01,1.78,Auction Ads,auction_relation
20230807,1773578609569810 ,US,USCA,,1/1/00 0:00,169.63,145.7228,7/8/23 14:37,1.78,Auction Ads,auction_relation
20230807,1773579006821410 ,MY,MY,,1/1/00 0:00,,1.2776,7/8/23 14:00,2.31,Auction Ads,auction_relation
20230807,1773579115370510 ,MY,MY,,1/1/00 0:00,,1.2776,7/8/23 14:00,2.31,Auction Ads,auction_relation
20230807,1773514048786430 ,SA,,,1/1/00 0:00,1.5996,0.9236,7/8/23 14:00,0.54,Non-Auction Ads,Promote
20230807,1773577004584960 ,ES,ES,,1/1/00 0:00,,85.1804,7/8/23 14:23,1.37,Auction Ads,auction_relation
20230807,1773577004584960 ,ES,ES,,1/1/00 0:00,,85.1804,7/8/23 14:23,1.37,Auction Ads,auction_relation
20230807,1773579117377540 ,TR,,,1/1/00 0:00,1.7935,1.1365,7/8/23 14:01,1.53,RIE,Promote Report Recall
20230807,1773579025200120 ,TR,,,1/1/00 0:00,4.8921,1.0958,7/8/23 14:01,1.53,RIE,Promote Report Recall
20230807,1773573240897530 ,TR,,,1/1/00 0:00,,2.2502,7/8/23 14:01,0.54,Non-Auction Ads,Promote
20230807,1773573240897530 ,TR,,,1/1/00 0:00,,2.2502,7/8/23 14:01,0.54,Non-Auction Ads,Promote
20230807,1773576964736000 ,ID,,,1/1/00 0:00,0.1838,0.8452,7/8/23 14:01,0.54,Non-Auction Ads,Promote
20230807,1773579841006610 ,MY,MY,,1/1/00 0:00,2.345,1.4389,7/8/23 14:01,2.31,Auction Ads,auction_relation
20230807,1773424191510520 ,SA,,,1/1/00 0:00,2.8975,3.0544,7/8/23 14:02,0.54,Non-Auction Ads,Promote
20230807,1773577953159170 ,BR,,,1/1/00 0:00,1.0813,0.3381,7/8/23 14:01,0.54,Non-Auction Ads,Promote
20230807,1773579657891840 ,ID,ID,,1/1/00 0:00,5.93,8.3366,7/8/23 14:04,1.8,Auction Ads,auction_relation
20230807,1773578693647360 ,BR,,,1/1/00 0:00,2.4294,0.3379,7/8/23 14:02,0.54,Non-Auction Ads,Promote
20230807,1773561201645570 ,US,,,1/1/00 0:00,5.65,4.6971,7/8/23 14:03,0.54,Non-Auction Ads,Promote
20230807,1773576937539580 ,ID,,,1/1/00 0:00,0.3914,1.5818,7/8/23 14:02,0.54,Non-Auction Ads,Promote
20230807,1773576937539580 ,ID,,,1/1/00 0:00,0.3914,1.5818,7/8/23 14:02,0.54,Non-Auction Ads,Promote
20230807,1773580001031180 ,KZ,KZ,,1/1/00 0:00,13.52,11.3323,7/8/23 14:06,2,Auction Ads,auction_relation
20230807,1773568975798270 ,BE,,,1/1/00 0:00,1.2432,0,7/8/23 14:02,0.54,Non-Auction Ads,Promote
20230807,1773513996706810 ,SA,,,1/1/00 0:00,1.7806,1.7888,7/8/23 14:03,0.54,Non-Auction Ads,Promote
20230807,1773573102611450 ,TR,,,1/1/00 0:00,0.2836,0.2019,7/8/23 14:03,0.54,Non-Auction Ads,Promote
20230807,1773579172474880 ,TR,,,1/1/00 0:00,0.3905,0.1484,7/8/23 14:03,1.53,RIE,Promote Report Recall
20230807,1773579299057670 ,BR,,,1/1/00 0:00,18.1734,1.8205,7/8/23 14:03,0.54,Non-Auction Ads,Promote
20230807,1773536778146810 ,VN,,,1/1/00 0:00,0.3049,0.5131,7/8/23 14:03,0.54,Non-Auction Ads,Promote
20230807,1773575695565820 ,US,US&CA,,1/1/00 0:00,11.42,9.6778,7/8/23 14:06,1.81,RIE,Ad Group Recall (Merged)
20230807,1773580168293370 ,BR,BR,,1/1/00 0:00,15.8554,6.4801,7/8/23 14:05,1.99,Auction Ads,auction_all
20230807,1773576014124060 ,NL,NL,,1/1/00 0:00,10.23,11.4122,7/8/23 14:07,1.19,Auction Ads,auction_relation
20230807,1773576009740280 ,MY,,,1/1/00 0:00,0.1605,0.7966,7/8/23 14:04,0.54,Non-Auction Ads,Promote
20230807,1773579836538910 ,PE,PE,,1/1/00 0:00,,9.8603,7/8/23 14:06,1.68,Auction Ads,auction_all
20230807,1773579836538910 ,PE,PE,,1/1/00 0:00,,9.8603,7/8/23 14:06,1.68,Auction Ads,auction_all
20230807,1773579044459580 ,PH,,,1/1/00 0:00,0.2323,0.2873,7/8/23 14:04,0.54,Non-Auction Ads,Promote
20230807,1773575827965960 ,US,USCA,,1/1/00 0:00,,17.6232,7/8/23 14:08,1.78,Auction Ads,auction_relation
20230807,1773579348013060 ,GR,,,1/1/00 0:00,14.722,0.8714,7/8/23 14:04,0.54,Non-Auction Ads,Promote
20230807,1773537287929850 ,VN,,,1/1/00 0:00,0.5755,0.7169,7/8/23 14:04,0.54,Non-Auction Ads,Promote
20230807,1773579202126840 ,PH,,,1/1/00 0:00,0.0714,0.1459,7/8/23 14:05,0.54,Non-Auction Ads,Promote
20230807,1773575711717370 ,CZ,CZ,,1/1/00 0:00,,1.8408,7/8/23 14:05,1.9,Auction Ads,auction_relation
20230807,1773577382683640 ,ID,,,1/1/00 0:00,0.0431,0.863,7/8/23 14:05,0.54,Non-Auction Ads,Promote
20230807,1773576315887610 ,MY,,,1/1/00 0:00,0.2089,0.2635,7/8/23 14:05,0.54,Non-Auction Ads,Promote
20230807,1773579265713150 ,TH,,,1/1/00 0:00,1.26,9.1843,7/8/23 14:07,1.53,RIE,Promote Report Recall
20230807,1773580494904360 ,RO,RO,,1/1/00 0:00,0.03,44.26,7/8/23 14:17,1.94,Auction Ads,auction_relation
20230807,1773573517630460 ,TR,,,1/1/00 0:00,0.2052,0.1748,7/8/23 14:05,0.54,Non-Auction Ads,Promote
20230807,1773579345818630 ,EG,,,1/1/00 0:00,7.8233,2.2095,7/8/23 14:06,1.53,RIE,Promote Report Recall
20230807,1773577502236670 ,ID,,,1/1/00 0:00,0.3063,1.6231,7/8/23 14:06,0.54,Non-Auction Ads,Promote
20230807,1773575732067320 ,MY,,,1/1/00 0:00,0.1669,0.3306,7/8/23 14:05,0.54,Non-Auction Ads,Promote
20230807,1773576809872410 ,FR,FR,,1/1/00 0:00,14.0614,7.1893,7/8/23 14:07,1.97,Auction Ads,auction_relation
20230807,1773579483907070 ,TR,,,1/1/00 0:00,2.8856,1.9165,7/8/23 14:06,1.53,RIE,Promote Report Recall
20230807,1773567702941690 ,TH,,,1/1/00 0:00,0.6242,1.1052,7/8/23 14:07,0.54,Non-Auction Ads,Promote
20230807,1773579512246270 ,TR,,,1/1/00 0:00,4.2167,1.9165,7/8/23 14:07,1.53,RIE,Promote Report Recall
20230807,1773567732544510 ,TH,,,1/1/00 0:00,0.2969,0.5077,7/8/23 14:07,0.54,Non-Auction Ads,Promote
20230807,1773579827573810 ,TH,TH,,1/1/00 0:00,5.7375,5.5775,7/8/23 14:08,1.64,Auction Ads,auction_relation
20230807,1773537656083450 ,VN,,,1/1/00 0:00,0.2675,1.2982,7/8/23 14:07,0.54,Non-Auction Ads,Promote
20230807,1773577370274810 ,MY,,,1/1/00 0:00,0.1911,0.4178,7/8/23 14:07,0.54,Non-Auction Ads,Promote
20230807,1773577377803260 ,ID,,,1/1/00 0:00,0.2457,0.5679,7/8/23 14:07,0.54,Non-Auction Ads,Promote
20230807,1773577035692030 ,MY,,,1/1/00 0:00,0.8914,0.5016,7/8/23 14:07,0.54,Non-Auction Ads,Promote
20230807,1773579718081530 ,KW,,,1/1/00 0:00,39.7483,11.3577,7/8/23 14:10,0.54,Non-Auction Ads,Promote
20230807,1773424735910910 ,SA,,,1/1/00 0:00,1.9539,0.5467,7/8/23 14:08,0.54,Non-Auction Ads,Promote
20230807,1773571380827150 ,FR,,,1/1/00 0:00,3.6749,1.8628,7/8/23 14:08,0.54,Non-Auction Ads,Promote
20230807,1773537159394300 ,VN,,,1/1/00 0:00,0.3688,0.9349,7/8/23 14:08,0.54,Non-Auction Ads,Promote
20230807,1773424279242750 ,SA,,,1/1/00 0:00,0.7598,0.4321,7/8/23 14:08,0.54,Non-Auction Ads,Promote
20230807,1773567752633340 ,TH,,,1/1/00 0:00,0.2112,0.4607,7/8/23 14:08,0.54,Non-Auction Ads,Promote
20230807,1773515141475330 ,SA,,,1/1/00 0:00,13.072,2.437,7/8/23 14:08,0.54,Non-Auction Ads,Promote
20230807,1773579918758940 ,DE,DE,,1/1/00 0:00,1.15,14.4624,7/8/23 14:12,1.01,Auction Ads,auction_relation
20230807,1773579586995200 ,TR,,,1/1/00 0:00,0.4174,1.3617,7/8/23 14:08,1.53,RIE,Promote Report Recall
20230807,1773580663940110 ,US,USCA,,1/1/00 0:00,,47.4605,7/8/23 14:21,1.78,Auction Ads,auction_relation
20230807,1773579698657290 ,TH,TH,,1/1/00 0:00,,3.488,7/8/23 14:09,1.64,Auction Ads,auction_relation
20230807,1773579526409210 ,VN,,,1/1/00 0:00,0.1189,0.2802,7/8/23 14:08,1.53,RIE,Promote Report Recall
20230807,1773575199466530 ,DE,,,1/1/00 0:00,2.4865,3.4748,7/8/23 14:10,0.54,Non-Auction Ads,Promote
20230807,1773576295796830 ,KZ,KZ,,1/1/00 0:00,8.18,8.0488,7/8/23 14:11,2,Auction Ads,auction_relation
20230807,1773567348172860 ,ES,,,1/1/00 0:00,3.092,2.8966,7/8/23 14:10,0.54,Non-Auction Ads,Promote
20230807,1773567863761920 ,TH,,,1/1/00 0:00,0.1697,0.0955,7/8/23 14:08,0.54,Non-Auction Ads,Promote
20230807,1773537662308350 ,VN,,,1/1/00 0:00,0.1602,0.2238,7/8/23 14:09,0.54,Non-Auction Ads,Promote
20230807,1773576806546480 ,GB,GB,,1/1/00 0:00,22.9482,17.8067,7/8/23 14:14,1.76,Auction Ads,auction_relation
20230807,1773576398752780 ,US,USCA,,1/1/00 0:00,11.02,11.4122,7/8/23 14:13,1.78,Auction Ads,auction_relation
20230807,1773579748296730 ,PK,PK,,1/1/00 0:00,0.29,0.2725,7/8/23 14:09,1.36,Auction Ads,auction_relation
20230807,1773520581022720 ,KW,,,1/1/00 0:00,2.0206,0.7357,7/8/23 14:10,0.54,Non-Auction Ads,Promote
20230807,1773581096432670 ,BR,BR,,1/1/00 0:00,,27.2469,7/8/23 14:16,1.99,Auction Ads,auction_all
20230807,1773579308461050 ,ID,,,1/1/00 0:00,7.7195,0.3114,7/8/23 14:10,0.54,Non-Auction Ads,Promote
20230807,1773579782048800 ,IQ,Others,,1/1/00 0:00,16.74,1.0586,7/8/23 14:10,1.56,Auction Ads,auction_all
20230807,1773579409668100 ,TH,,,1/1/00 0:00,7.85,1.4465,7/8/23 14:10,1.53,RIE,Promote Report Recall
20230807,1773571013459970 ,FR,,,1/1/00 0:00,9.4624,3.1162,7/8/23 14:11,0.54,Non-Auction Ads,Promote
20230807,1773538008971260 ,VN,,,1/1/00 0:00,0.2856,0.4204,7/8/23 14:11,0.54,Non-Auction Ads,Promote
20230807,1773581694366730 ,BR,BR,,1/1/00 0:00,,0.9139,7/8/23 14:11,1.99,Auction Ads,auction_all
20230807,1773576070703100 ,IE,IE,,1/1/00 0:00,9.01,2.9507,7/8/23 14:12,1.52,Auction Ads,auction_relation
20230807,1773571900457990 ,BE,,,1/1/00 0:00,1.3863,0,7/8/23 14:11,0.54,Non-Auction Ads,Promote
20230807,1773577803691010 ,ID,,,1/1/00 0:00,0.426,0.4194,7/8/23 14:11,0.54,Non-Auction Ads,Promote
20230807,1773521586501630 ,KW,,,1/1/00 0:00,3.9663,1.8694,7/8/23 14:11,0.54,Non-Auction Ads,Promote
20230807,1773577803521020 ,ID,,,1/1/00 0:00,0.1197,0.1725,7/8/23 14:11,0.54,Non-Auction Ads,Promote
20230807,1773521616041980 ,KW,,,1/1/00 0:00,7.5517,1.8694,7/8/23 14:12,0.54,Non-Auction Ads,Promote
20230807,1773561647407140 ,US,,,1/1/00 0:00,2.38,5.0033,7/8/23 14:13,0.54,Non-Auction Ads,Promote
20230807,1773567324634110 ,ES,,,1/1/00 0:00,1.298,0.3551,7/8/23 14:12,0.54,Non-Auction Ads,Promote
20230807,1773425348205560 ,SA,,,1/1/00 0:00,3.6385,0.5467,7/8/23 14:12,0.54,Non-Auction Ads,Promote
20230807,1773575685587970 ,DE,,,1/1/00 0:00,9.6606,4.1011,7/8/23 14:13,0.54,Non-Auction Ads,Promote
20230807,1773577977636860 ,ID,,,1/1/00 0:00,0.2129,1.0228,7/8/23 14:12,0.54,Non-Auction Ads,Promote
20230807,1773577040292860 ,MY,,,1/1/00 0:00,0.2373,0.3764,7/8/23 14:13,0.54,Non-Auction Ads,Promote
20230807,1773579943736360 ,GB,GB,,1/1/00 0:00,,1.7045,7/8/23 14:13,1.76,Auction Ads,auction_relation
20230807,1773577973445630 ,ID,,,1/1/00 0:00,0.5018,0.199,7/8/23 14:13,0.54,Non-Auction Ads,Promote
20230807,1773567844445180 ,TH,,,1/1/00 0:00,0.3743,0.5576,7/8/23 14:13,0.54,Non-Auction Ads,Promote
20230807,1773576226096140 ,US,USCA,,1/1/00 0:00,8.03,8.1286,7/8/23 14:14,1.78,Auction Ads,auction_relation
20230807,1773579869572100 ,FR,,,1/1/00 0:00,32.0409,5.7576,7/8/23 14:14,0.54,Non-Auction Ads,Promote
20230807,1773580368640050 ,ID,ID,,1/1/00 0:00,7.64,16.3576,7/8/23 14:17,1.8,Auction Ads,auction_relation
20230807,1773576952033280 ,ID,,,1/1/00 0:00,0.1996,0.1951,7/8/23 14:13,0.54,Non-Auction Ads,Promote
20230807,1773580006386740 ,IT,,,1/1/00 0:00,16.2401,7.7506,7/8/23 14:15,0.54,Non-Auction Ads,Promote
20230807,1773579849439230 ,ES,,,1/1/00 0:00,0.825,0.3633,7/8/23 14:13,1.53,RIE,Promote Report Recall
20230807,1773580227177470 ,GB,GB,,1/1/00 0:00,3.73,16.7489,7/8/23 14:17,1.76,Auction Ads,auction_relation
20230807,1773579947106310 ,US,,,1/1/00 0:00,5.1,2.5972,7/8/23 14:14,1.53,RIE,Promote Report Recall
20230807,1773595097075720 ,US,USCA,,1/1/00 0:00,1.95,5.9339,7/8/23 14:15,1.78,Auction Ads,auction_relation
20230807,1773580031668220 ,SA,,,1/1/00 0:00,30.0357,11.6886,7/8/23 14:16,0.54,Non-Auction Ads,Promote
20230807,1773579419570180 ,NL,,,1/1/00 0:00,3.0038,5.2423,7/8/23 14:15,0.54,Non-Auction Ads,Promote
20230807,1773573497480190 ,TR,,,1/1/00 0:00,0.4721,0.1546,7/8/23 14:14,0.54,Non-Auction Ads,Promote
20230807,1773580038400000 ,KW,,,1/1/00 0:00,39.2344,10.5058,7/8/23 14:16,0.54,Non-Auction Ads,Promote
20230807,1773515810304000 ,SA,,,1/1/00 0:00,3.5558,1.2062,7/8/23 14:14,0.54,Non-Auction Ads,Promote
20230807,1773579888538620 ,SA,,,1/1/00 0:00,25.6323,1.6199,7/8/23 14:14,0.54,Non-Auction Ads,Promote
20230807,1773579183981570 ,NL,,,1/1/00 0:00,6.5687,2.8465,7/8/23 14:15,0.54,Non-Auction Ads,Promote
20230807,1773576970806270 ,FI,Others,,1/1/00 0:00,8.417,18.6986,7/8/23 14:19,1.56,Auction Ads,auction_all
20230807,1773579289025580 ,BR,,,1/1/00 0:00,1.0981,0.5547,7/8/23 14:14,0.54,Non-Auction Ads,Promote
20230807,1773580110490640 ,ID,ID,,1/1/00 0:00,,0.0127,7/8/23 14:15,1.8,Auction Ads,auction_relation
20230807,1773578133019650 ,ID,,,1/1/00 0:00,0.1801,0.4492,7/8/23 14:15,0.54,Non-Auction Ads,Promote
20230807,1773580086387710 ,KH,,,1/1/00 0:00,5.4544,2.6314,7/8/23 14:16,0.54,Non-Auction Ads,Promote
20230807,1773577958389760 ,ID,,,1/1/00 0:00,0.1427,0.4455,7/8/23 14:15,0.54,Non-Auction Ads,Promote
20230807,1773578166739970 ,ID,,,1/1/00 0:00,0.4908,0.5829,7/8/23 14:15,0.54,Non-Auction Ads,Promote
20230807,1773568299155460 ,ES,,,1/1/00 0:00,1.4194,0.7008,7/8/23 14:16,0.54,Non-Auction Ads,Promote
20230807,1773580012889090 ,CA,,,1/1/00 0:00,3.9777,2.8645,7/8/23 14:16,1.53,RIE,Promote Report Recall
20230807,1773580185844730 ,MX,MX,,1/1/00 0:00,3.12,1.2665,7/8/23 14:16,1.99,Auction Ads,auction_all
20230807,1773579297390590 ,BR,,,1/1/00 0:00,1.0199,0.4076,7/8/23 14:16,0.54,Non-Auction Ads,Promote
20230807,1773576770245650 ,BE,BE,,1/1/00 0:00,11.34,11.4122,7/8/23 14:19,1.15,Auction Ads,auction_relation
20230807,1773580220336170 ,PH,PH,,1/1/00 0:00,0.63,0.4676,7/8/23 14:16,2.46,Auction Ads,auction_relation
20230807,1773578241335290 ,MY,,,1/1/00 0:00,0.1933,1.6248,7/8/23 14:17,0.54,Non-Auction Ads,Promote
20230807,1773577056185370 ,HU,Other,,1/1/00 0:00,12.7397,10.8092,7/8/23 14:19,1.62,RIE,Ad Group Recall (Merged)
20230807,1773515768552440 ,SA,,,1/1/00 0:00,1.7912,3.0516,7/8/23 14:18,0.54,Non-Auction Ads,Promote
20230807,1773576798300160 ,DE,,,1/1/00 0:00,6.7667,3.1476,7/8/23 14:18,0.54,Non-Auction Ads,Promote
20230807,1773579545304100 ,BR,,,1/1/00 0:00,0.9975,0.6094,7/8/23 14:17,0.54,Non-Auction Ads,Promote
20230807,1773580355009550 ,PK,PK,,1/1/00 0:00,,0.1794,7/8/23 14:17,1.36,Auction Ads,auction_relation
20230807,1773580053591040 ,TR,,,1/1/00 0:00,8.0522,1.3974,7/8/23 14:18,1.53,RIE,Promote Report Recall
20230807,1773425587415040 ,SA,,,1/1/00 0:00,0.8718,0.8291,7/8/23 14:18,0.54,Non-Auction Ads,Promote
20230807,1773578500042750 ,ID,,,1/1/00 0:00,0.1367,0.2741,7/8/23 14:18,0.54,Non-Auction Ads,Promote
20230807,1773577266715680 ,AU,AU,,1/1/00 0:00,0.23,35.2383,7/8/23 14:27,1.84,Auction Ads,auction_relation
20230807,1773577266715680 ,AU,AU,,1/1/00 0:00,0.23,35.2383,7/8/23 14:27,1.84,RIE,Ad Group Recall (Merged)
20230807,1773578311582720 ,MY,,,1/1/00 0:00,0.1671,0.2746,7/8/23 14:18,0.54,Non-Auction Ads,Promote
20230807,1773580396982300 ,AU,AU,,1/1/00 0:00,1.06,7.9904,7/8/23 14:20,1.84,Auction Ads,auction_relation
20230807,1773580977877010 ,SA,MENA,,1/1/00 0:00,52.6375,0,7/8/23 14:18,1.67,RIE,Ad Group Recall (Merged)
20230807,1773580433037390 ,ES,ES,,1/1/00 0:00,12.62,11.5898,7/8/23 14:21,1.37,Auction Ads,auction_relation
20230807,1773580215543850 ,TH,TH,,1/1/00 0:00,,0,7/8/23 14:18,1.64,Auction Ads,auction_relation
20230807,1773578594733050 ,MY,,,1/1/00 0:00,1.8399,0.2766,7/8/23 14:18,0.54,Non-Auction Ads,Promote
20230807,1773425825350650 ,SA,,,1/1/00 0:00,0.6051,0.6737,7/8/23 14:18,0.54,Non-Auction Ads,Promote
20230807,1773580175345670 ,FR,,,1/1/00 0:00,3.2457,1.0112,7/8/23 14:18,1.53,RIE,Promote Report Recall
20230807,1773579567216640 ,PH,,,1/1/00 0:00,0.0557,0.08,7/8/23 14:18,0.54,Non-Auction Ads,Promote
20230807,1773580244171780 ,TH,,,1/1/00 0:00,4.26,1.3411,7/8/23 14:19,1.53,RIE,Promote Report Recall
20230807,1773579365307390 ,DE,,,1/1/00 0:00,8.2411,3.173,7/8/23 14:19,0.54,Non-Auction Ads,Promote
20230807,1773577635552250 ,ID,,,1/1/00 0:00,0.1725,0.4181,7/8/23 14:19,0.54,Non-Auction Ads,Promote
20230807,1773580283671560 ,NZ,NZ,,1/1/00 0:00,10.5,1.5171,7/8/23 14:19,1.58,Auction Ads,auction_relation
20230807,1773580283671560 ,GB,GB,,1/1/00 0:00,10.5,1.5171,7/8/23 14:19,1.76,Auction Ads,auction_relation
20230807,1773580283671560 ,AU,AU,,1/1/00 0:00,10.5,1.5171,7/8/23 14:19,1.84,Auction Ads,auction_relation
20230807,1773584308707370 ,SE,SE,,1/1/00 0:00,,1.2814,7/8/23 14:20,1.4,Auction Ads,auction_relation
20230807,1773584308707370 ,SE,Other,,1/1/00 0:00,,1.2814,7/8/23 14:20,1.62,RIE,Ad Group Recall (Merged)
20230807,1773579497135120 ,BR,,,1/1/00 0:00,3.9706,1.1438,7/8/23 14:20,0.54,Non-Auction Ads,Promote
20230807,1773579807667200 ,DE,,,1/1/00 0:00,8.2632,2.2213,7/8/23 14:20,0.54,Non-Auction Ads,Promote
20230807,1773587516600320 ,US,USCA,,1/1/00 0:00,477.1,794.689,7/8/23 16:59,1.78,Auction Ads,auction_relation
20230807,1773576992035870 ,GB,GB,,1/1/00 0:00,28.7488,17.8067,7/8/23 14:26,1.76,Auction Ads,auction_relation
20230807,1773577004369970 ,GB,GB,,1/1/00 0:00,19.6461,17.8067,7/8/23 14:26,1.76,Auction Ads,auction_relation
20230807,1773577004381230 ,GB,GB,,1/1/00 0:00,24.4014,17.8067,7/8/23 14:26,1.76,Auction Ads,auction_relation
20230807,1773580414098480 ,ID,ID,,1/1/00 0:00,,0.0127,7/8/23 14:20,1.8,Auction Ads,auction_relation
20230807,1773580366391300 ,CZ,,,1/1/00 0:00,1.7876,1.2252,7/8/23 14:20,1.53,RIE,Promote Report Recall
20230807,1773540357554180 ,FI,,,1/1/00 0:00,2.6736,0,7/8/23 14:20,0.54,Non-Auction Ads,Promote
20230807,1773578226560000 ,ID,,,1/1/00 0:00,0.2652,0.295,7/8/23 14:20,0.54,Non-Auction Ads,Promote
20230807,1773577954934810 ,US,USCA,,1/1/00 0:00,12.07,47.7973,7/8/23 14:32,1.78,Auction Ads,auction_relation
20230807,1773568079883260 ,TH,,,1/1/00 0:00,0.4027,1.7778,7/8/23 14:21,0.54,Non-Auction Ads,Promote
20230807,1773578562538490 ,ID,,,1/1/00 0:00,0.4639,0.3318,7/8/23 14:21,0.54,Non-Auction Ads,Promote
20230807,1773580110705690 ,CA,US&CA,,1/1/00 0:00,116.97,21.2746,7/8/23 14:26,1.81,RIE,Ad Group Recall (Merged)
20230807,1773580110705690 ,GB,GB,,1/1/00 0:00,116.97,21.2746,7/8/23 14:26,1.76,Auction Ads,auction_relation
20230807,1773578938719230 ,MY,,,1/1/00 0:00,0.1011,0.4517,7/8/23 14:21,0.54,Non-Auction Ads,Promote
20230807,1773580299420720 ,PL,PL,,1/1/00 0:00,6.89,2.353,7/8/23 14:21,1.64,Auction Ads,auction_relation
20230807,1773580453482490 ,PL,PL,,1/1/00 0:00,3.4,2.353,7/8/23 14:21,1.64,Auction Ads,auction_relation
20230807,1773580449834010 ,PL,PL,,1/1/00 0:00,2.54,2.353,7/8/23 14:21,1.64,Auction Ads,auction_relation
20230807,1773578403201020 ,ID,,,1/1/00 0:00,0.3391,0.3197,7/8/23 14:21,0.54,Non-Auction Ads,Promote
20230807,1773580690645010 ,FR,FR,,1/1/00 0:00,6.16,11.5898,7/8/23 14:25,1.97,Auction Ads,auction_relation
20230807,1773580871563290 ,TW,TW,,1/1/00 0:00,0,2.147,7/8/23 14:22,0.95,Auction Ads,auction_relation
20230807,1773580420221970 ,PL,PL,,1/1/00 0:00,14.65,2.0991,7/8/23 14:22,1.84,RIE,Ad Group Recall (Merged)
20230807,1773580547317810 ,PK,PK,,1/1/00 0:00,2.72,0.2413,7/8/23 14:22,1.36,Auction Ads,auction_relation
20230807,1773580422610950 ,BR,,,1/1/00 0:00,0.5294,0.3773,7/8/23 14:22,1.53,RIE,Promote Report Recall
20230807,1773580914332690 ,TW,TW,,1/1/00 0:00,,2.2539,7/8/23 14:23,0.95,Auction Ads,auction_relation
20230807,1773579035741180 ,MY,,,1/1/00 0:00,0.5291,0.8995,7/8/23 14:22,0.54,Non-Auction Ads,Promote
20230807,1773516951236610 ,SA,,,1/1/00 0:00,5.3949,2.4796,7/8/23 14:23,0.54,Non-Auction Ads,Promote
20230807,1773580165976060 ,KH,,,1/1/00 0:00,0.0765,0.1632,7/8/23 14:23,0.54,Non-Auction Ads,Promote
20230807,1773580416929810 ,TH,,,1/1/00 0:00,8.78,2.4388,7/8/23 14:23,1.53,RIE,Promote Report Recall
20230807,1773580610555950 ,PK,PK,,1/1/00 0:00,0,0.5747,7/8/23 14:23,1.36,Auction Ads,auction_relation
20230807,1773574138776580 ,FR,,,1/1/00 0:00,1.9255,1.9525,7/8/23 14:23,0.54,Non-Auction Ads,Promote
20230807,1773580690647090 ,MY,MY,,1/1/00 0:00,0.1364,5.2037,7/8/23 14:25,2.31,Auction Ads,auction_relation
20230807,1773579138826240 ,MY,,,1/1/00 0:00,0.1737,0.4933,7/8/23 14:23,0.54,Non-Auction Ads,Promote
20230807,1773576696698890 ,FR,FR,,1/1/00 0:00,,7.1893,7/8/23 14:26,1.97,Auction Ads,auction_relation
20230807,1773579018451970 ,TH,,,1/1/00 0:00,10.06,2.4189,7/8/23 14:24,1.53,RIE,Promote Report Recall
20230807,1773580748848140 ,DE,DE,,1/1/00 0:00,2.82,11.5898,7/8/23 14:26,1.01,Auction Ads,auction_relation
20230807,1773581227324430 ,MX,MX,,1/1/00 0:00,,8.554,7/8/23 14:26,1.99,Auction Ads,auction_all
20230807,1773580442759160 ,KW,,,1/1/00 0:00,16.4955,0,7/8/23 14:24,0.54,Non-Auction Ads,Promote
20230807,1773574658887680 ,TR,,,1/1/00 0:00,0.3961,0.2709,7/8/23 14:24,0.54,Non-Auction Ads,Promote
20230807,1773580347504640 ,TH,,,1/1/00 0:00,5.78,1.2707,7/8/23 14:24,1.53,RIE,Promote Report Recall
20230807,1773580967016480 ,MY,MY,,1/1/00 0:00,0.3,0.3976,7/8/23 14:24,2.31,Auction Ads,auction_relation
20230807,1773580537367550 ,TH,,,1/1/00 0:00,8.19,1.4288,7/8/23 14:24,1.53,RIE,Promote Report Recall
20230807,1773580889168890 ,MY,MY,,1/1/00 0:00,0.03,0.3976,7/8/23 14:24,2.31,Auction Ads,auction_relation
20230807,1773515503851520 ,SA,,,1/1/00 0:00,2.4224,2.9244,7/8/23 14:26,0.54,Non-Auction Ads,Promote
20230807,1773577570874360 ,HU,Other,,1/1/00 0:00,3.3397,3.453,7/8/23 14:26,1.62,RIE,Ad Group Recall (Merged)
20230807,1773580115995650 ,GB,,,1/1/00 0:00,2.1161,1.8695,7/8/23 14:26,0.54,Non-Auction Ads,Promote
20230807,1773580632040440 ,IL,,,1/1/00 0:00,31.5391,7.954,7/8/23 14:27,0.54,Non-Auction Ads,Promote
20230807,1773581257731090 ,MY,MY,,1/1/00 0:00,,7.9166,7/8/23 14:27,2.31,Auction Ads,auction_relation
20230807,1773581541685250 ,TW,TW,,1/1/00 0:00,,51.4194,7/8/23 14:37,0.95,Auction Ads,auction_relation
20230807,1773579234769920 ,JP,,,1/1/00 0:00,1.2897,1.2409,7/8/23 14:26,0.54,Non-Auction Ads,Promote
20230807,1773580804661280 ,PK,PK,,1/1/00 0:00,0.5,0.5747,7/8/23 14:26,1.36,Auction Ads,auction_relation
20230807,1773516985744380 ,SA,,,1/1/00 0:00,2.1965,1.6595,7/8/23 14:26,0.54,Non-Auction Ads,Promote
20230807,1773577175645210 ,US,USCA,,1/1/00 0:00,,8.046,7/8/23 14:28,1.78,Auction Ads,auction_relation
20230807,1773577144040480 ,FR,FR,,1/1/00 0:00,,7.1893,7/8/23 14:28,1.97,Auction Ads,auction_relation
20230807,1773580768386040 ,MY,MY,,1/1/00 0:00,0.9687,3.6322,7/8/23 14:27,2.31,Auction Ads,auction_relation
20230807,1773578441587710 ,ID,,,1/1/00 0:00,0.5126,0.3606,7/8/23 14:26,0.54,Non-Auction Ads,Promote
20230807,1773578825034750 ,ID,,,1/1/00 0:00,0.2075,0.5699,7/8/23 14:26,0.54,Non-Auction Ads,Promote
20230807,1773577573583920 ,ID,ID,,1/1/00 0:00,13.3319,14.7778,7/8/23 14:30,1.8,Auction Ads,auction_relation
20230807,1773577573583920 ,ID,ID,,1/1/00 0:00,13.3319,14.7778,7/8/23 14:30,1.8,Auction Ads,auction_relation
20230807,1773579794548730 ,MY,,,1/1/00 0:00,1.4184,1.0785,7/8/23 14:26,0.54,Non-Auction Ads,Promote
20230807,1773577517343740 ,ZA,ZA,,1/1/00 0:00,9.9356,1.9896,7/8/23 14:27,1.4,Auction Ads,auction_relation
20230807,1773579596838910 ,BR,,,1/1/00 0:00,3.6546,0.3277,7/8/23 14:27,0.54,Non-Auction Ads,Promote
20230807,1773580555128830 ,IL,,,1/1/00 0:00,3.224,2.5226,7/8/23 14:28,0.54,Non-Auction Ads,Promote
20230807,1773582082188330 ,KR,KR,,1/1/00 0:00,1.017,85.8321,7/8/23 14:43,2.37,Auction Ads,auction_relation
20230807,1773581187959840 ,TH,TH,,1/1/00 0:00,0.4072,3.2055,7/8/23 14:28,1.64,Auction Ads,auction_relation
20230807,1773560675385390 ,GB,GB,,1/1/00 0:00,15.52,8.5993,7/8/23 14:30,1.76,Auction Ads,auction_relation
20230807,1773563748628500 ,US,,,1/1/00 0:00,44.96,18.513,7/8/23 14:31,0.54,Non-Auction Ads,Promote
20230807,1773426873334780 ,SA,,,1/1/00 0:00,1.8392,1.0664,7/8/23 14:28,0.54,Non-Auction Ads,Promote
20230807,1773577480481840 ,US,USCA,,1/1/00 0:00,,4.6203,7/8/23 14:29,1.78,Auction Ads,auction_relation
20230807,1773525203470400 ,KW,,,1/1/00 0:00,1.8516,1.6158,7/8/23 14:28,0.54,Non-Auction Ads,Promote
20230807,1773577626196000 ,ES,ES,,1/1/00 0:00,13.3905,23.9082,7/8/23 14:32,1.79,RIE,Ad Group Recall (Merged)
20230807,1773577626196000 ,ES,ES,,1/1/00 0:00,13.3905,23.9082,7/8/23 14:32,1.37,Auction Ads,auction_relation
20230807,1773566102247450 ,FR,FR,,1/1/00 0:00,,15.8459,7/8/23 14:30,1.97,Auction Ads,auction_relation
20230807,1773577764274170 ,GB,GB,,1/1/00 0:00,35.61,35.2383,7/8/23 14:35,1.72,RIE,Ad Group Recall (Merged)
20230807,1773577764274170 ,GB,GB,,1/1/00 0:00,35.61,35.2383,7/8/23 14:35,1.76,Auction Ads,auction_relation
20230807,1773581252962350 ,IQ,Others,,1/1/00 0:00,5,6.105,7/8/23 14:29,1.56,Auction Ads,auction_all
20230807,1773568217553920 ,TH,,,1/1/00 0:00,0.4019,0.3471,7/8/23 14:28,0.54,Non-Auction Ads,Promote
20230807,1773426865132540 ,SA,,,1/1/00 0:00,1.8018,2.6931,7/8/23 14:29,0.54,Non-Auction Ads,Promote
20230807,1773574904298490 ,TR,,,1/1/00 0:00,0.1878,0.0876,7/8/23 14:28,0.54,Non-Auction Ads,Promote
20230807,1773578769382400 ,ID,,,1/1/00 0:00,0.5177,0.4885,7/8/23 14:28,0.54,Non-Auction Ads,Promote
20230807,1773580892243960 ,VN,,,1/1/00 0:00,4.2332,1.382,7/8/23 14:29,1.53,RIE,Promote Report Recall
20230807,1773563836642300 ,US,,,1/1/00 0:00,21.25,14.8234,7/8/23 14:31,0.54,Non-Auction Ads,Promote
20230807,1773580847731810 ,US,USCA,,1/1/00 0:00,,22.7535,7/8/23 14:33,1.78,Auction Ads,auction_relation
20230807,1773577387137040 ,PL,PL,,1/1/00 0:00,13.6506,18.7043,7/8/23 14:32,1.64,Auction Ads,auction_relation
20230807,1773574956611580 ,TR,,,1/1/00 0:00,2.5048,0.378,7/8/23 14:29,0.54,Non-Auction Ads,Promote
20230807,1773580395257860 ,DE,,,1/1/00 0:00,17.8249,1.9529,7/8/23 14:29,0.54,Non-Auction Ads,Promote
20230807,1773580759042050 ,BR,,,1/1/00 0:00,1.104,0.658,7/8/23 14:29,1.53,RIE,Promote Report Recall
20230807,1773611072693280 ,NZ,Other,,1/1/00 0:00,47.85,6.9993,7/8/23 14:30,1.62,RIE,Ad Group Recall (Merged)
20230807,1773581038136350 ,MY,MY,,1/1/00 0:00,0.01,0.3976,7/8/23 14:29,2.31,Auction Ads,auction_relation
20230807,1773580582095870 ,PL,,,1/1/00 0:00,1.8155,0.5386,7/8/23 14:30,0.54,Non-Auction Ads,Promote
20230807,1773580504167450 ,GB,GB,,1/1/00 0:00,,21.2746,7/8/23 14:34,1.76,Auction Ads,auction_relation
20230807,1773581133802490 ,PT,PT,,1/1/00 0:00,5.21,11.5898,7/8/23 14:32,1.98,Auction Ads,auction_relation
20230807,1773580990672940 ,TW,TW,,1/1/00 0:00,,2.2539,7/8/23 14:30,0.95,Auction Ads,auction_relation
20230807,1773580973287470 ,TW,TW,,1/1/00 0:00,,2.2539,7/8/23 14:30,0.95,Auction Ads,auction_relation
20230807,1773580973297680 ,TW,TW,,1/1/00 0:00,,2.2539,7/8/23 14:30,0.95,Auction Ads,auction_relation
20230807,1773580961770540 ,TW,TW,,1/1/00 0:00,,2.2539,7/8/23 14:30,0.95,Auction Ads,auction_relation
20230807,1773580990691370 ,TW,TW,,1/1/00 0:00,,2.2539,7/8/23 14:30,0.95,Auction Ads,auction_relation
20230807,1773580990683150 ,TW,TW,,1/1/00 0:00,,2.2539,7/8/23 14:30,0.95,Auction Ads,auction_relation
20230807,1773580973279250 ,TW,TW,,1/1/00 0:00,,2.2539,7/8/23 14:30,0.95,Auction Ads,auction_relation
20230807,1773547425497120 ,JP,JP,,1/1/00 0:00,11.4677,150.5558,7/8/23 15:00,2.16,Auction Ads,auction_all
20230807,1773579864177660 ,BR,,,1/1/00 0:00,1.1346,0.6836,7/8/23 14:30,0.54,Non-Auction Ads,Promote
20230807,1773573279440900 ,ES,,,1/1/00 0:00,2.5416,2.7913,7/8/23 14:30,0.54,Non-Auction Ads,Promote
20230807,1773580968559630 ,EG,,,1/1/00 0:00,0.526,0.7567,7/8/23 14:30,1.53,RIE,Promote Report Recall
20230807,1773578218518560 ,US,USCA,,1/1/00 0:00,10.97,16.5871,7/8/23 14:33,1.78,Auction Ads,auction_relation
20230807,1773581005077500 ,IL,,,1/1/00 0:00,58.0583,6.0534,7/8/23 14:31,0.54,Non-Auction Ads,Promote
20230807,1773581066737660 ,MY,MY,,1/1/00 0:00,,0.806,7/8/23 14:30,2.31,Auction Ads,auction_relation
20230807,1773581061788670 ,MY,MY,,1/1/00 0:00,5.65,0.806,7/8/23 14:30,2.31,Auction Ads,auction_relation
20230807,1773580138667010 ,IT,,,1/1/00 0:00,,1.7786,7/8/23 14:30,0.54,Non-Auction Ads,Promote
20230807,1773581183773710 ,TH,TH,,1/1/00 0:00,1.8,2.7984,7/8/23 14:31,1.64,Auction Ads,auction_relation
20230807,1773426866093050 ,SA,,,1/1/00 0:00,3.7131,0.7108,7/8/23 14:30,0.54,Non-Auction Ads,Promote
20230807,1773581158339600 ,KR,KR,,1/1/00 0:00,0.55,0.3,7/8/23 14:31,2.37,Auction Ads,auction_relation
20230807,1773578016955440 ,AU,AU,,1/1/00 0:00,0.32,8.3346,7/8/23 14:32,1.84,RIE,Ad Group Recall (Merged)
20230807,1773578016951370 ,AU,AU,,1/1/00 0:00,0.49,8.3346,7/8/23 14:32,1.84,RIE,Ad Group Recall (Merged)
20230807,1773578016958530 ,AU,AU,,1/1/00 0:00,,8.3346,7/8/23 14:32,1.84,RIE,Ad Group Recall (Merged)
20230807,1773580934500350 ,DE,,,1/1/00 0:00,6.4145,2.0827,7/8/23 14:31,0.54,Non-Auction Ads,Promote
20230807,1773570791193600 ,FI,,,1/1/00 0:00,0.825,0.6554,7/8/23 14:31,0.54,Non-Auction Ads,Promote
20230807,1773581691697180 ,BR,BR,,1/1/00 0:00,3.3715,2.2495,7/8/23 14:31,1.7,RIE,Ad Group Recall (Merged)
20230807,1773581392211980 ,BR,,,1/1/00 0:00,0,1889.8923,8/8/23 3:00,5.96,Non-Auction Ads,Branding Ads
20230807,1773568364329980 ,TH,,,1/1/00 0:00,0.1662,0.9509,7/8/23 14:31,0.54,Non-Auction Ads,Promote
20230807,1773580069005310 ,PH,,,1/1/00 0:00,0.1476,0,7/8/23 14:31,0.54,Non-Auction Ads,Promote
20230807,1773580988367870 ,SA,,,1/1/00 0:00,6.9574,0.6699,7/8/23 14:32,1.53,RIE,Promote Report Recall
20230807,1773573631534080 ,FI,,,1/1/00 0:00,2.7176,0.6041,7/8/23 14:32,0.54,Non-Auction Ads,Promote
20230807,1773581320013820 ,MY,MY,,1/1/00 0:00,3.0539,3.581,7/8/23 14:32,2.31,Auction Ads,auction_relation
20230807,1773517757689850 ,SA,,,1/1/00 0:00,23.4677,10.0089,7/8/23 14:34,0.54,Non-Auction Ads,Promote
20230807,1773576392042510 ,FR,,,1/1/00 0:00,3.0806,4.1291,7/8/23 14:33,0.54,Non-Auction Ads,Promote
20230807,1773589982759930 ,ID,ID,,1/1/00 0:00,0.39,1.7034,7/8/23 14:32,1.8,Auction Ads,auction_relation
20230807,1773603408858160 ,NZ,Other,,1/1/00 0:00,13.86,6.9993,7/8/23 14:34,1.62,RIE,Ad Group Recall (Merged)
20230807,1773582025279480 ,US,USCA,,1/1/00 0:00,,0.7979,7/8/23 14:33,1.78,Auction Ads,auction_relation
20230807,1773563944990720 ,US,,,1/1/00 0:00,2.59,2.3796,7/8/23 14:33,0.54,Non-Auction Ads,Promote
20230807,1773581203395630 ,PK,PK,,1/1/00 0:00,,0.2344,7/8/23 14:33,1.36,Auction Ads,auction_relation
20230807,1773579066310650 ,ID,,,1/1/00 0:00,0.1235,1.4988,7/8/23 14:33,0.54,Non-Auction Ads,Promote
20230807,1773568159106050 ,TH,,,1/1/00 0:00,0.3066,0.383,7/8/23 14:33,0.54,Non-Auction Ads,Promote
20230807,1773581823599630 ,NO,Others,,1/1/00 0:00,29.93,17.672,7/8/23 14:37,1.56,Auction Ads,auction_all
20230807,1773581823599630 ,NL,NL,,1/1/00 0:00,29.93,17.672,7/8/23 14:37,1.19,Auction Ads,auction_relation
20230807,1773581823599630 ,DK,DK,,1/1/00 0:00,29.93,17.672,7/8/23 14:37,1.31,Auction Ads,auction_relation
20230807,1773577929751550 ,GB,GB,,1/1/00 0:00,35.89,35.2383,7/8/23 14:40,1.76,Auction Ads,auction_relation
20230807,1773575408049150 ,TR,,,1/1/00 0:00,0.4447,0.2536,7/8/23 14:33,0.54,Non-Auction Ads,Promote
20230807,1773568695448570 ,TH,,,1/1/00 0:00,0.1043,0.3974,7/8/23 14:34,0.54,Non-Auction Ads,Promote
20230807,1773603870992400 ,US,USCA,,1/1/00 0:00,0.32,1.3578,7/8/23 14:34,1.78,Auction Ads,auction_relation
20230807,1773578897591290 ,ID,,,1/1/00 0:00,0.1697,0.2856,7/8/23 14:34,0.54,Non-Auction Ads,Promote
20230807,1773581725403180 ,BR,BR,,1/1/00 0:00,8.1552,0,7/8/23 14:34,1.99,Auction Ads,auction_all
20230807,1773574677697540 ,FR,,,1/1/00 0:00,1.8814,1.1229,7/8/23 14:34,0.54,Non-Auction Ads,Promote
20230807,1773603871112200 ,US,USCA,,1/1/00 0:00,0.08,1.3578,7/8/23 14:34,1.78,Auction Ads,auction_relation
20230807,1773603883687980 ,US,USCA,,1/1/00 0:00,0.39,1.3578,7/8/23 14:34,1.78,Auction Ads,auction_relation
20230807,1773603909067790 ,US,USCA,,1/1/00 0:00,0.33,1.3578,7/8/23 14:34,1.78,Auction Ads,auction_relation
20230807,1773568637852730 ,TH,,,1/1/00 0:00,0.2845,0.4883,7/8/23 14:34,0.54,Non-Auction Ads,Promote
20230807,1773580229363770 ,MY,,,1/1/00 0:00,0.9747,1.2191,7/8/23 14:35,0.54,Non-Auction Ads,Promote
20230807,1773569149309950 ,ES,,,1/1/00 0:00,3.2676,3.5511,7/8/23 14:36,0.54,Non-Auction Ads,Promote
20230807,1773581314337790 ,PL,,,1/1/00 0:00,8.8242,2.2644,7/8/23 14:36,0.54,Non-Auction Ads,Promote
20230807,1773581518816250 ,KW,,,1/1/00 0:00,75.3125,16.845,7/8/23 14:39,0.54,Non-Auction Ads,Promote
20230807,1773579275052030 ,ID,,,1/1/00 0:00,0.1253,0.2943,7/8/23 14:35,0.54,Non-Auction Ads,Promote
20230807,1773581198538750 ,TR,,,1/1/00 0:00,0.4146,0.2047,7/8/23 14:35,1.53,RIE,Promote Report Recall
20230807,1773581073264640 ,GR,,,1/1/00 0:00,1.1551,0.6237,7/8/23 14:36,0.54,Non-Auction Ads,Promote
20230807,1773575691718650 ,PL,PL,,1/1/00 0:00,93.991,25.0736,7/8/23 14:40,1.64,Auction Ads,auction_relation
20230807,1773577619653660 ,HU,Other,,1/1/00 0:00,3.2307,3.453,7/8/23 14:36,1.62,RIE,Ad Group Recall (Merged)
20230807,1773578069338160 ,FR,,,1/1/00 0:00,4.3899,1.3453,7/8/23 14:36,0.54,Non-Auction Ads,Promote
20230807,1773581466174510 ,KH,KH,,1/1/00 0:00,1.585,2.9871,7/8/23 14:36,1.5,Auction Ads,auction_relation
20230807,1773581466174510 ,KH,KH,,1/1/00 0:00,1.585,2.9871,7/8/23 14:36,1.5,Auction Ads,auction_relation
20230807,1773568861667320 ,TH,,,1/1/00 0:00,0.2498,0.3525,7/8/23 14:36,0.54,Non-Auction Ads,Promote
20230807,1773579754975320 ,NL,NL,,1/1/00 0:00,23.9,68.0055,7/8/23 14:50,1.19,Auction Ads,auction_relation
20230807,1773580945521660 ,MY,,,1/1/00 0:00,0.077,0.4897,7/8/23 14:36,0.54,Non-Auction Ads,Promote
20230807,1773538865744890 ,VN,,,1/1/00 0:00,0.3515,0.3612,7/8/23 14:36,0.54,Non-Auction Ads,Promote
20230807,1773580978095110 ,TH,,,1/1/00 0:00,3.53,3.302,7/8/23 14:37,1.53,RIE,Promote Report Recall
20230807,1773575505223680 ,TR,,,1/1/00 0:00,0.459,0.8357,7/8/23 14:37,0.54,Non-Auction Ads,Promote
20230807,1773580501324800 ,MY,,,1/1/00 0:00,0.1824,0.2591,7/8/23 14:37,0.54,Non-Auction Ads,Promote
20230807,1773564577989630 ,US,,,1/1/00 0:00,3.63,5,7/8/23 14:38,0.54,Non-Auction Ads,Promote
20230807,1773577578562560 ,FR,,,1/1/00 0:00,8.1972,0.5479,7/8/23 14:37,0.54,Non-Auction Ads,Promote
20230807,1773518164415490 ,SA,,,1/1/00 0:00,1.5727,1.3764,7/8/23 14:37,0.54,Non-Auction Ads,Promote
20230807,1773577719100410 ,HU,Other,,1/1/00 0:00,3.3442,3.453,7/8/23 14:38,1.62,RIE,Ad Group Recall (Merged)
20230807,1773582191147000 ,US,USCA,,1/1/00 0:00,114.94,322.875,7/8/23 15:44,1.78,Auction Ads,auction_relation
20230807,1773581393799160 ,TH,,,1/1/00 0:00,14.4753,2.8797,7/8/23 14:38,0.54,Non-Auction Ads,Promote
20230807,1773580059673600 ,BR,,,1/1/00 0:00,0.8826,0.5262,7/8/23 14:37,0.54,Non-Auction Ads,Promote
20230807,1773579152242690 ,ID,,,1/1/00 0:00,0.1669,0.1798,7/8/23 14:37,0.54,Non-Auction Ads,Promote
20230807,1773577107842100 ,TH,,,1/1/00 0:00,14.45,2.4128,7/8/23 14:38,1.53,RIE,Promote Report Recall
20230807,1773604130341970 ,US,USCA,,1/1/00 0:00,0.36,1.3578,7/8/23 14:38,1.78,Auction Ads,auction_relation
20230807,1773575399138300 ,TR,,,1/1/00 0:00,1.4211,0.5625,7/8/23 14:38,0.54,Non-Auction Ads,Promote
20230807,1773582913150970 ,BR,BR,,1/1/00 0:00,94.18,27.2469,7/8/23 14:42,1.99,Auction Ads,auction_all
20230807,1773435723808770 ,BR,,,1/1/00 0:00,0.9541,2.6169,7/8/23 14:39,0.54,Non-Auction Ads,Promote
20230807,1773517836010490 ,SA,,,1/1/00 0:00,3.937,2.114,7/8/23 14:39,0.54,Non-Auction Ads,Promote
20230807,1773581431182330 ,VN,,,1/1/00 0:00,0.2961,0.3231,7/8/23 14:38,1.53,RIE,Promote Report Recall
20230807,1773581896198190 ,BR,BR,,1/1/00 0:00,0.0454,0,7/8/23 14:38,1.99,Auction Ads,auction_all
20230807,1773581436879870 ,TH,,,1/1/00 0:00,9.38,7.5763,7/8/23 14:39,1.53,RIE,Promote Report Recall
20230807,1773604153870380 ,US,USCA,,1/1/00 0:00,0.27,1.3578,7/8/23 14:39,1.78,Auction Ads,auction_relation
20230807,1773564871003140 ,US,,,1/1/00 0:00,2.22,0,7/8/23 14:38,0.54,Non-Auction Ads,Promote
20230807,1773565165135870 ,US,,,1/1/00 0:00,2.11,1.651,7/8/23 14:39,0.54,Non-Auction Ads,Promote
20230807,1773581251437560 ,IL,,,1/1/00 0:00,1.7676,1.5621,7/8/23 14:39,0.54,Non-Auction Ads,Promote
20230807,1773581196874750 ,FI,,,1/1/00 0:00,2.8167,4.2241,7/8/23 14:39,0.54,Non-Auction Ads,Promote
20230807,1773603838193710 ,US,USCA,,1/1/00 0:00,0.04,1.3578,7/8/23 14:39,1.78,Auction Ads,auction_relation
20230807,1773604164826110 ,US,USCA,,1/1/00 0:00,,1.3578,7/8/23 14:39,1.78,Auction Ads,auction_relation
20230807,1773569134233660 ,TH,,,1/1/00 0:00,0.1721,1.2471,7/8/23 14:39,0.54,Non-Auction Ads,Promote
20230807,1773578276458500 ,FR,,,1/1/00 0:00,1.8044,1.2131,7/8/23 14:39,0.54,Non-Auction Ads,Promote
20230807,1773578018368560 ,US,US&CA,,1/1/00 0:00,16.23,13.3356,7/8/23 14:40,1.81,RIE,Ad Group Recall (Merged)
20230807,1773577866841100 ,HU,Other,,1/1/00 0:00,3.2196,3.453,7/8/23 14:39,1.62,RIE,Ad Group Recall (Merged)
20230807,1773581492566010 ,TH,TH,,1/1/00 0:00,0.852,11.4068,7/8/23 14:40,1.64,Auction Ads,auction_relation
20230807,1773604119214120 ,US,USCA,,1/1/00 0:00,,1.3578,7/8/23 14:39,1.78,Auction Ads,auction_relation
20230807,1773577955528700 ,HU,Others,,1/1/00 0:00,11.3439,11.2082,7/8/23 14:40,1.56,Auction Ads,auction_all
20230807,1773575563403260 ,TR,,,1/1/00 0:00,0.8662,0.213,7/8/23 14:39,0.54,Non-Auction Ads,Promote
20230807,1773580261448700 ,BR,,,1/1/00 0:00,4.8898,1.3277,7/8/23 14:39,0.54,Non-Auction Ads,Promote
20230807,1773581458016260 ,US,,,1/1/00 0:00,3.88,1.6667,7/8/23 14:39,0.54,Non-Auction Ads,Promote
20230807,1773565220140030 ,US,,,1/1/00 0:00,3.43,2.4815,7/8/23 14:39,0.54,Non-Auction Ads,Promote
20230807,1773580410233850 ,PH,,,1/1/00 0:00,0.2079,0.3217,7/8/23 14:39,0.54,Non-Auction Ads,Promote
20230807,1773581009345570 ,TH,,,1/1/00 0:00,5.43,3.2248,7/8/23 14:39,1.53,RIE,Promote Report Recall
20230807,1773604176300060 ,US,USCA,,1/1/00 0:00,0.4,1.3578,7/8/23 14:39,1.78,Auction Ads,auction_relation
20230807,1773579320387580 ,ID,,,1/1/00 0:00,0.1413,0.4943,7/8/23 14:39,0.54,Non-Auction Ads,Promote
20230807,1773604184536090 ,US,USCA,,1/1/00 0:00,0.2,1.3578,7/8/23 14:39,1.78,Auction Ads,auction_relation
20230807,1773604298069040 ,US,USCA,,1/1/00 0:00,0.3,1.3578,7/8/23 14:39,1.78,Auction Ads,auction_relation
20230807,1773578178484220 ,GB,GB,,1/1/00 0:00,8.42,3.3072,7/8/23 14:40,1.76,Auction Ads,auction_relation
20230807,1773578350674990 ,FR,FR,,1/1/00 0:00,52.17,67.2849,7/8/23 14:55,1.97,Auction Ads,auction_relation
20230807,1773581500284930 ,US,,,1/1/00 0:00,1.94,0.8333,7/8/23 14:40,1.53,RIE,Promote Report Recall
20230807,1773581513176100 ,TH,,,1/1/00 0:00,6.84,1.7231,7/8/23 14:40,1.53,RIE,Promote Report Recall
20230807,1773581581767710 ,TH,TH,,1/1/00 0:00,1.9259,3.7828,7/8/23 14:40,1.64,Auction Ads,auction_relation
20230807,1773518689910780 ,SA,,,1/1/00 0:00,0.7224,0.3739,7/8/23 14:40,0.54,Non-Auction Ads,Promote
20230807,1773428124407800 ,SA,,,1/1/00 0:00,1.7006,0.6897,7/8/23 14:40,0.54,Non-Auction Ads,Promote
20230807,1773518658524160 ,SA,,,1/1/00 0:00,0.6159,1.0353,7/8/23 14:40,0.54,Non-Auction Ads,Promote
20230807,1773578215800860 ,IQ,Others,,1/1/00 0:00,11.08,4.3599,7/8/23 14:40,1.56,Auction Ads,auction_all
20230807,1773518766423040 ,SA,,,1/1/00 0:00,0.741,0.3739,7/8/23 14:40,0.54,Non-Auction Ads,Promote
20230807,1773569065452540 ,TH,,,1/1/00 0:00,0.2567,0.4144,7/8/23 14:40,0.54,Non-Auction Ads,Promote
20230807,1773580219239430 ,BR,,,1/1/00 0:00,0.7962,1.2109,7/8/23 14:40,0.54,Non-Auction Ads,Promote
20230807,1773580219239430 ,BR,,,1/1/00 0:00,0.7962,1.2109,7/8/23 14:40,1.53,RIE,Promote Report Recall
20230807,1773580408644610 ,BR,,,1/1/00 0:00,2.3517,1.2819,7/8/23 14:40,0.54,Non-Auction Ads,Promote
20230807,1773581652973560 ,IQ,Others,,1/1/00 0:00,0.462,1.0045,7/8/23 14:40,1.56,Auction Ads,auction_all
20230807,1773581657408530 ,IQ,Others,,1/1/00 0:00,0.011,1.0045,7/8/23 14:40,1.56,Auction Ads,auction_all
20230807,1773581657408530 ,IQ,Others,,1/1/00 0:00,0.011,1.0045,7/8/23 14:40,1.56,Auction Ads,auction_all
20230807,1773581661450280 ,IQ,Others,,1/1/00 0:00,0.011,1.0045,7/8/23 14:40,1.56,Auction Ads,auction_all
20230807,1773579496215580 ,FR,FR,,1/1/00 0:00,,6.7482,7/8/23 14:42,1.97,Auction Ads,auction_relation
20230807,1773583696757770 ,BR,BR,,1/1/00 0:00,,1.056,7/8/23 14:40,1.99,Auction Ads,auction_all
20230807,1773427790671870 ,SA,,,1/1/00 0:00,2.2498,1.6035,7/8/23 14:41,0.54,Non-Auction Ads,Promote
20230807,1773569099298810 ,TH,,,1/1/00 0:00,0.198,0.2417,7/8/23 14:40,0.54,Non-Auction Ads,Promote
20230807,1773579002742830 ,CA,USCA,,1/1/00 0:00,9.5172,25.6012,7/8/23 14:47,1.78,Auction Ads,auction_relation
20230807,1773581353856030 ,ES,ES,,1/1/00 0:00,12.9065,60.1306,7/8/23 14:55,1.37,Auction Ads,auction_relation
20230807,1773533299651580 ,KW,,,1/1/00 0:00,1.6367,0,7/8/23 14:41,0.54,Non-Auction Ads,Promote
20230807,1773579484171260 ,ID,,,1/1/00 0:00,1.7785,0.7979,7/8/23 14:41,0.54,Non-Auction Ads,Promote
20230807,1773577972197400 ,SE,SE,,1/1/00 0:00,10.5543,0.306,7/8/23 14:41,1.4,Auction Ads,auction_relation
20230807,1773577972197400 ,DK,DK,,1/1/00 0:00,10.5543,0.306,7/8/23 14:41,1.31,Auction Ads,auction_relation
20230807,1773577972197400 ,PL,PL,,1/1/00 0:00,10.5543,0.306,7/8/23 14:41,1.64,Auction Ads,auction_relation
20230807,1773577972197400 ,FR,FR,,1/1/00 0:00,10.5543,0.306,7/8/23 14:41,1.97,Auction Ads,auction_relation
20230807,1773577972197400 ,IE,IE,,1/1/00 0:00,10.5543,0.306,7/8/23 14:41,1.52,Auction Ads,auction_relation
20230807,1773582614193180 ,US,USCA,,1/1/00 0:00,214.46,322.875,7/8/23 15:54,1.78,Auction Ads,auction_relation
20230807,1773581796661280 ,MX,MX,,1/1/00 0:00,,8.6505,7/8/23 14:43,1.99,Auction Ads,auction_all
20230807,1773581718264830 ,RO,,,1/1/00 0:00,18.3379,0,7/8/23 14:42,0.54,Non-Auction Ads,Promote
20230807,1773582349100040 ,TR,TR,,1/1/00 0:00,13.4957,0.7809,7/8/23 14:42,1.63,RIE,Ad Group Recall (Merged)
20230807,1773580728563710 ,FR,,,1/1/00 0:00,5.9085,1.1999,7/8/23 14:42,0.54,Non-Auction Ads,Promote
20230807,1773579523133440 ,ID,,,1/1/00 0:00,0.318,0.3082,7/8/23 14:42,0.54,Non-Auction Ads,Promote
20230807,1773574976100350 ,ES,,,1/1/00 0:00,0.968,0.014,7/8/23 14:42,0.54,Non-Auction Ads,Promote
20230807,1773581737339950 ,BR,BR,,1/1/00 0:00,,0.9139,7/8/23 14:42,1.99,Auction Ads,auction_all
20230807,1773581766148110 ,BR,BR,,1/1/00 0:00,,0.9139,7/8/23 14:42,1.99,Auction Ads,auction_all
20230807,1773581752722430 ,BR,BR,,1/1/00 0:00,,0.9139,7/8/23 14:42,1.99,Auction Ads,auction_all
20230807,1773581760958480 ,BR,BR,,1/1/00 0:00,,0.9139,7/8/23 14:42,1.7,RIE,Ad Group Recall (Merged)
20230807,1773581736953870 ,BR,BR,,1/1/00 0:00,,0.9139,7/8/23 14:42,1.7,RIE,Ad Group Recall (Merged)
20230807,1773581736953870 ,BR,BR,,1/1/00 0:00,,0.9139,7/8/23 14:42,1.99,Auction Ads,auction_all
20230807,1773581752722430 ,BR,BR,,1/1/00 0:00,,0.9139,7/8/23 14:42,1.99,Auction Ads,auction_all
20230807,1773579474103300 ,FR,,,1/1/00 0:00,3.2237,0.5868,7/8/23 14:42,0.54,Non-Auction Ads,Promote
20230807,1773581926773760 ,IQ,Other,,1/1/00 0:00,5.28,6.8336,7/8/23 14:43,1.62,RIE,Ad Group Recall (Merged)
20230807,1773581926773760 ,IQ,Others,,1/1/00 0:00,5.28,6.8336,7/8/23 14:43,1.56,Auction Ads,auction_all
20230807,1773581926773760 ,IQ,Others,,1/1/00 0:00,5.28,6.8336,7/8/23 14:43,1.56,Auction Ads,auction_all
20230807,1773582067081230 ,UY,Others,,1/1/00 0:00,4.06,4.6242,7/8/23 14:43,1.56,Auction Ads,auction_all
20230807,1773575146762240 ,ES,,,1/1/00 0:00,0.011,0.3722,7/8/23 14:42,0.54,Non-Auction Ads,Promote
20230807,1773580356694080 ,MY,,,1/1/00 0:00,0.3733,0.5511,7/8/23 14:42,0.54,Non-Auction Ads,Promote
20230807,1773564595317760 ,US,,,1/1/00 0:00,3.92,2.5,7/8/23 14:43,0.54,Non-Auction Ads,Promote
20230807,1773581784848400 ,PE,PE,,1/1/00 0:00,0.48,0.9871,7/8/23 14:43,1.68,Auction Ads,auction_all
20230807,1773581486259200 ,KH,,,1/1/00 0:00,0.0623,0.1155,7/8/23 14:43,0.54,Non-Auction Ads,Promote
20230807,1773579061535760 ,SE,SE,,1/1/00 0:00,22.5292,26.7125,7/8/23 14:51,1.4,Auction Ads,auction_relation
20230807,1773582211927040 ,SA,,,1/1/00 0:00,130.3272,19.9434,7/8/23 14:50,1.53,RIE,Promote Report Recall
20230807,1773576457270350 ,ES,,,1/1/00 0:00,1.4302,0.969,7/8/23 14:43,0.54,Non-Auction Ads,Promote
20230807,1773581785840670 ,RO,,,1/1/00 0:00,19.4229,0,7/8/23 14:43,0.54,Non-Auction Ads,Promote
20230807,1773569329300480 ,TH,,,1/1/00 0:00,0.4307,1.0359,7/8/23 14:43,0.54,Non-Auction Ads,Promote
20230807,1773581425479680 ,TH,,,1/1/00 0:00,7.55,3.7683,7/8/23 14:44,1.53,RIE,Promote Report Recall
20230807,1773569564228600 ,TH,,,1/1/00 0:00,0.9045,0.6873,7/8/23 14:43,0.54,Non-Auction Ads,Promote
20230807,1773582001804320 ,IQ,Others,,1/1/00 0:00,34.85,3.2777,7/8/23 14:44,1.56,Auction Ads,auction_all
20230807,1773581285731320 ,IL,,,1/1/00 0:00,0.9141,1.5621,7/8/23 14:44,0.54,Non-Auction Ads,Promote
20230807,1773579776509980 ,US,USCA,,1/1/00 0:00,,92.4543,7/8/23 15:02,1.78,Auction Ads,auction_relation
20230807,1773581766400000 ,TH,,,1/1/00 0:00,8.6,1.23,7/8/23 14:44,1.53,RIE,Promote Report Recall
20230807,1773597024446480 ,US,USCA,,1/1/00 0:00,2.82,4.9819,7/8/23 14:45,1.78,Auction Ads,auction_relation
20230807,1773578158535720 ,HU,Other,,1/1/00 0:00,3.4287,3.453,7/8/23 14:45,1.62,RIE,Ad Group Recall (Merged)
20230807,1773581766136850 ,US,USCA,,1/1/00 0:00,49.315,259.8743,7/8/23 15:41,1.78,Auction Ads,auction_relation
20230807,1773565165038640 ,JP,JP,,1/1/00 0:00,25.1,81.7593,7/8/23 15:00,2.16,Auction Ads,auction_all
20230807,1773565168223240 ,JP,JP,,1/1/00 0:00,20.113,81.7593,7/8/23 15:00,2.16,Auction Ads,auction_all
20230807,1773580695252990 ,MY,,,1/1/00 0:00,0.2066,0.5393,7/8/23 14:44,0.54,Non-Auction Ads,Promote
20230807,1773539002838010 ,VN,,,1/1/00 0:00,0.1254,0.3169,7/8/23 14:44,0.54,Non-Auction Ads,Promote
20230807,1773569636578300 ,TH,,,1/1/00 0:00,0.1643,0.5213,7/8/23 14:45,0.54,Non-Auction Ads,Promote
20230807,1773578269855740 ,HU,Other,,1/1/00 0:00,3.2751,3.453,7/8/23 14:46,1.62,RIE,Ad Group Recall (Merged)
20230807,1773582170730520 ,ID,ID,,1/1/00 0:00,6.6167,5.496,7/8/23 14:47,1.8,Auction Ads,auction_relation
20230807,1773581249662990 ,MY,,,1/1/00 0:00,0.2614,0.2169,7/8/23 14:45,0.54,Non-Auction Ads,Promote
20230807,1773569791195130 ,TH,,,1/1/00 0:00,0.4211,0.5172,7/8/23 14:45,0.54,Non-Auction Ads,Promote
20230807,1773579960547330 ,ID,,,1/1/00 0:00,0.1315,1.7374,7/8/23 14:45,0.54,Non-Auction Ads,Promote
20230807,1773579897595900 ,ID,,,1/1/00 0:00,0.2356,0.4431,7/8/23 14:45,0.54,Non-Auction Ads,Promote
20230807,1773569456385020 ,TH,,,1/1/00 0:00,0.1572,0.5615,7/8/23 14:45,0.54,Non-Auction Ads,Promote
20230807,1773582085435390 ,BR,,,1/1/00 0:00,23.5989,13.1691,7/8/23 14:50,0.54,Non-Auction Ads,Promote
20230807,1773581024548860 ,SA,,,1/1/00 0:00,16.2733,2.3543,7/8/23 14:46,0.54,Non-Auction Ads,Promote
20230807,1773580592199710 ,FR,,,1/1/00 0:00,2.2995,1.6006,7/8/23 14:46,1.53,RIE,Promote Report Recall
20230807,1773580592199710 ,FR,,,1/1/00 0:00,2.2995,1.6006,7/8/23 14:46,0.54,Non-Auction Ads,Promote
20230807,1773569660881920 ,TH,,,1/1/00 0:00,0.159,0.2153,7/8/23 14:46,0.54,Non-Auction Ads,Promote
20230807,1773580658563070 ,PH,,,1/1/00 0:00,0.1995,0.3406,7/8/23 14:46,0.54,Non-Auction Ads,Promote
20230807,1773582434793470 ,PK,PK,,1/1/00 0:00,5.74,2.111,7/8/23 14:47,1.36,Auction Ads,auction_relation
20230807,1773582029564930 ,VN,,,1/1/00 0:00,0.3,0.1681,7/8/23 14:47,1.53,RIE,Promote Report Recall
20230807,1773581841668100 ,GB,,,1/1/00 0:00,3.9518,2.9924,7/8/23 14:48,0.54,Non-Auction Ads,Promote
20230807,1773582016654370 ,CA,,,1/1/00 0:00,1.0989,1.3011,7/8/23 14:48,1.53,RIE,Promote Report Recall
20230807,1773582205816840 ,BR,BR,,1/1/00 0:00,0.0187,0,7/8/23 14:47,1.99,Auction Ads,auction_all
20230807,1773544580512760 ,KW,,,1/1/00 0:00,3.1335,1.8772,7/8/23 14:48,0.54,Non-Auction Ads,Promote
20230807,1773544580512760 ,KW,,,1/1/00 0:00,3.1335,1.8772,7/8/23 14:48,1.53,RIE,Promote Report Recall
20230807,1773582457621610 ,US,USCA,,1/1/00 0:00,,18.5949,7/8/23 14:53,1.78,Auction Ads,auction_relation
20230807,1773582460809260 ,US,USCA,,1/1/00 0:00,,18.5949,7/8/23 14:53,1.78,Auction Ads,auction_relation
20230807,1773570131301370 ,TH,,,1/1/00 0:00,0.1892,0.3842,7/8/23 14:47,0.54,Non-Auction Ads,Promote
20230807,1773546248452090 ,JP,JP,,1/1/00 0:00,3.4114,61.8206,7/8/23 15:00,2.16,Auction Ads,auction_all
20230807,1773578757843980 ,US,US&CA,,1/1/00 0:00,35.22,16.6078,7/8/23 14:52,1.81,RIE,Ad Group Recall (Merged)
20230807,1773582388322330 ,MY,MY,,1/1/00 0:00,,4.2961,7/8/23 14:49,2.31,Auction Ads,auction_relation
20230807,1773579990471680 ,ID,,,1/1/00 0:00,0.4551,2.0124,7/8/23 14:49,0.54,Non-Auction Ads,Promote
20230807,1773570182178810 ,TH,,,1/1/00 0:00,0.1878,0.2904,7/8/23 14:49,0.54,Non-Auction Ads,Promote
20230807,1773543391809530 ,KW,,,1/1/00 0:00,0.1757,1.0996,7/8/23 14:49,0.54,Non-Auction Ads,Promote
20230807,1773579403372590 ,US,USCA,,1/1/00 0:00,89.4848,87.7805,7/8/23 15:05,1.78,Auction Ads,auction_relation
20230807,1773578491579420 ,HU,Other,,1/1/00 0:00,3.1352,3.453,7/8/23 14:50,1.62,RIE,Ad Group Recall (Merged)
20230807,1773582201988090 ,VN,,,1/1/00 0:00,1.0013,2.4637,7/8/23 14:50,1.53,RIE,Promote Report Recall
20230807,1773577499049980 ,ES,,,1/1/00 0:00,0,0.2419,7/8/23 14:49,0.54,Non-Auction Ads,Promote
20230807,1773519769731070 ,SA,,,1/1/00 0:00,21.2524,7.9378,7/8/23 14:51,0.54,Non-Auction Ads,Promote
20230807,1773519769731070 ,SA,,,1/1/00 0:00,21.2524,7.9378,7/8/23 14:51,0.54,Non-Auction Ads,Promote
20230807,1773582076307450 ,TR,,,1/1/00 0:00,0.4704,0.3569,7/8/23 14:49,1.53,RIE,Promote Report Recall
20230807,1773579029050400 ,AU,AU,,1/1/00 0:00,0.2,8.3346,7/8/23 14:52,1.84,RIE,Ad Group Recall (Merged)
20230807,1773519292037120 ,SA,,,1/1/00 0:00,1.8528,1.1198,7/8/23 14:50,0.54,Non-Auction Ads,Promote
20230807,1773519292037120 ,SA,,,1/1/00 0:00,1.8528,1.1198,7/8/23 14:50,0.54,Non-Auction Ads,Promote
20230807,1773580232516640 ,BR,,,1/1/00 0:00,2.054,1.4035,7/8/23 14:50,0.54,Non-Auction Ads,Promote
20230807,1773581941315580 ,TR,,,1/1/00 0:00,3.6877,2.8067,7/8/23 14:51,1.53,RIE,Promote Report Recall
20230807,1773581144133630 ,PH,,,1/1/00 0:00,0.0632,0.1384,7/8/23 14:50,0.54,Non-Auction Ads,Promote
20230807,1773578882253870 ,PL,PL,,1/1/00 0:00,20.0606,8.4746,7/8/23 14:52,1.64,Auction Ads,auction_relation
20230807,1773581354062840 ,MY,,,1/1/00 0:00,0.3137,0.2169,7/8/23 14:50,0.54,Non-Auction Ads,Promote
20230807,1773570520511480 ,TH,,,1/1/00 0:00,0.1961,0.4349,7/8/23 14:51,0.54,Non-Auction Ads,Promote
20230807,1773579053619230 ,US,USCA,,1/1/00 0:00,61.21,36.7296,7/8/23 14:57,1.78,Auction Ads,auction_relation
20230807,1773575883782140 ,TR,,,1/1/00 0:00,2.8392,1.3015,7/8/23 14:51,0.54,Non-Auction Ads,Promote
20230807,1773567254284290 ,US,,,1/1/00 0:00,3.21,8,7/8/23 14:52,0.54,Non-Auction Ads,Promote
20230807,1773520004387840 ,SA,,,1/1/00 0:00,1.546,0.4566,7/8/23 14:51,0.54,Non-Auction Ads,Promote
20230807,1773582887031850 ,MY,MY,,1/1/00 0:00,3.5833,1.5835,7/8/23 14:51,2.31,Auction Ads,auction_relation
20230807,1773582252041220 ,DE,,,1/1/00 0:00,3.2789,2.1631,7/8/23 14:52,1.53,RIE,Promote Report Recall
20230807,1773519545086010 ,SA,,,1/1/00 0:00,1.8447,2.1131,7/8/23 14:52,0.54,Non-Auction Ads,Promote
20230807,1773583042956330 ,MX,MX,,1/1/00 0:00,87.52,70.5138,7/8/23 15:03,1.99,Auction Ads,auction_all
20230807,1773581998193660 ,KH,,,1/1/00 0:00,0.0974,0.0948,7/8/23 14:52,0.54,Non-Auction Ads,Promote
20230807,1773582277317630 ,TH,,,1/1/00 0:00,4.01,2.762,7/8/23 14:52,1.53,RIE,Promote Report Recall
20230807,1773582278617090 ,VN,,,1/1/00 0:00,0.0955,0.1813,7/8/23 14:52,1.53,RIE,Promote Report Recall
20230807,1773581519680510 ,PH,,,1/1/00 0:00,0.0648,0.1384,7/8/23 14:52,0.54,Non-Auction Ads,Promote
20230807,1773582390385680 ,SA,,,1/1/00 0:00,35.295,11.8322,7/8/23 14:54,0.54,Non-Auction Ads,Promote
20230807,1773575091809290 ,SA,MENA,,1/1/00 0:00,1.3458,1.6836,7/8/23 14:52,1.67,RIE,Ad Group Recall (Merged)
20230807,1773576474935290 ,TR,,,1/1/00 0:00,0.4431,0.3455,7/8/23 14:52,0.54,Non-Auction Ads,Promote
20230807,1773581689227270 ,FR,,,1/1/00 0:00,1.9035,4.9516,7/8/23 14:53,0.54,Non-Auction Ads,Promote
20230807,1773578174916640 ,ES,,,1/1/00 0:00,0.99,1.4461,7/8/23 14:53,0.54,Non-Auction Ads,Promote
20230807,1773538890580990 ,VN,,,1/1/00 0:00,0.248,0.5595,7/8/23 14:53,0.54,Non-Auction Ads,Promote
20230807,1773549017639930 ,KW,,,1/1/00 0:00,15.8447,14.7666,7/8/23 14:55,0.54,Non-Auction Ads,Promote
20230807,1773580766633990 ,BR,,,1/1/00 0:00,1.5718,1.2575,7/8/23 14:53,0.54,Non-Auction Ads,Promote
20230807,1773570702382080 ,TH,,,1/1/00 0:00,0.3994,1.4702,7/8/23 14:53,0.54,Non-Auction Ads,Promote
20230807,1773570354948090 ,TH,,,1/1/00 0:00,0.2412,0.4237,7/8/23 14:53,0.54,Non-Auction Ads,Promote
20230807,1773582959117410 ,BR,BR,,1/1/00 0:00,4.0587,3.0725,7/8/23 14:54,1.99,Auction Ads,auction_all
20230807,1773582959117410 ,BR,BR,,1/1/00 0:00,4.0587,3.0725,7/8/23 14:54,1.99,Auction Ads,auction_all
20230807,1773583147640830 ,US,USCA,,1/1/00 0:00,,22.6181,7/8/23 14:57,1.78,Auction Ads,auction_relation
20230807,1773582750969900 ,US,USCA,,1/1/00 0:00,8.97,22.6181,7/8/23 14:57,1.78,Auction Ads,auction_relation
20230807,1773582835595320 ,US,USCA,,1/1/00 0:00,8.21,22.6181,7/8/23 14:57,1.78,Auction Ads,auction_relation
20230807,1773582684145660 ,US,USCA,,1/1/00 0:00,9.67,22.6181,7/8/23 14:57,1.78,Auction Ads,auction_relation
20230807,1773570321647610 ,TH,,,1/1/00 0:00,0.2153,0.7977,7/8/23 14:53,0.54,Non-Auction Ads,Promote
20230807,1773578715606030 ,RO,Other,,1/1/00 0:00,2.866,7.2328,7/8/23 14:54,1.62,RIE,Ad Group Recall (Merged)
20230807,1773570714718210 ,TH,,,1/1/00 0:00,0.2015,0.4476,7/8/23 14:53,0.54,Non-Auction Ads,Promote
20230807,1773582322582530 ,ID,,,1/1/00 0:00,0.2684,0.5334,7/8/23 14:53,1.53,RIE,Promote Report Recall
20230807,1773563599620090 ,JP,JP,,1/1/00 0:00,175.3302,39.7386,7/8/23 15:00,3.21,RIE,Ad Group Recall (Merged)
20230807,1773582342721530 ,ID,,,1/1/00 0:00,0.3033,0.8928,7/8/23 14:54,1.53,RIE,Promote Report Recall
20230807,1773582507163690 ,EC,Others,,1/1/00 0:00,,8.9448,7/8/23 14:55,1.56,Auction Ads,auction_all
20230807,1773582809059360 ,DE,DE,,1/1/00 0:00,1.36,19.0529,7/8/23 14:57,1.01,Auction Ads,auction_relation
20230807,1773582545041400 ,TH,TH,,1/1/00 0:00,0.11,1.9851,7/8/23 14:54,1.64,Auction Ads,auction_relation
20230807,1773582545041400 ,PK,PK,,1/1/00 0:00,0.11,1.9851,7/8/23 14:54,1.36,Auction Ads,auction_relation
20230807,1773582545041400 ,TW,TW,,1/1/00 0:00,0.11,1.9851,7/8/23 14:54,0.95,Auction Ads,auction_relation
20230807,1773582545041400 ,MY,MY,,1/1/00 0:00,0.11,1.9851,7/8/23 14:54,2.31,Auction Ads,auction_relation
20230807,1773582545041400 ,PK,PK,,1/1/00 0:00,0.11,1.9851,7/8/23 14:54,1.36,Auction Ads,auction_relation
20230807,1773582545041400 ,ID,ID,,1/1/00 0:00,0.11,1.9851,7/8/23 14:54,1.8,Auction Ads,auction_relation
20230807,1773582580579340 ,US,USCA,,1/1/00 0:00,,6.5589,7/8/23 14:55,1.78,Auction Ads,auction_relation
20230807,1773582621419530 ,IQ,Others,,1/1/00 0:00,6.27,4.4078,7/8/23 14:54,1.56,Auction Ads,auction_all
20230807,1773570584450050 ,TH,,,1/1/00 0:00,0.5338,1.4702,7/8/23 14:54,0.54,Non-Auction Ads,Promote
20230807,1773582887043120 ,US,USCA,,1/1/00 0:00,9.84,17.1531,7/8/23 14:57,1.78,Auction Ads,auction_relation
20230807,1773583012763680 ,US,USCA,,1/1/00 0:00,,17.1531,7/8/23 14:57,1.78,Auction Ads,auction_relation
20230807,1773579193967660 ,DE,DE,,1/1/00 0:00,4.434,4.922,7/8/23 14:55,1.01,Auction Ads,auction_relation
20230807,1773582400881660 ,PH,,,1/1/00 0:00,0.3468,1.1779,7/8/23 14:54,1.53,RIE,Promote Report Recall
20230807,1773576872532990 ,TR,,,1/1/00 0:00,0.3939,0.1141,7/8/23 14:54,0.54,Non-Auction Ads,Promote
20230807,1773579148918850 ,US,USCA,,1/1/00 0:00,17.82,6.7415,7/8/23 14:55,1.78,Auction Ads,auction_relation
20230807,1773580174663680 ,ID,,,1/1/00 0:00,0.2084,0.6097,7/8/23 14:54,0.54,Non-Auction Ads,Promote
20230807,1773570702518270 ,TH,,,1/1/00 0:00,0.2351,0.4936,7/8/23 14:55,0.54,Non-Auction Ads,Promote
20230807,1773579915531260 ,ID,,,1/1/00 0:00,0.2858,0,7/8/23 14:54,0.54,Non-Auction Ads,Promote
20230807,1773582872387610 ,DE,DE,,1/1/00 0:00,2.01,13.1089,7/8/23 14:57,1.01,Auction Ads,auction_relation
20230807,1773520440141820 ,SA,,,1/1/00 0:00,4.1371,2.2215,7/8/23 14:55,0.54,Non-Auction Ads,Promote
20230807,1773581816824830 ,MY,,,1/1/00 0:00,0.3271,0.2169,7/8/23 14:55,0.54,Non-Auction Ads,Promote
20230807,1773570651487230 ,TH,,,1/1/00 0:00,0.4354,1.4702,7/8/23 14:55,0.54,Non-Auction Ads,Promote
20230807,1773570651487230 ,TH,,,1/1/00 0:00,0.4354,1.4702,7/8/23 14:55,0.54,Non-Auction Ads,Promote
20230807,1773429534586880 ,SA,,,1/1/00 0:00,0.8238,0.5463,7/8/23 14:56,0.54,Non-Auction Ads,Promote
20230807,1773582508126210 ,BR,,,1/1/00 0:00,0.039,0,7/8/23 14:56,1.53,RIE,Promote Report Recall
20230807,1773570686380030 ,TH,,,1/1/00 0:00,0.5843,0.7368,7/8/23 14:56,0.54,Non-Auction Ads,Promote
20230807,1773570686380030 ,TH,,,1/1/00 0:00,0.5843,0.7368,7/8/23 14:56,0.54,Non-Auction Ads,Promote
20230807,1773582514340860 ,CZ,,,1/1/00 0:00,1.2988,0.8921,7/8/23 14:56,1.53,RIE,Promote Report Recall
20230807,1773580119498780 ,JP,JP,,1/1/00 0:00,9.6912,25.4374,7/8/23 15:00,2.16,Auction Ads,auction_all
20230807,1773570784884730 ,TH,,,1/1/00 0:00,0.1653,0.2095,7/8/23 14:56,0.54,Non-Auction Ads,Promote
20230807,1773519976955900 ,SA,,,1/1/00 0:00,0.9115,0.6842,7/8/23 14:56,0.54,Non-Auction Ads,Promote
20230807,1773581552458750 ,PH,,,1/1/00 0:00,0.065,0.1384,7/8/23 14:56,0.54,Non-Auction Ads,Promote
20230807,1773430063917050 ,SA,,,1/1/00 0:00,1.7406,0.7109,7/8/23 14:56,0.54,Non-Auction Ads,Promote
20230807,1773580858077220 ,BR,,,1/1/00 0:00,1.0981,0.6228,7/8/23 14:56,0.54,Non-Auction Ads,Promote
20230807,1773579209737240 ,HU,Others,,1/1/00 0:00,9.5808,9.6305,7/8/23 14:59,1.56,Auction Ads,auction_all
20230807,1773570944530430 ,TH,,,1/1/00 0:00,0.2534,0.7664,7/8/23 14:57,0.54,Non-Auction Ads,Promote
20230807,1773491985791010 ,EG,,,1/1/00 0:00,4.2356,0.6162,7/8/23 14:57,0.54,Non-Auction Ads,Promote
20230807,1773581008666640 ,FR,,,1/1/00 0:00,2.5087,1.6006,7/8/23 14:57,0.54,Non-Auction Ads,Promote
20230807,1773571061101570 ,TH,,,1/1/00 0:00,0.1688,0.2048,7/8/23 14:57,0.54,Non-Auction Ads,Promote
20230807,1773582613737470 ,MY,,,1/1/00 0:00,0.4872,0.4942,7/8/23 14:57,0.54,Non-Auction Ads,Promote
20230807,1773578395260930 ,ES,,,1/1/00 0:00,1.0012,0.7016,7/8/23 14:57,0.54,Non-Auction Ads,Promote
20230807,1773582091426820 ,FR,,,1/1/00 0:00,5.0393,1.412,7/8/23 14:58,0.54,Non-Auction Ads,Promote
20230807,1773582625717280 ,TH,,,1/1/00 0:00,13.43,1.6185,7/8/23 14:58,1.53,RIE,Promote Report Recall
20230807,1773579393344530 ,HU,Others,,1/1/00 0:00,6.2243,1.8934,7/8/23 14:58,1.56,Auction Ads,auction_all
20230807,1773582870540290 ,MX,MX,,1/1/00 0:00,0.97,4.3725,7/8/23 14:59,1.99,Auction Ads,auction_all
20230807,1773583027918880 ,CH,CH,,1/1/00 0:00,14.67,3.661,7/8/23 14:59,0.93,Auction Ads,auction_relation
20230807,1773520793212920 ,SA,,,1/1/00 0:00,1.5539,0.4987,7/8/23 14:58,0.54,Non-Auction Ads,Promote
20230807,1773553787895840 ,AT,AT,,1/1/00 0:00,5.06,14.3914,7/8/23 15:00,0.89,Auction Ads,auction_relation
20230807,1773553678663710 ,US,USCA,,1/1/00 0:00,5.9,14.3914,7/8/23 15:00,1.78,Auction Ads,auction_relation
20230807,1773553678663710 ,IT,IT,,1/1/00 0:00,5.9,14.3914,7/8/23 15:00,1.36,Auction Ads,auction_relation
20230807,1773553678663710 ,AT,AT,,1/1/00 0:00,5.9,14.3914,7/8/23 15:00,0.89,Auction Ads,auction_relation
20230807,1773553787895840 ,US,USCA,,1/1/00 0:00,5.06,14.3914,7/8/23 15:00,1.78,Auction Ads,auction_relation
20230807,1773553787895840 ,IT,IT,,1/1/00 0:00,5.06,14.3914,7/8/23 15:00,1.36,Auction Ads,auction_relation
20230807,1773582447519740 ,PH,,,1/1/00 0:00,0.1401,0.1493,7/8/23 14:59,0.54,Non-Auction Ads,Promote
20230807,1773583654938650 ,SA,MENA,,1/1/00 0:00,,2.4934,7/8/23 14:59,1.78,Auction Ads,auction_relation
20230807,1773492114192380 ,EG,,,1/1/00 0:00,2.8042,1.7358,7/8/23 14:59,0.54,Non-Auction Ads,Promote
20230807,1773563406903340 ,JP,JP,,1/1/00 0:00,5.2188,12.6042,7/8/23 15:00,2.16,Auction Ads,auction_all
20230807,1773548247188480 ,JP,JP,,1/1/00 0:00,14.4913,15.4699,7/8/23 15:00,2.16,Auction Ads,auction_all
20230807,1773568002692140 ,US,,,1/1/00 0:00,3.48,8,7/8/23 15:00,0.54,Non-Auction Ads,Promote
20230807,1773579168187390 ,JP,JP,,1/1/00 0:00,2.19,18.4225,7/8/23 15:01,2.16,Auction Ads,auction_all
20230807,1773579168187390 ,JP,JP,,1/1/00 0:00,2.19,18.4225,7/8/23 15:01,2.16,Auction Ads,auction_all
20230807,1773579168187390 ,JP,JP,,1/1/00 0:00,2.19,18.4225,7/8/23 15:01,2.16,Auction Ads,auction_all
20230807,1773541600362490 ,JP,JP,,1/1/00 0:00,5.0324,6.0136,7/8/23 15:00,2.16,Auction Ads,auction_all
20230807,1773541559057440 ,JP,JP,,1/1/00 0:00,5.0467,6.0136,7/8/23 15:00,2.16,Auction Ads,auction_all
20230807,1773541588958250 ,JP,JP,,1/1/00 0:00,5.5259,6.0136,7/8/23 15:00,2.16,Auction Ads,auction_all
20230807,1773581075593230 ,US,USCA,,1/1/00 0:00,9.9244,11.546,7/8/23 15:00,1.78,Auction Ads,auction_relation
20230807,1773580130434050 ,SE,SE,,1/1/00 0:00,22.0041,26.7125,7/8/23 15:03,1.4,Auction Ads,auction_relation
20230807,1773572338120720 ,JP,JP,,1/1/00 0:00,7.6235,4.1904,7/8/23 15:00,2.16,Auction Ads,auction_all
20230807,1773572338120720 ,JP,JP,,1/1/00 0:00,7.6235,4.1904,7/8/23 15:00,2.16,Auction Ads,auction_all
20230807,1773572336317440 ,JP,JP,,1/1/00 0:00,2.6063,4.1904,7/8/23 15:00,2.16,Auction Ads,auction_all
20230807,1773579454782510 ,AU,AU,,1/1/00 0:00,0.68,8.3346,7/8/23 15:00,1.84,RIE,Ad Group Recall (Merged)
20230807,1773579457820670 ,AU,AU,,1/1/00 0:00,1.46,8.3346,7/8/23 15:00,1.84,RIE,Ad Group Recall (Merged)
20230807,1773579457822750 ,AU,AU,,1/1/00 0:00,0.65,8.3346,7/8/23 15:00,1.84,RIE,Ad Group Recall (Merged)
20230807,1773559748719630 ,FI,Others,,1/1/00 0:00,9.99,3.9434,7/8/23 15:00,1.56,Auction Ads,auction_all
20230807,1773564313708540 ,GB,GB,,1/1/00 0:00,12.15,3.4637,7/8/23 15:00,1.76,Auction Ads,auction_relation
20230807,1773219820076060 ,US,USCA,,1/1/00 0:00,,583.006,7/8/23 16:54,1.78,Auction Ads,auction_relation
20230807,1773219820076060 ,US,USCA,,1/1/00 0:00,,583.006,7/8/23 16:54,1.78,Auction Ads,auction_relation
20230807,1773582893804570 ,TH,TH,,1/1/00 0:00,2.1835,3.7356,7/8/23 15:00,1.64,Auction Ads,auction_relation
20230807,1773573545929760 ,BR,BR,,1/1/00 0:00,5.8116,1.8743,7/8/23 15:00,1.99,Auction Ads,auction_all
20230807,1773580227227690 ,ID,ID,,1/1/00 0:00,,4.1392,7/8/23 15:00,1.8,Auction Ads,auction_relation
20230807,1773582677561350 ,BE,,,1/1/00 0:00,2.8607,2.7984,7/8/23 15:00,0.54,Non-Auction Ads,Promote
20230807,1773555778869240 ,KW,,,1/1/00 0:00,3.6084,1.3082,7/8/23 15:00,0.54,Non-Auction Ads,Promote
20230807,1773555778869240 ,KW,,,1/1/00 0:00,3.6084,1.3082,7/8/23 15:00,0.54,Non-Auction Ads,Promote
20230807,1773576561021970 ,CZ,CZ,,1/1/00 0:00,50.8888,0,7/8/23 15:00,1.9,Auction Ads,auction_relation
20230807,1773577882357770 ,JP,JP,,1/1/00 0:00,5.9981,6.6243,7/8/23 15:00,2.16,Auction Ads,auction_all
20230807,1773577882339340 ,JP,JP,,1/1/00 0:00,6.3082,6.6243,7/8/23 15:00,2.16,Auction Ads,auction_all
20230807,1773577873564700 ,JP,JP,,1/1/00 0:00,6.2519,6.6243,7/8/23 15:00,2.16,Auction Ads,auction_all
20230807,1773577873582120 ,JP,JP,,1/1/00 0:00,7.1472,6.6243,7/8/23 15:00,2.16,Auction Ads,auction_all
20230807,1773577874382850 ,JP,JP,,1/1/00 0:00,5.9699,6.6243,7/8/23 15:00,2.16,Auction Ads,auction_all
20230807,1773582199126030 ,OM,Other,,1/1/00 0:00,5.8344,4.4993,7/8/23 15:00,1.62,RIE,Ad Group Recall (Merged)
20230807,1773583258039290 ,IL,IL,,1/1/00 0:00,0.16,1.6387,7/8/23 15:00,1.52,Auction Ads,auction_relation
20230807,1773583217228840 ,IL,IL,,1/1/00 0:00,0.27,1.6387,7/8/23 15:00,1.52,Auction Ads,auction_relation
20230807,1773218630499360 ,GB,GB,,1/1/00 0:00,19.3402,0,7/8/23 15:00,1.76,Auction Ads,auction_relation
20230807,1773582927850530 ,MX,MX,,1/1/00 0:00,5.2,4.3725,7/8/23 15:01,1.99,Auction Ads,auction_all
20230807,1773430272986110 ,SA,,,1/1/00 0:00,3.6226,0.6646,7/8/23 15:01,0.54,Non-Auction Ads,Promote
20230807,1773582719124480 ,KH,,,1/1/00 0:00,0.0568,0.1114,7/8/23 15:01,0.54,Non-Auction Ads,Promote
20230807,1773583255810080 ,ID,ID,,1/1/00 0:00,2.1679,0.6713,7/8/23 15:01,1.8,Auction Ads,auction_relation
20230807,1773583255808030 ,ID,ID,,1/1/00 0:00,2.2935,0.6713,7/8/23 15:01,1.8,Auction Ads,auction_relation
20230807,1773581490719740 ,BR,,,1/1/00 0:00,3.7714,0.8961,7/8/23 15:01,0.54,Non-Auction Ads,Promote
20230807,1773582881869840 ,MX,MX,,1/1/00 0:00,0.79,4.3725,7/8/23 15:02,1.99,Auction Ads,auction_all
20230807,1773539198528510 ,VN,,,1/1/00 0:00,,1.899,7/8/23 15:01,0.54,Non-Auction Ads,Promote
20230807,1773564126423040 ,KW,,,1/1/00 0:00,1.6465,3.5077,7/8/23 15:02,0.54,Non-Auction Ads,Promote
20230807,1773582440857600 ,PH,,,1/1/00 0:00,0.0952,0,7/8/23 15:01,0.54,Non-Auction Ads,Promote
20230807,1773578962599940 ,ES,,,1/1/00 0:00,8.9455,2.3353,7/8/23 15:02,0.54,Non-Auction Ads,Promote
20230807,1773582682038330 ,PH,,,1/1/00 0:00,0.0756,0,7/8/23 15:01,0.54,Non-Auction Ads,Promote
20230807,1773218412122110 ,GB,GB,,1/1/00 0:00,25.0772,0,7/8/23 15:01,1.76,Auction Ads,auction_relation
20230807,1773218412122110 ,GB,GB,,1/1/00 0:00,25.0772,0,7/8/23 15:01,1.76,Auction Ads,auction_relation
20230807,1773577696079870 ,TR,,,1/1/00 0:00,0.4489,0.5141,7/8/23 15:02,0.54,Non-Auction Ads,Promote
20230807,1773582170040320 ,JP,,,1/1/00 0:00,0.9233,1.1493,7/8/23 15:02,0.54,Non-Auction Ads,Promote
20230807,1773582918033400 ,TR,,,1/1/00 0:00,21.0936,2.1693,7/8/23 15:02,0.54,Non-Auction Ads,Promote
20230807,1773583370575870 ,SA,,,1/1/00 0:00,31.299,23.2054,7/8/23 15:08,0.54,Non-Auction Ads,Promote
20230807,1773571116183550 ,TH,,,1/1/00 0:00,0.1526,0.5986,7/8/23 15:02,0.54,Non-Auction Ads,Promote
20230807,1773581559455740 ,BR,,,1/1/00 0:00,0.0924,0.1258,7/8/23 15:02,0.54,Non-Auction Ads,Promote
20230807,1773556696023050 ,GB,GB,,1/1/00 0:00,8.33,1.421,7/8/23 15:03,1.76,Auction Ads,auction_relation
20230807,1773579621881890 ,IQ,Others,,1/1/00 0:00,0.04,4.3599,7/8/23 15:04,1.56,Auction Ads,auction_all
20230807,1773579621881890 ,IQ,Other,,1/1/00 0:00,0.04,4.3599,7/8/23 15:04,1.62,RIE,Ad Group Recall (Merged)
20230807,1773555503346720 ,GB,GB,,1/1/00 0:00,13.41,0.7283,7/8/23 15:03,1.76,Auction Ads,auction_relation
20230807,1773579494304800 ,PL,PL,,1/1/00 0:00,12.5998,13.8676,7/8/23 15:06,1.64,Auction Ads,auction_relation
20230807,1773568642582530 ,KW,,,1/1/00 0:00,1.8285,1.2098,7/8/23 15:03,0.54,Non-Auction Ads,Promote
20230807,1773579462935550 ,ES,,,1/1/00 0:00,2.7178,1.4086,7/8/23 15:03,0.54,Non-Auction Ads,Promote
20230807,1773583575060490 ,BR,BR,,1/1/00 0:00,90.14,27.2469,7/8/23 15:09,1.99,Auction Ads,auction_all
20230807,1773583197240320 ,MX,MX,,1/1/00 0:00,1.14,4.3725,7/8/23 15:04,1.99,Auction Ads,auction_all
20230807,1773583490477100 ,PK,PK,,1/1/00 0:00,6.91,1.8537,7/8/23 15:03,1.36,Auction Ads,auction_relation
20230807,1773582346658820 ,GR,,,1/1/00 0:00,1.089,0.6419,7/8/23 15:03,0.54,Non-Auction Ads,Promote
20230807,1773430568423420 ,SA,,,1/1/00 0:00,0.4703,2.9244,7/8/23 15:04,0.54,Non-Auction Ads,Promote
20230807,1773571135168510 ,TH,,,1/1/00 0:00,0.338,0.54,7/8/23 15:04,0.54,Non-Auction Ads,Promote
20230807,1773539428408320 ,VN,,,1/1/00 0:00,0.1634,0.2698,7/8/23 15:04,0.54,Non-Auction Ads,Promote
20230807,1773582812684290 ,MY,,,1/1/00 0:00,0.2088,0.6744,7/8/23 15:04,0.54,Non-Auction Ads,Promote
20230807,1773583297197150 ,BR,BR,,1/1/00 0:00,2.0621,2.0001,7/8/23 15:04,1.7,RIE,Ad Group Recall (Merged)
20230807,1773581956707330 ,BR,,,1/1/00 0:00,2.0684,0.4315,7/8/23 15:04,0.54,Non-Auction Ads,Promote
20230807,1773579571825680 ,PL,PL,,1/1/00 0:00,12.679,13.8676,7/8/23 15:08,1.64,Auction Ads,auction_relation
20230807,1773584995979340 ,GR,GR,,1/1/00 0:00,12.1909,15.6628,7/8/23 15:08,2.11,Auction Ads,auction_relation
20230807,1773565012392960 ,CA,,,1/1/00 0:00,1.4952,6.3248,7/8/23 15:06,0.54,Non-Auction Ads,Promote
20230807,1773571225997310 ,TH,,,1/1/00 0:00,0.142,0.2325,7/8/23 15:04,0.54,Non-Auction Ads,Promote
20230807,1773582755944440 ,ID,,,1/1/00 0:00,1.9359,0.2638,7/8/23 15:04,0.54,Non-Auction Ads,Promote
20230807,1773574025996280 ,KW,,,1/1/00 0:00,1.5326,0.6846,7/8/23 15:04,0.54,Non-Auction Ads,Promote
20230807,1773583261371440 ,TH,TH,,1/1/00 0:00,2.653,2.7407,7/8/23 15:05,1.64,Auction Ads,auction_relation
20230807,1773582975311870 ,MY,,,1/1/00 0:00,0.4698,0.7223,7/8/23 15:05,0.54,Non-Auction Ads,Promote
20230807,1773571661824000 ,TH,,,1/1/00 0:00,0.5897,1.3134,7/8/23 15:05,0.54,Non-Auction Ads,Promote
20230807,1773430638224380 ,SA,,,1/1/00 0:00,0.9065,0.8317,7/8/23 15:05,0.54,Non-Auction Ads,Promote
20230807,1773574608734210 ,KW,,,1/1/00 0:00,7.6137,2.8611,7/8/23 15:05,0.54,Non-Auction Ads,Promote
20230807,1773581991957500 ,BR,,,1/1/00 0:00,1.1059,1.2275,7/8/23 15:05,0.54,Non-Auction Ads,Promote
20230807,1773583160131580 ,TH,,,1/1/00 0:00,5.17,2.3919,7/8/23 15:05,1.53,RIE,Promote Report Recall
20230807,1773564804343810 ,CA,,,1/1/00 0:00,0.7925,1.1101,7/8/23 15:05,0.54,Non-Auction Ads,Promote
20230807,1773539610665980 ,VN,,,1/1/00 0:00,0.2134,0.4854,7/8/23 15:05,0.54,Non-Auction Ads,Promote
20230807,1773581310838790 ,BR,,,1/1/00 0:00,2.0397,0.5578,7/8/23 15:05,0.54,Non-Auction Ads,Promote
20230807,1773583424465920 ,BR,BR,,1/1/00 0:00,123.43,27.2469,7/8/23 15:11,1.99,Auction Ads,auction_all
20230807,1773583424465920 ,BR,BR,,1/1/00 0:00,123.43,27.2469,7/8/23 15:11,1.7,RIE,Ad Group Recall (Merged)
20230807,1773583157662720 ,SA,,,1/1/00 0:00,1.2849,0.6398,7/8/23 15:06,1.53,RIE,Promote Report Recall
20230807,1773539363889150 ,VN,,,1/1/00 0:00,0.1289,1.3575,7/8/23 15:06,0.54,Non-Auction Ads,Promote
20230807,1773571586358270 ,TH,,,1/1/00 0:00,0.0944,0.4883,7/8/23 15:06,0.54,Non-Auction Ads,Promote
20230807,1773571477553150 ,TH,,,1/1/00 0:00,0.1172,0.2607,7/8/23 15:06,0.54,Non-Auction Ads,Promote
20230807,1773583178637310 ,BR,,,1/1/00 0:00,1.2046,0.868,7/8/23 15:06,1.53,RIE,Promote Report Recall
20230807,1773582991854590 ,MY,,,1/1/00 0:00,0.3183,0.7223,7/8/23 15:06,0.54,Non-Auction Ads,Promote
20230807,1773430936385530 ,SA,,,1/1/00 0:00,1.741,0.7773,7/8/23 15:06,0.54,Non-Auction Ads,Promote
20230807,1773580193733680 ,HU,Other,,1/1/00 0:00,8.5769,1.8934,7/8/23 15:07,1.62,RIE,Ad Group Recall (Merged)
20230807,1773580193733680 ,HU,Others,,1/1/00 0:00,8.5769,1.8934,7/8/23 15:07,1.56,Auction Ads,auction_all
20230807,1773583265958910 ,VN,,,1/1/00 0:00,0,0.2181,7/8/23 15:06,1.53,RIE,Promote Report Recall
20230807,1773583320509470 ,ID,ID,,1/1/00 0:00,0.03,1.395,7/8/23 15:07,1.8,Auction Ads,auction_relation
20230807,1773583350004730 ,SA,,,1/1/00 0:00,50.643,7.7849,7/8/23 15:09,0.54,Non-Auction Ads,Promote
20230807,1773581962195970 ,BR,,,1/1/00 0:00,0.9604,0.2816,7/8/23 15:07,0.54,Non-Auction Ads,Promote
20230807,1773583183416320 ,TR,,,1/1/00 0:00,2.7969,0.6514,7/8/23 15:07,1.53,RIE,Promote Report Recall
20230807,1773431318846460 ,SA,,,1/1/00 0:00,7.2052,4.1902,7/8/23 15:08,0.54,Non-Auction Ads,Promote
20230807,1773583152866300 ,MY,,,1/1/00 0:00,0.3139,0.7223,7/8/23 15:07,0.54,Non-Auction Ads,Promote
20230807,1773580035824640 ,ID,,,1/1/00 0:00,0.2143,1.9039,7/8/23 15:08,0.54,Non-Auction Ads,Promote
20230807,1773583771405340 ,IQ,Others,,1/1/00 0:00,0.84,2.346,7/8/23 15:08,1.56,Auction Ads,auction_all
20230807,1773539544861690 ,VN,,,1/1/00 0:00,0.2173,0.4202,7/8/23 15:08,0.54,Non-Auction Ads,Promote
20230807,1773579801464880 ,PL,PL,,1/1/00 0:00,20.4522,18.7043,7/8/23 15:11,1.64,Auction Ads,auction_relation
20230807,1773587349209100 ,US,USCA,,1/1/00 0:00,1.24,5.421,7/8/23 15:09,1.78,Auction Ads,auction_relation
20230807,1773587359957000 ,US,USCA,,1/1/00 0:00,1.22,5.421,7/8/23 15:09,1.78,Auction Ads,auction_relation
20230807,1773582582200320 ,KW,,,1/1/00 0:00,1.4644,2.0442,7/8/23 15:08,0.54,Non-Auction Ads,Promote
20230807,1773561347318780 ,MY,MY,,1/1/00 0:00,,30.3816,7/8/23 15:14,2.31,Auction Ads,auction_relation
20230807,1773576348720160 ,IL,IL,,1/1/00 0:00,22.97,16.1709,7/8/23 15:11,1.52,Auction Ads,auction_relation
20230807,1773583248840700 ,PH,,,1/1/00 0:00,0.2692,0.4798,7/8/23 15:08,0.54,Non-Auction Ads,Promote
20230807,1773585487950860 ,BR,BR,,1/1/00 0:00,,27.2469,7/8/23 15:13,1.99,Auction Ads,auction_all
20230807,1773583406053370 ,ID,,,1/1/00 0:00,0.4063,1.8159,7/8/23 15:09,1.53,RIE,Promote Report Recall
20230807,1773583455435800 ,TH,TH,,1/1/00 0:00,3.3425,2.7407,7/8/23 15:09,1.64,Auction Ads,auction_relation
20230807,1773572100113410 ,TH,,,1/1/00 0:00,0.1312,0.4839,7/8/23 15:09,0.54,Non-Auction Ads,Promote
20230807,1773585538579470 ,PK,PK,,1/1/00 0:00,3.1,3.4385,7/8/23 15:09,1.36,Auction Ads,auction_relation
20230807,1773539284460540 ,VN,,,1/1/00 0:00,0.6376,1.1174,7/8/23 15:09,0.54,Non-Auction Ads,Promote
20230807,1773582126872580 ,BR,,,1/1/00 0:00,0.9461,0.5226,7/8/23 15:09,0.54,Non-Auction Ads,Promote
20230807,1773583548323850 ,TH,TH,,1/1/00 0:00,1.5476,2.7407,7/8/23 15:10,1.64,Auction Ads,auction_relation
20230807,1773585760724010 ,PE,PE,,1/1/00 0:00,2.0126,0,7/8/23 15:09,1.68,Auction Ads,auction_all
20230807,1773540086268920 ,VN,,,1/1/00 0:00,0.1014,0.3239,7/8/23 15:10,0.54,Non-Auction Ads,Promote
20230807,1773569670085630 ,CA,,,1/1/00 0:00,0.9496,1.1616,7/8/23 15:10,0.54,Non-Auction Ads,Promote
20230807,1773579962881020 ,PL,PL,,1/1/00 0:00,20.9801,18.7043,7/8/23 15:13,1.64,Auction Ads,auction_relation
20230807,1773580912681980 ,US,USCA,,1/1/00 0:00,,70.7201,7/8/23 15:25,1.78,Auction Ads,auction_relation
20230807,1773582480332800 ,BR,,,1/1/00 0:00,1.8364,0.5414,7/8/23 15:10,0.54,Non-Auction Ads,Promote
20230807,1773583544642560 ,IL,,,1/1/00 0:00,50.7376,10.1748,7/8/23 15:11,0.54,Non-Auction Ads,Promote
20230807,1773580702814220 ,NL,NL,,1/1/00 0:00,6.833,5.9029,7/8/23 15:10,1.19,Auction Ads,auction_relation
20230807,1773580702814220 ,HU,Others,,1/1/00 0:00,6.833,5.9029,7/8/23 15:10,1.56,Auction Ads,auction_all
20230807,1773580702814220 ,SE,SE,,1/1/00 0:00,6.833,5.9029,7/8/23 15:10,1.4,Auction Ads,auction_relation
20230807,1773580702814220 ,IE,IE,,1/1/00 0:00,6.833,5.9029,7/8/23 15:10,1.52,Auction Ads,auction_relation
20230807,1773580702814220 ,BE,BE,,1/1/00 0:00,6.833,5.9029,7/8/23 15:10,1.15,Auction Ads,auction_relation
20230807,1773580702814220 ,ZA,ZA,,1/1/00 0:00,6.833,5.9029,7/8/23 15:10,1.4,Auction Ads,auction_relation
20230807,1773580702814220 ,NO,Others,,1/1/00 0:00,6.833,5.9029,7/8/23 15:10,1.56,Auction Ads,auction_all
20230807,1773580702814220 ,PL,PL,,1/1/00 0:00,6.833,5.9029,7/8/23 15:10,1.64,Auction Ads,auction_relation
20230807,1773580702814220 ,AT,AT,,1/1/00 0:00,6.833,5.9029,7/8/23 15:10,0.89,Auction Ads,auction_relation
20230807,1773580702814220 ,PT,PT,,1/1/00 0:00,6.833,5.9029,7/8/23 15:10,1.98,Auction Ads,auction_relation
20230807,1773580702814220 ,FR,FR,,1/1/00 0:00,6.833,5.9029,7/8/23 15:10,1.97,Auction Ads,auction_relation
20230807,1773580702814220 ,GR,GR,,1/1/00 0:00,6.833,5.9029,7/8/23 15:10,2.11,Auction Ads,auction_relation
20230807,1773580702814220 ,DK,DK,,1/1/00 0:00,6.833,5.9029,7/8/23 15:10,1.31,Auction Ads,auction_relation
20230807,1773580702814220 ,DE,DE,,1/1/00 0:00,6.833,5.9029,7/8/23 15:10,1.01,Auction Ads,auction_relation
20230807,1773580702814220 ,PL,PL,,1/1/00 0:00,6.833,5.9029,7/8/23 15:10,1.64,Auction Ads,auction_relation
20230807,1773580702814220 ,RO,RO,,1/1/00 0:00,6.833,5.9029,7/8/23 15:10,1.94,Auction Ads,auction_relation
20230807,1773580702814220 ,FI,Others,,1/1/00 0:00,6.833,5.9029,7/8/23 15:10,1.56,Auction Ads,auction_all
20230807,1773580702814220 ,CH,CH,,1/1/00 0:00,6.833,5.9029,7/8/23 15:10,0.93,Auction Ads,auction_relation
20230807,1773583671683080 ,IQ,Others,,1/1/00 0:00,13.66,6.1084,7/8/23 15:11,1.56,Auction Ads,auction_all
20230807,1773583671683080 ,IQ,Other,,1/1/00 0:00,13.66,6.1084,7/8/23 15:11,1.62,RIE,Ad Group Recall (Merged)
20230807,1773570016664630 ,US,,,1/1/00 0:00,4.36,8.414,7/8/23 15:12,0.54,Non-Auction Ads,Promote
20230807,1773570236422140 ,US,,,1/1/00 0:00,1.93,0,7/8/23 15:11,0.54,Non-Auction Ads,Promote
20230807,1773583573514270 ,RO,RO,,1/1/00 0:00,0.05,1.9851,7/8/23 15:11,1.94,Auction Ads,auction_relation
20230807,1773583386443770 ,JP,,,1/1/00 0:00,32.613,30.6125,7/8/23 15:19,0.54,Non-Auction Ads,Promote
20230807,1773583544919070 ,MX,MX,,1/1/00 0:00,6.2353,6.665,7/8/23 15:12,1.99,Auction Ads,auction_all
20230807,1773585166433280 ,SA,,,1/1/00 0:00,412.5602,113.0557,7/8/23 15:38,0.54,Non-Auction Ads,Promote
20230807,1773579392022580 ,SE,,,1/1/00 0:00,3.5955,9.0482,7/8/23 15:13,0.54,Non-Auction Ads,Promote
20230807,1773583488969730 ,RO,,,1/1/00 0:00,8.1604,4.3473,7/8/23 15:12,0.54,Non-Auction Ads,Promote
20230807,1773571724058620 ,TH,,,1/1/00 0:00,0.2097,0.5746,7/8/23 15:12,0.54,Non-Auction Ads,Promote
20230807,1773583607891960 ,VN,,,1/1/00 0:00,4.6832,2.8498,7/8/23 15:12,1.53,RIE,Promote Report Recall
20230807,1773579171575810 ,SE,,,1/1/00 0:00,4.0684,4.8886,7/8/23 15:13,0.54,Non-Auction Ads,Promote
20230807,1773553999142920 ,ID,ID,,1/1/00 0:00,1.5022,3.0424,7/8/23 15:13,1.8,Auction Ads,auction_relation
20230807,1773583492013060 ,TH,,,1/1/00 0:00,2.95,0.6996,7/8/23 15:12,1.53,RIE,Promote Report Recall
20230807,1773577313075200 ,TR,,,1/1/00 0:00,0.3238,0.6255,7/8/23 15:12,0.54,Non-Auction Ads,Promote
20230807,1773583678767130 ,CA,USCA,,1/1/00 0:00,3.32,4.1858,7/8/23 15:13,1.78,Auction Ads,auction_relation
20230807,1773571591073790 ,TH,,,1/1/00 0:00,0.2055,1.6903,7/8/23 15:13,0.54,Non-Auction Ads,Promote
20230807,1773583498326010 ,PH,,,1/1/00 0:00,0.6738,0.6161,7/8/23 15:13,0.54,Non-Auction Ads,Promote
20230807,1773587105249310 ,AU,AU,,1/1/00 0:00,14.58,600.4213,7/8/23 17:06,1.84,Auction Ads,auction_relation
20230807,1773587105249310 ,NZ,NZ,,1/1/00 0:00,14.58,600.4213,7/8/23 17:06,1.58,Auction Ads,auction_relation
20230807,1773583875314730 ,BR,BR,,1/1/00 0:00,6.87,1.7328,7/8/23 15:14,1.99,Auction Ads,auction_all
20230807,1773581143255070 ,US,USCA,,1/1/00 0:00,70.23,19.498,7/8/23 15:18,1.78,Auction Ads,auction_relation
20230807,1773555304973320 ,GB,GB,,1/1/00 0:00,9.43,0.7283,7/8/23 15:14,1.76,Auction Ads,auction_relation
20230807,1773583387067390 ,IL,,,1/1/00 0:00,2.3264,1.7556,7/8/23 15:14,0.54,Non-Auction Ads,Promote
20230807,1773572374877250 ,TH,,,1/1/00 0:00,0.2967,0.3225,7/8/23 15:14,0.54,Non-Auction Ads,Promote
20230807,1773568463755260 ,CA,,,1/1/00 0:00,0.8824,1.0697,7/8/23 15:14,0.54,Non-Auction Ads,Promote
20230807,1773584170465310 ,TH,TH,,1/1/00 0:00,5.7042,8.1899,7/8/23 15:16,1.64,Auction Ads,auction_relation
20230807,1773579321874430 ,SE,,,1/1/00 0:00,4.061,4.8886,7/8/23 15:15,0.54,Non-Auction Ads,Promote
20230807,1773581140096010 ,US,USCA,,1/1/00 0:00,78.65,70.7201,7/8/23 15:30,1.78,Auction Ads,auction_relation
20230807,1773583642064900 ,BR,,,1/1/00 0:00,0.0308,0.4208,7/8/23 15:14,1.53,RIE,Promote Report Recall
20230807,1773584050859050 ,PK,PK,,1/1/00 0:00,3.36,2.5,7/8/23 15:15,1.36,Auction Ads,auction_relation
20230807,1773572339293180 ,TH,,,1/1/00 0:00,0.2573,0.5306,7/8/23 15:14,0.54,Non-Auction Ads,Promote
20230807,1773583242499070 ,TH,,,1/1/00 0:00,4.55,9.01,7/8/23 15:17,1.53,RIE,Promote Report Recall
20230807,1773572458180610 ,TH,,,1/1/00 0:00,0.4171,0.5226,7/8/23 15:15,0.54,Non-Auction Ads,Promote
20230807,1773582755148800 ,ES,,,1/1/00 0:00,1.7494,1.1045,7/8/23 15:15,0.54,Non-Auction Ads,Promote
20230807,1773570099503100 ,US,,,1/1/00 0:00,0.8487,0.5637,7/8/23 15:15,0.54,Non-Auction Ads,Promote
20230807,1773570989803520 ,US,,,1/1/00 0:00,2.46,2.5,7/8/23 15:15,0.54,Non-Auction Ads,Promote
20230807,1773583736709150 ,BE,,,1/1/00 0:00,2.8058,1.0338,7/8/23 15:15,1.53,RIE,Promote Report Recall
20230807,1773583844825130 ,NZ,NZ,,1/1/00 0:00,0.02,1.9851,7/8/23 15:15,1.58,Auction Ads,auction_relation
20230807,1773583844825130 ,AU,AU,,1/1/00 0:00,0.02,1.9851,7/8/23 15:15,1.84,Auction Ads,auction_relation
20230807,1773580519501850 ,US,US&CA,,1/1/00 0:00,57.17,26.0222,7/8/23 15:22,1.81,RIE,Ad Group Recall (Merged)
20230807,1773583808093180 ,IL,,,1/1/00 0:00,12.2664,3.7767,7/8/23 15:16,0.54,Non-Auction Ads,Promote
20230807,1773569671793660 ,US,,,1/1/00 0:00,1.93,4.456,7/8/23 15:16,0.54,Non-Auction Ads,Promote
20230807,1773580271037470 ,HU,Other,,1/1/00 0:00,2.9571,3.453,7/8/23 15:16,1.62,RIE,Ad Group Recall (Merged)
20230807,1773431819059200 ,SA,,,1/1/00 0:00,0.6344,0.2933,7/8/23 15:15,0.54,Non-Auction Ads,Promote
20230807,1773431819059200 ,SA,,,1/1/00 0:00,0.6344,0.2933,7/8/23 15:15,0.54,Non-Auction Ads,Promote
20230807,1773580273439760 ,US,USCA,,1/1/00 0:00,,9.0909,7/8/23 15:18,1.78,Auction Ads,auction_relation
20230807,1773580273461240 ,US,USCA,,1/1/00 0:00,,9.0909,7/8/23 15:18,1.78,Auction Ads,auction_relation
20230807,1773580240538650 ,US,USCA,,1/1/00 0:00,,9.0909,7/8/23 15:18,1.78,Auction Ads,auction_relation
20230807,1773583867548670 ,US,USCA,,1/1/00 0:00,,0.7979,7/8/23 15:16,1.78,Auction Ads,auction_relation
20230807,1773584079882290 ,PK,PK,,1/1/00 0:00,0.98,0.3404,7/8/23 15:16,1.36,Auction Ads,auction_relation
20230807,1773580380106750 ,GB,GB,,1/1/00 0:00,5.68,18.4225,7/8/23 15:20,1.76,Auction Ads,auction_relation
20230807,1773571974377470 ,TH,,,1/1/00 0:00,4.5216,3.4426,7/8/23 15:17,0.54,Non-Auction Ads,Promote
20230807,1773582750105630 ,BR,,,1/1/00 0:00,11.6177,0.3878,7/8/23 15:16,0.54,Non-Auction Ads,Promote
20230807,1773582636512260 ,BR,,,1/1/00 0:00,1.0466,0.4989,7/8/23 15:16,0.54,Non-Auction Ads,Promote
20230807,1773580829650970 ,RO,RO,,1/1/00 0:00,,2.1716,7/8/23 15:17,1.94,Auction Ads,auction_relation
20230807,1773583714368510 ,MY,,,1/1/00 0:00,3.651,2.1894,7/8/23 15:17,0.54,Non-Auction Ads,Promote
20230807,1773580683988000 ,US,USCA,,1/1/00 0:00,,26.0222,7/8/23 15:24,1.78,Auction Ads,auction_relation
20230807,1773583665664000 ,MY,,,1/1/00 0:00,0.2327,0.7223,7/8/23 15:17,0.54,Non-Auction Ads,Promote
20230807,1773571588693010 ,US,,,1/1/00 0:00,2.29,1.9639,7/8/23 15:18,0.54,Non-Auction Ads,Promote
20230807,1773583791869950 ,PH,,,1/1/00 0:00,0.0591,0.2003,7/8/23 15:17,0.54,Non-Auction Ads,Promote
20230807,1773583919512570 ,SA,,,1/1/00 0:00,17.0383,2.4809,7/8/23 15:18,0.54,Non-Auction Ads,Promote
20230807,1773583867735040 ,VN,,,1/1/00 0:00,0.0672,0.2426,7/8/23 15:17,1.53,RIE,Promote Report Recall
20230807,1773580354852890 ,RO,RO,,1/1/00 0:00,1.4897,3.4872,7/8/23 15:18,1.94,Auction Ads,auction_relation
20230807,1773581035277340 ,US,USCA,,1/1/00 0:00,,30.3616,7/8/23 15:24,1.78,Auction Ads,auction_relation
20230807,1773572668818430 ,TH,,,1/1/00 0:00,0.1391,0.3357,7/8/23 15:18,0.54,Non-Auction Ads,Promote
20230807,1773522702380030 ,SA,,,1/1/00 0:00,1.1248,1.0671,7/8/23 15:18,0.54,Non-Auction Ads,Promote
20230807,1773584541721630 ,US,USCA,,1/1/00 0:00,19.32,13.4336,7/8/23 15:21,1.78,Auction Ads,auction_relation
20230807,1773584004696110 ,ES,,,1/1/00 0:00,1.9916,1.3919,7/8/23 15:18,1.53,RIE,Promote Report Recall
20230807,1773583873929210 ,TR,,,1/1/00 0:00,0.0026,0.7934,7/8/23 15:18,1.53,RIE,Promote Report Recall
20230807,1773580513898490 ,JP,JP,,1/1/00 0:00,2.04,18.4225,7/8/23 15:23,2.16,Auction Ads,auction_all
20230807,1773580513898490 ,JP,JP,,1/1/00 0:00,2.04,18.4225,7/8/23 15:23,2.16,Auction Ads,auction_all
20230807,1773585511037950 ,SA,,,1/1/00 0:00,296.3338,113.0557,7/8/23 15:43,0.54,Non-Auction Ads,Promote
20230807,1773580441310270 ,DE,DE,,1/1/00 0:00,,7.0442,7/8/23 15:20,1.01,Auction Ads,auction_relation
20230807,1773571725841410 ,CA,,,1/1/00 0:00,0.8302,0.8629,7/8/23 15:19,0.54,Non-Auction Ads,Promote
20230807,1773583975965690 ,SA,,,1/1/00 0:00,23.6543,2.7742,7/8/23 15:19,0.54,Non-Auction Ads,Promote
20230807,1773523061940220 ,SA,,,1/1/00 0:00,3.8464,3.9041,7/8/23 15:19,0.54,Non-Auction Ads,Promote
20230807,1773584201382940 ,IQ,Others,,1/1/00 0:00,12.89,1.1367,7/8/23 15:19,1.56,Auction Ads,auction_all
20230807,1773584042488830 ,VN,,,1/1/00 0:00,0.0852,0.416,7/8/23 15:19,1.53,RIE,Promote Report Recall
20230807,1773584134640670 ,US,USCA,,1/1/00 0:00,2.76,4.1858,7/8/23 15:20,1.78,Auction Ads,auction_relation
20230807,1773522802233340 ,SA,,,1/1/00 0:00,0.7224,0.2822,7/8/23 15:19,0.54,Non-Auction Ads,Promote
20230807,1773584201465900 ,ES,ES,,1/1/00 0:00,,7.7437,7/8/23 15:21,1.37,Auction Ads,auction_relation
20230807,1773584077130750 ,SA,,,1/1/00 0:00,17.6541,2.5242,7/8/23 15:19,0.54,Non-Auction Ads,Promote
20230807,1773572749491200 ,TH,,,1/1/00 0:00,0.1217,0.3967,7/8/23 15:19,0.54,Non-Auction Ads,Promote
20230807,1773584251465740 ,PK,PK,,1/1/00 0:00,2.31,2.5,7/8/23 15:20,1.36,Auction Ads,auction_relation
20230807,1773583982439420 ,BR,,,1/1/00 0:00,2.5505,0.5446,7/8/23 15:19,1.53,RIE,Promote Report Recall
20230807,1773580290665470 ,HU,Other,,1/1/00 0:00,3.0373,3.453,7/8/23 15:20,1.62,RIE,Ad Group Recall (Merged)
20230807,1773580642378780 ,RO,RO,,1/1/00 0:00,5.23,18.4225,7/8/23 15:24,1.94,Auction Ads,auction_relation
20230807,1773432729962490 ,SA,,,1/1/00 0:00,4.1903,2.4865,7/8/23 15:20,0.54,Non-Auction Ads,Promote
20230807,1773584868199420 ,BR,BR,,1/1/00 0:00,,6.0165,7/8/23 15:21,1.99,Auction Ads,auction_all
20230807,1773572837471230 ,TH,,,1/1/00 0:00,0.2718,0.8785,7/8/23 15:20,0.54,Non-Auction Ads,Promote
20230807,1773584105251840 ,US,,,1/1/00 0:00,2.12,2.5,7/8/23 15:21,1.53,RIE,Promote Report Recall
20230807,1773523639318520 ,SA,,,1/1/00 0:00,38.1603,15.869,7/8/23 15:24,0.54,Non-Auction Ads,Promote
20230807,1773584096808960 ,BE,,,1/1/00 0:00,2.7948,1.0338,7/8/23 15:21,1.53,RIE,Promote Report Recall
20230807,1773580649942010 ,ID,,,1/1/00 0:00,0.0725,0.314,7/8/23 15:21,0.54,Non-Auction Ads,Promote
20230807,1773571791444990 ,US,,,1/1/00 0:00,13.08,4,7/8/23 15:22,0.54,Non-Auction Ads,Promote
20230807,1773580844925980 ,US,USCA,,1/1/00 0:00,,26.0222,7/8/23 15:26,1.78,Auction Ads,auction_relation
20230807,1773580223066110 ,ID,,,1/1/00 0:00,0.1173,0.159,7/8/23 15:21,0.54,Non-Auction Ads,Promote
20230807,1773580485344300 ,HU,Other,,1/1/00 0:00,1.1051,3.453,7/8/23 15:22,1.62,RIE,Ad Group Recall (Merged)
20230807,1773523424574460 ,SA,,,1/1/00 0:00,1.2315,1.1283,7/8/23 15:22,0.54,Non-Auction Ads,Promote
20230807,1773580758572110 ,EG,MENA,,1/1/00 0:00,,4.3696,7/8/23 15:22,1.78,Auction Ads,auction_relation
20230807,1773583676171260 ,JP,,,1/1/00 0:00,2.1568,2.8494,7/8/23 15:22,0.54,Non-Auction Ads,Promote
20230807,1773584191950850 ,NL,,,1/1/00 0:00,10.5517,3.9495,7/8/23 15:23,0.54,Non-Auction Ads,Promote
20230807,1773580262147070 ,ID,,,1/1/00 0:00,0.7599,0.1312,7/8/23 15:22,0.54,Non-Auction Ads,Promote
20230807,1773580791659530 ,CH,CH,,1/1/00 0:00,3.1799,13.0507,7/8/23 15:24,0.93,Auction Ads,auction_relation
20230807,1773580791659530 ,AT,AT,,1/1/00 0:00,3.1799,13.0507,7/8/23 15:24,0.89,Auction Ads,auction_relation
20230807,1773580791659530 ,AT,AT,,1/1/00 0:00,3.1799,13.0507,7/8/23 15:24,0.89,Auction Ads,auction_relation
20230807,1773584960457720 ,MY,MY,,1/1/00 0:00,1.7102,0.9748,7/8/23 15:22,2.31,Auction Ads,auction_relation
20230807,1773585813099530 ,TR,TR,,1/1/00 0:00,3.0833,5.4381,7/8/23 15:23,0.83,Auction Ads,auction_relation
20230807,1773580527764480 ,HU,Other,,1/1/00 0:00,2.9438,3.453,7/8/23 15:23,1.62,RIE,Ad Group Recall (Merged)
20230807,1773584265651200 ,GR,,,1/1/00 0:00,13.4565,5.6451,7/8/23 15:24,0.54,Non-Auction Ads,Promote
20230807,1773585674924080 ,ID,ID,,1/1/00 0:00,,101.245,7/8/23 15:43,1.8,Auction Ads,auction_relation
20230807,1773580879992830 ,DE,DE,,1/1/00 0:00,6.4916,7.0442,7/8/23 15:24,1.01,Auction Ads,auction_relation
20230807,1773584183540730 ,PH,,,1/1/00 0:00,0.1116,0.1424,7/8/23 15:22,0.54,Non-Auction Ads,Promote
20230807,1773571645495300 ,US,,,1/1/00 0:00,1.87,1.4821,7/8/23 15:23,0.54,Non-Auction Ads,Promote
20230807,1773584424154120 ,PK,PK,,1/1/00 0:00,4.52,2.5,7/8/23 15:23,1.36,Auction Ads,auction_relation
20230807,1773579141343230 ,TR,,,1/1/00 0:00,0.4016,0.224,7/8/23 15:23,0.54,Non-Auction Ads,Promote
20230807,1773571880050690 ,US,,,1/1/00 0:00,2,1.6667,7/8/23 15:23,0.54,Non-Auction Ads,Promote
20230807,1773581067284590 ,US,USCA,,1/1/00 0:00,10.25,12.5903,7/8/23 15:25,1.78,Auction Ads,auction_relation
20230807,1773584864975870 ,SE,Other,,1/1/00 0:00,8.55,8.9878,7/8/23 15:25,1.62,RIE,Ad Group Recall (Merged)
20230807,1773580649269260 ,HU,Other,,1/1/00 0:00,3.1486,3.453,7/8/23 15:24,1.62,RIE,Ad Group Recall (Merged)
20230807,1773432722527230 ,SA,,,1/1/00 0:00,0.7544,0.7865,7/8/23 15:24,0.54,Non-Auction Ads,Promote
20230807,1773584077094910 ,MY,,,1/1/00 0:00,0.4633,0.3308,7/8/23 15:24,0.54,Non-Auction Ads,Promote
20230807,1773501366113280 ,AE,,,1/1/00 0:00,2.0502,1.7465,7/8/23 15:24,0.54,Non-Auction Ads,Promote
20230807,1773523776839680 ,SA,,,1/1/00 0:00,1.0342,0.3713,7/8/23 15:24,0.54,Non-Auction Ads,Promote
20230807,1773584424336380 ,SA,,,1/1/00 0:00,50.6217,11.0426,7/8/23 15:26,0.54,Non-Auction Ads,Promote
20230807,1773584919579690 ,FI,Others,,1/1/00 0:00,7.21,5.3345,7/8/23 15:25,1.56,Auction Ads,auction_all
20230807,1773599509099520 ,US,USCA,,1/1/00 0:00,,6.1278,7/8/23 15:25,1.78,Auction Ads,auction_relation
20230807,1773584085219330 ,MY,,,1/1/00 0:00,0.1714,0.2417,7/8/23 15:24,0.54,Non-Auction Ads,Promote
20230807,1773580915486770 ,DE,DE,,1/1/00 0:00,3.11,13.6537,7/8/23 15:27,1.01,Auction Ads,auction_relation
20230807,1773572731413500 ,CA,,,1/1/00 0:00,3.1402,2.1406,7/8/23 15:24,0.54,Non-Auction Ads,Promote
20230807,1773572873428990 ,US,,,1/1/00 0:00,0,15.0867,7/8/23 15:27,0.54,Non-Auction Ads,Promote
20230807,1773584085994490 ,KR,,,1/1/00 0:00,1.5935,5.4284,7/8/23 15:25,0.54,Non-Auction Ads,Promote
20230807,1773584453517310 ,SA,,,1/1/00 0:00,63.8188,11.0426,7/8/23 15:27,0.54,Non-Auction Ads,Promote
20230807,1773579268112380 ,TR,,,1/1/00 0:00,0.3934,0.4755,7/8/23 15:24,0.54,Non-Auction Ads,Promote
20230807,1773584698368010 ,US,USCA,,1/1/00 0:00,14.83,13.4336,7/8/23 15:27,1.78,Auction Ads,auction_relation
20230807,1773585335855100 ,PE,PE,,1/1/00 0:00,,4.3254,7/8/23 15:25,1.68,Auction Ads,auction_all
20230807,1773580702048250 ,ID,,,1/1/00 0:00,0.1371,0.3966,7/8/23 15:24,0.54,Non-Auction Ads,Promote
20230807,1773584568405010 ,KH,KH,,1/1/00 0:00,0.27,2.5473,7/8/23 15:25,1.5,Auction Ads,auction_relation
20230807,1773584798207020 ,NL,NL,,1/1/00 0:00,26.187,13.6206,7/8/23 15:27,1.19,Auction Ads,auction_relation
20230807,1773584798207020 ,BE,BE,,1/1/00 0:00,26.187,13.6206,7/8/23 15:27,1.15,Auction Ads,auction_relation
20230807,1773584406764540 ,SA,,,1/1/00 0:00,1.5514,0.7757,7/8/23 15:25,1.53,RIE,Promote Report Recall
20230807,1773584548416530 ,PK,PK,,1/1/00 0:00,1.67,2.5,7/8/23 15:25,1.36,Auction Ads,auction_relation
20230807,1773584486545400 ,SA,,,1/1/00 0:00,48.4681,3.3293,7/8/23 15:26,0.54,Non-Auction Ads,Promote
20230807,1773584818918430 ,TR,TR,,1/1/00 0:00,15.24,4.4934,7/8/23 15:26,0.83,Auction Ads,auction_relation
20230807,1773580958799870 ,ID,,,1/1/00 0:00,0.137,0.1876,7/8/23 15:25,0.54,Non-Auction Ads,Promote
20230807,1773581069118510 ,AT,AT,,1/1/00 0:00,2.6187,15.2062,7/8/23 15:29,0.89,Auction Ads,auction_relation
20230807,1773581039486970 ,ID,,,1/1/00 0:00,0.0792,0.7948,7/8/23 15:26,0.54,Non-Auction Ads,Promote
20230807,1773580515551230 ,ID,,,1/1/00 0:00,0.1084,0.2404,7/8/23 15:26,0.54,Non-Auction Ads,Promote
20230807,1773584434402300 ,VN,,,1/1/00 0:00,0.07,0.1611,7/8/23 15:26,1.53,RIE,Promote Report Recall
20230807,1773572922956800 ,TH,,,1/1/00 0:00,0.1304,0.2375,7/8/23 15:26,0.54,Non-Auction Ads,Promote
20230807,1773581061439490 ,ID,,,1/1/00 0:00,1.7736,3.5463,7/8/23 15:27,0.54,Non-Auction Ads,Promote
20230807,1773584475306040 ,IL,,,1/1/00 0:00,0.4625,0.5707,7/8/23 15:26,1.53,RIE,Promote Report Recall
20230807,1773580959287290 ,ID,,,1/1/00 0:00,0.1304,0.2237,7/8/23 15:27,0.54,Non-Auction Ads,Promote
20230807,1773584593453080 ,PK,PK,,1/1/00 0:00,1.17,0.3853,7/8/23 15:27,1.36,Auction Ads,auction_relation
20230807,1773572856699900 ,TH,,,1/1/00 0:00,0.1698,0.7193,7/8/23 15:27,0.54,Non-Auction Ads,Promote
20230807,1773573313797140 ,CA,,,1/1/00 0:00,0.7778,1.1396,7/8/23 15:27,0.54,Non-Auction Ads,Promote
20230807,1773584680631340 ,PK,PK,,1/1/00 0:00,4.75,2.5,7/8/23 15:28,1.36,Auction Ads,auction_relation
20230807,1773580867001370 ,HU,Other,,1/1/00 0:00,2.8304,3.453,7/8/23 15:28,1.62,RIE,Ad Group Recall (Merged)
20230807,1773584865503240 ,IQ,Others,,1/1/00 0:00,9.03,0.2443,7/8/23 15:27,1.56,Auction Ads,auction_all
20230807,1773572999087100 ,TH,,,1/1/00 0:00,0.1968,0.537,7/8/23 15:28,0.54,Non-Auction Ads,Promote
20230807,1773573420563460 ,US,,,1/1/00 0:00,4.23,2.5,7/8/23 15:28,0.54,Non-Auction Ads,Promote
20230807,1773584493588480 ,MY,,,1/1/00 0:00,4.551,1.2213,7/8/23 15:28,0.54,Non-Auction Ads,Promote
20230807,1773573130451970 ,TH,,,1/1/00 0:00,0.1275,0.6873,7/8/23 15:28,0.54,Non-Auction Ads,Promote
20230807,1773503262647290 ,AE,,,1/1/00 0:00,2.0936,2.6518,7/8/23 15:29,0.54,Non-Auction Ads,Promote
20230807,1773583059224580 ,GR,,,1/1/00 0:00,4.9292,0,7/8/23 15:28,0.54,Non-Auction Ads,Promote
20230807,1773583208474730 ,DE,DE,,1/1/00 0:00,0.6491,84.1259,7/8/23 15:47,1.01,Auction Ads,auction_relation
20230807,1773580223448070 ,ES,,,1/1/00 0:00,0.055,2.2169,7/8/23 15:29,0.54,Non-Auction Ads,Promote
20230807,1773586373294080 ,BR,BR,,1/1/00 0:00,0.5542,2.3415,7/8/23 15:29,1.99,Auction Ads,auction_all
20230807,1773584506388480 ,MY,,,1/1/00 0:00,0.2723,0.3301,7/8/23 15:29,0.54,Non-Auction Ads,Promote
20230807,1773580485286910 ,TR,,,1/1/00 0:00,0.3914,0.5141,7/8/23 15:29,0.54,Non-Auction Ads,Promote
20230807,1773572883125290 ,BR,BR,,1/1/00 0:00,,0,7/8/23 15:29,1.99,Auction Ads,auction_all
20230807,1773584467650560 ,MY,,,1/1/00 0:00,0.2328,0.5931,7/8/23 15:29,0.54,Non-Auction Ads,Promote
20230807,1773549049646130 ,AU,AU,,1/1/00 0:00,8.19,3.1136,7/8/23 15:30,1.84,Auction Ads,auction_relation
20230807,1773573237039100 ,TH,,,1/1/00 0:00,0.3227,0.5004,7/8/23 15:29,0.54,Non-Auction Ads,Promote
20230807,1773582724450300 ,BR,,,1/1/00 0:00,2.1216,0.8262,7/8/23 15:29,0.54,Non-Auction Ads,Promote
20230807,1773583675671580 ,OM,Other,,1/1/00 0:00,,4.4993,7/8/23 15:30,1.62,RIE,Ad Group Recall (Merged)
20230807,1773580823314430 ,ID,,,1/1/00 0:00,0.9124,3.1087,7/8/23 15:30,0.54,Non-Auction Ads,Promote
20230807,1773584431879210 ,SE,SE,,1/1/00 0:00,0.2075,1.2814,7/8/23 15:30,1.4,Auction Ads,auction_relation
20230807,1773584431874090 ,SE,SE,,1/1/00 0:00,0.0784,1.2814,7/8/23 15:30,1.4,Auction Ads,auction_relation
20230807,1773584431883310 ,SE,SE,,1/1/00 0:00,0.1501,1.2814,7/8/23 15:30,1.4,Auction Ads,auction_relation
20230807,1773573557095430 ,US,,,1/1/00 0:00,1.91,1.518,7/8/23 15:30,0.54,Non-Auction Ads,Promote
20230807,1773583476146220 ,OM,Other,,1/1/00 0:00,5.1866,4.4993,7/8/23 15:30,1.62,RIE,Ad Group Recall (Merged)
20230807,1773504003579900 ,AE,,,1/1/00 0:00,3.433,2.1267,7/8/23 15:30,0.54,Non-Auction Ads,Promote
20230807,1773581423570990 ,IT,IT,,1/1/00 0:00,6.2277,13.0304,7/8/23 15:33,1.36,Auction Ads,auction_relation
20230807,1773584379257850 ,PH,,,1/1/00 0:00,0.0111,0.316,7/8/23 15:30,0.54,Non-Auction Ads,Promote
20230807,1773581185516540 ,ID,,,1/1/00 0:00,0.1041,0.2484,7/8/23 15:30,0.54,Non-Auction Ads,Promote
20230807,1773573102148600 ,TH,,,1/1/00 0:00,0.1523,0.4851,7/8/23 15:31,0.54,Non-Auction Ads,Promote
20230807,1773559647796270 ,BR,BR,,1/1/00 0:00,14.43,0,7/8/23 15:31,1.99,Auction Ads,auction_all
20230807,1773584459428860 ,FR,,,1/1/00 0:00,1.8594,1.412,7/8/23 15:31,0.54,Non-Auction Ads,Promote
20230807,1773592630117390 ,US,USCA,,1/1/00 0:00,,4.221,7/8/23 15:32,1.78,Auction Ads,auction_relation
20230807,1773580769300480 ,ID,,,1/1/00 0:00,0.0982,0.7125,7/8/23 15:31,0.54,Non-Auction Ads,Promote
20230807,1773540544890880 ,VN,,,1/1/00 0:00,0.0872,0.1946,7/8/23 15:31,0.54,Non-Auction Ads,Promote
20230807,1773584915671070 ,PK,PK,,1/1/00 0:00,2.77,2.5,7/8/23 15:31,1.36,Auction Ads,auction_relation
20230807,1773586153480200 ,PL,PL,,1/1/00 0:00,46.6,82.4709,7/8/23 15:51,1.64,Auction Ads,auction_relation
20230807,1773584495243260 ,TR,,,1/1/00 0:00,1.5792,0.8909,7/8/23 15:31,1.53,RIE,Promote Report Recall
20230807,1773584566755330 ,KH,,,1/1/00 0:00,0.3907,0.4583,7/8/23 15:31,0.54,Non-Auction Ads,Promote
20230807,1773585355822090 ,ID,ID,,1/1/00 0:00,1.7352,6.3203,7/8/23 15:32,1.8,Auction Ads,auction_relation
20230807,1773573339124740 ,US,,,1/1/00 0:00,1.93,1.5385,7/8/23 15:31,0.54,Non-Auction Ads,Promote
20230807,1773581108182010 ,TR,,,1/1/00 0:00,0.7511,1.0212,7/8/23 15:31,0.54,Non-Auction Ads,Promote
20230807,1773573266806780 ,TH,,,1/1/00 0:00,0.0208,1.4526,7/8/23 15:31,0.54,Non-Auction Ads,Promote
20230807,1773584205641730 ,PL,,,1/1/00 0:00,2.1896,2.3123,7/8/23 15:32,0.54,Non-Auction Ads,Promote
20230807,1773585004109820 ,US,USCA,,1/1/00 0:00,,0.303,7/8/23 15:32,1.78,Auction Ads,auction_relation
20230807,1773585020926970 ,TR,TR,,1/1/00 0:00,12.55,4.4934,7/8/23 15:32,0.83,Auction Ads,auction_relation
20230807,1773583455173630 ,GR,,,1/1/00 0:00,0.935,1.3399,7/8/23 15:32,0.54,Non-Auction Ads,Promote
20230807,1773573353093120 ,TH,,,1/1/00 0:00,0.2424,0.4414,7/8/23 15:32,0.54,Non-Auction Ads,Promote
20230807,1773573376486400 ,TH,,,1/1/00 0:00,0.5302,0.8583,7/8/23 15:32,0.54,Non-Auction Ads,Promote
20230807,1773524725795840 ,SA,,,1/1/00 0:00,0.5707,0.4275,7/8/23 15:32,0.54,Non-Auction Ads,Promote
20230807,1773584814061570 ,TR,,,1/1/00 0:00,0.0134,0.1092,7/8/23 15:32,1.53,RIE,Promote Report Recall
20230807,1773584252943360 ,PH,,,1/1/00 0:00,0.1101,0.2062,7/8/23 15:32,0.54,Non-Auction Ads,Promote
20230807,1773584514704380 ,BR,,,1/1/00 0:00,1.2785,0.2816,7/8/23 15:32,1.53,RIE,Promote Report Recall
20230807,1773585152143360 ,FR,,,1/1/00 0:00,50.1736,15.7036,7/8/23 15:36,0.54,Non-Auction Ads,Promote
20230807,1773585314755630 ,ID,ID,,1/1/00 0:00,1.9853,3.0108,7/8/23 15:33,1.8,Auction Ads,auction_relation
20230807,1773573466696700 ,TH,,,1/1/00 0:00,0.1636,0.2925,7/8/23 15:33,0.54,Non-Auction Ads,Promote
20230807,1773573476912120 ,TH,,,1/1/00 0:00,0.1788,0.3547,7/8/23 15:33,0.54,Non-Auction Ads,Promote
20230807,1773581093738490 ,ID,,,1/1/00 0:00,0.1138,0.2987,7/8/23 15:33,0.54,Non-Auction Ads,Promote
20230807,1773581493047320 ,GR,GR,,1/1/00 0:00,13.73,3.6021,7/8/23 15:34,2.11,Auction Ads,auction_relation
20230807,1773581493047320 ,RO,RO,,1/1/00 0:00,13.73,3.6021,7/8/23 15:34,1.94,Auction Ads,auction_relation
20230807,1773581862984700 ,US,USCA,,1/1/00 0:00,8.4942,29.0771,7/8/23 15:39,1.78,Auction Ads,auction_relation
20230807,1773573193605120 ,TH,,,1/1/00 0:00,0.2917,0.3065,7/8/23 15:33,0.54,Non-Auction Ads,Promote
20230807,1773505915387900 ,AE,,,1/1/00 0:00,0.8029,0.9448,7/8/23 15:33,0.54,Non-Auction Ads,Promote
20230807,1773586453907500 ,CO,CO,,1/1/00 0:00,2.429,1.0922,7/8/23 15:34,1.93,Auction Ads,auction_all
20230807,1773585193455630 ,TR,TR,,1/1/00 0:00,13.53,4.4934,7/8/23 15:35,0.83,Auction Ads,auction_relation
20230807,1773573730910210 ,US,,,1/1/00 0:00,3.65,4.6644,7/8/23 15:35,0.54,Non-Auction Ads,Promote
20230807,1773583260306430 ,BR,,,1/1/00 0:00,0.977,0.4073,7/8/23 15:34,0.54,Non-Auction Ads,Promote
20230807,1773573440708670 ,TH,,,1/1/00 0:00,0.1937,0.5354,7/8/23 15:34,0.54,Non-Auction Ads,Promote
20230807,1773574824587280 ,US,,,1/1/00 0:00,5.72,9.0571,7/8/23 15:36,0.54,Non-Auction Ads,Promote
20230807,1773584866724860 ,MY,,,1/1/00 0:00,0.1582,0.5931,7/8/23 15:34,0.54,Non-Auction Ads,Promote
20230807,1773585599449130 ,PE,Other,,1/1/00 0:00,3.119,1.1667,7/8/23 15:35,1.62,RIE,Ad Group Recall (Merged)
20230807,1773585092801530 ,SA,MENA,,1/1/00 0:00,10.75,1.95,7/8/23 15:35,1.67,RIE,Ad Group Recall (Merged)
20230807,1773573573284860 ,TH,,,1/1/00 0:00,0.0811,0.2428,7/8/23 15:35,0.54,Non-Auction Ads,Promote
20230807,1773584860579840 ,PL,,,1/1/00 0:00,0.9022,0.6581,7/8/23 15:35,0.54,Non-Auction Ads,Promote
20230807,1773581362915360 ,HU,Other,,1/1/00 0:00,2.826,3.453,7/8/23 15:35,1.62,RIE,Ad Group Recall (Merged)
20230807,1773574504557600 ,CA,,,1/1/00 0:00,0.9571,1.109,7/8/23 15:35,0.54,Non-Auction Ads,Promote
20230807,1773560770224170 ,MY,MY,,1/1/00 0:00,79.85,188.3629,7/8/23 16:00,1.43,Non-Auction Ads,R&F
20230807,1773562238375980 ,MY,MY,,1/1/00 0:00,50.77,188.3629,7/8/23 16:00,1.43,Non-Auction Ads,R&F
20230807,1773560770224170 ,MY,MY,,1/1/00 0:00,79.85,188.3629,7/8/23 16:00,1.43,Non-Auction Ads,R&F
20230807,1773573713902590 ,TH,,,1/1/00 0:00,0.1699,0.1741,7/8/23 15:35,0.54,Non-Auction Ads,Promote
20230807,1773584754347000 ,MY,,,1/1/00 0:00,0.1385,0.5931,7/8/23 15:35,0.54,Non-Auction Ads,Promote
20230807,1773582982924290 ,BR,,,1/1/00 0:00,4.2251,1.1079,7/8/23 15:35,0.54,Non-Auction Ads,Promote
20230807,1773585081801720 ,JP,,,1/1/00 0:00,0.317,0.5034,7/8/23 15:35,1.53,RIE,Promote Report Recall
20230807,1773583191186430 ,BR,,,1/1/00 0:00,1.6643,3.2549,7/8/23 15:36,0.54,Non-Auction Ads,Promote
20230807,1773585405432860 ,BR,BR,,1/1/00 0:00,0,0.8532,7/8/23 15:36,1.99,Auction Ads,auction_all
20230807,1773585405442040 ,BR,BR,,1/1/00 0:00,0.0699,0.8532,7/8/23 15:36,1.99,Auction Ads,auction_all
20230807,1773585157113850 ,SA,,,1/1/00 0:00,27.0397,5.0271,7/8/23 15:37,0.54,Non-Auction Ads,Promote
20230807,1773581067417600 ,ID,,,1/1/00 0:00,0.2964,1.4206,7/8/23 15:36,0.54,Non-Auction Ads,Promote
20230807,1773524827079680 ,SA,,,1/1/00 0:00,1.4873,0.7358,7/8/23 15:36,0.54,Non-Auction Ads,Promote
20230807,1773581497531390 ,HU,Others,,1/1/00 0:00,8.2403,8.7711,7/8/23 15:38,1.56,Auction Ads,auction_all
20230807,1773583423444990 ,GR,,,1/1/00 0:00,2.1676,0.8275,7/8/23 15:36,0.54,Non-Auction Ads,Promote
20230807,1773586051309600 ,PK,PK,,1/1/00 0:00,0.32,3.74,7/8/23 15:37,1.36,Auction Ads,auction_relation
20230807,1773575689336830 ,US,,,1/1/00 0:00,6.27,14.7534,7/8/23 15:39,0.54,Non-Auction Ads,Promote
20230807,1773541302070270 ,VN,,,1/1/00 0:00,0.1276,0.3125,7/8/23 15:36,0.54,Non-Auction Ads,Promote
20230807,1773575188035590 ,US,,,1/1/00 0:00,3.9,1.4286,7/8/23 15:37,0.54,Non-Auction Ads,Promote
20230807,1773573619653630 ,TH,,,1/1/00 0:00,0.1411,0.2428,7/8/23 15:36,0.54,Non-Auction Ads,Promote
20230807,1773585768744990 ,BR,BR,,1/1/00 0:00,55.53,41.8361,7/8/23 15:45,1.99,Auction Ads,auction_all
20230807,1773581465970690 ,HU,Other,,1/1/00 0:00,2.7883,3.453,7/8/23 15:37,1.62,RIE,Ad Group Recall (Merged)
20230807,1773575265762300 ,US,,,1/1/00 0:00,11.98,4.0842,7/8/23 15:37,0.54,Non-Auction Ads,Promote
20230807,1773585014162430 ,PH,,,1/1/00 0:00,0.0671,0.4785,7/8/23 15:37,0.54,Non-Auction Ads,Promote
20230807,1773573785558010 ,TH,,,1/1/00 0:00,0.061,0.5131,7/8/23 15:37,0.54,Non-Auction Ads,Promote
20230807,1773584621262850 ,JP,,,1/1/00 0:00,0.6272,1.7368,7/8/23 15:37,0.54,Non-Auction Ads,Promote
20230807,1773584935471100 ,FR,,,1/1/00 0:00,4.5992,2.5604,7/8/23 15:37,0.54,Non-Auction Ads,Promote
20230807,1773585041190910 ,MY,,,1/1/00 0:00,3.2493,2.6322,7/8/23 15:38,0.54,Non-Auction Ads,Promote
20230807,1773581388660730 ,TR,,,1/1/00 0:00,0.16,0.1024,7/8/23 15:37,0.54,Non-Auction Ads,Promote
20230807,1773573664903170 ,TH,,,1/1/00 0:00,0.1397,0.2419,7/8/23 15:38,0.54,Non-Auction Ads,Promote
20230807,1773582287117360 ,NL,NL,,1/1/00 0:00,36.8703,38.2338,7/8/23 15:45,1.19,Auction Ads,auction_relation
20230807,1773582287117360 ,IE,IE,,1/1/00 0:00,36.8703,38.2338,7/8/23 15:45,1.52,Auction Ads,auction_relation
20230807,1773585270900780 ,TH,TH,,1/1/00 0:00,,0.64,7/8/23 15:38,1.64,Auction Ads,auction_relation
20230807,1773583589922860 ,GR,,,1/1/00 0:00,2.2336,0.8275,7/8/23 15:38,0.54,Non-Auction Ads,Promote
20230807,1773541317534780 ,VN,,,1/1/00 0:00,0.0091,0.3253,7/8/23 15:38,0.54,Non-Auction Ads,Promote
20230807,1773573715546110 ,TH,,,1/1/00 0:00,0.3409,1.068,7/8/23 15:38,0.54,Non-Auction Ads,Promote
20230807,1773585939948540 ,BR,BR,,1/1/00 0:00,52.91,41.8361,7/8/23 15:47,1.99,Auction Ads,auction_all
20230807,1773581611843580 ,TR,,,1/1/00 0:00,0.3507,0.1978,7/8/23 15:38,0.54,Non-Auction Ads,Promote
20230807,1773581708288040 ,HU,Other,,1/1/00 0:00,19.7754,11.3713,7/8/23 15:41,1.62,RIE,Ad Group Recall (Merged)
20230807,1773524914734080 ,SA,,,1/1/00 0:00,0.7518,0.0213,7/8/23 15:38,0.54,Non-Auction Ads,Promote
20230807,1773563322591240 ,SG,SG,,1/1/00 0:00,7.2866,172.5202,7/8/23 16:00,1.94,Auction Ads,auction_relation
20230807,1773585388950520 ,ID,ID,,1/1/00 0:00,,2.4209,7/8/23 15:38,1.8,Auction Ads,auction_relation
20230807,1773585268734970 ,SA,,,1/1/00 0:00,42.5078,5.5294,7/8/23 15:39,0.54,Non-Auction Ads,Promote
20230807,1773581282561020 ,ID,,,1/1/00 0:00,0.4388,0.2657,7/8/23 15:39,0.54,Non-Auction Ads,Promote
20230807,1773581436002300 ,ID,,,1/1/00 0:00,0.1912,0.2657,7/8/23 15:39,0.54,Non-Auction Ads,Promote
20230807,1773581555606530 ,TR,,,1/1/00 0:00,0.4328,0.7241,7/8/23 15:39,0.54,Non-Auction Ads,Promote
20230807,1773581664903180 ,HU,Other,,1/1/00 0:00,2.7903,3.453,7/8/23 15:40,1.62,RIE,Ad Group Recall (Merged)
20230807,1773585270929410 ,MY,,,1/1/00 0:00,0.2415,1.2621,7/8/23 15:39,1.53,RIE,Promote Report Recall
20230807,1773585503845440 ,PK,PK,,1/1/00 0:00,1.29,0.2969,7/8/23 15:39,1.36,Auction Ads,auction_relation
20230807,1773585532393580 ,MY,MY,,1/1/00 0:00,,0.0175,7/8/23 15:39,2.31,Auction Ads,auction_relation
20230807,1773586153480220 ,BR,BR,,1/1/00 0:00,53.41,41.8361,7/8/23 15:50,1.99,Auction Ads,auction_all
20230807,1773575751171070 ,US,,,1/1/00 0:00,2.08,0.8824,7/8/23 15:39,0.54,Non-Auction Ads,Promote
20230807,1773585060853760 ,PH,,,1/1/00 0:00,0.0697,0.1797,7/8/23 15:39,0.54,Non-Auction Ads,Promote
20230807,1773575479467010 ,US,,,1/1/00 0:00,4.49,4.89,7/8/23 15:41,0.54,Non-Auction Ads,Promote
20230807,1773575880498180 ,US,,,1/1/00 0:00,5.94,2.2222,7/8/23 15:40,0.54,Non-Auction Ads,Promote
20230807,1773585472030750 ,BE,Other,,1/1/00 0:00,18.92,7.7437,7/8/23 15:42,1.62,RIE,Ad Group Recall (Merged)
20230807,1773581645061120 ,TR,,,1/1/00 0:00,0.3474,0.1978,7/8/23 15:40,0.54,Non-Auction Ads,Promote
20230807,1773574197751800 ,TH,,,1/1/00 0:00,0.1274,0.3957,7/8/23 15:40,0.54,Non-Auction Ads,Promote
20230807,1773585932874750 ,BR,BR,,1/1/00 0:00,,0.6156,7/8/23 15:40,1.99,Auction Ads,auction_all
20230807,1773585486576680 ,ES,ES,,1/1/00 0:00,,7.7437,7/8/23 15:42,1.37,Auction Ads,auction_relation
20230807,1773585479438350 ,ES,ES,,1/1/00 0:00,,7.7437,7/8/23 15:42,1.37,Auction Ads,auction_relation
20230807,1773574110870520 ,TH,,,1/1/00 0:00,0.2287,0.5284,7/8/23 15:41,0.54,Non-Auction Ads,Promote
20230807,1773585639870490 ,BR,BR,,1/1/00 0:00,2.4426,4.0172,7/8/23 15:41,1.99,Auction Ads,auction_all
20230807,1773585481141290 ,ES,ES,,1/1/00 0:00,5.2,7.7437,7/8/23 15:42,1.37,Auction Ads,auction_relation
20230807,1773585497223210 ,ES,ES,,1/1/00 0:00,,7.7437,7/8/23 15:42,1.37,Auction Ads,auction_relation
20230807,1773585499629580 ,ID,ID,,1/1/00 0:00,,0.0127,7/8/23 15:41,1.8,Auction Ads,auction_relation
20230807,1773586779783200 ,TH,TH,,1/1/00 0:00,0.1757,6.4785,7/8/23 15:42,1.64,Auction Ads,auction_relation
20230807,1773574052511740 ,TH,,,1/1/00 0:00,0.3106,0.3019,7/8/23 15:41,0.54,Non-Auction Ads,Promote
20230807,1773574402448380 ,TH,,,1/1/00 0:00,0.1218,0.2844,7/8/23 15:41,0.54,Non-Auction Ads,Promote
20230807,1773585870643200 ,MX,MX,,1/1/00 0:00,3.789,8.9064,7/8/23 15:43,1.99,Auction Ads,auction_all
20230807,1773574138600450 ,TH,,,1/1/00 0:00,0.2091,0.4395,7/8/23 15:41,0.54,Non-Auction Ads,Promote
20230807,1773526149741560 ,SA,,,1/1/00 0:00,0.7038,0.328,7/8/23 15:41,0.54,Non-Auction Ads,Promote
20230807,1773585077800980 ,PT,,,1/1/00 0:00,1.7934,1.5226,7/8/23 15:41,0.54,Non-Auction Ads,Promote
20230807,1773574305976320 ,TH,,,1/1/00 0:00,0.2884,0.462,7/8/23 15:41,0.54,Non-Auction Ads,Promote
20230807,1773576403590150 ,US,,,1/1/00 0:00,3.26,5.5714,7/8/23 15:42,0.54,Non-Auction Ads,Promote
20230807,1773574820886540 ,CA,,,1/1/00 0:00,1.8018,1.2355,7/8/23 15:42,0.54,Non-Auction Ads,Promote
20230807,1773585419299840 ,SA,,,1/1/00 0:00,0.0774,0.3496,7/8/23 15:42,1.53,RIE,Promote Report Recall
20230807,1773581782605820 ,US,USCA,,1/1/00 0:00,14.64,7.87,7/8/23 15:43,1.78,Auction Ads,auction_relation
20230807,1773574148115450 ,TH,,,1/1/00 0:00,0.108,0.2844,7/8/23 15:42,0.54,Non-Auction Ads,Promote
20230807,1773586299211810 ,BR,BR,,1/1/00 0:00,53.82,41.8361,7/8/23 15:53,1.99,Auction Ads,auction_all
20230807,1773583527225350 ,GR,,,1/1/00 0:00,1.1113,1.0605,7/8/23 15:42,0.54,Non-Auction Ads,Promote
20230807,1773586080628750 ,MA,Other,,1/1/00 0:00,0.32,8.63,7/8/23 15:44,1.62,RIE,Ad Group Recall (Merged)
20230807,1773527096623100 ,SA,,,1/1/00 0:00,0.6797,0.4983,7/8/23 15:42,0.54,Non-Auction Ads,Promote
20230807,1773525364868090 ,SA,,,1/1/00 0:00,0.5997,0.711,7/8/23 15:42,0.54,Non-Auction Ads,Promote
20230807,1773582144910380 ,TR,TR,,1/1/00 0:00,8.19,7.0035,7/8/23 15:43,0.83,Auction Ads,auction_relation
20230807,1773582144910380 ,US,USCA,,1/1/00 0:00,8.19,7.0035,7/8/23 15:43,1.78,Auction Ads,auction_relation
20230807,1773584541720680 ,US,USCA,,1/1/00 0:00,,267.2506,7/8/23 16:25,1.78,Auction Ads,auction_relation
20230807,1773581252151290 ,ID,,,1/1/00 0:00,0.1672,0.4488,7/8/23 15:42,0.54,Non-Auction Ads,Promote
20230807,1773558219738110 ,MY,,,1/1/00 0:00,0.5818,0.7878,7/8/23 15:43,0.54,Non-Auction Ads,Promote
20230807,1773585404653570 ,ES,,,1/1/00 0:00,0.495,0.2419,7/8/23 15:43,0.54,Non-Auction Ads,Promote
20230807,1773541508608000 ,VN,,,1/1/00 0:00,0.5724,1.5004,7/8/23 15:43,0.54,Non-Auction Ads,Promote
20230807,1773585548246060 ,MY,MY,,1/1/00 0:00,,0.0175,7/8/23 15:43,2.31,Auction Ads,auction_relation
20230807,1773581300950010 ,ID,,,1/1/00 0:00,0.8618,1.1474,7/8/23 15:43,0.54,Non-Auction Ads,Promote
20230807,1773574394802170 ,TH,,,1/1/00 0:00,0.3441,1.4774,7/8/23 15:43,0.54,Non-Auction Ads,Promote
20230807,1773585510375420 ,SA,,,1/1/00 0:00,1.5274,7.2416,7/8/23 15:44,1.53,RIE,Promote Report Recall
20230807,1773584831553530 ,JP,,,1/1/00 0:00,0.3098,0.8215,7/8/23 15:43,0.54,Non-Auction Ads,Promote
20230807,1773560907525160 ,GB,GB,,1/1/00 0:00,2.47,6.1736,7/8/23 15:45,1.76,Auction Ads,auction_relation
20230807,1773581861237800 ,TR,TR,,1/1/00 0:00,7.9553,0.153,7/8/23 15:43,0.83,Auction Ads,auction_relation
20230807,1773574725112830 ,TH,,,1/1/00 0:00,0.0467,1.4526,7/8/23 15:44,0.54,Non-Auction Ads,Promote
20230807,1773587348553770 ,US,USCA,,1/1/00 0:00,14.63,183.5933,7/8/23 16:06,1.78,Auction Ads,auction_relation
20230807,1773585409906740 ,IT,,,1/1/00 0:00,2.4427,1.5703,7/8/23 15:44,1.53,RIE,Promote Report Recall
20230807,1773576813147230 ,US,,,1/1/00 0:00,2.11,3.1638,7/8/23 15:44,0.54,Non-Auction Ads,Promote
20230807,1773581155872770 ,ID,,,1/1/00 0:00,0.1161,0.139,7/8/23 15:44,0.54,Non-Auction Ads,Promote
20230807,1773585648676860 ,KW,,,1/1/00 0:00,39.667,6.8466,7/8/23 15:45,0.54,Non-Auction Ads,Promote
20230807,1773574638850040 ,TH,,,1/1/00 0:00,0.1889,0.9466,7/8/23 15:44,0.54,Non-Auction Ads,Promote
20230807,1773582895360000 ,TR,,,1/1/00 0:00,0.4675,0.1274,7/8/23 15:44,0.54,Non-Auction Ads,Promote
20230807,1773586103954450 ,KH,KH,,1/1/00 0:00,5.44,12.108,7/8/23 15:48,1.5,Auction Ads,auction_relation
20230807,1773585767468050 ,PK,PK,,1/1/00 0:00,,0.1714,7/8/23 15:44,1.36,Auction Ads,auction_relation
20230807,1773541339681790 ,VN,,,1/1/00 0:00,0.4245,1.079,7/8/23 15:45,0.54,Non-Auction Ads,Promote
20230807,1773574832761850 ,TH,,,1/1/00 0:00,0.1106,0.4743,7/8/23 15:45,0.54,Non-Auction Ads,Promote
20230807,1773586183188480 ,TH,TH,,1/1/00 0:00,1.7735,8.3238,7/8/23 15:48,1.64,Auction Ads,auction_relation
20230807,1773582974657530 ,TR,,,1/1/00 0:00,0.3561,0.1524,7/8/23 15:45,0.54,Non-Auction Ads,Promote
20230807,1773581637472250 ,ID,,,1/1/00 0:00,0.1018,0.3212,7/8/23 15:45,0.54,Non-Auction Ads,Promote
20230807,1773586125055010 ,PK,PK,,1/1/00 0:00,1.2,1.9407,7/8/23 15:46,1.36,Auction Ads,auction_relation
20230807,1773574747779070 ,TH,,,1/1/00 0:00,0.0269,1.4526,7/8/23 15:46,0.54,Non-Auction Ads,Promote
20230807,1773582726682620 ,TR,,,1/1/00 0:00,1.0449,0.3114,7/8/23 15:46,0.54,Non-Auction Ads,Promote
20230807,1773585602020350 ,ID,,,1/1/00 0:00,0.1618,0.5444,7/8/23 15:46,1.53,RIE,Promote Report Recall
20230807,1773582127899660 ,HU,Other,,1/1/00 0:00,2.9462,3.453,7/8/23 15:47,1.62,RIE,Ad Group Recall (Merged)
20230807,1773582701474860 ,RO,RO,,1/1/00 0:00,14.4885,20.5651,7/8/23 15:52,1.94,Auction Ads,auction_relation
20230807,1773582701474860 ,PT,PT,,1/1/00 0:00,14.4885,20.5651,7/8/23 15:52,1.98,Auction Ads,auction_relation
20230807,1773582701474860 ,HU,Others,,1/1/00 0:00,14.4885,20.5651,7/8/23 15:52,1.56,Auction Ads,auction_all
20230807,1773582701474860 ,PL,PL,,1/1/00 0:00,14.4885,20.5651,7/8/23 15:52,1.64,Auction Ads,auction_relation
20230807,1773582701474860 ,FI,Others,,1/1/00 0:00,14.4885,20.5651,7/8/23 15:52,1.56,Auction Ads,auction_all
20230807,1773582701474860 ,GR,GR,,1/1/00 0:00,14.4885,20.5651,7/8/23 15:52,2.11,Auction Ads,auction_relation
20230807,1773582701474860 ,AT,AT,,1/1/00 0:00,14.4885,20.5651,7/8/23 15:52,0.89,Auction Ads,auction_relation
20230807,1773582701474860 ,SE,SE,,1/1/00 0:00,14.4885,20.5651,7/8/23 15:52,1.4,Auction Ads,auction_relation
20230807,1773581887080450 ,ID,,,1/1/00 0:00,0.0622,0.3212,7/8/23 15:47,0.54,Non-Auction Ads,Promote
20230807,1773575034050560 ,TH,,,1/1/00 0:00,0.0816,0.6931,7/8/23 15:47,0.54,Non-Auction Ads,Promote
20230807,1773583468949500 ,TR,,,1/1/00 0:00,1.6278,1.0504,7/8/23 15:47,0.54,Non-Auction Ads,Promote
20230807,1773576673678340 ,US,,,1/1/00 0:00,41.48,10.1176,7/8/23 15:49,0.54,Non-Auction Ads,Promote
20230807,1773576235697150 ,US,,,1/1/00 0:00,4.05,1.9538,7/8/23 15:47,0.54,Non-Auction Ads,Promote
20230807,1773585554222080 ,FR,,,1/1/00 0:00,1.7164,0.4971,7/8/23 15:47,0.54,Non-Auction Ads,Promote
20230807,1773574836310010 ,TH,,,1/1/00 0:00,1.0838,1.3468,7/8/23 15:48,0.54,Non-Auction Ads,Promote
20230807,1773585510837270 ,SE,,,1/1/00 0:00,3.9014,1.9484,7/8/23 15:48,0.54,Non-Auction Ads,Promote
20230807,1773586481086460 ,ID,ID,,1/1/00 0:00,0.0606,8.9156,7/8/23 15:51,1.8,Auction Ads,auction_relation
20230807,1773586952652800 ,TH,TH,,1/1/00 0:00,0.2014,19.8189,7/8/23 15:54,1.64,Auction Ads,auction_relation
20230807,1773591671291920 ,US,US&CA,,1/1/00 0:00,82.5,354.2647,7/8/23 16:51,1.81,RIE,Ad Group Recall (Merged)
20230807,1773574946715640 ,TH,,,1/1/00 0:00,0.2038,0.9011,7/8/23 15:48,0.54,Non-Auction Ads,Promote
20230807,1773586418849790 ,MX,MX,,1/1/00 0:00,4.1424,15.1627,7/8/23 15:52,1.99,Auction Ads,auction_all
20230807,1773585936450560 ,ID,,,1/1/00 0:00,2.8084,4.1218,7/8/23 15:50,1.53,RIE,Promote Report Recall
20230807,1773586001066010 ,BR,BR,,1/1/00 0:00,,0.4821,7/8/23 15:49,1.99,Auction Ads,auction_all
20230807,1773585981500410 ,BR,BR,,1/1/00 0:00,,0.4821,7/8/23 15:49,1.99,Auction Ads,auction_all
20230807,1773585981451290 ,BR,BR,,1/1/00 0:00,,0.4821,7/8/23 15:49,1.99,Auction Ads,auction_all
20230807,1773586001085440 ,BR,BR,,1/1/00 0:00,2.4233,0.4821,7/8/23 15:49,1.99,Auction Ads,auction_all
20230807,1773583643457530 ,TR,,,1/1/00 0:00,0.4171,0.3254,7/8/23 15:49,0.54,Non-Auction Ads,Promote
20230807,1773581900326910 ,ID,,,1/1/00 0:00,0.2265,0.3342,7/8/23 15:49,0.54,Non-Auction Ads,Promote
20230807,1773581948993530 ,ID,,,1/1/00 0:00,0.1171,0.4421,7/8/23 15:50,0.54,Non-Auction Ads,Promote
20230807,1773586125651990 ,US,,,1/1/00 0:00,42.94,9.4195,7/8/23 15:52,1.53,RIE,Promote Report Recall
20230807,1773576711344160 ,US,,,1/1/00 0:00,10,1.4286,7/8/23 15:51,0.54,Non-Auction Ads,Promote
20230807,1773528558566400 ,SA,,,1/1/00 0:00,0.6212,0,7/8/23 15:50,0.54,Non-Auction Ads,Promote
20230807,1773586045684740 ,TH,,,1/1/00 0:00,4.3,3.7871,7/8/23 15:51,1.53,RIE,Promote Report Recall
20230807,1773575105019900 ,TH,,,1/1/00 0:00,0.2337,0.5091,7/8/23 15:51,0.54,Non-Auction Ads,Promote
20230807,1773582015625210 ,ID,,,1/1/00 0:00,0.0772,0.3212,7/8/23 15:51,0.54,Non-Auction Ads,Promote
20230807,1773582601712690 ,ZA,ZA,,1/1/00 0:00,0.078,1.5941,7/8/23 15:51,1.4,Auction Ads,auction_relation
20230807,1773577743144960 ,US,,,1/1/00 0:00,9.63,11.2118,7/8/23 15:55,0.54,Non-Auction Ads,Promote
20230807,1773575132498940 ,TH,,,1/1/00 0:00,0.2584,1.2608,7/8/23 15:52,0.54,Non-Auction Ads,Promote
20230807,1773581915245560 ,ID,,,1/1/00 0:00,0.1119,0,7/8/23 15:52,0.54,Non-Auction Ads,Promote
20230807,1773577995157510 ,US,,,1/1/00 0:00,,12.003,7/8/23 15:55,0.54,Non-Auction Ads,Promote
20230807,1773586297303040 ,PK,PK,,1/1/00 0:00,0.14,1.9407,7/8/23 15:53,1.36,Auction Ads,auction_relation
20230807,1773586147010590 ,US,USCA,,1/1/00 0:00,,16.1826,7/8/23 15:57,1.78,Auction Ads,auction_relation
20230807,1773586153902080 ,TH,,,1/1/00 0:00,10.08,1.3503,7/8/23 15:54,1.53,RIE,Promote Report Recall
20230807,1773581221261310 ,ID,,,1/1/00 0:00,0.1073,0.6217,7/8/23 15:53,0.54,Non-Auction Ads,Promote
20230807,1773586595061760 ,US,USCA,,1/1/00 0:00,0.39,3.7329,7/8/23 15:55,1.78,Auction Ads,auction_relation
20230807,1773586142488570 ,KW,,,1/1/00 0:00,1.0151,1.8581,7/8/23 15:54,1.53,RIE,Promote Report Recall
20230807,1773582075600890 ,ID,,,1/1/00 0:00,0.1042,0.2229,7/8/23 15:54,0.54,Non-Auction Ads,Promote
20230807,1773582010829820 ,ID,,,1/1/00 0:00,0.0748,0.7463,7/8/23 15:54,0.54,Non-Auction Ads,Promote
20230807,1773583922460730 ,TR,,,1/1/00 0:00,0.3091,0.1434,7/8/23 15:54,0.54,Non-Auction Ads,Promote
20230807,1773577805578240 ,US,,,1/1/00 0:00,4.05,2.6667,7/8/23 15:55,0.54,Non-Auction Ads,Promote
20230807,1773583744202750 ,TR,,,1/1/00 0:00,2.2522,0.2397,7/8/23 15:54,0.54,Non-Auction Ads,Promote
20230807,1773586609903610 ,US,US&CA,,1/1/00 0:00,6.23,0,7/8/23 15:55,1.81,RIE,Ad Group Recall (Merged)
20230807,1773586811573280 ,TH,TH,,1/1/00 0:00,0.7917,5.4772,7/8/23 15:57,1.64,Auction Ads,auction_relation
20230807,1773586724183050 ,TH,TH,,1/1/00 0:00,0.7938,5.4772,7/8/23 15:57,1.64,Auction Ads,auction_relation
20230807,1773578188549120 ,US,,,1/1/00 0:00,1.85,1.97,7/8/23 15:55,0.54,Non-Auction Ads,Promote
20230807,1773587110810670 ,PK,PK,,1/1/00 0:00,1.05,1.9407,7/8/23 15:56,1.36,Auction Ads,auction_relation
20230807,1773584069138430 ,BR,,,1/1/00 0:00,0.9582,0.2466,7/8/23 15:55,0.54,Non-Auction Ads,Promote
20230807,1773553349999660 ,MY,MY,,1/1/00 0:00,2.74,0.9779,7/8/23 15:55,2.31,Auction Ads,auction_relation
20230807,1773553349999660 ,ID,ID,,1/1/00 0:00,2.74,0.9779,7/8/23 15:55,1.8,Auction Ads,auction_relation
20230807,1773586400068640 ,NZ,NZ,,1/1/00 0:00,1.03,2.2682,7/8/23 15:56,1.58,Auction Ads,auction_relation
20230807,1773586400078860 ,NZ,NZ,,1/1/00 0:00,1.72,2.2682,7/8/23 15:56,1.58,Auction Ads,auction_relation
20230807,1773584056568830 ,TR,,,1/1/00 0:00,,0.2222,7/8/23 15:56,0.54,Non-Auction Ads,Promote
20230807,1773584056568830 ,TR,,,1/1/00 0:00,,0.2222,7/8/23 15:56,0.54,Non-Auction Ads,Promote
20230807,1773584677013520 ,CA,USCA,,1/1/00 0:00,8.57,7.0035,7/8/23 15:58,1.78,Auction Ads,auction_relation
20230807,1773584677013520 ,TR,TR,,1/1/00 0:00,8.57,7.0035,7/8/23 15:58,0.83,Auction Ads,auction_relation
20230807,1773587798536190 ,TR,TR,,1/1/00 0:00,,1.8047,7/8/23 15:57,0.83,Auction Ads,auction_relation
20230807,1773586521782320 ,TH,TH,,1/1/00 0:00,0.0634,0.5319,7/8/23 15:56,1.64,Auction Ads,auction_relation
20230807,1773586437510150 ,HU,,,1/1/00 0:00,2.2397,1.9322,7/8/23 15:57,1.53,RIE,Promote Report Recall
20230807,1773585878242300 ,PH,,,1/1/00 0:00,0.0536,0.2143,7/8/23 15:57,0.54,Non-Auction Ads,Promote
20230807,1773582892420110 ,RO,RO,,1/1/00 0:00,0.033,0,7/8/23 15:57,1.94,Auction Ads,auction_relation
20230807,1773582135148540 ,ID,,,1/1/00 0:00,0.2537,0.5523,7/8/23 15:57,0.54,Non-Auction Ads,Promote
20230807,1773586672058400 ,BR,BR,,1/1/00 0:00,2.06,2.6358,7/8/23 15:58,1.99,Auction Ads,auction_all
20230807,1773584152337400 ,TR,,,1/1/00 0:00,0.6223,0.6325,7/8/23 15:58,0.54,Non-Auction Ads,Promote
20230807,1773582787918850 ,US,USCA,,1/1/00 0:00,0.92,0.7087,7/8/23 15:58,1.78,Auction Ads,auction_relation
20230807,1773586795615280 ,IQ,Others,,1/1/00 0:00,14,7.9494,7/8/23 15:59,1.56,Auction Ads,auction_all
20230807,1773586549687300 ,PL,,,1/1/00 0:00,25.0207,4.1104,7/8/23 15:59,0.54,Non-Auction Ads,Promote
20230807,1773586563176490 ,TH,TH,,1/1/00 0:00,,1.6891,7/8/23 15:58,1.64,Auction Ads,auction_relation
20230807,1773586565886990 ,TH,TH,,1/1/00 0:00,,1.6891,7/8/23 15:58,1.64,Auction Ads,auction_relation
20230807,1773586099533820 ,PH,,,1/1/00 0:00,0.0938,0.4702,7/8/23 15:58,0.54,Non-Auction Ads,Promote
20230807,1773590457294860 ,DE,DE,,1/1/00 0:00,,259.6084,7/8/23 16:33,1.01,Auction Ads,auction_relation
20230807,1773585911645190 ,FR,,,1/1/00 0:00,1.6613,1.0479,7/8/23 15:58,0.54,Non-Auction Ads,Promote
20230807,1773585782078460 ,PH,,,1/1/00 0:00,0.0534,0.2143,7/8/23 15:58,0.54,Non-Auction Ads,Promote
20230807,1773582215110650 ,ID,,,1/1/00 0:00,0.1055,0.6171,7/8/23 15:58,0.54,Non-Auction Ads,Promote
20230807,1773530522806270 ,SA,,,1/1/00 0:00,4.56,1.5,7/8/23 15:59,0.54,Non-Auction Ads,Promote
20230807,1773584292163580 ,TR,,,1/1/00 0:00,0.4025,0.6325,7/8/23 15:59,0.54,Non-Auction Ads,Promote
20230807,1773585355862010 ,JP,,,1/1/00 0:00,0.8034,1.5025,7/8/23 15:59,0.54,Non-Auction Ads,Promote
20230807,1773565214407710 ,US,USCA,,1/1/00 0:00,37.21,89.6371,7/8/23 16:00,1.78,Auction Ads,auction_relation
20230807,1773582985752590 ,US,USCA,,1/1/00 0:00,80.16,90.6296,7/8/23 16:00,1.78,Auction Ads,auction_relation
20230807,1773584112626700 ,US,USCA,,1/1/00 0:00,238.9,167.0941,7/8/23 16:20,1.78,Auction Ads,auction_relation
20230807,1773568555129850 ,MX,MX,,1/1/00 0:00,37.7,67.4076,7/8/23 16:00,1.99,Auction Ads,auction_all
20230807,1772456493658110 ,SG,Others,,1/1/00 0:00,689.9692,58.4111,7/8/23 16:00,1.53,Non-Auction Ads,R&F
20230807,1772456493658110 ,SG,Others,,1/1/00 0:00,689.9692,58.4111,7/8/23 16:00,1.53,Non-Auction Ads,R&F
20230807,1772456493658110 ,SG,Others,,1/1/00 0:00,689.9692,58.4111,7/8/23 16:00,1.53,Non-Auction Ads,R&F
20230807,1772456493658110 ,SG,Others,,1/1/00 0:00,689.9692,58.4111,7/8/23 16:00,1.53,Non-Auction Ads,R&F
20230807,1773542535144450 ,MY,MY,,1/1/00 0:00,2.6081,53.5018,7/8/23 16:00,1.43,Non-Auction Ads,R&F
20230807,1773533913382930 ,SG,Others,,1/1/00 0:00,73.0971,49.7501,7/8/23 16:00,1.53,Non-Auction Ads,R&F
20230807,1773550468037680 ,US,USCA,,1/1/00 0:00,21.22,51.3009,7/8/23 16:00,1.78,Auction Ads,auction_relation
20230807,1773041141875740 ,SG,SG,,1/1/00 0:00,2.1874,45.9794,7/8/23 16:00,1.94,Auction Ads,auction_relation
20230807,1773041135844380 ,SG,SG,,1/1/00 0:00,,45.9794,7/8/23 16:00,1.94,Auction Ads,auction_relation
20230807,1773041150698490 ,SG,SG,,1/1/00 0:00,2.9265,45.9794,7/8/23 16:00,1.94,Auction Ads,auction_relation
20230807,1773041148590130 ,SG,SG,,1/1/00 0:00,1.7843,45.9794,7/8/23 16:00,1.94,Auction Ads,auction_relation
20230807,1773583370989580 ,DE,DE,,1/1/00 0:00,0.8472,84.1259,7/8/23 16:07,1.01,Auction Ads,auction_relation
20230807,1773586796510210 ,SA,,,1/1/00 0:00,106.356,59.4493,7/8/23 16:04,0.54,Non-Auction Ads,Promote
20230807,1773554783485960 ,MY,MY,,1/1/00 0:00,12.98,26.1727,7/8/23 16:00,1.43,Non-Auction Ads,R&F
20230807,1773554783485960 ,MY,MY,,1/1/00 0:00,12.98,26.1727,7/8/23 16:00,1.43,Non-Auction Ads,R&F
20230807,1773554783485960 ,MY,MY,,1/1/00 0:00,12.98,26.1727,7/8/23 16:00,1.43,Non-Auction Ads,R&F
20230807,1773554783485960 ,MY,MY,,1/1/00 0:00,12.98,26.1727,7/8/23 16:00,1.43,Non-Auction Ads,R&F
20230807,1773573611132940 ,MY,MY,,1/1/00 0:00,3.3833,29.2502,7/8/23 16:00,2.31,Auction Ads,auction_relation
20230807,1773567624301610 ,US,USCA,,1/1/00 0:00,87.3,12.8322,7/8/23 16:00,1.78,Auction Ads,auction_relation
20230807,1773567634112560 ,US,USCA,,1/1/00 0:00,89.73,12.8322,7/8/23 16:00,1.78,Auction Ads,auction_relation
20230807,1773567614274570 ,US,USCA,,1/1/00 0:00,80.62,12.8322,7/8/23 16:00,1.78,Auction Ads,auction_relation
20230807,1773555756484670 ,US,USCA,,1/1/00 0:00,14.58,25.9938,7/8/23 16:00,1.78,Auction Ads,auction_relation
20230807,1773571732675630 ,US,USCA,,1/1/00 0:00,44.06,9.0102,7/8/23 16:00,1.78,Auction Ads,auction_relation
20230807,1773571540623390 ,US,USCA,,1/1/00 0:00,44.14,9.0102,7/8/23 16:00,1.78,Auction Ads,auction_relation
20230807,1773551215911950 ,MX,Other,,1/1/00 0:00,3.92,8.985,7/8/23 16:00,1.62,RIE,Ad Group Recall (Merged)
20230807,1773567757197360 ,TW,TW,,1/1/00 0:00,5.26,8.843,7/8/23 16:00,0.95,Auction Ads,auction_relation
20230807,1773567757197360 ,MY,MY,,1/1/00 0:00,5.26,8.843,7/8/23 16:00,2.31,Auction Ads,auction_relation
20230807,1773566048142330 ,US,USCA,,1/1/00 0:00,285.98,21.3979,7/8/23 16:00,1.78,Auction Ads,auction_relation
20230807,1773565302561820 ,BR,BR,,1/1/00 0:00,13.17,17.664,7/8/23 16:00,1.99,Auction Ads,auction_all
20230807,1773540507516940 ,CA,USCA,,1/1/00 0:00,,11.0167,7/8/23 16:00,1.78,Auction Ads,auction_relation
20230807,1773540507516940 ,US,USCA,,1/1/00 0:00,,11.0167,7/8/23 16:00,1.78,Auction Ads,auction_relation
20230807,1773540507516940 ,US,USCA,,1/1/00 0:00,,11.0167,7/8/23 16:00,1.78,Auction Ads,auction_relation
20230807,1773564910581760 ,NO,Others,,1/1/00 0:00,5.92,5.5097,7/8/23 16:00,1.56,Auction Ads,auction_all
20230807,1773564910581760 ,DE,DE,,1/1/00 0:00,5.92,5.5097,7/8/23 16:00,1.01,Auction Ads,auction_relation
20230807,1773564910581760 ,GB,GB,,1/1/00 0:00,5.92,5.5097,7/8/23 16:00,1.76,Auction Ads,auction_relation
20230807,1773564910581760 ,IL,IL,,1/1/00 0:00,5.92,5.5097,7/8/23 16:00,1.52,Auction Ads,auction_relation
20230807,1773564910581760 ,IE,IE,,1/1/00 0:00,5.92,5.5097,7/8/23 16:00,1.52,Auction Ads,auction_relation
20230807,1773564910581760 ,US,USCA,,1/1/00 0:00,5.92,5.5097,7/8/23 16:00,1.78,Auction Ads,auction_relation
20230807,1773564910581760 ,CA,USCA,,1/1/00 0:00,5.92,5.5097,7/8/23 16:00,1.78,Auction Ads,auction_relation
20230807,1773554470735870 ,CA,USCA,,1/1/00 0:00,12.99,5.5004,7/8/23 16:00,1.78,Auction Ads,auction_relation
20230807,1773554470735870 ,CA,USCA,,1/1/00 0:00,12.99,5.5004,7/8/23 16:00,1.78,Auction Ads,auction_relation
20230807,1773576669757470 ,ID,ID,,1/1/00 0:00,0.79,13.272,7/8/23 16:00,1.8,Auction Ads,auction_relation
20230807,1773568271355950 ,US,USCA,,1/1/00 0:00,,4.968,7/8/23 16:00,1.78,Auction Ads,auction_relation
20230807,1773568265659390 ,US,USCA,,1/1/00 0:00,,4.968,7/8/23 16:00,1.78,Auction Ads,auction_relation
20230807,1773560840030220 ,US,USCA,,1/1/00 0:00,9.74,4.9334,7/8/23 16:00,1.78,Auction Ads,auction_relation
20230807,1773560850625530 ,US,USCA,,1/1/00 0:00,10.62,4.9334,7/8/23 16:00,1.78,Auction Ads,auction_relation
20230807,1773560849164300 ,US,USCA,,1/1/00 0:00,12.35,4.9334,7/8/23 16:00,1.78,Auction Ads,auction_relation
20230807,1773562572850220 ,IE,IE,,1/1/00 0:00,14.67,4.7806,7/8/23 16:00,1.52,Auction Ads,auction_relation
20230807,1773562572850220 ,GB,GB,,1/1/00 0:00,14.67,4.7806,7/8/23 16:00,1.76,Auction Ads,auction_relation
20230807,1773562572850220 ,FR,FR,,1/1/00 0:00,14.67,4.7806,7/8/23 16:00,1.97,Auction Ads,auction_relation
20230807,1773562572850220 ,NO,Others,,1/1/00 0:00,14.67,4.7806,7/8/23 16:00,1.56,Auction Ads,auction_all
20230807,1773562572850220 ,CA,USCA,,1/1/00 0:00,14.67,4.7806,7/8/23 16:00,1.78,Auction Ads,auction_relation
20230807,1773562572850220 ,US,USCA,,1/1/00 0:00,14.67,4.7806,7/8/23 16:00,1.78,Auction Ads,auction_relation
20230807,1773562572850220 ,DE,DE,,1/1/00 0:00,14.67,4.7806,7/8/23 16:00,1.01,Auction Ads,auction_relation
20230807,1773563037387770 ,DE,DE,,1/1/00 0:00,16.06,4.7103,7/8/23 16:00,1.01,Auction Ads,auction_relation
20230807,1773563037387770 ,NZ,NZ,,1/1/00 0:00,16.06,4.7103,7/8/23 16:00,1.58,Auction Ads,auction_relation
20230807,1773563037387770 ,CH,CH,,1/1/00 0:00,16.06,4.7103,7/8/23 16:00,0.93,Auction Ads,auction_relation
20230807,1773565961586690 ,MY,MY,,1/1/00 0:00,,4.6336,7/8/23 16:00,2.31,Auction Ads,auction_relation
20230807,1773565957918750 ,MY,MY,,1/1/00 0:00,2,4.6336,7/8/23 16:00,2.31,Auction Ads,auction_relation
20230807,1773565981549600 ,MY,MY,,1/1/00 0:00,,4.6336,7/8/23 16:00,2.31,Auction Ads,auction_relation
20230807,1773553375864840 ,ZA,ZA,,1/1/00 0:00,5.68,4.5479,7/8/23 16:00,1.4,Auction Ads,auction_relation
20230807,1773553375864840 ,SA,MENA,,1/1/00 0:00,5.68,4.5479,7/8/23 16:00,1.78,Auction Ads,auction_relation
20230807,1773553375864840 ,PL,PL,,1/1/00 0:00,5.68,4.5479,7/8/23 16:00,1.64,Auction Ads,auction_relation
20230807,1773553420514300 ,AU,AU,,1/1/00 0:00,5.65,4.5479,7/8/23 16:00,1.84,Auction Ads,auction_relation
20230807,1773553420514300 ,GB,GB,,1/1/00 0:00,5.65,4.5479,7/8/23 16:00,1.76,Auction Ads,auction_relation
20230807,1773553375864840 ,AU,AU,,1/1/00 0:00,5.68,4.5479,7/8/23 16:00,1.84,Auction Ads,auction_relation
20230807,1773553375864840 ,GB,GB,,1/1/00 0:00,5.68,4.5479,7/8/23 16:00,1.76,Auction Ads,auction_relation
20230807,1773553420514300 ,PL,PL,,1/1/00 0:00,5.65,4.5479,7/8/23 16:00,1.64,Auction Ads,auction_relation
20230807,1773577562246140 ,FR,FR,,1/1/00 0:00,22.9852,20.4936,7/8/23 16:00,1.97,Auction Ads,auction_relation
20230807,1773534727931900 ,JP,JP,,1/1/00 0:00,6.53,4.3873,7/8/23 16:00,3.21,RIE,Ad Group Recall (Merged)
20230807,1773561623656460 ,US,USCA,,1/1/00 0:00,,11.0167,7/8/23 16:00,1.78,Auction Ads,auction_relation
20230807,1773553209475100 ,SE,SE,,1/1/00 0:00,4.51,4.2028,7/8/23 16:00,1.4,Auction Ads,auction_relation
20230807,1773553209475100 ,NO,Others,,1/1/00 0:00,4.51,4.2028,7/8/23 16:00,1.56,Auction Ads,auction_all
20230807,1773566338447370 ,IT,IT,,1/1/00 0:00,15.81,4.1351,7/8/23 16:00,1.36,Auction Ads,auction_relation
20230807,1773552393175080 ,MY,MY,,1/1/00 0:00,0.98,4.13,7/8/23 16:00,2.31,Auction Ads,auction_relation
20230807,1773564877375530 ,CL,CL,,1/1/00 0:00,,4.086,7/8/23 16:00,1.85,Auction Ads,auction_all
20230807,1773535622288400 ,JP,JP,,1/1/00 0:00,7.33,4.0505,7/8/23 16:00,3.21,RIE,Ad Group Recall (Merged)
20230807,1773535617942570 ,JP,JP,,1/1/00 0:00,4.47,4.0505,7/8/23 16:00,3.21,RIE,Ad Group Recall (Merged)
20230807,1773565582034940 ,MY,MY,,1/1/00 0:00,,3.852,7/8/23 16:00,2.31,Auction Ads,auction_relation
20230807,1773555634322460 ,GB,GB,,1/1/00 0:00,13.6,3.8515,7/8/23 16:00,1.76,Auction Ads,auction_relation
20230807,1773564342351920 ,US,USCA,,1/1/00 0:00,44.45,3.4614,7/8/23 16:00,1.78,Auction Ads,auction_relation
20230807,1773556341094430 ,IT,IT,,1/1/00 0:00,10.87,3.4139,7/8/23 16:00,1.36,Auction Ads,auction_relation
20230807,1773556636418040 ,IT,IT,,1/1/00 0:00,,3.2737,7/8/23 16:00,1.36,Auction Ads,auction_relation
20230807,1773533708722170 ,MY,MY,,1/1/00 0:00,0.93,3.2437,7/8/23 16:00,2.31,Auction Ads,auction_relation
20230807,1773551364956170 ,MY,MY,,1/1/00 0:00,1.94,3.0279,7/8/23 16:00,2.3,RIE,Ad Group Recall (Merged)
20230807,1773551364956170 ,MY,MY,,1/1/00 0:00,1.94,3.0279,7/8/23 16:00,2.31,Auction Ads,auction_relation
20230807,1773551364956170 ,SG,Other,,1/1/00 0:00,1.94,3.0279,7/8/23 16:00,1.62,RIE,Ad Group Recall (Merged)
20230807,1773563310643240 ,NO,Others,,1/1/00 0:00,14.29,2.9984,7/8/23 16:00,1.56,Auction Ads,auction_all
20230807,1773563310643240 ,NZ,NZ,,1/1/00 0:00,14.29,2.9984,7/8/23 16:00,1.58,Auction Ads,auction_relation
20230807,1773563310643240 ,CA,USCA,,1/1/00 0:00,14.29,2.9984,7/8/23 16:00,1.78,Auction Ads,auction_relation
20230807,1773563310643240 ,IE,IE,,1/1/00 0:00,14.29,2.9984,7/8/23 16:00,1.52,Auction Ads,auction_relation
20230807,1773563310643240 ,FR,FR,,1/1/00 0:00,14.29,2.9984,7/8/23 16:00,1.97,Auction Ads,auction_relation
20230807,1773563310643240 ,IT,IT,,1/1/00 0:00,14.29,2.9984,7/8/23 16:00,1.36,Auction Ads,auction_relation
20230807,1773563310643240 ,CH,CH,,1/1/00 0:00,14.29,2.9984,7/8/23 16:00,0.93,Auction Ads,auction_relation
20230807,1773563310643240 ,US,USCA,,1/1/00 0:00,14.29,2.9984,7/8/23 16:00,1.78,Auction Ads,auction_relation
20230807,1773563310643240 ,IL,IL,,1/1/00 0:00,14.29,2.9984,7/8/23 16:00,1.52,Auction Ads,auction_relation
20230807,1773563310643240 ,GB,GB,,1/1/00 0:00,14.29,2.9984,7/8/23 16:00,1.76,Auction Ads,auction_relation
20230807,1773551370951680 ,BR,BR,,1/1/00 0:00,0.43,2.963,7/8/23 16:00,1.99,Auction Ads,auction_all
20230807,1773548721825800 ,MY,MY,,1/1/00 0:00,2.15,2.9593,7/8/23 16:00,2.31,Auction Ads,auction_relation
20230807,1773548721825800 ,SG,SG,,1/1/00 0:00,2.15,2.9593,7/8/23 16:00,1.94,Auction Ads,auction_relation
20230807,1773551200341000 ,MY,MY,,1/1/00 0:00,2.42,2.8936,7/8/23 16:00,2.3,RIE,Ad Group Recall (Merged)
20230807,1773551200341000 ,SG,Other,,1/1/00 0:00,2.42,2.8936,7/8/23 16:00,1.62,RIE,Ad Group Recall (Merged)
20230807,1773567404864510 ,IL,IL,,1/1/00 0:00,7.63,2.8714,7/8/23 16:00,1.52,Auction Ads,auction_relation
20230807,1773553011699740 ,MX,MX,,1/1/00 0:00,4.76,2.535,7/8/23 16:00,1.99,Auction Ads,auction_all
20230807,1773554003724380 ,GB,GB,,1/1/00 0:00,4.18,2.523,7/8/23 16:00,1.76,Auction Ads,auction_relation
20230807,1773581893571610 ,PL,PL,,1/1/00 0:00,4.2227,2.5022,7/8/23 16:00,1.64,Auction Ads,auction_relation
20230807,1773543873414140 ,CH,CH,,1/1/00 0:00,14.55,2.4968,7/8/23 16:00,0.93,Auction Ads,auction_relation
20230807,1773541777916970 ,IT,IT,,1/1/00 0:00,8.1,2.4968,7/8/23 16:00,1.36,Auction Ads,auction_relation
20230807,1773541777916970 ,NZ,NZ,,1/1/00 0:00,8.1,2.4968,7/8/23 16:00,1.58,Auction Ads,auction_relation
20230807,1773541777916970 ,DE,DE,,1/1/00 0:00,8.1,2.4968,7/8/23 16:00,1.01,Auction Ads,auction_relation
20230807,1773541777916970 ,AU,AU,,1/1/00 0:00,8.1,2.4968,7/8/23 16:00,1.84,Auction Ads,auction_relation
20230807,1773541777916970 ,CH,CH,,1/1/00 0:00,8.1,2.4968,7/8/23 16:00,0.93,Auction Ads,auction_relation
20230807,1773541777916970 ,IE,IE,,1/1/00 0:00,8.1,2.4968,7/8/23 16:00,1.52,Auction Ads,auction_relation
20230807,1773541777916970 ,GB,GB,,1/1/00 0:00,8.1,2.4968,7/8/23 16:00,1.76,Auction Ads,auction_relation
20230807,1773568669211680 ,CL,CL,,1/1/00 0:00,,2.4183,7/8/23 16:00,1.85,Auction Ads,auction_all
20230807,1773568657138730 ,MX,MX,,1/1/00 0:00,,2.4183,7/8/23 16:00,1.99,Auction Ads,auction_all
20230807,1773566556616730 ,SG,Other,,1/1/00 0:00,,2.4067,7/8/23 16:00,1.62,RIE,Ad Group Recall (Merged)
20230807,1773566546974760 ,MY,MY,,1/1/00 0:00,2.15,2.4067,7/8/23 16:00,2.3,RIE,Ad Group Recall (Merged)
20230807,1773566548870170 ,MY,MY,,1/1/00 0:00,,2.4067,7/8/23 16:00,2.31,Auction Ads,auction_relation
20230807,1773566550034440 ,SG,Other,,1/1/00 0:00,,2.4067,7/8/23 16:00,1.62,RIE,Ad Group Recall (Merged)
20230807,1773566548870170 ,SG,Other,,1/1/00 0:00,,2.4067,7/8/23 16:00,1.62,RIE,Ad Group Recall (Merged)
20230807,1773566550034440 ,MY,MY,,1/1/00 0:00,,2.4067,7/8/23 16:00,2.31,Auction Ads,auction_relation
20230807,1773566546974760 ,MY,MY,,1/1/00 0:00,2.15,2.4067,7/8/23 16:00,2.31,Auction Ads,auction_relation
20230807,1773566556616730 ,SG,Other,,1/1/00 0:00,,2.4067,7/8/23 16:00,1.62,RIE,Ad Group Recall (Merged)
20230807,1773566568135730 ,MY,MY,,1/1/00 0:00,,2.4067,7/8/23 16:00,2.3,RIE,Ad Group Recall (Merged)
20230807,1773566556616730 ,MY,MY,,1/1/00 0:00,,2.4067,7/8/23 16:00,2.31,Auction Ads,auction_relation
20230807,1773566548870170 ,MY,MY,,1/1/00 0:00,,2.4067,7/8/23 16:00,2.3,RIE,Ad Group Recall (Merged)
20230807,1773566550034440 ,MY,MY,,1/1/00 0:00,,2.4067,7/8/23 16:00,2.3,RIE,Ad Group Recall (Merged)
20230807,1773566568135730 ,SG,Other,,1/1/00 0:00,,2.4067,7/8/23 16:00,1.62,RIE,Ad Group Recall (Merged)
20230807,1773566546974760 ,SG,Other,,1/1/00 0:00,2.15,2.4067,7/8/23 16:00,1.62,RIE,Ad Group Recall (Merged)
20230807,1773566556616730 ,MY,MY,,1/1/00 0:00,,2.4067,7/8/23 16:00,2.3,RIE,Ad Group Recall (Merged)
20230807,1773566568135730 ,MY,MY,,1/1/00 0:00,,2.4067,7/8/23 16:00,2.31,Auction Ads,auction_relation
20230807,1773554115485690 ,MY,MY,,1/1/00 0:00,1.69,2.2504,7/8/23 16:00,2.3,RIE,Ad Group Recall (Merged)
20230807,1773556854421550 ,CH,CH,,1/1/00 0:00,6.72,2.1696,7/8/23 16:00,0.93,Auction Ads,auction_relation
20230807,1773556854421550 ,SE,SE,,1/1/00 0:00,6.72,2.1696,7/8/23 16:00,1.4,Auction Ads,auction_relation
20230807,1773556854421550 ,FR,FR,,1/1/00 0:00,6.72,2.1696,7/8/23 16:00,1.97,Auction Ads,auction_relation
20230807,1773556854421550 ,IT,IT,,1/1/00 0:00,6.72,2.1696,7/8/23 16:00,1.36,Auction Ads,auction_relation
20230807,1773556854421550 ,IE,IE,,1/1/00 0:00,6.72,2.1696,7/8/23 16:00,1.52,Auction Ads,auction_relation
20230807,1773556854421550 ,IL,IL,,1/1/00 0:00,6.72,2.1696,7/8/23 16:00,1.52,Auction Ads,auction_relation
20230807,1773566818601020 ,MX,MX,,1/1/00 0:00,1.73,2.1343,7/8/23 16:00,1.99,Auction Ads,auction_all
20230807,1773566477745200 ,MX,MX,,1/1/00 0:00,,2.1029,7/8/23 16:00,1.99,Auction Ads,auction_all
20230807,1773566485706830 ,MX,MX,,1/1/00 0:00,3.93,2.1029,7/8/23 16:00,1.99,Auction Ads,auction_all
20230807,1773556791693310 ,ES,ES,,1/1/00 0:00,15.18,2.0553,7/8/23 16:00,1.37,Auction Ads,auction_relation
20230807,1773556791693310 ,IE,IE,,1/1/00 0:00,15.18,2.0553,7/8/23 16:00,1.52,Auction Ads,auction_relation
20230807,1773556374546480 ,BR,BR,,1/1/00 0:00,13.06,2.0553,7/8/23 16:00,1.99,Auction Ads,auction_all
20230807,1773556791693310 ,PL,PL,,1/1/00 0:00,15.18,2.0553,7/8/23 16:00,1.64,Auction Ads,auction_relation
20230807,1773556374546480 ,CA,USCA,,1/1/00 0:00,13.06,2.0553,7/8/23 16:00,1.78,Auction Ads,auction_relation
20230807,1773556374546480 ,MX,MX,,1/1/00 0:00,13.06,2.0553,7/8/23 16:00,1.99,Auction Ads,auction_all
20230807,1773556791693310 ,GB,GB,,1/1/00 0:00,15.18,2.0553,7/8/23 16:00,1.76,Auction Ads,auction_relation
20230807,1773556791693310 ,QA,Others,,1/1/00 0:00,15.18,2.0553,7/8/23 16:00,1.56,Auction Ads,auction_all
20230807,1773556791693310 ,CH,CH,,1/1/00 0:00,15.18,2.0553,7/8/23 16:00,0.93,Auction Ads,auction_relation
20230807,1773556374546480 ,US,USCA,,1/1/00 0:00,13.06,2.0553,7/8/23 16:00,1.78,Auction Ads,auction_relation
20230807,1773556791693310 ,PT,PT,,1/1/00 0:00,15.18,2.0553,7/8/23 16:00,1.98,Auction Ads,auction_relation
20230807,1773556791693310 ,SE,SE,,1/1/00 0:00,15.18,2.0553,7/8/23 16:00,1.4,Auction Ads,auction_relation
20230807,1773556791693310 ,FR,FR,,1/1/00 0:00,15.18,2.0553,7/8/23 16:00,1.97,Auction Ads,auction_relation
20230807,1773562073609260 ,QA,Other,,1/1/00 0:00,7.45,1.9638,7/8/23 16:00,1.62,RIE,Ad Group Recall (Merged)
20230807,1773568922672120 ,CL,CL,,1/1/00 0:00,,1.8684,7/8/23 16:00,1.85,Auction Ads,auction_all
20230807,1773567002040330 ,IE,IE,,1/1/00 0:00,7.19,1.7864,7/8/23 16:00,1.52,Auction Ads,auction_relation
20230807,1773567002040330 ,CH,CH,,1/1/00 0:00,7.19,1.7864,7/8/23 16:00,0.93,Auction Ads,auction_relation
20230807,1773567002040330 ,IL,IL,,1/1/00 0:00,7.19,1.7864,7/8/23 16:00,1.52,Auction Ads,auction_relation
20230807,1773567002040330 ,GB,GB,,1/1/00 0:00,7.19,1.7864,7/8/23 16:00,1.76,Auction Ads,auction_relation
20230807,1773577281474590 ,BR,BR,,1/1/00 0:00,6.51,1.6846,7/8/23 16:00,1.99,Auction Ads,auction_all
20230807,1773563941252110 ,MX,MX,,1/1/00 0:00,,1.6461,7/8/23 16:00,1.99,Auction Ads,auction_all
20230807,1773565671951390 ,MX,MX,,1/1/00 0:00,,1.5602,7/8/23 16:00,1.99,Auction Ads,auction_all
20230807,1773565665935390 ,MX,MX,,1/1/00 0:00,,1.5602,7/8/23 16:00,1.99,Auction Ads,auction_all
20230807,1773565681877090 ,MX,MX,,1/1/00 0:00,3.18,1.5602,7/8/23 16:00,1.99,Auction Ads,auction_all
20230807,1773565611600920 ,MX,MX,,1/1/00 0:00,,1.5602,7/8/23 16:00,1.99,Auction Ads,auction_all
20230807,1773553106356270 ,BR,BR,,1/1/00 0:00,11.82,1.5516,7/8/23 16:00,1.99,Auction Ads,auction_all
20230807,1773553034239020 ,IL,IL,,1/1/00 0:00,2.63,1.5516,7/8/23 16:00,1.52,Auction Ads,auction_relation
20230807,1773570332034080 ,MY,MY,,1/1/00 0:00,3.53,1.4933,7/8/23 16:00,2.3,RIE,Ad Group Recall (Merged)
20230807,1773558725961760 ,MY,MY,,1/1/00 0:00,,1.4618,7/8/23 16:00,2.31,Auction Ads,auction_relation
20230807,1773568807842840 ,MY,MY,,1/1/00 0:00,2.24,1.4554,7/8/23 16:00,2.31,Auction Ads,auction_relation
20230807,1773577004572670 ,ID,ID,,1/1/00 0:00,7.1,1.3956,7/8/23 16:00,1.8,Auction Ads,auction_relation
20230807,1773577004572670 ,MY,MY,,1/1/00 0:00,7.1,1.3956,7/8/23 16:00,2.31,Auction Ads,auction_relation
20230807,1773560500330510 ,DE,DE,,1/1/00 0:00,2.08,1.2443,7/8/23 16:00,1.01,Auction Ads,auction_relation
20230807,1773560500317210 ,DE,DE,,1/1/00 0:00,2.43,1.2443,7/8/23 16:00,1.01,Auction Ads,auction_relation
20230807,1773556003373100 ,SA,MENA,,1/1/00 0:00,,12.5691,7/8/23 16:00,1.78,Auction Ads,auction_relation
20230807,1773568249043960 ,MY,MY,,1/1/00 0:00,1.42,1.182,7/8/23 16:00,2.31,Auction Ads,auction_relation
20230807,1773562591258650 ,TH,TH,,1/1/00 0:00,0.0242,1.0712,7/8/23 16:00,1.64,Auction Ads,auction_relation
20230807,1773562593957920 ,TH,TH,,1/1/00 0:00,0.0546,1.0712,7/8/23 16:00,1.64,Auction Ads,auction_relation
20230807,1773554655256620 ,US,USCA,,1/1/00 0:00,2.31,1.0656,7/8/23 16:00,1.78,Auction Ads,auction_relation
20230807,1773554664444940 ,US,USCA,,1/1/00 0:00,4.76,1.0656,7/8/23 16:00,1.78,Auction Ads,auction_relation
20230807,1773554654537770 ,US,USCA,,1/1/00 0:00,2.25,1.0656,7/8/23 16:00,1.78,Auction Ads,auction_relation
20230807,1773567508531230 ,SA,MENA,,1/1/00 0:00,9.02,1.7753,7/8/23 16:00,1.78,Auction Ads,auction_relation
20230807,1773552725131280 ,MY,MY,,1/1/00 0:00,3.55,0.9176,7/8/23 16:00,2.31,Auction Ads,auction_relation
20230807,1773568639301650 ,MY,MY,,1/1/00 0:00,2.2,0.8105,7/8/23 16:00,2.31,Auction Ads,auction_relation
20230807,1773576086510590 ,MY,MY,,1/1/00 0:00,0.08,0.3939,7/8/23 16:00,2.31,Auction Ads,auction_relation
20230807,1773548247797760 ,US,USCA,,1/1/00 0:00,,11.0167,7/8/23 16:00,1.78,Auction Ads,auction_relation
20230807,1773584877989900 ,PT,PT,,1/1/00 0:00,87.4407,37.858,7/8/23 16:06,1.98,Auction Ads,auction_relation
20230807,1773587222723630 ,US,USCA,,1/1/00 0:00,,44.8737,7/8/23 16:09,1.78,Auction Ads,auction_relation
20230807,1773564375573520 ,TW,TW,,1/1/00 0:00,0.78,17.0816,7/8/23 16:01,0.95,Auction Ads,auction_relation
20230807,1773564040706040 ,TW,TW,,1/1/00 0:00,5.2,17.0816,7/8/23 16:01,0.95,Auction Ads,auction_relation
20230807,1773567710540810 ,SA,MENA,,1/1/00 0:00,7.4,1.7753,7/8/23 16:00,1.78,Auction Ads,auction_relation
20230807,1773551299478570 ,US,USCA,,1/1/00 0:00,,11.0167,7/8/23 16:00,1.78,Auction Ads,auction_relation
20230807,1773559039331340 ,TH,TH,,1/1/00 0:00,,3.8208,7/8/23 16:00,1.64,Auction Ads,auction_relation
20230807,1773595150429240 ,US,USCA,,1/1/00 0:00,472.48,718.828,7/8/23 19:07,1.78,Auction Ads,auction_relation
20230807,1773556196048890 ,TW,TW,,1/1/00 0:00,5.75,17.0816,7/8/23 16:01,0.95,Auction Ads,auction_relation
20230807,1773556196048890 ,MY,MY,,1/1/00 0:00,5.75,17.0816,7/8/23 16:01,2.31,Auction Ads,auction_relation
20230807,1773582909030430 ,HU,Other,,1/1/00 0:00,2.6593,3.453,7/8/23 16:00,1.62,RIE,Ad Group Recall (Merged)
20230807,1773569131879420 ,SG,SG,,1/1/00 0:00,1.29,1.1837,7/8/23 16:00,1.94,Auction Ads,auction_relation
20230807,1773569131879420 ,MY,MY,,1/1/00 0:00,1.29,1.1837,7/8/23 16:00,2.31,Auction Ads,auction_relation
20230807,1773577020143630 ,TW,TW,,1/1/00 0:00,,4.9662,7/8/23 16:00,2.59,RIE,Ad Group Recall (Merged)
20230807,1773547899139070 ,CA,USCA,,1/1/00 0:00,,11.0167,7/8/23 16:00,1.78,Auction Ads,auction_relation
20230807,1773586628182030 ,TH,,,1/1/00 0:00,1.58,7.03,7/8/23 16:00,1.53,RIE,Promote Report Recall
20230807,1773587351345240 ,US,USCA,,1/1/00 0:00,,45.5854,7/8/23 16:11,1.78,Auction Ads,auction_relation
20230807,1773585550021630 ,MY,MY,,1/1/00 0:00,2.6126,2.4312,7/8/23 16:00,2.31,Auction Ads,auction_relation
20230807,1773583160639520 ,US,USCA,,1/1/00 0:00,,16.1283,7/8/23 16:03,1.78,Auction Ads,auction_relation
20230807,1773578492560390 ,TH,,,1/1/00 0:00,7.43,2.2925,7/8/23 16:00,1.53,RIE,Promote Report Recall
20230807,1773587391949850 ,BR,BR,,1/1/00 0:00,46.82,41.8361,7/8/23 16:12,1.99,Auction Ads,auction_all
20230807,1773578673037310 ,US,,,1/1/00 0:00,10.52,6,7/8/23 16:01,0.54,Non-Auction Ads,Promote
20230807,1773563848711180 ,TW,TW,,1/1/00 0:00,2.34,1.5952,7/8/23 16:00,0.95,Auction Ads,auction_relation
20230807,1773539881266210 ,SG,SG,,1/1/00 0:00,5.66,6.2145,7/8/23 16:01,1.94,Auction Ads,auction_relation
20230807,1773587476276220 ,US,USCA,,1/1/00 0:00,7.2839,45.5854,7/8/23 16:13,1.78,Auction Ads,auction_relation
20230807,1773561176672300 ,AU,AU,,1/1/00 0:00,16.56,1.0489,7/8/23 16:01,1.84,Auction Ads,auction_relation
20230807,1773561176672300 ,IL,IL,,1/1/00 0:00,16.56,1.0489,7/8/23 16:01,1.52,Auction Ads,auction_relation
20230807,1773582993458220 ,HU,Other,,1/1/00 0:00,2.7595,3.453,7/8/23 16:01,1.62,RIE,Ad Group Recall (Merged)
20230807,1773586604883970 ,FR,,,1/1/00 0:00,18.3969,5.1687,7/8/23 16:02,0.54,Non-Auction Ads,Promote
20230807,1773586589105150 ,TH,,,1/1/00 0:00,7.09,1.23,7/8/23 16:01,1.53,RIE,Promote Report Recall
20230807,1773588847445020 ,BR,BR,,1/1/00 0:00,,142.8157,7/8/23 16:33,1.99,Auction Ads,auction_all
20230807,1773586164487200 ,TH,,,1/1/00 0:00,3.33,2.3074,7/8/23 16:02,1.53,RIE,Promote Report Recall
20230807,1773553584376850 ,MY,MY,,1/1/00 0:00,2.4108,0.3572,7/8/23 16:01,2.31,Auction Ads,auction_relation
20230807,1773585668421630 ,MY,,,1/1/00 0:00,0.1209,1.3493,7/8/23 16:02,0.54,Non-Auction Ads,Promote
20230807,1773578288391170 ,US,,,1/1/00 0:00,2.11,8.3795,7/8/23 16:04,0.54,Non-Auction Ads,Promote
20230807,1773586448203770 ,PH,,,1/1/00 0:00,0.1057,0.076,7/8/23 16:02,0.54,Non-Auction Ads,Promote
20230807,1773582286912510 ,ID,,,1/1/00 0:00,0.0649,0.4363,7/8/23 16:02,0.54,Non-Auction Ads,Promote
20230807,1773587039663130 ,PK,PK,,1/1/00 0:00,4.04,1.1644,7/8/23 16:02,1.36,Auction Ads,auction_relation
20230807,1773587039663130 ,PK,PK,,1/1/00 0:00,4.04,1.1644,7/8/23 16:02,1.36,Auction Ads,auction_relation
20230807,1773587659507710 ,BR,BR,,1/1/00 0:00,,41.8361,7/8/23 16:14,1.99,Auction Ads,auction_all
20230807,1773575210739710 ,TH,,,1/1/00 0:00,0.352,1.3133,7/8/23 16:03,0.54,Non-Auction Ads,Promote
20230807,1773586293797890 ,MY,,,1/1/00 0:00,0.1319,0.1955,7/8/23 16:03,0.54,Non-Auction Ads,Promote
20230807,1773582403454970 ,ID,,,1/1/00 0:00,0.1239,0.3249,7/8/23 16:03,0.54,Non-Auction Ads,Promote
20230807,1773586542527540 ,TH,,,1/1/00 0:00,4.5,1.0137,7/8/23 16:03,1.53,RIE,Promote Report Recall
20230807,1773586900613180 ,DE,DE,,1/1/00 0:00,2.25,2.632,7/8/23 16:04,1.01,Auction Ads,auction_relation
20230807,1773584835122170 ,TR,,,1/1/00 0:00,0.3882,0.2208,7/8/23 16:03,0.54,Non-Auction Ads,Promote
20230807,1773583202415660 ,HU,Other,,1/1/00 0:00,2.5862,3.453,7/8/23 16:04,1.62,RIE,Ad Group Recall (Merged)
20230807,1773583444011040 ,US,US&CA,,1/1/00 0:00,6.71,13.3333,7/8/23 16:08,1.81,RIE,Ad Group Recall (Merged)
20230807,1773582378238970 ,ID,,,1/1/00 0:00,0.1212,0.4363,7/8/23 16:04,0.54,Non-Auction Ads,Promote
20230807,1773586505277440 ,TH,,,1/1/00 0:00,6.2,2.5115,7/8/23 16:04,1.53,RIE,Promote Report Recall
20230807,1773588907394080 ,BR,BR,,1/1/00 0:00,75.15,142.8157,7/8/23 16:36,1.99,Auction Ads,auction_all
20230807,1773584091725870 ,DE,DE,,1/1/00 0:00,0.4348,18.4398,7/8/23 16:09,1.01,Auction Ads,auction_relation
20230807,1773584091725870 ,CH,CH,,1/1/00 0:00,0.4348,18.4398,7/8/23 16:09,0.93,Auction Ads,auction_relation
20230807,1773575225637880 ,TH,,,1/1/00 0:00,0.0943,0.2891,7/8/23 16:04,0.54,Non-Auction Ads,Promote
20230807,1773586490425340 ,TH,,,1/1/00 0:00,1.54,1.2707,7/8/23 16:04,1.53,RIE,Promote Report Recall
20230807,1773578651228160 ,US,,,1/1/00 0:00,3.59,3.0769,7/8/23 16:04,0.54,Non-Auction Ads,Promote
20230807,1773585853707270 ,GB,,,1/1/00 0:00,2.894,3.0856,7/8/23 16:05,0.54,Non-Auction Ads,Promote
20230807,1773587035108350 ,MY,MY,,1/1/00 0:00,4.0288,3.3531,7/8/23 16:05,2.31,Auction Ads,auction_relation
20230807,1773582272719870 ,ID,,,1/1/00 0:00,0.9497,1.1925,7/8/23 16:04,0.54,Non-Auction Ads,Promote
20230807,1773586398348290 ,TH,,,1/1/00 0:00,6.19,1.4288,7/8/23 16:04,1.53,RIE,Promote Report Recall
20230807,1773579153174530 ,US,,,1/1/00 0:00,0.77,0.0267,7/8/23 16:04,0.54,Non-Auction Ads,Promote
20230807,1773586166403070 ,MY,,,1/1/00 0:00,2.2194,0.4354,7/8/23 16:04,0.54,Non-Auction Ads,Promote
20230807,1773587270653970 ,TW,TW,,1/1/00 0:00,3.67,6.0313,7/8/23 16:07,0.95,Auction Ads,auction_relation
20230807,1773587763410970 ,BR,BR,,1/1/00 0:00,41.73,41.8361,7/8/23 16:17,1.99,Auction Ads,auction_all
20230807,1773587298821150 ,TH,TH,,1/1/00 0:00,1.0993,5.4772,7/8/23 16:07,1.64,Auction Ads,auction_relation
20230807,1773586876201990 ,TH,,,1/1/00 0:00,5.68,1.9707,7/8/23 16:06,1.53,RIE,Promote Report Recall
20230807,1773582499384320 ,ID,,,1/1/00 0:00,0.0737,0.2319,7/8/23 16:05,0.54,Non-Auction Ads,Promote
20230807,1773586792552450 ,IL,,,1/1/00 0:00,0.3367,0.2189,7/8/23 16:06,0.54,Non-Auction Ads,Promote
20230807,1773586696194090 ,TH,TH,,1/1/00 0:00,0.36,1.2665,7/8/23 16:06,1.64,Auction Ads,auction_relation
20230807,1773586154219520 ,GB,,,1/1/00 0:00,3.3656,5.9921,7/8/23 16:08,0.54,Non-Auction Ads,Promote
20230807,1773586571207680 ,TH,,,1/1/00 0:00,5.06,1.0237,7/8/23 16:06,1.53,RIE,Promote Report Recall
20230807,1773588870693920 ,ZA,ZA,,1/1/00 0:00,,2.1246,7/8/23 16:08,1.4,Auction Ads,auction_relation
20230807,1773582349111290 ,ID,,,1/1/00 0:00,0.2188,0.5022,7/8/23 16:07,0.54,Non-Auction Ads,Promote
20230807,1773496535166970 ,EG,,,1/1/00 0:00,6.1602,2.018,7/8/23 16:08,0.54,Non-Auction Ads,Promote
20230807,1773585309243390 ,TR,,,1/1/00 0:00,0.3934,0.194,7/8/23 16:08,0.54,Non-Auction Ads,Promote
20230807,1773582602046460 ,ID,,,1/1/00 0:00,0.2492,0.5659,7/8/23 16:08,0.54,Non-Auction Ads,Promote
20230807,1773541546128380 ,VN,,,1/1/00 0:00,0.0847,0.2772,7/8/23 16:08,0.54,Non-Auction Ads,Promote
20230807,1773579966699520 ,US,,,1/1/00 0:00,2.34,3.3333,7/8/23 16:09,0.54,Non-Auction Ads,Promote
20230807,1773605918870540 ,CL,CL,,1/1/00 0:00,,10.459,7/8/23 16:11,1.85,Auction Ads,auction_all
20230807,1773583440773120 ,RO,RO,,1/1/00 0:00,19.9042,0,7/8/23 16:08,1.94,Auction Ads,auction_relation
20230807,1773587443797020 ,IQ,Others,,1/1/00 0:00,0.68,1.266,7/8/23 16:08,1.56,Auction Ads,auction_all
20230807,1773587443797020 ,PK,PK,,1/1/00 0:00,0.68,1.266,7/8/23 16:08,1.36,Auction Ads,auction_relation
20230807,1773587443797020 ,IQ,Others,,1/1/00 0:00,0.68,1.266,7/8/23 16:08,1.56,Auction Ads,auction_all
20230807,1773587443797020 ,PK,PK,,1/1/00 0:00,0.68,1.266,7/8/23 16:08,1.36,Auction Ads,auction_relation
20230807,1773584002318380 ,BE,BE,,1/1/00 0:00,11.02,19.272,7/8/23 16:14,1.15,Auction Ads,auction_relation
20230807,1773587130481660 ,TH,,,1/1/00 0:00,15.04,1.3411,7/8/23 16:09,1.53,RIE,Promote Report Recall
20230807,1773583425927160 ,HU,Others,,1/1/00 0:00,,3.7706,7/8/23 16:10,1.56,Auction Ads,auction_all
20230807,1773587102002180 ,GR,,,1/1/00 0:00,0.946,0.2807,7/8/23 16:09,1.53,RIE,Promote Report Recall
20230807,1773586973104130 ,TH,,,1/1/00 0:00,7.04,3.7683,7/8/23 16:10,1.53,RIE,Promote Report Recall
20230807,1773579913293820 ,US,,,1/1/00 0:00,3.87,1.14,7/8/23 16:09,0.54,Non-Auction Ads,Promote
20230807,1773587082789890 ,TH,,,1/1/00 0:00,15.73,1.5499,7/8/23 16:10,1.53,RIE,Promote Report Recall
20230807,1773592299593740 ,US,US,,1/1/00 0:00,,1538.5296,11/8/23 5:00,1.54,Non-Auction Ads,R&F
20230807,1773585485036540 ,TR,,,1/1/00 0:00,0.3636,0.0755,7/8/23 16:10,0.54,Non-Auction Ads,Promote
20230807,1773586910991360 ,PH,,,1/1/00 0:00,0.1394,0.2995,7/8/23 16:10,0.54,Non-Auction Ads,Promote
20230807,1773575326368770 ,TH,,,1/1/00 0:00,0.118,0.3794,7/8/23 16:10,0.54,Non-Auction Ads,Promote
20230807,1773587305277440 ,GR,,,1/1/00 0:00,27.0675,2.1539,7/8/23 16:11,0.54,Non-Auction Ads,Promote
20230807,1773576494141440 ,TH,,,1/1/00 0:00,9.63,1.0547,7/8/23 16:10,1.53,RIE,Promote Report Recall
20230807,1773585441721340 ,TR,,,1/1/00 0:00,0.2004,0.1334,7/8/23 16:10,0.54,Non-Auction Ads,Promote
20230807,1773575784286210 ,TH,,,1/1/00 0:00,0.1345,0.2493,7/8/23 16:10,0.54,Non-Auction Ads,Promote
20230807,1773586904313860 ,TH,,,1/1/00 0:00,12.58,1.9042,7/8/23 16:11,1.53,RIE,Promote Report Recall
20230807,1773582583658490 ,ID,,,1/1/00 0:00,0.1497,0.6994,7/8/23 16:11,0.54,Non-Auction Ads,Promote
20230807,1773575230588930 ,TH,,,1/1/00 0:00,0.1795,0.3484,7/8/23 16:11,0.54,Non-Auction Ads,Promote
20230807,1773564848145400 ,TH,,,1/1/00 0:00,0.3686,1.3293,7/8/23 16:12,0.54,Non-Auction Ads,Promote
20230807,1773587283357700 ,TH,,,1/1/00 0:00,9.61,2.3919,7/8/23 16:12,1.53,RIE,Promote Report Recall
20230807,1773582749930490 ,ID,,,1/1/00 0:00,0.1125,0.284,7/8/23 16:11,0.54,Non-Auction Ads,Promote
20230807,1773575309330430 ,TH,,,1/1/00 0:00,0.1862,0.8846,7/8/23 16:12,0.54,Non-Auction Ads,Promote
20230807,1773584647443460 ,BR,,,1/1/00 0:00,2.6839,1.2109,7/8/23 16:12,0.54,Non-Auction Ads,Promote
20230807,1773584647443460 ,BR,,,1/1/00 0:00,2.6839,1.2109,7/8/23 16:12,1.53,RIE,Promote Report Recall
20230807,1773586288587820 ,HU,Other,,1/1/00 0:00,16.6073,4.4077,7/8/23 16:13,1.62,RIE,Ad Group Recall (Merged)
20230807,1773586288587820 ,HU,Other,,1/1/00 0:00,16.6073,4.4077,7/8/23 16:13,1.62,RIE,Ad Group Recall (Merged)
20230807,1773587836699680 ,TR,TR,,1/1/00 0:00,,5.4381,7/8/23 16:14,0.83,Auction Ads,auction_relation
20230807,1773587575946290 ,IQ,Others,,1/1/00 0:00,0,1.149,7/8/23 16:12,1.56,Auction Ads,auction_all
20230807,1773587575946290 ,IQ,Other,,1/1/00 0:00,0,1.149,7/8/23 16:12,1.62,RIE,Ad Group Recall (Merged)
20230807,1773586011008000 ,JP,,,1/1/00 0:00,0.613,1.8851,7/8/23 16:13,0.54,Non-Auction Ads,Promote
20230807,1773582506405900 ,TW,TW,,1/1/00 0:00,11.06,44.446,7/8/23 16:23,0.95,Auction Ads,auction_relation
20230807,1773579229712400 ,US,,,1/1/00 0:00,1.85,1.1143,7/8/23 16:13,0.54,Non-Auction Ads,Promote
20230807,1773585742566400 ,TR,,,1/1/00 0:00,1.1308,0.6447,7/8/23 16:12,0.54,Non-Auction Ads,Promote
20230807,1773587272045570 ,TH,,,1/1/00 0:00,7.12,1.5773,7/8/23 16:13,1.53,RIE,Promote Report Recall
20230807,1773587344585780 ,TH,,,1/1/00 0:00,1.19,2.7031,7/8/23 16:14,1.53,RIE,Promote Report Recall
20230807,1773584199391280 ,US,USCA,,1/1/00 0:00,13.24,18.882,7/8/23 16:18,1.78,Auction Ads,auction_relation
20230807,1773587413287970 ,RO,,,1/1/00 0:00,1.1663,0.1321,7/8/23 16:14,1.53,RIE,Promote Report Recall
20230807,1773588303714330 ,MY,MY,,1/1/00 0:00,13.33,38.7824,7/8/23 16:23,2.31,Auction Ads,auction_relation
20230807,1773587451156480 ,BR,,,1/1/00 0:00,0.7735,0.7839,7/8/23 16:14,1.53,RIE,Promote Report Recall
20230807,1773534109166590 ,SA,,,1/1/00 0:00,0.861,4.4392,7/8/23 16:15,0.54,Non-Auction Ads,Promote
20230807,1773588515075100 ,TH,TH,,1/1/00 0:00,7.9033,40.8501,7/8/23 16:23,1.64,Auction Ads,auction_relation
20230807,1773586955500540 ,PH,,,1/1/00 0:00,0.1005,0.2244,7/8/23 16:14,0.54,Non-Auction Ads,Promote
20230807,1773580546617380 ,US,,,1/1/00 0:00,1.73,2.7,7/8/23 16:14,0.54,Non-Auction Ads,Promote
20230807,1773586767499260 ,MY,,,1/1/00 0:00,3.776,5.2994,7/8/23 16:15,0.54,Non-Auction Ads,Promote
20230807,1773586690094080 ,MY,,,1/1/00 0:00,0.1034,0.5139,7/8/23 16:14,0.54,Non-Auction Ads,Promote
20230807,1773583152261130 ,HU,Others,,1/1/00 0:00,8.2631,3.6267,7/8/23 16:15,1.56,Auction Ads,auction_all
20230807,1773587563213870 ,BR,BR,,1/1/00 0:00,0.302,0.3638,7/8/23 16:14,1.99,Auction Ads,auction_all
20230807,1773587506066430 ,TH,,,1/1/00 0:00,10.46,1.827,7/8/23 16:15,1.53,RIE,Promote Report Recall
20230807,1773580550429710 ,US,,,1/1/00 0:00,2,1.6464,7/8/23 16:15,0.54,Non-Auction Ads,Promote
20230807,1773584282754090 ,CA,USCA,,1/1/00 0:00,7.57,19.272,7/8/23 16:20,1.78,Auction Ads,auction_relation
20230807,1773587428224030 ,TH,,,1/1/00 0:00,12.75,1.5678,7/8/23 16:15,1.53,RIE,Promote Report Recall
20230807,1773587513964540 ,PH,,,1/1/00 0:00,0.1263,0.3353,7/8/23 16:15,0.54,Non-Auction Ads,Promote
20230807,1773587582892080 ,TH,TH,,1/1/00 0:00,0.0398,3.488,7/8/23 16:16,1.64,Auction Ads,auction_relation
20230807,1773535055437820 ,SA,,,1/1/00 0:00,1.7166,0.687,7/8/23 16:16,0.54,Non-Auction Ads,Promote
20230807,1773580514611200 ,US,,,1/1/00 0:00,1.57,2.7,7/8/23 16:16,0.54,Non-Auction Ads,Promote
20230807,1773587845791770 ,US,USCA,,1/1/00 0:00,,0.7979,7/8/23 16:16,1.78,Auction Ads,auction_relation
20230807,1773587780619280 ,US,USCA,,1/1/00 0:00,,0.7979,7/8/23 16:16,1.78,Auction Ads,auction_relation
20230807,1773588410300430 ,US,USCA,,1/1/00 0:00,,0.7979,7/8/23 16:16,1.78,Auction Ads,auction_relation
20230807,1773587577752580 ,BR,,,1/1/00 0:00,2.0458,0.7312,7/8/23 16:16,1.53,RIE,Promote Report Recall
20230807,1773587591882820 ,US,,,1/1/00 0:00,1.91,1,7/8/23 16:16,1.53,RIE,Promote Report Recall
20230807,1773587877699610 ,TH,TH,,1/1/00 0:00,,2.5278,7/8/23 16:17,1.64,Auction Ads,auction_relation
20230807,1773575493309440 ,TH,,,1/1/00 0:00,0.0929,0.1657,7/8/23 16:17,0.54,Non-Auction Ads,Promote
20230807,1773602837934110 ,US,USCA,,1/1/00 0:00,0.43,3.6906,7/8/23 16:18,1.78,Auction Ads,auction_relation
20230807,1773579989012480 ,US,,,1/1/00 0:00,2.12,1.5625,7/8/23 16:17,0.54,Non-Auction Ads,Promote
20230807,1773586766278650 ,MY,,,1/1/00 0:00,0.1802,0.1286,7/8/23 16:17,0.54,Non-Auction Ads,Promote
20230807,1773587595858940 ,TH,,,1/1/00 0:00,9.01,1.6271,7/8/23 16:17,1.53,RIE,Promote Report Recall
20230807,1773578555292670 ,US,,,1/1/00 0:00,1.72,1.6537,7/8/23 16:17,0.54,Non-Auction Ads,Promote
20230807,1773535296665600 ,SA,,,1/1/00 0:00,0.6318,0.6806,7/8/23 16:17,0.54,Non-Auction Ads,Promote
20230807,1773580204192800 ,US,,,1/1/00 0:00,8.84,3.4286,7/8/23 16:18,0.54,Non-Auction Ads,Promote
20230807,1773580362471430 ,US,,,1/1/00 0:00,0.41,1.1186,7/8/23 16:17,0.54,Non-Auction Ads,Promote
20230807,1773602834329650 ,US,USCA,,1/1/00 0:00,0.49,3.6906,7/8/23 16:18,1.78,Auction Ads,auction_relation
20230807,1773584958213130 ,CA,USCA,,1/1/00 0:00,21.52,18.3361,7/8/23 16:21,1.78,Auction Ads,auction_relation
20230807,1773584958213130 ,US,USCA,,1/1/00 0:00,21.52,18.3361,7/8/23 16:21,1.78,Auction Ads,auction_relation
20230807,1773587768433660 ,TH,,,1/1/00 0:00,10.76,9.27,7/8/23 16:20,1.53,RIE,Promote Report Recall
20230807,1773587887771690 ,ID,ID,,1/1/00 0:00,1.2649,0.7365,7/8/23 16:18,1.8,Auction Ads,auction_relation
20230807,1773587782096910 ,BR,BR,,1/1/00 0:00,0.273,0.3638,7/8/23 16:18,1.99,Auction Ads,auction_all
20230807,1773587736868890 ,BR,BR,,1/1/00 0:00,0.8846,0.3638,7/8/23 16:18,1.99,Auction Ads,auction_all
20230807,1773602892193840 ,US,USCA,,1/1/00 0:00,0.42,3.6906,7/8/23 16:19,1.78,Auction Ads,auction_relation
20230807,1773581380427780 ,CA,,,1/1/00 0:00,1.4205,1.8156,7/8/23 16:18,0.54,Non-Auction Ads,Promote
20230807,1773581221696510 ,US,,,1/1/00 0:00,1.96,1.5,7/8/23 16:18,0.54,Non-Auction Ads,Promote
20230807,1773586090528770 ,JP,,,1/1/00 0:00,0.3098,0.772,7/8/23 16:18,0.54,Non-Auction Ads,Promote
20230807,1773534878308350 ,SA,,,1/1/00 0:00,1.8685,1.5519,7/8/23 16:19,0.54,Non-Auction Ads,Promote
20230807,1773581049843710 ,US,,,1/1/00 0:00,3.37,2,7/8/23 16:19,0.54,Non-Auction Ads,Promote
20230807,1773582940176380 ,ID,,,1/1/00 0:00,0.1867,0.1844,7/8/23 16:19,0.54,Non-Auction Ads,Promote
20230807,1773588134864920 ,US,USCA,,1/1/00 0:00,,10.0156,7/8/23 16:21,1.78,Auction Ads,auction_relation
20230807,1773588079253500 ,PK,PK,,1/1/00 0:00,,0.3073,7/8/23 16:19,1.36,Auction Ads,auction_relation
20230807,1773580878288900 ,US,,,1/1/00 0:00,2.64,5.986,7/8/23 16:20,0.54,Non-Auction Ads,Promote
20230807,1773581761539120 ,US,,,1/1/00 0:00,1.92,1.2039,7/8/23 16:19,0.54,Non-Auction Ads,Promote
20230807,1773602911950880 ,US,USCA,,1/1/00 0:00,,0.0836,7/8/23 16:19,1.78,Auction Ads,auction_relation
20230807,1773588173615170 ,US,USCA,,1/1/00 0:00,7.0748,26.9633,7/8/23 16:25,1.78,Auction Ads,auction_relation
20230807,1773535854701560 ,SA,,,1/1/00 0:00,0.8397,0.4066,7/8/23 16:19,0.54,Non-Auction Ads,Promote
20230807,1773581365514240 ,US,,,1/1/00 0:00,6.16,7.385,7/8/23 16:21,0.54,Non-Auction Ads,Promote
20230807,1773588094587950 ,TR,TR,,1/1/00 0:00,2.0377,5.4381,7/8/23 16:20,0.83,Auction Ads,auction_relation
20230807,1773584432340010 ,QA,Other,,1/1/00 0:00,12.23,7.0867,7/8/23 16:21,1.62,RIE,Ad Group Recall (Merged)
20230807,1773587971470350 ,CA,USCA,,1/1/00 0:00,5.08,1.5764,7/8/23 16:20,1.78,Auction Ads,auction_relation
20230807,1773587971460140 ,CA,USCA,,1/1/00 0:00,4.15,1.5764,7/8/23 16:20,1.78,Auction Ads,auction_relation
20230807,1773587953841150 ,CA,USCA,,1/1/00 0:00,4.47,1.5764,7/8/23 16:20,1.78,Auction Ads,auction_relation
20230807,1773587971470350 ,US,USCA,,1/1/00 0:00,5.08,1.5764,7/8/23 16:20,1.78,Auction Ads,auction_relation
20230807,1773587948660760 ,US,USCA,,1/1/00 0:00,5.49,1.5764,7/8/23 16:20,1.78,Auction Ads,auction_relation
20230807,1773587948660760 ,US,USCA,,1/1/00 0:00,5.49,1.5764,7/8/23 16:20,1.78,Auction Ads,auction_relation
20230807,1773602989755470 ,US,USCA,,1/1/00 0:00,1.54,3.1419,7/8/23 16:20,1.78,Auction Ads,auction_relation
20230807,1773588094596090 ,US,USCA,,1/1/00 0:00,8.6813,26.9633,7/8/23 16:25,1.78,Auction Ads,auction_relation
20230807,1773582046875650 ,US,,,1/1/00 0:00,11.67,8.7083,7/8/23 16:21,0.54,Non-Auction Ads,Promote
20230807,1773587975004160 ,BR,,,1/1/00 0:00,5.0929,11.9542,7/8/23 16:23,1.53,RIE,Promote Report Recall
20230807,1773587962552320 ,ES,,,1/1/00 0:00,1.4413,6.2984,7/8/23 16:21,1.53,RIE,Promote Report Recall
20230807,1773581305507840 ,US,,,1/1/00 0:00,2,2.5,7/8/23 16:21,0.54,Non-Auction Ads,Promote
20230807,1773576184010750 ,TH,,,1/1/00 0:00,0.1221,1.4477,7/8/23 16:20,0.54,Non-Auction Ads,Promote
20230807,1773588132750370 ,US,US&CA,,1/1/00 0:00,32.82,9.1989,7/8/23 16:23,1.81,RIE,Ad Group Recall (Merged)
20230807,1773586369217530 ,TR,,,1/1/00 0:00,0.3713,0.123,7/8/23 16:20,0.54,Non-Auction Ads,Promote
20230807,1773588258219050 ,US,USCA,,1/1/00 0:00,8.1421,26.9633,7/8/23 16:26,1.78,Auction Ads,auction_relation
20230807,1773581931774020 ,US,,,1/1/00 0:00,3.35,0.975,7/8/23 16:21,0.54,Non-Auction Ads,Promote
20230807,1773587770582020 ,TH,,,1/1/00 0:00,7.27,2.1769,7/8/23 16:21,1.53,RIE,Promote Report Recall
20230807,1773582705910780 ,ID,,,1/1/00 0:00,0.0902,0.4499,7/8/23 16:21,0.54,Non-Auction Ads,Promote
20230807,1773588304120830 ,US,USCA,,1/1/00 0:00,6.4587,26.9633,7/8/23 16:27,1.78,Auction Ads,auction_relation
20230807,1773576169978880 ,TH,,,1/1/00 0:00,0.1594,1.1788,7/8/23 16:21,0.54,Non-Auction Ads,Promote
20230807,1773178423035900 ,ID,ID,,1/1/00 0:00,179.3269,183.1119,7/8/23 17:00,1.8,Non-Auction Ads,R&F
20230807,1773576054412290 ,TH,,,1/1/00 0:00,0.5382,1.0766,7/8/23 16:22,0.54,Non-Auction Ads,Promote
20230807,1773588339927070 ,US,USCA,,1/1/00 0:00,9.6495,26.9633,7/8/23 16:27,1.78,Auction Ads,auction_relation
20230807,1773581507400720 ,US,,,1/1/00 0:00,2.06,1.1468,7/8/23 16:22,0.54,Non-Auction Ads,Promote
20230807,1773587771916290 ,PL,,,1/1/00 0:00,0.693,0.033,7/8/23 16:21,0.54,Non-Auction Ads,Promote
20230807,1773588241505310 ,PK,PK,,1/1/00 0:00,3.65,1.1644,7/8/23 16:22,1.36,Auction Ads,auction_relation
20230807,1773590576523280 ,MX,MX,,1/1/00 0:00,69.7065,156.2011,7/8/23 16:58,1.99,Auction Ads,auction_all
20230807,1773588739320880 ,PK,PK,,1/1/00 0:00,1.54,0.3788,7/8/23 16:22,1.36,Auction Ads,auction_relation
20230807,1773588186227740 ,PK,PK,,1/1/00 0:00,0.33,0.1763,7/8/23 16:22,1.36,Auction Ads,auction_relation
20230807,1773581662635030 ,US,,,1/1/00 0:00,11.41,8.124,7/8/23 16:24,0.54,Non-Auction Ads,Promote
20230807,1773587908850720 ,TH,,,1/1/00 0:00,8.67,0.8796,7/8/23 16:23,1.53,RIE,Promote Report Recall
20230807,1773584355562530 ,CA,US&CA,,1/1/00 0:00,4.53,5.3044,7/8/23 16:24,1.81,RIE,Ad Group Recall (Merged)
20230807,1773576194935800 ,TH,,,1/1/00 0:00,0.109,0.1444,7/8/23 16:23,0.54,Non-Auction Ads,Promote
20230807,1773588010195980 ,US,,,1/1/00 0:00,2.57,1.3636,7/8/23 16:23,0.54,Non-Auction Ads,Promote
20230807,1773576371358720 ,TH,,,1/1/00 0:00,0.2132,0.4621,7/8/23 16:23,0.54,Non-Auction Ads,Promote
20230807,1773585157117950 ,DE,,,1/1/00 0:00,11.7512,12.9621,7/8/23 16:25,0.54,Non-Auction Ads,Promote
20230807,1773584498092030 ,US,USCA,,1/1/00 0:00,,0.8211,7/8/23 16:23,1.78,Auction Ads,auction_relation
20230807,1773587845236740 ,TH,,,1/1/00 0:00,5.48,1.4307,7/8/23 16:23,1.53,RIE,Promote Report Recall
20230807,1773587265319930 ,MY,,,1/1/00 0:00,0.3338,0.4369,7/8/23 16:23,0.54,Non-Auction Ads,Promote
20230807,1773588941633530 ,EC,Others,,1/1/00 0:00,,2.3018,7/8/23 16:24,1.56,Auction Ads,auction_all
20230807,1773588722282510 ,OM,Other,,1/1/00 0:00,2.3414,1.4825,7/8/23 16:24,1.62,RIE,Ad Group Recall (Merged)
20230807,1773582228136960 ,US,,,1/1/00 0:00,4.24,7.1914,7/8/23 16:24,0.54,Non-Auction Ads,Promote
20230807,1773576540580860 ,TH,,,1/1/00 0:00,0.2832,0.5375,7/8/23 16:23,0.54,Non-Auction Ads,Promote
20230807,1773582156948480 ,US,,,1/1/00 0:00,4.33,1.97,7/8/23 16:24,0.54,Non-Auction Ads,Promote
20230807,1773584559940610 ,BR,,,1/1/00 0:00,3.0535,0.9182,7/8/23 16:24,0.54,Non-Auction Ads,Promote
20230807,1773582641858610 ,US,,,1/1/00 0:00,8.52,4.5564,7/8/23 16:24,0.54,Non-Auction Ads,Promote
20230807,1773582441680900 ,US,,,1/1/00 0:00,1.92,8.9716,7/8/23 16:25,0.54,Non-Auction Ads,Promote
20230807,1773588241537040 ,AU,AU,,1/1/00 0:00,3.65,1.5764,7/8/23 16:24,1.84,Auction Ads,auction_relation
20230807,1773588231194670 ,CA,USCA,,1/1/00 0:00,5.22,1.5764,7/8/23 16:24,1.78,Auction Ads,auction_relation
20230807,1773588218506250 ,AU,AU,,1/1/00 0:00,4.25,1.5764,7/8/23 16:24,1.84,Auction Ads,auction_relation
20230807,1773588223961090 ,AU,AU,,1/1/00 0:00,4.07,1.5764,7/8/23 16:24,1.84,Auction Ads,auction_relation
20230807,1773588218506250 ,CA,USCA,,1/1/00 0:00,4.25,1.5764,7/8/23 16:24,1.78,Auction Ads,auction_relation
20230807,1773536720798720 ,SA,,,1/1/00 0:00,9.8547,1.9914,7/8/23 16:24,0.54,Non-Auction Ads,Promote
20230807,1773588126538750 ,TH,,,1/1/00 0:00,12.98,1.6064,7/8/23 16:24,1.53,RIE,Promote Report Recall
20230807,1773536427179000 ,SA,,,1/1/00 0:00,0.6933,0.5936,7/8/23 16:24,0.54,Non-Auction Ads,Promote
20230807,1773576611347450 ,TH,,,1/1/00 0:00,0.1831,2.3012,7/8/23 16:25,0.54,Non-Auction Ads,Promote
20230807,1773585211583490 ,DE,,,1/1/00 0:00,4.9293,2.1625,7/8/23 16:25,0.54,Non-Auction Ads,Promote
20230807,1773588255867900 ,IL,,,1/1/00 0:00,37.4475,4.3043,7/8/23 16:26,0.54,Non-Auction Ads,Promote
20230807,1773582718051330 ,US,,,1/1/00 0:00,1.75,2.2344,7/8/23 16:25,0.54,Non-Auction Ads,Promote
20230807,1773588138773500 ,VN,,,1/1/00 0:00,1.1078,2.3501,7/8/23 16:25,1.53,RIE,Promote Report Recall
20230807,1773576599950330 ,TH,,,1/1/00 0:00,0.1721,0.3411,7/8/23 16:25,0.54,Non-Auction Ads,Promote
20230807,1773587900021760 ,FR,,,1/1/00 0:00,15.3932,1.951,7/8/23 16:26,0.54,Non-Auction Ads,Promote
20230807,1773588298551290 ,SA,,,1/1/00 0:00,76.3229,5.5639,7/8/23 16:26,1.53,RIE,Promote Report Recall
20230807,1773582858902580 ,US,,,1/1/00 0:00,1.71,2.2344,7/8/23 16:26,0.54,Non-Auction Ads,Promote
20230807,1773587573619710 ,FR,,,1/1/00 0:00,4.1701,1.7004,7/8/23 16:26,0.54,Non-Auction Ads,Promote
20230807,1773584938259560 ,IQ,Others,,1/1/00 0:00,5.48,4.0579,7/8/23 16:26,1.56,Auction Ads,auction_all
20230807,1773584938259560 ,IQ,Others,,1/1/00 0:00,5.48,4.0579,7/8/23 16:26,1.56,Auction Ads,auction_all
20230807,1773585171139630 ,ES,ES,,1/1/00 0:00,1.25,10.1183,7/8/23 16:28,1.37,Auction Ads,auction_relation
20230807,1773582345219070 ,US,,,1/1/00 0:00,2.21,1.8894,7/8/23 16:26,0.54,Non-Auction Ads,Promote
20230807,1773584684470270 ,RO,RO,,1/1/00 0:00,0.9242,0,7/8/23 16:26,1.94,Auction Ads,auction_relation
20230807,1773587519962110 ,MY,,,1/1/00 0:00,0.1626,0.7615,7/8/23 16:27,0.54,Non-Auction Ads,Promote
20230807,1773582647400450 ,US,,,1/1/00 0:00,2.94,6.8479,7/8/23 16:28,0.54,Non-Auction Ads,Promote
20230807,1773588236780550 ,BR,,,1/1/00 0:00,0.8865,0.6113,7/8/23 16:27,1.53,RIE,Promote Report Recall
20230807,1773588557611050 ,PK,PK,,1/1/00 0:00,3.5,1.1644,7/8/23 16:27,1.36,Auction Ads,auction_relation
20230807,1773588557611050 ,PK,PK,,1/1/00 0:00,3.5,1.1644,7/8/23 16:27,1.36,Auction Ads,auction_relation
20230807,1773588392310830 ,CA,USCA,,1/1/00 0:00,3.57,0.9827,7/8/23 16:27,1.78,Auction Ads,auction_relation
20230807,1773584907770900 ,BR,,,1/1/00 0:00,0.8925,0.972,7/8/23 16:27,0.54,Non-Auction Ads,Promote
20230807,1773587460338680 ,MY,,,1/1/00 0:00,0.0088,0.1161,7/8/23 16:27,0.54,Non-Auction Ads,Promote
20230807,1773587987519490 ,DE,,,1/1/00 0:00,3.1798,2.9339,7/8/23 16:28,0.54,Non-Auction Ads,Promote
20230807,1773588280756220 ,TH,,,1/1/00 0:00,9.06,2.4388,7/8/23 16:28,1.53,RIE,Promote Report Recall
20230807,1773586491258880 ,TR,,,1/1/00 0:00,0.359,0.1922,7/8/23 16:27,0.54,Non-Auction Ads,Promote
20230807,1773582005670910 ,US,,,1/1/00 0:00,5.8,2.975,7/8/23 16:28,0.54,Non-Auction Ads,Promote
20230807,1773587341953020 ,MY,,,1/1/00 0:00,0.0308,0.1161,7/8/23 16:27,0.54,Non-Auction Ads,Promote
20230807,1773520076732410 ,TH,,,1/1/00 0:00,0.0779,0.2173,7/8/23 16:28,0.54,Non-Auction Ads,Promote
20230807,1773576781543420 ,TH,,,1/1/00 0:00,0.0831,0.4374,7/8/23 16:28,0.54,Non-Auction Ads,Promote
20230807,1773583983951890 ,US,USCA,,1/1/00 0:00,10.66,17.8014,7/8/23 16:30,1.78,Auction Ads,auction_relation
20230807,1773583862450210 ,US,USCA,,1/1/00 0:00,10.59,17.8014,7/8/23 16:30,1.78,Auction Ads,auction_relation
20230807,1773583884316670 ,US,USCA,,1/1/00 0:00,10.14,17.8014,7/8/23 16:30,1.78,Auction Ads,auction_relation
20230807,1773588718645250 ,DE,,,1/1/00 0:00,269.1443,32.1445,7/8/23 16:33,1.53,RIE,Promote Report Recall
20230807,1773589655648300 ,CO,CO,,1/1/00 0:00,,6.1047,7/8/23 16:30,1.93,Auction Ads,auction_all
20230807,1773589655648300 ,MX,MX,,1/1/00 0:00,,6.1047,7/8/23 16:30,1.99,Auction Ads,auction_all
20230807,1773570177522700 ,IE,Other,,1/1/00 0:00,12.53,5.2059,7/8/23 16:30,1.62,RIE,Ad Group Recall (Merged)
20230807,1773570177522700 ,NZ,Other,,1/1/00 0:00,12.53,5.2059,7/8/23 16:30,1.62,RIE,Ad Group Recall (Merged)
20230807,1773570177522700 ,NZ,Other,,1/1/00 0:00,12.53,5.2059,7/8/23 16:30,1.62,RIE,Ad Group Recall (Merged)
20230807,1773570177522700 ,GB,GB,,1/1/00 0:00,12.53,5.2059,7/8/23 16:30,1.72,RIE,Ad Group Recall (Merged)
20230807,1773570177522700 ,GB,GB,,1/1/00 0:00,12.53,5.2059,7/8/23 16:30,1.76,Auction Ads,auction_relation
20230807,1773570177522700 ,NZ,NZ,,1/1/00 0:00,12.53,5.2059,7/8/23 16:30,1.58,Auction Ads,auction_relation
20230807,1773570177522700 ,CA,US&CA,,1/1/00 0:00,12.53,5.2059,7/8/23 16:30,1.81,RIE,Ad Group Recall (Merged)
20230807,1773570177522700 ,US,US&CA,,1/1/00 0:00,12.53,5.2059,7/8/23 16:30,1.81,RIE,Ad Group Recall (Merged)
20230807,1773553254484000 ,DE,DE,,1/1/00 0:00,8.41,5.0521,7/8/23 16:30,1.01,Auction Ads,auction_relation
20230807,1773553254484000 ,IT,IT,,1/1/00 0:00,8.41,5.0521,7/8/23 16:30,1.36,Auction Ads,auction_relation
20230807,1773553254484000 ,IE,IE,,1/1/00 0:00,8.41,5.0521,7/8/23 16:30,1.52,Auction Ads,auction_relation
20230807,1773553254484000 ,GB,GB,,1/1/00 0:00,8.41,5.0521,7/8/23 16:30,1.76,Auction Ads,auction_relation
20230807,1773566439781420 ,IE,IE,,1/1/00 0:00,6.68,4.9069,7/8/23 16:30,1.52,Auction Ads,auction_relation
20230807,1773569683340300 ,IE,Other,,1/1/00 0:00,8.34,4.9069,7/8/23 16:30,1.62,RIE,Ad Group Recall (Merged)
20230807,1773569683340300 ,NZ,Other,,1/1/00 0:00,8.34,4.9069,7/8/23 16:30,1.62,RIE,Ad Group Recall (Merged)
20230807,1773566439781420 ,IT,IT,,1/1/00 0:00,6.68,4.9069,7/8/23 16:30,1.36,Auction Ads,auction_relation
20230807,1773566439781420 ,FR,FR,,1/1/00 0:00,6.68,4.9069,7/8/23 16:30,1.97,Auction Ads,auction_relation
20230807,1773568539608060 ,CA,USCA,,1/1/00 0:00,6.47,4.9069,7/8/23 16:30,1.78,Auction Ads,auction_relation
20230807,1773569683340300 ,US,US&CA,,1/1/00 0:00,8.34,4.9069,7/8/23 16:30,1.81,RIE,Ad Group Recall (Merged)
20230807,1773566439781420 ,US,USCA,,1/1/00 0:00,6.68,4.9069,7/8/23 16:30,1.78,Auction Ads,auction_relation
20230807,1773566439781420 ,CA,USCA,,1/1/00 0:00,6.68,4.9069,7/8/23 16:30,1.78,Auction Ads,auction_relation
20230807,1773569683340300 ,NZ,Other,,1/1/00 0:00,8.34,4.9069,7/8/23 16:30,1.62,RIE,Ad Group Recall (Merged)
20230807,1773569683340300 ,CA,US&CA,,1/1/00 0:00,8.34,4.9069,7/8/23 16:30,1.81,RIE,Ad Group Recall (Merged)
20230807,1773566439781420 ,DE,DE,,1/1/00 0:00,6.68,4.9069,7/8/23 16:30,1.01,Auction Ads,auction_relation
20230807,1773569683340300 ,GB,GB,,1/1/00 0:00,8.34,4.9069,7/8/23 16:30,1.72,RIE,Ad Group Recall (Merged)
20230807,1773566439781420 ,NO,Others,,1/1/00 0:00,6.68,4.9069,7/8/23 16:30,1.56,Auction Ads,auction_all
20230807,1773566439781420 ,CH,CH,,1/1/00 0:00,6.68,4.9069,7/8/23 16:30,0.93,Auction Ads,auction_relation
20230807,1773569683340300 ,NZ,NZ,,1/1/00 0:00,8.34,4.9069,7/8/23 16:30,1.58,Auction Ads,auction_relation
20230807,1773566439781420 ,IL,IL,,1/1/00 0:00,6.68,4.9069,7/8/23 16:30,1.52,Auction Ads,auction_relation
20230807,1773569683340300 ,GB,GB,,1/1/00 0:00,8.34,4.9069,7/8/23 16:30,1.76,Auction Ads,auction_relation
20230807,1773566439781420 ,SE,SE,,1/1/00 0:00,6.68,4.9069,7/8/23 16:30,1.4,Auction Ads,auction_relation
20230807,1773567296238640 ,IE,IE,,1/1/00 0:00,8.64,4.4088,7/8/23 16:30,1.52,Auction Ads,auction_relation
20230807,1773567296238640 ,CH,CH,,1/1/00 0:00,8.64,4.4088,7/8/23 16:30,0.93,Auction Ads,auction_relation
20230807,1773567296238640 ,CA,USCA,,1/1/00 0:00,8.64,4.4088,7/8/23 16:30,1.78,Auction Ads,auction_relation
20230807,1773567296238640 ,DE,DE,,1/1/00 0:00,8.64,4.4088,7/8/23 16:30,1.01,Auction Ads,auction_relation
20230807,1773567296238640 ,IL,IL,,1/1/00 0:00,8.64,4.4088,7/8/23 16:30,1.52,Auction Ads,auction_relation
20230807,1773588651714590 ,FR,FR,,1/1/00 0:00,,11.5246,7/8/23 16:31,1.97,Auction Ads,auction_relation
20230807,1773588651714590 ,CH,CH,,1/1/00 0:00,,11.5246,7/8/23 16:31,0.93,Auction Ads,auction_relation
20230807,1773588601956380 ,CH,CH,,1/1/00 0:00,,11.5246,7/8/23 16:31,0.93,Auction Ads,auction_relation
20230807,1773588601965560 ,FR,FR,,1/1/00 0:00,,11.5246,7/8/23 16:31,1.97,Auction Ads,auction_relation
20230807,1773588601956380 ,FR,FR,,1/1/00 0:00,,11.5246,7/8/23 16:31,1.97,Auction Ads,auction_relation
20230807,1773588651706370 ,CH,CH,,1/1/00 0:00,,11.5246,7/8/23 16:31,0.93,Auction Ads,auction_relation
20230807,1773588651671650 ,FR,FR,,1/1/00 0:00,,11.5246,7/8/23 16:31,1.97,Auction Ads,auction_relation
20230807,1773582637268990 ,MY,MY,,1/1/00 0:00,1.4841,4.834,7/8/23 16:30,2.31,Auction Ads,auction_relation
20230807,1773543012027390 ,US,USCA,,1/1/00 0:00,10.23,3.9162,7/8/23 16:30,1.78,Auction Ads,auction_relation
20230807,1773540224196620 ,GB,GB,,1/1/00 0:00,6.15,3.7971,7/8/23 16:30,1.76,Auction Ads,auction_relation
20230807,1773541072061470 ,NZ,NZ,,1/1/00 0:00,,3.2107,7/8/23 16:30,1.58,Auction Ads,auction_relation
20230807,1773541072061470 ,GB,GB,,1/1/00 0:00,,3.2107,7/8/23 16:30,1.76,Auction Ads,auction_relation
20230807,1773541072061470 ,SE,SE,,1/1/00 0:00,,3.2107,7/8/23 16:30,1.4,Auction Ads,auction_relation
20230807,1773539015998490 ,NZ,NZ,,1/1/00 0:00,,3.2107,7/8/23 16:30,1.58,Auction Ads,auction_relation
20230807,1773549444044800 ,US,USCA,,1/1/00 0:00,13.96,3.2107,7/8/23 16:30,1.78,Auction Ads,auction_relation
20230807,1773562760137730 ,TH,TH,,1/1/00 0:00,,132.8724,7/8/23 17:00,0.97,Non-Auction Ads,R&F
20230807,1773582145756160 ,US,,,1/1/00 0:00,2.8,2.41,7/8/23 16:30,0.54,Non-Auction Ads,Promote
20230807,1773585022582780 ,SA,MENA,,1/1/00 0:00,7.6045,13.1906,7/8/23 16:33,1.67,RIE,Ad Group Recall (Merged)
20230807,1773588232204290 ,FR,,,1/1/00 0:00,4.269,1.7004,7/8/23 16:30,0.54,Non-Auction Ads,Promote
20230807,1773576828819450 ,TH,,,1/1/00 0:00,0.1601,0.2964,7/8/23 16:30,0.54,Non-Auction Ads,Promote
20230807,1773548880651260 ,US,USCA,,1/1/00 0:00,6.51,3.09,7/8/23 16:30,1.78,Auction Ads,auction_relation
20230807,1773562031618060 ,US,USCA,,1/1/00 0:00,0.09,2.1926,7/8/23 16:30,1.78,Auction Ads,auction_relation
20230807,1773585582314510 ,ID,ID,,1/1/00 0:00,1.4575,1.0248,7/8/23 16:30,1.8,Auction Ads,auction_relation
20230807,1773589970451470 ,CL,CL,,1/1/00 0:00,11.57,61.3959,7/8/23 16:48,1.85,Auction Ads,auction_all
20230807,1773587906693120 ,MY,,,1/1/00 0:00,0.0506,0.3762,7/8/23 16:30,0.54,Non-Auction Ads,Promote
20230807,1773599947717630 ,PE,PE,,1/1/00 0:00,8.07,8.3172,7/8/23 16:32,1.68,Auction Ads,auction_all
20230807,1773588301616130 ,TH,,,1/1/00 0:00,10.18,0.9344,7/8/23 16:30,1.53,RIE,Promote Report Recall
20230807,1773576866415610 ,TH,,,1/1/00 0:00,0.1564,0.4065,7/8/23 16:31,0.54,Non-Auction Ads,Promote
20230807,1773583162291200 ,US,,,1/1/00 0:00,3.4,4.5702,7/8/23 16:32,0.54,Non-Auction Ads,Promote
20230807,1773585222899760 ,US,USCA,,1/1/00 0:00,0.38,18.3326,7/8/23 16:36,1.78,Auction Ads,auction_relation
20230807,1773588646586360 ,MY,MY,,1/1/00 0:00,,2.7315,7/8/23 16:31,2.31,Auction Ads,auction_relation
20230807,1773585197882410 ,PK,PK,,1/1/00 0:00,5.29,13.6537,7/8/23 16:35,1.36,Auction Ads,auction_relation
20230807,1773585197882410 ,PK,PK,,1/1/00 0:00,5.29,13.6537,7/8/23 16:35,1.36,Auction Ads,auction_relation
20230807,1773583045251120 ,US,,,1/1/00 0:00,3.09,2.2676,7/8/23 16:31,0.54,Non-Auction Ads,Promote
20230807,1773588773374990 ,CA,USCA,,1/1/00 0:00,4.31,0.9827,7/8/23 16:31,1.78,Auction Ads,auction_relation
20230807,1773586620234760 ,US,USCA,,1/1/00 0:00,43.15,77.1881,7/8/23 16:55,1.78,Auction Ads,auction_relation
20230807,1773588292202540 ,ID,ID,,1/1/00 0:00,7.7482,12.7193,7/8/23 16:35,1.8,Auction Ads,auction_relation
20230807,1773593164854320 ,BR,BR,,1/1/00 0:00,186.4,50.5328,7/8/23 16:47,1.99,Auction Ads,auction_all
20230807,1773588388211740 ,TH,,,1/1/00 0:00,0.8,1.3835,7/8/23 16:32,1.53,RIE,Promote Report Recall
20230807,1773589290580990 ,EC,Others,,1/1/00 0:00,11.81,4.1476,7/8/23 16:33,1.56,Auction Ads,auction_all
20230807,1773586678656000 ,TR,,,1/1/00 0:00,6.9638,0.2516,7/8/23 16:32,0.54,Non-Auction Ads,Promote
20230807,1773587895069690 ,MY,,,1/1/00 0:00,0.0946,0.248,7/8/23 16:32,0.54,Non-Auction Ads,Promote
20230807,1773588453930020 ,DE,,,1/1/00 0:00,38.2904,7.833,7/8/23 16:34,0.54,Non-Auction Ads,Promote
20230807,1773588753498120 ,US,USCA,,1/1/00 0:00,,6.3199,7/8/23 16:34,1.78,Auction Ads,auction_relation
20230807,1773586713186300 ,TR,,,1/1/00 0:00,0.4106,0.2225,7/8/23 16:33,0.54,Non-Auction Ads,Promote
20230807,1773588139412480 ,MY,,,1/1/00 0:00,0.2613,0.5865,7/8/23 16:33,0.54,Non-Auction Ads,Promote
20230807,1773598905371660 ,US,USCA,,1/1/00 0:00,,1444.1045,17/8/23 14:00,1.78,Auction Ads,auction_relation
20230807,1773599495997480 ,US,USCA,,1/1/00 0:00,,1444.1045,17/8/23 14:00,1.78,Auction Ads,auction_relation
20230807,1773600303878190 ,US,USCA,,1/1/00 0:00,,1444.1045,17/8/23 14:00,1.78,Auction Ads,auction_relation
20230807,1773583346593790 ,US,,,1/1/00 0:00,1.88,3.07,7/8/23 16:33,0.54,Non-Auction Ads,Promote
20230807,1773585159226420 ,BR,,,1/1/00 0:00,1.4815,0.5425,7/8/23 16:33,0.54,Non-Auction Ads,Promote
20230807,1773583298342930 ,US,,,1/1/00 0:00,1.82,1.9557,7/8/23 16:33,0.54,Non-Auction Ads,Promote
20230807,1773588229284870 ,FR,,,1/1/00 0:00,10.8157,1.6086,7/8/23 16:34,0.54,Non-Auction Ads,Promote
20230807,1773588606106620 ,PH,,,1/1/00 0:00,0.0674,0.2618,7/8/23 16:34,0.54,Non-Auction Ads,Promote
20230807,1773576944923650 ,TH,,,1/1/00 0:00,0.1128,0.2213,7/8/23 16:34,0.54,Non-Auction Ads,Promote
20230807,1773585041713150 ,BR,,,1/1/00 0:00,1.7012,1.8377,7/8/23 16:34,0.54,Non-Auction Ads,Promote
20230807,1773602643923970 ,US,USCA,,1/1/00 0:00,,890.7017,7/8/23 21:12,1.78,Auction Ads,auction_relation
20230807,1773583294374910 ,ID,,,1/1/00 0:00,0.0826,0.3032,7/8/23 16:34,0.54,Non-Auction Ads,Promote
20230807,1773588773397500 ,IT,,,1/1/00 0:00,29.7852,3.4672,7/8/23 16:36,0.54,Non-Auction Ads,Promote
20230807,1773588765259770 ,ID,,,1/1/00 0:00,0.1005,0.6878,7/8/23 16:35,1.53,RIE,Promote Report Recall
20230807,1773589171418140 ,CH,CH,,1/1/00 0:00,,11.5246,7/8/23 16:37,0.93,Auction Ads,auction_relation
20230807,1773589166404620 ,DE,DE,,1/1/00 0:00,,11.5246,7/8/23 16:37,1.01,Auction Ads,auction_relation
20230807,1773589174985720 ,PL,PL,,1/1/00 0:00,,11.5246,7/8/23 16:37,1.64,Auction Ads,auction_relation
20230807,1773589166413850 ,DE,DE,,1/1/00 0:00,,11.5246,7/8/23 16:37,1.01,Auction Ads,auction_relation
20230807,1773589174985720 ,CH,CH,,1/1/00 0:00,,11.5246,7/8/23 16:37,0.93,Auction Ads,auction_relation
20230807,1773589174985720 ,SE,SE,,1/1/00 0:00,,11.5246,7/8/23 16:37,1.4,Auction Ads,auction_relation
20230807,1773589174113290 ,PL,PL,,1/1/00 0:00,,11.5246,7/8/23 16:37,1.64,Auction Ads,auction_relation
20230807,1773589174113290 ,FR,FR,,1/1/00 0:00,,11.5246,7/8/23 16:37,1.97,Auction Ads,auction_relation
20230807,1773589166404620 ,SE,SE,,1/1/00 0:00,,11.5246,7/8/23 16:37,1.4,Auction Ads,auction_relation
20230807,1773589166413850 ,SE,SE,,1/1/00 0:00,,11.5246,7/8/23 16:37,1.4,Auction Ads,auction_relation
20230807,1773589174985720 ,DE,DE,,1/1/00 0:00,,11.5246,7/8/23 16:37,1.01,Auction Ads,auction_relation
20230807,1773589174113290 ,CH,CH,,1/1/00 0:00,,11.5246,7/8/23 16:37,0.93,Auction Ads,auction_relation
20230807,1773589171418140 ,DE,DE,,1/1/00 0:00,,11.5246,7/8/23 16:37,1.01,Auction Ads,auction_relation
20230807,1773588918600700 ,CA,USCA,,1/1/00 0:00,3.41,0.9827,7/8/23 16:35,1.78,Auction Ads,auction_relation
20230807,1773577017259000 ,TH,,,1/1/00 0:00,0.101,1.1225,7/8/23 16:35,0.54,Non-Auction Ads,Promote
20230807,1773588921788460 ,PK,PK,,1/1/00 0:00,1.6,0.3788,7/8/23 16:36,1.36,Auction Ads,auction_relation
20230807,1773588975398920 ,PK,PK,,1/1/00 0:00,1.52,0.3788,7/8/23 16:36,1.36,Auction Ads,auction_relation
20230807,1773583368099900 ,US,,,1/1/00 0:00,1.7,0.9167,7/8/23 16:36,0.54,Non-Auction Ads,Promote
20230807,1773555947481080 ,BR,BR,,1/1/00 0:00,3.51,45.9425,7/8/23 16:50,1.7,RIE,Ad Group Recall (Merged)
20230807,1773555947481080 ,BR,BR,,1/1/00 0:00,3.51,45.9425,7/8/23 16:50,1.99,Auction Ads,auction_all
20230807,1773585273781250 ,BR,,,1/1/00 0:00,1.7565,1.1413,7/8/23 16:37,0.54,Non-Auction Ads,Promote
20230807,1773538835232830 ,SA,,,1/1/00 0:00,1.4207,1.5519,7/8/23 16:37,0.54,Non-Auction Ads,Promote
20230807,1773577107275770 ,TH,,,1/1/00 0:00,0.0999,0.5298,7/8/23 16:36,0.54,Non-Auction Ads,Promote
20230807,1773585265109040 ,NL,NL,,1/1/00 0:00,13.68,7.4758,7/8/23 16:37,1.19,Auction Ads,auction_relation
20230807,1773590005185530 ,PH,PH,,1/1/00 0:00,6.55,19.9722,7/8/23 16:42,2.46,Auction Ads,auction_relation
20230807,1773589359458300 ,SA,,,1/1/00 0:00,14.6792,29.9663,7/8/23 16:45,0.54,Non-Auction Ads,Promote
20230807,1773574705282080 ,ID,ID,,1/1/00 0:00,15.5041,105.0786,7/8/23 17:00,1.8,Non-Auction Ads,R&F
20230807,1773577169904640 ,TH,,,1/1/00 0:00,0.4121,3.4076,7/8/23 16:37,0.54,Non-Auction Ads,Promote
20230807,1773589075139580 ,BR,BR,,1/1/00 0:00,2.9672,0.8848,7/8/23 16:37,1.99,Auction Ads,auction_all
20230807,1773583633288190 ,US,,,1/1/00 0:00,1.48,1.6578,7/8/23 16:38,0.54,Non-Auction Ads,Promote
20230807,1773585233114110 ,BR,,,1/1/00 0:00,2.1938,0.8413,7/8/23 16:38,0.54,Non-Auction Ads,Promote
20230807,1773585785457660 ,US,USCA,,1/1/00 0:00,,21.7753,7/8/23 16:45,1.78,Auction Ads,auction_relation
20230807,1773585422847000 ,TR,TR,,1/1/00 0:00,1.21,7.4758,7/8/23 16:39,0.83,Auction Ads,auction_relation
20230807,1773585422847000 ,TR,TR,,1/1/00 0:00,1.21,7.4758,7/8/23 16:39,1.63,RIE,Ad Group Recall (Merged)
20230807,1773585442324570 ,TR,TR,,1/1/00 0:00,9.19,7.4758,7/8/23 16:39,0.83,Auction Ads,auction_relation
20230807,1773585442321420 ,TR,TR,,1/1/00 0:00,,7.4758,7/8/23 16:39,0.83,Auction Ads,auction_relation
20230807,1773585442321420 ,TR,TR,,1/1/00 0:00,,7.4758,7/8/23 16:39,0.83,Auction Ads,auction_relation
20230807,1773585688307740 ,CA,USCA,,1/1/00 0:00,22.07,2.1435,7/8/23 16:38,1.78,Auction Ads,auction_relation
20230807,1773585688307740 ,TR,TR,,1/1/00 0:00,22.07,2.1435,7/8/23 16:38,0.83,Auction Ads,auction_relation
20230807,1773585688307740 ,ZA,ZA,,1/1/00 0:00,22.07,2.1435,7/8/23 16:38,1.4,Auction Ads,auction_relation
20230807,1773577056310270 ,TH,,,1/1/00 0:00,0.4631,0.7108,7/8/23 16:38,0.54,Non-Auction Ads,Promote
20230807,1773588806490110 ,PH,,,1/1/00 0:00,0.1017,0.0876,7/8/23 16:38,0.54,Non-Auction Ads,Promote
20230807,1773583782163460 ,US,,,1/1/00 0:00,3.28,8.525,7/8/23 16:41,0.54,Non-Auction Ads,Promote
20230807,1773585918561290 ,CA,USCA,,1/1/00 0:00,12.7,18.882,7/8/23 16:45,1.78,Auction Ads,auction_relation
20230807,1773588440570880 ,MY,,,1/1/00 0:00,0.2131,0.5284,7/8/23 16:38,0.54,Non-Auction Ads,Promote
20230807,1773588985259010 ,TR,,,1/1/00 0:00,1.0015,0.2403,7/8/23 16:38,1.53,RIE,Promote Report Recall
20230807,1773585700166650 ,ES,ES,,1/1/00 0:00,,0.1719,7/8/23 16:38,1.37,Auction Ads,auction_relation
20230807,1773539237801980 ,SA,,,1/1/00 0:00,,0.7114,7/8/23 16:39,0.54,Non-Auction Ads,Promote
20230807,1773589201823760 ,US,USCA,,1/1/00 0:00,4.86,0.9827,7/8/23 16:39,1.78,Auction Ads,auction_relation
20230807,1773571040207920 ,ID,ID,,1/1/00 0:00,13.02,98.9725,7/8/23 17:00,1.8,Auction Ads,auction_relation
20230807,1773590681969710 ,BR,BR,,1/1/00 0:00,,2.2433,7/8/23 16:40,1.99,Auction Ads,auction_all
20230807,1773586043286570 ,GB,GB,,1/1/00 0:00,11.46,19.272,7/8/23 16:47,1.72,RIE,Ad Group Recall (Merged)
20230807,1773570345260060 ,ID,ID,,1/1/00 0:00,19.18,98.9725,7/8/23 17:00,1.8,Auction Ads,auction_relation
20230807,1773585931073580 ,US,USCA,,1/1/00 0:00,0.48,21.7753,7/8/23 16:47,1.78,Auction Ads,auction_relation
20230807,1773540881488960 ,SA,,,1/1/00 0:00,1.6183,0.9243,7/8/23 16:40,0.54,Non-Auction Ads,Promote
20230807,1773588759418930 ,OM,Other,,1/1/00 0:00,2.1399,1.4825,7/8/23 16:41,1.62,RIE,Ad Group Recall (Merged)
20230807,1773577348719610 ,TH,,,1/1/00 0:00,0.0935,0.2956,7/8/23 16:41,0.54,Non-Auction Ads,Promote
20230807,1773579210270720 ,US,,,1/1/00 0:00,1.85,1.7255,7/8/23 16:41,0.54,Non-Auction Ads,Promote
20230807,1773589464554520 ,BR,BR,,1/1/00 0:00,5.9037,0.4176,7/8/23 16:41,1.99,Auction Ads,auction_all
20230807,1773589464554520 ,BR,BR,,1/1/00 0:00,5.9037,0.4176,7/8/23 16:41,1.7,RIE,Ad Group Recall (Merged)
20230807,1773570494879790 ,ID,ID,,1/1/00 0:00,24.2,98.9725,7/8/23 17:00,1.8,Auction Ads,auction_relation
20230807,1773592558928890 ,PK,PK,,1/1/00 0:00,0.47,0.2969,7/8/23 16:41,1.36,Auction Ads,auction_relation
20230807,1773588366780450 ,US,USCA,,1/1/00 0:00,121.03,55.6583,7/8/23 16:57,1.78,Auction Ads,auction_relation
20230807,1773589876463630 ,JP,JP,,1/1/00 0:00,,19.4699,7/8/23 16:48,2.16,Auction Ads,auction_all
20230807,1773588678637570 ,MY,,,1/1/00 0:00,0.6323,0.299,7/8/23 16:43,0.54,Non-Auction Ads,Promote
20230807,1773577764201470 ,TH,,,1/1/00 0:00,0.1431,0.5024,7/8/23 16:43,0.54,Non-Auction Ads,Promote
20230807,1773583076186110 ,ID,,,1/1/00 0:00,0.0083,0.2992,7/8/23 16:43,0.54,Non-Auction Ads,Promote
20230807,1773586043281450 ,BR,BR,,1/1/00 0:00,15.25,22.3734,7/8/23 16:50,1.99,Auction Ads,auction_all
20230807,1773589050527740 ,PH,,,1/1/00 0:00,0.0907,0.2476,7/8/23 16:44,0.54,Non-Auction Ads,Promote
20230807,1773577926697980 ,TH,,,1/1/00 0:00,0.1028,0.4098,7/8/23 16:44,0.54,Non-Auction Ads,Promote
20230807,1773589071155200 ,PH,,,1/1/00 0:00,0.0787,0.079,7/8/23 16:44,0.54,Non-Auction Ads,Promote
20230807,1773589046834180 ,TH,,,1/1/00 0:00,0.85,1.2592,7/8/23 16:44,1.53,RIE,Promote Report Recall
20230807,1773588231317500 ,PL,,,1/1/00 0:00,0.9791,0.3292,7/8/23 16:44,0.54,Non-Auction Ads,Promote
20230807,1773540906520570 ,SA,,,1/1/00 0:00,1.4209,0.9243,7/8/23 16:44,0.54,Non-Auction Ads,Promote
20230807,1773577577450490 ,TH,,,1/1/00 0:00,0.2568,0.9286,7/8/23 16:44,0.54,Non-Auction Ads,Promote
20230807,1773584033910780 ,US,,,1/1/00 0:00,7.07,21.71,7/8/23 16:51,0.54,Non-Auction Ads,Promote
20230807,1773577406072830 ,TH,,,1/1/00 0:00,0.1462,1.2365,7/8/23 16:44,0.54,Non-Auction Ads,Promote
20230807,1773578119606270 ,TH,,,1/1/00 0:00,0.0707,0.2198,7/8/23 16:44,0.54,Non-Auction Ads,Promote
20230807,1773589169145860 ,TH,,,1/1/00 0:00,7.62,1.1902,7/8/23 16:45,1.53,RIE,Promote Report Recall
20230807,1773583431025660 ,ID,,,1/1/00 0:00,0.063,0.2643,7/8/23 16:44,0.54,Non-Auction Ads,Promote
20230807,1773587040336890 ,RO,RO,,1/1/00 0:00,9.9822,16.2976,7/8/23 16:49,1.94,Auction Ads,auction_relation
20230807,1773591415464990 ,IE,IE,,1/1/00 0:00,12.2132,11.9698,7/8/23 16:48,1.52,Auction Ads,auction_relation
20230807,1773587150352380 ,TR,,,1/1/00 0:00,0.3944,0.1224,7/8/23 16:44,0.54,Non-Auction Ads,Promote
20230807,1773589438403620 ,TH,,,1/1/00 0:00,10.24,1.9707,7/8/23 16:45,1.53,RIE,Promote Report Recall
20230807,1773578140152830 ,TH,,,1/1/00 0:00,0.1094,0.3842,7/8/23 16:45,0.54,Non-Auction Ads,Promote
20230807,1773578130527230 ,TH,,,1/1/00 0:00,0.1005,0.2655,7/8/23 16:45,0.54,Non-Auction Ads,Promote
20230807,1773584021609470 ,US,,,1/1/00 0:00,2.09,3.3927,7/8/23 16:46,0.54,Non-Auction Ads,Promote
20230807,1773583154851840 ,US,,,1/1/00 0:00,1.2,2.0483,7/8/23 16:45,0.54,Non-Auction Ads,Promote
20230807,1773578551489530 ,TH,,,1/1/00 0:00,0.6825,0.8463,7/8/23 16:45,0.54,Non-Auction Ads,Promote
20230807,1773590045507630 ,BR,BR,,1/1/00 0:00,0.0144,2.7136,7/8/23 16:46,1.99,Auction Ads,auction_all
20230807,1773578466083840 ,TH,,,1/1/00 0:00,0.1497,0.1213,7/8/23 16:46,0.54,Non-Auction Ads,Promote
20230807,1773578078790650 ,TH,,,1/1/00 0:00,0.1524,0.2788,7/8/23 16:46,0.54,Non-Auction Ads,Promote
20230807,1773178423034890 ,VN,VN,,1/1/00 0:00,77.12,73.9817,7/8/23 17:00,2.32,Non-Auction Ads,R&F
20230807,1773178423034890 ,VN,VN,,1/1/00 0:00,77.12,73.9817,7/8/23 17:00,2.32,Non-Auction Ads,R&F
20230807,1773584849948690 ,BR,,,1/1/00 0:00,1.5351,1.8635,7/8/23 16:47,0.54,Non-Auction Ads,Promote
20230807,1773589483658240 ,GR,,,1/1/00 0:00,14.3699,2.6442,7/8/23 16:47,0.54,Non-Auction Ads,Promote
20230807,1773584202605570 ,US,,,1/1/00 0:00,3.3,0.8333,7/8/23 16:46,0.54,Non-Auction Ads,Promote
20230807,1773584015030270 ,US,,,1/1/00 0:00,2.13,2.3569,7/8/23 16:47,0.54,Non-Auction Ads,Promote
20230807,1773578529901570 ,TH,,,1/1/00 0:00,0.0976,0.2642,7/8/23 16:47,0.54,Non-Auction Ads,Promote
20230807,1773585267661840 ,RO,,,1/1/00 0:00,0,2.146,7/8/23 16:48,0.54,Non-Auction Ads,Promote
20230807,1773589453713410 ,TR,,,1/1/00 0:00,3.5282,0.3697,7/8/23 16:47,1.53,RIE,Promote Report Recall
20230807,1773183702199290 ,ID,ID,,1/1/00 0:00,67.8156,69.5843,7/8/23 17:00,1.8,Non-Auction Ads,R&F
20230807,1773578564458490 ,TH,,,1/1/00 0:00,0.1238,0.4191,7/8/23 16:47,0.54,Non-Auction Ads,Promote
20230807,1773541750939640 ,VN,,,1/1/00 0:00,0.343,1.0878,7/8/23 16:48,0.54,Non-Auction Ads,Promote
20230807,1773589768254460 ,MY,MY,,1/1/00 0:00,7.07,4.8474,7/8/23 16:49,2.31,Auction Ads,auction_relation
20230807,1773589768389660 ,MY,MY,,1/1/00 0:00,7.59,4.8474,7/8/23 16:49,2.31,Auction Ads,auction_relation
20230807,1773589765827630 ,MY,MY,,1/1/00 0:00,6.86,4.8474,7/8/23 16:49,2.31,Auction Ads,auction_relation
20230807,1773583361694720 ,ID,,,1/1/00 0:00,0.2853,0.0887,7/8/23 16:48,0.54,Non-Auction Ads,Promote
20230807,1773583548782590 ,US,,,1/1/00 0:00,2.2,1.6175,7/8/23 16:49,0.54,Non-Auction Ads,Promote
20230807,1773578586629120 ,TH,,,1/1/00 0:00,0.1036,0.3422,7/8/23 16:48,0.54,Non-Auction Ads,Promote
20230807,1773589841162250 ,GR,GR,,1/1/00 0:00,4.56,1.3866,7/8/23 16:49,2.11,Auction Ads,auction_relation
20230807,1773541782960130 ,VN,,,1/1/00 0:00,0.1213,0.5437,7/8/23 16:49,0.54,Non-Auction Ads,Promote
20230807,1773583595095040 ,US,,,1/1/00 0:00,1.48,1.6667,7/8/23 16:49,0.54,Non-Auction Ads,Promote
20230807,1773551602340860 ,VN,VN,,1/1/00 0:00,13.91,64.8525,7/8/23 17:00,2.32,Non-Auction Ads,R&F
20230807,1773589435094020 ,NL,,,1/1/00 0:00,2.3985,3.3088,7/8/23 16:50,0.54,Non-Auction Ads,Promote
20230807,1773583354298360 ,ID,,,1/1/00 0:00,0.2002,0.2118,7/8/23 16:50,0.54,Non-Auction Ads,Promote
20230807,1773590254522400 ,FR,FR,,1/1/00 0:00,9.0445,3.8873,7/8/23 16:51,1.97,Auction Ads,auction_relation
20230807,1773585320125440 ,BR,,,1/1/00 0:00,1.8838,0.7564,7/8/23 16:50,0.54,Non-Auction Ads,Promote
20230807,1773565118925820 ,ID,ID,,1/1/00 0:00,73.9895,60.8225,7/8/23 17:00,1.8,Non-Auction Ads,R&F
20230807,1773565118925820 ,ID,ID,,1/1/00 0:00,73.9895,60.8225,7/8/23 17:00,1.8,Non-Auction Ads,R&F
20230807,1773565118925820 ,ID,ID,,1/1/00 0:00,73.9895,60.8225,7/8/23 17:00,1.8,Non-Auction Ads,R&F
20230807,1773565118925820 ,ID,ID,,1/1/00 0:00,73.9895,60.8225,7/8/23 17:00,1.8,Non-Auction Ads,R&F
20230807,1773565118925820 ,ID,ID,,1/1/00 0:00,73.9895,60.8225,7/8/23 17:00,1.8,Non-Auction Ads,R&F
20230807,1773578790700030 ,TH,,,1/1/00 0:00,0.1436,0.4992,7/8/23 16:50,0.54,Non-Auction Ads,Promote
20230807,1773591209627680 ,BR,BR,,1/1/00 0:00,63.8611,189.3628,7/8/23 17:20,1.99,Auction Ads,auction_all
20230807,1773589815117870 ,CA,,,1/1/00 0:00,4.3661,2.8326,7/8/23 16:52,1.53,RIE,Promote Report Recall
20230807,1773589612966910 ,PH,,,1/1/00 0:00,0.1017,0.1518,7/8/23 16:51,0.54,Non-Auction Ads,Promote
20230807,1773589509773310 ,IL,,,1/1/00 0:00,0.2738,0.2377,7/8/23 16:51,0.54,Non-Auction Ads,Promote
20230807,1773591290920960 ,PH,PH,,1/1/00 0:00,6.07,19.9722,7/8/23 16:57,2.46,Auction Ads,auction_relation
20230807,1773578950727680 ,TH,,,1/1/00 0:00,0.0966,0.2867,7/8/23 16:51,0.54,Non-Auction Ads,Promote
20230807,1773590064701450 ,PK,PK,,1/1/00 0:00,0.99,0.3227,7/8/23 16:52,1.36,Auction Ads,auction_relation
20230807,1773586626693150 ,CA,USCA,,1/1/00 0:00,6.4819,6.2199,7/8/23 16:54,1.78,Auction Ads,auction_relation
20230807,1773586626693150 ,US,USCA,,1/1/00 0:00,6.4819,6.2199,7/8/23 16:54,1.78,Auction Ads,auction_relation
20230807,1773586487954430 ,GB,,,1/1/00 0:00,1.7338,1.9234,7/8/23 16:53,0.54,Non-Auction Ads,Promote
20230807,1773586706278400 ,BR,,,1/1/00 0:00,3.0738,2.1591,7/8/23 16:53,0.54,Non-Auction Ads,Promote
20230807,1773589750932510 ,TH,,,1/1/00 0:00,5.63,2.3074,7/8/23 16:53,1.53,RIE,Promote Report Recall
20230807,1773586046487550 ,BR,,,1/1/00 0:00,0.8947,0.8219,7/8/23 16:52,0.54,Non-Auction Ads,Promote
20230807,1773583619963900 ,ID,,,1/1/00 0:00,0.0657,0.242,7/8/23 16:52,0.54,Non-Auction Ads,Promote
20230807,1773589888303100 ,TH,,,1/1/00 0:00,0.5472,2.8538,7/8/23 16:53,1.53,RIE,Promote Report Recall
20230807,1773552424424490 ,CO,Other,,1/1/00 0:00,123.06,58.4599,7/8/23 17:00,1.62,RIE,Ad Group Recall (Merged)
20230807,1773589919726610 ,TH,,,1/1/00 0:00,7.68,2.3919,7/8/23 16:53,1.53,RIE,Promote Report Recall
20230807,1773586416483360 ,FR,FR,,1/1/00 0:00,1.52,6.7717,7/8/23 16:55,1.97,Auction Ads,auction_relation
20230807,1773594095987720 ,US,USCA,,1/1/00 0:00,0.7,7.0615,7/8/23 16:55,1.78,Auction Ads,auction_relation
20230807,1773590285223970 ,BR,BR,,1/1/00 0:00,0.039,0.3117,7/8/23 16:53,1.99,Auction Ads,auction_all
20230807,1773590207880240 ,PK,PK,,1/1/00 0:00,,0.2449,7/8/23 16:53,1.36,Auction Ads,auction_relation
20230807,1773590037884930 ,GB,,,1/1/00 0:00,30.5718,2.1801,7/8/23 16:54,1.53,RIE,Promote Report Recall
20230807,1773579073568760 ,TH,,,1/1/00 0:00,0.3392,0.4655,7/8/23 16:53,0.54,Non-Auction Ads,Promote
20230807,1773554122690590 ,CA,US&CA,,1/1/00 0:00,286.05,58.4599,7/8/23 17:00,1.81,RIE,Ad Group Recall (Merged)
20230807,1773590018509820 ,PH,,,1/1/00 0:00,0.4514,0.2997,7/8/23 16:54,1.53,RIE,Promote Report Recall
20230807,1773586515143720 ,BR,BR,,1/1/00 0:00,10.0055,6.0302,7/8/23 16:56,1.99,Auction Ads,auction_all
20230807,1773583305886720 ,US,,,1/1/00 0:00,1.94,2.0483,7/8/23 16:54,0.54,Non-Auction Ads,Promote
20230807,1773587022333950 ,ES,,,1/1/00 0:00,0.781,0.3912,7/8/23 16:54,0.54,Non-Auction Ads,Promote
20230807,1773590041603070 ,TH,,,1/1/00 0:00,6.13,3.7683,7/8/23 16:55,1.53,RIE,Promote Report Recall
20230807,1773582583838770 ,US,USCA,,1/1/00 0:00,18.86,49.4927,7/8/23 17:00,1.78,Auction Ads,auction_relation
20230807,1773541333988350 ,SA,,,1/1/00 0:00,10.2411,1.6342,7/8/23 16:55,0.54,Non-Auction Ads,Promote
20230807,1773583787025410 ,US,,,1/1/00 0:00,2.3,2.0483,7/8/23 16:55,0.54,Non-Auction Ads,Promote
20230807,1773579009699840 ,TH,,,1/1/00 0:00,0.1521,0.9551,7/8/23 16:55,0.54,Non-Auction Ads,Promote
20230807,1773183702198320 ,ID,ID,,1/1/00 0:00,9.3311,46.7226,7/8/23 17:00,1.8,Non-Auction Ads,R&F
20230807,1773552843742250 ,CO,Other,,1/1/00 0:00,56.7,58.4599,7/8/23 17:00,1.62,RIE,Ad Group Recall (Merged)
20230807,1773591270922280 ,PK,PK,,1/1/00 0:00,,0.2972,7/8/23 16:56,1.36,Auction Ads,auction_relation
20230807,1773590311436330 ,IQ,Others,,1/1/00 0:00,0.92,3.9999,7/8/23 16:56,1.56,Auction Ads,auction_all
20230807,1773590311436330 ,BY,BY,,1/1/00 0:00,0.92,3.9999,7/8/23 16:56,2.14,Auction Ads,auction_relation
20230807,1773590311436330 ,FI,Others,,1/1/00 0:00,0.92,3.9999,7/8/23 16:56,1.56,Auction Ads,auction_all
20230807,1773590311436330 ,IE,IE,,1/1/00 0:00,0.92,3.9999,7/8/23 16:56,1.52,Auction Ads,auction_relation
20230807,1773590311436330 ,TW,TW,,1/1/00 0:00,0.92,3.9999,7/8/23 16:56,0.95,Auction Ads,auction_relation
20230807,1773590311436330 ,ZA,ZA,,1/1/00 0:00,0.92,3.9999,7/8/23 16:56,1.4,Auction Ads,auction_relation
20230807,1773590311436330 ,NO,Others,,1/1/00 0:00,0.92,3.9999,7/8/23 16:56,1.56,Auction Ads,auction_all
20230807,1773590311436330 ,NZ,NZ,,1/1/00 0:00,0.92,3.9999,7/8/23 16:56,1.58,Auction Ads,auction_relation
20230807,1773590311436330 ,ES,ES,,1/1/00 0:00,0.92,3.9999,7/8/23 16:56,1.37,Auction Ads,auction_relation
20230807,1773590311436330 ,IQ,Others,,1/1/00 0:00,0.92,3.9999,7/8/23 16:56,1.56,Auction Ads,auction_all
20230807,1773590311436330 ,PK,PK,,1/1/00 0:00,0.92,3.9999,7/8/23 16:56,1.36,Auction Ads,auction_relation
20230807,1773590311436330 ,BY,BY,,1/1/00 0:00,0.92,3.9999,7/8/23 16:56,2.14,Auction Ads,auction_relation
20230807,1773586592596010 ,US,USCA,,1/1/00 0:00,3.31,17.0014,7/8/23 16:58,1.78,Auction Ads,auction_relation
20230807,1773590209392640 ,MY,MY,,1/1/00 0:00,2.5,1.1679,7/8/23 16:56,2.31,Auction Ads,auction_relation
20230807,1773579048119290 ,TH,,,1/1/00 0:00,0.3483,0.7077,7/8/23 16:56,0.54,Non-Auction Ads,Promote
20230807,1773586570528770 ,FR,FR,,1/1/00 0:00,1.97,6.7717,7/8/23 16:57,1.97,Auction Ads,auction_relation
20230807,1773586694139900 ,IL,IL,,1/1/00 0:00,7.55,9.615,7/8/23 16:59,1.52,Auction Ads,auction_relation
20230807,1773586885936170 ,DK,DK,,1/1/00 0:00,31.5895,54.3752,7/8/23 17:01,1.31,Auction Ads,auction_relation
20230807,1773590290117660 ,PK,PK,,1/1/00 0:00,0.83,1.266,7/8/23 16:57,1.36,Auction Ads,auction_relation
20230807,1773590290117660 ,US,USCA,,1/1/00 0:00,0.83,1.266,7/8/23 16:57,1.78,Auction Ads,auction_relation
20230807,1773590290117660 ,BY,BY,,1/1/00 0:00,0.83,1.266,7/8/23 16:57,2.14,Auction Ads,auction_relation
20230807,1773590290117660 ,MY,MY,,1/1/00 0:00,0.83,1.266,7/8/23 16:57,2.31,Auction Ads,auction_relation
20230807,1773590290117660 ,HU,Others,,1/1/00 0:00,0.83,1.266,7/8/23 16:57,1.56,Auction Ads,auction_all
20230807,1773590290117660 ,GR,GR,,1/1/00 0:00,0.83,1.266,7/8/23 16:57,2.11,Auction Ads,auction_relation
20230807,1773590290117660 ,IQ,Others,,1/1/00 0:00,0.83,1.266,7/8/23 16:57,1.56,Auction Ads,auction_all
20230807,1773590290117660 ,ZA,ZA,,1/1/00 0:00,0.83,1.266,7/8/23 16:57,1.4,Auction Ads,auction_relation
20230807,1773590290117660 ,TR,TR,,1/1/00 0:00,0.83,1.266,7/8/23 16:57,0.83,Auction Ads,auction_relation
20230807,1773590290117660 ,TW,TW,,1/1/00 0:00,0.83,1.266,7/8/23 16:57,0.95,Auction Ads,auction_relation
20230807,1773590290117660 ,IQ,Others,,1/1/00 0:00,0.83,1.266,7/8/23 16:57,1.56,Auction Ads,auction_all
20230807,1773590290117660 ,PK,PK,,1/1/00 0:00,0.83,1.266,7/8/23 16:57,1.36,Auction Ads,auction_relation
20230807,1773590290117660 ,BY,BY,,1/1/00 0:00,0.83,1.266,7/8/23 16:57,2.14,Auction Ads,auction_relation
20230807,1773590290117660 ,ID,ID,,1/1/00 0:00,0.83,1.266,7/8/23 16:57,1.8,Auction Ads,auction_relation
20230807,1773590290117660 ,CZ,CZ,,1/1/00 0:00,0.83,1.266,7/8/23 16:57,1.9,Auction Ads,auction_relation
20230807,1773590290117660 ,ES,ES,,1/1/00 0:00,0.83,1.266,7/8/23 16:57,1.37,Auction Ads,auction_relation
20230807,1773553004056600 ,ID,ID,,1/1/00 0:00,37.642,31.7014,7/8/23 17:00,1.8,Non-Auction Ads,R&F
20230807,1773553004056600 ,ID,ID,,1/1/00 0:00,37.642,31.7014,7/8/23 17:00,1.8,Non-Auction Ads,R&F
20230807,1773553004056600 ,ID,ID,,1/1/00 0:00,37.642,31.7014,7/8/23 17:00,1.8,Non-Auction Ads,R&F
20230807,1773588718317570 ,SE,,,1/1/00 0:00,3.0591,1.3166,7/8/23 16:57,0.54,Non-Auction Ads,Promote
20230807,1773542175766530 ,SA,,,1/1/00 0:00,1.3063,0.4503,7/8/23 16:57,0.54,Non-Auction Ads,Promote
20230807,1773586707880990 ,ES,ES,,1/1/00 0:00,3.916,5.0083,7/8/23 16:58,1.37,Auction Ads,auction_relation
20230807,1773584453693440 ,US,,,1/1/00 0:00,2.97,5.22,7/8/23 16:58,0.54,Non-Auction Ads,Promote
20230807,1773571047587840 ,TH,TH,,1/1/00 0:00,1.5157,7.1675,7/8/23 16:59,1.64,Auction Ads,auction_relation
20230807,1773590171794430 ,SA,,,1/1/00 0:00,11.8697,2.7038,7/8/23 16:57,0.54,Non-Auction Ads,Promote
20230807,1773589498344450 ,FR,,,1/1/00 0:00,2.8057,2.9071,7/8/23 16:58,0.54,Non-Auction Ads,Promote
20230807,1773587860721660 ,TR,,,1/1/00 0:00,0.3263,0.21,7/8/23 16:57,0.54,Non-Auction Ads,Promote
20230807,1773590206748670 ,TH,,,1/1/00 0:00,6.12,1.3411,7/8/23 16:57,1.53,RIE,Promote Report Recall
20230807,1773586501368880 ,BR,,,1/1/00 0:00,0.8842,0.3634,7/8/23 16:57,0.54,Non-Auction Ads,Promote
20230807,1773559726087180 ,TH,TH,,1/1/00 0:00,458.9397,29.2452,7/8/23 17:00,0.97,Non-Auction Ads,R&F
20230807,1773559726087180 ,TH,TH,,1/1/00 0:00,458.9397,29.2452,7/8/23 17:00,0.97,Non-Auction Ads,R&F
20230807,1773579294740480 ,TH,,,1/1/00 0:00,0.079,1.2369,7/8/23 16:57,0.54,Non-Auction Ads,Promote
20230807,1773579160357890 ,TH,,,1/1/00 0:00,0.3255,0.4655,7/8/23 16:58,0.54,Non-Auction Ads,Promote
20230807,1773183733971980 ,BR,BR,,1/1/00 0:00,,1145.4041,8/8/23 3:00,1.43,Non-Auction Ads,R&F
20230807,1773183702199330 ,BR,BR,,1/1/00 0:00,,1145.4041,8/8/23 3:00,1.43,Non-Auction Ads,R&F
20230807,1773183702199340 ,BR,BR,,1/1/00 0:00,,1145.4041,8/8/23 3:00,1.43,Non-Auction Ads,R&F
20230807,1773183661844520 ,BR,BR,,1/1/00 0:00,,1145.4041,8/8/23 3:00,1.43,Non-Auction Ads,R&F
20230807,1773183772642330 ,BR,BR,,1/1/00 0:00,,1145.4041,8/8/23 3:00,1.43,Non-Auction Ads,R&F
20230807,1773183596712960 ,BR,BR,,1/1/00 0:00,,1145.4041,8/8/23 3:00,1.43,Non-Auction Ads,R&F
20230807,1773590297410560 ,TR,,,1/1/00 0:00,0.7233,0.9352,7/8/23 16:58,1.53,RIE,Promote Report Recall
20230807,1773590468064270 ,CA,USCA,,1/1/00 0:00,10.25,2.9075,7/8/23 16:59,1.78,Auction Ads,auction_relation
20230807,1773589375107110 ,HU,,,1/1/00 0:00,0.4466,0.2513,7/8/23 16:59,0.54,Non-Auction Ads,Promote
20230807,1773577962672120 ,TH,,,1/1/00 0:00,0.1884,0.5777,7/8/23 16:59,0.54,Non-Auction Ads,Promote
20230807,1773586425381890 ,BR,,,1/1/00 0:00,0.8415,0.2973,7/8/23 16:59,0.54,Non-Auction Ads,Promote
20230807,1772474533147680 ,ID,ID,,1/1/00 0:00,545.6363,20.854,7/8/23 17:00,1.8,Non-Auction Ads,R&F
20230807,1773293537671280 ,ID,ID,,1/1/00 0:00,61.6242,7.8361,7/8/23 17:00,1.8,Non-Auction Ads,R&F
20230807,1773299087031310 ,ID,ID,,1/1/00 0:00,77.5014,7.8361,7/8/23 17:00,1.8,Non-Auction Ads,R&F
20230807,1773547551726610 ,US,USCA,,1/1/00 0:00,,8.8315,7/8/23 17:00,1.78,Auction Ads,auction_relation
20230807,1773547551726610 ,US,USCA,,1/1/00 0:00,,8.8315,7/8/23 17:00,1.78,Auction Ads,auction_relation
20230807,1773539780836380 ,VN,VN,,1/1/00 0:00,0.609,5.3387,7/8/23 17:00,2.14,Auction Ads,auction_relation
20230807,1773582461373480 ,US,USCA,,1/1/00 0:00,9.53,4.8523,7/8/23 17:00,1.78,Auction Ads,auction_relation
20230807,1773597655304190 ,US,US&CA,,1/1/00 0:00,7.65,3.9256,7/8/23 17:00,1.81,RIE,Ad Group Recall (Merged)
20230807,1773564596255790 ,GB,GB,,1/1/00 0:00,8.68,3.2486,7/8/23 17:00,1.76,Auction Ads,auction_relation
20230807,1773564596255790 ,NZ,NZ,,1/1/00 0:00,8.68,3.2486,7/8/23 17:00,1.58,Auction Ads,auction_relation
20230807,1773564596255790 ,CA,USCA,,1/1/00 0:00,8.68,3.2486,7/8/23 17:00,1.78,Auction Ads,auction_relation
20230807,1773564596255790 ,CH,CH,,1/1/00 0:00,8.68,3.2486,7/8/23 17:00,0.93,Auction Ads,auction_relation
20230807,1773564596255790 ,NO,Others,,1/1/00 0:00,8.68,3.2486,7/8/23 17:00,1.56,Auction Ads,auction_all
20230807,1773564596255790 ,US,USCA,,1/1/00 0:00,8.68,3.2486,7/8/23 17:00,1.78,Auction Ads,auction_relation
20230807,1773564596255790 ,IL,IL,,1/1/00 0:00,8.68,3.2486,7/8/23 17:00,1.52,Auction Ads,auction_relation
20230807,1773564596255790 ,DE,DE,,1/1/00 0:00,8.68,3.2486,7/8/23 17:00,1.01,Auction Ads,auction_relation
20230807,1773580182132780 ,ID,ID,,1/1/00 0:00,1.5715,8.975,7/8/23 17:00,1.8,Auction Ads,auction_relation
20230807,1773565851784200 ,ID,ID,,1/1/00 0:00,2.0665,2.7066,7/8/23 17:00,1.8,Auction Ads,auction_relation
20230807,1773554105884720 ,ID,ID,,1/1/00 0:00,,2.695,7/8/23 17:00,1.8,Non-Auction Ads,R&F
20230807,1773562980031490 ,TH,TH,,1/1/00 0:00,1.1942,2.2013,7/8/23 17:00,1.64,Auction Ads,auction_relation
20230807,1773555632883730 ,GB,GB,,1/1/00 0:00,7.73,2.0361,7/8/23 17:00,1.76,Auction Ads,auction_relation
20230807,1773555101814780 ,FR,FR,,1/1/00 0:00,,2.0361,7/8/23 17:00,1.97,Auction Ads,auction_relation
20230807,1773581408494620 ,TH,TH,,1/1/00 0:00,1.6662,2.0044,7/8/23 17:00,1.64,Auction Ads,auction_relation
20230807,1773581408494620 ,TH,TH,,1/1/00 0:00,1.6662,2.0044,7/8/23 17:00,1.64,Auction Ads,auction_relation
20230807,1773531531840540 ,TH,TH,,1/1/00 0:00,,1.8048,7/8/23 17:00,1.64,Auction Ads,auction_relation
20230807,1773541484149790 ,ID,ID,,1/1/00 0:00,0.4064,5.0555,7/8/23 17:00,1.8,Auction Ads,auction_relation
20230807,1773531639077890 ,TH,TH,,1/1/00 0:00,,1.6097,7/8/23 17:00,1.64,Auction Ads,auction_relation
20230807,1773537268463640 ,TH,TH,,1/1/00 0:00,,1.6097,7/8/23 17:00,1.64,Auction Ads,auction_relation
20230807,1773533679215640 ,TH,TH,,1/1/00 0:00,,1.6097,7/8/23 17:00,1.64,Auction Ads,auction_relation
20230807,1773534974365710 ,TH,TH,,1/1/00 0:00,,1.6097,7/8/23 17:00,1.64,Auction Ads,auction_relation
20230807,1773533147120640 ,TH,TH,,1/1/00 0:00,,1.6097,7/8/23 17:00,1.64,Auction Ads,auction_relation
20230807,1773533147120640 ,TH,TH,,1/1/00 0:00,,1.6097,7/8/23 17:00,1.64,Auction Ads,auction_relation
20230807,1773565875766270 ,ID,ID,,1/1/00 0:00,3.205,2.7176,7/8/23 17:00,1.8,Auction Ads,auction_relation
20230807,1773565875766270 ,ID,ID,,1/1/00 0:00,3.205,2.7176,7/8/23 17:00,1.8,Auction Ads,auction_relation
20230807,1773586733009950 ,US,USCA,,1/1/00 0:00,12.75,17.0014,7/8/23 17:00,1.78,Auction Ads,auction_relation
20230807,1773556601463820 ,TH,TH,,1/1/00 0:00,0.0012,1.0474,7/8/23 17:00,1.64,Auction Ads,auction_relation
20230807,1773587689540640 ,PE,PE,,1/1/00 0:00,0.4095,1.0246,7/8/23 17:00,1.68,Auction Ads,auction_all
20230807,1773537289193500 ,VN,VN,,1/1/00 0:00,1.1711,0.7052,7/8/23 17:00,2.14,Auction Ads,auction_relation
20230807,1773554380223490 ,ID,ID,,1/1/00 0:00,6.5822,12.7787,7/8/23 17:00,1.8,Auction Ads,auction_relation
20230807,1773535925404720 ,ID,,,1/1/00 0:00,0,0,7/8/23 17:00,5.96,Non-Auction Ads,Branding Ads
20230807,1773183661843520 ,TH,TH,,1/1/00 0:00,159.9167,0,7/8/23 17:00,0.97,Non-Auction Ads,R&F
20230807,1773547893878810 ,US,USCA,,1/1/00 0:00,,8.8315,7/8/23 17:00,1.78,Auction Ads,auction_relation
20230807,1773547893878810 ,US,USCA,,1/1/00 0:00,,8.8315,7/8/23 17:00,1.78,Auction Ads,auction_relation
20230807,1773556414447640 ,VN,VN,,1/1/00 0:00,0.8244,2.3202,7/8/23 17:00,2.14,Auction Ads,auction_relation
20230807,1773561241137160 ,ID,ID,,1/1/00 0:00,0.4422,2.4829,7/8/23 17:00,1.8,Auction Ads,auction_relation
20230807,1773589831124990 ,MY,,,1/1/00 0:00,0.3711,1.0785,7/8/23 17:00,0.54,Non-Auction Ads,Promote
20230807,1773586814659580 ,BR,,,1/1/00 0:00,4.0527,3.5684,7/8/23 17:00,0.54,Non-Auction Ads,Promote
20230807,1773586929694760 ,ID,ID,,1/1/00 0:00,64.2882,10.3016,7/8/23 17:00,1.8,Auction Ads,auction_relation
20230807,1773576328714250 ,ID,ID,,1/1/00 0:00,,0.3551,7/8/23 17:00,1.8,Auction Ads,auction_relation
20230807,1773535402375210 ,ID,ID,,1/1/00 0:00,2.8022,0.7704,7/8/23 17:00,1.8,Auction Ads,auction_relation
20230807,1773591006937090 ,PE,PE,,1/1/00 0:00,35.48,40.0901,7/8/23 17:08,1.68,Auction Ads,auction_all
20230807,1773567689070620 ,TH,TH,,1/1/00 0:00,2.3553,3.6228,7/8/23 17:00,1.64,Auction Ads,auction_relation
20230807,1773538314660910 ,KH,KH,,1/1/00 0:00,1.75,1.2158,7/8/23 17:00,1.5,Auction Ads,auction_relation
20230807,1773563016596510 ,ID,ID,,1/1/00 0:00,1.1354,2.4829,7/8/23 17:00,1.8,Auction Ads,auction_relation
20230807,1773584634793980 ,TH,TH,,1/1/00 0:00,1.2111,0.9719,7/8/23 17:00,1.64,Auction Ads,auction_relation
20230807,1773588386743310 ,ID,ID,,1/1/00 0:00,1.94,1.8685,7/8/23 17:00,1.8,Auction Ads,auction_relation
20230807,1773569157807150 ,TH,TH,,1/1/00 0:00,3.5157,8.0642,7/8/23 17:01,1.64,Auction Ads,auction_relation
20230807,1773563167412240 ,ID,ID,,1/1/00 0:00,0.9837,2.4829,7/8/23 17:00,1.8,Auction Ads,auction_relation
20230807,1773588131074090 ,ID,ID,,1/1/00 0:00,1.91,1.8685,7/8/23 17:00,1.8,Auction Ads,auction_relation
20230807,1773586378802220 ,ID,ID,,1/1/00 0:00,2.1,1.8685,7/8/23 17:00,1.8,Auction Ads,auction_relation
20230807,1773587892892670 ,ID,ID,,1/1/00 0:00,2.02,1.8685,7/8/23 17:00,1.8,Auction Ads,auction_relation
20230807,1773588858075130 ,ID,ID,,1/1/00 0:00,0.28,1.8685,7/8/23 17:00,1.8,Auction Ads,auction_relation
20230807,1773560094532650 ,ID,ID,,1/1/00 0:00,0.4682,2.4829,7/8/23 17:00,1.8,Auction Ads,auction_relation
20230807,1773552517680170 ,ID,ID,,1/1/00 0:00,,2.4086,7/8/23 17:01,1.8,Auction Ads,auction_relation
20230807,1773549371999260 ,ID,ID,,1/1/00 0:00,1.6019,5.3557,7/8/23 17:01,1.8,Auction Ads,auction_relation
20230807,1773550151475240 ,ID,ID,,1/1/00 0:00,,2.4086,7/8/23 17:01,1.8,Auction Ads,auction_relation
20230807,1773588036670470 ,RO,,,1/1/00 0:00,0.8896,0,7/8/23 17:00,0.54,Non-Auction Ads,Promote
20230807,1773590802901020 ,ID,ID,,1/1/00 0:00,1.34,11.6831,7/8/23 17:02,1.8,Auction Ads,auction_relation
20230807,1773549656383480 ,ID,ID,,1/1/00 0:00,1.8243,2.4086,7/8/23 17:01,1.8,Auction Ads,auction_relation
20230807,1773586917688320 ,BR,,,1/1/00 0:00,1.5863,0.667,7/8/23 17:01,0.54,Non-Auction Ads,Promote
20230807,1773550253270040 ,ID,ID,,1/1/00 0:00,,2.4086,7/8/23 17:01,1.8,Auction Ads,auction_relation
20230807,1773590270564350 ,TH,,,1/1/00 0:00,0.6072,1.1219,7/8/23 17:01,1.53,RIE,Promote Report Recall
20230807,1773587485363200 ,GR,,,1/1/00 0:00,1.6174,1.3322,7/8/23 17:01,0.54,Non-Auction Ads,Promote
20230807,1773549848601600 ,ID,ID,,1/1/00 0:00,,2.4086,7/8/23 17:01,1.8,Auction Ads,auction_relation
20230807,1773575121368110 ,ID,ID,,1/1/00 0:00,1.1584,5.8108,7/8/23 17:01,1.8,Auction Ads,auction_relation
20230807,1773575121368110 ,ID,ID,,1/1/00 0:00,1.1584,5.8108,7/8/23 17:01,1.8,Auction Ads,auction_relation
20230807,1773590919655420 ,US,,,1/1/00 0:00,55.98,28.7235,7/8/23 17:08,1.53,RIE,Promote Report Recall
20230807,1773590402414610 ,TH,,,1/1/00 0:00,3.76,0.6996,7/8/23 17:01,1.53,RIE,Promote Report Recall
20230807,1773590058732540 ,PH,,,1/1/00 0:00,0.0896,0,7/8/23 17:01,0.54,Non-Auction Ads,Promote
20230807,1773552151945240 ,ID,ID,,1/1/00 0:00,,2.4086,7/8/23 17:01,1.8,Auction Ads,auction_relation
20230807,1773579391376380 ,TH,,,1/1/00 0:00,0.1232,0.2375,7/8/23 17:01,0.54,Non-Auction Ads,Promote
20230807,1773588681396270 ,BE,,,1/1/00 0:00,4.0821,2.308,7/8/23 17:01,0.54,Non-Auction Ads,Promote
20230807,1773590606544910 ,ID,ID,,1/1/00 0:00,,3.9677,7/8/23 17:01,1.8,Auction Ads,auction_relation
20230807,1773549996621870 ,ID,ID,,1/1/00 0:00,,2.4086,7/8/23 17:01,1.8,Auction Ads,auction_relation
20230807,1773590925076530 ,BR,BR,,1/1/00 0:00,3.8326,0.6003,7/8/23 17:01,1.99,Auction Ads,auction_all
20230807,1773592217646090 ,US,USCA,,1/1/00 0:00,0,0.016,7/8/23 17:01,1.78,Auction Ads,auction_relation
20230807,1773590666427400 ,CA,USCA,,1/1/00 0:00,6.01,2.9075,7/8/23 17:02,1.78,Auction Ads,auction_relation
20230807,1773587081269250 ,HU,Others,,1/1/00 0:00,2.0465,16.944,7/8/23 17:06,1.56,Auction Ads,auction_all
20230807,1773559376061470 ,ID,ID,,1/1/00 0:00,1.6607,10.6667,7/8/23 17:05,1.8,Auction Ads,auction_relation
20230807,1773587583126560 ,US,US&CA,,1/1/00 0:00,1.42,5.7513,7/8/23 17:03,1.81,RIE,Ad Group Recall (Merged)
20230807,1773541919876090 ,VN,,,1/1/00 0:00,0.1301,0.8416,7/8/23 17:02,0.54,Non-Auction Ads,Promote
20230807,1773589962570750 ,MY,,,1/1/00 0:00,0.0549,0.0176,7/8/23 17:02,0.54,Non-Auction Ads,Promote
20230807,1773590561242110 ,BR,,,1/1/00 0:00,11.4003,1.8205,7/8/23 17:02,1.53,RIE,Promote Report Recall
20230807,1773590576512000 ,BR,,,1/1/00 0:00,20.5518,1.8205,7/8/23 17:03,0.54,Non-Auction Ads,Promote
20230807,1773591400908850 ,TH,TH,,1/1/00 0:00,,2.4138,7/8/23 17:03,1.64,Auction Ads,auction_relation
20230807,1773583727845370 ,ID,,,1/1/00 0:00,1.4739,2.7481,7/8/23 17:03,0.54,Non-Auction Ads,Promote
20230807,1773583620248570 ,ID,,,1/1/00 0:00,0.1095,0.2843,7/8/23 17:02,0.54,Non-Auction Ads,Promote
20230807,1773590394789890 ,TH,,,1/1/00 0:00,7.54,1.2152,7/8/23 17:03,1.53,RIE,Promote Report Recall
20230807,1773590597814270 ,BR,,,1/1/00 0:00,6.6482,1.8205,7/8/23 17:03,1.53,RIE,Promote Report Recall
20230807,1773587114240030 ,HU,Others,,1/1/00 0:00,83.2817,16.944,7/8/23 17:08,1.56,Auction Ads,auction_all
20230807,1773590612374560 ,BR,,,1/1/00 0:00,5.5154,1.8205,7/8/23 17:03,1.53,RIE,Promote Report Recall
20230807,1773584598177790 ,US,,,1/1/00 0:00,1.8,4.184,7/8/23 17:04,0.54,Non-Auction Ads,Promote
20230807,1773579490104320 ,TH,,,1/1/00 0:00,0.6796,1.2369,7/8/23 17:03,0.54,Non-Auction Ads,Promote
20230807,1773587619780650 ,ID,ID,,1/1/00 0:00,,4.5529,7/8/23 17:05,1.8,Auction Ads,auction_relation
20230807,1773590644033540 ,BR,,,1/1/00 0:00,2.3658,1.8205,7/8/23 17:04,1.53,RIE,Promote Report Recall
20230807,1773590526561280 ,JP,,,1/1/00 0:00,0.3735,1.503,7/8/23 17:04,0.54,Non-Auction Ads,Promote
20230807,1773590921720860 ,PK,PK,,1/1/00 0:00,,0.0979,7/8/23 17:04,1.36,Auction Ads,auction_relation
20230807,1773589652596740 ,FR,,,1/1/00 0:00,2.7507,3.2869,7/8/23 17:05,0.54,Non-Auction Ads,Promote
20230807,1773591126785050 ,MY,MY,,1/1/00 0:00,,3.6702,7/8/23 17:05,2.31,Auction Ads,auction_relation
20230807,1773590693959700 ,BR,,,1/1/00 0:00,10.7661,1.8205,7/8/23 17:05,1.53,RIE,Promote Report Recall
20230807,1773587390580760 ,DE,DE,,1/1/00 0:00,2.43,6.7717,7/8/23 17:06,1.01,Auction Ads,auction_relation
20230807,1773587389639710 ,DE,DE,,1/1/00 0:00,1.79,6.7717,7/8/23 17:06,1.01,Auction Ads,auction_relation
20230807,1773588451158050 ,ES,,,1/1/00 0:00,0.759,0.4406,7/8/23 17:04,0.54,Non-Auction Ads,Promote
20230807,1773589743066110 ,MY,,,1/1/00 0:00,0.0923,0.3705,7/8/23 17:05,0.54,Non-Auction Ads,Promote
20230807,1773543390581760 ,SA,,,1/1/00 0:00,1.1836,1.1169,7/8/23 17:05,0.54,Non-Auction Ads,Promote
20230807,1773579727849470 ,TH,,,1/1/00 0:00,0.1007,0.2055,7/8/23 17:05,0.54,Non-Auction Ads,Promote
20230807,1773590822990890 ,TH,TH,,1/1/00 0:00,0.3468,1.7453,7/8/23 17:06,1.64,Auction Ads,auction_relation
20230807,1773588322555900 ,TR,,,1/1/00 0:00,9.7551,2.1159,7/8/23 17:06,0.54,Non-Auction Ads,Promote
20230807,1773579708574720 ,TH,,,1/1/00 0:00,0.1041,0.4635,7/8/23 17:06,0.54,Non-Auction Ads,Promote
20230807,1773589701087230 ,BE,,,1/1/00 0:00,0.7041,0.6445,7/8/23 17:07,0.54,Non-Auction Ads,Promote
20230807,1773590869993470 ,BR,,,1/1/00 0:00,5.3533,1.8205,7/8/23 17:07,1.53,RIE,Promote Report Recall
20230807,1773590913077240 ,CO,CO,,1/1/00 0:00,,1.1442,7/8/23 17:07,1.93,Auction Ads,auction_all
20230807,1773591032520700 ,ID,ID,,1/1/00 0:00,,6.076,7/8/23 17:08,1.8,Auction Ads,auction_relation
20230807,1773579930840060 ,TH,,,1/1/00 0:00,0.1041,0.4129,7/8/23 17:07,0.54,Non-Auction Ads,Promote
20230807,1773591080500290 ,SA,MENA,,1/1/00 0:00,1.6,5.2038,7/8/23 17:08,1.67,RIE,Ad Group Recall (Merged)
20230807,1773587023282180 ,BR,,,1/1/00 0:00,1.6353,1.261,7/8/23 17:07,0.54,Non-Auction Ads,Promote
20230807,1773544319770620 ,SA,,,1/1/00 0:00,2.2605,0.462,7/8/23 17:07,0.54,Non-Auction Ads,Promote
20230807,1773591013525530 ,TH,TH,,1/1/00 0:00,1.1096,10.9374,7/8/23 17:09,1.64,Auction Ads,auction_relation
20230807,1773583850860540 ,ID,,,1/1/00 0:00,0.1991,0.1266,7/8/23 17:07,0.54,Non-Auction Ads,Promote
20230807,1773579678180350 ,TH,,,1/1/00 0:00,0.1214,0.2833,7/8/23 17:07,0.54,Non-Auction Ads,Promote
20230807,1773579988937730 ,TH,,,1/1/00 0:00,0.1351,0.4114,7/8/23 17:07,0.54,Non-Auction Ads,Promote
20230807,1773590566468610 ,TH,,,1/1/00 0:00,6.65,1.3822,7/8/23 17:08,1.53,RIE,Promote Report Recall
20230807,1773590727849980 ,VN,,,1/1/00 0:00,0.01,0.8333,7/8/23 17:08,1.53,RIE,Promote Report Recall
20230807,1773583590925310 ,ID,,,1/1/00 0:00,0.0752,0,7/8/23 17:08,0.54,Non-Auction Ads,Promote
20230807,1773590975368220 ,CA,USCA,,1/1/00 0:00,6.09,2.9075,7/8/23 17:09,1.78,Auction Ads,auction_relation
20230807,1773590762569730 ,TH,,,1/1/00 0:00,15.5,2.1973,7/8/23 17:08,1.53,RIE,Promote Report Recall
20230807,1773579953520640 ,TH,,,1/1/00 0:00,0.147,0.3581,7/8/23 17:08,0.54,Non-Auction Ads,Promote
20230807,1773587135641600 ,BR,,,1/1/00 0:00,1.9351,0.6906,7/8/23 17:08,0.54,Non-Auction Ads,Promote
20230807,1773587439357970 ,IL,IL,,1/1/00 0:00,6.04,17.3311,7/8/23 17:11,1.52,Auction Ads,auction_relation
20230807,1773584865488900 ,US,,,1/1/00 0:00,4.27,1.6667,7/8/23 17:09,0.54,Non-Auction Ads,Promote
20230807,1773587577866240 ,BR,,,1/1/00 0:00,2.4111,2.1591,7/8/23 17:09,0.54,Non-Auction Ads,Promote
20230807,1773590951865340 ,TH,,,1/1/00 0:00,8.38,1.6064,7/8/23 17:09,1.53,RIE,Promote Report Recall
20230807,1773591038969880 ,PK,PK,,1/1/00 0:00,,0.0979,7/8/23 17:09,1.36,Auction Ads,auction_relation
20230807,1773591047255080 ,PK,PK,,1/1/00 0:00,,0.0979,7/8/23 17:09,1.36,Auction Ads,auction_relation
20230807,1773591051244570 ,PK,PK,,1/1/00 0:00,,0.0979,7/8/23 17:09,1.36,Auction Ads,auction_relation
20230807,1773591043743760 ,PK,PK,,1/1/00 0:00,,0.0979,7/8/23 17:09,1.36,Auction Ads,auction_relation
20230807,1773581076824090 ,TH,TH,,1/1/00 0:00,1.8021,3.3144,7/8/23 17:10,1.64,Auction Ads,auction_relation
20230807,1773581076824090 ,TH,TH,,1/1/00 0:00,1.8021,3.3144,7/8/23 17:10,1.64,Auction Ads,auction_relation
20230807,1773584385086500 ,US,,,1/1/00 0:00,1.43,1.5789,7/8/23 17:09,0.54,Non-Auction Ads,Promote
20230807,1773588413015040 ,TR,,,1/1/00 0:00,0.438,0.0697,7/8/23 17:09,0.54,Non-Auction Ads,Promote
20230807,1773591060196380 ,ID,ID,,1/1/00 0:00,0.8234,2.5216,7/8/23 17:10,1.8,Auction Ads,auction_relation
20230807,1773590991627260 ,TH,,,1/1/00 0:00,6.31,1.4607,7/8/23 17:10,1.53,RIE,Promote Report Recall
20230807,1773584842257410 ,US,,,1/1/00 0:00,4.86,2.5,7/8/23 17:10,0.54,Non-Auction Ads,Promote
20230807,1773590956787710 ,TH,,,1/1/00 0:00,2.94,1.5773,7/8/23 17:10,1.53,RIE,Promote Report Recall
20230807,1773580091559930 ,TH,,,1/1/00 0:00,0.0593,0.2583,7/8/23 17:10,0.54,Non-Auction Ads,Promote
20230807,1773591107649560 ,ID,ID,,1/1/00 0:00,,6.076,7/8/23 17:10,1.8,Auction Ads,auction_relation
20230807,1773591183544320 ,MY,MY,,1/1/00 0:00,0.4281,1.0133,7/8/23 17:10,2.31,Auction Ads,auction_relation
20230807,1773591290380330 ,TR,TR,,1/1/00 0:00,,0.2227,7/8/23 17:10,0.83,Auction Ads,auction_relation
20230807,1773591290364930 ,TR,TR,,1/1/00 0:00,,0.2227,7/8/23 17:10,0.83,Auction Ads,auction_relation
20230807,1773583914800120 ,ID,,,1/1/00 0:00,0.0969,1.1179,7/8/23 17:10,0.54,Non-Auction Ads,Promote
20230807,1773587502405630 ,BR,,,1/1/00 0:00,0.712,0.2737,7/8/23 17:10,0.54,Non-Auction Ads,Promote
20230807,1773591458362410 ,KZ,KZ,,1/1/00 0:00,,1.0241,7/8/23 17:10,2,Auction Ads,auction_relation
20230807,1773587628148740 ,BR,,,1/1/00 0:00,0.9645,0.2209,7/8/23 17:10,0.54,Non-Auction Ads,Promote
20230807,1773591506900990 ,IQ,Others,,1/1/00 0:00,7.83,6.0813,7/8/23 17:11,1.56,Auction Ads,auction_all
20230807,1773591102971950 ,US,USCA,,1/1/00 0:00,7.39,2.9075,7/8/23 17:10,1.78,Auction Ads,auction_relation
20230807,1773591118496760 ,CA,USCA,,1/1/00 0:00,5.76,2.9075,7/8/23 17:10,1.78,Auction Ads,auction_relation
20230807,1773591074550800 ,CA,USCA,,1/1/00 0:00,5.98,2.9075,7/8/23 17:10,1.78,Auction Ads,auction_relation
20230807,1773591102971950 ,CA,USCA,,1/1/00 0:00,7.39,2.9075,7/8/23 17:10,1.78,Auction Ads,auction_relation
20230807,1773591070735360 ,CA,USCA,,1/1/00 0:00,6.27,2.9075,7/8/23 17:10,1.78,Auction Ads,auction_relation
20230807,1773591074559020 ,CA,USCA,,1/1/00 0:00,5.82,2.9075,7/8/23 17:10,1.78,Auction Ads,auction_relation
20230807,1773583788277760 ,ID,,,1/1/00 0:00,0.0985,0.2118,7/8/23 17:10,0.54,Non-Auction Ads,Promote
20230807,1773545226860540 ,SA,,,1/1/00 0:00,0.4639,1.0684,7/8/23 17:10,0.54,Non-Auction Ads,Promote
20230807,1773591147206650 ,ID,ID,,1/1/00 0:00,1.1164,2.5216,7/8/23 17:11,1.8,Auction Ads,auction_relation
20230807,1773584307113980 ,US,,,1/1/00 0:00,5.48,2.2222,7/8/23 17:11,0.54,Non-Auction Ads,Promote
20230807,1773590239154220 ,TH,TH,,1/1/00 0:00,0.0681,0.0228,7/8/23 17:11,1.64,Auction Ads,auction_relation
20230807,1773584020035580 ,ID,,,1/1/00 0:00,0.1603,0.1844,7/8/23 17:11,0.54,Non-Auction Ads,Promote
20230807,1773591188123650 ,TH,,,1/1/00 0:00,8.48,9.27,7/8/23 17:13,1.53,RIE,Promote Report Recall
20230807,1773587282622470 ,BR,,,1/1/00 0:00,0.9213,0.7011,7/8/23 17:12,0.54,Non-Auction Ads,Promote
20230807,1773591350941710 ,ID,ID,,1/1/00 0:00,0.1995,8.9156,7/8/23 17:14,1.8,Auction Ads,auction_relation
20230807,1773591240153200 ,CA,USCA,,1/1/00 0:00,6.51,2.9075,7/8/23 17:12,1.78,Auction Ads,auction_relation
20230807,1773591234762760 ,CA,USCA,,1/1/00 0:00,5.88,2.9075,7/8/23 17:12,1.78,Auction Ads,auction_relation
20230807,1773591242398770 ,CA,USCA,,1/1/00 0:00,6.43,2.9075,7/8/23 17:12,1.78,Auction Ads,auction_relation
20230807,1773591245307900 ,CA,USCA,,1/1/00 0:00,5.92,2.9075,7/8/23 17:12,1.78,Auction Ads,auction_relation
20230807,1773591234775050 ,CA,USCA,,1/1/00 0:00,10.23,2.9075,7/8/23 17:12,1.78,Auction Ads,auction_relation
20230807,1773591230404620 ,CA,USCA,,1/1/00 0:00,5.6,2.9075,7/8/23 17:12,1.78,Auction Ads,auction_relation
20230807,1773591230339120 ,CA,USCA,,1/1/00 0:00,5.76,2.9075,7/8/23 17:12,1.78,Auction Ads,auction_relation
20230807,1773591245321260 ,CA,USCA,,1/1/00 0:00,5.93,2.9075,7/8/23 17:12,1.78,Auction Ads,auction_relation
20230807,1773591204298800 ,CA,USCA,,1/1/00 0:00,5.33,2.9075,7/8/23 17:12,1.78,Auction Ads,auction_relation
20230807,1773587613375530 ,GR,GR,,1/1/00 0:00,17.2637,5.5358,7/8/23 17:13,2.11,Auction Ads,auction_relation
20230807,1773583841730620 ,ID,,,1/1/00 0:00,0.287,1.5964,7/8/23 17:12,0.54,Non-Auction Ads,Promote
20230807,1773587175425020 ,BR,,,1/1/00 0:00,0.6793,1.0186,7/8/23 17:12,0.54,Non-Auction Ads,Promote
20230807,1773590319382670 ,ES,,,1/1/00 0:00,0.6271,1.0829,7/8/23 17:12,0.54,Non-Auction Ads,Promote
20230807,1773580178791490 ,TH,,,1/1/00 0:00,1.3775,1.2369,7/8/23 17:12,0.54,Non-Auction Ads,Promote
20230807,1773590354016250 ,US,USCA,,1/1/00 0:00,63.43,159.5841,7/8/23 17:50,1.78,Auction Ads,auction_relation
20230807,1773583847948280 ,ID,,,1/1/00 0:00,0.0637,0,7/8/23 17:12,0.54,Non-Auction Ads,Promote
20230807,1773587869550610 ,BR,,,1/1/00 0:00,0.8679,0.2209,7/8/23 17:12,0.54,Non-Auction Ads,Promote
20230807,1773588140688390 ,BR,,,1/1/00 0:00,0.6955,0.6349,7/8/23 17:13,0.54,Non-Auction Ads,Promote
20230807,1773585259058180 ,US,,,1/1/00 0:00,1.83,1.6559,7/8/23 17:13,0.54,Non-Auction Ads,Promote
20230807,1773580372671490 ,TH,,,1/1/00 0:00,0.1124,0.537,7/8/23 17:13,0.54,Non-Auction Ads,Promote
20230807,1773591218403330 ,PH,,,1/1/00 0:00,0.0401,0.1009,7/8/23 17:13,1.53,RIE,Promote Report Recall
20230807,1773587716127810 ,BR,,,1/1/00 0:00,0.0041,0.4104,7/8/23 17:13,0.54,Non-Auction Ads,Promote
20230807,1773587553338370 ,NL,NL,,1/1/00 0:00,0.0252,4.4564,7/8/23 17:14,1.19,Auction Ads,auction_relation
20230807,1773587553348620 ,PT,PT,,1/1/00 0:00,,4.4564,7/8/23 17:14,1.98,Auction Ads,auction_relation
20230807,1773587546351630 ,DK,DK,,1/1/00 0:00,,4.4564,7/8/23 17:14,1.31,Auction Ads,auction_relation
20230807,1773587539329070 ,DK,DK,,1/1/00 0:00,0.0103,4.4564,7/8/23 17:14,1.31,Auction Ads,auction_relation
20230807,1773587553342510 ,PL,PL,,1/1/00 0:00,0,4.4564,7/8/23 17:14,1.84,RIE,Ad Group Recall (Merged)
20230807,1773587553348620 ,DK,DK,,1/1/00 0:00,,4.4564,7/8/23 17:14,1.31,Auction Ads,auction_relation
20230807,1773587553342510 ,HU,Other,,1/1/00 0:00,0,4.4564,7/8/23 17:14,1.62,RIE,Ad Group Recall (Merged)
20230807,1773587553342510 ,CZ,Other,,1/1/00 0:00,0,4.4564,7/8/23 17:14,1.62,RIE,Ad Group Recall (Merged)
20230807,1773587553342510 ,PL,PL,,1/1/00 0:00,0,4.4564,7/8/23 17:14,1.84,RIE,Ad Group Recall (Merged)
20230807,1773587553348620 ,HU,Other,,1/1/00 0:00,,4.4564,7/8/23 17:14,1.62,RIE,Ad Group Recall (Merged)
20230807,1773587553342510 ,NL,NL,,1/1/00 0:00,0,4.4564,7/8/23 17:14,1.19,Auction Ads,auction_relation
20230807,1773587546370060 ,DK,DK,,1/1/00 0:00,0.0028,4.4564,7/8/23 17:14,1.31,Auction Ads,auction_relation
20230807,1773587553342510 ,HU,Other,,1/1/00 0:00,0,4.4564,7/8/23 17:14,1.62,RIE,Ad Group Recall (Merged)
20230807,1773587553348620 ,NL,NL,,1/1/00 0:00,,4.4564,7/8/23 17:14,1.19,Auction Ads,auction_relation
20230807,1773587546378240 ,DK,DK,,1/1/00 0:00,0.0028,4.4564,7/8/23 17:14,1.31,Auction Ads,auction_relation
20230807,1773587553342510 ,NO,Others,,1/1/00 0:00,0,4.4564,7/8/23 17:14,1.56,Auction Ads,auction_all
20230807,1773587539329070 ,PT,PT,,1/1/00 0:00,0.0103,4.4564,7/8/23 17:14,1.98,Auction Ads,auction_relation
20230807,1773587546378240 ,SE,SE,,1/1/00 0:00,0.0028,4.4564,7/8/23 17:14,1.4,Auction Ads,auction_relation
20230807,1773587546370060 ,SE,SE,,1/1/00 0:00,0.0028,4.4564,7/8/23 17:14,1.4,Auction Ads,auction_relation
20230807,1773587553338370 ,PT,PT,,1/1/00 0:00,0.0252,4.4564,7/8/23 17:14,1.98,Auction Ads,auction_relation
20230807,1773587553348620 ,PL,PL,,1/1/00 0:00,,4.4564,7/8/23 17:14,1.64,Auction Ads,auction_relation
20230807,1773587553342510 ,CZ,Other,,1/1/00 0:00,0,4.4564,7/8/23 17:14,1.62,RIE,Ad Group Recall (Merged)
20230807,1773587553348620 ,SE,SE,,1/1/00 0:00,,4.4564,7/8/23 17:14,1.4,Auction Ads,auction_relation
20230807,1773587546378240 ,NL,NL,,1/1/00 0:00,0.0028,4.4564,7/8/23 17:14,1.19,Auction Ads,auction_relation
20230807,1773587546378240 ,NO,Others,,1/1/00 0:00,0.0028,4.4564,7/8/23 17:14,1.56,Auction Ads,auction_all
20230807,1773587553353730 ,DK,DK,,1/1/00 0:00,0,4.4564,7/8/23 17:14,1.31,Auction Ads,auction_relation
20230807,1773587553348620 ,PL,PL,,1/1/00 0:00,,4.4564,7/8/23 17:14,1.64,Auction Ads,auction_relation
20230807,1773587553353730 ,SE,SE,,1/1/00 0:00,0,4.4564,7/8/23 17:14,1.4,Auction Ads,auction_relation
20230807,1773587546378240 ,HU,Other,,1/1/00 0:00,0.0028,4.4564,7/8/23 17:14,1.62,RIE,Ad Group Recall (Merged)
20230807,1773587539329070 ,SE,SE,,1/1/00 0:00,0.0103,4.4564,7/8/23 17:14,1.4,Auction Ads,auction_relation
20230807,1773587553338370 ,DK,DK,,1/1/00 0:00,0.0252,4.4564,7/8/23 17:14,1.31,Auction Ads,auction_relation
20230807,1773587553342510 ,IE,Other,,1/1/00 0:00,0,4.4564,7/8/23 17:14,1.62,RIE,Ad Group Recall (Merged)
20230807,1773581046426630 ,CA,,,1/1/00 0:00,21.4947,3.0423,7/8/23 17:14,0.54,Non-Auction Ads,Promote
20230807,1773591057976340 ,FR,,,1/1/00 0:00,1.1553,1.1848,7/8/23 17:14,0.54,Non-Auction Ads,Promote
20230807,1773591306947600 ,TH,,,1/1/00 0:00,3.66,9.9333,7/8/23 17:15,1.53,RIE,Promote Report Recall
20230807,1773588365553660 ,BR,,,1/1/00 0:00,0.782,0.321,7/8/23 17:14,0.54,Non-Auction Ads,Promote
20230807,1773591526591530 ,CA,USCA,,1/1/00 0:00,5.76,2.9075,7/8/23 17:14,1.78,Auction Ads,auction_relation
20230807,1773591542655010 ,US,USCA,,1/1/00 0:00,6.27,2.9075,7/8/23 17:14,1.78,Auction Ads,auction_relation
20230807,1773591533555710 ,CA,USCA,,1/1/00 0:00,6.69,2.9075,7/8/23 17:14,1.78,Auction Ads,auction_relation
20230807,1773591542655010 ,CA,USCA,,1/1/00 0:00,6.27,2.9075,7/8/23 17:14,1.78,Auction Ads,auction_relation
20230807,1773591538673690 ,CA,USCA,,1/1/00 0:00,6.58,2.9075,7/8/23 17:14,1.78,Auction Ads,auction_relation
20230807,1773591545325610 ,CA,USCA,,1/1/00 0:00,5.81,2.9075,7/8/23 17:14,1.78,Auction Ads,auction_relation
20230807,1773590744369150 ,TH,,,1/1/00 0:00,1.82,3.302,7/8/23 17:14,1.53,RIE,Promote Report Recall
20230807,1773588195120140 ,TR,TR,,1/1/00 0:00,10.77,7.3045,7/8/23 17:15,0.83,Auction Ads,auction_relation
20230807,1773554459759650 ,CA,US&CA,,1/1/00 0:00,9.89,58.4599,7/8/23 17:25,1.81,RIE,Ad Group Recall (Merged)
20230807,1773590854578180 ,TH,,,1/1/00 0:00,11.96,3.2248,7/8/23 17:15,1.53,RIE,Promote Report Recall
20230807,1773590852383750 ,PL,,,1/1/00 0:00,2.2666,0.6409,7/8/23 17:14,0.54,Non-Auction Ads,Promote
20230807,1773590915083270 ,TH,,,1/1/00 0:00,2.88,2.4128,7/8/23 17:15,1.53,RIE,Promote Report Recall
20230807,1773591485162510 ,PK,PK,,1/1/00 0:00,,0.2449,7/8/23 17:15,1.36,Auction Ads,auction_relation
20230807,1773591263630350 ,DE,,,1/1/00 0:00,4.3792,1.953,7/8/23 17:15,1.53,RIE,Promote Report Recall
20230807,1773583946146810 ,ID,,,1/1/00 0:00,0.1632,0.1771,7/8/23 17:15,0.54,Non-Auction Ads,Promote
20230807,1773547432563710 ,SA,,,1/1/00 0:00,0.7864,0.8083,7/8/23 17:15,0.54,Non-Auction Ads,Promote
20230807,1773585240264700 ,US,,,1/1/00 0:00,1.87,3.0979,7/8/23 17:15,0.54,Non-Auction Ads,Promote
20230807,1773591134742530 ,TH,,,1/1/00 0:00,4.2,2.2566,7/8/23 17:15,1.53,RIE,Promote Report Recall
20230807,1773584160978940 ,ID,,,1/1/00 0:00,0.209,1.1922,7/8/23 17:15,0.54,Non-Auction Ads,Promote
20230807,1773591867917340 ,ID,ID,,1/1/00 0:00,,0.3034,7/8/23 17:15,1.8,Auction Ads,auction_relation
20230807,1773580471161850 ,TH,,,1/1/00 0:00,0.1315,0.3375,7/8/23 17:15,0.54,Non-Auction Ads,Promote
20230807,1773587667634210 ,US,US&CA,,1/1/00 0:00,4.25,5.7513,7/8/23 17:16,1.81,RIE,Ad Group Recall (Merged)
20230807,1773587651975180 ,US,US&CA,,1/1/00 0:00,3.33,5.7513,7/8/23 17:16,1.81,RIE,Ad Group Recall (Merged)
20230807,1773587650921500 ,US,US&CA,,1/1/00 0:00,11.45,5.7513,7/8/23 17:16,1.81,RIE,Ad Group Recall (Merged)
20230807,1773587658263660 ,US,US&CA,,1/1/00 0:00,10.74,5.7513,7/8/23 17:16,1.81,RIE,Ad Group Recall (Merged)
20230807,1773587667631120 ,US,US&CA,,1/1/00 0:00,0.18,5.7513,7/8/23 17:16,1.81,RIE,Ad Group Recall (Merged)
20230807,1773587650932750 ,US,US&CA,,1/1/00 0:00,4.26,5.7513,7/8/23 17:16,1.81,RIE,Ad Group Recall (Merged)
20230807,1773587667642400 ,US,US&CA,,1/1/00 0:00,5.81,5.7513,7/8/23 17:16,1.81,RIE,Ad Group Recall (Merged)
20230807,1773587667636250 ,US,US&CA,,1/1/00 0:00,0.8,5.7513,7/8/23 17:16,1.81,RIE,Ad Group Recall (Merged)
20230807,1773587650910250 ,US,US&CA,,1/1/00 0:00,12.21,5.7513,7/8/23 17:16,1.81,RIE,Ad Group Recall (Merged)
20230807,1773591563979810 ,KZ,KZ,,1/1/00 0:00,1.78,3.7621,7/8/23 17:16,2,Auction Ads,auction_relation
20230807,1773602579647530 ,BR,BR,,1/1/00 0:00,30.2062,129.7747,7/8/23 17:50,1.99,Auction Ads,auction_all
20230807,1773591016414210 ,PL,,,1/1/00 0:00,0.6931,0.6409,7/8/23 17:16,0.54,Non-Auction Ads,Promote
20230807,1773591450834980 ,US,,,1/1/00 0:00,4.96,3.9625,7/8/23 17:17,1.53,RIE,Promote Report Recall
20230807,1773587697824800 ,BR,,,1/1/00 0:00,1.7155,1.2123,7/8/23 17:16,0.54,Non-Auction Ads,Promote
20230807,1773580522021880 ,TH,,,1/1/00 0:00,0.0815,0.2384,7/8/23 17:16,0.54,Non-Auction Ads,Promote
20230807,1773588776598530 ,BR,,,1/1/00 0:00,1.9166,0.609,7/8/23 17:16,0.54,Non-Auction Ads,Promote
20230807,1773589098715140 ,DE,,,1/1/00 0:00,2.1125,1.7986,7/8/23 17:16,0.54,Non-Auction Ads,Promote
20230807,1773590893649920 ,MY,,,1/1/00 0:00,0.5137,1.1608,7/8/23 17:16,0.54,Non-Auction Ads,Promote
20230807,1773580690677760 ,TH,,,1/1/00 0:00,0.1318,0.5655,7/8/23 17:16,0.54,Non-Auction Ads,Promote
20230807,1773592000534530 ,CO,CO,,1/1/00 0:00,4.8197,8.1108,7/8/23 17:18,1.93,Auction Ads,auction_all
20230807,1773588762552320 ,BR,,,1/1/00 0:00,1.7976,0.8308,7/8/23 17:17,0.54,Non-Auction Ads,Promote
20230807,1773580871289850 ,TH,,,1/1/00 0:00,0.202,0.4026,7/8/23 17:17,0.54,Non-Auction Ads,Promote
20230807,1773591441511420 ,US,,,1/1/00 0:00,2.81,5,7/8/23 17:18,1.53,RIE,Promote Report Recall
20230807,1773588533564490 ,DE,DE,,1/1/00 0:00,6.9085,3.0599,7/8/23 17:17,1.01,Auction Ads,auction_relation
20230807,1773588533564490 ,NL,NL,,1/1/00 0:00,6.9085,3.0599,7/8/23 17:17,1.19,Auction Ads,auction_relation
20230807,1773588533564490 ,DK,DK,,1/1/00 0:00,6.9085,3.0599,7/8/23 17:17,1.31,Auction Ads,auction_relation
20230807,1773588533564490 ,CH,CH,,1/1/00 0:00,6.9085,3.0599,7/8/23 17:17,0.93,Auction Ads,auction_relation
20230807,1773588533564490 ,PT,PT,,1/1/00 0:00,6.9085,3.0599,7/8/23 17:17,1.98,Auction Ads,auction_relation
20230807,1773588533564490 ,NO,Others,,1/1/00 0:00,6.9085,3.0599,7/8/23 17:17,1.56,Auction Ads,auction_all
20230807,1773588533564490 ,FI,Others,,1/1/00 0:00,6.9085,3.0599,7/8/23 17:17,1.56,Auction Ads,auction_all
20230807,1773588533564490 ,FR,FR,,1/1/00 0:00,6.9085,3.0599,7/8/23 17:17,1.97,Auction Ads,auction_relation
20230807,1773588533564490 ,SE,SE,,1/1/00 0:00,6.9085,3.0599,7/8/23 17:17,1.4,Auction Ads,auction_relation
20230807,1773588533564490 ,AT,AT,,1/1/00 0:00,6.9085,3.0599,7/8/23 17:17,0.89,Auction Ads,auction_relation
20230807,1773550257070080 ,SA,,,1/1/00 0:00,1.3408,0.457,7/8/23 17:17,0.54,Non-Auction Ads,Promote
20230807,1773591031189520 ,FR,,,1/1/00 0:00,1.6835,0.8567,7/8/23 17:17,0.54,Non-Auction Ads,Promote
20230807,1773591804453930 ,TH,TH,,1/1/00 0:00,0.04,4.2856,7/8/23 17:18,1.64,Auction Ads,auction_relation
20230807,1773591804453930 ,MY,MY,,1/1/00 0:00,0.04,4.2856,7/8/23 17:18,2.31,Auction Ads,auction_relation
20230807,1773591804453930 ,KH,KH,,1/1/00 0:00,0.04,4.2856,7/8/23 17:18,1.5,Auction Ads,auction_relation
20230807,1773591804453930 ,PL,PL,,1/1/00 0:00,0.04,4.2856,7/8/23 17:18,1.64,Auction Ads,auction_relation
20230807,1773591804453930 ,RO,RO,,1/1/00 0:00,0.04,4.2856,7/8/23 17:18,1.94,Auction Ads,auction_relation
20230807,1773591804453930 ,TR,TR,,1/1/00 0:00,0.04,4.2856,7/8/23 17:18,0.83,Auction Ads,auction_relation
20230807,1773591690669080 ,ID,ID,,1/1/00 0:00,0,2.0422,7/8/23 17:18,1.8,Auction Ads,auction_relation
20230807,1773588959537150 ,BR,,,1/1/00 0:00,1.7071,1.8623,7/8/23 17:18,0.54,Non-Auction Ads,Promote
20230807,1773590925088760 ,MY,,,1/1/00 0:00,0.4414,1.1608,7/8/23 17:18,0.54,Non-Auction Ads,Promote
20230807,1773581089653760 ,TH,,,1/1/00 0:00,0.1086,0.6941,7/8/23 17:18,0.54,Non-Auction Ads,Promote
20230807,1773588283619330 ,BR,,,1/1/00 0:00,0.9131,1.0435,7/8/23 17:18,0.54,Non-Auction Ads,Promote
20230807,1773588812432390 ,BR,,,1/1/00 0:00,1.6293,0.8029,7/8/23 17:18,0.54,Non-Auction Ads,Promote
20230807,1773591110840320 ,TH,,,1/1/00 0:00,3.39,1.0237,7/8/23 17:19,1.53,RIE,Promote Report Recall
20230807,1773550997722110 ,SA,,,1/1/00 0:00,1.4261,1.2142,7/8/23 17:19,0.54,Non-Auction Ads,Promote
20230807,1773573038415870 ,IT,,,1/1/00 0:00,0.7676,0.5592,7/8/23 17:19,0.54,Non-Auction Ads,Promote
20230807,1773591588250620 ,VN,,,1/1/00 0:00,0.0294,1.1729,7/8/23 17:19,1.53,RIE,Promote Report Recall
20230807,1773591781007400 ,US,USCA,,1/1/00 0:00,5.78,2.9075,7/8/23 17:19,1.78,Auction Ads,auction_relation
20230807,1773591755642920 ,CA,USCA,,1/1/00 0:00,7.23,2.9075,7/8/23 17:19,1.78,Auction Ads,auction_relation
20230807,1773591776854030 ,CA,USCA,,1/1/00 0:00,5.63,2.9075,7/8/23 17:19,1.78,Auction Ads,auction_relation
20230807,1773591750123550 ,CA,USCA,,1/1/00 0:00,5.39,2.9075,7/8/23 17:19,1.78,Auction Ads,auction_relation
20230807,1773591781007400 ,CA,USCA,,1/1/00 0:00,5.78,2.9075,7/8/23 17:19,1.78,Auction Ads,auction_relation
20230807,1773591767090220 ,CA,USCA,,1/1/00 0:00,7.16,2.9075,7/8/23 17:19,1.78,Auction Ads,auction_relation
20230807,1773591745433630 ,CA,USCA,,1/1/00 0:00,5.32,2.9075,7/8/23 17:19,1.78,Auction Ads,auction_relation
20230807,1773585311839230 ,US,,,1/1/00 0:00,1.16,4,7/8/23 17:20,0.54,Non-Auction Ads,Promote
20230807,1773550976060410 ,SA,,,1/1/00 0:00,1.1783,0.7998,7/8/23 17:19,0.54,Non-Auction Ads,Promote
20230807,1773592233807900 ,TH,TH,,1/1/00 0:00,1.0987,3.5509,7/8/23 17:20,1.64,Auction Ads,auction_relation
20230807,1773584388535290 ,ID,,,1/1/00 0:00,0.1411,0.6353,7/8/23 17:20,0.54,Non-Auction Ads,Promote
20230807,1773581228788730 ,TH,,,1/1/00 0:00,0.111,0.1177,7/8/23 17:20,0.54,Non-Auction Ads,Promote
20230807,1773580922152960 ,TH,,,1/1/00 0:00,0.2641,0.8414,7/8/23 17:20,0.54,Non-Auction Ads,Promote
20230807,1773581073778680 ,TH,,,1/1/00 0:00,0.1648,0.9589,7/8/23 17:20,0.54,Non-Auction Ads,Promote
20230807,1773591004941340 ,US,USCA,,1/1/00 0:00,22.34,143.4542,7/8/23 18:04,1.78,Auction Ads,auction_relation
20230807,1773592308213790 ,PK,PK,,1/1/00 0:00,2.94,3.22,7/8/23 17:20,1.36,Auction Ads,auction_relation
20230807,1773590996597760 ,PH,,,1/1/00 0:00,0.0821,0.28,7/8/23 17:20,0.54,Non-Auction Ads,Promote
20230807,1773549735812090 ,SA,,,1/1/00 0:00,2.4871,3.3188,7/8/23 17:21,0.54,Non-Auction Ads,Promote
20230807,1773591354888190 ,RO,,,1/1/00 0:00,0.9737,0.0445,7/8/23 17:20,0.54,Non-Auction Ads,Promote
20230807,1773581372665850 ,TH,,,1/1/00 0:00,0.0831,0.3331,7/8/23 17:20,0.54,Non-Auction Ads,Promote
20230807,1773590692749310 ,MY,,,1/1/00 0:00,0.2592,1.776,7/8/23 17:21,0.54,Non-Auction Ads,Promote
20230807,1773588541146110 ,BR,,,1/1/00 0:00,0.7818,0.2774,7/8/23 17:21,0.54,Non-Auction Ads,Promote
20230807,1773581304116220 ,TH,,,1/1/00 0:00,0.1116,0.1177,7/8/23 17:21,0.54,Non-Auction Ads,Promote
20230807,1773581351403520 ,TH,,,1/1/00 0:00,0.1924,0.5294,7/8/23 17:21,0.54,Non-Auction Ads,Promote
20230807,1773591781543960 ,AE,MENA,,1/1/00 0:00,,2.6828,7/8/23 17:21,1.67,RIE,Ad Group Recall (Merged)
20230807,1773591785543720 ,KZ,KZ,,1/1/00 0:00,,1.0241,7/8/23 17:21,2,Auction Ads,auction_relation
20230807,1773591784507410 ,KZ,KZ,,1/1/00 0:00,,1.0241,7/8/23 17:21,2,Auction Ads,auction_relation
20230807,1773591776419870 ,KZ,KZ,,1/1/00 0:00,,1.0241,7/8/23 17:21,2,Auction Ads,auction_relation
20230807,1773591790414860 ,KZ,KZ,,1/1/00 0:00,,1.0241,7/8/23 17:21,2,Auction Ads,auction_relation
20230807,1773591779293180 ,KZ,KZ,,1/1/00 0:00,,1.0241,7/8/23 17:21,2,Auction Ads,auction_relation
20230807,1773591786354700 ,KZ,KZ,,1/1/00 0:00,,1.0241,7/8/23 17:21,2,Auction Ads,auction_relation
20230807,1773591773653000 ,KZ,KZ,,1/1/00 0:00,,1.0241,7/8/23 17:21,2,Auction Ads,auction_relation
20230807,1773591788911610 ,KZ,KZ,,1/1/00 0:00,,1.0241,7/8/23 17:21,2,Auction Ads,auction_relation
20230807,1773591794534400 ,KZ,KZ,,1/1/00 0:00,,1.0241,7/8/23 17:21,2,Auction Ads,auction_relation
20230807,1773591366973490 ,TH,,,1/1/00 0:00,1.75,2.0331,7/8/23 17:21,1.53,RIE,Promote Report Recall
20230807,1773592080839730 ,SA,MENA,,1/1/00 0:00,0.4273,3.9669,7/8/23 17:22,1.67,RIE,Ad Group Recall (Merged)
20230807,1773592269458450 ,IE,IE,,1/1/00 0:00,8.076,11.9698,7/8/23 17:24,1.52,Auction Ads,auction_relation
20230807,1773591674327040 ,CA,,,1/1/00 0:00,1.832,2.0656,7/8/23 17:21,1.53,RIE,Promote Report Recall
20230807,1773591014348800 ,PH,,,1/1/00 0:00,0.0158,0.3095,7/8/23 17:21,0.54,Non-Auction Ads,Promote
20230807,1773589252721660 ,BR,,,1/1/00 0:00,2.7347,0.823,7/8/23 17:21,0.54,Non-Auction Ads,Promote
20230807,1773589357850700 ,BR,,,1/1/00 0:00,0.8413,0.7926,7/8/23 17:22,0.54,Non-Auction Ads,Promote
20230807,1773591784304640 ,TH,,,1/1/00 0:00,4.59,0.9877,7/8/23 17:22,1.53,RIE,Promote Report Recall
20230807,1773581305765880 ,TH,,,1/1/00 0:00,0.0418,0.5177,7/8/23 17:22,0.54,Non-Auction Ads,Promote
20230807,1773585317593090 ,US,,,1/1/00 0:00,3.08,6.6667,7/8/23 17:24,0.54,Non-Auction Ads,Promote
20230807,1773592023326760 ,US,USCA,,1/1/00 0:00,6.4,8.4804,7/8/23 17:25,1.78,Auction Ads,auction_relation
20230807,1773589397476420 ,BR,,,1/1/00 0:00,0.8107,0.3553,7/8/23 17:23,0.54,Non-Auction Ads,Promote
20230807,1773581328998400 ,TH,,,1/1/00 0:00,,0.5056,7/8/23 17:23,0.54,Non-Auction Ads,Promote
20230807,1773581328998400 ,TH,,,1/1/00 0:00,,0.5056,7/8/23 17:23,0.54,Non-Auction Ads,Promote
20230807,1773581345065980 ,TH,,,1/1/00 0:00,0.0843,0.7139,7/8/23 17:23,0.54,Non-Auction Ads,Promote
20230807,1773585979810850 ,US,,,1/1/00 0:00,4.09,3.235,7/8/23 17:24,0.54,Non-Auction Ads,Promote
20230807,1773592253757440 ,KZ,KZ,,1/1/00 0:00,,1.0241,7/8/23 17:23,2,Auction Ads,auction_relation
20230807,1773588693444610 ,TR,,,1/1/00 0:00,0.373,0.1178,7/8/23 17:23,0.54,Non-Auction Ads,Promote
20230807,1773581405146110 ,TH,,,1/1/00 0:00,0.1892,1.1092,7/8/23 17:23,0.54,Non-Auction Ads,Promote
20230807,1773591869648950 ,BR,,,1/1/00 0:00,14.7695,1.8205,7/8/23 17:23,1.53,RIE,Promote Report Recall
20230807,1773581256473600 ,TH,,,1/1/00 0:00,0.0525,0.3114,7/8/23 17:23,0.54,Non-Auction Ads,Promote
20230807,1773591368591360 ,PH,,,1/1/00 0:00,0.0633,0.303,7/8/23 17:23,0.54,Non-Auction Ads,Promote
20230807,1773588716636190 ,US,USCA,,1/1/00 0:00,7.27,12.454,7/8/23 17:28,1.78,Auction Ads,auction_relation
20230807,1773586032190500 ,US,,,1/1/00 0:00,2.12,6.6667,7/8/23 17:26,0.54,Non-Auction Ads,Promote
20230807,1773581579957250 ,TH,,,1/1/00 0:00,0.121,0.3898,7/8/23 17:24,0.54,Non-Auction Ads,Promote
20230807,1773591608259580 ,PH,,,1/1/00 0:00,0.0521,0.0864,7/8/23 17:24,0.54,Non-Auction Ads,Promote
20230807,1773592478134280 ,VN,VN,,1/1/00 0:00,4.29,22.7068,7/8/23 17:30,2.14,Auction Ads,auction_relation
20230807,1773589471063040 ,BR,,,1/1/00 0:00,0.8231,1.6923,7/8/23 17:25,0.54,Non-Auction Ads,Promote
20230807,1773581577451520 ,TH,,,1/1/00 0:00,0.0722,0.2458,7/8/23 17:25,0.54,Non-Auction Ads,Promote
20230807,1773584510709760 ,ID,,,1/1/00 0:00,0.083,0.358,7/8/23 17:25,0.54,Non-Auction Ads,Promote
20230807,1773581680140290 ,TH,,,1/1/00 0:00,0.0485,0.3114,7/8/23 17:25,0.54,Non-Auction Ads,Promote
20230807,1773588410739710 ,US,USCA,,1/1/00 0:00,1.02,1.3728,7/8/23 17:25,1.78,Auction Ads,auction_relation
20230807,1773581741096960 ,TH,,,1/1/00 0:00,0.0974,0.2992,7/8/23 17:25,0.54,Non-Auction Ads,Promote
20230807,1773591676916730 ,PH,,,1/1/00 0:00,2.065,2.0147,7/8/23 17:26,0.54,Non-Auction Ads,Promote
20230807,1773591794338820 ,FR,,,1/1/00 0:00,2.7837,6.4966,7/8/23 17:28,0.54,Non-Auction Ads,Promote
20230807,1773591915295740 ,TH,,,1/1/00 0:00,4.41,2.2158,7/8/23 17:26,1.53,RIE,Promote Report Recall
20230807,1773551487048700 ,SA,,,1/1/00 0:00,1.4529,0.0091,7/8/23 17:25,0.54,Non-Auction Ads,Promote
20230807,1773584427438080 ,ID,,,1/1/00 0:00,0.1083,0.2342,7/8/23 17:26,0.54,Non-Auction Ads,Promote
20230807,1773581704724480 ,TH,,,1/1/00 0:00,0.1056,0.4098,7/8/23 17:26,0.54,Non-Auction Ads,Promote
20230807,1773552547392510 ,SA,,,1/1/00 0:00,2.5749,1.0673,7/8/23 17:27,0.54,Non-Auction Ads,Promote
20230807,1773588519042060 ,MX,MX,,1/1/00 0:00,,1.4692,7/8/23 17:27,1.99,Auction Ads,auction_all
20230807,1773593092185100 ,SA,MENA,,1/1/00 0:00,,3.9669,7/8/23 17:28,1.67,RIE,Ad Group Recall (Merged)
20230807,1773593097181210 ,SA,MENA,,1/1/00 0:00,,3.9669,7/8/23 17:28,1.67,RIE,Ad Group Recall (Merged)
20230807,1773593040117790 ,SA,MENA,,1/1/00 0:00,0.4593,3.9669,7/8/23 17:28,1.67,RIE,Ad Group Recall (Merged)
20230807,1773584483736570 ,ID,,,1/1/00 0:00,0.1397,0.4597,7/8/23 17:28,0.54,Non-Auction Ads,Promote
20230807,1773589202673660 ,US,US&CA,,1/1/00 0:00,171.34,0,7/8/23 17:27,1.81,RIE,Ad Group Recall (Merged)
20230807,1773589598893060 ,BR,,,1/1/00 0:00,0.7492,1.7908,7/8/23 17:28,0.54,Non-Auction Ads,Promote
20230807,1773588604315680 ,FR,FR,,1/1/00 0:00,,14.6838,7/8/23 17:31,1.97,Auction Ads,auction_relation
20230807,1773588959054880 ,HU,Other,,1/1/00 0:00,12.721,10.6649,7/8/23 17:30,1.62,RIE,Ad Group Recall (Merged)
20230807,1773588959054880 ,HU,Others,,1/1/00 0:00,12.721,10.6649,7/8/23 17:30,1.56,Auction Ads,auction_all
20230807,1773588959054880 ,PT,PT,,1/1/00 0:00,12.721,10.6649,7/8/23 17:30,1.98,Auction Ads,auction_relation
20230807,1773588959054880 ,CZ,CZ,,1/1/00 0:00,12.721,10.6649,7/8/23 17:30,1.9,Auction Ads,auction_relation
20230807,1773588959054880 ,NO,Others,,1/1/00 0:00,12.721,10.6649,7/8/23 17:30,1.56,Auction Ads,auction_all
20230807,1773588959054880 ,FI,Others,,1/1/00 0:00,12.721,10.6649,7/8/23 17:30,1.56,Auction Ads,auction_all
20230807,1773588959054880 ,GR,GR,,1/1/00 0:00,12.721,10.6649,7/8/23 17:30,2.11,Auction Ads,auction_relation
20230807,1773588959054880 ,PL,PL,,1/1/00 0:00,12.721,10.6649,7/8/23 17:30,1.64,Auction Ads,auction_relation
20230807,1773588959054880 ,NO,Others,,1/1/00 0:00,12.721,10.6649,7/8/23 17:30,1.56,Auction Ads,auction_all
20230807,1773588959054880 ,AT,AT,,1/1/00 0:00,12.721,10.6649,7/8/23 17:30,0.89,Auction Ads,auction_relation
20230807,1773589523696640 ,BR,,,1/1/00 0:00,0,0.7926,7/8/23 17:28,0.54,Non-Auction Ads,Promote
20230807,1773592614650880 ,TH,TH,,1/1/00 0:00,0.5362,2.4138,7/8/23 17:29,1.64,Auction Ads,auction_relation
20230807,1773560871728170 ,NZ,Other,,1/1/00 0:00,8.73,4.7103,7/8/23 17:30,1.62,RIE,Ad Group Recall (Merged)
20230807,1773560871728170 ,CA,US&CA,,1/1/00 0:00,8.73,4.7103,7/8/23 17:30,1.81,RIE,Ad Group Recall (Merged)
20230807,1773560871728170 ,US,US&CA,,1/1/00 0:00,8.73,4.7103,7/8/23 17:30,1.81,RIE,Ad Group Recall (Merged)
20230807,1773560871728170 ,GB,GB,,1/1/00 0:00,8.73,4.7103,7/8/23 17:30,1.72,RIE,Ad Group Recall (Merged)
20230807,1773581882574840 ,TH,,,1/1/00 0:00,0.059,0.5903,7/8/23 17:28,0.54,Non-Auction Ads,Promote
20230807,1773589488977920 ,BR,,,1/1/00 0:00,3.3633,4.4138,7/8/23 17:30,0.54,Non-Auction Ads,Promote
20230807,1773592917632040 ,US,USCA,,1/1/00 0:00,1.01,0.6,7/8/23 17:28,1.78,Auction Ads,auction_relation
20230807,1773589348274180 ,BR,,,1/1/00 0:00,1.0855,0.7955,7/8/23 17:29,0.54,Non-Auction Ads,Promote
20230807,1773592172022780 ,GB,,,1/1/00 0:00,2.1161,1.9484,7/8/23 17:29,1.53,RIE,Promote Report Recall
20230807,1773555434542080 ,SA,,,1/1/00 0:00,2.1967,31.3086,7/8/23 17:39,0.54,Non-Auction Ads,Promote
20230807,1773586297655300 ,US,,,1/1/00 0:00,2.55,10.46,7/8/23 17:32,0.54,Non-Auction Ads,Promote
20230807,1773591615373310 ,TH,,,1/1/00 0:00,11.3,1.3503,7/8/23 17:30,1.53,RIE,Promote Report Recall
20230807,1773581919863810 ,TH,,,1/1/00 0:00,0.2757,0.9598,7/8/23 17:31,0.54,Non-Auction Ads,Promote
20230807,1773592205280250 ,IL,,,1/1/00 0:00,1.3517,1.7402,7/8/23 17:31,0.54,Non-Auction Ads,Promote
20230807,1773584593395710 ,ID,,,1/1/00 0:00,0.0877,0.4894,7/8/23 17:31,0.54,Non-Auction Ads,Promote
20230807,1773592270058510 ,TH,,,1/1/00 0:00,0.08,1.543,7/8/23 17:31,1.53,RIE,Promote Report Recall
20230807,1773582073252860 ,TH,,,1/1/00 0:00,0.2702,0.5605,7/8/23 17:31,0.54,Non-Auction Ads,Promote
20230807,1773591199944730 ,US,USCA,,1/1/00 0:00,103.42,124.5254,7/8/23 18:12,1.78,Auction Ads,auction_relation
20230807,1773588761305100 ,DE,DE,,1/1/00 0:00,0.88,6.7717,7/8/23 17:32,1.01,Auction Ads,auction_relation
20230807,1773592440723460 ,RO,,,1/1/00 0:00,57.2195,6.0082,7/8/23 17:32,0.54,Non-Auction Ads,Promote
20230807,1773591222580260 ,DE,,,1/1/00 0:00,2.9817,2.0784,7/8/23 17:32,0.54,Non-Auction Ads,Promote
20230807,1773585948646400 ,US,,,1/1/00 0:00,1.37,1.5385,7/8/23 17:32,0.54,Non-Auction Ads,Promote
20230807,1773592464988190 ,KZ,KZ,,1/1/00 0:00,,1.0241,7/8/23 17:32,2,Auction Ads,auction_relation
20230807,1773592457431090 ,KZ,KZ,,1/1/00 0:00,,1.0241,7/8/23 17:32,2,Auction Ads,auction_relation
20230807,1773592433951760 ,KZ,KZ,,1/1/00 0:00,,1.0241,7/8/23 17:32,2,Auction Ads,auction_relation
20230807,1773592459550730 ,KZ,KZ,,1/1/00 0:00,,1.0241,7/8/23 17:32,2,Auction Ads,auction_relation
20230807,1773592460164120 ,KZ,KZ,,1/1/00 0:00,,1.0241,7/8/23 17:32,2,Auction Ads,auction_relation
20230807,1773592431421440 ,KZ,KZ,,1/1/00 0:00,,1.0241,7/8/23 17:32,2,Auction Ads,auction_relation
20230807,1773592438307840 ,KZ,KZ,,1/1/00 0:00,,1.0241,7/8/23 17:32,2,Auction Ads,auction_relation
20230807,1773592450698240 ,KZ,KZ,,1/1/00 0:00,,1.0241,7/8/23 17:32,2,Auction Ads,auction_relation
20230807,1773592447486000 ,KZ,KZ,,1/1/00 0:00,,1.0241,7/8/23 17:32,2,Auction Ads,auction_relation
20230807,1773589179397160 ,US,USCA,,1/1/00 0:00,,15.9061,7/8/23 17:38,1.78,Auction Ads,auction_relation
20230807,1773584873690170 ,ID,,,1/1/00 0:00,0.1957,1.5376,7/8/23 17:32,0.54,Non-Auction Ads,Promote
20230807,1773582129291260 ,TH,,,1/1/00 0:00,0.364,1.1583,7/8/23 17:32,0.54,Non-Auction Ads,Promote
20230807,1773582002491390 ,TH,,,1/1/00 0:00,0.133,0.5287,7/8/23 17:32,0.54,Non-Auction Ads,Promote
20230807,1773590098444290 ,BR,,,1/1/00 0:00,0.9665,0.3016,7/8/23 17:32,0.54,Non-Auction Ads,Promote
20230807,1773583473853440 ,ID,,,1/1/00 0:00,0.0539,0.4161,7/8/23 17:32,0.54,Non-Auction Ads,Promote
20230807,1773585703908370 ,US,,,1/1/00 0:00,1.55,1.6667,7/8/23 17:33,0.54,Non-Auction Ads,Promote
20230807,1773582095876090 ,TH,,,1/1/00 0:00,0.1016,0.4086,7/8/23 17:33,0.54,Non-Auction Ads,Promote
20230807,1773590216332290 ,BR,,,1/1/00 0:00,2.4379,0.5537,7/8/23 17:33,0.54,Non-Auction Ads,Promote
20230807,1773592623890440 ,SG,Other,,1/1/00 0:00,5.8749,3.499,7/8/23 17:35,1.62,RIE,Ad Group Recall (Merged)
20230807,1773584590236670 ,ID,,,1/1/00 0:00,0.0922,0.4597,7/8/23 17:33,0.54,Non-Auction Ads,Promote
20230807,1773595443289080 ,SA,MENA,,1/1/00 0:00,0.1706,1.192,7/8/23 17:34,1.67,RIE,Ad Group Recall (Merged)
20230807,1773592873024540 ,PK,PK,,1/1/00 0:00,2.22,0.1873,7/8/23 17:34,1.36,Auction Ads,auction_relation
20230807,1773584143586300 ,ID,,,1/1/00 0:00,0.0761,0.9467,7/8/23 17:34,0.54,Non-Auction Ads,Promote
20230807,1773592797005820 ,TR,,,1/1/00 0:00,1.453,7.9699,7/8/23 17:38,1.53,RIE,Promote Report Recall
20230807,1773592644215800 ,AE,MENA,,1/1/00 0:00,1.5855,2.4604,7/8/23 17:35,1.67,RIE,Ad Group Recall (Merged)
20230807,1773593257607240 ,ID,ID,,1/1/00 0:00,0.38,4.4415,7/8/23 17:36,1.8,Auction Ads,auction_relation
20230807,1773593257607240 ,ID,ID,,1/1/00 0:00,0.38,4.4415,7/8/23 17:36,1.8,Auction Ads,auction_relation
20230807,1773592160711680 ,PH,,,1/1/00 0:00,0.0663,0.092,7/8/23 17:34,0.54,Non-Auction Ads,Promote
20230807,1773553855995900 ,SA,,,1/1/00 0:00,1.1649,0.817,7/8/23 17:34,0.54,Non-Auction Ads,Promote
20230807,1773590274507780 ,BR,,,1/1/00 0:00,0.8763,0,7/8/23 17:34,0.54,Non-Auction Ads,Promote
20230807,1773582091754490 ,TH,,,1/1/00 0:00,0.094,0.3539,7/8/23 17:35,0.54,Non-Auction Ads,Promote
20230807,1773580056569860 ,BR,,,1/1/00 0:00,0.7224,0.4788,7/8/23 17:35,1.53,RIE,Promote Report Recall
20230807,1773584459650040 ,ID,,,1/1/00 0:00,0.0688,0.1778,7/8/23 17:36,0.54,Non-Auction Ads,Promote
20230807,1773589177167900 ,HU,Other,,1/1/00 0:00,0.003,4.0221,7/8/23 17:38,1.62,RIE,Ad Group Recall (Merged)
20230807,1773594222200880 ,PK,PK,,1/1/00 0:00,,0.2215,7/8/23 17:37,1.36,Auction Ads,auction_relation
20230807,1773592681403390 ,MY,,,1/1/00 0:00,0.0989,0.2607,7/8/23 17:37,1.53,RIE,Promote Report Recall
20230807,1773590449546240 ,BR,,,1/1/00 0:00,0.9173,0.8773,7/8/23 17:38,0.54,Non-Auction Ads,Promote
20230807,1773582612805630 ,TH,,,1/1/00 0:00,0.0855,0.2932,7/8/23 17:38,0.54,Non-Auction Ads,Promote
20230807,1773592610099200 ,TH,,,1/1/00 0:00,8.65,1.38,7/8/23 17:38,1.53,RIE,Promote Report Recall
20230807,1773593147970560 ,TH,TH,,1/1/00 0:00,1.5053,10.9374,7/8/23 17:40,1.64,Auction Ads,auction_relation
20230807,1773588684615680 ,TR,,,1/1/00 0:00,0.4774,0.2575,7/8/23 17:38,0.54,Non-Auction Ads,Promote
20230807,1773593070149630 ,SA,,,1/1/00 0:00,55.3931,15.6672,7/8/23 17:42,0.54,Non-Auction Ads,Promote
20230807,1773586866327550 ,CA,,,1/1/00 0:00,2.729,5.8486,7/8/23 17:39,0.54,Non-Auction Ads,Promote
20230807,1773584846005250 ,ID,,,1/1/00 0:00,0.0681,0.7786,7/8/23 17:38,0.54,Non-Auction Ads,Promote
20230807,1773570440700940 ,PK,PK,,1/1/00 0:00,,2.892,7/8/23 17:39,1.36,Auction Ads,auction_relation
20230807,1773570567368730 ,PK,PK,,1/1/00 0:00,5.33,2.892,7/8/23 17:39,1.36,Auction Ads,auction_relation
20230807,1773589386041360 ,US,USCA,,1/1/00 0:00,,15.9061,7/8/23 17:42,1.78,Auction Ads,auction_relation
20230807,1773589392631800 ,US,USCA,,1/1/00 0:00,,15.9061,7/8/23 17:42,1.78,Auction Ads,auction_relation
20230807,1773589351365640 ,US,USCA,,1/1/00 0:00,,15.9061,7/8/23 17:42,1.78,Auction Ads,auction_relation
20230807,1773589380832270 ,US,USCA,,1/1/00 0:00,,15.9061,7/8/23 17:42,1.78,Auction Ads,auction_relation
20230807,1773591721502770 ,TH,,,1/1/00 0:00,4.65,0.8796,7/8/23 17:38,1.53,RIE,Promote Report Recall
20230807,1773593173544970 ,TR,TR,,1/1/00 0:00,5.0656,2.1863,7/8/23 17:39,0.83,Auction Ads,auction_relation
20230807,1773591582698500 ,TH,,,1/1/00 0:00,5.73,0,7/8/23 17:38,1.53,RIE,Promote Report Recall
20230807,1773595625346080 ,IQ,Others,,1/1/00 0:00,20.55,17.6986,7/8/23 17:44,1.56,Auction Ads,auction_all
20230807,1773553333645310 ,SA,,,1/1/00 0:00,2.9003,1.4638,7/8/23 17:39,0.54,Non-Auction Ads,Promote
20230807,1773586174598150 ,US,,,1/1/00 0:00,1.44,3.3333,7/8/23 17:40,0.54,Non-Auction Ads,Promote
20230807,1773582170073090 ,TH,,,1/1/00 0:00,0.3027,1.1583,7/8/23 17:39,0.54,Non-Auction Ads,Promote
20230807,1773582929632250 ,TH,,,1/1/00 0:00,0.1453,0.1982,7/8/23 17:39,0.54,Non-Auction Ads,Promote
20230807,1773592778719230 ,MY,,,1/1/00 0:00,0.2614,0.7155,7/8/23 17:40,1.53,RIE,Promote Report Recall
20230807,1773582979090430 ,TH,,,1/1/00 0:00,0.1116,0.5903,7/8/23 17:40,0.54,Non-Auction Ads,Promote
20230807,1773582653626370 ,TH,,,1/1/00 0:00,0.0905,0.4753,7/8/23 17:40,0.54,Non-Auction Ads,Promote
20230807,1773592708995070 ,ES,,,1/1/00 0:00,0.9241,1.5595,7/8/23 17:40,0.54,Non-Auction Ads,Promote
20230807,1773552561166330 ,SA,,,1/1/00 0:00,2.4416,0.9222,7/8/23 17:40,0.54,Non-Auction Ads,Promote
20230807,1773582772470780 ,TH,,,1/1/00 0:00,0.1293,0.3209,7/8/23 17:40,0.54,Non-Auction Ads,Promote
20230807,1773592912472060 ,AE,,,1/1/00 0:00,1.4429,2.7451,7/8/23 17:41,1.53,RIE,Promote Report Recall
20230807,1773583009135610 ,TH,,,1/1/00 0:00,0.3713,0.6364,7/8/23 17:41,0.54,Non-Auction Ads,Promote
20230807,1773592863987710 ,ES,,,1/1/00 0:00,1.1332,0.9574,7/8/23 17:41,0.54,Non-Auction Ads,Promote
20230807,1773593607406590 ,ID,ID,,1/1/00 0:00,0.7361,0.1248,7/8/23 17:41,1.8,Auction Ads,auction_relation
20230807,1773592470251520 ,HU,,,1/1/00 0:00,0.348,1.3226,7/8/23 17:41,0.54,Non-Auction Ads,Promote
20230807,1773589090667520 ,TR,,,1/1/00 0:00,0.7468,0.1421,7/8/23 17:41,0.54,Non-Auction Ads,Promote
20230807,1773592864295940 ,TH,,,1/1/00 0:00,3.66,1.5678,7/8/23 17:41,1.53,RIE,Promote Report Recall
20230807,1773592443573250 ,TH,,,1/1/00 0:00,2.87,1.827,7/8/23 17:42,1.53,RIE,Promote Report Recall
20230807,1773592876627970 ,TR,,,1/1/00 0:00,0.3418,0.0707,7/8/23 17:41,1.53,RIE,Promote Report Recall
20230807,1773555607471100 ,SA,,,1/1/00 0:00,4.1077,0.6665,7/8/23 17:41,0.54,Non-Auction Ads,Promote
20230807,1773589996447740 ,US,USCA,,1/1/00 0:00,27.6177,31.4633,7/8/23 17:53,1.78,Auction Ads,auction_relation
20230807,1773590830812160 ,BR,,,1/1/00 0:00,1.4815,0.8766,7/8/23 17:42,0.54,Non-Auction Ads,Promote
20230807,1773590685091840 ,BR,,,1/1/00 0:00,,0.2941,7/8/23 17:42,0.54,Non-Auction Ads,Promote
20230807,1773551724489740 ,KZ,Others,,1/1/00 0:00,160.74,48.7151,7/8/23 18:00,1.53,Non-Auction Ads,R&F
20230807,1773593740260380 ,TH,TH,,1/1/00 0:00,1.4542,4.8733,7/8/23 17:44,1.64,Auction Ads,auction_relation
20230807,1773554458639360 ,SA,,,1/1/00 0:00,2.3298,3.5626,7/8/23 17:43,0.54,Non-Auction Ads,Promote
20230807,1773593500455980 ,IQ,Others,,1/1/00 0:00,5.17,10.0875,7/8/23 17:46,1.56,Auction Ads,auction_all
20230807,1773593151559690 ,ID,ID,,1/1/00 0:00,,1.1851,7/8/23 17:43,1.8,Auction Ads,auction_relation
20230807,1773593256945700 ,TH,,,1/1/00 0:00,10,7.03,7/8/23 17:46,1.53,RIE,Promote Report Recall
20230807,1773590074137640 ,US,USCA,,1/1/00 0:00,7.6409,31.4633,7/8/23 17:54,1.78,Auction Ads,auction_relation
20230807,1773590047096830 ,US,USCA,,1/1/00 0:00,21.1134,31.4633,7/8/23 17:54,1.78,Auction Ads,auction_relation
20230807,1773593069214720 ,US,,,1/1/00 0:00,0.03,2.354,7/8/23 17:44,1.53,RIE,Promote Report Recall
20230807,1773585076831230 ,ID,,,1/1/00 0:00,0.0695,0.155,7/8/23 17:42,0.54,Non-Auction Ads,Promote
20230807,1773593221742590 ,AE,MENA,,1/1/00 0:00,,2.6828,7/8/23 17:44,1.67,RIE,Ad Group Recall (Merged)
20230807,1773585889727490 ,US,,,1/1/00 0:00,3.37,5.5556,7/8/23 17:46,0.54,Non-Auction Ads,Promote
20230807,1773585314319360 ,ID,,,1/1/00 0:00,0.0632,0.3402,7/8/23 17:43,0.54,Non-Auction Ads,Promote
20230807,1773586893067270 ,US,,,1/1/00 0:00,3.64,5.122,7/8/23 17:46,0.54,Non-Auction Ads,Promote
20230807,1773582974948350 ,TH,,,1/1/00 0:00,0.0608,0.5188,7/8/23 17:44,0.54,Non-Auction Ads,Promote
20230807,1773586282695680 ,US,,,1/1/00 0:00,3.35,2.973,7/8/23 17:45,0.54,Non-Auction Ads,Promote
20230807,1773585160311800 ,ID,,,1/1/00 0:00,0.0588,0.9329,7/8/23 17:44,0.54,Non-Auction Ads,Promote
20230807,1773590875074560 ,BR,,,1/1/00 0:00,0.7715,0.6129,7/8/23 17:44,0.54,Non-Auction Ads,Promote
20230807,1773590948943870 ,BR,,,1/1/00 0:00,0.9051,0.2956,7/8/23 17:45,0.54,Non-Auction Ads,Promote
20230807,1773583458998270 ,TH,,,1/1/00 0:00,0.3577,0.5198,7/8/23 17:45,0.54,Non-Auction Ads,Promote
20230807,1773508750889040 ,GB,GB,,1/1/00 0:00,23.1011,67.457,7/8/23 18:07,1.72,RIE,Ad Group Recall (Merged)
20230807,1773589874702330 ,US,USCA,,1/1/00 0:00,,15.9061,7/8/23 17:50,1.78,Auction Ads,auction_relation
20230807,1773589885501500 ,US,USCA,,1/1/00 0:00,,15.9061,7/8/23 17:50,1.78,Auction Ads,auction_relation
20230807,1773589839249400 ,US,USCA,,1/1/00 0:00,,15.9061,7/8/23 17:50,1.78,Auction Ads,auction_relation
20230807,1773589878217730 ,US,USCA,,1/1/00 0:00,,15.9061,7/8/23 17:50,1.78,Auction Ads,auction_relation
20230807,1773589842355210 ,US,USCA,,1/1/00 0:00,,15.9061,7/8/23 17:50,1.78,Auction Ads,auction_relation
20230807,1773589885491290 ,US,USCA,,1/1/00 0:00,,15.9061,7/8/23 17:50,1.78,Auction Ads,auction_relation
20230807,1773586451220480 ,US,,,1/1/00 0:00,9.16,6.4616,7/8/23 17:48,0.54,Non-Auction Ads,Promote
20230807,1773585478010880 ,ID,,,1/1/00 0:00,0.9917,0.5137,7/8/23 17:46,0.54,Non-Auction Ads,Promote
20230807,1773586945572860 ,US,,,1/1/00 0:00,8.67,5,7/8/23 17:48,0.54,Non-Auction Ads,Promote
20230807,1773554411801600 ,SA,,,1/1/00 0:00,4.2222,4.0763,7/8/23 17:47,0.54,Non-Auction Ads,Promote
20230807,1773585045072890 ,ID,,,1/1/00 0:00,0.1167,0.1844,7/8/23 17:46,0.54,Non-Auction Ads,Promote
20230807,1773593311880190 ,TH,,,1/1/00 0:00,8.15,1.3334,7/8/23 17:47,1.53,RIE,Promote Report Recall
20230807,1773593606007850 ,PK,PK,,1/1/00 0:00,,0.2586,7/8/23 17:46,1.36,Auction Ads,auction_relation
20230807,1773583183601660 ,TH,,,1/1/00 0:00,0.086,0.2187,7/8/23 17:46,0.54,Non-Auction Ads,Promote
20230807,1773589393481730 ,BR,,,1/1/00 0:00,0.9297,0.4001,7/8/23 17:47,0.54,Non-Auction Ads,Promote
20230807,1773583626014720 ,TH,,,1/1/00 0:00,0.3892,1.3043,7/8/23 17:47,0.54,Non-Auction Ads,Promote
20230807,1773583631489020 ,TH,,,1/1/00 0:00,0.1622,0.8069,7/8/23 17:47,0.54,Non-Auction Ads,Promote
20230807,1773585220177920 ,ID,,,1/1/00 0:00,0.0796,0.1361,7/8/23 17:47,0.54,Non-Auction Ads,Promote
20230807,1773594942253090 ,MY,MY,,1/1/00 0:00,0.0351,5.2296,7/8/23 17:48,2.31,Auction Ads,auction_relation
20230807,1773585162164220 ,ID,,,1/1/00 0:00,0.081,0.6593,7/8/23 17:47,0.54,Non-Auction Ads,Promote
20230807,1773587023446020 ,US,,,1/1/00 0:00,2.15,2.5,7/8/23 17:48,0.54,Non-Auction Ads,Promote
20230807,1773552448103420 ,SA,,,1/1/00 0:00,2.2738,1.0741,7/8/23 17:48,0.54,Non-Auction Ads,Promote
20230807,1773593221098500 ,TH,,,1/1/00 0:00,3.86,2.3919,7/8/23 17:48,1.53,RIE,Promote Report Recall
20230807,1773582837898300 ,TH,,,1/1/00 0:00,0.0852,0.8638,7/8/23 17:48,0.54,Non-Auction Ads,Promote
20230807,1773593272878080 ,TH,,,1/1/00 0:00,9.1,1.5988,7/8/23 17:48,1.53,RIE,Promote Report Recall
20230807,1773585509274620 ,ID,,,1/1/00 0:00,0.9989,0.5137,7/8/23 17:48,0.54,Non-Auction Ads,Promote
20230807,1773593304133630 ,TH,,,1/1/00 0:00,17.31,2.5115,7/8/23 17:48,1.53,RIE,Promote Report Recall
20230807,1773592810705920 ,TH,,,1/1/00 0:00,12.22,2.4189,7/8/23 17:48,1.53,RIE,Promote Report Recall
20230807,1773593321419780 ,TH,,,1/1/00 0:00,15.16,1.4288,7/8/23 17:48,1.53,RIE,Promote Report Recall
20230807,1773593295364160 ,TH,,,1/1/00 0:00,10.99,1.2707,7/8/23 17:48,1.53,RIE,Promote Report Recall
20230807,1773594085884960 ,KZ,KZ,,1/1/00 0:00,6.54,9.5247,7/8/23 17:50,2,Auction Ads,auction_relation
20230807,1773590828813310 ,BR,,,1/1/00 0:00,1.8385,2.4885,7/8/23 17:49,0.54,Non-Auction Ads,Promote
20230807,1773583568998400 ,TH,,,1/1/00 0:00,0.0933,0.4026,7/8/23 17:49,0.54,Non-Auction Ads,Promote
20230807,1773585553373180 ,ID,,,1/1/00 0:00,0.9965,0.5137,7/8/23 17:49,0.54,Non-Auction Ads,Promote
20230807,1773593543577630 ,BR,BR,,1/1/00 0:00,0.8947,0.6803,7/8/23 17:49,1.99,Auction Ads,auction_all
20230807,1773591139384320 ,CA,USCA,,1/1/00 0:00,6.69,15.36,7/8/23 17:55,1.78,Auction Ads,auction_relation
20230807,1773591139384320 ,TR,TR,,1/1/00 0:00,6.69,15.36,7/8/23 17:55,0.83,Auction Ads,auction_relation
20230807,1773594048342060 ,PE,PE,,1/1/00 0:00,10.61,0.25,7/8/23 17:50,1.68,Auction Ads,auction_all
20230807,1773592331949070 ,RO,,,1/1/00 0:00,1.5454,2.146,7/8/23 17:50,0.54,Non-Auction Ads,Promote
20230807,1773557553220610 ,SA,,,1/1/00 0:00,0.9863,1.2221,7/8/23 17:50,0.54,Non-Auction Ads,Promote
20230807,1773586252703750 ,US,,,1/1/00 0:00,0.99,4.4324,7/8/23 17:52,0.54,Non-Auction Ads,Promote
20230807,1773583648578560 ,TH,,,1/1/00 0:00,0.1057,0.6111,7/8/23 17:50,0.54,Non-Auction Ads,Promote
20230807,1773557715277880 ,SA,,,1/1/00 0:00,0.9837,1.2221,7/8/23 17:50,0.54,Non-Auction Ads,Promote
20230807,1773587363363900 ,US,,,1/1/00 0:00,1.08,8.6858,7/8/23 17:55,0.54,Non-Auction Ads,Promote
20230807,1773589907683340 ,US,USCA,,1/1/00 0:00,0.85,1.3728,7/8/23 17:51,1.78,Auction Ads,auction_relation
20230807,1773591835206660 ,DE,,,1/1/00 0:00,1.8044,2.4296,7/8/23 17:52,0.54,Non-Auction Ads,Promote
20230807,1773585304334330 ,ID,,,1/1/00 0:00,0.0876,0.3021,7/8/23 17:51,0.54,Non-Auction Ads,Promote
20230807,1773593461829630 ,PH,,,1/1/00 0:00,0.0649,0.2704,7/8/23 17:51,0.54,Non-Auction Ads,Promote
20230807,1773557890380800 ,SA,,,1/1/00 0:00,0.7277,0.7225,7/8/23 17:52,0.54,Non-Auction Ads,Promote
20230807,1773602647199740 ,BR,BR,,1/1/00 0:00,70.0898,380.7267,7/8/23 20:02,1.7,RIE,Ad Group Recall (Merged)
20230807,1773593612827650 ,TH,,,1/1/00 0:00,9.96,1.9707,7/8/23 17:54,1.53,RIE,Promote Report Recall
20230807,1773593623740420 ,TH,,,1/1/00 0:00,4.29,0.6996,7/8/23 17:53,1.53,RIE,Promote Report Recall
20230807,1773593584963590 ,TH,,,1/1/00 0:00,6.87,0.9344,7/8/23 17:54,1.53,RIE,Promote Report Recall
20230807,1773587442410500 ,US,,,1/1/00 0:00,1.29,1.7751,7/8/23 17:54,0.54,Non-Auction Ads,Promote
20230807,1773585529869310 ,ID,,,1/1/00 0:00,0.2163,0.4246,7/8/23 17:53,0.54,Non-Auction Ads,Promote
20230807,1773583865396290 ,TH,,,1/1/00 0:00,0.103,2.6416,7/8/23 17:55,0.54,Non-Auction Ads,Promote
20230807,1773587193854980 ,US,,,1/1/00 0:00,1.43,1.3823,7/8/23 17:54,0.54,Non-Auction Ads,Promote
20230807,1773590459899950 ,US,USCA,,1/1/00 0:00,,15.9061,7/8/23 18:00,1.78,Auction Ads,auction_relation
20230807,1773593982811180 ,JP,JP,,1/1/00 0:00,0.6131,4.1345,7/8/23 17:56,2.16,Auction Ads,auction_all
20230807,1773593423878160 ,TH,,,1/1/00 0:00,6.51,0.0133,7/8/23 17:54,1.53,RIE,Promote Report Recall
20230807,1773587568936960 ,US,,,1/1/00 0:00,2.69,2.7416,7/8/23 17:55,0.54,Non-Auction Ads,Promote
20230807,1773594062312440 ,US,US&CA,,1/1/00 0:00,1.09,10.2041,7/8/23 17:58,1.81,RIE,Ad Group Recall (Merged)
20230807,1773593665449990 ,BR,,,1/1/00 0:00,1.4896,0.4771,7/8/23 17:55,1.53,RIE,Promote Report Recall
20230807,1773594023582750 ,EC,Others,,1/1/00 0:00,0.67,1.25,7/8/23 17:56,1.56,Auction Ads,auction_all
20230807,1773593817369600 ,TH,,,1/1/00 0:00,1.75,1.5773,7/8/23 17:57,1.53,RIE,Promote Report Recall
20230807,1773557154963450 ,SA,,,1/1/00 0:00,1.786,1.8997,7/8/23 17:57,0.54,Non-Auction Ads,Promote
20230807,1773542528585730 ,VN,,,1/1/00 0:00,0.0537,0.9952,7/8/23 17:56,0.54,Non-Auction Ads,Promote
20230807,1773593946001420 ,JP,JP,,1/1/00 0:00,0.7964,4.1345,7/8/23 17:57,2.16,Auction Ads,auction_all
20230807,1773585794778110 ,ID,,,1/1/00 0:00,0.113,1.2823,7/8/23 17:57,0.54,Non-Auction Ads,Promote
20230807,1773593902089210 ,SA,,,1/1/00 0:00,0.8184,0.543,7/8/23 17:57,1.53,RIE,Promote Report Recall
20230807,1773594085368840 ,CH,CH,,1/1/00 0:00,,4.944,7/8/23 17:58,0.93,Auction Ads,auction_relation
20230807,1773594082986000 ,CA,USCA,,1/1/00 0:00,,4.944,7/8/23 17:58,1.78,Auction Ads,auction_relation
20230807,1773594085902370 ,CA,USCA,,1/1/00 0:00,,4.944,7/8/23 17:58,1.78,Auction Ads,auction_relation
20230807,1773589527362560 ,BR,,,1/1/00 0:00,1.8079,0.2743,7/8/23 17:57,0.54,Non-Auction Ads,Promote
20230807,1773586679907330 ,US,,,1/1/00 0:00,3.14,3.6364,7/8/23 17:57,0.54,Non-Auction Ads,Promote
20230807,1773593920143360 ,TH,,,1/1/00 0:00,6.12,1.4932,7/8/23 17:57,1.53,RIE,Promote Report Recall
20230807,1773589426907140 ,TH,,,1/1/00 0:00,5.09,1.4688,7/8/23 17:57,1.53,RIE,Promote Report Recall
20230807,1773584086288380 ,TH,,,1/1/00 0:00,0.1104,0.5647,7/8/23 17:57,0.54,Non-Auction Ads,Promote
20230807,1773591307636740 ,BR,,,1/1/00 0:00,0.8455,0.6795,7/8/23 17:57,0.54,Non-Auction Ads,Promote
20230807,1773594067816490 ,JP,JP,,1/1/00 0:00,0.7541,4.1345,7/8/23 17:58,2.16,Auction Ads,auction_all
20230807,1773584527832060 ,TH,,,1/1/00 0:00,0.1458,0.5109,7/8/23 17:57,0.54,Non-Auction Ads,Promote
20230807,1773594127576090 ,JP,JP,,1/1/00 0:00,1.0643,4.1345,7/8/23 17:59,2.16,Auction Ads,auction_all
20230807,1773330916715520 ,US,US,,1/1/00 0:00,0,900.6207,8/8/23 5:00,1.54,Non-Auction Ads,R&F
20230807,1773332512515070 ,US,US,,1/1/00 0:00,0,900.6207,8/8/23 5:00,1.54,Non-Auction Ads,R&F
20230807,1773330916715520 ,US,US,,1/1/00 0:00,0,900.6207,8/8/23 5:00,1.54,Non-Auction Ads,R&F
20230807,1773332512515070 ,US,US,,1/1/00 0:00,0,900.6207,8/8/23 5:00,1.54,Non-Auction Ads,R&F
20230807,1773330916715520 ,US,US,,1/1/00 0:00,0,900.6207,8/8/23 5:00,1.54,Non-Auction Ads,R&F
20230807,1773593947875360 ,TH,,,1/1/00 0:00,6.25,2.3074,7/8/23 17:58,1.53,RIE,Promote Report Recall
20230807,1773594127765550 ,JP,JP,,1/1/00 0:00,0.6343,4.1345,7/8/23 18:00,2.16,Auction Ads,auction_all
20230807,1773585907877880 ,ID,,,1/1/00 0:00,0.1277,0.3332,7/8/23 17:58,0.54,Non-Auction Ads,Promote
20230807,1773599304146940 ,MY,MY,,1/1/00 0:00,19.5742,233.8035,7/8/23 19:19,2.31,Auction Ads,auction_relation
20230807,1773584411402240 ,TH,,,1/1/00 0:00,0.1921,0.5744,7/8/23 17:59,0.54,Non-Auction Ads,Promote
20230807,1773555983013890 ,SA,,,1/1/00 0:00,1.3194,0.4839,7/8/23 17:59,0.54,Non-Auction Ads,Promote
20230807,1773591230300180 ,BR,,,1/1/00 0:00,0.0657,0.6129,7/8/23 18:00,0.54,Non-Auction Ads,Promote
20230807,1773539986905120 ,VN,VN,,1/1/00 0:00,,2.3202,7/8/23 18:00,2.14,Auction Ads,auction_relation
20230807,1773594215421980 ,JP,JP,,1/1/00 0:00,0.5849,4.1345,7/8/23 18:01,2.16,Auction Ads,auction_all
20230807,1773591218556970 ,DE,DE,,1/1/00 0:00,0.8,12.9114,7/8/23 18:03,1.01,Auction Ads,auction_relation
20230807,1773554090801200 ,ID,ID,,1/1/00 0:00,1.6335,0,7/8/23 18:00,1.8,Auction Ads,auction_relation
20230807,1773584460833790 ,TH,,,1/1/00 0:00,0.1423,0.3492,7/8/23 18:00,0.54,Non-Auction Ads,Promote
20230807,1773594164782080 ,BR,,,1/1/00 0:00,0.5807,1.9025,7/8/23 18:01,1.53,RIE,Promote Report Recall
20230807,1773584823757820 ,TH,,,1/1/00 0:00,0.1366,0.2914,7/8/23 18:00,0.54,Non-Auction Ads,Promote
20230807,1773588064945150 ,US,,,1/1/00 0:00,4,1.7573,7/8/23 18:01,0.54,Non-Auction Ads,Promote
20230807,1773592278520830 ,BR,,,1/1/00 0:00,0,0.175,7/8/23 18:01,0.54,Non-Auction Ads,Promote
20230807,1773594758900780 ,BR,BR,,1/1/00 0:00,0.7315,3.7641,7/8/23 18:01,1.99,Auction Ads,auction_all
20230807,1773584864487420 ,TH,,,1/1/00 0:00,0.0883,0.2555,7/8/23 18:01,0.54,Non-Auction Ads,Promote
20230807,1773594342159370 ,KZ,KZ,,1/1/00 0:00,,0.9945,7/8/23 18:01,2,Auction Ads,auction_relation
20230807,1773592480783410 ,US,USCA,,1/1/00 0:00,,48.8357,7/8/23 18:15,1.78,Auction Ads,auction_relation
20230807,1773592031641600 ,BR,,,1/1/00 0:00,3.5806,2.9756,7/8/23 18:01,0.54,Non-Auction Ads,Promote
20230807,1773559015047160 ,SA,,,1/1/00 0:00,0.3678,1.0743,7/8/23 18:01,0.54,Non-Auction Ads,Promote
20230807,1773594258442240 ,TH,,,1/1/00 0:00,2.95,0.0133,7/8/23 18:01,1.53,RIE,Promote Report Recall
20230807,1773591870139440 ,SE,,,1/1/00 0:00,4.3857,2.5292,7/8/23 18:02,0.54,Non-Auction Ads,Promote
20230807,1773559072717820 ,SA,,,1/1/00 0:00,4.2089,5.678,7/8/23 18:02,0.54,Non-Auction Ads,Promote
20230807,1773585972926460 ,ID,,,1/1/00 0:00,0.2465,0.5206,7/8/23 18:01,0.54,Non-Auction Ads,Promote
20230807,1773590787267630 ,US,USCA,,1/1/00 0:00,,15.9061,7/8/23 18:04,1.78,Auction Ads,auction_relation
20230807,1773590782526510 ,US,USCA,,1/1/00 0:00,,15.9061,7/8/23 18:04,1.78,Auction Ads,auction_relation
20230807,1773590787256320 ,US,USCA,,1/1/00 0:00,,15.9061,7/8/23 18:04,1.78,Auction Ads,auction_relation
20230807,1773590769496060 ,US,USCA,,1/1/00 0:00,,15.9061,7/8/23 18:04,1.78,Auction Ads,auction_relation
20230807,1773590755989520 ,US,USCA,,1/1/00 0:00,,15.9061,7/8/23 18:04,1.78,Auction Ads,auction_relation
20230807,1773590782526510 ,US,USCA,,1/1/00 0:00,,15.9061,7/8/23 18:04,1.78,Auction Ads,auction_relation
20230807,1773590764120110 ,US,USCA,,1/1/00 0:00,,15.9061,7/8/23 18:04,1.78,Auction Ads,auction_relation
20230807,1773590796470300 ,US,USCA,,1/1/00 0:00,,15.9061,7/8/23 18:04,1.78,Auction Ads,auction_relation
20230807,1773592631573550 ,US,US&CA,,1/1/00 0:00,4.41,2.9819,7/8/23 18:02,1.81,RIE,Ad Group Recall (Merged)
20230807,1773592631613450 ,US,USCA,,1/1/00 0:00,3.74,2.9819,7/8/23 18:02,1.78,Auction Ads,auction_relation
20230807,1773592625497090 ,US,USCA,,1/1/00 0:00,3.46,2.9819,7/8/23 18:02,1.78,Auction Ads,auction_relation
20230807,1773592631573550 ,US,USCA,,1/1/00 0:00,4.41,2.9819,7/8/23 18:02,1.78,Auction Ads,auction_relation
20230807,1773590954157050 ,MY,,,1/1/00 0:00,0.1142,0.299,7/8/23 18:01,0.54,Non-Auction Ads,Promote
20230807,1773594044205050 ,SA,,,1/1/00 0:00,30.161,2.7901,7/8/23 18:02,0.54,Non-Auction Ads,Promote
20230807,1773594911124480 ,US,USCA,,1/1/00 0:00,,30.2489,7/8/23 18:09,1.78,Auction Ads,auction_relation
20230807,1773596007709720 ,BR,BR,,1/1/00 0:00,36.5359,22.0833,7/8/23 18:07,1.99,Auction Ads,auction_all
20230807,1773594301857840 ,TH,,,1/1/00 0:00,7.85,3.2214,7/8/23 18:02,1.53,RIE,Promote Report Recall
20230807,1773594169905180 ,JP,JP,,1/1/00 0:00,0.5778,4.1345,7/8/23 18:03,2.16,Auction Ads,auction_all
20230807,1773593507515410 ,SE,,,1/1/00 0:00,1.1196,0.6477,7/8/23 18:02,0.54,Non-Auction Ads,Promote
20230807,1773592320873470 ,BR,,,1/1/00 0:00,0.7122,0.7483,7/8/23 18:02,0.54,Non-Auction Ads,Promote
20230807,1773590852056080 ,US,USCA,,1/1/00 0:00,10.05,12.5467,7/8/23 18:05,1.78,Auction Ads,auction_relation
20230807,1773593890492420 ,TH,,,1/1/00 0:00,5.75,1.468,7/8/23 18:02,1.53,RIE,Promote Report Recall
20230807,1773589494304770 ,TR,,,1/1/00 0:00,0.3129,0.1421,7/8/23 18:02,0.54,Non-Auction Ads,Promote
20230807,1773584342764540 ,TH,,,1/1/00 0:00,0.0984,0.3639,7/8/23 18:02,0.54,Non-Auction Ads,Promote
20230807,1773594576533550 ,PK,Other,,1/1/00 0:00,2.76,0.2227,7/8/23 18:03,1.62,RIE,Ad Group Recall (Merged)
20230807,1773585041515520 ,TH,,,1/1/00 0:00,0.0749,0.3109,7/8/23 18:03,0.54,Non-Auction Ads,Promote
20230807,1773587846900740 ,US,,,1/1/00 0:00,1.95,2.7808,7/8/23 18:04,0.54,Non-Auction Ads,Promote
20230807,1773594603319290 ,PK,PK,,1/1/00 0:00,,0.2972,7/8/23 18:04,1.36,Auction Ads,auction_relation
20230807,1773588002162690 ,US,,,1/1/00 0:00,2.98,7.3514,7/8/23 18:05,0.54,Non-Auction Ads,Promote
20230807,1773542589248510 ,VN,,,1/1/00 0:00,0.1954,0.9603,7/8/23 18:04,0.54,Non-Auction Ads,Promote
20230807,1773585101405180 ,TH,,,1/1/00 0:00,0.1485,0.2139,7/8/23 18:04,0.54,Non-Auction Ads,Promote
20230807,1773585101405180 ,TH,,,1/1/00 0:00,0.1485,0.2139,7/8/23 18:04,0.54,Non-Auction Ads,Promote
20230807,1773594474131450 ,TH,,,1/1/00 0:00,28.3213,5.9515,7/8/23 18:05,1.53,RIE,Promote Report Recall
20230807,1773591790414890 ,FR,FR,,1/1/00 0:00,0.429,7.3246,7/8/23 18:05,1.97,Auction Ads,auction_relation
20230807,1773590985281630 ,DE,DE,,1/1/00 0:00,,14.3774,7/8/23 18:09,1.01,Auction Ads,auction_relation
20230807,1773594644656160 ,TH,TH,,1/1/00 0:00,0.2731,5.0291,7/8/23 18:06,1.64,Auction Ads,auction_relation
20230807,1773589724897280 ,TR,,,1/1/00 0:00,0.9652,1.5127,7/8/23 18:05,0.54,Non-Auction Ads,Promote
20230807,1773594614610970 ,KH,KH,,1/1/00 0:00,0.88,2.9248,7/8/23 18:05,1.5,Auction Ads,auction_relation
20230807,1773594469671950 ,US,,,1/1/00 0:00,2.61,3.3333,7/8/23 18:06,1.53,RIE,Promote Report Recall
20230807,1773588055665680 ,US,,,1/1/00 0:00,2.23,6.6573,7/8/23 18:07,0.54,Non-Auction Ads,Promote
20230807,1773594782279690 ,JP,JP,,1/1/00 0:00,1.0783,11.2509,7/8/23 18:08,2.16,Auction Ads,auction_all
20230807,1773587876460550 ,CA,,,1/1/00 0:00,4.4708,1.0089,7/8/23 18:05,0.54,Non-Auction Ads,Promote
20230807,1773561546749950 ,SA,,,1/1/00 0:00,1.4101,4.4492,7/8/23 18:06,0.54,Non-Auction Ads,Promote
20230807,1771943146856460 ,DE,DE,,1/1/00 0:00,196.8546,691.7687,7/8/23 23:00,1.41,Non-Auction Ads,R&F
20230807,1771943146856460 ,DE,DE,,1/1/00 0:00,196.8546,691.7687,7/8/23 23:00,1.41,Non-Auction Ads,R&F
20230807,1773542785375230 ,VN,,,1/1/00 0:00,0.1331,0.9054,7/8/23 18:06,0.54,Non-Auction Ads,Promote
20230807,1773592110450740 ,BR,,,1/1/00 0:00,0.7389,0.9974,7/8/23 18:06,0.54,Non-Auction Ads,Promote
20230807,1773591060416510 ,US,USCA,,1/1/00 0:00,8.73,13.6055,7/8/23 18:10,1.78,Auction Ads,auction_relation
20230807,1773585191869500 ,TH,,,1/1/00 0:00,0.0695,0.3421,7/8/23 18:06,0.54,Non-Auction Ads,Promote
20230807,1773588074782720 ,US,,,1/1/00 0:00,2.99,7.3514,7/8/23 18:09,0.54,Non-Auction Ads,Promote
20230807,1773585268752380 ,TH,,,1/1/00 0:00,1.0755,0.864,7/8/23 18:07,0.54,Non-Auction Ads,Promote
20230807,1773594611407890 ,US,USCA,,1/1/00 0:00,,0,7/8/23 18:07,1.78,Auction Ads,auction_relation
20230807,1773594193214460 ,FR,,,1/1/00 0:00,4.9844,2.9191,7/8/23 18:08,0.54,Non-Auction Ads,Promote
20230807,1773585183106040 ,TH,,,1/1/00 0:00,0.0685,0.5325,7/8/23 18:07,0.54,Non-Auction Ads,Promote
20230807,1773594852292620 ,JP,JP,,1/1/00 0:00,0.9022,11.2509,7/8/23 18:10,2.16,Auction Ads,auction_all
20230807,1773561689217020 ,SA,,,1/1/00 0:00,1.3569,1.6845,7/8/23 18:08,0.54,Non-Auction Ads,Promote
20230807,1773585284274180 ,TH,,,1/1/00 0:00,0.154,0.6975,7/8/23 18:08,0.54,Non-Auction Ads,Promote
20230807,1773561174868990 ,SA,,,1/1/00 0:00,0.6291,0.3998,7/8/23 18:08,0.54,Non-Auction Ads,Promote
20230807,1773562255084540 ,SA,,,1/1/00 0:00,7.1649,9.9782,7/8/23 18:11,0.54,Non-Auction Ads,Promote
20230807,1773594744806430 ,EC,Others,,1/1/00 0:00,1.05,7.4303,7/8/23 18:10,1.56,Auction Ads,auction_all
20230807,1773594723878910 ,HU,,,1/1/00 0:00,1.6458,5.1444,7/8/23 18:10,1.53,RIE,Promote Report Recall
20230807,1773594368566270 ,IQ,Other,,1/1/00 0:00,,17.1333,7/8/23 18:15,1.62,RIE,Ad Group Recall (Merged)
20230807,1773594375579690 ,IQ,Other,,1/1/00 0:00,,17.1333,7/8/23 18:15,1.62,RIE,Ad Group Recall (Merged)
20230807,1773562329551870 ,SA,,,1/1/00 0:00,9.6839,18.336,7/8/23 18:15,0.54,Non-Auction Ads,Promote
20230807,1773594353593340 ,TH,,,1/1/00 0:00,4.59,1.4612,7/8/23 18:09,1.53,RIE,Promote Report Recall
20230807,1773585336201210 ,TH,,,1/1/00 0:00,0.1442,0.3005,7/8/23 18:09,0.54,Non-Auction Ads,Promote
20230807,1773596675077120 ,US,USCA,,1/1/00 0:00,7.6,22.6739,7/8/23 18:18,1.78,Auction Ads,auction_relation
20230807,1773588234493950 ,US,,,1/1/00 0:00,6.4,4.5137,7/8/23 18:12,0.54,Non-Auction Ads,Promote
20230807,1773595114820640 ,KH,KH,,1/1/00 0:00,4.51,5.1987,7/8/23 18:13,1.5,Auction Ads,auction_relation
20230807,1773562067389440 ,SA,,,1/1/00 0:00,7.077,9.9782,7/8/23 18:14,0.54,Non-Auction Ads,Promote
20230807,1773594901713920 ,US,,,1/1/00 0:00,2.23,5.2472,7/8/23 18:13,1.53,RIE,Promote Report Recall
20230807,1773588190589950 ,US,,,1/1/00 0:00,1.71,1.7289,7/8/23 18:11,0.54,Non-Auction Ads,Promote
20230807,1773589934829630 ,TR,,,1/1/00 0:00,0.1746,0,7/8/23 18:10,0.54,Non-Auction Ads,Promote
20230807,1773594859410430 ,SG,,,1/1/00 0:00,0.3734,0.7145,7/8/23 18:11,1.53,RIE,Promote Report Recall
20230807,1773590218856450 ,TR,,,1/1/00 0:00,0.2823,0.1252,7/8/23 18:10,0.54,Non-Auction Ads,Promote
20230807,1773563206373440 ,SA,,,1/1/00 0:00,2.4763,9.1269,7/8/23 18:14,0.54,Non-Auction Ads,Promote
20230807,1773595202381850 ,CA,USCA,,1/1/00 0:00,,0.016,7/8/23 18:12,1.78,Auction Ads,auction_relation
20230807,1773594657051650 ,TH,,,1/1/00 0:00,0.56,1.2152,7/8/23 18:13,1.53,RIE,Promote Report Recall
20230807,1773592020805630 ,US,USCA,,1/1/00 0:00,16.3434,31.4633,7/8/23 18:25,1.78,Auction Ads,auction_relation
20230807,1773588269802510 ,US,,,1/1/00 0:00,2.5,3.4286,7/8/23 18:14,0.54,Non-Auction Ads,Promote
20230807,1773592983756850 ,US,USCA,,1/1/00 0:00,5.17,37.8846,7/8/23 18:28,1.78,Auction Ads,auction_relation
20230807,1773609538542590 ,US,US,,1/1/00 0:00,,851.6447,8/8/23 5:00,1.54,Non-Auction Ads,R&F
20230807,1773610727707660 ,US,US,,1/1/00 0:00,,851.6447,8/8/23 5:00,1.54,Non-Auction Ads,R&F
20230807,1773563214713850 ,SA,,,1/1/00 0:00,0.7116,1.4059,7/8/23 18:13,0.54,Non-Auction Ads,Promote
20230807,1773594827820030 ,SE,SE,,1/1/00 0:00,109.78,138.4859,7/8/23 19:05,1.4,Auction Ads,auction_relation
20230807,1773594827820030 ,CH,CH,,1/1/00 0:00,109.78,138.4859,7/8/23 19:05,0.93,Auction Ads,auction_relation
20230807,1773594827820030 ,NO,Others,,1/1/00 0:00,109.78,138.4859,7/8/23 19:05,1.56,Auction Ads,auction_all
20230807,1773594827820030 ,DK,DK,,1/1/00 0:00,109.78,138.4859,7/8/23 19:05,1.31,Auction Ads,auction_relation
20230807,1773594827820030 ,DE,DE,,1/1/00 0:00,109.78,138.4859,7/8/23 19:05,1.01,Auction Ads,auction_relation
20230807,1773594827820030 ,NL,NL,,1/1/00 0:00,109.78,138.4859,7/8/23 19:05,1.19,Auction Ads,auction_relation
20230807,1773595574096920 ,BR,BR,,1/1/00 0:00,,18.5225,7/8/23 18:19,1.99,Auction Ads,auction_all
20230807,1773595044388870 ,BR,,,1/1/00 0:00,3.7016,1.8205,7/8/23 18:14,1.53,RIE,Promote Report Recall
20230807,1773542850826240 ,VN,,,1/1/00 0:00,0.0891,0.0809,7/8/23 18:13,0.54,Non-Auction Ads,Promote
20230807,1773595497634830 ,PK,PK,,1/1/00 0:00,,0.578,7/8/23 18:13,1.36,Auction Ads,auction_relation
20230807,1773594948454400 ,PH,,,1/1/00 0:00,0.035,0.2858,7/8/23 18:14,0.54,Non-Auction Ads,Promote
20230807,1773592053423100 ,US,USCA,,1/1/00 0:00,20.104,31.4633,7/8/23 18:26,1.78,Auction Ads,auction_relation
20230807,1773592076597250 ,US,USCA,,1/1/00 0:00,14.5566,31.4633,7/8/23 18:26,1.78,Auction Ads,auction_relation
20230807,1773592050599950 ,US,USCA,,1/1/00 0:00,2.9981,31.4633,7/8/23 18:26,1.78,Auction Ads,auction_relation
20230807,1773595063887870 ,BR,,,1/1/00 0:00,0.9214,1.8205,7/8/23 18:14,1.53,RIE,Promote Report Recall
20230807,1773585852008440 ,TH,,,1/1/00 0:00,0.1597,0.4578,7/8/23 18:14,0.54,Non-Auction Ads,Promote
20230807,1773595267186720 ,SA,MENA,,1/1/00 0:00,0,8.0264,7/8/23 18:16,1.67,RIE,Ad Group Recall (Merged)
20230807,1773595079790610 ,BR,,,1/1/00 0:00,5.4313,1.8205,7/8/23 18:14,1.53,RIE,Promote Report Recall
20230807,1773595055986680 ,PH,,,1/1/00 0:00,1.5095,0.8987,7/8/23 18:14,1.53,RIE,Promote Report Recall
20230807,1773593626995710 ,HU,,,1/1/00 0:00,0.5401,0.7235,7/8/23 18:14,0.54,Non-Auction Ads,Promote
20230807,1773592059470890 ,US,USCA,,1/1/00 0:00,,28.23,7/8/23 18:26,1.78,Auction Ads,auction_relation
20230807,1773542871438330 ,VN,,,1/1/00 0:00,0.1235,0.6455,7/8/23 18:14,0.54,Non-Auction Ads,Promote
20230807,1773592820203530 ,IQ,Others,,1/1/00 0:00,5.84,3.9989,7/8/23 18:15,1.56,Auction Ads,auction_all
20230807,1773595095789570 ,BR,,,1/1/00 0:00,7.5161,1.8205,7/8/23 18:15,1.53,RIE,Promote Report Recall
20230807,1773588578073600 ,US,,,1/1/00 0:00,3.35,2.2577,7/8/23 18:15,0.54,Non-Auction Ads,Promote
20230807,1773595114045440 ,BR,,,1/1/00 0:00,6.8533,1.8205,7/8/23 18:15,1.53,RIE,Promote Report Recall
20230807,1773596015162400 ,PK,PK,,1/1/00 0:00,,2.927,7/8/23 18:16,1.36,Auction Ads,auction_relation
20230807,1773588375138310 ,US,,,1/1/00 0:00,1.44,2.5,7/8/23 18:15,0.54,Non-Auction Ads,Promote
20230807,1773595415915520 ,ID,ID,,1/1/00 0:00,,4.4415,7/8/23 18:17,1.8,Auction Ads,auction_relation
20230807,1773585939657720 ,ID,,,1/1/00 0:00,0.054,0.3027,7/8/23 18:15,0.54,Non-Auction Ads,Promote
20230807,1773591415392270 ,PL,PL,,1/1/00 0:00,,1.9896,7/8/23 18:16,1.64,Auction Ads,auction_relation
20230807,1773591415392270 ,HU,Others,,1/1/00 0:00,,1.9896,7/8/23 18:16,1.56,Auction Ads,auction_all
20230807,1773595447161870 ,ID,ID,,1/1/00 0:00,3.3915,8.9156,7/8/23 18:20,1.8,Auction Ads,auction_relation
20230807,1773595016002580 ,FR,,,1/1/00 0:00,1.1443,2.3569,7/8/23 18:17,0.54,Non-Auction Ads,Promote
20230807,1773594780748800 ,SE,,,1/1/00 0:00,1.2171,0.8542,7/8/23 18:16,0.54,Non-Auction Ads,Promote
20230807,1773595930387500 ,TH,TH,,1/1/00 0:00,1.4214,7.0815,7/8/23 18:19,1.64,Auction Ads,auction_relation
20230807,1773595109524480 ,TR,,,1/1/00 0:00,0.2152,0.9336,7/8/23 18:16,1.53,RIE,Promote Report Recall
20230807,1773603886617610 ,MX,MX,,1/1/00 0:00,143.3645,354.2642,7/8/23 20:24,1.99,Auction Ads,auction_all
20230807,1773592373818420 ,BR,,,1/1/00 0:00,1.9226,1.0562,7/8/23 18:17,0.54,Non-Auction Ads,Promote
20230807,1773595252228100 ,BR,,,1/1/00 0:00,0.4925,0.481,7/8/23 18:17,1.53,RIE,Promote Report Recall
20230807,1773588031953940 ,GB,,,1/1/00 0:00,3.8628,2.7198,7/8/23 18:18,0.54,Non-Auction Ads,Promote
20230807,1773586221981690 ,TH,,,1/1/00 0:00,0.4606,3.4076,7/8/23 18:18,0.54,Non-Auction Ads,Promote
20230807,1773595342562350 ,BR,BR,,1/1/00 0:00,0.55,1.2985,7/8/23 18:17,1.99,Auction Ads,auction_all
20230807,1773585910394880 ,TH,,,1/1/00 0:00,0.1436,0.4049,7/8/23 18:17,0.54,Non-Auction Ads,Promote
20230807,1773586108581890 ,TH,,,1/1/00 0:00,0.0683,0.2618,7/8/23 18:18,0.54,Non-Auction Ads,Promote
20230807,1773592254280700 ,MY,,,1/1/00 0:00,1.0912,5.2994,7/8/23 18:20,0.54,Non-Auction Ads,Promote
20230807,1773592076917770 ,US,USCA,,1/1/00 0:00,29.18,13.1879,7/8/23 18:25,1.78,Auction Ads,auction_relation
20230807,1773543168780280 ,VN,,,1/1/00 0:00,0.0745,0.4447,7/8/23 18:18,0.54,Non-Auction Ads,Promote
20230807,1773595641683980 ,US,USCA,,1/1/00 0:00,2.37,6.7657,7/8/23 18:21,1.78,Auction Ads,auction_relation
20230807,1773595471161370 ,EC,Others,,1/1/00 0:00,1.0458,2.3992,7/8/23 18:20,1.56,Auction Ads,auction_all
20230807,1773595117874170 ,IL,,,1/1/00 0:00,0.5008,1.0918,7/8/23 18:20,0.54,Non-Auction Ads,Promote
20230807,1773586330521600 ,TH,,,1/1/00 0:00,0.0617,0.6295,7/8/23 18:20,0.54,Non-Auction Ads,Promote
20230807,1773590585819130 ,TR,,,1/1/00 0:00,0.2961,0.1526,7/8/23 18:20,0.54,Non-Auction Ads,Promote
20230807,1773592260376590 ,US,USCA,,1/1/00 0:00,,15.9061,7/8/23 18:28,1.78,Auction Ads,auction_relation
20230807,1773592276022320 ,US,USCA,,1/1/00 0:00,,15.9061,7/8/23 18:28,1.78,Auction Ads,auction_relation
20230807,1773592260361260 ,US,USCA,,1/1/00 0:00,,15.9061,7/8/23 18:28,1.78,Auction Ads,auction_relation
20230807,1773586270229500 ,TH,,,1/1/00 0:00,0.1112,0.423,7/8/23 18:20,0.54,Non-Auction Ads,Promote
20230807,1773596207913010 ,PH,PH,,1/1/00 0:00,2.7916,12.9458,7/8/23 18:26,2.46,Auction Ads,auction_relation
20230807,1773602043379720 ,CA,US&CA,,1/1/00 0:00,17.0535,20.4614,7/8/23 18:30,1.81,RIE,Ad Group Recall (Merged)
20230807,1773590445259770 ,TR,,,1/1/00 0:00,0.3863,0.2073,7/8/23 18:20,0.54,Non-Auction Ads,Promote
20230807,1773585756917770 ,ID,,,1/1/00 0:00,0.622,0.8135,7/8/23 18:21,0.54,Non-Auction Ads,Promote
20230807,1773586350346240 ,TH,,,1/1/00 0:00,0.072,0.2888,7/8/23 18:21,0.54,Non-Auction Ads,Promote
20230807,1773588546029570 ,US,,,1/1/00 0:00,12.35,3.6923,7/8/23 18:21,0.54,Non-Auction Ads,Promote
20230807,1773586777537530 ,TH,,,1/1/00 0:00,0.1394,5.6607,7/8/23 18:23,0.54,Non-Auction Ads,Promote
20230807,1773595310324740 ,TH,,,1/1/00 0:00,8.43,2.1973,7/8/23 18:21,1.53,RIE,Promote Report Recall
20230807,1773595150426160 ,SE,SE,,1/1/00 0:00,119.18,138.4859,7/8/23 19:12,1.4,Auction Ads,auction_relation
20230807,1773595150426160 ,DE,DE,,1/1/00 0:00,119.18,138.4859,7/8/23 19:12,1.01,Auction Ads,auction_relation
20230807,1773595150426160 ,CH,CH,,1/1/00 0:00,119.18,138.4859,7/8/23 19:12,0.93,Auction Ads,auction_relation
20230807,1773595150426160 ,NO,Others,,1/1/00 0:00,119.18,138.4859,7/8/23 19:12,1.56,Auction Ads,auction_all
20230807,1773595150426160 ,NL,NL,,1/1/00 0:00,119.18,138.4859,7/8/23 19:12,1.19,Auction Ads,auction_relation
20230807,1773595150426160 ,SE,SE,,1/1/00 0:00,119.18,138.4859,7/8/23 19:12,1.4,Auction Ads,auction_relation
20230807,1773595150426160 ,DK,DK,,1/1/00 0:00,119.18,138.4859,7/8/23 19:12,1.31,Auction Ads,auction_relation
20230807,1773586501981180 ,TH,,,1/1/00 0:00,0.0695,0.2973,7/8/23 18:21,0.54,Non-Auction Ads,Promote
20230807,1773592756594720 ,DE,DE,,1/1/00 0:00,1.32,24.1105,7/8/23 18:33,1.01,Auction Ads,auction_relation
20230807,1773586526148610 ,TH,,,1/1/00 0:00,0.068,0.2973,7/8/23 18:21,0.54,Non-Auction Ads,Promote
20230807,1773592976666670 ,MX,MX,,1/1/00 0:00,,37.8739,7/8/23 18:38,1.99,Auction Ads,auction_all
20230807,1773586476572670 ,TH,,,1/1/00 0:00,0.0892,0.1779,7/8/23 18:22,0.54,Non-Auction Ads,Promote
20230807,1773586744441850 ,TH,,,1/1/00 0:00,0.0981,0.4297,7/8/23 18:23,0.54,Non-Auction Ads,Promote
20230807,1773595848720410 ,ID,ID,,1/1/00 0:00,3.38,2.9169,7/8/23 18:25,1.8,Auction Ads,auction_relation
20230807,1773586064442370 ,ID,,,1/1/00 0:00,0.375,1.0818,7/8/23 18:24,0.54,Non-Auction Ads,Promote
20230807,1773595602454560 ,BR,,,1/1/00 0:00,0.7674,0.4283,7/8/23 18:23,1.53,RIE,Promote Report Recall
20230807,1773593134928940 ,US,USCA,,1/1/00 0:00,24.7,37.8846,7/8/23 18:39,1.78,Auction Ads,auction_relation
20230807,1773585967784960 ,ID,,,1/1/00 0:00,0.2389,1.1307,7/8/23 18:26,0.54,Non-Auction Ads,Promote
20230807,1773614795479070 ,US,US,,1/1/00 0:00,,963.3192,10/8/23 5:00,1.54,Non-Auction Ads,R&F
20230807,1773614795479070 ,US,US,,1/1/00 0:00,,963.3192,10/8/23 5:00,1.54,Non-Auction Ads,R&F
20230807,1773592281200680 ,KZ,KZ,,1/1/00 0:00,3.26,9.5811,7/8/23 18:29,2,Auction Ads,auction_relation
20230807,1773590788114430 ,TR,,,1/1/00 0:00,0.3137,0.1307,7/8/23 18:26,0.54,Non-Auction Ads,Promote
20230807,1773596315443240 ,BR,BR,,1/1/00 0:00,7.3848,7.673,7/8/23 18:29,1.99,Auction Ads,auction_all
20230807,1773592707939320 ,US,USCA,,1/1/00 0:00,29.04,23.3153,7/8/23 18:34,1.78,Auction Ads,auction_relation
20230807,1773596053499900 ,BR,BR,,1/1/00 0:00,3.8802,2.4952,7/8/23 18:27,1.99,Auction Ads,auction_all
20230807,1773596053489690 ,BR,BR,,1/1/00 0:00,3.9108,2.4952,7/8/23 18:27,1.99,Auction Ads,auction_all
20230807,1773543639903230 ,VN,,,1/1/00 0:00,0.0632,0.3369,7/8/23 18:26,0.54,Non-Auction Ads,Promote
20230807,1773595703182340 ,BR,,,1/1/00 0:00,1.4896,0.8349,7/8/23 18:27,1.53,RIE,Promote Report Recall
20230807,1773596493533180 ,SA,,,1/1/00 0:00,91.0851,26.8809,7/8/23 18:37,0.54,Non-Auction Ads,Promote
20230807,1773587120911360 ,TH,,,1/1/00 0:00,0.0902,0.7072,7/8/23 18:28,0.54,Non-Auction Ads,Promote
20230807,1773595597550590 ,TH,,,1/1/00 0:00,17.23,1.5499,7/8/23 18:28,1.53,RIE,Promote Report Recall
20230807,1773609568136220 ,MX,,,1/1/00 0:00,0,992.0458,22/8/23 6:00,5.96,Non-Auction Ads,Branding Ads
20230807,1773595508974590 ,NL,,,1/1/00 0:00,0.5501,1.5741,7/8/23 18:29,0.54,Non-Auction Ads,Promote
20230807,1773596032954400 ,PK,PK,,1/1/00 0:00,,0.2586,7/8/23 18:28,1.36,Auction Ads,auction_relation
20230807,1773543830168570 ,VN,,,1/1/00 0:00,0.0773,0.4834,7/8/23 18:28,0.54,Non-Auction Ads,Promote
20230807,1773595947669510 ,TH,,,1/1/00 0:00,18.38,2.8207,7/8/23 18:29,1.53,RIE,Promote Report Recall
20230807,1773595583015950 ,RO,,,1/1/00 0:00,0.2758,1.3675,7/8/23 18:29,0.54,Non-Auction Ads,Promote
20230807,1773595346832390 ,PL,,,1/1/00 0:00,0.407,0.5116,7/8/23 18:29,0.54,Non-Auction Ads,Promote
20230807,1773596894461980 ,ID,ID,,1/1/00 0:00,2.0578,9.0216,7/8/23 18:33,1.8,Auction Ads,auction_relation
20230807,1773596063339540 ,US,,,1/1/00 0:00,5.89,3.4643,7/8/23 18:31,1.53,RIE,Promote Report Recall
20230807,1773591588482050 ,TR,,,1/1/00 0:00,0.5711,0.4293,7/8/23 18:30,0.54,Non-Auction Ads,Promote
20230807,1773591640530940 ,TR,,,1/1/00 0:00,0.4978,0.1684,7/8/23 18:30,0.54,Non-Auction Ads,Promote
20230807,1773595176443900 ,FR,,,1/1/00 0:00,0.7702,0.5472,7/8/23 18:30,0.54,Non-Auction Ads,Promote
20230807,1773595951806460 ,FR,,,1/1/00 0:00,3.1909,2.9598,7/8/23 18:31,0.54,Non-Auction Ads,Promote
20230807,1773565896716290 ,SA,,,1/1/00 0:00,0.6238,0.4108,7/8/23 18:30,0.54,Non-Auction Ads,Promote
20230807,1773595980678140 ,JP,,,1/1/00 0:00,0.1832,0.7743,7/8/23 18:30,0.54,Non-Auction Ads,Promote
20230807,1773566471185400 ,SA,,,1/1/00 0:00,0.5331,1.5997,7/8/23 18:31,0.54,Non-Auction Ads,Promote
20230807,1773592426884100 ,BR,,,1/1/00 0:00,0.9134,0.4228,7/8/23 18:30,0.54,Non-Auction Ads,Promote
20230807,1773595231728640 ,FR,,,1/1/00 0:00,0.9463,0.6604,7/8/23 18:31,0.54,Non-Auction Ads,Promote
20230807,1773593438983210 ,US,USCA,,1/1/00 0:00,44.37,37.8846,7/8/23 18:45,1.78,Auction Ads,auction_relation
20230807,1773596077058050 ,TH,,,1/1/00 0:00,0.09,1.5773,7/8/23 18:31,1.53,RIE,Promote Report Recall
20230807,1773589438868490 ,US,US,,1/1/00 0:00,,963.3192,11/8/23 5:00,1.54,Non-Auction Ads,R&F
20230807,1773590077951010 ,US,US,,1/1/00 0:00,,963.3192,11/8/23 5:00,1.54,Non-Auction Ads,R&F
20230807,1773590998862860 ,US,US,,1/1/00 0:00,,963.3192,11/8/23 5:00,1.54,Non-Auction Ads,R&F
20230807,1773591356018720 ,US,US,,1/1/00 0:00,,963.3192,11/8/23 5:00,1.54,Non-Auction Ads,R&F
20230807,1773594342105200 ,US,US,,1/1/00 0:00,,963.3192,11/8/23 5:00,1.54,Non-Auction Ads,R&F
20230807,1773589438868490 ,US,US,,1/1/00 0:00,,963.3192,11/8/23 5:00,1.54,Non-Auction Ads,R&F
20230807,1773590077951010 ,US,US,,1/1/00 0:00,,963.3192,11/8/23 5:00,1.54,Non-Auction Ads,R&F
20230807,1773566679248890 ,SA,,,1/1/00 0:00,1.5542,1.2978,7/8/23 18:32,0.54,Non-Auction Ads,Promote
20230807,1773595954966530 ,TH,,,1/1/00 0:00,8.14,0.19,7/8/23 18:32,1.53,RIE,Promote Report Recall
20230807,1773592254288890 ,TR,,,1/1/00 0:00,3.4374,1.4173,7/8/23 18:32,0.54,Non-Auction Ads,Promote
20230807,1773596067665920 ,KW,,,1/1/00 0:00,1.9034,0.5481,7/8/23 18:32,1.53,RIE,Promote Report Recall
20230807,1773592287766520 ,TR,,,1/1/00 0:00,0.2873,0.734,7/8/23 18:32,0.54,Non-Auction Ads,Promote
20230807,1773596281603070 ,TH,,,1/1/00 0:00,11.33,9.9333,7/8/23 18:36,1.53,RIE,Promote Report Recall
20230807,1773587327773690 ,TH,,,1/1/00 0:00,0.051,1.4526,7/8/23 18:32,0.54,Non-Auction Ads,Promote
20230807,1773566935074810 ,SA,,,1/1/00 0:00,0.9891,0.786,7/8/23 18:32,0.54,Non-Auction Ads,Promote
20230807,1773595499131900 ,NL,,,1/1/00 0:00,0.407,1.0152,7/8/23 18:33,0.54,Non-Auction Ads,Promote
20230807,1773596422926380 ,US,USCA,,1/1/00 0:00,2.15,2.8174,7/8/23 18:34,1.78,Auction Ads,auction_relation
20230807,1773597124115500 ,BR,BR,,1/1/00 0:00,12.6316,34.3926,7/8/23 18:45,1.99,Auction Ads,auction_all
20230807,1773595374852130 ,PL,,,1/1/00 0:00,0.495,1.0257,7/8/23 18:33,0.54,Non-Auction Ads,Promote
20230807,1773592746706970 ,US,US&CA,,1/1/00 0:00,30.54,1.12,7/8/23 18:33,1.81,RIE,Ad Group Recall (Merged)
20230807,1773595516602380 ,PL,,,1/1/00 0:00,0.099,0.0763,7/8/23 18:33,0.54,Non-Auction Ads,Promote
20230807,1773587602607100 ,TH,,,1/1/00 0:00,0.0341,0.265,7/8/23 18:33,0.54,Non-Auction Ads,Promote
20230807,1773597296964640 ,GR,GR,,1/1/00 0:00,,29.1669,7/8/23 18:45,2.11,Auction Ads,auction_relation
20230807,1773587757216760 ,TH,,,1/1/00 0:00,0.089,1.7559,7/8/23 18:34,0.54,Non-Auction Ads,Promote
20230807,1773595243762690 ,PL,,,1/1/00 0:00,0.165,0.1979,7/8/23 18:34,0.54,Non-Auction Ads,Promote
20230807,1773567103948800 ,SA,,,1/1/00 0:00,1.0395,2.827,7/8/23 18:35,0.54,Non-Auction Ads,Promote
20230807,1773595795756030 ,PL,,,1/1/00 0:00,0.088,0.0763,7/8/23 18:34,0.54,Non-Auction Ads,Promote
20230807,1773596019546110 ,PL,,,1/1/00 0:00,0.088,0.0763,7/8/23 18:34,0.54,Non-Auction Ads,Promote
20230807,1773595873320980 ,RO,,,1/1/00 0:00,0.2179,0.2821,7/8/23 18:34,0.54,Non-Auction Ads,Promote
20230807,1773589596193790 ,US,,,1/1/00 0:00,2.49,3.6319,7/8/23 18:36,0.54,Non-Auction Ads,Promote
20230807,1773592891125770 ,US,USCA,,1/1/00 0:00,,4.221,7/8/23 18:36,1.78,Auction Ads,auction_relation
20230807,1773592840590350 ,US,USCA,,1/1/00 0:00,,4.221,7/8/23 18:36,1.78,Auction Ads,auction_relation
20230807,1773593937264640 ,MY,,,1/1/00 0:00,0.2614,0.5236,7/8/23 18:35,0.54,Non-Auction Ads,Promote
20230807,1773596900645930 ,ID,ID,,1/1/00 0:00,,0.1829,7/8/23 18:35,1.8,Auction Ads,auction_relation
20230807,1773596455147530 ,US,US&CA,,1/1/00 0:00,0.06,0.8459,7/8/23 18:35,1.81,RIE,Ad Group Recall (Merged)
20230807,1773567498868800 ,SA,,,1/1/00 0:00,0.3839,0.2822,7/8/23 18:35,0.54,Non-Auction Ads,Promote
20230807,1773595910247420 ,US,USCA,,1/1/00 0:00,0.03,143.3093,7/8/23 19:25,1.78,Auction Ads,auction_relation
20230807,1773595438170110 ,FR,,,1/1/00 0:00,3.6419,1.7642,7/8/23 18:37,0.54,Non-Auction Ads,Promote
20230807,1773595425798140 ,MY,,,1/1/00 0:00,0.562,2.1223,7/8/23 18:37,0.54,Non-Auction Ads,Promote
20230807,1773596637876270 ,DE,DE,,1/1/00 0:00,0.33,2.8174,7/8/23 18:37,1.01,Auction Ads,auction_relation
20230807,1773594637501440 ,MY,,,1/1/00 0:00,0.0681,0,7/8/23 18:37,0.54,Non-Auction Ads,Promote
20230807,1773567900188670 ,SA,,,1/1/00 0:00,2.2446,2.2449,7/8/23 18:37,0.54,Non-Auction Ads,Promote
20230807,1773586076356610 ,ID,,,1/1/00 0:00,0.0569,0.2319,7/8/23 18:37,0.54,Non-Auction Ads,Promote
20230807,1773597169292320 ,US,USCA,,1/1/00 0:00,0.01,22.6739,7/8/23 18:45,1.78,Auction Ads,auction_relation
20230807,1773586083163130 ,ID,,,1/1/00 0:00,0.0732,0.332,7/8/23 18:37,0.54,Non-Auction Ads,Promote
20230807,1773595340276740 ,PT,,,1/1/00 0:00,0,1.1009,7/8/23 18:37,0.54,Non-Auction Ads,Promote
20230807,1773595365697540 ,ES,,,1/1/00 0:00,6.7227,5.379,7/8/23 18:40,0.54,Non-Auction Ads,Promote
20230807,1773595830156290 ,MY,,,1/1/00 0:00,0.3119,0.1735,7/8/23 18:37,0.54,Non-Auction Ads,Promote
20230807,1773596656860200 ,ID,ID,,1/1/00 0:00,5.48,2.9169,7/8/23 18:39,1.8,Auction Ads,auction_relation
20230807,1773586369755130 ,ID,,,1/1/00 0:00,0.0722,0.3327,7/8/23 18:38,0.54,Non-Auction Ads,Promote
20230807,1773586156963840 ,ID,,,1/1/00 0:00,0.2746,0.558,7/8/23 18:38,0.54,Non-Auction Ads,Promote
20230807,1773593208038410 ,IL,IL,,1/1/00 0:00,4.52,4.6272,7/8/23 18:40,1.52,Auction Ads,auction_relation
20230807,1773586440893440 ,ID,,,1/1/00 0:00,0.0394,0.2389,7/8/23 18:38,0.54,Non-Auction Ads,Promote
20230807,1773597043734520 ,IQ,Other,,1/1/00 0:00,6.23,5.4675,7/8/23 18:41,1.62,RIE,Ad Group Recall (Merged)
20230807,1773586241052730 ,ID,,,1/1/00 0:00,0.1115,0.1097,7/8/23 18:39,0.54,Non-Auction Ads,Promote
20230807,1773588222873600 ,TH,,,1/1/00 0:00,0.064,0.4372,7/8/23 18:39,0.54,Non-Auction Ads,Promote
20230807,1773588117570560 ,TH,,,1/1/00 0:00,0.2232,0.5507,7/8/23 18:40,0.54,Non-Auction Ads,Promote
20230807,1773596654325790 ,TH,,,1/1/00 0:00,11.64,1.3835,7/8/23 18:40,1.53,RIE,Promote Report Recall
20230807,1773596743127070 ,US,US&CA,,1/1/00 0:00,0.38,0.8459,7/8/23 18:40,1.81,RIE,Ad Group Recall (Merged)
20230807,1773596742693920 ,ID,ID,,1/1/00 0:00,1.21,2.9169,7/8/23 18:41,1.8,Auction Ads,auction_relation
20230807,1773596482953210 ,PH,,,1/1/00 0:00,0.0329,0.1139,7/8/23 18:40,0.54,Non-Auction Ads,Promote
20230807,1773586365731840 ,ID,,,1/1/00 0:00,0.1405,0.4428,7/8/23 18:40,0.54,Non-Auction Ads,Promote
20230807,1773593207968780 ,US,USCA,,1/1/00 0:00,0.78,9.5929,7/8/23 18:44,1.78,Auction Ads,auction_relation
20230807,1773596809868330 ,ID,ID,,1/1/00 0:00,3.76,2.9169,7/8/23 18:42,1.8,Auction Ads,auction_relation
20230807,1773595294668840 ,NL,NL,,1/1/00 0:00,,33.0401,7/8/23 18:54,1.19,Auction Ads,auction_relation
20230807,1773595254528000 ,ES,,,1/1/00 0:00,0.055,0.9677,7/8/23 18:41,0.54,Non-Auction Ads,Promote
20230807,1773596849380350 ,SA,,,1/1/00 0:00,23.4436,7.6733,7/8/23 18:44,0.54,Non-Auction Ads,Promote
20230807,1773598168369210 ,US,USCA,,1/1/00 0:00,,55.6675,7/8/23 19:02,1.78,Auction Ads,auction_relation
20230807,1773568422670330 ,SA,,,1/1/00 0:00,1.0769,1.2443,7/8/23 18:41,0.54,Non-Auction Ads,Promote
20230807,1773543781847040 ,VN,,,1/1/00 0:00,0.0945,0.2627,7/8/23 18:41,0.54,Non-Auction Ads,Promote
20230807,1773596874977280 ,ID,ID,,1/1/00 0:00,3.86,2.9169,7/8/23 18:42,1.8,Auction Ads,auction_relation
20230807,1773587480476700 ,DE,DE,,1/1/00 0:00,111.9775,597.5739,7/8/23 23:00,1.41,Non-Auction Ads,R&F
20230807,1773596684564480 ,TH,,,1/1/00 0:00,2.66,1.4932,7/8/23 18:42,1.53,RIE,Promote Report Recall
20230807,1773568297452540 ,SA,,,1/1/00 0:00,1.818,5.2257,7/8/23 18:44,0.54,Non-Auction Ads,Promote
20230807,1773586637223930 ,ID,,,1/1/00 0:00,0.0384,0.2865,7/8/23 18:42,0.54,Non-Auction Ads,Promote
20230807,1773596966087710 ,ID,ID,,1/1/00 0:00,1.26,2.9169,7/8/23 18:43,1.8,Auction Ads,auction_relation
20230807,1773551021943820 ,AU,AU,,1/1/00 0:00,,922.8519,10/8/23 14:01,1.84,Auction Ads,auction_relation
20230807,1773596176132100 ,TH,,,1/1/00 0:00,7.5,1.1902,7/8/23 18:43,1.53,RIE,Promote Report Recall
20230807,1773593243652120 ,US,USCA,,1/1/00 0:00,,9.5929,7/8/23 18:45,1.78,Auction Ads,auction_relation
20230807,1773586586346490 ,ID,,,1/1/00 0:00,0.053,0.215,7/8/23 18:43,0.54,Non-Auction Ads,Promote
20230807,1773544177859580 ,VN,,,1/1/00 0:00,0.0969,0.5759,7/8/23 18:43,0.54,Non-Auction Ads,Promote
20230807,1773588201458750 ,GB,,,1/1/00 0:00,2.0653,1.355,7/8/23 18:44,0.54,Non-Auction Ads,Promote
20230807,1773595868378110 ,SE,,,1/1/00 0:00,0.677,1.2832,7/8/23 18:44,0.54,Non-Auction Ads,Promote
20230807,1773588309630970 ,TH,,,1/1/00 0:00,0.0744,0.2583,7/8/23 18:44,0.54,Non-Auction Ads,Promote
20230807,1773588626783230 ,GB,,,1/1/00 0:00,1.5552,1.8458,7/8/23 18:44,0.54,Non-Auction Ads,Promote
20230807,1773588595525630 ,TH,,,1/1/00 0:00,0.0629,0.4592,7/8/23 18:44,0.54,Non-Auction Ads,Promote
20230807,1773588237457410 ,TH,,,1/1/00 0:00,0.0084,0.1732,7/8/23 18:44,0.54,Non-Auction Ads,Promote
20230807,1773597157671930 ,ID,ID,,1/1/00 0:00,4.24,6.4937,7/8/23 18:47,1.8,Auction Ads,auction_relation
20230807,1773544030725120 ,VN,,,1/1/00 0:00,0.0635,0.4834,7/8/23 18:44,0.54,Non-Auction Ads,Promote
20230807,1773592472914940 ,TR,,,1/1/00 0:00,0.11,0.5141,7/8/23 18:44,0.54,Non-Auction Ads,Promote
20230807,1773588568893440 ,TH,,,1/1/00 0:00,0.1041,0.5627,7/8/23 18:44,0.54,Non-Auction Ads,Promote
20230807,1773586685368320 ,ID,,,1/1/00 0:00,0.0363,0.4015,7/8/23 18:45,0.54,Non-Auction Ads,Promote
20230807,1773593887278120 ,US,US&CA,,1/1/00 0:00,2.27,22.5189,7/8/23 18:54,1.81,RIE,Ad Group Recall (Merged)
20230807,1773586557441020 ,ID,,,1/1/00 0:00,0.024,0.5678,7/8/23 18:45,0.54,Non-Auction Ads,Promote
20230807,1773586585442300 ,ID,,,1/1/00 0:00,0.0481,0.2132,7/8/23 18:45,0.54,Non-Auction Ads,Promote
20230807,1773593794420830 ,US,USCA,,1/1/00 0:00,,15.9061,7/8/23 18:52,1.78,Auction Ads,auction_relation
20230807,1773593795417100 ,US,USCA,,1/1/00 0:00,,15.9061,7/8/23 18:52,1.78,Auction Ads,auction_relation
20230807,1773593795402770 ,US,USCA,,1/1/00 0:00,,15.9061,7/8/23 18:52,1.78,Auction Ads,auction_relation
20230807,1773593733711900 ,US,USCA,,1/1/00 0:00,,15.9061,7/8/23 18:52,1.78,Auction Ads,auction_relation
20230807,1773593794430970 ,US,USCA,,1/1/00 0:00,,15.9061,7/8/23 18:52,1.78,Auction Ads,auction_relation
20230807,1773593809403950 ,US,USCA,,1/1/00 0:00,,15.9061,7/8/23 18:52,1.78,Auction Ads,auction_relation
20230807,1773593733721080 ,US,USCA,,1/1/00 0:00,,15.9061,7/8/23 18:52,1.78,Auction Ads,auction_relation
20230807,1773594004294700 ,PL,PL,,1/1/00 0:00,3.3229,2.3536,7/8/23 18:47,1.64,Auction Ads,auction_relation
20230807,1773592638470140 ,TR,,,1/1/00 0:00,0.18,0.0856,7/8/23 18:45,0.54,Non-Auction Ads,Promote
20230807,1773596888948740 ,FR,,,1/1/00 0:00,2.1126,2.027,7/8/23 18:47,0.54,Non-Auction Ads,Promote
20230807,1773597266667530 ,US,USCA,,1/1/00 0:00,,21.4011,7/8/23 18:56,1.78,Auction Ads,auction_relation
20230807,1773586896610300 ,ID,,,1/1/00 0:00,0.0678,0.2955,7/8/23 18:46,0.54,Non-Auction Ads,Promote
20230807,1773597303505930 ,ID,ID,,1/1/00 0:00,4.78,6.4937,7/8/23 18:49,1.8,Auction Ads,auction_relation
20230807,1773587033815040 ,ID,,,1/1/00 0:00,0.0631,0.2426,7/8/23 18:47,0.54,Non-Auction Ads,Promote
20230807,1773596256585790 ,ES,,,1/1/00 0:00,3.411,1.5792,7/8/23 18:48,0.54,Non-Auction Ads,Promote
20230807,1773587258934270 ,ID,,,1/1/00 0:00,0.0579,0.3274,7/8/23 18:48,0.54,Non-Auction Ads,Promote
20230807,1773588911010820 ,GB,,,1/1/00 0:00,2.9067,1.0258,7/8/23 18:48,0.54,Non-Auction Ads,Promote
20230807,1773597291627520 ,SA,,,1/1/00 0:00,27.6018,7.339,7/8/23 18:51,0.54,Non-Auction Ads,Promote
20230807,1773597013649410 ,ID,,,1/1/00 0:00,12.8735,1.3212,7/8/23 18:49,0.54,Non-Auction Ads,Promote
20230807,1773597529572360 ,PT,PT,,1/1/00 0:00,51.34,12.9299,7/8/23 18:53,1.98,Auction Ads,auction_relation
20230807,1773597529572360 ,DE,DE,,1/1/00 0:00,51.34,12.9299,7/8/23 18:53,1.01,Auction Ads,auction_relation
20230807,1773597203602430 ,CZ,,,1/1/00 0:00,4.3758,1.5255,7/8/23 18:49,1.53,RIE,Promote Report Recall
20230807,1773587163133950 ,ID,,,1/1/00 0:00,0.1175,0.601,7/8/23 18:49,0.54,Non-Auction Ads,Promote
20230807,1773597011320830 ,SA,,,1/1/00 0:00,2.9828,1.7814,7/8/23 18:49,1.53,RIE,Promote Report Recall
20230807,1773592760215550 ,TR,,,1/1/00 0:00,1.7563,0,7/8/23 18:48,0.54,Non-Auction Ads,Promote
20230807,1773597481302050 ,IQ,Others,,1/1/00 0:00,4.84,2.5219,7/8/23 18:49,1.56,Auction Ads,auction_all
20230807,1773562879422460 ,SA,,,1/1/00 0:00,0.0214,0.8721,7/8/23 18:49,0.54,Non-Auction Ads,Promote
20230807,1773596867996670 ,PL,,,1/1/00 0:00,0.8225,2.2798,7/8/23 18:50,0.54,Non-Auction Ads,Promote
20230807,1773596867996670 ,PL,,,1/1/00 0:00,0.8225,2.2798,7/8/23 18:50,0.54,Non-Auction Ads,Promote
20230807,1773594981188600 ,GB,GB,,1/1/00 0:00,30.2151,2.671,7/8/23 18:50,1.72,RIE,Ad Group Recall (Merged)
20230807,1773544071967740 ,VN,,,1/1/00 0:00,0.0885,0.4833,7/8/23 18:49,0.54,Non-Auction Ads,Promote
20230807,1773589966183430 ,GB,,,1/1/00 0:00,0.7902,1.9234,7/8/23 18:50,0.54,Non-Auction Ads,Promote
20230807,1773609282203650 ,US,USCA,,1/1/00 0:00,,317.4509,7/8/23 20:40,1.78,Auction Ads,auction_relation
20230807,1773235333706800 ,US,US,,1/1/00 0:00,0,900.6207,10/8/23 5:00,1.54,Non-Auction Ads,R&F
20230807,1773235099029520 ,US,US,,1/1/00 0:00,,900.6207,10/8/23 5:00,1.54,Non-Auction Ads,R&F
20230807,1773234675911720 ,US,US,,1/1/00 0:00,0,900.6207,10/8/23 5:00,1.54,Non-Auction Ads,R&F
20230807,1773234675911720 ,US,US,,1/1/00 0:00,0,900.6207,10/8/23 5:00,1.54,Non-Auction Ads,R&F
20230807,1773235099029520 ,US,US,,1/1/00 0:00,,900.6207,10/8/23 5:00,1.54,Non-Auction Ads,R&F
20230807,1773235333706800 ,US,US,,1/1/00 0:00,0,900.6207,10/8/23 5:00,1.54,Non-Auction Ads,R&F
20230807,1773235099029520 ,US,US,,1/1/00 0:00,,900.6207,10/8/23 5:00,1.54,Non-Auction Ads,R&F
20230807,1773596374486020 ,TH,,,1/1/00 0:00,4.69,0.8796,7/8/23 18:50,1.53,RIE,Promote Report Recall
20230807,1773597213817860 ,NL,,,1/1/00 0:00,1.5075,3.0488,7/8/23 18:52,0.54,Non-Auction Ads,Promote
20230807,1773597733207070 ,PK,PK,,1/1/00 0:00,1.27,0.2066,7/8/23 18:50,1.36,Auction Ads,auction_relation
20230807,1773589996481540 ,GB,,,1/1/00 0:00,0.6245,1.9234,7/8/23 18:52,0.54,Non-Auction Ads,Promote
20230807,1773587159325690 ,ID,,,1/1/00 0:00,0.1773,0.322,7/8/23 18:51,0.54,Non-Auction Ads,Promote
20230807,1773569508987900 ,SA,,,1/1/00 0:00,0.6424,0.2514,7/8/23 18:51,0.54,Non-Auction Ads,Promote
20230807,1773597453101090 ,PK,PK,,1/1/00 0:00,1,0.3482,7/8/23 18:51,1.36,Auction Ads,auction_relation
20230807,1773597938915370 ,MX,MX,,1/1/00 0:00,5.2346,6.4516,7/8/23 18:54,1.99,Auction Ads,auction_all
20230807,1773597938915370 ,CL,CL,,1/1/00 0:00,5.2346,6.4516,7/8/23 18:54,1.85,Auction Ads,auction_all
20230807,1773587624248320 ,ID,,,1/1/00 0:00,0.1043,0.5237,7/8/23 18:53,0.54,Non-Auction Ads,Promote
20230807,1773587969876990 ,ID,,,1/1/00 0:00,0.2357,1.5539,7/8/23 18:54,0.54,Non-Auction Ads,Promote
20230807,1773587969876990 ,ID,,,1/1/00 0:00,0.2357,1.5539,7/8/23 18:54,0.54,Non-Auction Ads,Promote
20230807,1773590222878720 ,GB,,,1/1/00 0:00,1.5553,1.8458,7/8/23 18:54,0.54,Non-Auction Ads,Promote
20230807,1773590057668610 ,US,,,1/1/00 0:00,2.85,5.4395,7/8/23 18:56,0.54,Non-Auction Ads,Promote
20230807,1773597788109840 ,BR,BR,,1/1/00 0:00,0.09,4.2141,7/8/23 18:56,1.99,Auction Ads,auction_all
20230807,1773597788111900 ,BR,BR,,1/1/00 0:00,1.24,4.2141,7/8/23 18:56,1.99,Auction Ads,auction_all
20230807,1773597068288000 ,ES,,,1/1/00 0:00,1.1223,2.6647,7/8/23 18:55,0.54,Non-Auction Ads,Promote
20230807,1773589186535460 ,US,,,1/1/00 0:00,1.25,1.3158,7/8/23 18:55,0.54,Non-Auction Ads,Promote
20230807,1773593143710720 ,TR,,,1/1/00 0:00,0.0744,0.1823,7/8/23 18:55,0.54,Non-Auction Ads,Promote
20230807,1773597583022080 ,US,,,1/1/00 0:00,11.31,0.5914,7/8/23 18:55,1.53,RIE,Promote Report Recall
20230807,1773597796816940 ,TR,TR,,1/1/00 0:00,2.6427,1.4904,7/8/23 18:56,1.63,RIE,Ad Group Recall (Merged)
20230807,1773589243411460 ,US,,,1/1/00 0:00,0.86,1.8436,7/8/23 18:56,0.54,Non-Auction Ads,Promote
20230807,1773587621694460 ,ID,,,1/1/00 0:00,0.0726,0.276,7/8/23 18:56,0.54,Non-Auction Ads,Promote
20230807,1773544451736570 ,VN,,,1/1/00 0:00,0.0297,0.4797,7/8/23 18:56,0.54,Non-Auction Ads,Promote
20230807,1773597732510720 ,TH,,,1/1/00 0:00,4.26,2.7031,7/8/23 18:58,1.53,RIE,Promote Report Recall
20230807,1773597898583050 ,TH,TH,,1/1/00 0:00,0.0173,1.1673,7/8/23 18:57,1.64,Auction Ads,auction_relation
20230807,1773593243591680 ,TR,,,1/1/00 0:00,0.4064,0.3074,7/8/23 18:57,0.54,Non-Auction Ads,Promote
20230807,1773588016665600 ,ID,,,1/1/00 0:00,0.0487,0.1894,7/8/23 18:57,0.54,Non-Auction Ads,Promote
20230807,1773571373807610 ,SA,,,1/1/00 0:00,1.3542,1.3764,7/8/23 18:58,0.54,Non-Auction Ads,Promote
20230807,1773588414959610 ,ID,,,1/1/00 0:00,0.1528,0.0806,7/8/23 18:58,0.54,Non-Auction Ads,Promote
20230807,1773544421621760 ,VN,,,1/1/00 0:00,0.0579,0.4106,7/8/23 18:58,0.54,Non-Auction Ads,Promote
20230807,1773588501274620 ,ID,,,1/1/00 0:00,0.0652,0.494,7/8/23 18:58,0.54,Non-Auction Ads,Promote
20230807,1773589634088960 ,TH,,,1/1/00 0:00,0.067,0.5198,7/8/23 18:59,0.54,Non-Auction Ads,Promote
20230807,1773598116164610 ,CA,USCA,,1/1/00 0:00,,0.016,7/8/23 18:59,1.78,Auction Ads,auction_relation
20230807,1773598021735450 ,CA,USCA,,1/1/00 0:00,,0.016,7/8/23 18:59,1.78,Auction Ads,auction_relation
20230807,1773544466980860 ,VN,,,1/1/00 0:00,0.0616,0.1499,7/8/23 18:59,0.54,Non-Auction Ads,Promote
20230807,1773589623270400 ,TH,,,1/1/00 0:00,0.1147,0.5073,7/8/23 18:59,0.54,Non-Auction Ads,Promote
20230807,1773588763229180 ,ID,,,1/1/00 0:00,0.0815,0.8014,7/8/23 18:59,0.54,Non-Auction Ads,Promote
20230807,1773592304501770 ,PK,PK,,1/1/00 0:00,,1.5846,7/8/23 19:00,1.36,Auction Ads,auction_relation
20230807,1773183596711980 ,TR,TR,,1/1/00 0:00,14.6025,332.4502,7/8/23 21:00,1.43,Non-Auction Ads,R&F
20230807,1773593068844030 ,TR,,,1/1/00 0:00,0.2001,0.1439,7/8/23 18:59,0.54,Non-Auction Ads,Promote
20230807,1773590426192890 ,MY,,,1/1/00 0:00,0.4017,1.1608,7/8/23 19:00,0.54,Non-Auction Ads,Promote
20230807,1771814885078040 ,US,US,,1/1/00 0:00,,900.3004,16/8/23 5:00,1.54,Non-Auction Ads,R&F
20230807,1773580973152280 ,PK,PK,,1/1/00 0:00,2,2.328,7/8/23 19:00,1.36,Auction Ads,auction_relation
20230807,1773588682747900 ,ID,,,1/1/00 0:00,,0.9141,7/8/23 19:00,0.54,Non-Auction Ads,Promote
20230807,1773588682747900 ,ID,,,1/1/00 0:00,,0.9141,7/8/23 19:00,0.54,Non-Auction Ads,Promote
20230807,1773588682747900 ,ID,,,1/1/00 0:00,,0.9141,7/8/23 19:00,0.54,Non-Auction Ads,Promote
20230807,1773564591172650 ,US,USCA,,1/1/00 0:00,8.33,0.6868,7/8/23 19:00,1.78,Auction Ads,auction_relation
20230807,1773601143435290 ,GR,GR,,1/1/00 0:00,1.4743,4.4157,7/8/23 19:01,2.11,Auction Ads,auction_relation
20230807,1773591594755070 ,GB,,,1/1/00 0:00,1.7464,1.2848,7/8/23 19:00,0.54,Non-Auction Ads,Promote
20230807,1773588152498170 ,ID,,,1/1/00 0:00,0.2477,0.1713,7/8/23 19:00,0.54,Non-Auction Ads,Promote
20230807,1773600973002770 ,PE,Other,,1/1/00 0:00,1.69,1.5935,7/8/23 19:00,1.62,RIE,Ad Group Recall (Merged)
20230807,1773564299343900 ,US,USCA,,1/1/00 0:00,8.51,0.6868,7/8/23 19:00,1.78,Auction Ads,auction_relation
20230807,1773588252383230 ,ID,,,1/1/00 0:00,0.0825,1.4428,7/8/23 19:01,0.54,Non-Auction Ads,Promote
20230807,1773572529347580 ,SA,,,1/1/00 0:00,1.9725,1.0033,7/8/23 19:00,0.54,Non-Auction Ads,Promote
20230807,1773591786223620 ,GB,,,1/1/00 0:00,1.1855,1.8458,7/8/23 19:01,0.54,Non-Auction Ads,Promote
20230807,1773591230912530 ,GB,,,1/1/00 0:00,1.415,0.952,7/8/23 19:01,0.54,Non-Auction Ads,Promote
20230807,1773590305054720 ,US,,,1/1/00 0:00,0.79,2.1563,7/8/23 19:01,0.54,Non-Auction Ads,Promote
20230807,1773594473481260 ,PL,PL,,1/1/00 0:00,1.809,2.3536,7/8/23 19:01,1.64,Auction Ads,auction_relation
20230807,1773598346961960 ,CA,USCA,,1/1/00 0:00,,17.8311,7/8/23 19:07,1.78,Auction Ads,auction_relation
20230807,1773598285633580 ,IQ,Others,,1/1/00 0:00,7.9,7.2664,7/8/23 19:03,1.56,Auction Ads,auction_all
20230807,1773598067928090 ,TR,TR,,1/1/00 0:00,2.7843,1.4904,7/8/23 19:01,1.63,RIE,Ad Group Recall (Merged)
20230807,1773597812118530 ,TH,,,1/1/00 0:00,4.25,1.6271,7/8/23 19:02,1.53,RIE,Promote Report Recall
20230807,1773599008430170 ,MY,MY,,1/1/00 0:00,2.4216,5.07,7/8/23 19:03,2.31,Auction Ads,auction_relation
20230807,1773597806787580 ,JP,,,1/1/00 0:00,0.303,2.5549,7/8/23 19:03,0.54,Non-Auction Ads,Promote
20230807,1773598089294850 ,TH,,,1/1/00 0:00,6.41,2.7026,7/8/23 19:03,1.53,RIE,Promote Report Recall
20230807,1773597719851060 ,FR,,,1/1/00 0:00,2.9817,0.9562,7/8/23 19:02,0.54,Non-Auction Ads,Promote
20230807,1773598055303180 ,TH,,,1/1/00 0:00,8.25,1.6064,7/8/23 19:02,1.53,RIE,Promote Report Recall
20230807,1773597956274180 ,TH,,,1/1/00 0:00,11.41,2.4189,7/8/23 19:03,1.53,RIE,Promote Report Recall
20230807,1773590528552960 ,TH,,,1/1/00 0:00,3.7207,25.5113,7/8/23 19:11,0.54,Non-Auction Ads,Promote
20230807,1773589751067640 ,TH,,,1/1/00 0:00,0.1635,0.4058,7/8/23 19:02,0.54,Non-Auction Ads,Promote
20230807,1773597815361540 ,TH,,,1/1/00 0:00,5.26,1.4288,7/8/23 19:03,1.53,RIE,Promote Report Recall
20230807,1773598318305310 ,BR,BR,,1/1/00 0:00,4.25,4.6728,7/8/23 19:04,1.99,Auction Ads,auction_all
20230807,1773598318297080 ,BR,BR,,1/1/00 0:00,3.35,4.6728,7/8/23 19:04,1.99,Auction Ads,auction_all
20230807,1773598318299230 ,BR,BR,,1/1/00 0:00,0.04,4.6728,7/8/23 19:04,1.99,Auction Ads,auction_all
20230807,1773598059215870 ,TH,,,1/1/00 0:00,10.52,1.5988,7/8/23 19:03,1.53,RIE,Promote Report Recall
20230807,1773588369173510 ,FI,,,1/1/00 0:00,0.517,1.1521,7/8/23 19:03,0.54,Non-Auction Ads,Promote
20230807,1773596766410750 ,MY,,,1/1/00 0:00,0.4545,1.6136,7/8/23 19:04,0.54,Non-Auction Ads,Promote
20230807,1773598012854270 ,ID,ID,,1/1/00 0:00,36.47,21.2746,7/8/23 19:11,2.05,RIE,Ad Group Recall (Merged)
20230807,1773598012854270 ,PT,PT,,1/1/00 0:00,36.47,21.2746,7/8/23 19:11,1.98,Auction Ads,auction_relation
20230807,1773598012854270 ,PL,PL,,1/1/00 0:00,36.47,21.2746,7/8/23 19:11,1.64,Auction Ads,auction_relation
20230807,1773598012854270 ,ID,ID,,1/1/00 0:00,36.47,21.2746,7/8/23 19:11,2.05,RIE,Ad Group Recall (Merged)
20230807,1773598012854270 ,SG,Other,,1/1/00 0:00,36.47,21.2746,7/8/23 19:11,1.62,RIE,Ad Group Recall (Merged)
20230807,1773598012854270 ,NO,Others,,1/1/00 0:00,36.47,21.2746,7/8/23 19:11,1.56,Auction Ads,auction_all
20230807,1773593650968570 ,TR,,,1/1/00 0:00,0.5885,0.3632,7/8/23 19:03,0.54,Non-Auction Ads,Promote
20230807,1773589752281080 ,TH,,,1/1/00 0:00,0.1523,0.5526,7/8/23 19:04,0.54,Non-Auction Ads,Promote
20230807,1773596985860100 ,GR,,,1/1/00 0:00,0.242,0.3671,7/8/23 19:04,0.54,Non-Auction Ads,Promote
20230807,1773589813570560 ,TH,,,1/1/00 0:00,0.0484,0.2527,7/8/23 19:04,0.54,Non-Auction Ads,Promote
20230807,1773589834708030 ,TH,,,1/1/00 0:00,0.0825,0.5142,7/8/23 19:05,0.54,Non-Auction Ads,Promote
20230807,1773236610458670 ,US,US,,1/1/00 0:00,,900.6207,1/9/23 5:00,1.54,Non-Auction Ads,R&F
20230807,1773236069568540 ,US,US,,1/1/00 0:00,,900.6207,1/9/23 5:00,1.54,Non-Auction Ads,R&F
20230807,1773236610458670 ,US,US,,1/1/00 0:00,,900.6207,1/9/23 5:00,1.54,Non-Auction Ads,R&F
20230807,1773236069568540 ,US,US,,1/1/00 0:00,,900.6207,1/9/23 5:00,1.54,Non-Auction Ads,R&F
20230807,1773236369820670 ,US,US,,1/1/00 0:00,,900.6207,1/9/23 5:00,1.54,Non-Auction Ads,R&F
20230807,1773236369820670 ,US,US,,1/1/00 0:00,,900.6207,1/9/23 5:00,1.54,Non-Auction Ads,R&F
20230807,1773596791453690 ,MY,,,1/1/00 0:00,0.5818,0.6722,7/8/23 19:05,0.54,Non-Auction Ads,Promote
20230807,1773598205517830 ,TH,,,1/1/00 0:00,4.18,6.6,7/8/23 19:07,1.53,RIE,Promote Report Recall
20230807,1773590394869760 ,US,,,1/1/00 0:00,4.5,3.3333,7/8/23 19:05,0.54,Non-Auction Ads,Promote
20230807,1773598271350780 ,TH,,,1/1/00 0:00,7.62,8.73,7/8/23 19:08,1.53,RIE,Promote Report Recall
20230807,1773572847233020 ,SA,,,1/1/00 0:00,5.795,6.0661,7/8/23 19:07,0.54,Non-Auction Ads,Promote
20230807,1773598906403870 ,US,USCA,,1/1/00 0:00,2.09,12.6853,7/8/23 19:11,1.78,Auction Ads,auction_relation
20230807,1773598282064900 ,US,,,1/1/00 0:00,3.04,3.53,7/8/23 19:06,1.53,RIE,Promote Report Recall
20230807,1773598245468210 ,TH,,,1/1/00 0:00,2.55,1.4688,7/8/23 19:06,1.53,RIE,Promote Report Recall
20230807,1773593846881280 ,TR,,,1/1/00 0:00,0.211,0.2121,7/8/23 19:05,0.54,Non-Auction Ads,Promote
20230807,1773593555807230 ,BR,,,1/1/00 0:00,0.8228,0.478,7/8/23 19:06,0.54,Non-Auction Ads,Promote
20230807,1773598057747500 ,PT,PT,,1/1/00 0:00,9.89,21.2746,7/8/23 19:12,1.98,Auction Ads,auction_relation
20230807,1773598057747500 ,CZ,CZ,,1/1/00 0:00,9.89,21.2746,7/8/23 19:12,1.9,Auction Ads,auction_relation
20230807,1773598057747500 ,NO,Others,,1/1/00 0:00,9.89,21.2746,7/8/23 19:12,1.56,Auction Ads,auction_all
20230807,1773598057747500 ,SG,Other,,1/1/00 0:00,9.89,21.2746,7/8/23 19:12,1.62,RIE,Ad Group Recall (Merged)
20230807,1773598057747500 ,PL,PL,,1/1/00 0:00,9.89,21.2746,7/8/23 19:12,1.64,Auction Ads,auction_relation
20230807,1773598057747500 ,HU,Others,,1/1/00 0:00,9.89,21.2746,7/8/23 19:12,1.56,Auction Ads,auction_all
20230807,1773598057747500 ,ID,ID,,1/1/00 0:00,9.89,21.2746,7/8/23 19:12,2.05,RIE,Ad Group Recall (Merged)
20230807,1773598057747500 ,ID,ID,,1/1/00 0:00,9.89,21.2746,7/8/23 19:12,2.05,RIE,Ad Group Recall (Merged)
20230807,1773589950798850 ,US,,,1/1/00 0:00,5.23,6.6138,7/8/23 19:09,0.54,Non-Auction Ads,Promote
20230807,1773593865048120 ,TR,,,1/1/00 0:00,0.1849,0.1348,7/8/23 19:06,0.54,Non-Auction Ads,Promote
20230807,1773590466528320 ,CA,,,1/1/00 0:00,4.0595,5.0601,7/8/23 19:08,1.53,RIE,Promote Report Recall
20230807,1773590466528320 ,CA,,,1/1/00 0:00,4.0595,5.0601,7/8/23 19:08,0.54,Non-Auction Ads,Promote
20230807,1773590162329600 ,TH,,,1/1/00 0:00,0.0857,0.3547,7/8/23 19:06,0.54,Non-Auction Ads,Promote
20230807,1773599073237010 ,FR,FR,,1/1/00 0:00,12.86,24.7125,7/8/23 19:13,1.97,Auction Ads,auction_relation
20230807,1773598276487180 ,TH,,,1/1/00 0:00,2.17,1.23,7/8/23 19:07,1.53,RIE,Promote Report Recall
20230807,1773596887447550 ,MY,,,1/1/00 0:00,0.3777,1.6136,7/8/23 19:08,0.54,Non-Auction Ads,Promote
20230807,1773589189929980 ,ID,,,1/1/00 0:00,0.0507,0.4942,7/8/23 19:08,0.54,Non-Auction Ads,Promote
20230807,1773594822958080 ,DE,DE,,1/1/00 0:00,,1.3486,7/8/23 19:08,1.01,Auction Ads,auction_relation
20230807,1773598981249050 ,US,USCA,,1/1/00 0:00,2.35,5.3345,7/8/23 19:11,1.78,Auction Ads,auction_relation
20230807,1773600204630040 ,JP,JP,,1/1/00 0:00,,95.1418,7/8/23 19:32,2.16,Auction Ads,auction_all
20230807,1773595279124510 ,CA,US&CA,,1/1/00 0:00,5.69,1.8389,7/8/23 19:10,1.81,RIE,Ad Group Recall (Merged)
20230807,1773598873411580 ,SE,,,1/1/00 0:00,76.1413,32.1654,7/8/23 19:16,0.54,Non-Auction Ads,Promote
20230807,1773593714902100 ,BR,,,1/1/00 0:00,1.5553,0.5067,7/8/23 19:08,0.54,Non-Auction Ads,Promote
20230807,1773595088451600 ,PL,PL,,1/1/00 0:00,2.7133,2.3536,7/8/23 19:11,1.64,Auction Ads,auction_relation
20230807,1773591066419220 ,US,,,1/1/00 0:00,0.7,10.0083,7/8/23 19:12,0.54,Non-Auction Ads,Promote
20230807,1773552313928750 ,TH,TH,,1/1/00 0:00,,807.8407,8/8/23 17:00,0.97,Non-Auction Ads,R&F
20230807,1773553217579050 ,TH,TH,,1/1/00 0:00,,807.8407,8/8/23 17:00,0.97,Non-Auction Ads,R&F
20230807,1773574187169790 ,SA,,,1/1/00 0:00,0.3145,0.5193,7/8/23 19:10,0.54,Non-Auction Ads,Promote
20230807,1773590786994180 ,US,,,1/1/00 0:00,3.75,0.01,7/8/23 19:10,0.54,Non-Auction Ads,Promote
20230807,1773596071998460 ,US,USCA,,1/1/00 0:00,0,36.1073,7/8/23 19:20,1.78,Auction Ads,auction_relation
20230807,1773595567741980 ,PT,PT,,1/1/00 0:00,2.7395,14.5868,7/8/23 19:13,1.98,Auction Ads,auction_relation
20230807,1773595567741980 ,PL,PL,,1/1/00 0:00,2.7395,14.5868,7/8/23 19:13,1.64,Auction Ads,auction_relation
20230807,1773595567741980 ,HU,Others,,1/1/00 0:00,2.7395,14.5868,7/8/23 19:13,1.56,Auction Ads,auction_all
20230807,1773595567741980 ,HU,Other,,1/1/00 0:00,2.7395,14.5868,7/8/23 19:13,1.62,RIE,Ad Group Recall (Merged)
20230807,1773595567741980 ,SE,SE,,1/1/00 0:00,2.7395,14.5868,7/8/23 19:13,1.4,Auction Ads,auction_relation
20230807,1773595567741980 ,HU,Other,,1/1/00 0:00,2.7395,14.5868,7/8/23 19:13,1.62,RIE,Ad Group Recall (Merged)
20230807,1773595567741980 ,NL,NL,,1/1/00 0:00,2.7395,14.5868,7/8/23 19:13,1.19,Auction Ads,auction_relation
20230807,1773595567741980 ,FR,FR,,1/1/00 0:00,2.7395,14.5868,7/8/23 19:13,1.97,Auction Ads,auction_relation
20230807,1773594682134570 ,AT,AT,,1/1/00 0:00,0.73,32.2489,7/8/23 19:20,0.89,Auction Ads,auction_relation
20230807,1773589500335100 ,ID,,,1/1/00 0:00,0.0588,0.5276,7/8/23 19:11,0.54,Non-Auction Ads,Promote
20230807,1773590282339330 ,TH,,,1/1/00 0:00,0.0844,0.3133,7/8/23 19:11,0.54,Non-Auction Ads,Promote
20230807,1773598718776330 ,BR,BR,,1/1/00 0:00,1.9964,3.0576,7/8/23 19:12,1.7,RIE,Ad Group Recall (Merged)
20230807,1773610840716300 ,BR,BR,,1/1/00 0:00,0.0021,428.7614,7/8/23 22:22,1.99,Auction Ads,auction_all
20230807,1773545196670970 ,VN,,,1/1/00 0:00,0.2398,3.8363,7/8/23 19:13,0.54,Non-Auction Ads,Promote
20230807,1773602515212320 ,US,USCA,,1/1/00 0:00,3.44,2.0167,7/8/23 19:12,1.78,Auction Ads,auction_relation
20230807,1773598663326720 ,TH,,,1/1/00 0:00,6.27,1.468,7/8/23 19:12,1.53,RIE,Promote Report Recall
20230807,1773595631826970 ,DE,DE,,1/1/00 0:00,,18.4398,7/8/23 19:17,1.01,Auction Ads,auction_relation
20230807,1773592763780100 ,BR,,,1/1/00 0:00,1.3379,0.8436,7/8/23 19:13,0.54,Non-Auction Ads,Promote
20230807,1773596742689790 ,US,USCA,,1/1/00 0:00,4.23,77.6716,7/8/23 19:36,1.78,Auction Ads,auction_relation
20230807,1773598930635780 ,US,,,1/1/00 0:00,0.9,6.31,7/8/23 19:15,1.53,RIE,Promote Report Recall
20230807,1773590685106170 ,TH,,,1/1/00 0:00,0.0315,0.7531,7/8/23 19:13,0.54,Non-Auction Ads,Promote
20230807,1773603806115850 ,PE,PE,,1/1/00 0:00,0.7713,4.3293,7/8/23 19:15,1.68,Auction Ads,auction_all
20230807,1773598704217090 ,ID,ID,,1/1/00 0:00,32.87,21.2746,7/8/23 19:22,2.05,RIE,Ad Group Recall (Merged)
20230807,1773598704217090 ,SG,Other,,1/1/00 0:00,32.87,21.2746,7/8/23 19:22,1.62,RIE,Ad Group Recall (Merged)
20230807,1773598704217090 ,ID,ID,,1/1/00 0:00,32.87,21.2746,7/8/23 19:22,2.05,RIE,Ad Group Recall (Merged)
20230807,1773590756885500 ,TH,,,1/1/00 0:00,0.0693,1.4312,7/8/23 19:14,0.54,Non-Auction Ads,Promote
20230807,1773573983660030 ,SA,,,1/1/00 0:00,0.4079,0.4225,7/8/23 19:14,0.54,Non-Auction Ads,Promote
20230807,1773599582440490 ,PE,PE,,1/1/00 0:00,7.8064,7.4758,7/8/23 19:17,1.68,Auction Ads,auction_all
20230807,1773590898908220 ,TH,,,1/1/00 0:00,0.1071,0.2561,7/8/23 19:14,0.54,Non-Auction Ads,Promote
20230807,1773574295897090 ,SA,,,1/1/00 0:00,0.853,0.615,7/8/23 19:15,0.54,Non-Auction Ads,Promote
20230807,1773598742369330 ,ID,ID,,1/1/00 0:00,9.93,21.2746,7/8/23 19:22,2.05,RIE,Ad Group Recall (Merged)
20230807,1773598742369330 ,ID,ID,,1/1/00 0:00,9.93,21.2746,7/8/23 19:22,2.05,RIE,Ad Group Recall (Merged)
20230807,1773598742369330 ,SG,Other,,1/1/00 0:00,9.93,21.2746,7/8/23 19:22,1.62,RIE,Ad Group Recall (Merged)
20230807,1773589307684860 ,ID,,,1/1/00 0:00,0.4768,0.8321,7/8/23 19:16,0.54,Non-Auction Ads,Promote
20230807,1773598530964480 ,FR,,,1/1/00 0:00,1.2543,1.1162,7/8/23 19:16,0.54,Non-Auction Ads,Promote
20230807,1773588773365760 ,ID,,,1/1/00 0:00,0.0469,0.1983,7/8/23 19:16,0.54,Non-Auction Ads,Promote
20230807,1773598869057550 ,PL,,,1/1/00 0:00,0.352,1.6925,7/8/23 19:16,0.54,Non-Auction Ads,Promote
20230807,1773590959860730 ,TH,,,1/1/00 0:00,0.0797,0.3769,7/8/23 19:16,0.54,Non-Auction Ads,Promote
20230807,1773573424081920 ,NL,NL,,1/1/00 0:00,0.7132,17.4928,7/8/23 19:22,1.19,Auction Ads,auction_relation
20230807,1773573404421130 ,NL,NL,,1/1/00 0:00,0.866,17.4928,7/8/23 19:22,1.19,Auction Ads,auction_relation
20230807,1773573424081920 ,DE,DE,,1/1/00 0:00,0.7132,17.4928,7/8/23 19:22,1.01,Auction Ads,auction_relation
20230807,1773599311907850 ,KH,KH,,1/1/00 0:00,0.08,2.639,7/8/23 19:17,1.5,Auction Ads,auction_relation
20230807,1773599311907850 ,TH,TH,,1/1/00 0:00,0.08,2.639,7/8/23 19:17,1.64,Auction Ads,auction_relation
20230807,1773599311907850 ,TR,TR,,1/1/00 0:00,0.08,2.639,7/8/23 19:17,0.83,Auction Ads,auction_relation
20230807,1773599311907850 ,PK,PK,,1/1/00 0:00,0.08,2.639,7/8/23 19:17,1.36,Auction Ads,auction_relation
20230807,1773599311907850 ,BR,BR,,1/1/00 0:00,0.08,2.639,7/8/23 19:17,1.99,Auction Ads,auction_all
20230807,1773599311907850 ,ID,ID,,1/1/00 0:00,0.08,2.639,7/8/23 19:17,1.8,Auction Ads,auction_relation
20230807,1773599311907850 ,US,USCA,,1/1/00 0:00,0.08,2.639,7/8/23 19:17,1.78,Auction Ads,auction_relation
20230807,1773590837473280 ,US,,,1/1/00 0:00,2.1,3.4286,7/8/23 19:17,0.54,Non-Auction Ads,Promote
20230807,1773590845718530 ,US,,,1/1/00 0:00,6.01,8.0113,7/8/23 19:19,0.54,Non-Auction Ads,Promote
20230807,1773575737243640 ,SA,,,1/1/00 0:00,1.4901,1.0074,7/8/23 19:17,0.54,Non-Auction Ads,Promote
20230807,1773590821752870 ,US,,,1/1/00 0:00,0.89,2.2577,7/8/23 19:17,0.54,Non-Auction Ads,Promote
20230807,1773590669453310 ,US,,,1/1/00 0:00,0.95,8.7057,7/8/23 19:20,0.54,Non-Auction Ads,Promote
20230807,1773591084857340 ,TH,,,1/1/00 0:00,0.5355,2.3129,7/8/23 19:18,0.54,Non-Auction Ads,Promote
20230807,1773599304132620 ,IQ,Others,,1/1/00 0:00,16.48,3.7905,7/8/23 19:19,1.56,Auction Ads,auction_all
20230807,1773599304132620 ,IQ,Others,,1/1/00 0:00,16.48,3.7905,7/8/23 19:19,1.56,Auction Ads,auction_all
20230807,1773598383249410 ,GR,,,1/1/00 0:00,0.528,0.3445,7/8/23 19:18,0.54,Non-Auction Ads,Promote
20230807,1773590903831590 ,US,,,1/1/00 0:00,1.86,3.4286,7/8/23 19:19,0.54,Non-Auction Ads,Promote
20230807,1773594273459200 ,BR,,,1/1/00 0:00,1.2169,1.1509,7/8/23 19:18,1.53,RIE,Promote Report Recall
20230807,1773594273459200 ,BR,,,1/1/00 0:00,1.2169,1.1509,7/8/23 19:18,0.54,Non-Auction Ads,Promote
20230807,1773595322144780 ,GR,Other,,1/1/00 0:00,0.4071,0.1169,7/8/23 19:18,1.62,RIE,Ad Group Recall (Merged)
20230807,1773590245277700 ,US,,,1/1/00 0:00,1.34,5,7/8/23 19:20,0.54,Non-Auction Ads,Promote
20230807,1773598747447350 ,DE,,,1/1/00 0:00,89.8066,14.9077,7/8/23 19:25,1.53,RIE,Promote Report Recall
20230807,1773594070618110 ,TR,,,1/1/00 0:00,0.3941,0.5837,7/8/23 19:20,0.54,Non-Auction Ads,Promote
20230807,1773594112386040 ,TR,,,1/1/00 0:00,0.7536,0.6369,7/8/23 19:20,0.54,Non-Auction Ads,Promote
20230807,1773600141126650 ,MX,MX,,1/1/00 0:00,0.7931,2.3699,7/8/23 19:21,1.99,Auction Ads,auction_all
20230807,1773598961231870 ,FR,,,1/1/00 0:00,0.5722,0.9869,7/8/23 19:20,0.54,Non-Auction Ads,Promote
20230807,1773599409097730 ,SA,,,1/1/00 0:00,23.3717,10.8584,7/8/23 19:25,0.54,Non-Auction Ads,Promote
20230807,1773594189455360 ,TR,,,1/1/00 0:00,0.2117,0.1348,7/8/23 19:21,0.54,Non-Auction Ads,Promote
20230807,1773594131297280 ,BR,,,1/1/00 0:00,0.6383,0.4824,7/8/23 19:21,0.54,Non-Auction Ads,Promote
20230807,1773594144071680 ,TR,,,1/1/00 0:00,0.2298,0.1348,7/8/23 19:21,0.54,Non-Auction Ads,Promote
20230807,1773576750784510 ,SA,,,1/1/00 0:00,0.9223,0.8767,7/8/23 19:22,0.54,Non-Auction Ads,Promote
20230807,1773591377160190 ,TH,,,1/1/00 0:00,0.8035,4.6792,7/8/23 19:24,0.54,Non-Auction Ads,Promote
20230807,1773576293424130 ,SA,,,1/1/00 0:00,0.2577,2.9244,7/8/23 19:24,0.54,Non-Auction Ads,Promote
20230807,1773599638256750 ,BR,BR,,1/1/00 0:00,7.3458,3.1089,7/8/23 19:24,1.99,Auction Ads,auction_all
20230807,1773575901184010 ,SA,,,1/1/00 0:00,1.9379,0.9618,7/8/23 19:23,0.54,Non-Auction Ads,Promote
20230807,1773599535420460 ,ID,ID,,1/1/00 0:00,,0.1829,7/8/23 19:23,1.8,Auction Ads,auction_relation
20230807,1773589778287610 ,ID,,,1/1/00 0:00,0.0533,1.0206,7/8/23 19:24,0.54,Non-Auction Ads,Promote
20230807,1773545542989820 ,VN,,,1/1/00 0:00,2.0888,1.7714,7/8/23 19:24,0.54,Non-Auction Ads,Promote
20230807,1773589970633730 ,ID,,,1/1/00 0:00,0.0703,0.3173,7/8/23 19:24,0.54,Non-Auction Ads,Promote
20230807,1773600415906810 ,BR,BR,,1/1/00 0:00,1.4942,1.055,7/8/23 19:24,1.99,Auction Ads,auction_all
20230807,1773600303896590 ,MX,MX,,1/1/00 0:00,,43.8619,7/8/23 19:34,1.99,Auction Ads,auction_all
20230807,1773590011506680 ,ID,,,1/1/00 0:00,0.4448,0.7919,7/8/23 19:26,0.54,Non-Auction Ads,Promote
20230807,1773577032907770 ,SA,,,1/1/00 0:00,0.2772,0.457,7/8/23 19:26,0.54,Non-Auction Ads,Promote
20230807,1773596474130480 ,GR,GR,,1/1/00 0:00,19.9925,34.7155,7/8/23 19:30,2.11,Auction Ads,auction_relation
20230807,1773604017636430 ,CA,USCA,,1/1/00 0:00,,45.425,7/8/23 19:40,1.78,Auction Ads,auction_relation
20230807,1773604017636430 ,US,USCA,,1/1/00 0:00,,45.425,7/8/23 19:40,1.78,Auction Ads,auction_relation
20230807,1773236413937710 ,US,USCA,,1/1/00 0:00,,647.5962,8/8/23 5:00,1.78,Auction Ads,auction_relation
20230807,1773602392561660 ,US,USCA,,1/1/00 0:00,,647.5962,8/8/23 5:00,1.78,Auction Ads,auction_relation
20230807,1773596359398450 ,US,USCA,,1/1/00 0:00,1.27,26.6304,7/8/23 19:32,1.78,Auction Ads,auction_relation
20230807,1773600022123530 ,EC,Others,,1/1/00 0:00,5.69,10.194,7/8/23 19:27,1.56,Auction Ads,auction_all
20230807,1773605282361360 ,BR,BR,,1/1/00 0:00,0.0125,129.7747,7/8/23 20:17,1.99,Auction Ads,auction_all
20230807,1773605282361360 ,BR,BR,,1/1/00 0:00,0.0125,129.7747,7/8/23 20:17,1.99,Auction Ads,auction_all
20230807,1773602046868510 ,JP,JP,,1/1/00 0:00,,95.1418,7/8/23 20:02,2.16,Auction Ads,auction_all
20230807,1773595819886640 ,HU,Other,,1/1/00 0:00,0.485,4.4564,7/8/23 19:26,1.62,RIE,Ad Group Recall (Merged)
20230807,1773595857154040 ,CH,CH,,1/1/00 0:00,3.4494,4.4564,7/8/23 19:26,0.93,Auction Ads,auction_relation
20230807,1773595819893770 ,PL,PL,,1/1/00 0:00,0.8088,4.4564,7/8/23 19:26,1.64,Auction Ads,auction_relation
20230807,1773595819893770 ,DE,DE,,1/1/00 0:00,0.8088,4.4564,7/8/23 19:26,1.01,Auction Ads,auction_relation
20230807,1773595819893770 ,NL,NL,,1/1/00 0:00,0.8088,4.4564,7/8/23 19:26,1.19,Auction Ads,auction_relation
20230807,1773595819876380 ,NL,NL,,1/1/00 0:00,0.0394,4.4564,7/8/23 19:26,1.19,Auction Ads,auction_relation
20230807,1773595819876380 ,SE,SE,,1/1/00 0:00,0.0394,4.4564,7/8/23 19:26,1.4,Auction Ads,auction_relation
20230807,1773595808401450 ,PL,PL,,1/1/00 0:00,1.4275,4.4564,7/8/23 19:26,1.64,Auction Ads,auction_relation
20230807,1773595808401450 ,NL,NL,,1/1/00 0:00,1.4275,4.4564,7/8/23 19:26,1.19,Auction Ads,auction_relation
20230807,1773595819886640 ,DE,DE,,1/1/00 0:00,0.485,4.4564,7/8/23 19:26,1.01,Auction Ads,auction_relation
20230807,1773595857154040 ,CZ,CZ,,1/1/00 0:00,3.4494,4.4564,7/8/23 19:26,1.9,Auction Ads,auction_relation
20230807,1773595857154040 ,PL,PL,,1/1/00 0:00,3.4494,4.4564,7/8/23 19:26,1.64,Auction Ads,auction_relation
20230807,1773595819893770 ,CZ,CZ,,1/1/00 0:00,0.8088,4.4564,7/8/23 19:26,1.9,Auction Ads,auction_relation
20230807,1773595819876380 ,CZ,CZ,,1/1/00 0:00,0.0394,4.4564,7/8/23 19:26,1.9,Auction Ads,auction_relation
20230807,1773595808401450 ,AT,AT,,1/1/00 0:00,1.4275,4.4564,7/8/23 19:26,0.89,Auction Ads,auction_relation
20230807,1773595808376830 ,HU,Other,,1/1/00 0:00,,4.4564,7/8/23 19:26,1.62,RIE,Ad Group Recall (Merged)
20230807,1773595808398370 ,PL,PL,,1/1/00 0:00,,4.4564,7/8/23 19:26,1.84,RIE,Ad Group Recall (Merged)
20230807,1773595819876380 ,PL,PL,,1/1/00 0:00,0.0394,4.4564,7/8/23 19:26,1.64,Auction Ads,auction_relation
20230807,1773595857154040 ,SE,SE,,1/1/00 0:00,3.4494,4.4564,7/8/23 19:26,1.4,Auction Ads,auction_relation
20230807,1773595819893770 ,CH,CH,,1/1/00 0:00,0.8088,4.4564,7/8/23 19:26,0.93,Auction Ads,auction_relation
20230807,1773595808398370 ,SE,SE,,1/1/00 0:00,,4.4564,7/8/23 19:26,1.4,Auction Ads,auction_relation
20230807,1773595819893770 ,SE,SE,,1/1/00 0:00,0.8088,4.4564,7/8/23 19:26,1.4,Auction Ads,auction_relation
20230807,1773595819882520 ,SE,SE,,1/1/00 0:00,0.8515,4.4564,7/8/23 19:26,1.4,Auction Ads,auction_relation
20230807,1773595819882520 ,NL,NL,,1/1/00 0:00,0.8515,4.4564,7/8/23 19:26,1.19,Auction Ads,auction_relation
20230807,1773595808376830 ,PL,PL,,1/1/00 0:00,,4.4564,7/8/23 19:26,1.84,RIE,Ad Group Recall (Merged)
20230807,1773595808376830 ,SE,SE,,1/1/00 0:00,,4.4564,7/8/23 19:26,1.4,Auction Ads,auction_relation
20230807,1773595808398370 ,CZ,CZ,,1/1/00 0:00,,4.4564,7/8/23 19:26,1.9,Auction Ads,auction_relation
20230807,1773595808376830 ,PT,PT,,1/1/00 0:00,,4.4564,7/8/23 19:26,1.98,Auction Ads,auction_relation
20230807,1773595819893770 ,GR,GR,,1/1/00 0:00,0.8088,4.4564,7/8/23 19:26,2.11,Auction Ads,auction_relation
20230807,1773595808376830 ,HU,Other,,1/1/00 0:00,,4.4564,7/8/23 19:26,1.62,RIE,Ad Group Recall (Merged)
20230807,1773595808401450 ,GR,GR,,1/1/00 0:00,1.4275,4.4564,7/8/23 19:26,2.11,Auction Ads,auction_relation
20230807,1773595808401450 ,PT,PT,,1/1/00 0:00,1.4275,4.4564,7/8/23 19:26,1.98,Auction Ads,auction_relation
20230807,1773595808376830 ,CZ,Other,,1/1/00 0:00,,4.4564,7/8/23 19:26,1.62,RIE,Ad Group Recall (Merged)
20230807,1773595857154040 ,PT,PT,,1/1/00 0:00,3.4494,4.4564,7/8/23 19:26,1.98,Auction Ads,auction_relation
20230807,1773595808398370 ,PL,PL,,1/1/00 0:00,,4.4564,7/8/23 19:26,1.64,Auction Ads,auction_relation
20230807,1773595819882520 ,PT,PT,,1/1/00 0:00,0.8515,4.4564,7/8/23 19:26,1.98,Auction Ads,auction_relation
20230807,1773595808401450 ,HU,Other,,1/1/00 0:00,1.4275,4.4564,7/8/23 19:26,1.62,RIE,Ad Group Recall (Merged)
20230807,1773595819876380 ,GR,GR,,1/1/00 0:00,0.0394,4.4564,7/8/23 19:26,2.11,Auction Ads,auction_relation
20230807,1773595857154040 ,GR,GR,,1/1/00 0:00,3.4494,4.4564,7/8/23 19:26,2.11,Auction Ads,auction_relation
20230807,1773595857154040 ,AT,AT,,1/1/00 0:00,3.4494,4.4564,7/8/23 19:26,0.89,Auction Ads,auction_relation
20230807,1773595819882520 ,PL,PL,,1/1/00 0:00,0.8515,4.4564,7/8/23 19:26,1.64,Auction Ads,auction_relation
20230807,1773595808401450 ,SE,SE,,1/1/00 0:00,1.4275,4.4564,7/8/23 19:26,1.4,Auction Ads,auction_relation
20230807,1773595819882520 ,CZ,CZ,,1/1/00 0:00,0.8515,4.4564,7/8/23 19:26,1.9,Auction Ads,auction_relation
20230807,1773595819890680 ,HU,Other,,1/1/00 0:00,0.7021,4.4564,7/8/23 19:26,1.62,RIE,Ad Group Recall (Merged)
20230807,1773595808376830 ,PL,PL,,1/1/00 0:00,,4.4564,7/8/23 19:26,1.84,RIE,Ad Group Recall (Merged)
20230807,1773595857154040 ,NL,NL,,1/1/00 0:00,3.4494,4.4564,7/8/23 19:26,1.19,Auction Ads,auction_relation
20230807,1773595819893770 ,AT,AT,,1/1/00 0:00,0.8088,4.4564,7/8/23 19:26,0.89,Auction Ads,auction_relation
20230807,1773595808398370 ,GR,GR,,1/1/00 0:00,,4.4564,7/8/23 19:26,2.11,Auction Ads,auction_relation
20230807,1773595808376830 ,CZ,CZ,,1/1/00 0:00,,4.4564,7/8/23 19:26,1.9,Auction Ads,auction_relation
20230807,1773595808376830 ,GR,GR,,1/1/00 0:00,,4.4564,7/8/23 19:26,2.11,Auction Ads,auction_relation
20230807,1773595808376830 ,PL,PL,,1/1/00 0:00,,4.4564,7/8/23 19:26,1.64,Auction Ads,auction_relation
20230807,1773595808398370 ,CZ,Other,,1/1/00 0:00,,4.4564,7/8/23 19:26,1.62,RIE,Ad Group Recall (Merged)
20230807,1773595819882520 ,HU,Other,,1/1/00 0:00,0.8515,4.4564,7/8/23 19:26,1.62,RIE,Ad Group Recall (Merged)
20230807,1773595819882520 ,GR,GR,,1/1/00 0:00,0.8515,4.4564,7/8/23 19:26,2.11,Auction Ads,auction_relation
20230807,1773595819882520 ,AT,AT,,1/1/00 0:00,0.8515,4.4564,7/8/23 19:26,0.89,Auction Ads,auction_relation
20230807,1773595808401450 ,CZ,CZ,,1/1/00 0:00,1.4275,4.4564,7/8/23 19:26,1.9,Auction Ads,auction_relation
20230807,1773595857154040 ,HU,Other,,1/1/00 0:00,3.4494,4.4564,7/8/23 19:26,1.62,RIE,Ad Group Recall (Merged)
20230807,1773595819876380 ,AT,AT,,1/1/00 0:00,0.0394,4.4564,7/8/23 19:26,0.89,Auction Ads,auction_relation
20230807,1773183702198300 ,TR,TR,,1/1/00 0:00,32.75,224.8988,7/8/23 21:00,1.43,Non-Auction Ads,R&F
20230807,1773183661844510 ,TR,TR,,1/1/00 0:00,35.56,224.8988,7/8/23 21:00,1.43,Non-Auction Ads,R&F
20230807,1773596399137810 ,AT,AT,,1/1/00 0:00,0,5.076,7/8/23 19:27,0.89,Auction Ads,auction_relation
20230807,1773596399137810 ,DE,DE,,1/1/00 0:00,0,5.076,7/8/23 19:27,1.01,Auction Ads,auction_relation
20230807,1773596399137810 ,AT,AT,,1/1/00 0:00,0,5.076,7/8/23 19:27,0.89,Auction Ads,auction_relation
20230807,1773600681622570 ,PE,PE,,1/1/00 0:00,0.754,29.5584,7/8/23 19:41,1.68,Auction Ads,auction_all
20230807,1773594402745350 ,BR,,,1/1/00 0:00,0.3673,1.9183,7/8/23 19:27,0.54,Non-Auction Ads,Promote
20230807,1773599186456580 ,BE,,,1/1/00 0:00,0.242,0.8672,7/8/23 19:26,0.54,Non-Auction Ads,Promote
20230807,1773590035412990 ,ID,,,1/1/00 0:00,0.0757,0.0777,7/8/23 19:26,0.54,Non-Auction Ads,Promote
20230807,1773594783711230 ,TR,,,1/1/00 0:00,2.7923,0.3887,7/8/23 19:27,0.54,Non-Auction Ads,Promote
20230807,1773591216368640 ,US,,,1/1/00 0:00,1.6,2.9105,7/8/23 19:27,0.54,Non-Auction Ads,Promote
20230807,1773591389014020 ,US,,,1/1/00 0:00,0.86,3.3333,7/8/23 19:28,0.54,Non-Auction Ads,Promote
20230807,1773596284718130 ,US,USCA,,1/1/00 0:00,10.48,8.6278,7/8/23 19:31,1.78,Auction Ads,auction_relation
20230807,1773577824040960 ,SA,,,1/1/00 0:00,0.2372,1.0353,7/8/23 19:27,0.54,Non-Auction Ads,Promote
20230807,1773594364432420 ,BR,,,1/1/00 0:00,0.4658,0.2805,7/8/23 19:27,0.54,Non-Auction Ads,Promote
20230807,1773599707744260 ,PL,,,1/1/00 0:00,0.8142,0.6463,7/8/23 19:28,1.53,RIE,Promote Report Recall
20230807,1773599590352890 ,ID,,,1/1/00 0:00,0.0444,0.1986,7/8/23 19:28,1.53,RIE,Promote Report Recall
20230807,1773594470158400 ,BR,,,1/1/00 0:00,0.8577,0.2805,7/8/23 19:28,0.54,Non-Auction Ads,Promote
20230807,1773600169376780 ,US,USCA,,1/1/00 0:00,,783.5812,14/8/23 20:32,1.78,Auction Ads,auction_relation
20230807,1773589858951170 ,ID,,,1/1/00 0:00,0.0526,0.8126,7/8/23 19:29,0.54,Non-Auction Ads,Promote
20230807,1773590450036730 ,ID,,,1/1/00 0:00,0.0455,0.2408,7/8/23 19:29,0.54,Non-Auction Ads,Promote
20230807,1773600706067480 ,US,USCA,,1/1/00 0:00,,783.5812,14/8/23 20:36,1.78,Auction Ads,auction_relation
20230807,1773595456900130 ,BR,,,1/1/00 0:00,0.5234,0.9719,7/8/23 19:29,0.54,Non-Auction Ads,Promote
20230807,1773590798948350 ,ID,,,1/1/00 0:00,0.3604,0.5423,7/8/23 19:29,0.54,Non-Auction Ads,Promote
20230807,1773594678794240 ,TR,,,1/1/00 0:00,1.9818,1.2666,7/8/23 19:30,0.54,Non-Auction Ads,Promote
20230807,1773599847205890 ,BR,,,1/1/00 0:00,2.3495,1.5837,7/8/23 19:30,1.53,RIE,Promote Report Recall
20230807,1773590598104060 ,ID,,,1/1/00 0:00,0.0482,0.2577,7/8/23 19:29,0.54,Non-Auction Ads,Promote
20230807,1773597686016000 ,US,USCA,,1/1/00 0:00,6.11,55.6583,7/8/23 19:55,1.78,Auction Ads,auction_relation
20230807,1773595421696000 ,BR,,,1/1/00 0:00,0.5295,0.2384,7/8/23 19:30,0.54,Non-Auction Ads,Promote
20230807,1773591477860350 ,US,,,1/1/00 0:00,0.75,4,7/8/23 19:32,0.54,Non-Auction Ads,Promote
20230807,1773591955111940 ,US,,,1/1/00 0:00,0.84,1.2359,7/8/23 19:31,0.54,Non-Auction Ads,Promote
20230807,1773600465078320 ,TR,TR,,1/1/00 0:00,0.7753,7.6866,7/8/23 19:35,0.83,Auction Ads,auction_relation
20230807,1773573604989980 ,IT,,,1/1/00 0:00,0.6711,1.6296,7/8/23 19:32,0.54,Non-Auction Ads,Promote
20230807,1773590916293630 ,ID,,,1/1/00 0:00,0.0523,0.1272,7/8/23 19:31,0.54,Non-Auction Ads,Promote
20230807,1773569748490300 ,SA,,,1/1/00 0:00,0.5917,0.4951,7/8/23 19:32,0.54,Non-Auction Ads,Promote
20230807,1773574338603010 ,SA,,,1/1/00 0:00,1.3383,2.5298,7/8/23 19:33,0.54,Non-Auction Ads,Promote
20230807,1773545528971260 ,VN,,,1/1/00 0:00,0.0505,1.0755,7/8/23 19:32,0.54,Non-Auction Ads,Promote
20230807,1773594477705220 ,BR,,,1/1/00 0:00,1.065,1.0017,7/8/23 19:33,0.54,Non-Auction Ads,Promote
20230807,1773578771780600 ,SA,,,1/1/00 0:00,0.2026,1.6021,7/8/23 19:34,0.54,Non-Auction Ads,Promote
20230807,1773599707778050 ,PH,,,1/1/00 0:00,0.0434,0.5093,7/8/23 19:33,0.54,Non-Auction Ads,Promote
20230807,1773595657336830 ,BR,,,1/1/00 0:00,6.1455,1.7073,7/8/23 19:34,0.54,Non-Auction Ads,Promote
20230807,1773595706764300 ,BR,,,1/1/00 0:00,1.3216,0.6759,7/8/23 19:34,0.54,Non-Auction Ads,Promote
20230807,1773600320623630 ,TH,TH,,1/1/00 0:00,0.4467,4.1799,7/8/23 19:36,1.87,RIE,Ad Group Recall (Merged)
20230807,1773599955591170 ,KH,,,1/1/00 0:00,0.2597,0.8334,7/8/23 19:35,0.54,Non-Auction Ads,Promote
20230807,1773600163016700 ,NL,,,1/1/00 0:00,3.8951,6.1004,7/8/23 19:37,0.54,Non-Auction Ads,Promote
20230807,1773603035696160 ,BR,BR,,1/1/00 0:00,,1.0892,7/8/23 19:35,1.99,Auction Ads,auction_all
20230807,1773600365638760 ,TH,TH,,1/1/00 0:00,0.6497,0,7/8/23 19:35,1.64,Auction Ads,auction_relation
20230807,1773595137980420 ,BR,,,1/1/00 0:00,0.987,0.342,7/8/23 19:35,0.54,Non-Auction Ads,Promote
20230807,1773600745483280 ,TH,TH,,1/1/00 0:00,11.004,11.8359,7/8/23 19:42,1.64,Auction Ads,auction_relation
20230807,1773600417814570 ,TH,TH,,1/1/00 0:00,0.2559,4.1799,7/8/23 19:38,1.87,RIE,Ad Group Recall (Merged)
20230807,1773600017785860 ,PT,,,1/1/00 0:00,0.319,0.4994,7/8/23 19:37,0.54,Non-Auction Ads,Promote
20230807,1773592312458340 ,US,,,1/1/00 0:00,0.59,2.559,7/8/23 19:37,0.54,Non-Auction Ads,Promote
20230807,1773579421651960 ,SA,,,1/1/00 0:00,5.2031,0,7/8/23 19:36,0.54,Non-Auction Ads,Promote
20230807,1773589081236480 ,US,,,1/1/00 0:00,1.5,4.94,7/8/23 19:39,0.54,Non-Auction Ads,Promote
20230807,1773595099118590 ,TR,,,1/1/00 0:00,0.0341,0.1822,7/8/23 19:37,0.54,Non-Auction Ads,Promote
20230807,1773596246973440 ,BR,,,1/1/00 0:00,0.6362,0.4265,7/8/23 19:37,0.54,Non-Auction Ads,Promote
20230807,1773580545735680 ,SA,,,1/1/00 0:00,0.1732,0.5987,7/8/23 19:37,0.54,Non-Auction Ads,Promote
20230807,1773600540602410 ,TH,TH,,1/1/00 0:00,1.1115,4.1799,7/8/23 19:40,1.87,RIE,Ad Group Recall (Merged)
20230807,1773590858308600 ,ID,,,1/1/00 0:00,0.0414,0.359,7/8/23 19:37,0.54,Non-Auction Ads,Promote
20230807,1773600332361730 ,BR,,,1/1/00 0:00,1.0651,0.4283,7/8/23 19:38,1.53,RIE,Promote Report Recall
20230807,1773580814271490 ,SA,,,1/1/00 0:00,0.8448,0.6561,7/8/23 19:38,0.54,Non-Auction Ads,Promote
20230807,1773594926181370 ,TR,,,1/1/00 0:00,0.8422,0.2714,7/8/23 19:38,0.54,Non-Auction Ads,Promote
20230807,1773600148414460 ,KH,,,1/1/00 0:00,0.3858,0.8334,7/8/23 19:39,0.54,Non-Auction Ads,Promote
20230807,1773599874438150 ,PL,,,1/1/00 0:00,0.9352,0.2858,7/8/23 19:39,0.54,Non-Auction Ads,Promote
20230807,1773600024240130 ,PL,,,1/1/00 0:00,0.5171,0.6311,7/8/23 19:40,0.54,Non-Auction Ads,Promote
20230807,1773600593103920 ,MX,MX,,1/1/00 0:00,1.0255,2.1265,7/8/23 19:41,1.99,Auction Ads,auction_all
20230807,1773596815677440 ,BR,,,1/1/00 0:00,1.0671,0.9808,7/8/23 19:41,0.54,Non-Auction Ads,Promote
20230807,1773596888596510 ,US,USCA,,1/1/00 0:00,1.76,3.0331,7/8/23 19:42,1.78,Auction Ads,auction_relation
20230807,1773596895026200 ,US,USCA,,1/1/00 0:00,2.02,3.0331,7/8/23 19:42,1.78,Auction Ads,auction_relation
20230807,1773596891783170 ,US,USCA,,1/1/00 0:00,2.31,3.0331,7/8/23 19:42,1.78,Auction Ads,auction_relation
20230807,1773598589344760 ,US,USCA,,1/1/00 0:00,33.88,65.2543,7/8/23 20:04,1.78,Auction Ads,auction_relation
20230807,1773597636138090 ,TR,TR,,1/1/00 0:00,2.8803,6.3457,7/8/23 19:43,0.83,Auction Ads,auction_relation
20230807,1773597636138090 ,IL,IL,,1/1/00 0:00,2.8803,6.3457,7/8/23 19:43,1.52,Auction Ads,auction_relation
20230807,1773597636138090 ,SE,SE,,1/1/00 0:00,2.8803,6.3457,7/8/23 19:43,1.4,Auction Ads,auction_relation
20230807,1773597636138090 ,TR,TR,,1/1/00 0:00,2.8803,6.3457,7/8/23 19:43,0.83,Auction Ads,auction_relation
20230807,1773597636138090 ,PL,PL,,1/1/00 0:00,2.8803,6.3457,7/8/23 19:43,1.64,Auction Ads,auction_relation
20230807,1773597636138090 ,NL,NL,,1/1/00 0:00,2.8803,6.3457,7/8/23 19:43,1.19,Auction Ads,auction_relation
20230807,1773597636138090 ,GR,GR,,1/1/00 0:00,2.8803,6.3457,7/8/23 19:43,2.11,Auction Ads,auction_relation
20230807,1773597636138090 ,IE,IE,,1/1/00 0:00,2.8803,6.3457,7/8/23 19:43,1.52,Auction Ads,auction_relation
20230807,1773597636138090 ,FR,FR,,1/1/00 0:00,2.8803,6.3457,7/8/23 19:43,1.97,Auction Ads,auction_relation
20230807,1773597636138090 ,GR,GR,,1/1/00 0:00,2.8803,6.3457,7/8/23 19:43,2.11,Auction Ads,auction_relation
20230807,1773591845347330 ,TH,,,1/1/00 0:00,0.0387,0.2667,7/8/23 19:42,0.54,Non-Auction Ads,Promote
20230807,1773592688859200 ,US,,,1/1/00 0:00,6.1,20.4254,7/8/23 19:49,0.54,Non-Auction Ads,Promote
20230807,1773592447281150 ,US,,,1/1/00 0:00,0.74,3.1029,7/8/23 19:43,0.54,Non-Auction Ads,Promote
20230807,1773600656641040 ,TH,TH,,1/1/00 0:00,1.1306,4.1799,7/8/23 19:43,1.87,RIE,Ad Group Recall (Merged)
20230807,1773600665700370 ,TH,TH,,1/1/00 0:00,0.4978,4.1799,7/8/23 19:43,1.87,RIE,Ad Group Recall (Merged)
20230807,1773600656650280 ,TH,TH,,1/1/00 0:00,0.9677,4.1799,7/8/23 19:43,1.87,RIE,Ad Group Recall (Merged)
20230807,1773600665681930 ,TH,TH,,1/1/00 0:00,1.1007,4.1799,7/8/23 19:43,1.87,RIE,Ad Group Recall (Merged)
20230807,1773600665690160 ,TH,TH,,1/1/00 0:00,0.9256,4.1799,7/8/23 19:43,1.87,RIE,Ad Group Recall (Merged)
20230807,1773581531638780 ,SA,,,1/1/00 0:00,0.9435,1.3784,7/8/23 19:43,0.54,Non-Auction Ads,Promote
20230807,1773605014301720 ,US,USCA,,1/1/00 0:00,,270.474,7/8/23 21:51,1.78,Auction Ads,auction_relation
20230807,1773581464701950 ,SA,,,1/1/00 0:00,0.8104,3.7805,7/8/23 19:44,0.54,Non-Auction Ads,Promote
20230807,1773581570712570 ,SA,,,1/1/00 0:00,0.7143,3.7805,7/8/23 19:44,0.54,Non-Auction Ads,Promote
20230807,1773600486639620 ,TH,,,1/1/00 0:00,7.72,1.827,7/8/23 19:44,1.53,RIE,Promote Report Recall
20230807,1773605119094810 ,US,USCA,,1/1/00 0:00,0,270.474,7/8/23 21:53,1.78,Auction Ads,auction_relation
20230807,1773592026288130 ,TH,,,1/1/00 0:00,0.0925,0.4052,7/8/23 19:43,0.54,Non-Auction Ads,Promote
20230807,1773604623397900 ,PE,Other,,1/1/00 0:00,2.94,3.5372,7/8/23 19:45,1.62,RIE,Ad Group Recall (Merged)
20230807,1773545996914690 ,VN,,,1/1/00 0:00,0.0756,0.3643,7/8/23 19:44,0.54,Non-Auction Ads,Promote
20230807,1773591736777720 ,ID,,,1/1/00 0:00,0.3645,3.1242,7/8/23 19:45,0.54,Non-Auction Ads,Promote
20230807,1773581841011710 ,SA,,,1/1/00 0:00,0.6343,1.7888,7/8/23 19:44,0.54,Non-Auction Ads,Promote
20230807,1773581001421820 ,SA,,,1/1/00 0:00,2.4577,0.457,7/8/23 19:44,0.54,Non-Auction Ads,Promote
20230807,1773582085649400 ,SA,,,1/1/00 0:00,25.7413,6.4135,7/8/23 19:47,0.54,Non-Auction Ads,Promote
20230807,1773600030965760 ,PH,,,1/1/00 0:00,0.1051,0.5119,7/8/23 19:44,0.54,Non-Auction Ads,Promote
20230807,1773600640961540 ,FR,,,1/1/00 0:00,0.9572,1.775,7/8/23 19:45,0.54,Non-Auction Ads,Promote
20230807,1773597163038720 ,BR,,,1/1/00 0:00,0.6402,0.3112,7/8/23 19:44,0.54,Non-Auction Ads,Promote
20230807,1773547636155440 ,AU,AU,,1/1/00 0:00,0,677.8755,8/8/23 14:00,1.43,Non-Auction Ads,R&F
20230807,1773596985234450 ,BR,,,1/1/00 0:00,0.712,0.4899,7/8/23 19:45,0.54,Non-Auction Ads,Promote
20230807,1773600831845410 ,BR,BR,,1/1/00 0:00,1.4294,2.2826,7/8/23 19:46,1.99,Auction Ads,auction_all
20230807,1773600831845410 ,PE,PE,,1/1/00 0:00,1.4294,2.2826,7/8/23 19:46,1.68,Auction Ads,auction_all
20230807,1773600831845410 ,PE,PE,,1/1/00 0:00,1.4294,2.2826,7/8/23 19:46,1.68,Auction Ads,auction_all
20230807,1773581914771450 ,SA,,,1/1/00 0:00,0.3545,0.4498,7/8/23 19:46,0.54,Non-Auction Ads,Promote
20230807,1773591647338490 ,ID,,,1/1/00 0:00,0.5693,3.1242,7/8/23 19:47,0.54,Non-Auction Ads,Promote
20230807,1773592072090620 ,TH,,,1/1/00 0:00,0.2474,0,7/8/23 19:46,0.54,Non-Auction Ads,Promote
20230807,1773601091306490 ,US,US&CA,,1/1/00 0:00,6.07,5.5372,7/8/23 19:48,1.81,RIE,Ad Group Recall (Merged)
20230807,1773594119557120 ,GB,,,1/1/00 0:00,1.2621,2.2941,7/8/23 19:47,0.54,Non-Auction Ads,Promote
20230807,1773592462350330 ,TH,,,1/1/00 0:00,0.0848,0.1239,7/8/23 19:46,0.54,Non-Auction Ads,Promote
20230807,1773600779564030 ,TH,,,1/1/00 0:00,10.26,1.262,7/8/23 19:47,1.53,RIE,Promote Report Recall
20230807,1773582543709180 ,SA,,,1/1/00 0:00,3.204,1.3799,7/8/23 19:47,0.54,Non-Auction Ads,Promote
20230807,1773582635082750 ,SA,,,1/1/00 0:00,0.6744,1.3784,7/8/23 19:48,0.54,Non-Auction Ads,Promote
20230807,1773601214826520 ,BR,BR,,1/1/00 0:00,1.6107,1.5537,7/8/23 19:48,1.99,Auction Ads,auction_all
20230807,1773573735367680 ,OM,Others,,1/1/00 0:00,24.35,34.6116,7/8/23 20:00,1.53,Non-Auction Ads,R&F
20230807,1773596947345410 ,BR,,,1/1/00 0:00,0.5256,0.4696,7/8/23 19:49,0.54,Non-Auction Ads,Promote
20230807,1773600869915650 ,TH,,,1/1/00 0:00,4.22,1.2152,7/8/23 19:49,1.53,RIE,Promote Report Recall
20230807,1773597030149150 ,BR,,,1/1/00 0:00,0.948,1.591,7/8/23 19:50,0.54,Non-Auction Ads,Promote
20230807,1773591986353150 ,ID,,,1/1/00 0:00,0.0531,0.4488,7/8/23 19:50,0.54,Non-Auction Ads,Promote
20230807,1773583797026810 ,SA,,,1/1/00 0:00,1.5621,1.2011,7/8/23 19:50,0.54,Non-Auction Ads,Promote
20230807,1773592395794430 ,US,,,1/1/00 0:00,1.08,1.4572,7/8/23 19:50,0.54,Non-Auction Ads,Promote
20230807,1773602870409260 ,BR,BR,,1/1/00 0:00,,59.9348,7/8/23 20:12,1.99,Auction Ads,auction_all
20230807,1773600597420030 ,KH,,,1/1/00 0:00,0.0455,0.1383,7/8/23 19:50,0.54,Non-Auction Ads,Promote
20230807,1773601152031750 ,CZ,,,1/1/00 0:00,0.204,1.5255,7/8/23 19:51,1.53,RIE,Promote Report Recall
20230807,1773583052481530 ,SA,,,1/1/00 0:00,18.3994,4.4009,7/8/23 19:52,0.54,Non-Auction Ads,Promote
20230807,1773592285471740 ,ID,,,1/1/00 0:00,0.1535,0.7202,7/8/23 19:50,0.54,Non-Auction Ads,Promote
20230807,1773592885471230 ,TH,,,1/1/00 0:00,0.0289,0.1881,7/8/23 19:50,0.54,Non-Auction Ads,Promote
20230807,1773592364981240 ,ID,,,1/1/00 0:00,0.2722,0.8057,7/8/23 19:51,0.54,Non-Auction Ads,Promote
20230807,1773600926816260 ,TH,,,1/1/00 0:00,9.46,3.2667,7/8/23 19:52,1.53,RIE,Promote Report Recall
20230807,1773546298055680 ,VN,,,1/1/00 0:00,0.1279,4.8047,7/8/23 19:53,0.54,Non-Auction Ads,Promote
20230807,1773595059137530 ,TR,,,1/1/00 0:00,0.2154,0.062,7/8/23 19:51,0.54,Non-Auction Ads,Promote
20230807,1773582502051840 ,SA,,,1/1/00 0:00,1.0742,0.462,7/8/23 19:51,0.54,Non-Auction Ads,Promote
20230807,1773598479549450 ,DE,DE,,1/1/00 0:00,,44.5525,7/8/23 20:07,1.01,Auction Ads,auction_relation
20230807,1773601088067580 ,TH,,,1/1/00 0:00,10.26,2.4319,7/8/23 19:52,1.53,RIE,Promote Report Recall
20230807,1773592223235070 ,ID,,,1/1/00 0:00,0.1752,0.2488,7/8/23 19:52,0.54,Non-Auction Ads,Promote
20230807,1773592131265530 ,ID,,,1/1/00 0:00,0.0365,0.2602,7/8/23 19:52,0.54,Non-Auction Ads,Promote
20230807,1773594390086660 ,GB,,,1/1/00 0:00,2.7156,3.8944,7/8/23 19:54,0.54,Non-Auction Ads,Promote
20230807,1773601532131320 ,BR,BR,,1/1/00 0:00,,6.8155,7/8/23 19:55,1.99,Auction Ads,auction_all
20230807,1773597932882950 ,BR,,,1/1/00 0:00,0.4762,0.4104,7/8/23 19:52,0.54,Non-Auction Ads,Promote
20230807,1773307911856170 ,AE,KW/AE/SA,,1/1/00 0:00,81.09,25.6754,7/8/23 20:00,1.43,Non-Auction Ads,R&F
20230807,1773307911856170 ,AE,KW/AE/SA,,1/1/00 0:00,81.09,25.6754,7/8/23 20:00,1.43,Non-Auction Ads,R&F
20230807,1773307911856170 ,AE,KW/AE/SA,,1/1/00 0:00,81.09,25.6754,7/8/23 20:00,1.43,Non-Auction Ads,R&F
20230807,1773307911856170 ,AE,KW/AE/SA,,1/1/00 0:00,81.09,25.6754,7/8/23 20:00,1.43,Non-Auction Ads,R&F
20230807,1773307911856170 ,AE,KW/AE/SA,,1/1/00 0:00,81.09,25.6754,7/8/23 20:00,1.43,Non-Auction Ads,R&F
20230807,1773307911856170 ,AE,KW/AE/SA,,1/1/00 0:00,81.09,25.6754,7/8/23 20:00,1.43,Non-Auction Ads,R&F
20230807,1773597499924480 ,MY,,,1/1/00 0:00,0.1603,2.6074,7/8/23 19:53,0.54,Non-Auction Ads,Promote
20230807,1773601460445200 ,TH,TH,,1/1/00 0:00,0.0817,4.1799,7/8/23 19:55,1.87,RIE,Ad Group Recall (Merged)
20230807,1773584983026680 ,SA,,,1/1/00 0:00,3.0973,10.2339,7/8/23 19:57,0.54,Non-Auction Ads,Promote
20230807,1773592313016320 ,ID,,,1/1/00 0:00,0.0708,0.5146,7/8/23 19:53,0.54,Non-Auction Ads,Promote
20230807,1773598177451010 ,BR,,,1/1/00 0:00,0.4741,0.5966,7/8/23 19:53,0.54,Non-Auction Ads,Promote
20230807,1773599806233650 ,US,USCA,,1/1/00 0:00,11.1,49.4857,7/8/23 20:11,1.78,Auction Ads,auction_relation
20230807,1773583548333100 ,JP,JP,,1/1/00 0:00,76.09,29.2393,7/8/23 20:03,2.16,Auction Ads,auction_all
20230807,1773598296869890 ,BR,,,1/1/00 0:00,11.9256,6.5236,7/8/23 19:57,0.54,Non-Auction Ads,Promote
20230807,1773595122116640 ,GB,,,1/1/00 0:00,4.4366,3.7144,7/8/23 19:56,0.54,Non-Auction Ads,Promote
20230807,1773602079150110 ,BR,BR,,1/1/00 0:00,,0.7336,7/8/23 19:54,1.99,Auction Ads,auction_all
20230807,1773582825670650 ,SA,,,1/1/00 0:00,0.248,0.5227,7/8/23 19:54,0.54,Non-Auction Ads,Promote
20230807,1773598363108350 ,BR,,,1/1/00 0:00,1.2003,0.977,7/8/23 19:55,0.54,Non-Auction Ads,Promote
20230807,1773593386060800 ,TH,,,1/1/00 0:00,0.1417,0.8682,7/8/23 19:55,0.54,Non-Auction Ads,Promote
20230807,1773601522295850 ,TH,TH,,1/1/00 0:00,0.0508,4.1799,7/8/23 19:57,1.87,RIE,Ad Group Recall (Merged)
20230807,1773601493675050 ,TH,TH,,1/1/00 0:00,0.2914,4.1799,7/8/23 19:57,1.87,RIE,Ad Group Recall (Merged)
20230807,1773601543342090 ,TH,TH,,1/1/00 0:00,0.4546,4.1799,7/8/23 19:57,1.87,RIE,Ad Group Recall (Merged)
20230807,1773601543351340 ,TH,TH,,1/1/00 0:00,1.0635,4.1799,7/8/23 19:57,1.87,RIE,Ad Group Recall (Merged)
20230807,1773601522277390 ,TH,TH,,1/1/00 0:00,0.1336,4.1799,7/8/23 19:57,1.87,RIE,Ad Group Recall (Merged)
20230807,1773569496561690 ,US,USCA,,1/1/00 0:00,,486.6138,8/8/23 0:00,1.78,Auction Ads,auction_relation
20230807,1773598385196030 ,BR,,,1/1/00 0:00,1.5513,1.3467,7/8/23 19:56,0.54,Non-Auction Ads,Promote
20230807,1773598905003010 ,DE,DE,,1/1/00 0:00,0.396,55.2631,7/8/23 20:15,1.01,Auction Ads,auction_relation
20230807,1773584795134970 ,SA,,,1/1/00 0:00,2.0792,10.2339,7/8/23 19:59,0.54,Non-Auction Ads,Promote
20230807,1773602235913230 ,MA,Other,,1/1/00 0:00,2.5719,3.2798,7/8/23 19:57,1.62,RIE,Ad Group Recall (Merged)
20230807,1773601615559690 ,TH,TH,,1/1/00 0:00,,2.1135,7/8/23 19:57,1.64,Auction Ads,auction_relation
20230807,1773601610262560 ,TH,TH,,1/1/00 0:00,,2.1135,7/8/23 19:57,1.64,Auction Ads,auction_relation
20230807,1773593012017150 ,US,,,1/1/00 0:00,1.46,4,7/8/23 19:57,0.54,Non-Auction Ads,Promote
20230807,1773601742097420 ,BR,BR,,1/1/00 0:00,0.04,3.2927,7/8/23 19:57,1.99,Auction Ads,auction_all
20230807,1773584849357820 ,SA,,,1/1/00 0:00,2.5723,0.711,7/8/23 19:57,0.54,Non-Auction Ads,Promote
20230807,1773598816074750 ,BR,,,1/1/00 0:00,0.9583,1.8968,7/8/23 19:58,0.54,Non-Auction Ads,Promote
20230807,1773594072400890 ,TH,,,1/1/00 0:00,0.0409,0.4128,7/8/23 19:58,0.54,Non-Auction Ads,Promote
20230807,1773601471898620 ,EG,,,1/1/00 0:00,0.414,1.3725,7/8/23 19:58,1.53,RIE,Promote Report Recall
20230807,1773599024322560 ,BR,,,1/1/00 0:00,0.5951,0.2534,7/8/23 19:58,0.54,Non-Auction Ads,Promote
20230807,1773601083488260 ,FR,,,1/1/00 0:00,0.8472,1.6394,7/8/23 19:58,0.54,Non-Auction Ads,Promote
20230807,1773594264506370 ,TH,,,1/1/00 0:00,0.0998,0.0698,7/8/23 19:58,0.54,Non-Auction Ads,Promote
20230807,1773598106929160 ,SE,SE,,1/1/00 0:00,5.1006,2.1259,7/8/23 19:58,1.4,Auction Ads,auction_relation
20230807,1773598106929160 ,PL,PL,,1/1/00 0:00,5.1006,2.1259,7/8/23 19:58,1.64,Auction Ads,auction_relation
20230807,1773598106929160 ,PT,PT,,1/1/00 0:00,5.1006,2.1259,7/8/23 19:58,1.98,Auction Ads,auction_relation
20230807,1773598106929160 ,FI,Others,,1/1/00 0:00,5.1006,2.1259,7/8/23 19:58,1.56,Auction Ads,auction_all
20230807,1773593898845190 ,CA,,,1/1/00 0:00,0.3589,1.0461,7/8/23 19:59,0.54,Non-Auction Ads,Promote
20230807,1773594282576890 ,TH,,,1/1/00 0:00,0.0474,0.7485,7/8/23 19:59,0.54,Non-Auction Ads,Promote
20230807,1773598346498050 ,BR,,,1/1/00 0:00,0.9952,0.8359,7/8/23 19:59,0.54,Non-Auction Ads,Promote
20230807,1773594281441280 ,TH,,,1/1/00 0:00,0.2678,0.9992,7/8/23 19:59,0.54,Non-Auction Ads,Promote
20230807,1773585045164030 ,SA,,,1/1/00 0:00,2.7269,10.2339,7/8/23 20:01,0.54,Non-Auction Ads,Promote
20230807,1773598109561870 ,GR,GR,,1/1/00 0:00,,6.3457,7/8/23 20:01,2.11,Auction Ads,auction_relation
20230807,1773596869823530 ,CL,CL,,1/1/00 0:00,4.82,2.4611,7/8/23 20:00,1.85,Auction Ads,auction_all
20230807,1773573166395440 ,TH,TH,,1/1/00 0:00,1.12,1.8537,7/8/23 20:00,1.64,Auction Ads,auction_relation
20230807,1773602623223810 ,PE,PE,,1/1/00 0:00,5.49,12.244,7/8/23 20:05,1.68,Auction Ads,auction_all
20230807,1773592456065120 ,BR,,,1/1/00 0:00,1.2147,1.591,7/8/23 20:00,0.54,Non-Auction Ads,Promote
20230807,1771117163924490 ,AE,KW/AE/SA,,1/1/00 0:00,46.09,0,7/8/23 20:00,1.43,Non-Auction Ads,R&F
20230807,1771117163924490 ,AE,KW/AE/SA,,1/1/00 0:00,46.09,0,7/8/23 20:00,1.43,Non-Auction Ads,R&F
20230807,1773551144201230 ,AE,KW/AE/SA,,1/1/00 0:00,79.19,0,7/8/23 20:00,1.43,Non-Auction Ads,R&F
20230807,1771117163924490 ,AE,KW/AE/SA,,1/1/00 0:00,46.09,0,7/8/23 20:00,1.43,Non-Auction Ads,R&F
20230807,1771117163924490 ,AE,KW/AE/SA,,1/1/00 0:00,46.09,0,7/8/23 20:00,1.43,Non-Auction Ads,R&F
20230807,1771117163924490 ,AE,KW/AE/SA,,1/1/00 0:00,46.09,0,7/8/23 20:00,1.43,Non-Auction Ads,R&F
20230807,1773575798854660 ,IT,,,1/1/00 0:00,0.473,0.8341,7/8/23 20:01,0.54,Non-Auction Ads,Promote
20230807,1773586394779650 ,SA,,,1/1/00 0:00,0.3093,0.81,7/8/23 20:01,0.54,Non-Auction Ads,Promote
20230807,1773594438097920 ,TH,,,1/1/00 0:00,0.2291,0.6827,7/8/23 20:01,0.54,Non-Auction Ads,Promote
20230807,1773599888283650 ,MY,,,1/1/00 0:00,0.0636,1.8301,7/8/23 20:01,0.54,Non-Auction Ads,Promote
20230807,1773602235300890 ,BR,BR,,1/1/00 0:00,3.1769,10.1821,7/8/23 20:05,1.7,RIE,Ad Group Recall (Merged)
20230807,1773597840608250 ,IL,,,1/1/00 0:00,0.4326,0.8113,7/8/23 20:02,0.54,Non-Auction Ads,Promote
20230807,1773598162680830 ,TR,TR,,1/1/00 0:00,2.7725,1.9896,7/8/23 20:02,0.83,Auction Ads,auction_relation
20230807,1773595227621370 ,TR,,,1/1/00 0:00,0.0629,0.1191,7/8/23 20:02,0.54,Non-Auction Ads,Promote
20230807,1773595370849280 ,TR,,,1/1/00 0:00,0.0752,0.1699,7/8/23 20:02,0.54,Non-Auction Ads,Promote
20230807,1773602128515100 ,BR,BR,,1/1/00 0:00,3.17,2.6358,7/8/23 20:03,1.99,Auction Ads,auction_all
20230807,1773596672358420 ,DE,,,1/1/00 0:00,1.8155,1.727,7/8/23 20:04,0.54,Non-Auction Ads,Promote
20230807,1773594849162240 ,TH,,,1/1/00 0:00,0.1143,0.2839,7/8/23 20:03,0.54,Non-Auction Ads,Promote
20230807,1773593803956220 ,US,,,1/1/00 0:00,0,0.3908,7/8/23 20:03,0.54,Non-Auction Ads,Promote
20230807,1773602484810760 ,BR,BR,,1/1/00 0:00,1.0505,3.0485,7/8/23 20:05,1.99,Auction Ads,auction_all
20230807,1773601649281020 ,HU,,,1/1/00 0:00,0.2065,0.916,7/8/23 20:04,0.54,Non-Auction Ads,Promote
20230807,1773601739167750 ,HU,,,1/1/00 0:00,0.116,0.916,7/8/23 20:05,0.54,Non-Auction Ads,Promote
20230807,1773595644023810 ,TR,,,1/1/00 0:00,0.0726,0.2596,7/8/23 20:04,0.54,Non-Auction Ads,Promote
20230807,1773595117135870 ,TH,,,1/1/00 0:00,0.248,0.7061,7/8/23 20:05,0.54,Non-Auction Ads,Promote
20230807,1773594039242750 ,CA,,,1/1/00 0:00,0.4187,1.7995,7/8/23 20:05,0.54,Non-Auction Ads,Promote
20230807,1773606208407580 ,BR,BR,,1/1/00 0:00,1.7206,129.7747,7/8/23 21:00,1.99,Auction Ads,auction_all
20230807,1773597007768580 ,DE,,,1/1/00 0:00,1.6614,1.0984,7/8/23 20:05,0.54,Non-Auction Ads,Promote
20230807,1773593879241730 ,US,,,1/1/00 0:00,1.04,3.9931,7/8/23 20:07,0.54,Non-Auction Ads,Promote
20230807,1773602111079440 ,BR,BR,,1/1/00 0:00,1.5392,1.5537,7/8/23 20:06,1.7,RIE,Ad Group Recall (Merged)
20230807,1773602113268730 ,BR,BR,,1/1/00 0:00,1.6194,0.3041,7/8/23 20:06,1.99,Auction Ads,auction_all
20230807,1773602081194030 ,BR,BR,,1/1/00 0:00,1.9694,0.3041,7/8/23 20:06,1.99,Auction Ads,auction_all
20230807,1773586896736250 ,SA,,,1/1/00 0:00,1.6766,1.1123,7/8/23 20:06,0.54,Non-Auction Ads,Promote
20230807,1773599247410180 ,BR,,,1/1/00 0:00,0.6813,1.0897,7/8/23 20:06,0.54,Non-Auction Ads,Promote
20230807,1773592202892290 ,BR,,,1/1/00 0:00,0.4475,1.1773,7/8/23 20:07,0.54,Non-Auction Ads,Promote
20230807,1773595293228030 ,TH,,,1/1/00 0:00,0.1501,0.6923,7/8/23 20:07,0.54,Non-Auction Ads,Promote
20230807,1773585913271290 ,SA,,,1/1/00 0:00,0.1813,0.7508,7/8/23 20:07,0.54,Non-Auction Ads,Promote
20230807,1773595281874940 ,GB,,,1/1/00 0:00,0.2677,1.9637,7/8/23 20:07,0.54,Non-Auction Ads,Promote
20230807,1773603637154860 ,BR,BR,,1/1/00 0:00,,6.6508,7/8/23 20:09,1.99,Auction Ads,auction_all
20230807,1773597507038210 ,DE,,,1/1/00 0:00,0.8361,2.404,7/8/23 20:08,0.54,Non-Auction Ads,Promote
20230807,1773592459200510 ,US,,,1/1/00 0:00,0.95,3.3333,7/8/23 20:08,0.54,Non-Auction Ads,Promote
20230807,1773602189244420 ,TH,,,1/1/00 0:00,14.99,2.7026,7/8/23 20:08,1.53,RIE,Promote Report Recall
20230807,1773600798036990 ,PL,,,1/1/00 0:00,0.44,4.4953,7/8/23 20:09,0.54,Non-Auction Ads,Promote
20230807,1773595958823930 ,TR,,,1/1/00 0:00,0.3478,0.1484,7/8/23 20:07,0.54,Non-Auction Ads,Promote
20230807,1773601815215100 ,MY,,,1/1/00 0:00,0.0242,0.6696,7/8/23 20:08,0.54,Non-Auction Ads,Promote
20230807,1773602392521730 ,TH,,,1/1/00 0:00,12.61,9.27,7/8/23 20:11,1.53,RIE,Promote Report Recall
20230807,1773599105199100 ,TH,TH,,1/1/00 0:00,7.27,16.4857,7/8/23 20:15,1.64,Auction Ads,auction_relation
20230807,1773599105199100 ,EC,Others,,1/1/00 0:00,7.27,16.4857,7/8/23 20:15,1.56,Auction Ads,auction_all
20230807,1773597407405060 ,DE,,,1/1/00 0:00,0.8802,3.1505,7/8/23 20:09,0.54,Non-Auction Ads,Promote
20230807,1773599946694660 ,BR,,,1/1/00 0:00,1.9411,1.272,7/8/23 20:08,0.54,Non-Auction Ads,Promote
20230807,1773586668184570 ,SA,,,1/1/00 0:00,0.1599,0.55,7/8/23 20:09,0.54,Non-Auction Ads,Promote
20230807,1773602365284350 ,CA,US&CA,,1/1/00 0:00,3.95,1.7648,7/8/23 20:09,1.81,RIE,Ad Group Recall (Merged)
20230807,1773598232819710 ,DE,,,1/1/00 0:00,4.2802,2.7734,7/8/23 20:10,0.54,Non-Auction Ads,Promote
20230807,1773596025448440 ,TR,,,1/1/00 0:00,0.0759,1.0395,7/8/23 20:10,0.54,Non-Auction Ads,Promote
20230807,1773599987072020 ,BR,,,1/1/00 0:00,0.9071,0.3557,7/8/23 20:10,0.54,Non-Auction Ads,Promote
20230807,1773599657396220 ,IL,,,1/1/00 0:00,0.2927,0.8511,7/8/23 20:10,0.54,Non-Auction Ads,Promote
20230807,1773596045006840 ,TR,,,1/1/00 0:00,0.0964,0.0947,7/8/23 20:10,0.54,Non-Auction Ads,Promote
20230807,1773588597557310 ,SA,,,1/1/00 0:00,0.2159,1.6785,7/8/23 20:11,0.54,Non-Auction Ads,Promote
20230807,1773602203779100 ,PE,PE,,1/1/00 0:00,3.5317,3.3917,7/8/23 20:12,1.68,Auction Ads,auction_all
20230807,1773600006844470 ,BR,,,1/1/00 0:00,0.5191,0.3092,7/8/23 20:10,0.54,Non-Auction Ads,Promote
20230807,1773596496024580 ,GB,,,1/1/00 0:00,0.7904,0.9413,7/8/23 20:11,0.54,Non-Auction Ads,Promote
20230807,1773602779734050 ,BR,BR,,1/1/00 0:00,5.87,11.8571,7/8/23 20:16,1.99,Auction Ads,auction_all
20230807,1773593591743490 ,US,,,1/1/00 0:00,0.72,1.1158,7/8/23 20:11,0.54,Non-Auction Ads,Promote
20230807,1773600087179270 ,BR,,,1/1/00 0:00,1.1223,0.4897,7/8/23 20:12,0.54,Non-Auction Ads,Promote
20230807,1773590520975360 ,SA,,,1/1/00 0:00,3.5639,3.2787,7/8/23 20:13,0.54,Non-Auction Ads,Promote
20230807,1773602420061200 ,TH,,,1/1/00 0:00,7.76,2.475,7/8/23 20:13,1.53,RIE,Promote Report Recall
20230807,1773600021505020 ,BR,,,1/1/00 0:00,0.4554,0.2814,7/8/23 20:12,0.54,Non-Auction Ads,Promote
20230807,1773600284722180 ,BR,,,1/1/00 0:00,0.4187,0.1368,7/8/23 20:12,0.54,Non-Auction Ads,Promote
20230807,1773585950144510 ,SA,,,1/1/00 0:00,1.0422,0.9584,7/8/23 20:13,0.54,Non-Auction Ads,Promote
20230807,1773596957326330 ,TH,,,1/1/00 0:00,0.0707,0.4891,7/8/23 20:12,0.54,Non-Auction Ads,Promote
20230807,1773599658959870 ,DE,,,1/1/00 0:00,0.7041,2.3738,7/8/23 20:14,0.54,Non-Auction Ads,Promote
20230807,1773594186674170 ,ID,,,1/1/00 0:00,0.0017,3.8402,7/8/23 20:15,0.54,Non-Auction Ads,Promote
20230807,1773590599065600 ,SA,,,1/1/00 0:00,0.6556,0.7225,7/8/23 20:14,0.54,Non-Auction Ads,Promote
20230807,1773597334528000 ,TH,,,1/1/00 0:00,0.0693,0.567,7/8/23 20:14,0.54,Non-Auction Ads,Promote
20230807,1773605615641600 ,BR,BR,,1/1/00 0:00,10.9714,111.458,7/8/23 21:00,1.99,Auction Ads,auction_all
20230807,1773597479109630 ,TH,,,1/1/00 0:00,0.0637,0.567,7/8/23 20:15,0.54,Non-Auction Ads,Promote
20230807,1773602957912090 ,BR,BR,,1/1/00 0:00,2.04,11.8571,7/8/23 20:20,1.99,Auction Ads,auction_all
20230807,1773602957910030 ,BR,BR,,1/1/00 0:00,5.85,11.8571,7/8/23 20:20,1.99,Auction Ads,auction_all
20230807,1773602976514040 ,BR,BR,,1/1/00 0:00,2.9,11.8571,7/8/23 20:20,1.99,Auction Ads,auction_all
20230807,1773602590151680 ,GR,,,1/1/00 0:00,0.099,0.1589,7/8/23 20:15,1.53,RIE,Promote Report Recall
20230807,1773594123212800 ,ID,,,1/1/00 0:00,0.0611,0.399,7/8/23 20:15,0.54,Non-Auction Ads,Promote
20230807,1773602668311550 ,TH,,,1/1/00 0:00,2.33,2.7031,7/8/23 20:16,1.53,RIE,Promote Report Recall
20230807,1773594472396800 ,US,,,1/1/00 0:00,0.27,3.9,7/8/23 20:17,0.54,Non-Auction Ads,Promote
20230807,1773597281385470 ,TH,,,1/1/00 0:00,0.0568,0.2939,7/8/23 20:15,0.54,Non-Auction Ads,Promote
20230807,1773594594621440 ,ID,,,1/1/00 0:00,0.0478,0.5709,7/8/23 20:15,0.54,Non-Auction Ads,Promote
20230807,1773603268096010 ,TR,TR,,1/1/00 0:00,0.2778,1.853,7/8/23 20:16,0.83,Auction Ads,auction_relation
20230807,1773591383961600 ,SA,,,1/1/00 0:00,0.8211,0.5113,7/8/23 20:16,0.54,Non-Auction Ads,Promote
20230807,1773595010933760 ,ID,,,1/1/00 0:00,0.0549,0,7/8/23 20:17,0.54,Non-Auction Ads,Promote
20230807,1773602713680900 ,TH,,,1/1/00 0:00,0.91,1.6271,7/8/23 20:18,1.53,RIE,Promote Report Recall
20230807,1773599838761980 ,BR,,,1/1/00 0:00,0.7429,1.2085,7/8/23 20:18,0.54,Non-Auction Ads,Promote
20230807,1773606561806360 ,BR,BR,,1/1/00 0:00,2.4828,129.7747,7/8/23 21:14,1.99,Auction Ads,auction_all
20230807,1773602441573390 ,GR,,,1/1/00 0:00,0.22,0.3445,7/8/23 20:18,0.54,Non-Auction Ads,Promote
20230807,1773599905438720 ,IL,,,1/1/00 0:00,0.3639,1.5621,7/8/23 20:18,0.54,Non-Auction Ads,Promote
20230807,1773596731892730 ,TR,,,1/1/00 0:00,0.6067,0.6134,7/8/23 20:18,0.54,Non-Auction Ads,Promote
20230807,1773590876864510 ,SA,,,1/1/00 0:00,0.1785,0.032,7/8/23 20:18,0.54,Non-Auction Ads,Promote
20230807,1773596616391680 ,TR,,,1/1/00 0:00,0.5755,0.1303,7/8/23 20:19,0.54,Non-Auction Ads,Promote
20230807,1773595378012160 ,ID,,,1/1/00 0:00,0.0566,0.27,7/8/23 20:19,0.54,Non-Auction Ads,Promote
20230807,1773603325896730 ,IQ,Others,,1/1/00 0:00,4.38,2.6391,7/8/23 20:20,1.56,Auction Ads,auction_all
20230807,1773603325896730 ,IQ,Others,,1/1/00 0:00,4.38,2.6391,7/8/23 20:20,1.56,Auction Ads,auction_all
20230807,1773590967422970 ,SA,,,1/1/00 0:00,0.3759,0.4983,7/8/23 20:20,0.54,Non-Auction Ads,Promote
20230807,1773600033934330 ,IL,,,1/1/00 0:00,0.0931,1.5621,7/8/23 20:21,0.54,Non-Auction Ads,Promote
20230807,1773600935098360 ,PL,PL,,1/1/00 0:00,1.4446,12.2837,7/8/23 20:26,1.64,Auction Ads,auction_relation
20230807,1773606867133440 ,BR,BR,,1/1/00 0:00,2.7343,129.7747,7/8/23 21:18,1.99,Auction Ads,auction_all
20230807,1773590686109690 ,SA,,,1/1/00 0:00,2.3644,1.2062,7/8/23 20:21,0.54,Non-Auction Ads,Promote
20230807,1773597019970560 ,TR,,,1/1/00 0:00,0.2164,0.2389,7/8/23 20:21,0.54,Non-Auction Ads,Promote
20230807,1773602541902850 ,TH,,,1/1/00 0:00,5.62,1.6667,7/8/23 20:21,1.53,RIE,Promote Report Recall
20230807,1773601780689920 ,DE,,,1/1/00 0:00,0.5061,2.404,7/8/23 20:22,0.54,Non-Auction Ads,Promote
20230807,1773183733971960 ,SA,KW/AE/SA,,1/1/00 0:00,175.9,90.5749,7/8/23 21:00,1.43,Non-Auction Ads,R&F
20230807,1773598094087170 ,TH,,,1/1/00 0:00,0.0674,0.3503,7/8/23 20:21,0.54,Non-Auction Ads,Promote
20230807,1773602524248060 ,TH,,,1/1/00 0:00,13.4,1.4288,7/8/23 20:22,1.53,RIE,Promote Report Recall
20230807,1773600366565430 ,BR,,,1/1/00 0:00,0.6998,0.342,7/8/23 20:22,0.54,Non-Auction Ads,Promote
20230807,1773600776614930 ,US,USCA,,1/1/00 0:00,10.4,49.4857,7/8/23 20:40,1.78,Auction Ads,auction_relation
20230807,1773603262869530 ,TH,TH,,1/1/00 0:00,1.2103,4.1799,7/8/23 20:23,1.87,RIE,Ad Group Recall (Merged)
20230807,1773603262887960 ,TH,TH,,1/1/00 0:00,1.3182,4.1799,7/8/23 20:23,1.87,RIE,Ad Group Recall (Merged)
20230807,1773603269724170 ,TH,TH,,1/1/00 0:00,0.593,4.1799,7/8/23 20:23,1.87,RIE,Ad Group Recall (Merged)
20230807,1773603269742590 ,TH,TH,,1/1/00 0:00,0.4384,4.1799,7/8/23 20:23,1.87,RIE,Ad Group Recall (Merged)
20230807,1773603262878720 ,TH,TH,,1/1/00 0:00,0.914,4.1799,7/8/23 20:23,1.87,RIE,Ad Group Recall (Merged)
20230807,1773592941172730 ,SA,,,1/1/00 0:00,1.4342,0.6702,7/8/23 20:23,0.54,Non-Auction Ads,Promote
20230807,1773603135551490 ,TH,,,1/1/00 0:00,8.36,1.4688,7/8/23 20:23,1.53,RIE,Promote Report Recall
20230807,1773595700829180 ,ID,,,1/1/00 0:00,0.2548,0,7/8/23 20:22,0.54,Non-Auction Ads,Promote
20230807,1773596905942010 ,TR,,,1/1/00 0:00,0.2074,0.2714,7/8/23 20:23,0.54,Non-Auction Ads,Promote
20230807,1773596013438970 ,ID,,,1/1/00 0:00,0.0397,0.9739,7/8/23 20:23,0.54,Non-Auction Ads,Promote
20230807,1773600402085920 ,GR,GR,,1/1/00 0:00,0.5501,3.2159,7/8/23 20:23,2.11,Auction Ads,auction_relation
20230807,1773592532656130 ,SA,,,1/1/00 0:00,6.0641,4.9355,7/8/23 20:24,0.54,Non-Auction Ads,Promote
20230807,1773604198881320 ,BR,BR,,1/1/00 0:00,1.1204,0.9522,7/8/23 20:24,1.99,Auction Ads,auction_all
20230807,1773595244717090 ,GB,,,1/1/00 0:00,2.1672,1.8453,7/8/23 20:24,0.54,Non-Auction Ads,Promote
20230807,1773595381663740 ,ID,,,1/1/00 0:00,0.0409,0.4339,7/8/23 20:24,0.54,Non-Auction Ads,Promote
20230807,1773599927709690 ,IL,,,1/1/00 0:00,0.1752,1.5621,7/8/23 20:24,0.54,Non-Auction Ads,Promote
20230807,1773596066779130 ,ID,,,1/1/00 0:00,0.0256,0.9739,7/8/23 20:24,0.54,Non-Auction Ads,Promote
20230807,1773596297723900 ,TR,,,1/1/00 0:00,0.0278,0.3188,7/8/23 20:25,0.54,Non-Auction Ads,Promote
20230807,1773599693326380 ,TR,TR,,1/1/00 0:00,0.3713,4.4531,7/8/23 20:26,1.63,RIE,Ad Group Recall (Merged)
20230807,1773599693326380 ,ID,ID,,1/1/00 0:00,0.3713,4.4531,7/8/23 20:26,1.8,Auction Ads,auction_relation
20230807,1773599693326380 ,TR,TR,,1/1/00 0:00,0.3713,4.4531,7/8/23 20:26,0.83,Auction Ads,auction_relation
20230807,1773599693326380 ,MY,MY,,1/1/00 0:00,0.3713,4.4531,7/8/23 20:26,2.31,Auction Ads,auction_relation
20230807,1773599693326380 ,ID,ID,,1/1/00 0:00,0.3713,4.4531,7/8/23 20:26,2.05,RIE,Ad Group Recall (Merged)
20230807,1773599693326380 ,MY,MY,,1/1/00 0:00,0.3713,4.4531,7/8/23 20:26,2.3,RIE,Ad Group Recall (Merged)
20230807,1773599693326380 ,ID,ID,,1/1/00 0:00,0.3713,4.4531,7/8/23 20:26,2.05,RIE,Ad Group Recall (Merged)
20230807,1773599693326380 ,TH,TH,,1/1/00 0:00,0.3713,4.4531,7/8/23 20:26,1.64,Auction Ads,auction_relation
20230807,1773599693326380 ,TH,TH,,1/1/00 0:00,0.3713,4.4531,7/8/23 20:26,1.87,RIE,Ad Group Recall (Merged)
20230807,1773599693326380 ,MY,MY,,1/1/00 0:00,0.3713,4.4531,7/8/23 20:26,2.3,RIE,Ad Group Recall (Merged)
20230807,1773603101028350 ,DE,,,1/1/00 0:00,0.517,6.9892,7/8/23 20:28,0.54,Non-Auction Ads,Promote
20230807,1773603657587710 ,TH,TH,,1/1/00 0:00,0.0906,4.1799,7/8/23 20:27,1.87,RIE,Ad Group Recall (Merged)
20230807,1773603665844220 ,TH,TH,,1/1/00 0:00,0.829,4.1799,7/8/23 20:27,1.87,RIE,Ad Group Recall (Merged)
20230807,1773603648705570 ,TH,TH,,1/1/00 0:00,1.7741,4.1799,7/8/23 20:27,1.87,RIE,Ad Group Recall (Merged)
20230807,1773603659788330 ,TH,TH,,1/1/00 0:00,1.2439,4.1799,7/8/23 20:27,1.87,RIE,Ad Group Recall (Merged)
20230807,1773603662851120 ,TH,TH,,1/1/00 0:00,0.9919,4.1799,7/8/23 20:27,1.87,RIE,Ad Group Recall (Merged)
20230807,1773603665861680 ,TH,TH,,1/1/00 0:00,0.1661,4.1799,7/8/23 20:27,1.87,RIE,Ad Group Recall (Merged)
20230807,1773595286334460 ,ID,,,1/1/00 0:00,0.0371,0.2062,7/8/23 20:26,0.54,Non-Auction Ads,Promote
20230807,1773603120414720 ,KH,,,1/1/00 0:00,0.0541,0.1015,7/8/23 20:27,0.54,Non-Auction Ads,Promote
20230807,1773597320172540 ,TR,,,1/1/00 0:00,0.186,0.8867,7/8/23 20:27,0.54,Non-Auction Ads,Promote
20230807,1773603430444030 ,NL,,,1/1/00 0:00,4.3241,5.9108,7/8/23 20:29,0.54,Non-Auction Ads,Promote
20230807,1773594751278080 ,US,,,1/1/00 0:00,0.33,1.25,7/8/23 20:28,0.54,Non-Auction Ads,Promote
20230807,1773599869701120 ,BR,,,1/1/00 0:00,0.7078,0.2534,7/8/23 20:27,0.54,Non-Auction Ads,Promote
20230807,1773594032471040 ,US,,,1/1/00 0:00,0.45,8.32,7/8/23 20:30,0.54,Non-Auction Ads,Promote
20230807,1773598936903680 ,TH,,,1/1/00 0:00,0.0726,0.869,7/8/23 20:28,0.54,Non-Auction Ads,Promote
20230807,1773603047947330 ,DE,,,1/1/00 0:00,0.231,1.4702,7/8/23 20:28,0.54,Non-Auction Ads,Promote
20230807,1773595209949180 ,SA,,,1/1/00 0:00,3.4519,6.0851,7/8/23 20:29,0.54,Non-Auction Ads,Promote
20230807,1773594382179330 ,SA,,,1/1/00 0:00,0.2773,1.0887,7/8/23 20:28,0.54,Non-Auction Ads,Promote
20230807,1773596255168510 ,ID,,,1/1/00 0:00,0.0726,0.9543,7/8/23 20:28,0.54,Non-Auction Ads,Promote
20230807,1773604861148190 ,BR,BR,,1/1/00 0:00,0.7516,21.6353,7/8/23 20:36,1.7,RIE,Ad Group Recall (Merged)
20230807,1773604861148190 ,BR,BR,,1/1/00 0:00,0.7516,21.6353,7/8/23 20:36,1.99,Auction Ads,auction_all
20230807,1773598948137980 ,TH,,,1/1/00 0:00,0.0444,0.2521,7/8/23 20:28,0.54,Non-Auction Ads,Promote
20230807,1773603944558640 ,US,USCA,,1/1/00 0:00,,18.5949,7/8/23 20:35,1.78,Auction Ads,auction_relation
20230807,1773603967847440 ,US,USCA,,1/1/00 0:00,,18.5949,7/8/23 20:35,1.78,Auction Ads,auction_relation
20230807,1773600528444460 ,PL,PL,,1/1/00 0:00,2.1335,24.814,7/8/23 20:38,1.64,Auction Ads,auction_relation
20230807,1773594578985980 ,SA,,,1/1/00 0:00,0.4292,0.3076,7/8/23 20:29,0.54,Non-Auction Ads,Promote
20230807,1773596508337150 ,ID,,,1/1/00 0:00,0.0557,0.2827,7/8/23 20:29,0.54,Non-Auction Ads,Promote
20230807,1773601748710440 ,US,USCA,,1/1/00 0:00,3.8,74.46,7/8/23 21:01,1.78,Auction Ads,auction_relation
20230807,1773601748710440 ,CA,USCA,,1/1/00 0:00,3.8,74.46,7/8/23 21:01,1.78,Auction Ads,auction_relation
20230807,1773595568882690 ,ID,,,1/1/00 0:00,0.0318,0.6475,7/8/23 20:29,0.54,Non-Auction Ads,Promote
20230807,1773604533045260 ,US,US&CA,,1/1/00 0:00,7.25,31.5217,7/8/23 20:45,1.81,RIE,Ad Group Recall (Merged)
20230807,1773594813386750 ,US,,,1/1/00 0:00,0.81,2.3814,7/8/23 20:31,0.54,Non-Auction Ads,Promote
20230807,1773603551458300 ,BR,,,1/1/00 0:00,9.4919,2.5608,7/8/23 20:31,1.53,RIE,Promote Report Recall
20230807,1773601059119100 ,IL,,,1/1/00 0:00,0.2134,0.5056,7/8/23 20:30,0.54,Non-Auction Ads,Promote
20230807,1773603195804690 ,TH,,,1/1/00 0:00,10.7,1.6695,7/8/23 20:31,1.53,RIE,Promote Report Recall
20230807,1773601131547640 ,IL,,,1/1/00 0:00,0.7827,1.8367,7/8/23 20:31,0.54,Non-Auction Ads,Promote
20230807,1773604247110670 ,BR,BR,,1/1/00 0:00,2.214,0.5126,7/8/23 20:31,1.99,Auction Ads,auction_all
20230807,1773597511243770 ,TR,,,1/1/00 0:00,0.4845,0.2454,7/8/23 20:31,0.54,Non-Auction Ads,Promote
20230807,1773603550113790 ,PH,,,1/1/00 0:00,0.054,0.2488,7/8/23 20:31,0.54,Non-Auction Ads,Promote
20230807,1773600420931600 ,US,USCA,,1/1/00 0:00,0.27,10,7/8/23 20:36,1.78,Auction Ads,auction_relation
20230807,1773595726718970 ,SA,,,1/1/00 0:00,0.2745,0.5912,7/8/23 20:32,0.54,Non-Auction Ads,Promote
20230807,1773604087252990 ,US,,,1/1/00 0:00,1.39,14.48,7/8/23 20:37,1.53,RIE,Promote Report Recall
20230807,1773597438151680 ,TR,,,1/1/00 0:00,0.233,0.8867,7/8/23 20:32,0.54,Non-Auction Ads,Promote
20230807,1773596325195770 ,ID,,,1/1/00 0:00,0.017,0.2746,7/8/23 20:32,0.54,Non-Auction Ads,Promote
20230807,1773594822521860 ,US,,,1/1/00 0:00,0,2.3256,7/8/23 20:33,0.54,Non-Auction Ads,Promote
20230807,1773604113355770 ,TH,TH,,1/1/00 0:00,0.2521,5.5037,7/8/23 20:34,1.64,Auction Ads,auction_relation
20230807,1773600746769440 ,US,USCA,,1/1/00 0:00,,0,7/8/23 20:32,1.78,Auction Ads,auction_relation
20230807,1773603962380280 ,SA,MENA,,1/1/00 0:00,,0.809,7/8/23 20:33,1.67,RIE,Ad Group Recall (Merged)
20230807,1773596935556090 ,ID,,,1/1/00 0:00,0.2285,0.9989,7/8/23 20:33,0.54,Non-Auction Ads,Promote
20230807,1773603688039420 ,NL,,,1/1/00 0:00,0.22,1.2808,7/8/23 20:34,0.54,Non-Auction Ads,Promote
20230807,1773597724774400 ,TR,,,1/1/00 0:00,0.0503,0.1056,7/8/23 20:33,0.54,Non-Auction Ads,Promote
20230807,1773602654558210 ,PL,,,1/1/00 0:00,1.4854,2.1933,7/8/23 20:34,0.54,Non-Auction Ads,Promote
20230807,1773597289284670 ,ID,,,1/1/00 0:00,0.0586,1.0392,7/8/23 20:34,0.54,Non-Auction Ads,Promote
20230807,1773604026720250 ,KH,Other,,1/1/00 0:00,3,8.0657,7/8/23 20:37,1.62,RIE,Ad Group Recall (Merged)
20230807,1773597740320770 ,TR,,,1/1/00 0:00,0.0362,0.1439,7/8/23 20:34,0.54,Non-Auction Ads,Promote
20230807,1773603338099710 ,PL,,,1/1/00 0:00,1.0342,2.2607,7/8/23 20:35,0.54,Non-Auction Ads,Promote
20230807,1773594793068540 ,US,,,1/1/00 0:00,0.44,2.2045,7/8/23 20:36,0.54,Non-Auction Ads,Promote
20230807,1773597585584120 ,ID,,,1/1/00 0:00,0.032,0.4367,7/8/23 20:35,0.54,Non-Auction Ads,Promote
20230807,1773601358479360 ,SE,SE,,1/1/00 0:00,,26.447,7/8/23 20:53,1.4,Auction Ads,auction_relation
20230807,1773595036163110 ,US,,,1/1/00 0:00,0.94,2.8595,7/8/23 20:36,0.54,Non-Auction Ads,Promote
20230807,1773597658417150 ,ID,,,1/1/00 0:00,0.0257,1.1775,7/8/23 20:36,0.54,Non-Auction Ads,Promote
20230807,1773594986341380 ,US,,,1/1/00 0:00,0.82,6.241,7/8/23 20:40,0.54,Non-Auction Ads,Promote
20230807,1773603977091100 ,SA,MENA,,1/1/00 0:00,,0.809,7/8/23 20:36,1.67,RIE,Ad Group Recall (Merged)
20230807,1773603979898880 ,SA,MENA,,1/1/00 0:00,0.09,0.809,7/8/23 20:36,1.67,RIE,Ad Group Recall (Merged)
20230807,1773604853617660 ,IQ,Others,,1/1/00 0:00,3.57,11.886,7/8/23 20:45,1.56,Auction Ads,auction_all
20230807,1773600221276160 ,TH,,,1/1/00 0:00,0.073,0.8815,7/8/23 20:37,0.54,Non-Auction Ads,Promote
20230807,1773597812748280 ,TR,,,1/1/00 0:00,0.3913,0.3799,7/8/23 20:36,0.54,Non-Auction Ads,Promote
20230807,1773604106927150 ,PE,PE,,1/1/00 0:00,0.39,0.7699,7/8/23 20:37,1.68,Auction Ads,auction_all
20230807,1773600932649980 ,CA,USCA,,1/1/00 0:00,0.6205,11.9388,7/8/23 20:46,1.78,Auction Ads,auction_relation
20230807,1773598016689150 ,ID,,,1/1/00 0:00,0.3566,0.7811,7/8/23 20:38,0.54,Non-Auction Ads,Promote
20230807,1773603840246780 ,DE,,,1/1/00 0:00,0.9133,0.033,7/8/23 20:38,0.54,Non-Auction Ads,Promote
20230807,1773594214813700 ,US,,,1/1/00 0:00,1.22,5.2488,7/8/23 20:41,0.54,Non-Auction Ads,Promote
20230807,1773604257318930 ,PE,PE,,1/1/00 0:00,0.36,0.7699,7/8/23 20:39,1.68,Auction Ads,auction_all
20230807,1773598492218370 ,ID,,,1/1/00 0:00,0.0323,0.2251,7/8/23 20:39,0.54,Non-Auction Ads,Promote
20230807,1773594887220220 ,US,,,1/1/00 0:00,0.53,4.0414,7/8/23 20:42,0.54,Non-Auction Ads,Promote
20230807,1773600991282170 ,TH,,,1/1/00 0:00,0.1956,0.4228,7/8/23 20:40,0.54,Non-Auction Ads,Promote
20230807,1773604935501820 ,KW,,,1/1/00 0:00,29.0634,13.3228,7/8/23 20:51,0.54,Non-Auction Ads,Promote
20230807,1773604148515840 ,TH,,,1/1/00 0:00,6.44,1.2461,7/8/23 20:41,1.53,RIE,Promote Report Recall
20230807,1773597734266880 ,TR,,,1/1/00 0:00,0.0547,0.1399,7/8/23 20:41,0.54,Non-Auction Ads,Promote
20230807,1773595207535670 ,US,,,1/1/00 0:00,2.99,7.6892,7/8/23 20:46,0.54,Non-Auction Ads,Promote
20230807,1773608774866970 ,US,USCA,,1/1/00 0:00,,6.26,7/8/23 20:46,1.78,Auction Ads,auction_relation
20230807,1773597401346050 ,SA,,,1/1/00 0:00,0.5171,1.7888,7/8/23 20:41,0.54,Non-Auction Ads,Promote
20230807,1773577468393470 ,PL,PL,,1/1/00 0:00,,258.3777,7/8/23 23:00,1.43,Non-Auction Ads,R&F
20230807,1773600967353390 ,US,USCA,,1/1/00 0:00,,0,7/8/23 20:41,1.78,Auction Ads,auction_relation
20230807,1773600703273980 ,TH,,,1/1/00 0:00,0.0485,0.7676,7/8/23 20:41,0.54,Non-Auction Ads,Promote
20230807,1773552481959970 ,ES,ES,,1/1/00 0:00,26.3082,257.8404,7/8/23 23:00,1.88,Non-Auction Ads,R&F
20230807,1773597299884030 ,SA,,,1/1/00 0:00,0.3545,0.5759,7/8/23 20:42,0.54,Non-Auction Ads,Promote
20230807,1773604131317760 ,MY,,,1/1/00 0:00,0.0571,0.2854,7/8/23 20:43,0.54,Non-Auction Ads,Promote
20230807,1773598540677120 ,ID,,,1/1/00 0:00,0.0307,0.4983,7/8/23 20:45,0.54,Non-Auction Ads,Promote
20230807,1773604450321410 ,FR,,,1/1/00 0:00,0.341,0.0331,7/8/23 20:44,0.54,Non-Auction Ads,Promote
20230807,1773601672721410 ,TH,,,1/1/00 0:00,0.6003,1.7158,7/8/23 20:45,0.54,Non-Auction Ads,Promote
20230807,1773604547070980 ,DE,,,1/1/00 0:00,1.9035,3.6148,7/8/23 20:47,0.54,Non-Auction Ads,Promote
20230807,1773604649071630 ,BR,BR,,1/1/00 0:00,,0.5385,7/8/23 20:45,1.99,Auction Ads,auction_all
20230807,1773605289012220 ,SA,,,1/1/00 0:00,74.0441,15.6672,7/8/23 20:56,0.54,Non-Auction Ads,Promote
20230807,1773594620227580 ,US,,,1/1/00 0:00,0.48,2.5,7/8/23 20:47,0.54,Non-Auction Ads,Promote
20230807,1773598683959290 ,ID,,,1/1/00 0:00,0.0127,0.0293,7/8/23 20:46,0.54,Non-Auction Ads,Promote
20230807,1773604733875200 ,FR,,,1/1/00 0:00,3.554,9.2628,7/8/23 20:53,0.54,Non-Auction Ads,Promote
20230807,1773602448899070 ,TH,,,1/1/00 0:00,2.4385,5.624,7/8/23 20:51,0.54,Non-Auction Ads,Promote
20230807,1773595818728450 ,US,,,1/1/00 0:00,2.96,9.1284,7/8/23 20:54,0.54,Non-Auction Ads,Promote
20230807,1773598678274040 ,ID,,,1/1/00 0:00,0.0393,0.265,7/8/23 20:46,0.54,Non-Auction Ads,Promote
20230807,1773604587166720 ,TH,,,1/1/00 0:00,1.39,2.1973,7/8/23 20:49,1.53,RIE,Promote Report Recall
20230807,1773602840933370 ,TH,,,1/1/00 0:00,0.0269,0.3753,7/8/23 20:48,0.54,Non-Auction Ads,Promote
20230807,1773594938782720 ,US,,,1/1/00 0:00,1.56,5.1575,7/8/23 20:53,0.54,Non-Auction Ads,Promote
20230807,1773597918418940 ,SA,,,1/1/00 0:00,0.4718,0.191,7/8/23 20:48,0.54,Non-Auction Ads,Promote
20230807,1773598600622100 ,GB,,,1/1/00 0:00,0.1784,1.6599,7/8/23 20:50,0.54,Non-Auction Ads,Promote
20230807,1773599887537150 ,ID,,,1/1/00 0:00,0.0585,0.1921,7/8/23 20:49,0.54,Non-Auction Ads,Promote
20230807,1773558416033790 ,PL,,,1/1/00 0:00,0,589.5869,11/8/23 23:00,5.96,Non-Auction Ads,Branding Ads
20230807,1773599172501500 ,ID,,,1/1/00 0:00,0.0398,0.3802,7/8/23 20:49,0.54,Non-Auction Ads,Promote
20230807,1773602278169600 ,TH,,,1/1/00 0:00,0.0534,0.6229,7/8/23 20:50,0.54,Non-Auction Ads,Promote
20230807,1773601384084510 ,CA,USCA,,1/1/00 0:00,2.31,4.2857,7/8/23 20:53,1.78,Auction Ads,auction_relation
20230807,1773601384084510 ,US,USCA,,1/1/00 0:00,2.31,4.2857,7/8/23 20:53,1.78,Auction Ads,auction_relation
20230807,1773599174246400 ,TR,,,1/1/00 0:00,0.2082,0.319,7/8/23 20:50,0.54,Non-Auction Ads,Promote
20230807,1773595651365890 ,US,,,1/1/00 0:00,0.54,1.1017,7/8/23 20:52,0.54,Non-Auction Ads,Promote
20230807,1773600551174140 ,ID,,,1/1/00 0:00,0.0211,0.2483,7/8/23 20:52,0.54,Non-Auction Ads,Promote
20230807,1773604941394940 ,FR,,,1/1/00 0:00,1.4303,3.986,7/8/23 20:54,0.54,Non-Auction Ads,Promote
20230807,1773595741855750 ,US,,,1/1/00 0:00,0.69,1.6,7/8/23 20:53,0.54,Non-Auction Ads,Promote
20230807,1773604726673410 ,NL,,,1/1/00 0:00,0.473,2.8899,7/8/23 20:54,0.54,Non-Auction Ads,Promote
20230807,1773549072655400 ,SA,KW/AE/SA,,1/1/00 0:00,44.38,23.505,7/8/23 21:00,1.43,Non-Auction Ads,R&F
20230807,1773598579645440 ,SA,,,1/1/00 0:00,0.3679,6.539,7/8/23 20:57,0.54,Non-Auction Ads,Promote
20230807,1773601795644410 ,IL,,,1/1/00 0:00,0.2654,3.9569,7/8/23 20:56,0.54,Non-Auction Ads,Promote
20230807,1773595839794180 ,US,,,1/1/00 0:00,1.16,4.6048,7/8/23 20:57,0.54,Non-Auction Ads,Promote
20230807,1773601034902570 ,CL,Others,,1/1/00 0:00,,399.8207,8/8/23 4:00,1.53,Non-Auction Ads,R&F
20230807,1773576394418210 ,BR,,,1/1/00 0:00,0,391.2742,8/8/23 3:00,5.96,Non-Auction Ads,Branding Ads
20230807,1773598209150970 ,SA,,,1/1/00 0:00,0.3332,0.0293,7/8/23 20:55,0.54,Non-Auction Ads,Promote
20230807,1773600872223740 ,ID,,,1/1/00 0:00,0.0875,0.2161,7/8/23 20:55,0.54,Non-Auction Ads,Promote
20230807,1773598436910080 ,SA,,,1/1/00 0:00,0.2185,1.7888,7/8/23 20:56,0.54,Non-Auction Ads,Promote
20230807,1773599446317050 ,TR,,,1/1/00 0:00,0.2626,0.3554,7/8/23 20:55,0.54,Non-Auction Ads,Promote
20230807,1773600850598910 ,ID,,,1/1/00 0:00,0.0604,0.6033,7/8/23 20:55,0.54,Non-Auction Ads,Promote
20230807,1773604872184830 ,KH,,,1/1/00 0:00,0.0344,0.2182,7/8/23 20:56,0.54,Non-Auction Ads,Promote
20230807,1773604924375040 ,PT,,,1/1/00 0:00,0.7922,0.9586,7/8/23 20:57,0.54,Non-Auction Ads,Promote
20230807,1773601851508730 ,IL,,,1/1/00 0:00,0.2956,1.7032,7/8/23 20:57,0.54,Non-Auction Ads,Promote
20230807,1773603011746840 ,US,USCA,,1/1/00 0:00,15.8,150.2032,7/8/23 22:19,1.78,Auction Ads,auction_relation
20230807,1773604882444290 ,TH,,,1/1/00 0:00,0.0436,0.5395,7/8/23 20:57,0.54,Non-Auction Ads,Promote
20230807,1773597133124610 ,SA,,,1/1/00 0:00,0.2586,0.9462,7/8/23 20:57,0.54,Non-Auction Ads,Promote
20230807,1773601882978300 ,IL,,,1/1/00 0:00,0.0492,0.3603,7/8/23 20:57,0.54,Non-Auction Ads,Promote
20230807,1773605385216000 ,BR,BR,,1/1/00 0:00,1.4526,0.3041,7/8/23 20:57,1.99,Auction Ads,auction_all
20230807,1773599582763010 ,GB,,,1/1/00 0:00,0.2039,0.9539,7/8/23 20:58,0.54,Non-Auction Ads,Promote
20230807,1773601540753410 ,ID,,,1/1/00 0:00,0.0992,0.4663,7/8/23 20:58,0.54,Non-Auction Ads,Promote
20230807,1773561844731920 ,TH,TH,,1/1/00 0:00,,373.2733,8/8/23 1:30,1.64,Auction Ads,auction_relation
20230807,1773586557941760 ,TH,TH,,1/1/00 0:00,1.8623,18.7485,7/8/23 21:00,1.64,Auction Ads,auction_relation
20230807,1773602283659260 ,IL,,,1/1/00 0:00,0.041,0.3603,7/8/23 20:59,0.54,Non-Auction Ads,Promote
20230807,1773601466396670 ,ID,,,1/1/00 0:00,0.0271,0.4883,7/8/23 20:59,0.54,Non-Auction Ads,Promote
20230807,1773571438558240 ,QA,Others,,1/1/00 0:00,23.82,5.773,7/8/23 21:00,1.53,Non-Auction Ads,R&F
20230807,1773564549165050 ,ID,ID,,1/1/00 0:00,0.5666,5.2244,7/8/23 21:00,1.8,Auction Ads,auction_relation
20230807,1773564828504090 ,ZA,Others,,1/1/00 0:00,8.3302,107.7068,7/8/23 22:00,1.53,Non-Auction Ads,R&F
20230807,1773602627702800 ,NO,Others,,1/1/00 0:00,2.7173,30.8259,7/8/23 21:10,1.56,Auction Ads,auction_all
20230807,1773602627702800 ,HU,Other,,1/1/00 0:00,2.7173,30.8259,7/8/23 21:10,1.62,RIE,Ad Group Recall (Merged)
20230807,1773602627702800 ,HU,Other,,1/1/00 0:00,2.7173,30.8259,7/8/23 21:10,1.62,RIE,Ad Group Recall (Merged)
20230807,1773602627702800 ,FI,Others,,1/1/00 0:00,2.7173,30.8259,7/8/23 21:10,1.56,Auction Ads,auction_all
20230807,1773573964320800 ,ID,ID,,1/1/00 0:00,0.9134,7.8777,7/8/23 21:00,1.8,Auction Ads,auction_relation
20230807,1773604037589000 ,PE,PE,,1/1/00 0:00,,3.0792,7/8/23 21:00,1.68,Auction Ads,auction_all
20230807,1773554200078350 ,IT,IT,,1/1/00 0:00,2.27,2.9984,7/8/23 21:00,1.36,Auction Ads,auction_relation
20230807,1773554200078350 ,DE,DE,,1/1/00 0:00,2.27,2.9984,7/8/23 21:00,1.01,Auction Ads,auction_relation
20230807,1773554200078350 ,FR,FR,,1/1/00 0:00,2.27,2.9984,7/8/23 21:00,1.97,Auction Ads,auction_relation
20230807,1773554200078350 ,GB,GB,,1/1/00 0:00,2.27,2.9984,7/8/23 21:00,1.76,Auction Ads,auction_relation
20230807,1773557783780400 ,MY,MY,,1/1/00 0:00,1.1657,2.6352,7/8/23 21:00,2.31,Auction Ads,auction_relation
20230807,1773557617320960 ,MY,MY,,1/1/00 0:00,1.1021,2.6352,7/8/23 21:00,2.31,Auction Ads,auction_relation
20230807,1773603856028720 ,US,USCA,,1/1/00 0:00,0.01,54.6979,7/8/23 21:27,1.78,Auction Ads,auction_relation
20230807,1773604430643230 ,MX,Other,,1/1/00 0:00,4.1197,2.2639,7/8/23 21:00,1.62,RIE,Ad Group Recall (Merged)
20230807,1773604754029560 ,MX,Other,,1/1/00 0:00,3.6028,2.2639,7/8/23 21:00,1.62,RIE,Ad Group Recall (Merged)
20230807,1773553128644640 ,ID,ID,,1/1/00 0:00,0.41,1.5659,7/8/23 21:00,1.8,Auction Ads,auction_relation
20230807,1773590959007740 ,TR,TR,,1/1/00 0:00,,0.2227,7/8/23 21:00,0.83,Auction Ads,auction_relation
20230807,1773591283157020 ,TR,TR,,1/1/00 0:00,,0.2227,7/8/23 21:00,0.83,Auction Ads,auction_relation
20230807,1771118850200620 ,QA,Others,,1/1/00 0:00,8.1,0,7/8/23 21:00,1.53,Non-Auction Ads,R&F
20230807,1771118850200620 ,QA,Others,,1/1/00 0:00,8.1,0,7/8/23 21:00,1.53,Non-Auction Ads,R&F
20230807,1773550968806510 ,SA,KW/AE/SA,,1/1/00 0:00,212.16,0,7/8/23 21:00,1.43,Non-Auction Ads,R&F
20230807,1773586707048460 ,US,USCA,,1/1/00 0:00,5.59,0,7/8/23 21:00,1.78,Auction Ads,auction_relation
20230807,1773551289515000 ,KW,KW/AE/SA,,1/1/00 0:00,32.15,0,7/8/23 21:00,1.43,Non-Auction Ads,R&F
20230807,1771118478852090 ,KW,KW/AE/SA,,1/1/00 0:00,23.03,0,7/8/23 21:00,1.43,Non-Auction Ads,R&F
20230807,1773183702199310 ,BH,BH,,1/1/00 0:00,11.76,0,7/8/23 21:00,1.43,Non-Auction Ads,R&F
20230807,1771118478852090 ,KW,KW/AE/SA,,1/1/00 0:00,23.03,0,7/8/23 21:00,1.43,Non-Auction Ads,R&F
20230807,1771112426032120 ,SA,KW/AE/SA,,1/1/00 0:00,139.34,0,7/8/23 21:00,1.43,Non-Auction Ads,R&F
20230807,1771118850200620 ,QA,Others,,1/1/00 0:00,8.1,0,7/8/23 21:00,1.53,Non-Auction Ads,R&F
20230807,1773564797555720 ,ID,ID,,1/1/00 0:00,0.2736,0.597,7/8/23 21:00,1.8,Auction Ads,auction_relation
20230807,1773587198882810 ,TH,TH,,1/1/00 0:00,0.7776,6.3493,7/8/23 21:00,1.64,Auction Ads,auction_relation
20230807,1773589148390400 ,MY,MY,,1/1/00 0:00,1.651,3.1196,7/8/23 21:00,2.31,Auction Ads,auction_relation
20230807,1773567801338920 ,US,USCA,,1/1/00 0:00,4.63,3.5662,7/8/23 21:00,1.78,Auction Ads,auction_relation
20230807,1773577178887210 ,MY,MY,,1/1/00 0:00,0.228,1.3356,7/8/23 21:00,2.31,Auction Ads,auction_relation
20230807,1773583265356810 ,PL,PL,,1/1/00 0:00,12.5899,216.1319,7/8/23 23:00,1.43,Non-Auction Ads,R&F
20230807,1773602966465530 ,ID,,,1/1/00 0:00,0.0489,0.2478,7/8/23 21:00,0.54,Non-Auction Ads,Promote
20230807,1773595953060860 ,US,,,1/1/00 0:00,0.92,4.803,7/8/23 21:02,0.54,Non-Auction Ads,Promote
20230807,1773578805127210 ,SA,MENA,,1/1/00 0:00,,1.6411,7/8/23 21:01,1.78,Auction Ads,auction_relation
20230807,1773605339572230 ,TH,,,1/1/00 0:00,8.51,2.2925,7/8/23 21:01,1.53,RIE,Promote Report Recall
20230807,1773605774831630 ,TH,TH,,1/1/00 0:00,6.57,6.0314,7/8/23 21:03,1.64,Auction Ads,auction_relation
20230807,1773605774831630 ,PK,PK,,1/1/00 0:00,6.57,6.0314,7/8/23 21:03,1.36,Auction Ads,auction_relation
20230807,1773605774831630 ,ID,ID,,1/1/00 0:00,6.57,6.0314,7/8/23 21:03,1.8,Auction Ads,auction_relation
20230807,1773605774831630 ,MY,MY,,1/1/00 0:00,6.57,6.0314,7/8/23 21:03,2.31,Auction Ads,auction_relation
20230807,1773595215029250 ,CA,,,1/1/00 0:00,0.4037,0.9079,7/8/23 21:01,0.54,Non-Auction Ads,Promote
20230807,1773605514694660 ,BR,,,1/1/00 0:00,1.2845,1.8205,7/8/23 21:01,1.53,RIE,Promote Report Recall
20230807,1773583852310570 ,CA,CA,,1/1/00 0:00,,550.7731,11/8/23 5:00,1.43,Non-Auction Ads,R&F
20230807,1773584914787340 ,CA,CA,,1/1/00 0:00,,550.7731,11/8/23 5:00,1.43,Non-Auction Ads,R&F
20230807,1773584914787340 ,CA,CA,,1/1/00 0:00,,550.7731,11/8/23 5:00,1.43,Non-Auction Ads,R&F
20230807,1773583852310570 ,CA,CA,,1/1/00 0:00,,550.7731,11/8/23 5:00,1.43,Non-Auction Ads,R&F
20230807,1773598748988420 ,ES,,,1/1/00 0:00,0.5392,0.3272,7/8/23 21:02,0.54,Non-Auction Ads,Promote
20230807,1773602509031450 ,US,USCA,,1/1/00 0:00,2.53,15.6421,7/8/23 21:10,1.78,Auction Ads,auction_relation
20230807,1773605623532540 ,FR,,,1/1/00 0:00,1.1333,1.684,7/8/23 21:03,0.54,Non-Auction Ads,Promote
20230807,1773569679849490 ,IL,IL,,1/1/00 0:00,13.82,91.4218,7/8/23 22:00,1.43,Non-Auction Ads,R&F
20230807,1773569679849490 ,IL,IL,,1/1/00 0:00,13.82,91.4218,7/8/23 22:00,1.43,Non-Auction Ads,R&F
20230807,1773604626480130 ,BE,,,1/1/00 0:00,0.363,1.5057,7/8/23 21:03,0.54,Non-Auction Ads,Promote
20230807,1773602999408640 ,US,USCA,,1/1/00 0:00,,24.194,7/8/23 21:17,1.78,Auction Ads,auction_relation
20230807,1773601973216250 ,MX,MX,,1/1/00 0:00,1.2111,3.8125,7/8/23 21:05,1.99,Auction Ads,auction_all
20230807,1773599787346940 ,TR,,,1/1/00 0:00,0.0711,0.1623,7/8/23 21:03,0.54,Non-Auction Ads,Promote
20230807,1773598722643960 ,SA,,,1/1/00 0:00,0.1893,0.6619,7/8/23 21:03,0.54,Non-Auction Ads,Promote
20230807,1773604691215360 ,MY,,,1/1/00 0:00,0.022,0.5514,7/8/23 21:04,0.54,Non-Auction Ads,Promote
20230807,1773602616795130 ,ID,,,1/1/00 0:00,0.1314,1.3643,7/8/23 21:05,0.54,Non-Auction Ads,Promote
20230807,1773602629238800 ,US,USCA,,1/1/00 0:00,2.94,15.6421,7/8/23 21:13,1.78,Auction Ads,auction_relation
20230807,1773605794028590 ,BR,BR,,1/1/00 0:00,1.0141,0.3041,7/8/23 21:04,1.99,Auction Ads,auction_all
20230807,1773605746214960 ,BR,BR,,1/1/00 0:00,1.6613,0.3041,7/8/23 21:04,1.99,Auction Ads,auction_all
20230807,1773605746233390 ,BR,BR,,1/1/00 0:00,1.4594,0.3041,7/8/23 21:04,1.99,Auction Ads,auction_all
20230807,1773598215435260 ,SA,,,1/1/00 0:00,0.8237,1.2952,7/8/23 21:06,0.54,Non-Auction Ads,Promote
20230807,1773604819723260 ,ID,,,1/1/00 0:00,0.0623,1.2979,7/8/23 21:06,0.54,Non-Auction Ads,Promote
20230807,1773603084894240 ,US,USCA,,1/1/00 0:00,3.23,24.194,7/8/23 21:21,1.78,Auction Ads,auction_relation
20230807,1773577164358660 ,IT,,,1/1/00 0:00,0.6932,1.275,7/8/23 21:06,0.54,Non-Auction Ads,Promote
20230807,1773605646884860 ,PH,,,1/1/00 0:00,0.0225,0.3103,7/8/23 21:06,0.54,Non-Auction Ads,Promote
20230807,1773138281048090 ,US,US,,1/1/00 0:00,,547.8913,14/8/23 5:00,1.54,Non-Auction Ads,R&F
20230807,1773596232634430 ,US,,,1/1/00 0:00,0.21,3.8563,7/8/23 21:08,0.54,Non-Auction Ads,Promote
20230807,1773602640553010 ,PL,PL,,1/1/00 0:00,,2.9783,7/8/23 21:07,1.64,Auction Ads,auction_relation
20230807,1773606130880560 ,US,USCA,,1/1/00 0:00,0.55,4.5806,7/8/23 21:09,1.78,Auction Ads,auction_relation
20230807,1773606265527320 ,US,USCA,,1/1/00 0:00,1.87,4.5806,7/8/23 21:09,1.78,Auction Ads,auction_relation
20230807,1773602959412240 ,US,USCA,,1/1/00 0:00,0,15.6421,7/8/23 21:16,1.78,Auction Ads,auction_relation
20230807,1773560850253840 ,IL,IL,,1/1/00 0:00,67.17,82.6036,7/8/23 22:00,1.43,Non-Auction Ads,R&F
20230807,1773560850253840 ,IL,IL,,1/1/00 0:00,67.17,82.6036,7/8/23 22:00,1.43,Non-Auction Ads,R&F
20230807,1773605665215490 ,TH,,,1/1/00 0:00,6.96,2.3919,7/8/23 21:09,1.53,RIE,Promote Report Recall
20230807,1773603252909050 ,US,USCA,,1/1/00 0:00,3.48,24.194,7/8/23 21:22,1.78,Auction Ads,auction_relation
20230807,1773603252909050 ,US,USCA,,1/1/00 0:00,3.48,24.194,7/8/23 21:22,1.78,Auction Ads,auction_relation
20230807,1773605911595010 ,TH,,,1/1/00 0:00,11.2,1.3334,7/8/23 21:08,1.53,RIE,Promote Report Recall
20230807,1773595692590080 ,US,,,1/1/00 0:00,0.57,0,7/8/23 21:07,0.54,Non-Auction Ads,Promote
20230807,1773605971531780 ,TH,,,1/1/00 0:00,10.51,1.9707,7/8/23 21:09,1.53,RIE,Promote Report Recall
20230807,1773606064580610 ,TH,,,1/1/00 0:00,6.64,1.6064,7/8/23 21:09,1.53,RIE,Promote Report Recall
20230807,1773603047154690 ,US,USCA,,1/1/00 0:00,4.69,15.6421,7/8/23 21:20,1.78,Auction Ads,auction_relation
20230807,1773596464866300 ,US,,,1/1/00 0:00,1.99,2.8215,7/8/23 21:11,0.54,Non-Auction Ads,Promote
20230807,1773602928286730 ,US,USCA,,1/1/00 0:00,0.34,13.4576,7/8/23 21:19,1.78,Auction Ads,auction_relation
20230807,1773595479128130 ,US,,,1/1/00 0:00,1.22,3.4528,7/8/23 21:13,0.54,Non-Auction Ads,Promote
20230807,1773609152089120 ,CA,USCA,,1/1/00 0:00,0.54,2.0167,7/8/23 21:12,1.78,Auction Ads,auction_relation
20230807,1773596492968960 ,US,,,1/1/00 0:00,1.25,5.0389,7/8/23 21:13,0.54,Non-Auction Ads,Promote
20230807,1773603006147600 ,US,USCA,,1/1/00 0:00,,13.4576,7/8/23 21:20,1.78,Auction Ads,auction_relation
20230807,1773606744740910 ,PE,PE,,1/1/00 0:00,0.59,0.7699,7/8/23 21:11,1.68,Auction Ads,auction_all
20230807,1773605880694800 ,TH,,,1/1/00 0:00,5.37,3.2667,7/8/23 21:13,1.53,RIE,Promote Report Recall
20230807,1773606321621020 ,BR,BR,,1/1/00 0:00,0.4679,0,7/8/23 21:11,1.99,Auction Ads,auction_all
20230807,1773606121303040 ,TH,,,1/1/00 0:00,13.53,2.4319,7/8/23 21:13,1.53,RIE,Promote Report Recall
20230807,1773596444233730 ,US,,,1/1/00 0:00,0,11.5508,7/8/23 21:20,0.54,Non-Auction Ads,Promote
20230807,1773601550389250 ,ES,,,1/1/00 0:00,0.187,0.5395,7/8/23 21:12,0.54,Non-Auction Ads,Promote
20230807,1773602213614590 ,ES,,,1/1/00 0:00,0.9462,1.113,7/8/23 21:13,0.54,Non-Auction Ads,Promote
20230807,1773606342100000 ,TH,,,1/1/00 0:00,2.06,3.1086,7/8/23 21:15,1.53,RIE,Promote Report Recall
20230807,1773603131359250 ,ES,,,1/1/00 0:00,1.4523,1.4396,7/8/23 21:14,0.54,Non-Auction Ads,Promote
20230807,1773600041354240 ,GB,,,1/1/00 0:00,0.8158,2.2558,7/8/23 21:15,0.54,Non-Auction Ads,Promote
20230807,1773595939474450 ,US,,,1/1/00 0:00,0.32,6.6667,7/8/23 21:19,0.54,Non-Auction Ads,Promote
20230807,1773516150313980 ,AE,,,1/1/00 0:00,0.4002,2.382,7/8/23 21:15,0.54,Non-Auction Ads,Promote
20230807,1773599345864710 ,BR,,,1/1/00 0:00,0.6976,0,7/8/23 21:15,0.54,Non-Auction Ads,Promote
20230807,1773546779976700 ,VN,,,1/1/00 0:00,0.0416,0.681,7/8/23 21:15,0.54,Non-Auction Ads,Promote
20230807,1773607773739000 ,US,USCA,,1/1/00 0:00,,25.8074,7/8/23 21:33,1.78,Auction Ads,auction_relation
20230807,1773605985135620 ,RO,,,1/1/00 0:00,0.0733,0.4149,7/8/23 21:16,0.54,Non-Auction Ads,Promote
20230807,1773581203408940 ,GR,Others,,1/1/00 0:00,7.064,68.0056,7/8/23 22:00,1.53,Non-Auction Ads,R&F
20230807,1773607610348570 ,FR,FR,,1/1/00 0:00,,24.7125,7/8/23 21:33,1.97,Auction Ads,auction_relation
20230807,1773600834086910 ,BR,,,1/1/00 0:00,0.2051,0.6446,7/8/23 21:16,0.54,Non-Auction Ads,Promote
20230807,1773607882717210 ,US,USCA,,1/1/00 0:00,,25.8074,7/8/23 21:34,1.78,Auction Ads,auction_relation
20230807,1773607941906450 ,US,USCA,,1/1/00 0:00,,25.8074,7/8/23 21:34,1.78,Auction Ads,auction_relation
20230807,1773596503281700 ,US,,,1/1/00 0:00,0.42,1.21,7/8/23 21:17,0.54,Non-Auction Ads,Promote
20230807,1773547067738110 ,VN,,,1/1/00 0:00,0.0171,0.3685,7/8/23 21:17,0.54,Non-Auction Ads,Promote
20230807,1773596767075330 ,US,,,1/1/00 0:00,0.43,5.0389,7/8/23 21:21,0.54,Non-Auction Ads,Promote
20230807,1773606335125510 ,PL,,,1/1/00 0:00,0.022,0.2913,7/8/23 21:19,0.54,Non-Auction Ads,Promote
20230807,1773596789971970 ,US,,,1/1/00 0:00,0.41,3.235,7/8/23 21:21,0.54,Non-Auction Ads,Promote
20230807,1773596525639680 ,US,,,1/1/00 0:00,1.11,2.8215,7/8/23 21:21,0.54,Non-Auction Ads,Promote
20230807,1773604513761310 ,US,USCA,,1/1/00 0:00,,17.9121,7/8/23 21:32,1.78,Auction Ads,auction_relation
20230807,1773605128999930 ,BR,BR,,1/1/00 0:00,,478.373,8/8/23 23:00,1.99,Auction Ads,auction_all
20230807,1773605475800090 ,BR,BR,,1/1/00 0:00,,478.373,8/8/23 23:00,1.99,Auction Ads,auction_all
20230807,1773606982261760 ,TH,,,1/1/00 0:00,5.59,7.5763,7/8/23 21:25,1.53,RIE,Promote Report Recall
20230807,1773608229173260 ,US,USCA,,1/1/00 0:00,,118.4444,7/8/23 22:37,1.78,Auction Ads,auction_relation
20230807,1773606248011780 ,FR,,,1/1/00 0:00,0.4181,1.1093,7/8/23 21:21,0.54,Non-Auction Ads,Promote
20230807,1773547043032060 ,VN,,,1/1/00 0:00,0.0141,0.4859,7/8/23 21:21,0.54,Non-Auction Ads,Promote
20230807,1773607946228750 ,US,USCA,,1/1/00 0:00,,17.2914,7/8/23 21:33,1.78,Auction Ads,auction_relation
20230807,1773608034267130 ,US,USCA,,1/1/00 0:00,,17.1531,7/8/23 21:33,1.78,Auction Ads,auction_relation
20230807,1773546973376510 ,VN,,,1/1/00 0:00,0.0117,0.9622,7/8/23 21:22,0.54,Non-Auction Ads,Promote
20230807,1773598520007680 ,ID,,,1/1/00 0:00,0.0538,0.2671,7/8/23 21:21,0.54,Non-Auction Ads,Promote
20230807,1773606665469950 ,ID,,,1/1/00 0:00,0.119,0.8634,7/8/23 21:22,0.54,Non-Auction Ads,Promote
20230807,1773601332342780 ,GB,,,1/1/00 0:00,0.3442,1.5325,7/8/23 21:22,0.54,Non-Auction Ads,Promote
20230807,1773601904197630 ,GB,,,1/1/00 0:00,0.1912,4.2425,7/8/23 21:25,0.54,Non-Auction Ads,Promote
20230807,1773596976465920 ,US,,,1/1/00 0:00,0.28,2.5288,7/8/23 21:24,0.54,Non-Auction Ads,Promote
20230807,1773605764653050 ,IL,,,1/1/00 0:00,0.2436,0.9514,7/8/23 21:24,0.54,Non-Auction Ads,Promote
20230807,1773606964793340 ,TH,,,1/1/00 0:00,0.0326,1.1179,7/8/23 21:24,0.54,Non-Auction Ads,Promote
20230807,1773520487921660 ,AE,,,1/1/00 0:00,0.0898,0.0272,7/8/23 21:23,0.54,Non-Auction Ads,Promote
20230807,1773596598437890 ,US,,,1/1/00 0:00,0.68,5,7/8/23 21:27,0.54,Non-Auction Ads,Promote
20230807,1773596802384900 ,US,,,1/1/00 0:00,0.43,2.392,7/8/23 21:25,0.54,Non-Auction Ads,Promote
20230807,1773601108837380 ,BR,,,1/1/00 0:00,0.7983,0.5521,7/8/23 21:25,0.54,Non-Auction Ads,Promote
20230807,1773601628949510 ,GB,,,1/1/00 0:00,1.6701,2.5668,7/8/23 21:26,0.54,Non-Auction Ads,Promote
20230807,1773607116487720 ,PK,PK,,1/1/00 0:00,0.09,2.7717,7/8/23 21:26,1.36,Auction Ads,auction_relation
20230807,1773597119546370 ,US,,,1/1/00 0:00,0,4.6883,7/8/23 21:28,0.54,Non-Auction Ads,Promote
20230807,1773606716357630 ,ID,,,1/1/00 0:00,,0.4452,7/8/23 21:25,0.54,Non-Auction Ads,Promote
20230807,1773607740336140 ,US,USCA,,1/1/00 0:00,,10.7499,7/8/23 21:33,1.78,Auction Ads,auction_relation
20230807,1773606906059770 ,PH,,,1/1/00 0:00,0.0109,0.3543,7/8/23 21:26,0.54,Non-Auction Ads,Promote
20230807,1773597246132230 ,US,,,1/1/00 0:00,0.19,1.294,7/8/23 21:26,0.54,Non-Auction Ads,Promote
20230807,1773607396007970 ,BR,BR,,1/1/00 0:00,,0.5385,7/8/23 21:27,1.99,Auction Ads,auction_all
20230807,1773602081206270 ,GB,,,1/1/00 0:00,0.1018,0.979,7/8/23 21:28,0.54,Non-Auction Ads,Promote
20230807,1773602022195200 ,GB,,,1/1/00 0:00,0,2.5672,7/8/23 21:30,0.54,Non-Auction Ads,Promote
20230807,1773597302874110 ,US,,,1/1/00 0:00,3.74,3.3333,7/8/23 21:30,0.54,Non-Auction Ads,Promote
20230807,1773599628319740 ,SA,,,1/1/00 0:00,0.1706,1.1694,7/8/23 21:29,0.54,Non-Auction Ads,Promote
20230807,1773607142738940 ,ID,,,1/1/00 0:00,0.0249,0.5135,7/8/23 21:29,0.54,Non-Auction Ads,Promote
20230807,1773605175703570 ,US,USCA,,1/1/00 0:00,,34.4954,7/8/23 21:55,1.78,Auction Ads,auction_relation
20230807,1773606791504960 ,TH,,,1/1/00 0:00,0.017,0.929,7/8/23 21:30,0.54,Non-Auction Ads,Promote
20230807,1773605249855490 ,PE,PE,,1/1/00 0:00,0.0217,1.5455,7/8/23 21:30,1.68,Auction Ads,auction_all
20230807,1773606984392700 ,ID,,,1/1/00 0:00,0.0117,0.3435,7/8/23 21:30,0.54,Non-Auction Ads,Promote
20230807,1773597444811780 ,US,,,1/1/00 0:00,0.22,1.8644,7/8/23 21:31,0.54,Non-Auction Ads,Promote
20230807,1773607934521390 ,US,USCA,,1/1/00 0:00,0,2.0833,7/8/23 21:32,1.78,Auction Ads,auction_relation
20230807,1773607908524050 ,US,US&CA,,1/1/00 0:00,7.23,10.1081,7/8/23 21:37,1.81,RIE,Ad Group Recall (Merged)
20230807,1773607215078400 ,FR,,,1/1/00 0:00,0.209,4.3881,7/8/23 21:33,0.54,Non-Auction Ads,Promote
20230807,1773607597239330 ,PE,PE,,1/1/00 0:00,3.1,0.7699,7/8/23 21:32,1.68,Auction Ads,auction_all
20230807,1773597538960390 ,US,,,1/1/00 0:00,1.28,5,7/8/23 21:34,0.54,Non-Auction Ads,Promote
20230807,1773600790937600 ,SA,,,1/1/00 0:00,0.128,10.2663,7/8/23 21:39,0.54,Non-Auction Ads,Promote
20230807,1773604378580010 ,PL,PL,,1/1/00 0:00,0.0223,2.9783,7/8/23 21:35,1.64,Auction Ads,auction_relation
20230807,1773602360176640 ,GB,,,1/1/00 0:00,0.1912,1.5388,7/8/23 21:34,0.54,Non-Auction Ads,Promote
20230807,1773547312676860 ,VN,,,1/1/00 0:00,0.0188,0.0748,7/8/23 21:34,0.54,Non-Auction Ads,Promote
20230807,1773601404088320 ,BR,,,1/1/00 0:00,0.6587,0.7479,7/8/23 21:35,0.54,Non-Auction Ads,Promote
20230807,1773547583041530 ,VN,,,1/1/00 0:00,0.0073,0.5322,7/8/23 21:35,0.54,Non-Auction Ads,Promote
20230807,1773607640232960 ,TH,,,1/1/00 0:00,0.0637,0.9087,7/8/23 21:36,0.54,Non-Auction Ads,Promote
20230807,1773606899890180 ,FR,,,1/1/00 0:00,0.231,1.4862,7/8/23 21:37,0.54,Non-Auction Ads,Promote
20230807,1773600005316600 ,SA,,,1/1/00 0:00,0.4238,1.1186,7/8/23 21:37,0.54,Non-Auction Ads,Promote
20230807,1773607809993730 ,TH,,,1/1/00 0:00,4.88,1.6695,7/8/23 21:38,1.53,RIE,Promote Report Recall
20230807,1773601310939140 ,BR,,,1/1/00 0:00,0.1622,0.3865,7/8/23 21:37,0.54,Non-Auction Ads,Promote
20230807,1773607901200390 ,BR,,,1/1/00 0:00,5.0148,1.8205,7/8/23 21:38,1.53,RIE,Promote Report Recall
20230807,1773607915358210 ,BR,,,1/1/00 0:00,7.9305,1.8205,7/8/23 21:38,1.53,RIE,Promote Report Recall
20230807,1773607429346300 ,PH,,,1/1/00 0:00,0.0337,0.2791,7/8/23 21:37,0.54,Non-Auction Ads,Promote
20230807,1773607944109060 ,BR,,,1/1/00 0:00,7.9162,1.8205,7/8/23 21:39,1.53,RIE,Promote Report Recall
20230807,1773607777550330 ,TH,,,1/1/00 0:00,0.0188,0.981,7/8/23 21:39,0.54,Non-Auction Ads,Promote
20230807,1773607958690820 ,BR,,,1/1/00 0:00,9.6828,1.8205,7/8/23 21:39,1.53,RIE,Promote Report Recall
20230807,1773602813794310 ,GB,,,1/1/00 0:00,0.0892,3.5486,7/8/23 21:41,0.54,Non-Auction Ads,Promote
20230807,1773574932603950 ,PL,PL,,1/1/00 0:00,11.3335,152.1039,7/8/23 23:00,1.43,Non-Auction Ads,R&F
20230807,1773600810153980 ,SA,,,1/1/00 0:00,0.2586,1.4156,7/8/23 21:40,0.54,Non-Auction Ads,Promote
20230807,1773608066063360 ,JP,,,1/1/00 0:00,0.141,4.2256,7/8/23 21:42,0.54,Non-Auction Ads,Promote
20230807,1773547613395960 ,VN,,,1/1/00 0:00,0.0282,0.5527,7/8/23 21:40,0.54,Non-Auction Ads,Promote
20230807,1773605457015820 ,JP,JP,,1/1/00 0:00,2.53,18.9994,7/8/23 21:57,2.16,Auction Ads,auction_all
20230807,1773600882570240 ,SA,,,1/1/00 0:00,0.1093,0.0293,7/8/23 21:41,0.54,Non-Auction Ads,Promote
20230807,1773600613884930 ,SA,,,1/1/00 0:00,0.4371,1.5005,7/8/23 21:42,0.54,Non-Auction Ads,Promote
20230807,1773607919688710 ,BE,,,1/1/00 0:00,0.022,1.4694,7/8/23 21:42,0.54,Non-Auction Ads,Promote
20230807,1773607794987010 ,ID,,,1/1/00 0:00,0.014,0.1469,7/8/23 21:41,0.54,Non-Auction Ads,Promote
20230807,1773608040385530 ,TH,,,1/1/00 0:00,0.0153,0.2985,7/8/23 21:41,0.54,Non-Auction Ads,Promote
20230807,1773608520994860 ,US,US&CA,,1/1/00 0:00,10.35,5.5372,7/8/23 21:47,1.81,RIE,Ad Group Recall (Merged)
20230807,1773608217117700 ,US,,,1/1/00 0:00,0.52,3.3333,7/8/23 21:44,1.53,RIE,Promote Report Recall
20230807,1773601604217860 ,BR,,,1/1/00 0:00,0.4309,1.9453,7/8/23 21:44,0.54,Non-Auction Ads,Promote
20230807,1773601267651580 ,BR,,,1/1/00 0:00,0.1436,0.5375,7/8/23 21:42,0.54,Non-Auction Ads,Promote
20230807,1773601088356350 ,SA,,,1/1/00 0:00,0.5119,0.7171,7/8/23 21:42,0.54,Non-Auction Ads,Promote
20230807,1773579497768990 ,IT,,,1/1/00 0:00,0.066,2.4004,7/8/23 21:45,0.54,Non-Auction Ads,Promote
20230807,1773600965946360 ,SA,,,1/1/00 0:00,0.0533,0.5936,7/8/23 21:43,0.54,Non-Auction Ads,Promote
20230807,1773590174405680 ,PE,PE,,1/1/00 0:00,1.1256,2.2394,7/8/23 21:45,1.68,Auction Ads,auction_all
20230807,1773608012012540 ,PH,,,1/1/00 0:00,0.0061,0.0995,7/8/23 21:44,0.54,Non-Auction Ads,Promote
20230807,1773608135295000 ,TW,TW,,1/1/00 0:00,1.3,1.463,7/8/23 21:45,0.95,Auction Ads,auction_relation
20230807,1773608349664270 ,CA,USCA,,1/1/00 0:00,,1.085,7/8/23 21:45,1.78,Auction Ads,auction_relation
20230807,1773608420066300 ,GB,,,1/1/00 0:00,1.5936,3.3421,7/8/23 21:47,1.53,RIE,Promote Report Recall
20230807,1773606440770560 ,DE,,,1/1/00 0:00,0.143,0,7/8/23 21:47,0.54,Non-Auction Ads,Promote
20230807,1773593654165500 ,US,USCA,,1/1/00 0:00,,456.1707,9/8/23 19:00,1.78,Auction Ads,auction_relation
20230807,1773593654165500 ,US,USCA,,1/1/00 0:00,,456.1707,9/8/23 19:00,1.78,Auction Ads,auction_relation
20230807,1773604330053630 ,GB,,,1/1/00 0:00,0.1784,2.0872,7/8/23 21:48,0.54,Non-Auction Ads,Promote
20230807,1773604961984540 ,ID,ID,,1/1/00 0:00,0.704,1.2109,7/8/23 21:47,2.05,RIE,Ad Group Recall (Merged)
20230807,1773604961984540 ,TH,TH,,1/1/00 0:00,0.704,1.2109,7/8/23 21:47,1.87,RIE,Ad Group Recall (Merged)
20230807,1773604961984540 ,GB,GB,,1/1/00 0:00,0.704,1.2109,7/8/23 21:47,1.72,RIE,Ad Group Recall (Merged)
20230807,1773604961984540 ,KR,KR,,1/1/00 0:00,0.704,1.2109,7/8/23 21:47,2.18,RIE,Ad Group Recall (Merged)
20230807,1773604961984540 ,MY,MY,,1/1/00 0:00,0.704,1.2109,7/8/23 21:47,2.3,RIE,Ad Group Recall (Merged)
20230807,1773593783221250 ,US,USCA,,1/1/00 0:00,,456.1707,9/8/23 19:00,1.78,Auction Ads,auction_relation
20230807,1773593783221250 ,US,USCA,,1/1/00 0:00,,456.1707,9/8/23 19:00,1.78,Auction Ads,auction_relation
20230807,1773597336148990 ,CA,,,1/1/00 0:00,1.8541,1.4545,7/8/23 21:48,0.54,Non-Auction Ads,Promote
20230807,1773593191282690 ,US,USCA,,1/1/00 0:00,,456.1707,9/8/23 19:00,1.78,Auction Ads,auction_relation
20230807,1773593191282690 ,US,USCA,,1/1/00 0:00,,456.1707,9/8/23 19:00,1.78,Auction Ads,auction_relation
20230807,1773568930304000 ,DE,DE,,1/1/00 0:00,0.93,25.543,7/8/23 22:00,1.01,Auction Ads,auction_relation
20230807,1773535971138560 ,AE,,,1/1/00 0:00,0.0653,0.7573,7/8/23 21:48,0.54,Non-Auction Ads,Promote
20230807,1773608943405050 ,TW,TW,,1/1/00 0:00,1.18,2.4387,7/8/23 21:50,0.95,Auction Ads,auction_relation
20230807,1773607511006210 ,DE,,,1/1/00 0:00,0.121,4.0359,7/8/23 21:52,0.54,Non-Auction Ads,Promote
20230807,1773604798167040 ,GB,,,1/1/00 0:00,0.102,1.5217,7/8/23 21:49,0.54,Non-Auction Ads,Promote
20230807,1773607335109630 ,DE,,,1/1/00 0:00,0.066,0.9226,7/8/23 21:49,0.54,Non-Auction Ads,Promote
20230807,1773608089026560 ,ID,,,1/1/00 0:00,0.0271,0.3067,7/8/23 21:49,0.54,Non-Auction Ads,Promote
20230807,1773608637064190 ,TH,,,1/1/00 0:00,4.93,1.6064,7/8/23 21:50,1.53,RIE,Promote Report Recall
20230807,1773568744552460 ,DE,DE,,1/1/00 0:00,1.03,25.543,7/8/23 22:00,1.01,Auction Ads,auction_relation
20230807,1773585375684650 ,RO,RO,,1/1/00 0:00,1.6835,19.0791,7/8/23 22:00,1.43,Non-Auction Ads,R&F
20230807,1773585375684650 ,RO,RO,,1/1/00 0:00,1.6835,19.0791,7/8/23 22:00,1.43,Non-Auction Ads,R&F
20230807,1773580064565250 ,IT,,,1/1/00 0:00,0.033,0.4957,7/8/23 21:50,0.54,Non-Auction Ads,Promote
20230807,1773569585879040 ,PL,PL,,1/1/00 0:00,1.7,25.543,7/8/23 22:00,1.64,Auction Ads,auction_relation
20230807,1773602890360830 ,SA,,,1/1/00 0:00,0.8983,1.4059,7/8/23 21:53,0.54,Non-Auction Ads,Promote
20230807,1773608563399680 ,PH,,,1/1/00 0:00,0.0078,0.1138,7/8/23 21:52,0.54,Non-Auction Ads,Promote
20230807,1773608563022840 ,ID,,,1/1/00 0:00,0.0134,0.2335,7/8/23 21:53,0.54,Non-Auction Ads,Promote
20230807,1773606492227600 ,US,USCA,,1/1/00 0:00,,36.6586,7/8/23 22:10,1.78,Auction Ads,auction_relation
20230807,1773608560508930 ,ID,,,1/1/00 0:00,0.0699,0.3719,7/8/23 21:54,0.54,Non-Auction Ads,Promote
20230807,1773605588442110 ,JP,JP,,1/1/00 0:00,2.25,18.9994,7/8/23 22:00,2.16,Auction Ads,auction_all
20230807,1773605588442110 ,JP,JP,,1/1/00 0:00,2.25,18.9994,7/8/23 22:00,2.16,Auction Ads,auction_all
20230807,1773608885796860 ,ID,,,1/1/00 0:00,0.0219,0.1844,7/8/23 21:55,0.54,Non-Auction Ads,Promote
20230807,1773569425808380 ,CH,Others,,1/1/00 0:00,4.1867,132.4393,7/8/23 23:00,1.53,Non-Auction Ads,R&F
20230807,1773608903798780 ,TH,,,1/1/00 0:00,0.0568,0.2654,7/8/23 21:56,0.54,Non-Auction Ads,Promote
20230807,1773608746447870 ,ID,,,1/1/00 0:00,0.0093,0.9329,7/8/23 21:57,0.54,Non-Auction Ads,Promote
20230807,1773605677568000 ,FI,Others,,1/1/00 0:00,0.01,3.3913,7/8/23 21:58,1.56,Auction Ads,auction_all
20230807,1773605654182940 ,SE,SE,,1/1/00 0:00,0.26,3.3913,7/8/23 21:58,1.4,Auction Ads,auction_relation
20230807,1773605677568000 ,FR,FR,,1/1/00 0:00,0.01,3.3913,7/8/23 21:58,1.97,Auction Ads,auction_relation
20230807,1773605654182940 ,CH,CH,,1/1/00 0:00,0.26,3.3913,7/8/23 21:58,0.93,Auction Ads,auction_relation
20230807,1773605677568000 ,NL,NL,,1/1/00 0:00,0.01,3.3913,7/8/23 21:58,1.19,Auction Ads,auction_relation
20230807,1773605654182940 ,NL,NL,,1/1/00 0:00,0.26,3.3913,7/8/23 21:58,1.19,Auction Ads,auction_relation
20230807,1773605677568000 ,SE,SE,,1/1/00 0:00,0.01,3.3913,7/8/23 21:58,1.4,Auction Ads,auction_relation
20230807,1773605654182940 ,FR,FR,,1/1/00 0:00,0.26,3.3913,7/8/23 21:58,1.97,Auction Ads,auction_relation
20230807,1773609010780160 ,ID,,,1/1/00 0:00,0.0167,0.1844,7/8/23 21:59,0.54,Non-Auction Ads,Promote
20230807,1773608177395710 ,PL,,,1/1/00 0:00,0,0.4234,7/8/23 21:59,0.54,Non-Auction Ads,Promote
20230807,1773605864561660 ,US,USCA,,1/1/00 0:00,1.2,16.0226,7/8/23 22:00,1.78,Auction Ads,auction_relation
20230807,1773570362415130 ,PL,PL,,1/1/00 0:00,1.32,6.1687,7/8/23 22:00,1.64,Auction Ads,auction_relation
20230807,1773585043182640 ,TH,TH,,1/1/00 0:00,,4.567,7/8/23 22:00,1.64,Auction Ads,auction_relation
20230807,1773606120205340 ,JP,JP,,1/1/00 0:00,2.45,18.9994,7/8/23 22:09,2.16,Auction Ads,auction_all
20230807,1773585808061450 ,TH,TH,,1/1/00 0:00,0.5814,3.4168,7/8/23 22:00,1.64,Auction Ads,auction_relation
20230807,1773586719465580 ,TH,TH,,1/1/00 0:00,0.3505,3.4168,7/8/23 22:00,1.64,Auction Ads,auction_relation
20230807,1773585045388330 ,TH,TH,,1/1/00 0:00,0.3774,3.4168,7/8/23 22:00,1.64,Auction Ads,auction_relation
20230807,1773587275824170 ,CZ,Other,,1/1/00 0:00,0.528,4.9312,7/8/23 22:00,1.62,RIE,Ad Group Recall (Merged)
20230807,1773587275824170 ,TH,TH,,1/1/00 0:00,0.528,4.9312,7/8/23 22:00,1.87,RIE,Ad Group Recall (Merged)
20230807,1773587275824170 ,HU,Other,,1/1/00 0:00,0.528,4.9312,7/8/23 22:00,1.62,RIE,Ad Group Recall (Merged)
20230807,1773597963618300 ,TH,TH,,1/1/00 0:00,2.1312,9.4709,7/8/23 22:00,1.64,Auction Ads,auction_relation
20230807,1773584323302430 ,MY,MY,,1/1/00 0:00,,2.2719,7/8/23 22:00,2.31,Auction Ads,auction_relation
20230807,1773584476649470 ,MY,MY,,1/1/00 0:00,0.7398,2.2719,7/8/23 22:00,2.31,Auction Ads,auction_relation
20230807,1773584472688700 ,MY,MY,,1/1/00 0:00,,2.2719,7/8/23 22:00,2.31,Auction Ads,auction_relation
20230807,1773558298473470 ,MY,MY,,1/1/00 0:00,0.7991,2.2719,7/8/23 22:00,2.31,Auction Ads,auction_relation
20230807,1773555992861710 ,ID,ID,,1/1/00 0:00,0.74,1.6703,7/8/23 22:00,1.8,Auction Ads,auction_relation
20230807,1773556000330800 ,ID,ID,,1/1/00 0:00,0.8,1.6703,7/8/23 22:00,1.8,Auction Ads,auction_relation
20230807,1773576524151850 ,TH,TH,,1/1/00 0:00,,1.093,7/8/23 22:00,1.64,Auction Ads,auction_relation
20230807,1773576539522080 ,TH,TH,,1/1/00 0:00,2.237,1.0474,7/8/23 22:00,1.64,Auction Ads,auction_relation
20230807,1773575875390480 ,TH,TH,,1/1/00 0:00,1.245,1.0474,7/8/23 22:00,1.64,Auction Ads,auction_relation
20230807,1773574934044720 ,ID,ID,,1/1/00 0:00,0.5082,1.277,7/8/23 22:00,1.8,Auction Ads,auction_relation
20230807,1773586210917370 ,RO,RO,,1/1/00 0:00,1.6945,0,7/8/23 22:00,1.43,Non-Auction Ads,R&F
20230807,1773557928974370 ,TH,TH,,1/1/00 0:00,0.2478,1.6273,7/8/23 22:00,1.64,Auction Ads,auction_relation
20230807,1773580881724430 ,IT,,,1/1/00 0:00,0.066,2.2265,7/8/23 22:00,0.54,Non-Auction Ads,Promote
20230807,1773606248403970 ,JP,JP,,1/1/00 0:00,1.52,18.9994,7/8/23 22:11,2.16,Auction Ads,auction_all
20230807,1773607191834640 ,US,USCA,,1/1/00 0:00,,36.6586,7/8/23 22:24,1.78,Auction Ads,auction_relation
20230807,1773579588168720 ,MY,MY,,1/1/00 0:00,0.4984,0,7/8/23 22:00,2.31,Auction Ads,auction_relation
20230807,1773614414923810 ,BR,BR,,1/1/00 0:00,,0.0693,7/8/23 22:00,1.99,Auction Ads,auction_all
20230807,1773609192694780 ,TH,,,1/1/00 0:00,3.98,1.7008,7/8/23 22:02,1.53,RIE,Promote Report Recall
20230807,1773581483103230 ,IT,,,1/1/00 0:00,0.4731,1.7694,7/8/23 22:03,0.54,Non-Auction Ads,Promote
20230807,1773584900046910 ,KW,,,1/1/00 0:00,1.2916,4.447,7/8/23 22:06,0.54,Non-Auction Ads,Promote
20230807,1773602911245310 ,SA,,,1/1/00 0:00,0.1199,0.8101,7/8/23 22:04,0.54,Non-Auction Ads,Promote
20230807,1773548023077890 ,VN,,,1/1/00 0:00,0.0045,0.2331,7/8/23 22:03,0.54,Non-Auction Ads,Promote
20230807,1773602906075140 ,BR,,,1/1/00 0:00,0.9255,0.277,7/8/23 22:04,0.54,Non-Auction Ads,Promote
20230807,1771677939035150 ,PL,PL,,1/1/00 0:00,12.6098,107.9899,7/8/23 23:00,1.43,Non-Auction Ads,R&F
20230807,1773609163851770 ,PH,,,1/1/00 0:00,0.0045,0.4402,7/8/23 22:05,0.54,Non-Auction Ads,Promote
20230807,1773609692371970 ,CL,Other,,1/1/00 0:00,,0.9864,7/8/23 22:06,1.62,RIE,Ad Group Recall (Merged)
20230807,1773585187525630 ,KW,,,1/1/00 0:00,0.3254,2.1169,7/8/23 22:07,0.54,Non-Auction Ads,Promote
20230807,1773609481849850 ,TH,,,1/1/00 0:00,0.0101,0.2428,7/8/23 22:05,0.54,Non-Auction Ads,Promote
20230807,1773610093003820 ,BR,BR,,1/1/00 0:00,1.587,4.9859,7/8/23 22:09,1.7,RIE,Ad Group Recall (Merged)
20230807,1773609310083070 ,TH,,,1/1/00 0:00,0.0188,0.6634,7/8/23 22:06,0.54,Non-Auction Ads,Promote
20230807,1773609355975680 ,GB,,,1/1/00 0:00,3.1234,14.2738,7/8/23 22:14,0.54,Non-Auction Ads,Promote
20230807,1773602288870400 ,BR,,,1/1/00 0:00,0.1704,0.3008,7/8/23 22:07,0.54,Non-Auction Ads,Promote
20230807,1773602821547010 ,BR,,,1/1/00 0:00,0.4514,0.3453,7/8/23 22:07,0.54,Non-Auction Ads,Promote
20230807,1773609765130280 ,CL,Other,,1/1/00 0:00,,0.9864,7/8/23 22:07,1.62,RIE,Ad Group Recall (Merged)
20230807,1773609745392650 ,CL,Other,,1/1/00 0:00,,0.9864,7/8/23 22:07,1.62,RIE,Ad Group Recall (Merged)
20230807,1773609802949680 ,CL,Other,,1/1/00 0:00,,0.9864,7/8/23 22:07,1.62,RIE,Ad Group Recall (Merged)
20230807,1773586803798010 ,QA,,,1/1/00 0:00,0.1207,1.0874,7/8/23 22:09,0.54,Non-Auction Ads,Promote
20230807,1773607049857020 ,FR,FR,,1/1/00 0:00,,3.4795,7/8/23 22:09,1.97,Auction Ads,auction_relation
20230807,1773607049857020 ,PT,PT,,1/1/00 0:00,,3.4795,7/8/23 22:09,1.98,Auction Ads,auction_relation
20230807,1773607049857020 ,NO,Others,,1/1/00 0:00,,3.4795,7/8/23 22:09,1.56,Auction Ads,auction_all
20230807,1773607049857020 ,FR,FR,,1/1/00 0:00,,3.4795,7/8/23 22:09,1.97,Auction Ads,auction_relation
20230807,1773607049857020 ,PT,PT,,1/1/00 0:00,,3.4795,7/8/23 22:09,1.98,Auction Ads,auction_relation
20230807,1773610220763170 ,BR,BR,,1/1/00 0:00,,12.5793,7/8/23 22:15,1.99,Auction Ads,auction_all
20230807,1773609126035460 ,GB,,,1/1/00 0:00,0.1912,5.4822,7/8/23 22:11,0.54,Non-Auction Ads,Promote
20230807,1773609934050330 ,CL,Other,,1/1/00 0:00,,0.9864,7/8/23 22:09,1.62,RIE,Ad Group Recall (Merged)
20230807,1773609779812370 ,GB,,,1/1/00 0:00,0.4972,8.6709,7/8/23 22:15,0.54,Non-Auction Ads,Promote
20230807,1773609759736830 ,TH,,,1/1/00 0:00,0.0104,1.7521,7/8/23 22:10,0.54,Non-Auction Ads,Promote
20230807,1773583072405520 ,ES,ES,,1/1/00 0:00,64.0154,99.2091,7/8/23 23:00,1.88,Non-Auction Ads,R&F
20230807,1773613710273550 ,BR,BR,,1/1/00 0:00,2.27,5.1,7/8/23 22:12,1.99,Auction Ads,auction_all
20230807,1773609006424070 ,GB,,,1/1/00 0:00,3.3402,1.6856,7/8/23 22:10,0.54,Non-Auction Ads,Promote
20230807,1773608863729660 ,GB,,,1/1/00 0:00,0.2549,3.3479,7/8/23 22:11,0.54,Non-Auction Ads,Promote
20230807,1773519607682050 ,SA,MENA,,1/1/00 0:00,,0.0937,7/8/23 22:10,1.78,Auction Ads,auction_relation
20230807,1773519607682050 ,QA,Others,,1/1/00 0:00,,0.0937,7/8/23 22:10,1.56,Auction Ads,auction_all
20230807,1773519607682050 ,AE,MENA,,1/1/00 0:00,,0.0937,7/8/23 22:10,1.78,Auction Ads,auction_relation
20230807,1773607962570780 ,FR,FR,,1/1/00 0:00,,3.3798,7/8/23 22:13,1.97,Auction Ads,auction_relation
20230807,1773606859119650 ,PL,PL,,1/1/00 0:00,0,3.6927,7/8/23 22:13,1.64,Auction Ads,auction_relation
20230807,1773582728392710 ,IT,,,1/1/00 0:00,0.033,1.5325,7/8/23 22:11,0.54,Non-Auction Ads,Promote
20230807,1773609251287040 ,TH,,,1/1/00 0:00,0.0046,0.2583,7/8/23 22:11,0.54,Non-Auction Ads,Promote
20230807,1773609714070530 ,TH,,,1/1/00 0:00,5.94,1.4877,7/8/23 22:11,1.53,RIE,Promote Report Recall
20230807,1773610220762130 ,BR,BR,,1/1/00 0:00,,5.1,7/8/23 22:15,1.99,Auction Ads,auction_all
20230807,1773609711452160 ,PH,,,1/1/00 0:00,0.099,1.348,7/8/23 22:13,0.54,Non-Auction Ads,Promote
20230807,1773610212066330 ,BR,BR,,1/1/00 0:00,,5.1,7/8/23 22:15,1.99,Auction Ads,auction_all
20230807,1773597485184000 ,US,,,1/1/00 0:00,0.37,1.4838,7/8/23 22:14,0.54,Non-Auction Ads,Promote
20230807,1773611615855640 ,BR,BR,,1/1/00 0:00,11.1749,24.9458,7/8/23 22:32,1.99,Auction Ads,auction_all
20230807,1773608195758090 ,US,USCA,,1/1/00 0:00,0,36.6586,7/8/23 22:40,1.78,Auction Ads,auction_relation
20230807,1773603631177730 ,BR,,,1/1/00 0:00,0.0863,0.3347,7/8/23 22:14,0.54,Non-Auction Ads,Promote
20230807,1773610091564030 ,DE,,,1/1/00 0:00,0.3191,6.3085,7/8/23 22:19,0.54,Non-Auction Ads,Promote
20230807,1773586735462440 ,US,USCA,,1/1/00 0:00,,93.2158,7/8/23 23:00,1.78,Auction Ads,auction_relation
20230807,1773603699427390 ,BR,,,1/1/00 0:00,0.2195,1.6125,7/8/23 22:16,0.54,Non-Auction Ads,Promote
20230807,1773609666139130 ,MY,,,1/1/00 0:00,0.022,0.5819,7/8/23 22:15,0.54,Non-Auction Ads,Promote
20230807,1773587013206060 ,US,USCA,,1/1/00 0:00,,93.2158,7/8/23 23:00,1.78,Auction Ads,auction_relation
20230807,1773548210813950 ,VN,,,1/1/00 0:00,0.0116,0.3162,7/8/23 22:16,0.54,Non-Auction Ads,Promote
20230807,1773609892919290 ,ID,,,1/1/00 0:00,0.0154,1.1192,7/8/23 22:17,0.54,Non-Auction Ads,Promote
20230807,1773597021393970 ,GB,GB,,1/1/00 0:00,,88.9578,7/8/23 23:00,1.72,RIE,Ad Group Recall (Merged)
20230807,1773597040127000 ,GB,GB,,1/1/00 0:00,,88.9578,7/8/23 23:00,1.72,RIE,Ad Group Recall (Merged)
20230807,1773597046355960 ,ES,ES,,1/1/00 0:00,,88.9578,7/8/23 23:00,1.79,RIE,Ad Group Recall (Merged)
20230807,1773604284009510 ,BR,,,1/1/00 0:00,0.0493,2.8933,7/8/23 22:19,0.54,Non-Auction Ads,Promote
20230807,1773610341304320 ,TH,,,1/1/00 0:00,3.46,0.6471,7/8/23 22:18,1.53,RIE,Promote Report Recall
20230807,1773610675627010 ,TH,,,1/1/00 0:00,15.02,9.27,7/8/23 22:23,1.53,RIE,Promote Report Recall
20230807,1773604014839810 ,BR,,,1/1/00 0:00,0.4206,0.349,7/8/23 22:18,0.54,Non-Auction Ads,Promote
20230807,1773603710401540 ,BR,,,1/1/00 0:00,1.108,0.7847,7/8/23 22:18,0.54,Non-Auction Ads,Promote
20230807,1773603332079620 ,BR,,,1/1/00 0:00,0.0636,0,7/8/23 22:18,0.54,Non-Auction Ads,Promote
20230807,1773586837097470 ,IT,,,1/1/00 0:00,0.033,1.4526,7/8/23 22:20,0.54,Non-Auction Ads,Promote
20230807,1773573061771310 ,PL,,,1/1/00 0:00,0,383.3151,8/8/23 23:00,5.96,Non-Auction Ads,Branding Ads
20230807,1773585849387030 ,IT,,,1/1/00 0:00,0.022,1.8318,7/8/23 22:20,0.54,Non-Auction Ads,Promote
20230807,1773610067558400 ,MY,,,1/1/00 0:00,0.022,0.5819,7/8/23 22:20,0.54,Non-Auction Ads,Promote
20230807,1773610883246090 ,ID,ID,,1/1/00 0:00,,6.8758,7/8/23 22:24,1.8,Auction Ads,auction_relation
20230807,1773610370315270 ,TH,,,1/1/00 0:00,10.6,2.3919,7/8/23 22:21,1.53,RIE,Promote Report Recall
20230807,1773609625717760 ,FR,,,1/1/00 0:00,0.088,1.0409,7/8/23 22:20,0.54,Non-Auction Ads,Promote
20230807,1773586818094100 ,IT,,,1/1/00 0:00,0.044,0.8988,7/8/23 22:21,0.54,Non-Auction Ads,Promote
20230807,1773603858385920 ,BR,,,1/1/00 0:00,0.3365,1.2653,7/8/23 22:21,0.54,Non-Auction Ads,Promote
20230807,1773610560714750 ,TH,,,1/1/00 0:00,7.29,3.2667,7/8/23 22:22,1.53,RIE,Promote Report Recall
20230807,1773542408095740 ,AE,,,1/1/00 0:00,0.0163,0.8296,7/8/23 22:22,0.54,Non-Auction Ads,Promote
20230807,1773610294253560 ,MY,,,1/1/00 0:00,0.0088,0.329,7/8/23 22:21,0.54,Non-Auction Ads,Promote
20230807,1773610593750020 ,TH,,,1/1/00 0:00,8.95,1.3334,7/8/23 22:22,1.53,RIE,Promote Report Recall
20230807,1773606899055610 ,US,USCA,,1/1/00 0:00,0.79,0.8211,7/8/23 22:22,1.78,Auction Ads,auction_relation
20230807,1773610680996980 ,GB,,,1/1/00 0:00,0.0765,1.8084,7/8/23 22:23,1.53,RIE,Promote Report Recall
20230807,1773545953429500 ,AE,,,1/1/00 0:00,0.4928,13.1556,7/8/23 22:34,0.54,Non-Auction Ads,Promote
20230807,1773610394224640 ,TH,,,1/1/00 0:00,4.01,2.2925,7/8/23 22:25,1.53,RIE,Promote Report Recall
20230807,1773587585260540 ,IT,,,1/1/00 0:00,0.022,0.7816,7/8/23 22:25,0.54,Non-Auction Ads,Promote
20230807,1773547814274050 ,AU,,,1/1/00 0:00,0.0526,1.7305,7/8/23 22:28,0.54,Non-Auction Ads,Promote
20230807,1773610569943040 ,PH,,,1/1/00 0:00,0.1803,2.916,7/8/23 22:29,0.54,Non-Auction Ads,Promote
20230807,1773610440997880 ,TH,,,1/1/00 0:00,0.0081,0.3301,7/8/23 22:26,0.54,Non-Auction Ads,Promote
20230807,1773548515181560 ,AU,,,1/1/00 0:00,0.0592,2.8988,7/8/23 22:29,0.54,Non-Auction Ads,Promote
20230807,1773610606391290 ,TH,,,1/1/00 0:00,0.0245,0.2831,7/8/23 22:28,0.54,Non-Auction Ads,Promote
20230807,1773610799554560 ,FR,,,1/1/00 0:00,0.033,0.5883,7/8/23 22:28,0.54,Non-Auction Ads,Promote
20230807,1773589211020290 ,IT,,,1/1/00 0:00,0.044,2.5084,7/8/23 22:29,0.54,Non-Auction Ads,Promote
20230807,1773611293106200 ,TH,TH,,1/1/00 0:00,,5.0165,7/8/23 22:31,1.64,Auction Ads,auction_relation
20230807,1773611573484590 ,BR,BR,,1/1/00 0:00,0.0021,0.3389,7/8/23 22:28,1.99,Auction Ads,auction_all
20230807,1773604272238590 ,SA,,,1/1/00 0:00,0.1147,0.4517,7/8/23 22:28,0.54,Non-Auction Ads,Promote
20230807,1773604716684290 ,SA,,,1/1/00 0:00,1.2581,7.8366,7/8/23 22:34,0.54,Non-Auction Ads,Promote
20230807,1773610825708540 ,FR,,,1/1/00 0:00,0.055,2.2354,7/8/23 22:29,0.54,Non-Auction Ads,Promote
20230807,1773548659911680 ,SG,,,1/1/00 0:00,0.2016,1.6293,7/8/23 22:29,0.54,Non-Auction Ads,Promote
20230807,1773550036808700 ,SG,,,1/1/00 0:00,0.0747,3.2657,7/8/23 22:30,0.54,Non-Auction Ads,Promote
20230807,1773581362645040 ,ID,ID,,1/1/00 0:00,0.17,1.2241,7/8/23 22:29,1.8,Auction Ads,auction_relation
20230807,1773581782523930 ,ID,ID,,1/1/00 0:00,0.37,1.5539,7/8/23 22:29,1.8,Auction Ads,auction_relation
20230807,1773548762735610 ,VN,,,1/1/00 0:00,0.0131,0.4276,7/8/23 22:30,0.54,Non-Auction Ads,Promote
20230807,1773598214069250 ,US,,,1/1/00 0:00,0.14,3.2308,7/8/23 22:33,0.54,Non-Auction Ads,Promote
20230807,1773600112066560 ,KW,,,1/1/00 0:00,0.1009,0.6412,7/8/23 22:31,0.54,Non-Auction Ads,Promote
20230807,1773611189363710 ,TH,,,1/1/00 0:00,0.0032,0.3549,7/8/23 22:31,0.54,Non-Auction Ads,Promote
20230807,1773548590628860 ,VN,,,1/1/00 0:00,0.0115,0.8939,7/8/23 22:32,0.54,Non-Auction Ads,Promote
20230807,1773550743720960 ,AU,,,1/1/00 0:00,0.2301,1.534,7/8/23 22:34,0.54,Non-Auction Ads,Promote
20230807,1773607877355530 ,US,USCA,,1/1/00 0:00,,8.5535,7/8/23 22:37,1.78,Auction Ads,auction_relation
20230807,1773607869036540 ,US,USCA,,1/1/00 0:00,0,8.5535,7/8/23 22:37,1.78,Auction Ads,auction_relation
20230807,1773607870803980 ,US,USCA,,1/1/00 0:00,,8.5535,7/8/23 22:37,1.78,Auction Ads,auction_relation
20230807,1773598759579650 ,US,,,1/1/00 0:00,0.18,2.8571,7/8/23 22:35,0.54,Non-Auction Ads,Promote
20230807,1773611382444030 ,ID,,,1/1/00 0:00,0.0314,1.4028,7/8/23 22:35,0.54,Non-Auction Ads,Promote
20230807,1773611296128000 ,ID,,,1/1/00 0:00,0.1378,0.8674,7/8/23 22:35,0.54,Non-Auction Ads,Promote
20230807,1773611529858060 ,US,USCA,,1/1/00 0:00,,2.8072,7/8/23 22:36,1.78,Auction Ads,auction_relation
20230807,1773551597833210 ,AU,,,1/1/00 0:00,0.0197,0.8767,7/8/23 22:36,0.54,Non-Auction Ads,Promote
20230807,1773608564794400 ,US,USCA,,1/1/00 0:00,,23.9733,7/8/23 22:49,1.78,Auction Ads,auction_relation
20230807,1773611098796030 ,ID,,,1/1/00 0:00,0.0021,0.2994,7/8/23 22:36,0.54,Non-Auction Ads,Promote
20230807,1773546402938880 ,AE,,,1/1/00 0:00,0.0081,0.8603,7/8/23 22:36,0.54,Non-Auction Ads,Promote
20230807,1773611475641350 ,TH,,,1/1/00 0:00,7.38,1.2152,7/8/23 22:36,1.53,RIE,Promote Report Recall
20230807,1773609039414300 ,US,USCA,,1/1/00 0:00,0.21,33.3913,7/8/23 22:57,1.78,Auction Ads,auction_relation
20230807,1773611330890750 ,ID,,,1/1/00 0:00,0.0096,1.0822,7/8/23 22:37,0.54,Non-Auction Ads,Promote
20230807,1773608754573360 ,US,USCA,,1/1/00 0:00,,23.9733,7/8/23 22:51,1.78,Auction Ads,auction_relation
20230807,1773611150442490 ,ID,,,1/1/00 0:00,0.0024,0.149,7/8/23 22:37,0.54,Non-Auction Ads,Promote
20230807,1773599185411070 ,US,,,1/1/00 0:00,0.07,2.1,7/8/23 22:37,0.54,Non-Auction Ads,Promote
20230807,1773608960320510 ,US,USCA,,1/1/00 0:00,,23.9733,7/8/23 22:54,1.78,Auction Ads,auction_relation
20230807,1773605316525060 ,BR,,,1/1/00 0:00,0.6485,0.3684,7/8/23 22:37,0.54,Non-Auction Ads,Promote
20230807,1773591965095940 ,IT,,,1/1/00 0:00,0.088,3.9923,7/8/23 22:39,0.54,Non-Auction Ads,Promote
20230807,1773611752400980 ,TH,,,1/1/00 0:00,3.55,7.5763,7/8/23 22:41,1.53,RIE,Promote Report Recall
20230807,1773599149543430 ,US,,,1/1/00 0:00,0.29,1.6667,7/8/23 22:38,0.54,Non-Auction Ads,Promote
20230807,1773611265079290 ,ID,,,1/1/00 0:00,0.0144,0.2199,7/8/23 22:37,0.54,Non-Auction Ads,Promote
20230807,1773613119499280 ,KZ,KZ,,1/1/00 0:00,0,15.194,7/8/23 22:46,2,Auction Ads,auction_relation
20230807,1773611452930050 ,GB,,,1/1/00 0:00,0.0382,1.6908,7/8/23 22:38,0.54,Non-Auction Ads,Promote
20230807,1773605308306430 ,BR,,,1/1/00 0:00,0,0.2436,7/8/23 22:38,0.54,Non-Auction Ads,Promote
20230807,1773605247695870 ,BR,,,1/1/00 0:00,1.3584,1.6799,7/8/23 22:38,0.54,Non-Auction Ads,Promote
20230807,1773611454619650 ,ID,,,1/1/00 0:00,0.0317,0.307,7/8/23 22:38,0.54,Non-Auction Ads,Promote
20230807,1773605391363070 ,BR,,,1/1/00 0:00,0.3776,0.4808,7/8/23 22:38,0.54,Non-Auction Ads,Promote
20230807,1773554302479360 ,AU,,,1/1/00 0:00,0.1446,2.8048,7/8/23 22:41,0.54,Non-Auction Ads,Promote
20230807,1773599067935740 ,US,,,1/1/00 0:00,0.17,4.2857,7/8/23 22:41,0.54,Non-Auction Ads,Promote
20230807,1773611878138890 ,BR,BR,,1/1/00 0:00,0,0.3389,7/8/23 22:40,1.99,Auction Ads,auction_all
20230807,1773611888760840 ,BR,BR,,1/1/00 0:00,0,0.3389,7/8/23 22:40,1.99,Auction Ads,auction_all
20230807,1773611883613200 ,BR,BR,,1/1/00 0:00,0.0021,0.3389,7/8/23 22:40,1.99,Auction Ads,auction_all
20230807,1773554334195710 ,AU,,,1/1/00 0:00,0.0197,1.2968,7/8/23 22:41,0.54,Non-Auction Ads,Promote
20230807,1773605861056510 ,BR,,,1/1/00 0:00,0.0205,0.1516,7/8/23 22:40,0.54,Non-Auction Ads,Promote
20230807,1773591587068930 ,IT,,,1/1/00 0:00,0.055,2.0481,7/8/23 22:41,0.54,Non-Auction Ads,Promote
20230807,1773592093901820 ,IT,,,1/1/00 0:00,0.011,0.3421,7/8/23 22:40,0.54,Non-Auction Ads,Promote
20230807,1773559236436990 ,AU,,,1/1/00 0:00,0.1972,8.0234,7/8/23 22:45,0.54,Non-Auction Ads,Promote
20230807,1773605106837500 ,SA,,,1/1/00 0:00,0.6664,4.2741,7/8/23 22:43,0.54,Non-Auction Ads,Promote
20230807,1773611381054460 ,ID,,,1/1/00 0:00,0.0055,0.3046,7/8/23 22:41,0.54,Non-Auction Ads,Promote
20230807,1773611850591230 ,TH,,,1/1/00 0:00,4.26,1.4971,7/8/23 22:42,1.53,RIE,Promote Report Recall
20230807,1773599475566710 ,US,,,1/1/00 0:00,0.07,1.6667,7/8/23 22:43,0.54,Non-Auction Ads,Promote
20230807,1773547039623160 ,AE,,,1/1/00 0:00,0.0061,0.0113,7/8/23 22:41,0.54,Non-Auction Ads,Promote
20230807,1773594165293070 ,BR,BR,,1/1/00 0:00,,352.357,9/8/23 3:00,1.99,Auction Ads,auction_all
20230807,1773599745228800 ,US,,,1/1/00 0:00,0.3,3.3333,7/8/23 22:44,0.54,Non-Auction Ads,Promote
20230807,1773611510629370 ,ID,,,1/1/00 0:00,0.0066,0.1568,7/8/23 22:42,0.54,Non-Auction Ads,Promote
20230807,1773604585689090 ,KW,,,1/1/00 0:00,0.3611,2.0753,7/8/23 22:44,0.54,Non-Auction Ads,Promote
20230807,1773593922853890 ,IT,,,1/1/00 0:00,0.033,1.4526,7/8/23 22:44,0.54,Non-Auction Ads,Promote
20230807,1773557684911100 ,AU,,,1/1/00 0:00,0.0066,0.0854,7/8/23 22:43,0.54,Non-Auction Ads,Promote
20230807,1773611609352190 ,ID,,,1/1/00 0:00,0.0893,0.8463,7/8/23 22:43,0.54,Non-Auction Ads,Promote
20230807,1773598920176660 ,US,,,1/1/00 0:00,0.05,2.8011,7/8/23 22:45,0.54,Non-Auction Ads,Promote
20230807,1773574530454530 ,ES,ES,,1/1/00 0:00,69.671,48.1689,7/8/23 23:00,1.88,Non-Auction Ads,R&F
20230807,1773605796407310 ,BR,,,1/1/00 0:00,1.4507,0.5036,7/8/23 22:44,0.54,Non-Auction Ads,Promote
20230807,1773560051758140 ,AU,,,1/1/00 0:00,0.0855,2.3806,7/8/23 22:46,0.54,Non-Auction Ads,Promote
20230807,1773605495287810 ,BR,,,1/1/00 0:00,0.0267,0.4149,7/8/23 22:45,0.54,Non-Auction Ads,Promote
20230807,1773605757718530 ,BR,,,1/1/00 0:00,0.3633,0.8396,7/8/23 22:46,0.54,Non-Auction Ads,Promote
20230807,1773611931743230 ,TH,,,1/1/00 0:00,0.0072,1.063,7/8/23 22:46,0.54,Non-Auction Ads,Promote
20230807,1773548785177680 ,VN,,,1/1/00 0:00,0.0012,1.1819,7/8/23 22:47,0.54,Non-Auction Ads,Promote
20230807,1773606105438210 ,BR,,,1/1/00 0:00,0.0226,0.2746,7/8/23 22:47,0.54,Non-Auction Ads,Promote
20230807,1773611463446520 ,ID,,,1/1/00 0:00,0.0106,1.3755,7/8/23 22:47,0.54,Non-Auction Ads,Promote
20230807,1773606282409990 ,BR,,,1/1/00 0:00,0.0247,0.4062,7/8/23 22:47,0.54,Non-Auction Ads,Promote
20230807,1773612117154810 ,IL,,,1/1/00 0:00,0.0246,0.6256,7/8/23 22:48,0.54,Non-Auction Ads,Promote
20230807,1773548964724730 ,VN,,,1/1/00 0:00,0.1657,0.4522,7/8/23 22:49,0.54,Non-Auction Ads,Promote
20230807,1773611904432130 ,TH,,,1/1/00 0:00,0.0078,0.4849,7/8/23 22:50,0.54,Non-Auction Ads,Promote
20230807,1773549443927040 ,VN,,,1/1/00 0:00,0.0218,0.618,7/8/23 22:50,0.54,Non-Auction Ads,Promote
20230807,1773583374141450 ,IE,IE,,1/1/00 0:00,,39.6467,7/8/23 23:00,1.52,Auction Ads,auction_relation
20230807,1773583369930750 ,IE,IE,,1/1/00 0:00,,39.6467,7/8/23 23:00,1.52,Auction Ads,auction_relation
20230807,1773583046980620 ,IE,IE,,1/1/00 0:00,,39.6467,7/8/23 23:00,1.52,Auction Ads,auction_relation
20230807,1773560942086140 ,AU,,,1/1/00 0:00,0.0395,1.3253,7/8/23 22:53,0.54,Non-Auction Ads,Promote
20230807,1773604541304830 ,SA,,,1/1/00 0:00,0.024,0.2237,7/8/23 22:51,0.54,Non-Auction Ads,Promote
20230807,1773560968702970 ,AU,,,1/1/00 0:00,0.0131,1.3335,7/8/23 22:54,0.54,Non-Auction Ads,Promote
20230807,1773561115609080 ,AU,,,1/1/00 0:00,0.0329,1.5331,7/8/23 22:54,0.54,Non-Auction Ads,Promote
20230807,1773612594582530 ,GB,,,1/1/00 0:00,0.0255,2.4147,7/8/23 22:54,0.54,Non-Auction Ads,Promote
20230807,1773612272431100 ,ID,,,1/1/00 0:00,0.0035,0.2245,7/8/23 22:54,0.54,Non-Auction Ads,Promote
20230807,1773153652386810 ,US,US,,1/1/00 0:00,,375.9398,11/8/23 5:00,1.54,Non-Auction Ads,R&F
20230807,1773611656318970 ,MY,,,1/1/00 0:00,0.0439,0.5819,7/8/23 22:54,0.54,Non-Auction Ads,Promote
20230807,1773595582174210 ,IT,,,1/1/00 0:00,0.011,1.0725,7/8/23 22:54,0.54,Non-Auction Ads,Promote
20230807,1773566298083320 ,SG,,,1/1/00 0:00,0,7.8289,7/8/23 22:58,0.54,Non-Auction Ads,Promote
20230807,1773595347057660 ,IT,,,1/1/00 0:00,0.011,0.4476,7/8/23 22:54,0.54,Non-Auction Ads,Promote
20230807,1773561574932480 ,AU,,,1/1/00 0:00,0.0066,1.2902,7/8/23 22:55,0.54,Non-Auction Ads,Promote
20230807,1773606229515260 ,BR,,,1/1/00 0:00,0.0328,0.3008,7/8/23 22:54,0.54,Non-Auction Ads,Promote
20230807,1773563707283450 ,AU,,,1/1/00 0:00,0.0197,1.8632,7/8/23 22:55,0.54,Non-Auction Ads,Promote
20230807,1773611842460670 ,PH,,,1/1/00 0:00,0.0063,0.4757,7/8/23 22:55,0.54,Non-Auction Ads,Promote
20230807,1773291683300400 ,GB,GB,,1/1/00 0:00,0,137.1831,8/8/23 0:00,1.82,Non-Auction Ads,R&F
20230807,1773609318367230 ,NL,NL,,1/1/00 0:00,,3.4795,7/8/23 22:56,1.19,Auction Ads,auction_relation
20230807,1773609318367230 ,CZ,CZ,,1/1/00 0:00,,3.4795,7/8/23 22:56,1.9,Auction Ads,auction_relation
20230807,1773595892449280 ,IT,,,1/1/00 0:00,0,0.7971,7/8/23 22:55,0.54,Non-Auction Ads,Promote
20230807,1773565486384130 ,AU,,,1/1/00 0:00,0,4.7376,7/8/23 22:57,0.54,Non-Auction Ads,Promote
20230807,1773596807376900 ,IT,,,1/1/00 0:00,0.011,0.9204,7/8/23 22:56,0.54,Non-Auction Ads,Promote
20230807,1773610884325380 ,ES,,,1/1/00 0:00,0.055,0.9647,7/8/23 22:56,0.54,Non-Auction Ads,Promote
20230807,1773564606855170 ,AU,,,1/1/00 0:00,0.0066,2.2069,7/8/23 22:57,0.54,Non-Auction Ads,Promote
20230807,1773611946767360 ,PH,,,1/1/00 0:00,0,0.443,7/8/23 22:56,0.54,Non-Auction Ads,Promote
20230807,1773565174746110 ,SG,,,1/1/00 0:00,0.0224,2.8931,7/8/23 22:57,0.54,Non-Auction Ads,Promote
20230807,1773565093063680 ,AU,,,1/1/00 0:00,0.0197,2.3806,7/8/23 22:57,0.54,Non-Auction Ads,Promote
20230807,1773558114588670 ,ES,ES,,1/1/00 0:00,0.2531,36.351,7/8/23 23:00,1.37,Auction Ads,auction_relation
20230807,1773549558946810 ,VN,,,1/1/00 0:00,0.0053,0.1897,7/8/23 22:58,0.54,Non-Auction Ads,Promote
20230807,1773596895342590 ,IT,,,1/1/00 0:00,0.011,0.678,7/8/23 22:58,0.54,Non-Auction Ads,Promote
20230807,1773603299917870 ,CA,USCA,,1/1/00 0:00,0.6051,0.1652,7/8/23 22:59,1.78,Auction Ads,auction_relation
20230807,1773605501856760 ,SA,,,1/1/00 0:00,0.0533,0.4715,7/8/23 22:59,0.54,Non-Auction Ads,Promote
20230807,1773610118619160 ,US,USCA,,1/1/00 0:00,1.14,36.1073,7/8/23 23:01,1.78,Auction Ads,auction_relation
20230807,1773610417940480 ,BR,BR,,1/1/00 0:00,,170.4537,8/8/23 3:00,1.43,Non-Auction Ads,R&F
20230807,1773604023727100 ,US,USCA,,1/1/00 0:00,,24.388,7/8/23 23:00,1.78,Auction Ads,auction_relation
20230807,1773581899130910 ,DE,DE,,1/1/00 0:00,,15.9849,7/8/23 23:00,1.01,Auction Ads,auction_relation
20230807,1773581899130910 ,AT,AT,,1/1/00 0:00,,15.9849,7/8/23 23:00,0.89,Auction Ads,auction_relation
20230807,1773581899130910 ,DK,DK,,1/1/00 0:00,,15.9849,7/8/23 23:00,1.31,Auction Ads,auction_relation
20230807,1773572843841570 ,DE,DE,,1/1/00 0:00,0.011,14.1922,7/8/23 23:00,1.01,Auction Ads,auction_relation
20230807,1773573112726540 ,DE,DE,,1/1/00 0:00,0,14.1922,7/8/23 23:00,1.01,Auction Ads,auction_relation
20230807,1773573199000570 ,DE,DE,,1/1/00 0:00,0.044,14.1922,7/8/23 23:00,1.01,Auction Ads,auction_relation
20230807,1773573418501130 ,DE,DE,,1/1/00 0:00,0,14.1922,7/8/23 23:00,1.01,Auction Ads,auction_relation
20230807,1773573003156490 ,DE,DE,,1/1/00 0:00,0,14.1922,7/8/23 23:00,1.01,Auction Ads,auction_relation
20230807,1773569047257120 ,IT,IT,,1/1/00 0:00,0,11.1583,7/8/23 23:00,1.36,Auction Ads,auction_relation
20230807,1773568844574770 ,CZ,Other,,1/1/00 0:00,,11.1583,7/8/23 23:00,1.62,RIE,Ad Group Recall (Merged)
20230807,1773568789327880 ,IT,IT,,1/1/00 0:00,,11.1583,7/8/23 23:00,1.36,Auction Ads,auction_relation
20230807,1773547579818010 ,FR,FR,,1/1/00 0:00,,21.3833,7/8/23 23:01,1.97,Auction Ads,auction_relation
20230807,1773547630060570 ,FR,FR,,1/1/00 0:00,,21.3833,7/8/23 23:01,1.97,Auction Ads,auction_relation
20230807,1773547633954810 ,FR,FR,,1/1/00 0:00,,21.3833,7/8/23 23:01,1.97,Auction Ads,auction_relation
20230807,1773547181535260 ,FR,FR,,1/1/00 0:00,,21.3833,7/8/23 23:01,1.97,Auction Ads,auction_relation
20230807,1773547585344510 ,FR,FR,,1/1/00 0:00,,21.3833,7/8/23 23:01,1.97,Auction Ads,auction_relation
20230807,1773589489222700 ,US,USCA,,1/1/00 0:00,,57.6368,7/8/23 23:32,1.78,Auction Ads,auction_relation
20230807,1773588937255970 ,US,USCA,,1/1/00 0:00,,57.6368,7/8/23 23:32,1.78,Auction Ads,auction_relation
20230807,1773609333755920 ,US,USCA,,1/1/00 0:00,0.75,15.9061,7/8/23 23:00,1.78,Auction Ads,auction_relation
20230807,1773588340964400 ,ID,ID,,1/1/00 0:00,20.1778,10.3016,7/8/23 23:00,1.8,Auction Ads,auction_relation
20230807,1773604317583390 ,US,USCA,,1/1/00 0:00,0.34,7.4977,7/8/23 23:00,1.78,Auction Ads,auction_relation
20230807,1773604257318910 ,US,USCA,,1/1/00 0:00,0.15,7.4977,7/8/23 23:00,1.78,Auction Ads,auction_relation
20230807,1773604616010780 ,US,USCA,,1/1/00 0:00,0.15,7.4977,7/8/23 23:00,1.78,Auction Ads,auction_relation
20230807,1773588186226730 ,ID,ID,,1/1/00 0:00,17.7606,10.3016,7/8/23 23:00,1.8,Auction Ads,auction_relation
20230807,1773599353928700 ,PL,PL,,1/1/00 0:00,,7.1576,7/8/23 23:00,1.64,Auction Ads,auction_relation
20230807,1773599353928700 ,PL,PL,,1/1/00 0:00,,7.1576,7/8/23 23:00,1.64,Auction Ads,auction_relation
20230807,1773588445336620 ,ID,ID,,1/1/00 0:00,12.4726,10.3016,7/8/23 23:00,1.8,Auction Ads,auction_relation
20230807,1773563102406700 ,BE,BE,,1/1/00 0:00,,5.8082,7/8/23 23:00,1.15,Auction Ads,auction_relation
20230807,1773568940383280 ,US,USCA,,1/1/00 0:00,0.54,5.7004,7/8/23 23:00,1.78,Auction Ads,auction_relation
20230807,1773569542936620 ,US,USCA,,1/1/00 0:00,0.92,5.7004,7/8/23 23:00,1.78,Auction Ads,auction_relation
20230807,1773560674377730 ,US,USCA,,1/1/00 0:00,2.05,4.6592,7/8/23 23:00,1.78,Auction Ads,auction_relation
20230807,1773522553997310 ,ES,ES,,1/1/00 0:00,0.06,4.1899,7/8/23 23:00,1.37,Auction Ads,auction_relation
20230807,1773561893556270 ,US,USCA,,1/1/00 0:00,1.15,3.1419,7/8/23 23:00,1.78,Auction Ads,auction_relation
20230807,1773576964513790 ,US,USCA,,1/1/00 0:00,0,2.7904,7/8/23 23:00,1.78,Auction Ads,auction_relation
20230807,1773576964513790 ,US,USCA,,1/1/00 0:00,0,2.7904,7/8/23 23:00,1.78,Auction Ads,auction_relation
20230807,1773563092456490 ,US,USCA,,1/1/00 0:00,0,2.3175,7/8/23 23:00,1.78,Auction Ads,auction_relation
20230807,1773596368278530 ,AT,AT,,1/1/00 0:00,0,7.4831,7/8/23 23:00,0.89,Auction Ads,auction_relation
20230807,1773574404992030 ,SA,MENA,,1/1/00 0:00,,1.3136,7/8/23 23:00,1.78,Auction Ads,auction_relation
20230807,1773587340046380 ,TH,TH,,1/1/00 0:00,0.1096,0.9867,7/8/23 23:00,1.64,Auction Ads,auction_relation
20230807,1773567610600450 ,AU,,,1/1/00 0:00,0.0329,2.1877,7/8/23 23:00,0.54,Non-Auction Ads,Promote
20230807,1773559567521800 ,ID,ID,,1/1/00 0:00,0.07,1.0433,7/8/23 23:00,1.8,Auction Ads,auction_relation
20230807,1773597409807360 ,PL,PL,,1/1/00 0:00,,0.8892,7/8/23 23:00,1.64,Auction Ads,auction_relation
20230807,1773568309389320 ,PL,PL,,1/1/00 0:00,2.292,0,7/8/23 23:00,1.43,Non-Auction Ads,R&F
20230807,1773571696611340 ,NL,Other,,1/1/00 0:00,,0,7/8/23 23:00,1.62,RIE,Ad Group Recall (Merged)
20230807,1773571696611340 ,BE,Other,,1/1/00 0:00,,0,7/8/23 23:00,1.62,RIE,Ad Group Recall (Merged)
20230807,1773587716278320 ,PH,PH,,1/1/00 0:00,,0,7/8/23 23:00,2.46,Auction Ads,auction_relation
20230807,1773569457014800 ,PL,PL,,1/1/00 0:00,7.8202,0,7/8/23 23:00,1.43,Non-Auction Ads,R&F
20230807,1773570801492990 ,NL,NL,,1/1/00 0:00,,0,7/8/23 23:00,1.19,Auction Ads,auction_relation
20230807,1773569032797200 ,PL,PL,,1/1/00 0:00,4.3685,0,7/8/23 23:00,1.43,Non-Auction Ads,R&F
20230807,1773568667102250 ,PL,PL,,1/1/00 0:00,2.2573,0,7/8/23 23:00,1.43,Non-Auction Ads,R&F
20230807,1773571295226920 ,NL,NL,,1/1/00 0:00,,0,7/8/23 23:00,1.19,Auction Ads,auction_relation
20230807,1773568309389320 ,PL,PL,,1/1/00 0:00,2.292,0,7/8/23 23:00,1.43,Non-Auction Ads,R&F
20230807,1773571295226920 ,BE,BE,,1/1/00 0:00,,0,7/8/23 23:00,1.15,Auction Ads,auction_relation
20230807,1773571696611340 ,BE,BE,,1/1/00 0:00,,0,7/8/23 23:00,1.15,Auction Ads,auction_relation
20230807,1773565491826700 ,PL,,,1/1/00 0:00,0,0,7/8/23 23:00,5.96,Non-Auction Ads,Branding Ads
20230807,1773597166516250 ,PL,PL,,1/1/00 0:00,,0.8892,7/8/23 23:00,1.64,Auction Ads,auction_relation
20230807,1773586368116750 ,SA,MENA,,1/1/00 0:00,0.49,5.0366,7/8/23 23:00,1.67,RIE,Ad Group Recall (Merged)
20230807,1773614400572460 ,US,USCA,,1/1/00 0:00,,55.6675,7/8/23 23:45,1.78,Auction Ads,auction_relation
20230807,1773612627331070 ,TH,,,1/1/00 0:00,0.0043,0.5337,7/8/23 23:00,0.54,Non-Auction Ads,Promote
20230807,1773601112492080 ,MY,MY,,1/1/00 0:00,0,5.41,7/8/23 23:00,2.31,Auction Ads,auction_relation
20230807,1773559766897710 ,ID,ID,,1/1/00 0:00,0.31,1.0433,7/8/23 23:00,1.8,Auction Ads,auction_relation
20230807,1773559763381280 ,ID,ID,,1/1/00 0:00,0.02,1.0433,7/8/23 23:00,1.8,Auction Ads,auction_relation
20230807,1773573420144650 ,TH,TH,,1/1/00 0:00,0.1632,1.8458,7/8/23 23:00,1.64,Auction Ads,auction_relation
20230807,1773611095743500 ,US,USCA,,1/1/00 0:00,,35.6936,7/8/23 23:25,1.78,Auction Ads,auction_relation
20230807,1773613177998380 ,US,USCA,,1/1/00 0:00,,53.3206,7/8/23 23:47,1.78,Auction Ads,auction_relation
20230807,1773554888817710 ,ID,ID,,1/1/00 0:00,0.1981,0,7/8/23 23:00,1.8,Auction Ads,auction_relation
20230807,1773590313802780 ,MY,MY,,1/1/00 0:00,0.3784,1.2888,7/8/23 23:01,2.31,Auction Ads,auction_relation
20230807,1773600128641020 ,TH,,,1/1/00 0:00,0.0026,0.4923,7/8/23 23:01,0.54,Non-Auction Ads,Promote
20230807,1773600128641020 ,TH,,,1/1/00 0:00,0.0026,0.4923,7/8/23 23:01,0.54,Non-Auction Ads,Promote
20230807,1773594309170200 ,CA,USCA,,1/1/00 0:00,0,4.4288,7/8/23 23:01,1.78,Auction Ads,auction_relation
20230807,1773594309170200 ,CH,CH,,1/1/00 0:00,0,4.4288,7/8/23 23:01,0.93,Auction Ads,auction_relation
20230807,1773594309170200 ,PT,PT,,1/1/00 0:00,0,4.4288,7/8/23 23:01,1.98,Auction Ads,auction_relation
20230807,1773594309170200 ,BR,BR,,1/1/00 0:00,0,4.4288,7/8/23 23:01,1.99,Auction Ads,auction_all
20230807,1773594309170200 ,NO,Others,,1/1/00 0:00,0,4.4288,7/8/23 23:01,1.56,Auction Ads,auction_all
20230807,1773594309170200 ,IE,IE,,1/1/00 0:00,0,4.4288,7/8/23 23:01,1.52,Auction Ads,auction_relation
20230807,1773594309170200 ,IL,IL,,1/1/00 0:00,0,4.4288,7/8/23 23:01,1.52,Auction Ads,auction_relation
20230807,1773594309170200 ,MX,MX,,1/1/00 0:00,0,4.4288,7/8/23 23:01,1.99,Auction Ads,auction_all
20230807,1773594309170200 ,DK,DK,,1/1/00 0:00,0,4.4288,7/8/23 23:01,1.31,Auction Ads,auction_relation
20230807,1773613747353610 ,US,USCA,,1/1/00 0:00,,12.6853,7/8/23 23:13,1.78,Auction Ads,auction_relation
20230807,1773576972233730 ,SG,Others,,1/1/00 0:00,,270,8/8/23 16:00,1.53,Non-Auction Ads,R&F
20230807,1773613316102140 ,US,USCA,,1/1/00 0:00,,5.2497,7/8/23 23:06,1.78,Auction Ads,auction_relation
20230807,1773597533060160 ,IT,,,1/1/00 0:00,0.011,0.4787,7/8/23 23:02,0.54,Non-Auction Ads,Promote
20230807,1773522475068420 ,EG,,,1/1/00 0:00,0,0.0261,7/8/23 23:01,0.54,Non-Auction Ads,Promote
20230807,1773604839838720 ,BR,,,1/1/00 0:00,0.0103,0.8187,7/8/23 23:04,0.54,Non-Auction Ads,Promote
20230807,1773611570070530 ,ES,,,1/1/00 0:00,0,0.7337,7/8/23 23:05,0.54,Non-Auction Ads,Promote
20230807,1773607113044990 ,BR,,,1/1/00 0:00,0.9644,0.9727,7/8/23 23:05,0.54,Non-Auction Ads,Promote
20230807,1773606811260930 ,BR,,,1/1/00 0:00,0.5253,0.369,7/8/23 23:05,0.54,Non-Auction Ads,Promote
20230807,1773607236058110 ,BR,,,1/1/00 0:00,0.2709,0.7933,7/8/23 23:06,0.54,Non-Auction Ads,Promote
20230807,1773612157432830 ,ES,,,1/1/00 0:00,,1.6515,7/8/23 23:07,0.54,Non-Auction Ads,Promote
20230807,1773612157432830 ,ES,,,1/1/00 0:00,,1.6515,7/8/23 23:07,0.54,Non-Auction Ads,Promote
20230807,1773613358437370 ,TH,,,1/1/00 0:00,0.0066,0.2226,7/8/23 23:06,0.54,Non-Auction Ads,Promote
20230807,1773581518493720 ,TH,TH,,1/1/00 0:00,4.2993,8.6207,7/8/23 23:15,1.64,Auction Ads,auction_relation
20230807,1773607528041470 ,BR,,,1/1/00 0:00,0.0185,1.3159,7/8/23 23:09,0.54,Non-Auction Ads,Promote
20230807,1773571314298880 ,US,,,1/1/00 0:00,0.2,2.5754,7/8/23 23:10,0.54,Non-Auction Ads,Promote
20230807,1773579154509830 ,US,,,1/1/00 0:00,0.18,6.241,7/8/23 23:14,0.54,Non-Auction Ads,Promote
20230807,1773607342070790 ,BR,,,1/1/00 0:00,0.0021,0.276,7/8/23 23:07,0.54,Non-Auction Ads,Promote
20230807,1773613479358460 ,MY,,,1/1/00 0:00,0.0022,0.9284,7/8/23 23:09,0.54,Non-Auction Ads,Promote
20230807,1773613453014020 ,TH,,,1/1/00 0:00,3.81,0,7/8/23 23:08,1.53,RIE,Promote Report Recall
20230807,1773575914101780 ,US,,,1/1/00 0:00,0.19,2.0556,7/8/23 23:11,0.54,Non-Auction Ads,Promote
20230807,1773611773214720 ,PH,,,1/1/00 0:00,0.0077,0.2905,7/8/23 23:09,0.54,Non-Auction Ads,Promote
20230807,1773613599583230 ,TH,,,1/1/00 0:00,0.0052,0.3443,7/8/23 23:10,0.54,Non-Auction Ads,Promote
20230807,1773613610263550 ,TH,,,1/1/00 0:00,2.48,0.6471,7/8/23 23:10,1.53,RIE,Promote Report Recall
20230807,1773607200001020 ,BR,,,1/1/00 0:00,0.0226,1.2544,7/8/23 23:13,0.54,Non-Auction Ads,Promote
20230807,1773613611608060 ,TH,,,1/1/00 0:00,0.0098,0.5307,7/8/23 23:11,0.54,Non-Auction Ads,Promote
20230807,1773613708684290 ,TH,,,1/1/00 0:00,0.0034,0.4794,7/8/23 23:14,0.54,Non-Auction Ads,Promote
20230807,1773607069564930 ,BR,,,1/1/00 0:00,0.0267,0.447,7/8/23 23:14,0.54,Non-Auction Ads,Promote
20230807,1773579328333820 ,US,,,1/1/00 0:00,0.05,2.9667,7/8/23 23:16,0.54,Non-Auction Ads,Promote
20230807,1773603562471430 ,IT,,,1/1/00 0:00,0,0.462,7/8/23 23:14,0.54,Non-Auction Ads,Promote
20230807,1773613852078080 ,TH,,,1/1/00 0:00,0.049,1.1259,7/8/23 23:15,0.54,Non-Auction Ads,Promote
20230807,1773613012294650 ,PH,,,1/1/00 0:00,0.0004,0.1028,7/8/23 23:14,0.54,Non-Auction Ads,Promote
20230807,1773611921651710 ,DE,,,1/1/00 0:00,0.099,2.1088,7/8/23 23:16,0.54,Non-Auction Ads,Promote
20230807,1773605181871100 ,IT,,,1/1/00 0:00,0.011,3.0278,7/8/23 23:17,0.54,Non-Auction Ads,Promote
20230807,1773613865129980 ,TH,,,1/1/00 0:00,0.0014,0.6767,7/8/23 23:15,0.54,Non-Auction Ads,Promote
20230807,1773606917743610 ,SA,,,1/1/00 0:00,0,0.4835,7/8/23 23:16,0.54,Non-Auction Ads,Promote
20230807,1773604170113030 ,IT,,,1/1/00 0:00,0.011,0.5358,7/8/23 23:16,0.54,Non-Auction Ads,Promote
20230807,1773550250935360 ,VN,,,1/1/00 0:00,0.0064,1.2915,7/8/23 23:18,0.54,Non-Auction Ads,Promote
20230807,1773607704397830 ,BR,,,1/1/00 0:00,0.2627,1.6923,7/8/23 23:18,0.54,Non-Auction Ads,Promote
20230807,1773614708752400 ,EC,Others,,1/1/00 0:00,,13.0309,7/8/23 23:26,1.56,Auction Ads,auction_all
20230807,1773606461668350 ,SA,,,1/1/00 0:00,0.1093,0.7998,7/8/23 23:17,0.54,Non-Auction Ads,Promote
20230807,1773614152755200 ,TH,,,1/1/00 0:00,4.73,2.3785,7/8/23 23:19,1.53,RIE,Promote Report Recall
20230807,1773612142216190 ,DE,,,1/1/00 0:00,0.022,5.4596,7/8/23 23:23,0.54,Non-Auction Ads,Promote
20230807,1773612488996860 ,ID,,,1/1/00 0:00,0.0005,0.3113,7/8/23 23:19,0.54,Non-Auction Ads,Promote
20230807,1773614288204870 ,TH,,,1/1/00 0:00,5.01,2.3919,7/8/23 23:22,1.53,RIE,Promote Report Recall
20230807,1773613748785150 ,PH,,,1/1/00 0:00,0.0011,0.1028,7/8/23 23:20,0.54,Non-Auction Ads,Promote
20230807,1773613152802810 ,PH,,,1/1/00 0:00,0.0015,0.0897,7/8/23 23:20,0.54,Non-Auction Ads,Promote
20230807,1773606909790210 ,SA,,,1/1/00 0:00,0.0134,0.4571,7/8/23 23:21,0.54,Non-Auction Ads,Promote
20230807,1773614269508600 ,TH,,,1/1/00 0:00,0.0032,1.0044,7/8/23 23:22,0.54,Non-Auction Ads,Promote
20230807,1773614546533420 ,BR,BR,,1/1/00 0:00,0,8.9878,7/8/23 23:26,1.99,Auction Ads,auction_all
20230807,1771224297389090 ,US,US,,1/1/00 0:00,,289.4738,10/8/23 5:00,1.54,Non-Auction Ads,R&F
20230807,1773613524634620 ,RO,,,1/1/00 0:00,0.0133,1.3845,7/8/23 23:22,0.54,Non-Auction Ads,Promote
20230807,1773612884539390 ,FR,,,1/1/00 0:00,0,1.754,7/8/23 23:22,0.54,Non-Auction Ads,Promote
20230807,1773614120976380 ,PH,,,1/1/00 0:00,0.0069,0.1726,7/8/23 23:22,0.54,Non-Auction Ads,Promote
20230807,1773614282982400 ,TH,,,1/1/00 0:00,0.0101,0.5576,7/8/23 23:22,0.54,Non-Auction Ads,Promote
20230807,1773614546503720 ,IE,IE,,1/1/00 0:00,,7.714,7/8/23 23:26,1.52,Auction Ads,auction_relation
20230807,1773612776069150 ,FR,,,1/1/00 0:00,0.011,1.754,7/8/23 23:23,0.54,Non-Auction Ads,Promote
20230807,1773599436577840 ,CA,CA,,1/1/00 0:00,,143.3093,8/8/23 5:00,1.43,Non-Auction Ads,R&F
20230807,1773598914233360 ,US,US,,1/1/00 0:00,,143.3093,8/8/23 5:00,1.54,Non-Auction Ads,R&F
20230807,1773599436577840 ,CA,CA,,1/1/00 0:00,,143.3093,8/8/23 5:00,1.43,Non-Auction Ads,R&F
20230807,1773598914233360 ,US,US,,1/1/00 0:00,,143.3093,8/8/23 5:00,1.54,Non-Auction Ads,R&F
20230807,1773599436577840 ,CA,CA,,1/1/00 0:00,,143.3093,8/8/23 5:00,1.43,Non-Auction Ads,R&F
20230807,1773614558674940 ,BR,BR,,1/1/00 0:00,,0.3952,7/8/23 23:23,1.99,Auction Ads,auction_all
20230807,1773613453156350 ,KW,,,1/1/00 0:00,0.0098,1.0758,7/8/23 23:23,0.54,Non-Auction Ads,Promote
20230807,1773614487361530 ,BR,BR,,1/1/00 0:00,0,0.0693,7/8/23 23:23,1.99,Auction Ads,auction_all
20230807,1773614487369760 ,BR,BR,,1/1/00 0:00,,0.0693,7/8/23 23:23,1.99,Auction Ads,auction_all
20230807,1773614487379970 ,BR,BR,,1/1/00 0:00,0,0.0693,7/8/23 23:23,1.99,Auction Ads,auction_all
20230807,1773614226481150 ,PH,,,1/1/00 0:00,0.0005,0.1556,7/8/23 23:23,0.54,Non-Auction Ads,Promote
20230807,1773608154953730 ,BR,,,1/1/00 0:00,0.0021,0.8585,7/8/23 23:24,0.54,Non-Auction Ads,Promote
20230807,1773550443034620 ,VN,,,1/1/00 0:00,,0.5474,7/8/23 23:24,0.54,Non-Auction Ads,Promote
20230807,1773614331092030 ,TH,,,1/1/00 0:00,0.0069,0.2776,7/8/23 23:25,0.54,Non-Auction Ads,Promote
20230807,1773614687867900 ,PE,PE,,1/1/00 0:00,0.04,0.7699,7/8/23 23:25,1.68,Auction Ads,auction_all
20230807,1773608280978430 ,IT,,,1/1/00 0:00,0.011,3.8201,7/8/23 23:31,0.54,Non-Auction Ads,Promote
20230807,1773614624791550 ,JP,,,1/1/00 0:00,0.0007,2.1012,7/8/23 23:29,0.54,Non-Auction Ads,Promote
20230807,1773550587917310 ,VN,,,1/1/00 0:00,,0.5474,7/8/23 23:26,0.54,Non-Auction Ads,Promote
20230807,1773575596376080 ,GB,GB,,1/1/00 0:00,0,58.6876,8/8/23 0:00,1.82,Non-Auction Ads,R&F
20230807,1773608824406020 ,BR,,,1/1/00 0:00,0.1232,0.4476,7/8/23 23:30,0.54,Non-Auction Ads,Promote
20230807,1773612962377720 ,ID,,,1/1/00 0:00,0.0124,0.2036,7/8/23 23:30,0.54,Non-Auction Ads,Promote
20230807,1773613780836350 ,MY,,,1/1/00 0:00,0,0.5644,7/8/23 23:31,0.54,Non-Auction Ads,Promote
20230807,1773595187131390 ,US,USCA,,1/1/00 0:00,,244.4218,8/8/23 19:12,1.78,Auction Ads,auction_relation
20230807,1773553416531970 ,AE,,,1/1/00 0:00,0.0027,2.5589,7/8/23 23:32,0.54,Non-Auction Ads,Promote
20230807,1773595985110010 ,US,USCA,,1/1/00 0:00,,244.4218,8/8/23 19:26,1.78,Auction Ads,auction_relation
20230807,1773595985110010 ,US,USCA,,1/1/00 0:00,,244.4218,8/8/23 19:26,1.78,Auction Ads,auction_relation
20230807,1773613087534080 ,ID,,,1/1/00 0:00,0.0009,0.203,7/8/23 23:31,0.54,Non-Auction Ads,Promote
20230807,1773596137437180 ,US,USCA,,1/1/00 0:00,,244.4218,8/8/23 19:31,1.78,Auction Ads,auction_relation
20230807,1773596216002570 ,US,USCA,,1/1/00 0:00,,244.4218,8/8/23 19:32,1.78,Auction Ads,auction_relation
20230807,1773613253362680 ,ID,,,1/1/00 0:00,0.0004,1.318,7/8/23 23:34,0.54,Non-Auction Ads,Promote
20230807,1773596839347250 ,US,USCA,,1/1/00 0:00,,244.4218,8/8/23 19:41,1.78,Auction Ads,auction_relation
20230807,1773613229109240 ,ID,,,1/1/00 0:00,0.0026,0.0001,7/8/23 23:32,0.54,Non-Auction Ads,Promote
20230807,1773597013802030 ,US,USCA,,1/1/00 0:00,,244.4218,8/8/23 19:43,1.78,Auction Ads,auction_relation
20230807,1773597183142910 ,US,USCA,,1/1/00 0:00,,244.4218,8/8/23 19:47,1.78,Auction Ads,auction_relation
20230807,1773555312285690 ,AE,,,1/1/00 0:00,0.0163,0.7591,7/8/23 23:34,0.54,Non-Auction Ads,Promote
20230807,1773608829747200 ,SA,,,1/1/00 0:00,0.0134,0.4566,7/8/23 23:35,0.54,Non-Auction Ads,Promote
20230807,1773603254260770 ,US,USCA,,1/1/00 0:00,,244.4218,8/8/23 21:24,1.78,Auction Ads,auction_relation
20230807,1773610362650620 ,SA,,,1/1/00 0:00,0,8.3503,7/8/23 23:44,0.54,Non-Auction Ads,Promote
20230807,1773608893245440 ,SA,,,1/1/00 0:00,0,1.1348,7/8/23 23:36,0.54,Non-Auction Ads,Promote
20230807,1773603616620590 ,US,USCA,,1/1/00 0:00,,244.4218,8/8/23 21:30,1.78,Auction Ads,auction_relation
20230807,1773614951072760 ,TH,,,1/1/00 0:00,0.0032,0.3779,7/8/23 23:35,0.54,Non-Auction Ads,Promote
20230807,1773609128521720 ,SA,,,1/1/00 0:00,0.0107,0.9462,7/8/23 23:37,0.54,Non-Auction Ads,Promote
20230807,1773613521607680 ,ID,,,1/1/00 0:00,0.0012,0.3793,7/8/23 23:36,0.54,Non-Auction Ads,Promote
20230807,1773609100557310 ,SA,,,1/1/00 0:00,0.032,0.9462,7/8/23 23:37,0.54,Non-Auction Ads,Promote
20230807,1773605589823500 ,US,USCA,,1/1/00 0:00,,244.4218,8/8/23 22:01,1.78,Auction Ads,auction_relation
20230807,1773609479180290 ,SA,,,1/1/00 0:00,0,3.0611,7/8/23 23:38,0.54,Non-Auction Ads,Promote
20230807,1773609272435710 ,IT,,,1/1/00 0:00,0,0,7/8/23 23:37,0.54,Non-Auction Ads,Promote
20230807,1773609488294910 ,SA,,,1/1/00 0:00,0,0.4265,7/8/23 23:38,0.54,Non-Auction Ads,Promote
20230807,1773612265496600 ,US,USCA,,1/1/00 0:00,0,6.697,7/8/23 23:46,1.78,Auction Ads,auction_relation
20230807,1773608975962110 ,BR,,,1/1/00 0:00,0,0.2811,7/8/23 23:38,0.54,Non-Auction Ads,Promote
20230807,1773615156580350 ,TH,,,1/1/00 0:00,0.0032,0.5963,7/8/23 23:38,0.54,Non-Auction Ads,Promote
20230807,1773615517444140 ,ID,ID,,1/1/00 0:00,,1.2987,7/8/23 23:38,1.8,Auction Ads,auction_relation
20230807,1773614116280350 ,FR,FR,,1/1/00 0:00,,8.9892,7/8/23 23:48,1.97,Auction Ads,auction_relation
20230807,1773550991492090 ,VN,,,1/1/00 0:00,,1.3575,7/8/23 23:39,0.54,Non-Auction Ads,Promote
20230807,1773615732934650 ,TW,TW,,1/1/00 0:00,0.06,1.2728,7/8/23 23:40,0.95,Auction Ads,auction_relation
20230807,1773615308385280 ,TH,,,1/1/00 0:00,0.0393,0.5831,7/8/23 23:40,0.54,Non-Auction Ads,Promote
20230807,1773608781325310 ,BR,,,1/1/00 0:00,0.0719,0.0786,7/8/23 23:40,0.54,Non-Auction Ads,Promote
20230807,1773614002018300 ,ID,,,1/1/00 0:00,0.0001,0.2884,7/8/23 23:41,0.54,Non-Auction Ads,Promote
20230807,1773599915033630 ,US,,,1/1/00 0:00,,9.0058,7/8/23 23:49,0.54,Non-Auction Ads,Promote
20230807,1773613941479420 ,ID,,,1/1/00 0:00,0.0002,0.5755,7/8/23 23:43,0.54,Non-Auction Ads,Promote
20230807,1773609189863430 ,BR,,,1/1/00 0:00,0,0.3447,7/8/23 23:45,0.54,Non-Auction Ads,Promote
20230807,1773614871685120 ,MY,,,1/1/00 0:00,0,0.3984,7/8/23 23:45,0.54,Non-Auction Ads,Promote
20230807,1773599701349380 ,US,,,1/1/00 0:00,,3.3333,7/8/23 23:48,0.54,Non-Auction Ads,Promote
20230807,1773550979715070 ,VN,,,1/1/00 0:00,0.0001,0.4573,7/8/23 23:46,0.54,Non-Auction Ads,Promote
20230807,1773615251337210 ,MY,,,1/1/00 0:00,,0.6862,7/8/23 23:46,0.54,Non-Auction Ads,Promote
20230807,1773613992757240 ,ID,,,1/1/00 0:00,,0.7252,7/8/23 23:47,0.54,Non-Auction Ads,Promote
20230807,1773608853945350 ,BR,,,1/1/00 0:00,0,1.5113,7/8/23 23:48,0.54,Non-Auction Ads,Promote
20230807,1773615684390910 ,TH,,,1/1/00 0:00,0,0.5139,7/8/23 23:47,0.54,Non-Auction Ads,Promote
20230807,1773599824579580 ,US,,,1/1/00 0:00,0.07,4.1414,7/8/23 23:49,0.54,Non-Auction Ads,Promote
20230807,1773614293464060 ,ID,,,1/1/00 0:00,0,0.3518,7/8/23 23:48,0.54,Non-Auction Ads,Promote
20230807,1773615684765690 ,TH,,,1/1/00 0:00,,0.7337,7/8/23 23:48,0.54,Non-Auction Ads,Promote
20230807,1773614392180730 ,ID,,,1/1/00 0:00,0,0.242,7/8/23 23:49,0.54,Non-Auction Ads,Promote
20230807,1773615238068220 ,MY,,,1/1/00 0:00,0,0.8836,7/8/23 23:49,0.54,Non-Auction Ads,Promote
20230807,1773614509631490 ,ID,,,1/1/00 0:00,,0.4155,7/8/23 23:49,0.54,Non-Auction Ads,Promote
20230807,1773551094679610 ,VN,,,1/1/00 0:00,0.0001,0.3121,7/8/23 23:49,0.54,Non-Auction Ads,Promote
20230807,1773599641410560 ,US,,,1/1/00 0:00,,4,7/8/23 23:51,0.54,Non-Auction Ads,Promote
20230807,1773557669679100 ,AE,,,1/1/00 0:00,0,0.728,7/8/23 23:49,0.54,Non-Auction Ads,Promote
20230807,1773616142950400 ,TH,,,1/1/00 0:00,0,0.8177,7/8/23 23:50,0.54,Non-Auction Ads,Promote
20230807,1773615748219900 ,TH,,,1/1/00 0:00,0,0.782,7/8/23 23:50,0.54,Non-Auction Ads,Promote
20230807,1773616089379840 ,TH,,,1/1/00 0:00,0,0.8177,7/8/23 23:50,0.54,Non-Auction Ads,Promote
20230807,1773615576928260 ,BE,,,1/1/00 0:00,,0.8688,7/8/23 23:50,0.54,Non-Auction Ads,Promote
20230807,1773609173022720 ,BR,,,1/1/00 0:00,,0.812,7/8/23 23:51,0.54,Non-Auction Ads,Promote
20230807,1773599548054550 ,US,,,1/1/00 0:00,0,2.5,7/8/23 23:53,0.54,Non-Auction Ads,Promote
20230807,1773609405626370 ,BR,,,1/1/00 0:00,,0.5175,7/8/23 23:52,0.54,Non-Auction Ads,Promote
20230807,1773616177353730 ,TH,,,1/1/00 0:00,0,0.8177,7/8/23 23:53,0.54,Non-Auction Ads,Promote
20230807,1773595652380700 ,CO,,,1/1/00 0:00,0,111.4612,8/8/23 5:00,5.96,Non-Auction Ads,Branding Ads
20230807,1773614699198460 ,ID,,,1/1/00 0:00,,0.1887,7/8/23 23:53,0.54,Non-Auction Ads,Promote
20230807,1773567729524780 ,GR,GR,,1/1/00 0:00,,32.9175,8/8/23 0:00,2.11,Auction Ads,auction_relation
20230807,1773567729524780 ,BR,BR,,1/1/00 0:00,,32.9175,8/8/23 0:00,1.99,Auction Ads,auction_all
20230807,1773567729524780 ,ID,ID,,1/1/00 0:00,,32.9175,8/8/23 0:00,1.8,Auction Ads,auction_relation
20230807,1773567729524780 ,SA,MENA,,1/1/00 0:00,,32.9175,8/8/23 0:00,1.78,Auction Ads,auction_relation
20230807,1773567729524780 ,IL,IL,,1/1/00 0:00,,32.9175,8/8/23 0:00,1.52,Auction Ads,auction_relation
20230807,1773567729524780 ,RO,RO,,1/1/00 0:00,,32.9175,8/8/23 0:00,1.94,Auction Ads,auction_relation
20230807,1773567729524780 ,PL,PL,,1/1/00 0:00,,32.9175,8/8/23 0:00,1.64,Auction Ads,auction_relation
20230807,1773567729524780 ,NO,Others,,1/1/00 0:00,,32.9175,8/8/23 0:00,1.56,Auction Ads,auction_all
20230807,1773567729524780 ,HU,Others,,1/1/00 0:00,,32.9175,8/8/23 0:00,1.56,Auction Ads,auction_all
20230807,1773567729524780 ,CH,CH,,1/1/00 0:00,,32.9175,8/8/23 0:00,0.93,Auction Ads,auction_relation
20230807,1773567729524780 ,MX,MX,,1/1/00 0:00,,32.9175,8/8/23 0:00,1.99,Auction Ads,auction_all
20230807,1773567729524780 ,BE,BE,,1/1/00 0:00,,32.9175,8/8/23 0:00,1.15,Auction Ads,auction_relation
20230807,1773567729524780 ,CO,CO,,1/1/00 0:00,,32.9175,8/8/23 0:00,1.93,Auction Ads,auction_all
20230807,1773567729524780 ,CZ,CZ,,1/1/00 0:00,,32.9175,8/8/23 0:00,1.9,Auction Ads,auction_relation
20230807,1773567729524780 ,AR,AR,,1/1/00 0:00,,32.9175,8/8/23 0:00,2.23,Auction Ads,auction_all
20230807,1773567729524780 ,CL,CL,,1/1/00 0:00,,32.9175,8/8/23 0:00,1.85,Auction Ads,auction_all
20230807,1773567729524780 ,TR,TR,,1/1/00 0:00,,32.9175,8/8/23 0:00,0.83,Auction Ads,auction_relation
20230807,1773567729524780 ,AR,AR,,1/1/00 0:00,,32.9175,8/8/23 0:00,2.23,Auction Ads,auction_all
20230807,1773567729524780 ,TW,TW,,1/1/00 0:00,,32.9175,8/8/23 0:00,0.95,Auction Ads,auction_relation
20230807,1773567729524780 ,FI,Others,,1/1/00 0:00,,32.9175,8/8/23 0:00,1.56,Auction Ads,auction_all
20230807,1773567729524780 ,AT,AT,,1/1/00 0:00,,32.9175,8/8/23 0:00,0.89,Auction Ads,auction_relation
20230807,1773567729524780 ,DE,DE,,1/1/00 0:00,,32.9175,8/8/23 0:00,1.01,Auction Ads,auction_relation
20230807,1773567729524780 ,DK,DK,,1/1/00 0:00,,32.9175,8/8/23 0:00,1.31,Auction Ads,auction_relation
20230807,1773567729524780 ,SA,MENA,,1/1/00 0:00,,32.9175,8/8/23 0:00,1.78,Auction Ads,auction_relation
20230807,1773614857218040 ,ID,,,1/1/00 0:00,0,2.6629,7/8/23 23:55,0.54,Non-Auction Ads,Promote
20230807,1773614531201020 ,ID,,,1/1/00 0:00,,0.2058,7/8/23 23:54,0.54,Non-Auction Ads,Promote
20230807,1773614908209150 ,ID,,,1/1/00 0:00,,0.4967,7/8/23 23:54,0.54,Non-Auction Ads,Promote
20230807,1773616372331520 ,TH,,,1/1/00 0:00,,0.8177,7/8/23 23:54,0.54,Non-Auction Ads,Promote
20230807,1773614825381890 ,ID,,,1/1/00 0:00,,0.1543,7/8/23 23:54,0.54,Non-Auction Ads,Promote
20230807,1773614896240640 ,ID,,,1/1/00 0:00,,0.4899,7/8/23 23:55,0.54,Non-Auction Ads,Promote
20230807,1773616200041470 ,TH,,,1/1/00 0:00,0,0.8177,7/8/23 23:55,0.54,Non-Auction Ads,Promote
20230807,1773599673760770 ,US,USCA,,1/1/00 0:00,,108.6378,8/8/23 5:00,1.78,Auction Ads,auction_relation
20230807,1773616483717120 ,TH,,,1/1/00 0:00,0,0.2123,7/8/23 23:56,0.54,Non-Auction Ads,Promote
20230807,1773597877164030 ,US,USCA,,1/1/00 0:00,,108.6378,8/8/23 5:00,1.78,Auction Ads,auction_relation
20230807,1773597571164170 ,US,USCA,,1/1/00 0:00,,108.6378,8/8/23 5:00,1.78,Auction Ads,auction_relation
20230807,1773612793399310 ,CZ,CZ,,1/1/00 0:00,,4.4564,7/8/23 23:56,1.9,Auction Ads,auction_relation
20230807,1773612755023920 ,PL,PL,,1/1/00 0:00,,4.4564,7/8/23 23:56,1.64,Auction Ads,auction_relation
20230807,1773612793396220 ,CZ,CZ,,1/1/00 0:00,,4.4564,7/8/23 23:56,1.9,Auction Ads,auction_relation
20230807,1773612793416730 ,CZ,CZ,,1/1/00 0:00,,4.4564,7/8/23 23:56,1.9,Auction Ads,auction_relation
20230807,1773612755032080 ,PL,PL,,1/1/00 0:00,,4.4564,7/8/23 23:56,1.64,Auction Ads,auction_relation
20230807,1773612793399310 ,PL,PL,,1/1/00 0:00,,4.4564,7/8/23 23:56,1.64,Auction Ads,auction_relation
20230807,1773612755035160 ,GB,GB,,1/1/00 0:00,,4.4564,7/8/23 23:56,1.72,RIE,Ad Group Recall (Merged)
20230807,1773612793404410 ,PL,PL,,1/1/00 0:00,,4.4564,7/8/23 23:56,1.64,Auction Ads,auction_relation
20230807,1773612755038250 ,CZ,CZ,,1/1/00 0:00,,4.4564,7/8/23 23:56,1.9,Auction Ads,auction_relation
20230807,1773612755038250 ,PL,PL,,1/1/00 0:00,,4.4564,7/8/23 23:56,1.64,Auction Ads,auction_relation
20230807,1773612793416730 ,PL,PL,,1/1/00 0:00,,4.4564,7/8/23 23:56,1.64,Auction Ads,auction_relation
20230807,1773612755032080 ,CZ,CZ,,1/1/00 0:00,,4.4564,7/8/23 23:56,1.9,Auction Ads,auction_relation
20230807,1773612755023920 ,CZ,CZ,,1/1/00 0:00,,4.4564,7/8/23 23:56,1.9,Auction Ads,auction_relation
20230807,1773612793396220 ,PL,PL,,1/1/00 0:00,,4.4564,7/8/23 23:56,1.64,Auction Ads,auction_relation
20230807,1773612793404410 ,CZ,CZ,,1/1/00 0:00,,4.4564,7/8/23 23:56,1.9,Auction Ads,auction_relation
20230807,1773612755023920 ,SE,SE,,1/1/00 0:00,,4.4564,7/8/23 23:56,1.4,Auction Ads,auction_relation
20230807,1773612755035160 ,PL,PL,,1/1/00 0:00,,4.4564,7/8/23 23:56,1.64,Auction Ads,auction_relation
20230807,1773560568151090 ,PT,Others,,1/1/00 0:00,,26.2693,8/8/23 0:00,1.53,Non-Auction Ads,R&F
20230807,1773597736432640 ,US,USCA,,1/1/00 0:00,,108.6378,8/8/23 5:00,1.78,Auction Ads,auction_relation
20230807,1773600041425920 ,US,,,1/1/00 0:00,,4.1506,7/8/23 23:56,0.54,Non-Auction Ads,Promote
20230807,1773600621928450 ,US,,,1/1/00 0:00,,9.0058,7/8/23 23:58,0.54,Non-Auction Ads,Promote
20230807,1773600214080510 ,US,USCA,,1/1/00 0:00,,108.6378,8/8/23 5:00,1.78,Auction Ads,auction_relation
20230807,1773599805504530 ,US,USCA,,1/1/00 0:00,,108.6378,8/8/23 5:00,1.78,Auction Ads,auction_relation
20230807,1773597980327950 ,US,USCA,,1/1/00 0:00,,108.6378,8/8/23 5:00,1.78,Auction Ads,auction_relation
20230807,1773600623740930 ,US,,,1/1/00 0:00,,3.4286,7/8/23 23:57,0.54,Non-Auction Ads,Promote
20230807,1773598152223760 ,US,USCA,,1/1/00 0:00,,108.6378,8/8/23 5:00,1.78,Auction Ads,auction_relation
20230807,1773601745388590 ,US,USCA,,1/1/00 0:00,,61.1157,8/8/23 2:46,1.78,Auction Ads,auction_relation
20230807,1773601468024860 ,US,USCA,,1/1/00 0:00,,61.1157,8/8/23 2:46,1.78,Auction Ads,auction_relation
20230807,1773616521720830 ,TH,,,1/1/00 0:00,,0.1964,7/8/23 23:56,0.54,Non-Auction Ads,Promote
20230807,1773609951468540 ,BR,,,1/1/00 0:00,,0.8208,7/8/23 23:57,0.54,Non-Auction Ads,Promote
20230807,1773616452122620 ,TH,,,1/1/00 0:00,,0.2335,7/8/23 23:56,0.54,Non-Auction Ads,Promote
20230807,1773616288214010 ,TH,,,1/1/00 0:00,,0.8177,7/8/23 23:57,0.54,Non-Auction Ads,Promote
20230807,1773615069706240 ,ID,,,1/1/00 0:00,,0.7729,7/8/23 23:57,0.54,Non-Auction Ads,Promote
20230807,1773615069706240 ,ID,,,1/1/00 0:00,,0.7729,7/8/23 23:57,0.54,Non-Auction Ads,Promote
20230807,1773609510165510 ,BR,,,1/1/00 0:00,,0.7005,7/8/23 23:57,0.54,Non-Auction Ads,Promote
20230807,1773600204240900 ,US,,,1/1/00 0:00,,3.2075,7/8/23 23:59,0.54,Non-Auction Ads,Promote
20230807,1773600690880510 ,CA,,,1/1/00 0:00,,3.369,7/8/23 23:59,0.54,Non-Auction Ads,Promote
20230807,1773616326727680 ,TH,,,1/1/00 0:00,,0.8177,7/8/23 23:57,0.54,Non-Auction Ads,Promote
20230807,1773616361236480 ,TH,,,1/1/00 0:00,,0.3478,7/8/23 23:57,0.54,Non-Auction Ads,Promote
20230807,1773570076411900 ,GB,GB,,1/1/00 0:00,,19.5059,8/8/23 0:00,1.76,Auction Ads,auction_relation
20230807,1773615985590270 ,MY,,,1/1/00 0:00,,0.321,7/8/23 23:57,0.54,Non-Auction Ads,Promote
20230807,1773615681708030 ,US,USCA,,1/1/00 0:00,,31.4633,8/8/23 0:41,1.78,Auction Ads,auction_relation
20230807,1773615622651930 ,US,USCA,,1/1/00 0:00,,31.4633,8/8/23 0:41,1.78,Auction Ads,auction_relation
20230807,1773615687329820 ,US,USCA,,1/1/00 0:00,,31.4633,8/8/23 0:41,1.78,Auction Ads,auction_relation
20230807,1773601469553660 ,US,,,1/1/00 0:00,,2.315,7/8/23 23:59,0.54,Non-Auction Ads,Promote
20230807,1773615098275840 ,ID,,,1/1/00 0:00,,0.3815,7/8/23 23:58,0.54,Non-Auction Ads,Promote
20230807,1773615094493180 ,ID,,,1/1/00 0:00,,0.3591,7/8/23 23:59,0.54,Non-Auction Ads,Promote
20230807,1773551211315200 ,VN,,,1/1/00 0:00,,1.7667,7/8/23 23:59,0.54,Non-Auction Ads,Promote
20230807,1773569568134190 ,GB,GB,,1/1/00 0:00,,19.5059,8/8/23 0:00,1.76,Auction Ads,auction_relation
20230807,1773606923743230 ,US,USCA,,1/1/00 0:00,,201.1521,8/8/23 18:00,1.78,Auction Ads,auction_relation
20230807,1773607660332060 ,US,USCA,,1/1/00 0:00,,201.1521,8/8/23 18:00,1.78,Auction Ads,auction_relation
20230807,1773606923096090 ,US,USCA,,1/1/00 0:00,,201.1521,8/8/23 18:00,1.78,Auction Ads,auction_relation
20230807,1773616283076610 ,FR,,,1/1/00 0:00,,0.8298,7/8/23 23:59,0.54,Non-Auction Ads,Promote
20230807,1773601710478340 ,US,,,1/1/00 0:00,,1.6495,7/8/23 23:59,0.54,Non-Auction Ads,Promote
20230807,1773585986388010 ,AR,Others,,1/1/00 0:00,,61.0115,8/8/23 3:00,1.53,Non-Auction Ads,R&F
20230807,1773609642452990 ,BR,,,1/1/00 0:00,,0.3178,7/8/23 23:59,0.54,Non-Auction Ads,Promote
20230807,1773596906135550 ,HU,Other,,1/1/00 0:00,,11.3462,8/8/23 0:00,1.62,RIE,Ad Group Recall (Merged)
20230807,1773585276154880 ,IE,IE,,1/1/00 0:00,,12.7356,8/8/23 0:00,1.52,Auction Ads,auction_relation
20230807,1773585278216220 ,IE,IE,,1/1/00 0:00,,12.7356,8/8/23 0:00,1.52,Auction Ads,auction_relation
20230807,1773585265112080 ,IE,IE,,1/1/00 0:00,,12.7356,8/8/23 0:00,1.52,Auction Ads,auction_relation
20230807,1773585265112080 ,IE,IE,,1/1/00 0:00,,12.7356,8/8/23 0:00,1.52,Auction Ads,auction_relation
20230807,1773551419032610 ,GB,GB,,1/1/00 0:00,,13.9718,8/8/23 0:00,1.76,Auction Ads,auction_relation
20230807,1773614220999720 ,US,USCA,,1/1/00 0:00,,132.762,8/8/23 6:00,1.78,Auction Ads,auction_relation
20230807,1773607455883280 ,FR,FR,,1/1/00 0:00,,11.7883,8/8/23 0:00,1.97,Auction Ads,auction_relation
20230807,1773614427598850 ,US,USCA,,1/1/00 0:00,,132.762,8/8/23 6:00,1.78,Auction Ads,auction_relation
20230807,1773562889717800 ,MY,,,1/1/00 0:00,0,188.3629,8/8/23 16:00,5.96,Non-Auction Ads,Branding Ads
20230807,1773584383522840 ,IE,IE,,1/1/00 0:00,,12.7356,8/8/23 0:00,1.52,Auction Ads,auction_relation
20230807,1773589264118830 ,CL,Others,,1/1/00 0:00,0,61.3959,8/8/23 4:00,1.53,Non-Auction Ads,R&F
20230807,1773607302568990 ,FR,FR,,1/1/00 0:00,,11.7883,8/8/23 0:00,1.97,Auction Ads,auction_relation
20230807,1773575076062220 ,GB,GB,,1/1/00 0:00,,5.8191,8/8/23 0:00,1.76,Auction Ads,auction_relation
20230807,1773599155414010 ,GB,GB,,1/1/00 0:00,,3.1285,8/8/23 0:00,1.72,RIE,Ad Group Recall (Merged)
20230807,1773615892178940 ,PH,,,1/1/00 0:00,,0.5997,8/8/23 0:00,0.54,Non-Auction Ads,Promote
20230807,1773210236568600 ,DE,DE,,1/1/00 0:00,,215.6141,9/8/23 23:00,1.41,Non-Auction Ads,R&F
20230807,1773605420854270 ,AR,Others,,1/1/00 0:00,,46.6388,8/8/23 3:00,1.53,Non-Auction Ads,R&F
20230807,1773594112646190 ,TW,TW,,1/1/00 0:00,,2.0358,8/8/23 0:00,0.95,Auction Ads,auction_relation
20230807,1773594182255640 ,TW,TW,,1/1/00 0:00,,2.0358,8/8/23 0:02,0.95,Auction Ads,auction_relation
20230807,1773612812743690 ,BR,BR,,1/1/00 0:00,,5.1,8/8/23 0:05,1.99,Auction Ads,auction_all
20230807,1773613605558280 ,BR,BR,,1/1/00 0:00,,5.1,8/8/23 0:10,1.99,Auction Ads,auction_all
20230807,1773613677295660 ,BR,BR,,1/1/00 0:00,,5.1,8/8/23 0:11,1.99,Auction Ads,auction_all
20230807,1773582141967370 ,FR,FR,,1/1/00 0:00,,3.4795,8/8/23 0:05,1.97,Auction Ads,auction_relation
20230807,1773582141967370 ,BE,BE,,1/1/00 0:00,,3.4795,8/8/23 0:05,1.15,Auction Ads,auction_relation
20230807,1773582141967370 ,HU,Others,,1/1/00 0:00,,3.4795,8/8/23 0:05,1.56,Auction Ads,auction_all
20230807,1773582141967370 ,ES,ES,,1/1/00 0:00,,3.4795,8/8/23 0:05,1.37,Auction Ads,auction_relation
20230807,1773582141967370 ,DK,DK,,1/1/00 0:00,,3.4795,8/8/23 0:05,1.31,Auction Ads,auction_relation
20230807,1773582141967370 ,NL,NL,,1/1/00 0:00,,3.4795,8/8/23 0:05,1.19,Auction Ads,auction_relation
20230807,1773582141967370 ,PT,PT,,1/1/00 0:00,,3.4795,8/8/23 0:05,1.98,Auction Ads,auction_relation
20230807,1773582141967370 ,HU,Others,,1/1/00 0:00,,3.4795,8/8/23 0:05,1.56,Auction Ads,auction_all
20230807,1773582141967370 ,NO,Others,,1/1/00 0:00,,3.4795,8/8/23 0:05,1.56,Auction Ads,auction_all
20230807,1773582141967370 ,IE,IE,,1/1/00 0:00,,3.4795,8/8/23 0:05,1.52,Auction Ads,auction_relation
20230807,1773582141967370 ,RO,RO,,1/1/00 0:00,,3.4795,8/8/23 0:05,1.94,Auction Ads,auction_relation
20230807,1773615207854120 ,NL,NL,,1/1/00 0:00,,5.2532,8/8/23 0:35,1.19,Auction Ads,auction_relation
20230807,1773615210908690 ,NL,NL,,1/1/00 0:00,,5.2532,8/8/23 0:35,1.19,Auction Ads,auction_relation
20230807,1773586933236750 ,PL,PL,,1/1/00 0:00,,216.1319,10/8/23 23:00,1.43,Non-Auction Ads,R&F
20230807,1773586933236750 ,PL,PL,,1/1/00 0:00,,216.1319,10/8/23 23:00,1.43,Non-Auction Ads,R&F
20230807,1773584273615920 ,GB,GB,,1/1/00 0:00,,1.0397,8/8/23 0:43,1.76,Auction Ads,auction_relation
20230807,1773570828122110 ,MY,MY,,1/1/00 0:00,,1.0192,8/8/23 0:48,2.31,Auction Ads,auction_relation
20230807,1773591693166600 ,US,USCA,,1/1/00 0:00,,193.3928,9/8/23 15:00,1.78,Auction Ads,auction_relation
20230807,1773570887810060 ,MY,MY,,1/1/00 0:00,,1.0192,8/8/23 0:49,2.31,Auction Ads,auction_relation
20230807,1773571439360050 ,MY,MY,,1/1/00 0:00,,1.0192,8/8/23 0:55,2.31,Auction Ads,auction_relation
20230807,1773571518765050 ,MY,MY,,1/1/00 0:00,,1.0192,8/8/23 0:55,2.31,Auction Ads,auction_relation
20230807,1773563482197040 ,MY,,,1/1/00 0:00,0,188.3629,9/8/23 16:00,5.96,Non-Auction Ads,Branding Ads
20230807,1773567906816050 ,IL,IL,,1/1/00 0:00,,6.5825,8/8/23 1:00,1.52,Auction Ads,auction_relation
20230807,1773567906816050 ,US,USCA,,1/1/00 0:00,,6.5825,8/8/23 1:00,1.78,Auction Ads,auction_relation
20230807,1773567194180650 ,AU,AU,,1/1/00 0:00,,6.5825,8/8/23 1:00,1.84,Auction Ads,auction_relation
20230807,1773567914249210 ,US,USCA,,1/1/00 0:00,,6.5825,8/8/23 1:00,1.78,Auction Ads,auction_relation
20230807,1773567914249210 ,IL,IL,,1/1/00 0:00,,6.5825,8/8/23 1:00,1.52,Auction Ads,auction_relation
20230807,1773603420854300 ,US,USCA,,1/1/00 0:00,,114.4151,8/8/23 8:01,1.78,Auction Ads,auction_relation
20230807,1773602551198750 ,US,USCA,,1/1/00 0:00,,114.4151,8/8/23 8:01,1.78,Auction Ads,auction_relation
20230807,1773563341537310 ,US,USCA,,1/1/00 0:00,,3.4488,8/8/23 1:00,1.78,Auction Ads,auction_relation
20230807,1773568640214050 ,AU,AU,,1/1/00 0:00,,2.9689,8/8/23 1:00,1.84,Auction Ads,auction_relation
20230807,1773568729391130 ,AU,AU,,1/1/00 0:00,,2.9689,8/8/23 1:00,1.84,Auction Ads,auction_relation
20230807,1773568724799520 ,AU,AU,,1/1/00 0:00,,2.9689,8/8/23 1:00,1.84,Auction Ads,auction_relation
20230807,1773538618043420 ,US,USCA,,1/1/00 0:00,,2.7475,8/8/23 1:00,1.78,Auction Ads,auction_relation
20230807,1773538618043420 ,US,USCA,,1/1/00 0:00,,2.7475,8/8/23 1:00,1.78,Auction Ads,auction_relation
20230807,1773538618043420 ,US,USCA,,1/1/00 0:00,,2.7475,8/8/23 1:00,1.78,Auction Ads,auction_relation
20230807,1773558059065340 ,AU,AU,,1/1/00 0:00,,2.7056,8/8/23 1:00,1.84,Auction Ads,auction_relation
20230807,1773558059005980 ,AU,AU,,1/1/00 0:00,,2.7056,8/8/23 1:00,1.84,Auction Ads,auction_relation
20230807,1773557833902090 ,AU,AU,,1/1/00 0:00,,2.7056,8/8/23 1:00,1.84,Auction Ads,auction_relation
20230807,1773557833902090 ,IL,IL,,1/1/00 0:00,,2.7056,8/8/23 1:00,1.52,Auction Ads,auction_relation
20230807,1773558059065340 ,IL,IL,,1/1/00 0:00,,2.7056,8/8/23 1:00,1.52,Auction Ads,auction_relation
20230807,1773561725802510 ,IL,IL,,1/1/00 0:00,,2.4638,8/8/23 1:00,1.52,Auction Ads,auction_relation
20230807,1773561618115600 ,IL,IL,,1/1/00 0:00,,2.4638,8/8/23 1:00,1.52,Auction Ads,auction_relation
20230807,1773561721609230 ,IL,IL,,1/1/00 0:00,,2.4638,8/8/23 1:00,1.52,Auction Ads,auction_relation
20230807,1773540533481520 ,AU,AU,,1/1/00 0:00,,2.1288,8/8/23 1:00,1.84,Auction Ads,auction_relation
20230807,1773554377667580 ,AU,AU,,1/1/00 0:00,,2.1288,8/8/23 1:00,1.84,Auction Ads,auction_relation
20230807,1773540243311630 ,AU,AU,,1/1/00 0:00,,2.1288,8/8/23 1:00,1.84,Auction Ads,auction_relation
20230807,1773540180819960 ,AU,AU,,1/1/00 0:00,,2.1288,8/8/23 1:00,1.84,Auction Ads,auction_relation
20230807,1773540240649260 ,AU,AU,,1/1/00 0:00,,2.1288,8/8/23 1:00,1.84,Auction Ads,auction_relation
20230807,1773554381975660 ,AU,AU,,1/1/00 0:00,,2.1288,8/8/23 1:00,1.84,Auction Ads,auction_relation
20230807,1773568861675610 ,IL,IL,,1/1/00 0:00,,2.0217,8/8/23 1:00,1.52,Auction Ads,auction_relation
20230807,1773568327262210 ,IL,IL,,1/1/00 0:00,,2.0217,8/8/23 1:00,1.52,Auction Ads,auction_relation
20230807,1773566049481740 ,IL,IL,,1/1/00 0:00,,1.763,8/8/23 1:00,1.52,Auction Ads,auction_relation
20230807,1773565941919740 ,IL,IL,,1/1/00 0:00,,1.763,8/8/23 1:00,1.52,Auction Ads,auction_relation
20230807,1773566010397770 ,IL,IL,,1/1/00 0:00,,1.763,8/8/23 1:00,1.52,Auction Ads,auction_relation
20230807,1773554623501310 ,AU,AU,,1/1/00 0:00,,1.7463,8/8/23 1:00,1.84,Auction Ads,auction_relation
20230807,1773554646180910 ,AU,AU,,1/1/00 0:00,,1.7463,8/8/23 1:00,1.84,Auction Ads,auction_relation
20230807,1773558046306300 ,ID,ID,,1/1/00 0:00,,1.9595,8/8/23 1:00,1.8,Auction Ads,auction_relation
20230807,1773558951257100 ,ID,ID,,1/1/00 0:00,,2.1317,8/8/23 1:00,1.8,Auction Ads,auction_relation
20230807,1773568887326730 ,AU,AU,,1/1/00 0:00,,1.1484,8/8/23 1:00,1.84,Auction Ads,auction_relation
20230807,1773567595574300 ,ID,ID,,1/1/00 0:00,,2.7359,8/8/23 1:00,1.8,Auction Ads,auction_relation
20230807,1773562578503680 ,ID,ID,,1/1/00 0:00,,2.4146,8/8/23 1:00,1.8,Auction Ads,auction_relation
20230807,1773569934649360 ,ID,ID,,1/1/00 0:00,,7.1121,8/8/23 2:45,1.8,Auction Ads,auction_relation
20230807,1773562806377500 ,ID,ID,,1/1/00 0:00,,2.4146,8/8/23 1:00,1.8,Auction Ads,auction_relation
20230807,1773560513709090 ,ID,ID,,1/1/00 0:00,,2.4146,8/8/23 1:00,1.8,Auction Ads,auction_relation
20230807,1773594549896220 ,CL,Others,,1/1/00 0:00,0,22.5968,8/8/23 4:00,1.53,Non-Auction Ads,R&F
20230807,1773560162570240 ,ID,ID,,1/1/00 0:00,,2.1317,8/8/23 1:00,1.8,Auction Ads,auction_relation
20230807,1773557703775280 ,ID,ID,,1/1/00 0:00,,1.9595,8/8/23 1:00,1.8,Auction Ads,auction_relation
20230807,1773559452722220 ,ID,ID,,1/1/00 0:00,,2.1317,8/8/23 1:00,1.8,Auction Ads,auction_relation
20230807,1773569693276160 ,ID,ID,,1/1/00 0:00,,1.3005,8/8/23 1:20,1.8,Auction Ads,auction_relation
20230807,1773614474920960 ,BR,BR,,1/1/00 0:00,,5.0051,8/8/23 2:59,1.99,Auction Ads,auction_all
20230807,1773584282728490 ,GB,GB,,1/1/00 0:00,,1.0397,8/8/23 1:46,1.76,Auction Ads,auction_relation
20230807,1773588738863200 ,ID,ID,,1/1/00 0:00,,10.3016,8/8/23 3:00,1.8,Auction Ads,auction_relation
20230807,1773609104870430 ,BR,BR,,1/1/00 0:00,,0.4437,8/8/23 2:01,1.99,Auction Ads,auction_all
20230807,1773579496201240 ,TH,TH,,1/1/00 0:00,,0,8/8/23 2:00,1.64,Auction Ads,auction_relation
20230807,1773588661940270 ,ID,ID,,1/1/00 0:00,,10.3016,8/8/23 3:00,1.8,Auction Ads,auction_relation
20230807,1773532525768720 ,GR,GR,,1/1/00 0:00,,0,8/8/23 2:39,2.11,Auction Ads,auction_relation
20230807,1773588562847740 ,ID,ID,,1/1/00 0:00,,10.3016,8/8/23 3:00,1.8,Auction Ads,auction_relation
20230807,1773591561400320 ,US,USCA,,1/1/00 0:00,,11.4369,8/8/23 3:18,1.78,Auction Ads,auction_relation
20230807,1773613029504000 ,BR,BR,,1/1/00 0:00,,0,8/8/23 2:59,1.99,Auction Ads,auction_all
20230807,1773585652972600 ,BR,BR,,1/1/00 0:00,,9.5989,8/8/23 3:01,1.99,Auction Ads,auction_all
20230807,1773603063631900 ,US,USCA,,1/1/00 0:00,,11.4369,8/8/23 3:21,1.78,Auction Ads,auction_relation
20230807,1773603190407160 ,US,USCA,,1/1/00 0:00,,11.4369,8/8/23 3:23,1.78,Auction Ads,auction_relation
20230807,1773603257135100 ,US,USCA,,1/1/00 0:00,,11.4369,8/8/23 3:24,1.78,Auction Ads,auction_relation
20230807,1773603484496910 ,US,USCA,,1/1/00 0:00,,11.4369,8/8/23 3:27,1.78,Auction Ads,auction_relation
20230807,1773601878164530 ,ID,ID,,1/1/00 0:00,,4.4207,8/8/23 3:00,1.8,Auction Ads,auction_relation
20230807,1771981430352890 ,JP,JP,,1/1/00 0:00,,196.8758,13/8/23 15:00,1.43,Non-Auction Ads,R&F
20230807,1773335648079900 ,US,USCA,,1/1/00 0:00,,203.2844,16/8/23 16:00,1.78,Auction Ads,auction_relation
20230807,1773332649107480 ,US,USCA,,1/1/00 0:00,,203.2844,16/8/23 16:00,1.78,Auction Ads,auction_relation
20230807,1771982807737370 ,KR,Others,,1/1/00 0:00,,196.8758,14/8/23 15:00,1.53,Non-Auction Ads,R&F
20230807,1773570529702940 ,TW,TW,,1/1/00 0:00,,2.43,8/8/23 3:00,0.95,Auction Ads,auction_relation
20230807,1773575575065600 ,BR,BR,,1/1/00 0:00,,0.6015,8/8/23 3:00,1.99,Auction Ads,auction_all
20230807,1773575575055390 ,BR,BR,,1/1/00 0:00,,0.6015,8/8/23 3:00,1.99,Auction Ads,auction_all
20230807,1773575575073840 ,BR,BR,,1/1/00 0:00,,0.6015,8/8/23 3:00,1.99,Auction Ads,auction_all
20230807,1773579062779900 ,BR,BR,,1/1/00 0:00,,0.6015,8/8/23 3:00,1.99,Auction Ads,auction_all
20230807,1773237301835790 ,US,USCA,,1/1/00 0:00,,203.2844,16/8/23 16:00,1.78,Auction Ads,auction_relation
20230807,1773237301835790 ,US,USCA,,1/1/00 0:00,,203.2844,16/8/23 16:00,1.78,Auction Ads,auction_relation
20230807,1773331273594910 ,US,USCA,,1/1/00 0:00,,203.2844,16/8/23 16:00,1.78,Auction Ads,auction_relation
20230807,1773318784189440 ,US,USCA,,1/1/00 0:00,,203.2844,16/8/23 16:00,1.78,Auction Ads,auction_relation
20230807,1773333685107760 ,US,USCA,,1/1/00 0:00,,203.2844,16/8/23 16:00,1.78,Auction Ads,auction_relation
20230807,1773606941187120 ,BR,BR,,1/1/00 0:00,,1.0911,8/8/23 3:00,1.99,Auction Ads,auction_all
20230807,1773553095797770 ,JP,JP,,1/1/00 0:00,,29.6659,8/8/23 5:00,2.16,Auction Ads,auction_all
20230807,1773594822968350 ,US,USCA,,1/1/00 0:00,,1.5827,8/8/23 3:04,1.78,Auction Ads,auction_relation
20230807,1773583974171660 ,TR,TR,,1/1/00 0:00,,1.5439,8/8/23 3:08,0.83,Auction Ads,auction_relation
20230807,1773595067022380 ,US,USCA,,1/1/00 0:00,,1.5827,8/8/23 3:14,1.78,Auction Ads,auction_relation
20230807,1773195572456450 ,ID,ID,,1/1/00 0:00,,3.6909,8/8/23 4:00,1.8,Auction Ads,auction_relation
20230807,1773195572456450 ,ID,ID,,1/1/00 0:00,,3.6909,8/8/23 4:00,1.8,Auction Ads,auction_relation
20230807,1773610185104430 ,CL,Others,,1/1/00 0:00,,0,8/8/23 4:00,1.53,Non-Auction Ads,R&F
20230807,1773611091761200 ,US,USCA,,1/1/00 0:00,,21.61,8/8/23 5:00,1.78,Auction Ads,auction_relation
20230807,1770752703060010 ,PH,PH,,1/1/00 0:00,,123.1956,8/8/23 16:00,1.43,Non-Auction Ads,R&F
20230807,1770752703060010 ,PH,PH,,1/1/00 0:00,,123.1956,8/8/23 16:00,1.43,Non-Auction Ads,R&F
20230807,1773599688654840 ,US,USCA,,1/1/00 0:00,,20.7417,8/8/23 5:00,1.78,Auction Ads,auction_relation
20230807,1773568476450840 ,US,USCA,,1/1/00 0:00,,16.0412,8/8/23 5:00,1.78,Auction Ads,auction_relation
20230807,1773562703650860 ,US,USCA,,1/1/00 0:00,,15.0041,8/8/23 5:00,1.78,Auction Ads,auction_relation
20230807,1773562166393880 ,US,USCA,,1/1/00 0:00,,15.0041,8/8/23 5:00,1.78,Auction Ads,auction_relation
20230807,1773562703653930 ,US,USCA,,1/1/00 0:00,,15.0041,8/8/23 5:00,1.78,Auction Ads,auction_relation
20230807,1773576216156190 ,US,USCA,,1/1/00 0:00,,15,8/8/23 5:00,1.78,Auction Ads,auction_relation
20230807,1773576113778730 ,US,USCA,,1/1/00 0:00,,15,8/8/23 5:00,1.78,Auction Ads,auction_relation
20230807,1773576218597400 ,US,USCA,,1/1/00 0:00,,15,8/8/23 5:00,1.78,Auction Ads,auction_relation
20230807,1773612263700480 ,US,USCA,,1/1/00 0:00,,37.1406,8/8/23 5:42,1.78,Auction Ads,auction_relation
20230807,1773579799956530 ,US,USCA,,1/1/00 0:00,,10.6723,8/8/23 5:00,1.78,Auction Ads,auction_relation
20230807,1773579590755360 ,FR,FR,,1/1/00 0:00,,10.6723,8/8/23 5:00,1.97,Auction Ads,auction_relation
20230807,1773581419516920 ,IT,IT,,1/1/00 0:00,,10.6723,8/8/23 5:00,1.36,Auction Ads,auction_relation
20230807,1773580220341280 ,PT,PT,,1/1/00 0:00,,10.6723,8/8/23 5:00,1.98,Auction Ads,auction_relation
20230807,1773581792336910 ,ES,ES,,1/1/00 0:00,,10.6723,8/8/23 5:00,1.37,Auction Ads,auction_relation
20230807,1773580276535320 ,PT,PT,,1/1/00 0:00,,10.6723,8/8/23 5:00,1.98,Auction Ads,auction_relation
20230807,1773580444570640 ,PT,PT,,1/1/00 0:00,,10.6723,8/8/23 5:00,1.98,Auction Ads,auction_relation
20230807,1773579475001370 ,FR,FR,,1/1/00 0:00,,10.6723,8/8/23 5:00,1.97,Auction Ads,auction_relation
20230807,1773581108380670 ,ZA,ZA,,1/1/00 0:00,,10.6723,8/8/23 5:00,1.4,Auction Ads,auction_relation
20230807,1773581507574780 ,IT,IT,,1/1/00 0:00,,10.6723,8/8/23 5:00,1.36,Auction Ads,auction_relation
20230807,1773582052014110 ,IL,IL,,1/1/00 0:00,,10.6723,8/8/23 5:00,1.52,Auction Ads,auction_relation
20230807,1773579872752640 ,US,USCA,,1/1/00 0:00,,10.6723,8/8/23 5:00,1.78,Auction Ads,auction_relation
20230807,1773601907951640 ,CA,US&CA,,1/1/00 0:00,,69.9248,8/8/23 8:00,1.81,RIE,Ad Group Recall (Merged)
20230807,1773601907951640 ,CA,US&CA,,1/1/00 0:00,,69.9248,8/8/23 8:00,1.81,RIE,Ad Group Recall (Merged)
20230807,1773601654471730 ,GB,GB,,1/1/00 0:00,,69.9248,8/8/23 8:00,1.72,RIE,Ad Group Recall (Merged)
20230807,1773601654471730 ,GB,GB,,1/1/00 0:00,,69.9248,8/8/23 8:00,1.72,RIE,Ad Group Recall (Merged)
20230807,1773607759420440 ,US,USCA,,1/1/00 0:00,,8.5535,8/8/23 5:00,1.78,Auction Ads,auction_relation
20230807,1773585747996670 ,US,US,,1/1/00 0:00,0,8.4047,8/8/23 5:00,1.54,Non-Auction Ads,R&F
20230807,1773590381358130 ,DE,DE,,1/1/00 0:00,,5.6708,8/8/23 5:00,1.01,Auction Ads,auction_relation
20230807,1773590569193500 ,TR,TR,,1/1/00 0:00,,5.6708,8/8/23 5:00,0.83,Auction Ads,auction_relation
20230807,1773590247708670 ,IL,IL,,1/1/00 0:00,,5.6708,8/8/23 5:00,1.52,Auction Ads,auction_relation
20230807,1773601999042560 ,US,USCA,,1/1/00 0:00,,5.5808,8/8/23 5:00,1.78,Auction Ads,auction_relation
20230807,1773579405830190 ,FR,FR,,1/1/00 0:00,,10.6723,8/8/23 5:00,1.97,Auction Ads,auction_relation
20230807,1773581681250300 ,ES,ES,,1/1/00 0:00,,10.6723,8/8/23 5:00,1.37,Auction Ads,auction_relation
20230807,1773183733970990 ,ID,ID,,1/1/00 0:00,,183.1119,24/8/23 17:00,1.8,Non-Auction Ads,R&F
20230807,1773573132443680 ,BE,BE,,1/1/00 0:00,,3.3825,8/8/23 5:00,1.15,Auction Ads,auction_relation
20230807,1767286560285740 ,VN,VN,,1/1/00 0:00,,149.481,10/8/23 17:00,2.32,Non-Auction Ads,R&F
20230807,1767286464760830 ,VN,VN,,1/1/00 0:00,,149.481,10/8/23 17:00,2.32,Non-Auction Ads,R&F
20230807,1773594424335360 ,IQ,Others,,1/1/00 0:00,,2.3844,8/8/23 5:00,1.56,Auction Ads,auction_all
20230807,1773593576023070 ,FI,Others,,1/1/00 0:00,,0,8/8/23 5:00,1.56,Auction Ads,auction_all
20230807,1773593034230810 ,DE,DE,,1/1/00 0:00,,7.8689,8/8/23 5:00,1.01,Auction Ads,auction_relation
20230807,1773578297311230 ,GB,GB,,1/1/00 0:00,,164.2229,14/8/23 10:00,1.76,Auction Ads,auction_relation
20230807,1773565174700060 ,TH,TH,,1/1/00 0:00,,4.013,8/8/23 5:00,1.64,Auction Ads,auction_relation
20230807,1770756405737470 ,IT,IT,,1/1/00 0:00,,173.3649,16/8/23 23:00,1.34,Non-Auction Ads,R&F
20230807,1773541980504090 ,US,US,,1/1/00 0:00,,121.0171,9/8/23 5:00,1.54,Non-Auction Ads,R&F
20230807,1773544339843090 ,US,US,,1/1/00 0:00,,121.0171,9/8/23 5:00,1.54,Non-Auction Ads,R&F
20230807,1773573319283740 ,DE,DE,,1/1/00 0:00,,132.1754,9/8/23 22:01,1.01,Auction Ads,auction_relation
20230807,1773596168655870 ,CA,USCA,,1/1/00 0:00,,4.1238,8/8/23 5:01,1.78,Auction Ads,auction_relation
20230807,1773591548424250 ,CA,USCA,,1/1/00 0:00,,4.1238,8/8/23 5:01,1.78,Auction Ads,auction_relation
20230807,1773568003034160 ,IT,IT,,1/1/00 0:00,,6.4826,8/8/23 5:03,1.79,RIE,Ad Group Recall (Merged)
20230807,1773582433190940 ,MX,MX,,1/1/00 0:00,,6.4826,8/8/23 5:03,1.99,Auction Ads,auction_all
20230807,1773567827060780 ,AU,AU,,1/1/00 0:00,,6.4826,8/8/23 5:05,1.84,Auction Ads,auction_relation
20230807,1773604595720240 ,DE,DE,,1/1/00 0:00,,6.5929,8/8/23 5:15,1.01,Auction Ads,auction_relation
20230807,1773605357325340 ,CA,USCA,,1/1/00 0:00,,6.5929,8/8/23 5:15,1.78,Auction Ads,auction_relation
20230807,1773566940027920 ,GB,GB,,1/1/00 0:00,,6.4826,8/8/23 5:15,1.76,Auction Ads,auction_relation
20230807,1773606925010970 ,US,USCA,,1/1/00 0:00,,50.2614,8/8/23 8:00,1.78,Auction Ads,auction_relation
20230807,1773607773959170 ,HU,Others,,1/1/00 0:00,,6.5929,8/8/23 5:16,1.56,Auction Ads,auction_all
20230807,1773607773959170 ,GR,GR,,1/1/00 0:00,,6.5929,8/8/23 5:16,2.11,Auction Ads,auction_relation
20230807,1773607773959170 ,PL,PL,,1/1/00 0:00,,6.5929,8/8/23 5:16,1.64,Auction Ads,auction_relation
20230807,1773576560993310 ,NZ,NZ,,1/1/00 0:00,,6.4826,8/8/23 5:16,1.58,Auction Ads,auction_relation
20230807,1773602870395950 ,DE,DE,,1/1/00 0:00,,6.4826,8/8/23 5:17,1.01,Auction Ads,auction_relation
20230807,1773605955870730 ,SE,SE,,1/1/00 0:00,,0.2747,8/8/23 5:02,1.4,Auction Ads,auction_relation
20230807,1773605955870730 ,PT,PT,,1/1/00 0:00,,0.2747,8/8/23 5:02,1.98,Auction Ads,auction_relation
20230807,1773605955870730 ,FR,FR,,1/1/00 0:00,,0.2747,8/8/23 5:02,1.97,Auction Ads,auction_relation
20230807,1773605955870730 ,NL,NL,,1/1/00 0:00,,0.2747,8/8/23 5:02,1.19,Auction Ads,auction_relation
20230807,1773605955870730 ,PL,PL,,1/1/00 0:00,,0.2747,8/8/23 5:02,1.64,Auction Ads,auction_relation
20230807,1773605955870730 ,GR,GR,,1/1/00 0:00,,0.2747,8/8/23 5:02,2.11,Auction Ads,auction_relation
20230807,1773607295459360 ,PL,PL,,1/1/00 0:00,,6.5929,8/8/23 5:29,1.64,Auction Ads,auction_relation
20230807,1773607295459360 ,TR,TR,,1/1/00 0:00,,6.5929,8/8/23 5:29,0.83,Auction Ads,auction_relation
20230807,1773605821010990 ,FR,FR,,1/1/00 0:00,,0,8/8/23 5:05,1.97,Auction Ads,auction_relation
20230807,1773605821010990 ,DE,DE,,1/1/00 0:00,,0,8/8/23 5:05,1.01,Auction Ads,auction_relation
20230807,1773602139443200 ,FR,FR,,1/1/00 0:00,,0,8/8/23 5:06,1.97,Auction Ads,auction_relation
20230807,1773309996520460 ,GB,GB,,1/1/00 0:00,0,102.1492,9/8/23 0:00,1.82,Non-Auction Ads,R&F
20230807,1773597658605610 ,MX,Others,,1/1/00 0:00,0,26.6735,8/8/23 6:00,1.53,Non-Auction Ads,R&F
20230807,1773605434488880 ,DE,DE,,1/1/00 0:00,,0,8/8/23 5:21,1.01,Auction Ads,auction_relation
20230807,1773601319701530 ,KZ,KZ,,1/1/00 0:00,,0,8/8/23 5:30,2,Auction Ads,auction_relation
20230807,1773601319701530 ,TR,TR,,1/1/00 0:00,,0,8/8/23 5:30,0.83,Auction Ads,auction_relation
20230807,1773576286162940 ,HU,Others,,1/1/00 0:00,,123.6635,10/8/23 21:10,1.56,Auction Ads,auction_all
20230807,1773603807247360 ,US,USCA,,1/1/00 0:00,,17.8014,8/8/23 6:00,1.78,Auction Ads,auction_relation
20230807,1773586209655850 ,US,USCA,,1/1/00 0:00,,17.8014,8/8/23 6:00,1.78,Auction Ads,auction_relation
20230807,1773586439691310 ,US,USCA,,1/1/00 0:00,,17.8014,8/8/23 6:00,1.78,Auction Ads,auction_relation
20230807,1773607685605410 ,US,USCA,,1/1/00 0:00,,17.8014,8/8/23 6:00,1.78,Auction Ads,auction_relation
20230807,1773603807255580 ,US,USCA,,1/1/00 0:00,,17.8014,8/8/23 6:00,1.78,Auction Ads,auction_relation
20230807,1773606864464940 ,US,USCA,,1/1/00 0:00,,17.8014,8/8/23 6:00,1.78,Auction Ads,auction_relation
20230807,1773606537550840 ,US,USCA,,1/1/00 0:00,,17.8014,8/8/23 6:00,1.78,Auction Ads,auction_relation
20230807,1773586437829630 ,US,USCA,,1/1/00 0:00,,17.8014,8/8/23 6:00,1.78,Auction Ads,auction_relation
20230807,1773586243261530 ,US,USCA,,1/1/00 0:00,,17.8014,8/8/23 6:00,1.78,Auction Ads,auction_relation
20230807,1773608691356680 ,US,USCA,,1/1/00 0:00,,17.8014,8/8/23 6:00,1.78,Auction Ads,auction_relation
20230807,1773555425789970 ,TH,TH,,1/1/00 0:00,,102.3082,9/8/23 16:59,1.64,Auction Ads,auction_relation
20230807,1773549770898450 ,TH,TH,,1/1/00 0:00,,19.6642,8/8/23 6:13,1.64,Auction Ads,auction_relation
20230807,1773614294829070 ,US,USCA,,1/1/00 0:00,,11.8764,8/8/23 6:00,1.78,Auction Ads,auction_relation
20230807,1773602078345210 ,BR,BR,,1/1/00 0:00,,11.8975,8/8/23 6:00,1.99,Auction Ads,auction_all
20230807,1773577138219000 ,SE,SE,,1/1/00 0:00,,21.9695,8/8/23 7:30,1.4,Auction Ads,auction_relation
20230807,1773577154905080 ,DK,DK,,1/1/00 0:00,,21.9695,8/8/23 7:30,1.31,Auction Ads,auction_relation
20230807,1773589179397120 ,DE,DE,,1/1/00 0:00,,4.4797,8/8/23 6:00,1.01,Auction Ads,auction_relation
20230807,1773577596991530 ,AU,AU,,1/1/00 0:00,,4.4797,8/8/23 6:00,1.84,Auction Ads,auction_relation
20230807,1773577596994570 ,AU,AU,,1/1/00 0:00,,4.4797,8/8/23 6:00,1.84,Auction Ads,auction_relation
20230807,1773584807928880 ,JP,JP,,1/1/00 0:00,,4.4797,8/8/23 6:00,2.16,Auction Ads,auction_all
20230807,1773585215037520 ,MY,MY,,1/1/00 0:00,,4.4797,8/8/23 6:00,2.31,Auction Ads,auction_relation
20230807,1773590054973470 ,MY,MY,,1/1/00 0:00,,4.4797,8/8/23 6:00,2.31,Auction Ads,auction_relation
20230807,1773583097897010 ,NZ,NZ,,1/1/00 0:00,,4.4797,8/8/23 6:00,1.58,Auction Ads,auction_relation
20230807,1773562809163820 ,AU,AU,,1/1/00 0:00,,4.4797,8/8/23 6:00,1.84,Auction Ads,auction_relation
20230807,1773589031428110 ,PL,PL,,1/1/00 0:00,,4.4797,8/8/23 6:00,1.64,Auction Ads,auction_relation
20230807,1773595514343450 ,DE,DE,,1/1/00 0:00,,4.4797,8/8/23 6:00,1.01,Auction Ads,auction_relation
20230807,1773593889156090 ,DE,DE,,1/1/00 0:00,,4.4797,8/8/23 6:00,1.01,Auction Ads,auction_relation
20230807,1773562809149490 ,AU,AU,,1/1/00 0:00,,4.4797,8/8/23 6:00,1.84,Auction Ads,auction_relation
20230807,1773587783186440 ,HU,Others,,1/1/00 0:00,,4.4797,8/8/23 6:00,1.56,Auction Ads,auction_all
20230807,1773599184280620 ,NL,NL,,1/1/00 0:00,,4.2416,8/8/23 6:00,1.19,Auction Ads,auction_relation
20230807,1773558854478840 ,ID,ID,,1/1/00 0:00,0,80.7959,9/8/23 2:00,1.8,Auction Ads,auction_relation
20230807,1773590477141040 ,TR,TR,,1/1/00 0:00,,4.0925,8/8/23 6:00,0.83,Auction Ads,auction_relation
20230807,1773590024040490 ,NL,NL,,1/1/00 0:00,,2.4934,8/8/23 6:00,1.19,Auction Ads,auction_relation
20230807,1773589487562780 ,NL,NL,,1/1/00 0:00,,2.4934,8/8/23 6:00,1.19,Auction Ads,auction_relation
20230807,1773586829685810 ,NL,NL,,1/1/00 0:00,,2.4934,8/8/23 6:00,1.19,Auction Ads,auction_relation
20230807,1773587646872620 ,NL,NL,,1/1/00 0:00,,2.4934,8/8/23 6:00,1.19,Auction Ads,auction_relation
20230807,1773593590610940 ,NL,NL,,1/1/00 0:00,,2.4934,8/8/23 6:00,1.19,Auction Ads,auction_relation
20230807,1773586569664540 ,NL,NL,,1/1/00 0:00,,2.4934,8/8/23 6:00,1.19,Auction Ads,auction_relation
20230807,1773593591936030 ,NL,NL,,1/1/00 0:00,,2.4934,8/8/23 6:00,1.19,Auction Ads,auction_relation
20230807,1773589594212350 ,NL,NL,,1/1/00 0:00,,2.4934,8/8/23 6:00,1.19,Auction Ads,auction_relation
20230807,1773586566020130 ,NL,NL,,1/1/00 0:00,,2.4934,8/8/23 6:00,1.19,Auction Ads,auction_relation
20230807,1773586432777260 ,NL,NL,,1/1/00 0:00,,2.4934,8/8/23 6:00,1.19,Auction Ads,auction_relation
20230807,1773586432777260 ,NL,NL,,1/1/00 0:00,,2.4934,8/8/23 6:00,1.19,Auction Ads,auction_relation
20230807,1773591118496800 ,DE,DE,,1/1/00 0:00,,4.0925,8/8/23 6:00,1.01,Auction Ads,auction_relation
20230807,1773574340467760 ,SE,SE,,1/1/00 0:00,,1.8905,8/8/23 6:00,1.4,Auction Ads,auction_relation
20230807,1773574133081100 ,DE,DE,,1/1/00 0:00,,1.8905,8/8/23 6:00,1.01,Auction Ads,auction_relation
20230807,1773591354327040 ,NL,NL,,1/1/00 0:00,,1.5625,8/8/23 6:00,1.19,Auction Ads,auction_relation
20230807,1773587332864000 ,NL,NL,,1/1/00 0:00,,1.5625,8/8/23 6:00,1.19,Auction Ads,auction_relation
20230807,1773587337628700 ,NL,NL,,1/1/00 0:00,,1.5625,8/8/23 6:00,1.19,Auction Ads,auction_relation
20230807,1773587339427840 ,NL,NL,,1/1/00 0:00,,1.5625,8/8/23 6:00,1.19,Auction Ads,auction_relation
20230807,1773589975517180 ,NL,NL,,1/1/00 0:00,,1.5625,8/8/23 6:00,1.19,Auction Ads,auction_relation
20230807,1773591323152430 ,NL,NL,,1/1/00 0:00,,1.5625,8/8/23 6:00,1.19,Auction Ads,auction_relation
20230807,1773591351173150 ,NL,NL,,1/1/00 0:00,,1.5625,8/8/23 6:00,1.19,Auction Ads,auction_relation
20230807,1773591325998090 ,NL,NL,,1/1/00 0:00,,1.5625,8/8/23 6:00,1.19,Auction Ads,auction_relation
20230807,1773590211305520 ,DE,DE,,1/1/00 0:00,,4.0925,8/8/23 6:00,1.01,Auction Ads,auction_relation
20230807,1773590117313580 ,DE,DE,,1/1/00 0:00,,4.0925,8/8/23 6:00,1.01,Auction Ads,auction_relation
20230807,1773582205815840 ,ID,ID,,1/1/00 0:00,,0.1688,8/8/23 6:00,1.8,Auction Ads,auction_relation
20230807,1773605166026800 ,US,USCA,,1/1/00 0:00,,2.8243,8/8/23 6:01,1.78,Auction Ads,auction_relation
20230807,1770215780182040 ,AU,AU,,1/1/00 0:00,0,51.4681,8/8/23 14:00,1.43,Non-Auction Ads,R&F
20230807,1773541634056240 ,AU,AU,,1/1/00 0:00,,51.3675,8/8/23 14:00,1.43,Non-Auction Ads,R&F
20230807,1773541634056240 ,AU,AU,,1/1/00 0:00,,51.3675,8/8/23 14:00,1.43,Non-Auction Ads,R&F
20230807,1773603687886890 ,US,USCA,,1/1/00 0:00,,2.8243,8/8/23 6:01,1.78,Auction Ads,auction_relation
20230807,1773560271112240 ,TH,TH,,1/1/00 0:00,,12.71,8/8/23 8:39,1.64,Auction Ads,auction_relation
20230807,1773609812817920 ,US,USCA,,1/1/00 0:00,,6.3467,8/8/23 8:00,1.78,Auction Ads,auction_relation
20230807,1773581872240670 ,HU,Others,,1/1/00 0:00,,3.7706,8/8/23 7:00,1.56,Auction Ads,auction_all
20230807,1773581872240670 ,HU,Others,,1/1/00 0:00,,3.7706,8/8/23 7:00,1.56,Auction Ads,auction_all
20230807,1773581872240670 ,HU,Others,,1/1/00 0:00,,3.7706,8/8/23 7:00,1.56,Auction Ads,auction_all
20230807,1773600365623400 ,IQ,Others,,1/1/00 0:00,,8.8328,8/8/23 8:00,1.56,Auction Ads,auction_all
20230807,1773612416588810 ,US,US&CA,,1/1/00 0:00,,3.9256,8/8/23 8:00,1.81,RIE,Ad Group Recall (Merged)
20230807,1773608177943580 ,BR,BR,,1/1/00 0:00,,0.4868,8/8/23 7:00,1.99,Auction Ads,auction_all
20230807,1773542735749150 ,BR,BR,,1/1/00 0:00,,2.9006,8/8/23 8:00,1.7,RIE,Ad Group Recall (Merged)
20230807,1773550847587320 ,US,USCA,,1/1/00 0:00,,28.4998,8/8/23 11:30,1.78,Auction Ads,auction_relation
20230807,1773603002041360 ,BR,BR,,1/1/00 0:00,,0,8/8/23 7:16,1.7,RIE,Ad Group Recall (Merged)
20230807,1773598594164770 ,BR,BR,,1/1/00 0:00,,3.7786,8/8/23 8:00,1.99,Auction Ads,auction_all
20230807,1773551883361320 ,KZ,Others,,1/1/00 0:00,0,48.7151,8/8/23 18:00,1.53,Non-Auction Ads,R&F
20230807,1773601395392520 ,BR,BR,,1/1/00 0:00,,0,8/8/23 8:00,1.99,Auction Ads,auction_all
20230807,1773602235318270 ,BR,BR,,1/1/00 0:00,,59.9348,9/8/23 3:00,1.99,Auction Ads,auction_all
20230807,1773601692661770 ,BR,BR,,1/1/00 0:00,,0,8/8/23 8:00,1.99,Auction Ads,auction_all
20230807,1773559036636190 ,TH,TH,,1/1/00 0:00,,1.698,8/8/23 8:35,1.87,RIE,Ad Group Recall (Merged)
20230807,1773601034913810 ,BR,BR,,1/1/00 0:00,,0,8/8/23 8:00,1.99,Auction Ads,auction_all
20230807,1770215100663850 ,AU,AU,,1/1/00 0:00,0,51.4681,8/8/23 23:00,1.84,Auction Ads,auction_relation
20230807,1773082245937150 ,AU,AU,,1/1/00 0:00,0,51.4681,8/8/23 23:00,1.84,Auction Ads,auction_relation
20230807,1773588941633550 ,ID,ID,,1/1/00 0:00,,10.3016,8/8/23 9:00,1.8,Auction Ads,auction_relation
20230807,1773588836444220 ,ID,ID,,1/1/00 0:00,,10.3016,8/8/23 9:00,1.8,Auction Ads,auction_relation
20230807,1773589028659210 ,ID,ID,,1/1/00 0:00,,10.3016,8/8/23 9:00,1.8,Auction Ads,auction_relation
20230807,1773554178676770 ,US,USCA,,1/1/00 0:00,,7.1279,8/8/23 9:00,1.78,Auction Ads,auction_relation
20230807,1773554171027490 ,US,USCA,,1/1/00 0:00,,7.1279,8/8/23 9:00,1.78,Auction Ads,auction_relation
20230807,1773554178671660 ,US,USCA,,1/1/00 0:00,,7.1279,8/8/23 9:00,1.78,Auction Ads,auction_relation
20230807,1773553454069790 ,US,USCA,,1/1/00 0:00,,7.1279,8/8/23 9:00,1.78,Auction Ads,auction_relation
20230807,1773264751559730 ,SG,Others,,1/1/00 0:00,,32.3352,8/8/23 16:00,1.53,Non-Auction Ads,R&F
20230807,1773589117517880 ,ID,ID,,1/1/00 0:00,,10.3016,8/8/23 11:00,1.8,Auction Ads,auction_relation
20230807,1773589192620080 ,ID,ID,,1/1/00 0:00,,10.3016,8/8/23 11:00,1.8,Auction Ads,auction_relation
20230807,1773589264567340 ,ID,ID,,1/1/00 0:00,,10.3016,8/8/23 11:00,1.8,Auction Ads,auction_relation
20230807,1773596728119340 ,BR,BR,,1/1/00 0:00,,2.3074,8/8/23 9:00,1.99,Auction Ads,auction_all
20230807,1773595603426330 ,BR,BR,,1/1/00 0:00,,2.3074,8/8/23 9:00,1.99,Auction Ads,auction_all
20230807,1773595655760930 ,BR,BR,,1/1/00 0:00,,2.3074,8/8/23 9:00,1.99,Auction Ads,auction_all
20230807,1773595655748610 ,BR,BR,,1/1/00 0:00,,2.3074,8/8/23 9:00,1.99,Auction Ads,auction_all
20230807,1773564689405950 ,JP,JP,,1/1/00 0:00,,3.8141,8/8/23 9:09,2.16,Auction Ads,auction_all
20230807,1773564689405950 ,JP,JP,,1/1/00 0:00,,3.8141,8/8/23 9:09,2.16,Auction Ads,auction_all
20230807,1773613908870140 ,BR,BR,,1/1/00 0:00,,0.6803,8/8/23 9:00,1.99,Auction Ads,auction_all
20230807,1773615202128890 ,BR,BR,,1/1/00 0:00,,0.4367,8/8/23 9:00,1.7,RIE,Ad Group Recall (Merged)
20230807,1773615720866810 ,BR,BR,,1/1/00 0:00,,0.4367,8/8/23 9:00,1.7,RIE,Ad Group Recall (Merged)
20230807,1773612520882200 ,US,USCA,,1/1/00 0:00,,4.9956,8/8/23 11:49,1.78,Auction Ads,auction_relation
20230807,1773612517496860 ,US,USCA,,1/1/00 0:00,,4.9956,8/8/23 11:49,1.78,Auction Ads,auction_relation
20230807,1773612517500960 ,CA,USCA,,1/1/00 0:00,,4.9956,8/8/23 11:49,1.78,Auction Ads,auction_relation
20230807,1773610186329120 ,US,USCA,,1/1/00 0:00,,6.2303,8/8/23 12:00,1.78,Auction Ads,auction_relation
20230807,1773597287151630 ,BR,BR,,1/1/00 0:00,,0.3638,8/8/23 10:00,1.99,Auction Ads,auction_all
20230807,1773597260616720 ,BR,BR,,1/1/00 0:00,,0.3638,8/8/23 10:00,1.99,Auction Ads,auction_all
20230807,1773596777771020 ,BR,BR,,1/1/00 0:00,,0.3638,8/8/23 10:00,1.99,Auction Ads,auction_all
20230807,1773596543148050 ,BR,BR,,1/1/00 0:00,,0.3638,8/8/23 10:00,1.99,Auction Ads,auction_all
20230807,1773596670569520 ,BR,BR,,1/1/00 0:00,,0.3638,8/8/23 10:00,1.99,Auction Ads,auction_all
20230807,1773597260688430 ,BR,BR,,1/1/00 0:00,,0.3638,8/8/23 10:00,1.99,Auction Ads,auction_all
20230807,1773609803031600 ,US,USCA,,1/1/00 0:00,,6.2303,8/8/23 12:00,1.78,Auction Ads,auction_relation
20230807,1773586523064320 ,AU,AU,,1/1/00 0:00,,1.531,8/8/23 11:00,1.84,Auction Ads,auction_relation
20230807,1773610754812940 ,US,USCA,,1/1/00 0:00,,6.2303,8/8/23 12:00,1.78,Auction Ads,auction_relation
20230807,1773610122522650 ,US,USCA,,1/1/00 0:00,,6.2303,8/8/23 12:00,1.78,Auction Ads,auction_relation
20230807,1773552035961950 ,KZ,Others,,1/1/00 0:00,0,48.7151,9/8/23 18:00,1.53,Non-Auction Ads,R&F
20230807,1773608980798490 ,US,USCA,,1/1/00 0:00,,6.2303,8/8/23 12:00,1.78,Auction Ads,auction_relation
20230807,1773584757266440 ,US,USCA,,1/1/00 0:00,,18.882,8/8/23 16:25,1.78,Auction Ads,auction_relation
20230807,1773608734622720 ,US,USCA,,1/1/00 0:00,,6.2303,8/8/23 12:00,1.78,Auction Ads,auction_relation
20230807,1773609926752270 ,US,USCA,,1/1/00 0:00,,6.2303,8/8/23 12:00,1.78,Auction Ads,auction_relation
20230807,1773597162017810 ,BR,BR,,1/1/00 0:00,,0.4238,8/8/23 11:44,1.99,Auction Ads,auction_all
20230807,1773609631406130 ,US,USCA,,1/1/00 0:00,,6.2303,8/8/23 12:00,1.78,Auction Ads,auction_relation
20230807,1773610459804700 ,US,USCA,,1/1/00 0:00,,6.2303,8/8/23 12:00,1.78,Auction Ads,auction_relation
20230807,1773609478282290 ,US,USCA,,1/1/00 0:00,,6.2303,8/8/23 12:00,1.78,Auction Ads,auction_relation
20230807,1773293813676060 ,ID,ID,,1/1/00 0:00,,1.4125,8/8/23 12:00,1.8,Auction Ads,auction_relation
20230807,1773580757560320 ,MY,MY,,1/1/00 0:00,,0.9352,8/8/23 12:00,2.31,Auction Ads,auction_relation
20230807,1773598557747210 ,MX,MX,,1/1/00 0:00,,0,8/8/23 12:00,1.99,Auction Ads,auction_all
20230807,1773568138593310 ,US,USCA,,1/1/00 0:00,,3.605,8/8/23 12:05,1.78,Auction Ads,auction_relation
20230807,1773568138593310 ,CA,USCA,,1/1/00 0:00,,3.605,8/8/23 12:05,1.78,Auction Ads,auction_relation
20230807,1773569290892280 ,GB,GB,,1/1/00 0:00,,16.4316,8/8/23 17:00,1.76,Auction Ads,auction_relation
20230807,1773570239368210 ,GB,GB,,1/1/00 0:00,,16.4316,8/8/23 17:00,1.76,Auction Ads,auction_relation
20230807,1773569326029840 ,US,USCA,,1/1/00 0:00,,3.605,8/8/23 12:24,1.78,Auction Ads,auction_relation
20230807,1773569326029840 ,CA,USCA,,1/1/00 0:00,,3.605,8/8/23 12:24,1.78,Auction Ads,auction_relation
20230807,1773562043819040 ,PH,,,1/1/00 0:00,0,41.0686,9/8/23 16:00,5.96,Non-Auction Ads,Branding Ads
20230807,1773582691485690 ,MY,MY,,1/1/00 0:00,,5.0534,8/8/23 14:31,2.31,Auction Ads,auction_relation
20230807,1773587048492060 ,TH,TH,,1/1/00 0:00,,1.2095,8/8/23 13:01,1.64,Auction Ads,auction_relation
20230807,1773553572394060 ,AU,AU,,1/1/00 0:00,,2.8077,8/8/23 14:00,1.84,Auction Ads,auction_relation
20230807,1773559640579090 ,TH,TH,,1/1/00 0:00,,7.0793,8/8/23 17:00,1.87,RIE,Ad Group Recall (Merged)
20230807,1773586302514200 ,CH,CH,,1/1/00 0:00,,5.0881,8/8/23 16:49,0.93,Auction Ads,auction_relation
20230807,1773552229927980 ,KZ,Others,,1/1/00 0:00,,48.7151,10/8/23 18:00,1.53,Non-Auction Ads,R&F
20230807,1773559719183360 ,TH,TH,,1/1/00 0:00,,7.0793,8/8/23 17:00,1.87,RIE,Ad Group Recall (Merged)
20230807,1773562134274080 ,SG,Other,,1/1/00 0:00,,62.6416,13/8/23 16:00,1.62,RIE,Ad Group Recall (Merged)
20230807,1773563304828930 ,DE,DE,,1/1/00 0:00,,13.3832,8/8/23 22:01,1.01,Auction Ads,auction_relation
20230807,1773564237964320 ,DE,DE,,1/1/00 0:00,,13.3832,8/8/23 22:03,1.01,Auction Ads,auction_relation
20230807,1773107195035640 ,ZA,,,1/1/00 0:00,0,11.0266,8/8/23 22:00,5.96,Non-Auction Ads,Branding Ads
20230807,1771285056761870 ,MY,MY,,1/1/00 0:00,,0,8/8/23 16:00,1.43,Non-Auction Ads,R&F
20230807,1773267076288510 ,SG,Others,,1/1/00 0:00,0,0,8/8/23 16:00,1.53,Non-Auction Ads,R&F
20230807,1773267076288510 ,SG,Others,,1/1/00 0:00,0,0,8/8/23 16:00,1.53,Non-Auction Ads,R&F
20230807,1771285056761870 ,MY,MY,,1/1/00 0:00,,0,8/8/23 16:00,1.43,Non-Auction Ads,R&F
20230807,1771285056761870 ,MY,MY,,1/1/00 0:00,,0,8/8/23 16:00,1.43,Non-Auction Ads,R&F
20230807,1773267076288510 ,SG,Others,,1/1/00 0:00,0,0,8/8/23 16:00,1.53,Non-Auction Ads,R&F
20230807,1773593485955090 ,US,USCA,,1/1/00 0:00,,27.4067,9/8/23 18:40,1.78,Auction Ads,auction_relation
20230807,1773578549128220 ,ID,,,1/1/00 0:00,0,0,8/8/23 17:00,5.96,Non-Auction Ads,Branding Ads
20230807,1773601626830860 ,US,USCA,,1/1/00 0:00,,37.8846,10/8/23 7:00,1.78,Auction Ads,auction_relation
20230807,1773591775012880 ,AR,Others,,1/1/00 0:00,,51.6702,12/8/23 3:00,1.53,Non-Auction Ads,R&F
20230807,1773525900324880 ,US,USCA,,1/1/00 0:00,,16.4171,9/8/23 5:00,1.78,Auction Ads,auction_relation
20230807,1773572344417290 ,MY,MY,,1/1/00 0:00,,10.5309,9/8/23 1:00,2.31,Auction Ads,auction_relation
20230807,1773604617721850 ,US,USCA,,1/1/00 0:00,,7.4977,8/8/23 23:00,1.78,Auction Ads,auction_relation
20230807,1773593835609130 ,US,USCA,,1/1/00 0:00,,55.4662,14/8/23 17:00,1.78,Auction Ads,auction_relation
20230807,1773566826689530 ,TR,TR,,1/1/00 0:00,,1.5241,8/8/23 21:00,1.43,Non-Auction Ads,R&F
20230807,1773597718238220 ,US,USCA,,1/1/00 0:00,,16.1561,9/8/23 11:00,1.78,Auction Ads,auction_relation
20230807,1773597495613440 ,US,USCA,,1/1/00 0:00,,16.1561,9/8/23 11:00,1.78,Auction Ads,auction_relation
20230807,1773563398457390 ,PT,Others,,1/1/00 0:00,,26.2693,10/8/23 0:00,1.53,Non-Auction Ads,R&F
20230807,1773595708513290 ,AR,AR,,1/1/00 0:00,,51.6702,14/8/23 3:00,2.23,Auction Ads,auction_all
20230807,1773564131833870 ,DK,DK,,1/1/00 0:00,,47.8741,12/8/23 23:00,1.31,Auction Ads,auction_relation
20230807,1773088276609050 ,MY,MY,,1/1/00 0:00,0,50.8704,14/8/23 16:00,2.31,Auction Ads,auction_relation
20230807,1773571978208250 ,GB,GB,,1/1/00 0:00,,3.7527,9/8/23 0:00,1.76,Auction Ads,auction_relation
20230807,1773604755140610 ,MX,MX,,1/1/00 0:00,,1.4613,8/8/23 23:44,1.99,Auction Ads,auction_all
20230807,1773565396010000 ,CZ,,,1/1/00 0:00,0,0,8/8/23 23:00,5.96,Non-Auction Ads,Branding Ads
20230807,1773564626657310 ,GB,,,1/1/00 0:00,0,0,9/8/23 0:00,5.96,Non-Auction Ads,Branding Ads
20230807,1773567483373570 ,BR,BR,,1/1/00 0:00,,2.322,9/8/23 3:00,1.99,Auction Ads,auction_all
20230807,1773550824491010 ,TH,TH,,1/1/00 0:00,,6.6256,9/8/23 10:00,1.64,Auction Ads,auction_relation
20230807,1773550187081740 ,PE,PE,,1/1/00 0:00,,2.6792,9/8/23 6:18,1.68,Auction Ads,auction_all
20230807,1773565103947790 ,CA,CA,,1/1/00 0:00,,1.5241,9/8/23 5:00,1.43,Non-Auction Ads,R&F
20230807,1773564767137820 ,US,US,,1/1/00 0:00,,1.5241,9/8/23 5:00,1.54,Non-Auction Ads,R&F
20230807,1773564270233600 ,CA,CA,,1/1/00 0:00,,1.5241,9/8/23 5:00,1.43,Non-Auction Ads,R&F
20230807,1773592141059080 ,US,US,,1/1/00 0:00,,0,9/8/23 5:00,1.54,Non-Auction Ads,R&F
20230807,1773600771048460 ,US,,,1/1/00 0:00,0,0,9/8/23 5:00,5.96,Non-Auction Ads,Branding Ads
20230807,1773563216433200 ,CH,CH,,1/1/00 0:00,,0,9/8/23 5:00,0.93,Auction Ads,auction_relation
20230807,1773572346186750 ,JP,JP,,1/1/00 0:00,,4.1904,9/8/23 15:00,2.16,Auction Ads,auction_all
20230807,1773572346186750 ,JP,JP,,1/1/00 0:00,,4.1904,9/8/23 15:00,2.16,Auction Ads,auction_all
20230807,1773572345565230 ,JP,JP,,1/1/00 0:00,,4.1904,9/8/23 15:00,2.16,Auction Ads,auction_all
20230807,1773562237614130 ,DE,DE,,1/1/00 0:00,,10.9094,9/8/23 22:01,1.01,Auction Ads,auction_relation
20230807,1773562329101340 ,DE,DE,,1/1/00 0:00,,10.9094,9/8/23 22:01,1.01,Auction Ads,auction_relation
20230807,1773294423847950 ,ID,ID,,1/1/00 0:00,,1.4125,9/8/23 12:00,1.8,Auction Ads,auction_relation
20230807,1773613885985840 ,US,USCA,,1/1/00 0:00,,49.7607,18/8/23 12:33,1.78,Auction Ads,auction_relation
20230807,1773613084001310 ,US,USCA,,1/1/00 0:00,,49.7607,18/8/23 13:33,1.78,Auction Ads,auction_relation
20230807,1773612808921120 ,US,USCA,,1/1/00 0:00,,49.7607,18/8/23 20:50,1.78,Auction Ads,auction_relation
20230807,1773570598040590 ,PL,PL,,1/1/00 0:00,,6.1687,9/8/23 22:00,1.64,Auction Ads,auction_relation
20230807,1773555315191810 ,ID,ID,,1/1/00 0:00,,18.1446,11/8/23 4:00,1.8,Auction Ads,auction_relation
20230807,1773555315191810 ,SG,SG,,1/1/00 0:00,,18.1446,11/8/23 4:00,1.94,Auction Ads,auction_relation
20230807,1773555315191810 ,MY,MY,,1/1/00 0:00,,18.1446,11/8/23 4:00,2.31,Auction Ads,auction_relation
20230807,1773196249629690 ,TR,,,1/1/00 0:00,0,0,9/8/23 21:00,5.96,Non-Auction Ads,Branding Ads
20230807,1773569202002970 ,IL,IL,,1/1/00 0:00,,31.8176,15/8/23 22:00,1.43,Non-Auction Ads,R&F
20230807,1773201333000210 ,PL,,,1/1/00 0:00,,0,9/8/23 23:00,5.96,Non-Auction Ads,Branding Ads
20230807,1773562738411560 ,DE,DE,,1/1/00 0:00,,10.9094,10/8/23 22:01,1.01,Auction Ads,auction_relation
20230807,1773189999572990 ,AU,AU,,1/1/00 0:00,,0,10/8/23 2:00,1.84,Auction Ads,auction_relation
20230807,1773567770207310 ,DE,DE,,1/1/00 0:00,,23.5891,13/8/23 23:00,1.41,Non-Auction Ads,R&F
20230807,1773556043635760 ,MY,MY,,1/1/00 0:00,,5.2591,10/8/23 16:00,2.31,Auction Ads,auction_relation
20230807,1773543216835610 ,AU,AU,,1/1/00 0:00,,27.1727,15/8/23 23:00,1.84,Auction Ads,auction_relation
20230807,1773566773393440 ,ES,ES,,1/1/00 0:00,,0.2266,10/8/23 8:10,1.37,Auction Ads,auction_relation
20230807,1773566773393440 ,MX,MX,,1/1/00 0:00,,0.2266,10/8/23 8:10,1.99,Auction Ads,auction_all
20230807,1773566773393440 ,PE,PE,,1/1/00 0:00,,0.2266,10/8/23 8:10,1.68,Auction Ads,auction_all
20230807,1773566773393440 ,CL,CL,,1/1/00 0:00,,0.2266,10/8/23 8:10,1.85,Auction Ads,auction_all
20230807,1773193117988860 ,US,USCA,,1/1/00 0:00,,2.3994,10/8/23 20:15,1.78,Auction Ads,auction_relation
20230807,1773532026451980 ,HU,Others,,1/1/00 0:00,,0,11/8/23 1:28,1.56,Auction Ads,auction_all
20230807,1773570215507970 ,IL,IL,,1/1/00 0:00,,8.7586,13/8/23 6:00,1.52,Auction Ads,auction_relation
20230807,1773543600395310 ,AU,AU,,1/1/00 0:00,,27.1727,24/8/23 23:00,1.84,Auction Ads,auction_relation
20230807,1773543840133120 ,KH,KH,,1/1/00 0:00,,4.0228,11/8/23 9:33,1.5,Auction Ads,auction_relation
20230807,1773587721872400 ,TH,TH,,1/1/00 0:00,,2.8927,11/8/23 14:00,1.87,RIE,Ad Group Recall (Merged)
20230807,1773587721872400 ,TH,TH,,1/1/00 0:00,,2.8927,11/8/23 14:00,1.64,Auction Ads,auction_relation
20230807,1773608538754060 ,US,USCA,,1/1/00 0:00,,8.2192,14/8/23 22:44,1.78,Auction Ads,auction_relation
20230807,1773194107545650 ,ES,,,1/1/00 0:00,,0,11/8/23 23:00,5.96,Non-Auction Ads,Branding Ads
20230807,1773281664990280 ,SE,,,1/1/00 0:00,0,0,12/8/23 23:00,5.96,Non-Auction Ads,Branding Ads
20230807,1773116025801720 ,AU,AU,,1/1/00 0:00,0,0,13/8/23 14:00,1.43,Non-Auction Ads,R&F
20230807,1772917199774830 ,AU,AU,,1/1/00 0:00,,0,16/8/23 14:00,1.43,Non-Auction Ads,R&F
20230807,1773001288283180 ,AU,AU,,1/1/00 0:00,,0,16/8/23 14:00,1.43,Non-Auction Ads,R&F
20230807,1773001331463180 ,AU,AU,,1/1/00 0:00,,0,16/8/23 14:00,1.43,Non-Auction Ads,R&F
20230807,1772914655398940 ,AU,AU,,1/1/00 0:00,,0,16/8/23 14:00,1.43,Non-Auction Ads,R&F
20230807,1773571960785920 ,TH,TH,,1/1/00 0:00,,3.1945,16/8/23 17:01,1.64,Auction Ads,auction_relation
20230807,1773571171018750 ,TH,TH,,1/1/00 0:00,,3.1945,16/8/23 17:01,1.64,Auction Ads,auction_relation
20230807,1771118623663130 ,KW,KW/AE/SA,,1/1/00 0:00,,0,17/8/23 21:00,1.43,Non-Auction Ads,R&F
20230807,1771118967802910 ,QA,Others,,1/1/00 0:00,,0,17/8/23 21:00,1.53,Non-Auction Ads,R&F
20230807,1773110516862970 ,FR,FR,,1/1/00 0:00,,0,20/8/23 23:03,1.97,Auction Ads,auction_relation
20230807,1773591605863440 ,US,US,,1/1/00 0:00,,0,21/8/23 5:00,1.54,Non-Auction Ads,R&F
20230807,1773202479438850 ,PL,,,1/1/00 0:00,,0,21/8/23 23:00,5.96,Non-Auction Ads,Branding Ads
20230807,1773577083471890 ,FR,FR,,1/1/00 0:00,,0,27/8/23 23:00,1.95,Non-Auction Ads,R&F
20230807,1771117328433200 ,AE,KW/AE/SA,,1/1/00 0:00,,0,3/9/23 20:00,1.43,Non-Auction Ads,R&F
20230807,1771115903602730 ,SA,KW/AE/SA,,1/1/00 0:00,,0,3/9/23 21:00,1.43,Non-Auction Ads,R&F
20230807,1771115903602730 ,SA,KW/AE/SA,,1/1/00 0:00,,0,3/9/23 21:00,1.43,Non-Auction Ads,R&F
20230807,1773571492816890 ,JP,JP,,1/1/00 0:00,,0,13/9/23 7:00,2.16,Auction Ads,auction_all
20230807,1773566466598940 ,JP,JP,,1/1/00 0:00,,0,13/9/23 7:00,2.16,Auction Ads,auction_all
20230807,1773546025160740 ,US,,,1/1/00 0:00,,89.41,,0.54,Non-Auction Ads,Promote
20230807,1773590066758690 ,US,,,1/1/00 0:00,,54.2429,,0.54,Non-Auction Ads,Promote
20230807,1773599860501620 ,US,,,1/1/00 0:00,,50,,0.54,Non-Auction Ads,Promote
20230807,1773561602224130 ,GB,,,1/1/00 0:00,,39.9555,,0.54,Non-Auction Ads,Promote
20230807,1773569110556670 ,GB,,,1/1/00 0:00,,39.9555,,0.54,Non-Auction Ads,Promote
20230807,1773537622121470 ,US,,,1/1/00 0:00,,39.6,,0.54,Non-Auction Ads,Promote
20230807,1773530794437630 ,US,,,1/1/00 0:00,,35.5308,,0.54,Non-Auction Ads,Promote
20230807,1773597818826750 ,SE,,,1/1/00 0:00,,32.1654,,0.54,Non-Auction Ads,Promote
20230807,1773540977769470 ,US,,,1/1/00 0:00,,23.465,,0.54,Non-Auction Ads,Promote
20230807,1773493369028610 ,EG,,,1/1/00 0:00,,22.3798,,0.54,Non-Auction Ads,Promote
20230807,1773592978142210 ,US,,,1/1/00 0:00,,21.71,,0.54,Non-Auction Ads,Promote
20230807,1773578059548670 ,SA,,,1/1/00 0:00,,17.6807,,0.54,Non-Auction Ads,Promote
20230807,1773563796568060 ,GR,,,1/1/00 0:00,,17.6114,,0.54,Non-Auction Ads,Promote
20230807,1773572617727020 ,GR,,,1/1/00 0:00,,17.6114,,0.54,Non-Auction Ads,Promote
20230807,1773543209785340 ,SA,,,1/1/00 0:00,,17.4025,,0.54,Non-Auction Ads,Promote
20230807,1773530841105410 ,US,,,1/1/00 0:00,,17.2419,,0.54,Non-Auction Ads,Promote
20230807,1773529418294270 ,US,,,1/1/00 0:00,,17.2419,,0.54,Non-Auction Ads,Promote
20230807,1773459244953600 ,SA,,,1/1/00 0:00,,16.789,,0.54,Non-Auction Ads,Promote
20230807,1773591366156350 ,TH,,,1/1/00 0:00,,16.7737,,0.54,Non-Auction Ads,Promote
20230807,1773591543979010 ,TH,,,1/1/00 0:00,,16.7737,,0.54,Non-Auction Ads,Promote
20230807,1773567633605630 ,US,,,1/1/00 0:00,,16.658,,0.54,Non-Auction Ads,Promote
20230807,1773594209602560 ,US,,,1/1/00 0:00,,16.3613,,0.54,Non-Auction Ads,Promote
20230807,1773588676781060 ,US,,,1/1/00 0:00,,16.3257,,0.54,Non-Auction Ads,Promote
20230807,1773563705683960 ,SA,,,1/1/00 0:00,,16.3142,,0.54,Non-Auction Ads,Promote
20230807,1773523610349570 ,SA,,,1/1/00 0:00,,15.869,,0.54,Non-Auction Ads,Promote
20230807,1773570442249220 ,GB,,,1/1/00 0:00,,15.7342,,0.54,Non-Auction Ads,Promote
20230807,1773583931474940 ,CA,,,1/1/00 0:00,,14.7981,,0.54,Non-Auction Ads,Promote
20230807,1773538205481990 ,US,,,1/1/00 0:00,,14.4359,,0.54,Non-Auction Ads,Promote
20230807,1773560421570560 ,GB,,,1/1/00 0:00,,14.3997,,0.54,Non-Auction Ads,Promote
20230807,1773531224165380 ,US,,,1/1/00 0:00,,13.96,,0.54,Non-Auction Ads,Promote
20230807,1773531639157840 ,US,,,1/1/00 0:00,,13.96,,0.54,Non-Auction Ads,Promote
20230807,1773530133419010 ,US,,,1/1/00 0:00,,13.96,,0.54,Non-Auction Ads,Promote
20230807,1773549640572930 ,SA,,,1/1/00 0:00,,13.4065,,0.54,Non-Auction Ads,Promote
20230807,1773594259953660 ,SA,,,1/1/00 0:00,,13.4065,,0.54,Non-Auction Ads,Promote
20230807,1773575735056380 ,US,,,1/1/00 0:00,,13.3333,,0.54,Non-Auction Ads,Promote
20230807,1773534246522880 ,US,,,1/1/00 0:00,,13.1733,,0.54,Non-Auction Ads,Promote
20230807,1773533782779900 ,US,,,1/1/00 0:00,,12.991,,0.54,Non-Auction Ads,Promote
20230807,1773531936015360 ,US,,,1/1/00 0:00,,12.991,,0.54,Non-Auction Ads,Promote
20230807,1773531003560960 ,US,,,1/1/00 0:00,,12.991,,0.54,Non-Auction Ads,Promote
20230807,1773533100049410 ,US,,,1/1/00 0:00,,12.991,,0.54,Non-Auction Ads,Promote
20230807,1773535712370690 ,US,,,1/1/00 0:00,,12.991,,0.54,Non-Auction Ads,Promote
20230807,1773534493840380 ,US,,,1/1/00 0:00,,12.991,,0.54,Non-Auction Ads,Promote
20230807,1773533331225600 ,US,,,1/1/00 0:00,,12.991,,0.54,Non-Auction Ads,Promote
20230807,1773533513510910 ,US,,,1/1/00 0:00,,12.991,,0.54,Non-Auction Ads,Promote
20230807,1773528004597760 ,US,,,1/1/00 0:00,,12.991,,0.54,Non-Auction Ads,Promote
20230807,1773523195002880 ,US,,,1/1/00 0:00,,12.991,,0.54,Non-Auction Ads,Promote
20230807,1773538281367550 ,US,,,1/1/00 0:00,,12.991,,0.54,Non-Auction Ads,Promote
20230807,1773597937758210 ,US,,,1/1/00 0:00,,12.7066,,0.54,Non-Auction Ads,Promote
20230807,1773590106683390 ,DE,,,1/1/00 0:00,,12.6692,,0.54,Non-Auction Ads,Promote
20230807,1773584257727500 ,GB,,,1/1/00 0:00,,12.5474,,0.54,Non-Auction Ads,Promote
20230807,1773575986463750 ,US,,,1/1/00 0:00,,12.5,,0.54,Non-Auction Ads,Promote
20230807,1773523511209980 ,US,,,1/1/00 0:00,,12.25,,0.54,Non-Auction Ads,Promote
20230807,1773376517686270 ,SA,,,1/1/00 0:00,,12.0618,,0.54,Non-Auction Ads,Promote
20230807,1773568209555460 ,DE,,,1/1/00 0:00,,12.0462,,0.54,Non-Auction Ads,Promote
20230807,1773579949536260 ,DE,,,1/1/00 0:00,,12.0462,,0.54,Non-Auction Ads,Promote
20230807,1773575279648770 ,DE,,,1/1/00 0:00,,12.0462,,0.54,Non-Auction Ads,Promote
20230807,1773543344269310 ,US,,,1/1/00 0:00,,11.9897,,0.54,Non-Auction Ads,Promote
20230807,1773597901704190 ,US,,,1/1/00 0:00,,11.9729,,0.54,Non-Auction Ads,Promote
20230807,1773425085950970 ,SA,,,1/1/00 0:00,,11.8139,,0.54,Non-Auction Ads,Promote
20230807,1773533059315710 ,US,,,1/1/00 0:00,,11.8,,0.54,Non-Auction Ads,Promote
20230807,1773535816800260 ,US,,,1/1/00 0:00,,11.6769,,0.54,Non-Auction Ads,Promote
20230807,1773577311375360 ,HU,,,1/1/00 0:00,,11.6126,,0.54,Non-Auction Ads,Promote
20230807,1773566790883350 ,BR,,,1/1/00 0:00,,11.517,,0.54,Non-Auction Ads,Promote
20230807,1773567154659330 ,BR,,,1/1/00 0:00,,11.517,,0.54,Non-Auction Ads,Promote
20230807,1773567802896380 ,BR,,,1/1/00 0:00,,11.517,,0.54,Non-Auction Ads,Promote
20230807,1773569448287230 ,BR,,,1/1/00 0:00,,11.517,,0.54,Non-Auction Ads,Promote
20230807,1773531022453760 ,ID,,,1/1/00 0:00,,10.7916,,0.54,Non-Auction Ads,Promote
20230807,1773527570396160 ,ID,,,1/1/00 0:00,,10.7916,,0.54,Non-Auction Ads,Promote
20230807,1773527858073600 ,ID,,,1/1/00 0:00,,10.7916,,0.54,Non-Auction Ads,Promote
20230807,1773531925492730 ,ID,,,1/1/00 0:00,,10.7916,,0.54,Non-Auction Ads,Promote
20230807,1773527613286400 ,ID,,,1/1/00 0:00,,10.7916,,0.54,Non-Auction Ads,Promote
20230807,1773527135810560 ,US,,,1/1/00 0:00,,10.7605,,0.54,Non-Auction Ads,Promote
20230807,1773563779249150 ,IT,,,1/1/00 0:00,,10.6712,,0.54,Non-Auction Ads,Promote
20230807,1773578224791550 ,US,,,1/1/00 0:00,,10.4835,,0.54,Non-Auction Ads,Promote
20230807,1773554421153790 ,TH,,,1/1/00 0:00,,10.4033,,0.54,Non-Auction Ads,Promote
20230807,1773552584208390 ,TH,,,1/1/00 0:00,,10.4033,,0.54,Non-Auction Ads,Promote
20230807,1773537419370500 ,US,,,1/1/00 0:00,,10.3252,,0.54,Non-Auction Ads,Promote
20230807,1773529341640700 ,US,,,1/1/00 0:00,,10.2778,,0.54,Non-Auction Ads,Promote
20230807,1773539961859070 ,US,,,1/1/00 0:00,,10.1176,,0.54,Non-Auction Ads,Promote
20230807,1773591481204740 ,US,,,1/1/00 0:00,,10.1051,,0.54,Non-Auction Ads,Promote
20230807,1773591481204740 ,US,,,1/1/00 0:00,,10.1051,,0.54,Non-Auction Ads,Promote
20230807,1773587734913020 ,US,,,1/1/00 0:00,,10.0406,,0.54,Non-Auction Ads,Promote
20230807,1773596971000830 ,DE,,,1/1/00 0:00,,10.0293,,0.54,Non-Auction Ads,Promote
20230807,1773538935154690 ,US,,,1/1/00 0:00,,10,,0.54,Non-Auction Ads,Promote
20230807,1773541779756030 ,US,,,1/1/00 0:00,,10,,0.54,Non-Auction Ads,Promote
20230807,1773531294090240 ,US,,,1/1/00 0:00,,10,,0.54,Non-Auction Ads,Promote
20230807,1773464187991040 ,SA,,,1/1/00 0:00,,9.9782,,0.54,Non-Auction Ads,Promote
20230807,1773464026384380 ,SA,,,1/1/00 0:00,,9.9782,,0.54,Non-Auction Ads,Promote
20230807,1773464358416380 ,SA,,,1/1/00 0:00,,9.9782,,0.54,Non-Auction Ads,Promote
20230807,1773552737406990 ,TH,,,1/1/00 0:00,,9.9333,,0.54,Non-Auction Ads,Promote
20230807,1773553475683330 ,TH,,,1/1/00 0:00,,9.9333,,0.54,Non-Auction Ads,Promote
20230807,1773554598507520 ,TH,,,1/1/00 0:00,,9.9333,,0.54,Non-Auction Ads,Promote
20230807,1773564871192580 ,GB,,,1/1/00 0:00,,9.8975,,0.54,Non-Auction Ads,Promote
20230807,1773578225496070 ,GB,,,1/1/00 0:00,,9.8498,,0.54,Non-Auction Ads,Promote
20230807,1773587853618170 ,SA,,,1/1/00 0:00,,9.8162,,0.54,Non-Auction Ads,Promote
20230807,1773564058248190 ,US,,,1/1/00 0:00,,9.6667,,0.54,Non-Auction Ads,Promote
20230807,1773576743705600 ,US,,,1/1/00 0:00,,9.665,,0.54,Non-Auction Ads,Promote
20230807,1773576524428290 ,US,,,1/1/00 0:00,,9.6481,,0.54,Non-Auction Ads,Promote
20230807,1773596799298560 ,MY,,,1/1/00 0:00,,9.4398,,0.54,Non-Auction Ads,Promote
20230807,1773529116347390 ,US,,,1/1/00 0:00,,9.3557,,0.54,Non-Auction Ads,Promote
20230807,1773537462700030 ,US,,,1/1/00 0:00,,9.32,,0.54,Non-Auction Ads,Promote
20230807,1773536997336070 ,US,,,1/1/00 0:00,,9.32,,0.54,Non-Auction Ads,Promote
20230807,1773537870427150 ,US,,,1/1/00 0:00,,9.32,,0.54,Non-Auction Ads,Promote
20230807,1773534253568000 ,US,,,1/1/00 0:00,,9.23,,0.54,Non-Auction Ads,Promote
20230807,1773558425306110 ,DE,,,1/1/00 0:00,,9.0645,,0.54,Non-Auction Ads,Promote
20230807,1773581699506170 ,JP,,,1/1/00 0:00,,9.0624,,0.54,Non-Auction Ads,Promote
20230807,1773541859106810 ,JP,,,1/1/00 0:00,,9.0624,,0.54,Non-Auction Ads,Promote
20230807,1773589750482950 ,US,,,1/1/00 0:00,,8.9891,,0.54,Non-Auction Ads,Promote
20230807,1773594069711870 ,US,,,1/1/00 0:00,,8.8235,,0.54,Non-Auction Ads,Promote
20230807,1773528383086590 ,BR,,,1/1/00 0:00,,8.807,,0.54,Non-Auction Ads,Promote
20230807,1773493139100670 ,SA,,,1/1/00 0:00,,8.6896,,0.54,Non-Auction Ads,Promote
20230807,1773557379795970 ,SA,,,1/1/00 0:00,,8.6896,,0.54,Non-Auction Ads,Promote
20230807,1773580158551040 ,SA,,,1/1/00 0:00,,8.6896,,0.54,Non-Auction Ads,Promote
20230807,1773569753731070 ,SA,,,1/1/00 0:00,,8.6896,,0.54,Non-Auction Ads,Promote
20230807,1773493243343870 ,SA,,,1/1/00 0:00,,8.6896,,0.54,Non-Auction Ads,Promote
20230807,1773609025914880 ,GB,,,1/1/00 0:00,,8.6709,,0.54,Non-Auction Ads,Promote
20230807,1773608765450240 ,GB,,,1/1/00 0:00,,8.6709,,0.54,Non-Auction Ads,Promote
20230807,1773591111298050 ,US,,,1/1/00 0:00,,8.6008,,0.54,Non-Auction Ads,Promote
20230807,1773569748019220 ,US,,,1/1/00 0:00,,8.6008,,0.54,Non-Auction Ads,Promote
20230807,1773591092998140 ,US,,,1/1/00 0:00,,8.6008,,0.54,Non-Auction Ads,Promote
20230807,1773569771406340 ,US,,,1/1/00 0:00,,8.6008,,0.54,Non-Auction Ads,Promote
20230807,1773591156718590 ,US,,,1/1/00 0:00,,8.6008,,0.54,Non-Auction Ads,Promote
20230807,1773591224294420 ,US,,,1/1/00 0:00,,8.6008,,0.54,Non-Auction Ads,Promote
20230807,1773591205044220 ,US,,,1/1/00 0:00,,8.6008,,0.54,Non-Auction Ads,Promote
20230807,1773569846083590 ,US,,,1/1/00 0:00,,8.6008,,0.54,Non-Auction Ads,Promote
20230807,1773569893137440 ,US,,,1/1/00 0:00,,8.6008,,0.54,Non-Auction Ads,Promote
20230807,1773569868050430 ,US,,,1/1/00 0:00,,8.6008,,0.54,Non-Auction Ads,Promote
20230807,1773521662144510 ,US,,,1/1/00 0:00,,8.59,,0.54,Non-Auction Ads,Promote
20230807,1773591735859200 ,IT,,,1/1/00 0:00,,8.5186,,0.54,Non-Auction Ads,Promote
20230807,1773487912257530 ,VN,,,1/1/00 0:00,,8.504,,0.54,Non-Auction Ads,Promote
20230807,1773550113613820 ,VN,,,1/1/00 0:00,,8.4973,,0.54,Non-Auction Ads,Promote
20230807,1773564433866750 ,ES,,,1/1/00 0:00,,8.476,,0.54,Non-Auction Ads,Promote
20230807,1773496326140930 ,US,,,1/1/00 0:00,,8.44,,0.54,Non-Auction Ads,Promote
20230807,1773538258906180 ,CA,,,1/1/00 0:00,,8.3577,,0.54,Non-Auction Ads,Promote
20230807,1773558869605380 ,US,,,1/1/00 0:00,,8.3353,,0.54,Non-Auction Ads,Promote
20230807,1773498532983800 ,SA,,,1/1/00 0:00,,8.2329,,0.54,Non-Auction Ads,Promote
20230807,1773586978198530 ,US,,,1/1/00 0:00,,8.22,,0.54,Non-Auction Ads,Promote
20230807,1773599920004100 ,BR,,,1/1/00 0:00,,8.0517,,0.54,Non-Auction Ads,Promote
20230807,1773592543199230 ,DE,,,1/1/00 0:00,,8.0103,,0.54,Non-Auction Ads,Promote
20230807,1773536750791680 ,US,,,1/1/00 0:00,,8,,0.54,Non-Auction Ads,Promote
20230807,1773521284058110 ,US,,,1/1/00 0:00,,7.9371,,0.54,Non-Auction Ads,Promote
20230807,1773556217916410 ,TH,,,1/1/00 0:00,,7.9138,,0.54,Non-Auction Ads,Promote
20230807,1773573859014650 ,TH,,,1/1/00 0:00,,7.9138,,0.54,Non-Auction Ads,Promote
20230807,1773555998255100 ,TH,,,1/1/00 0:00,,7.9138,,0.54,Non-Auction Ads,Promote
20230807,1773554431191040 ,TH,,,1/1/00 0:00,,7.9138,,0.54,Non-Auction Ads,Promote
20230807,1773573892771840 ,TH,,,1/1/00 0:00,,7.9138,,0.54,Non-Auction Ads,Promote
20230807,1773556023247870 ,TH,,,1/1/00 0:00,,7.9138,,0.54,Non-Auction Ads,Promote
20230807,1773555839462400 ,TH,,,1/1/00 0:00,,7.9138,,0.54,Non-Auction Ads,Promote
20230807,1773556217916410 ,TH,,,1/1/00 0:00,,7.9138,,0.54,Non-Auction Ads,Promote
20230807,1773575195829250 ,US,,,1/1/00 0:00,,7.8467,,0.54,Non-Auction Ads,Promote
20230807,1773528817910780 ,SA,,,1/1/00 0:00,,7.8366,,0.54,Non-Auction Ads,Promote
20230807,1773525836276740 ,GB,,,1/1/00 0:00,,7.7619,,0.54,Non-Auction Ads,Promote
20230807,1773572417982460 ,SA,,,1/1/00 0:00,,7.7501,,0.54,Non-Auction Ads,Promote
20230807,1773469990301690 ,SA,,,1/1/00 0:00,,7.7339,,0.54,Non-Auction Ads,Promote
20230807,1773470065628160 ,SA,,,1/1/00 0:00,,7.7339,,0.54,Non-Auction Ads,Promote
20230807,1773469873595390 ,SA,,,1/1/00 0:00,,7.7339,,0.54,Non-Auction Ads,Promote
20230807,1773470016582650 ,SA,,,1/1/00 0:00,,7.7339,,0.54,Non-Auction Ads,Promote
20230807,1773469904256000 ,SA,,,1/1/00 0:00,,7.7339,,0.54,Non-Auction Ads,Promote
20230807,1773470099145720 ,SA,,,1/1/00 0:00,,7.7339,,0.54,Non-Auction Ads,Promote
20230807,1773469931036670 ,SA,,,1/1/00 0:00,,7.7339,,0.54,Non-Auction Ads,Promote
20230807,1773469961974780 ,SA,,,1/1/00 0:00,,7.7339,,0.54,Non-Auction Ads,Promote
20230807,1773553764630530 ,MY,,,1/1/00 0:00,,7.6312,,0.54,Non-Auction Ads,Promote
20230807,1773553033988100 ,US,,,1/1/00 0:00,,7.6286,,0.54,Non-Auction Ads,Promote
20230807,1773553199840260 ,US,,,1/1/00 0:00,,7.591,,0.54,Non-Auction Ads,Promote
20230807,1773589554313220 ,US,,,1/1/00 0:00,,7.51,,0.54,Non-Auction Ads,Promote
20230807,1773542428681220 ,US,,,1/1/00 0:00,,7.4865,,0.54,Non-Auction Ads,Promote
20230807,1773601492485120 ,US,,,1/1/00 0:00,,7.4833,,0.54,Non-Auction Ads,Promote
20230807,1773555306550270 ,MY,,,1/1/00 0:00,,7.4265,,0.54,Non-Auction Ads,Promote
20230807,1773547465422850 ,MY,,,1/1/00 0:00,,7.4265,,0.54,Non-Auction Ads,Promote
20230807,1773549247883260 ,MY,,,1/1/00 0:00,,7.4265,,0.54,Non-Auction Ads,Promote
20230807,1773568743877630 ,US,,,1/1/00 0:00,,7.385,,0.54,Non-Auction Ads,Promote
20230807,1773414871601150 ,SG,,,1/1/00 0:00,,7.3301,,0.54,Non-Auction Ads,Promote
20230807,1773560706746360 ,JP,,,1/1/00 0:00,,7.2997,,0.54,Non-Auction Ads,Promote
20230807,1773521943662590 ,US,,,1/1/00 0:00,,7.25,,0.54,Non-Auction Ads,Promote
20230807,1773521811873790 ,US,,,1/1/00 0:00,,7.25,,0.54,Non-Auction Ads,Promote
20230807,1773589045018630 ,US,,,1/1/00 0:00,,7.2015,,0.54,Non-Auction Ads,Promote
20230807,1773529608034320 ,US,,,1/1/00 0:00,,7.1932,,0.54,Non-Auction Ads,Promote
20230807,1773467930281990 ,US,,,1/1/00 0:00,,7.0911,,0.54,Non-Auction Ads,Promote
20230807,1773573416518660 ,US,,,1/1/00 0:00,,7.075,,0.54,Non-Auction Ads,Promote
20230807,1773600885948420 ,IT,,,1/1/00 0:00,,7.0548,,0.54,Non-Auction Ads,Promote
20230807,1773556642391040 ,GB,,,1/1/00 0:00,,7.0015,,0.54,Non-Auction Ads,Promote
20230807,1773545552022530 ,US,,,1/1/00 0:00,,7,,0.54,Non-Auction Ads,Promote
20230807,1773590161593350 ,US,,,1/1/00 0:00,,7,,0.54,Non-Auction Ads,Promote
20230807,1773593862812690 ,GB,,,1/1/00 0:00,,6.9584,,0.54,Non-Auction Ads,Promote
20230807,1773388628664320 ,SA,,,1/1/00 0:00,,6.9442,,0.54,Non-Auction Ads,Promote
20230807,1773596828200960 ,US,,,1/1/00 0:00,,6.89,,0.54,Non-Auction Ads,Promote
20230807,1773541137515520 ,US,,,1/1/00 0:00,,6.89,,0.54,Non-Auction Ads,Promote
20230807,1773529762165760 ,US,,,1/1/00 0:00,,6.89,,0.54,Non-Auction Ads,Promote
20230807,1773592681862150 ,US,,,1/1/00 0:00,,6.8263,,0.54,Non-Auction Ads,Promote
20230807,1773594520018950 ,US,,,1/1/00 0:00,,6.8061,,0.54,Non-Auction Ads,Promote
20230807,1773598630821890 ,AT,,,1/1/00 0:00,,6.7705,,0.54,Non-Auction Ads,Promote
20230807,1773572892439550 ,AT,,,1/1/00 0:00,,6.7705,,0.54,Non-Auction Ads,Promote
20230807,1773543049995260 ,ID,,,1/1/00 0:00,,6.7575,,0.54,Non-Auction Ads,Promote
20230807,1773536264055810 ,US,,,1/1/00 0:00,,6.75,,0.54,Non-Auction Ads,Promote
20230807,1773585455588420 ,GB,,,1/1/00 0:00,,6.7391,,0.54,Non-Auction Ads,Promote
20230807,1773586249668670 ,GB,,,1/1/00 0:00,,6.7391,,0.54,Non-Auction Ads,Promote
20230807,1773566914611220 ,US,,,1/1/00 0:00,,6.705,,0.54,Non-Auction Ads,Promote
20230807,1773524907930640 ,US,,,1/1/00 0:00,,6.7033,,0.54,Non-Auction Ads,Promote
20230807,1773543104272390 ,US,,,1/1/00 0:00,,6.6667,,0.54,Non-Auction Ads,Promote
20230807,1773495235268600 ,SA,,,1/1/00 0:00,,6.6602,,0.54,Non-Auction Ads,Promote
20230807,1773542612078590 ,SA,,,1/1/00 0:00,,6.6312,,0.54,Non-Auction Ads,Promote
20230807,1773535604186110 ,US,,,1/1/00 0:00,,6.615,,0.54,Non-Auction Ads,Promote
20230807,1773536947836930 ,US,,,1/1/00 0:00,,6.6084,,0.54,Non-Auction Ads,Promote
20230807,1773567374563350 ,US,,,1/1/00 0:00,,6.5935,,0.54,Non-Auction Ads,Promote
20230807,1773531562311680 ,US,,,1/1/00 0:00,,6.53,,0.54,Non-Auction Ads,Promote
20230807,1773524170415110 ,US,,,1/1/00 0:00,,6.53,,0.54,Non-Auction Ads,Promote
20230807,1773530275436580 ,US,,,1/1/00 0:00,,6.53,,0.54,Non-Auction Ads,Promote
20230807,1773531632579590 ,US,,,1/1/00 0:00,,6.5027,,0.54,Non-Auction Ads,Promote
20230807,1773581813137410 ,US,,,1/1/00 0:00,,6.476,,0.54,Non-Auction Ads,Promote
20230807,1773475019729940 ,CA,,,1/1/00 0:00,,6.3248,,0.54,Non-Auction Ads,Promote
20230807,1773536724876290 ,US,,,1/1/00 0:00,,6.32,,0.54,Non-Auction Ads,Promote
20230807,1773525337701380 ,US,,,1/1/00 0:00,,6.3158,,0.54,Non-Auction Ads,Promote
20230807,1773374689225720 ,SA,,,1/1/00 0:00,,6.283,,0.54,Non-Auction Ads,Promote
20230807,1773538998562820 ,US,,,1/1/00 0:00,,6.241,,0.54,Non-Auction Ads,Promote
20230807,1773579075206150 ,US,,,1/1/00 0:00,,6.241,,0.54,Non-Auction Ads,Promote
20230807,1773551773880320 ,FR,,,1/1/00 0:00,,6.2381,,0.54,Non-Auction Ads,Promote
20230807,1773596562083840 ,GB,,,1/1/00 0:00,,6.194,,0.54,Non-Auction Ads,Promote
20230807,1773553459354620 ,SA,,,1/1/00 0:00,,6.1843,,0.54,Non-Auction Ads,Promote
20230807,1773603943698430 ,SA,,,1/1/00 0:00,,6.1843,,0.54,Non-Auction Ads,Promote
20230807,1773592928918530 ,US,,,1/1/00 0:00,,6.1249,,0.54,Non-Auction Ads,Promote
20230807,1773530399915010 ,US,,,1/1/00 0:00,,6.1249,,0.54,Non-Auction Ads,Promote
20230807,1773549031890940 ,GR,,,1/1/00 0:00,,6.1056,,0.54,Non-Auction Ads,Promote
20230807,1773560050554880 ,GR,,,1/1/00 0:00,,6.1056,,0.54,Non-Auction Ads,Promote
20230807,1773598068196350 ,US,,,1/1/00 0:00,,6.0918,,0.54,Non-Auction Ads,Promote
20230807,1773572971267070 ,US,,,1/1/00 0:00,,6.0874,,0.54,Non-Auction Ads,Promote
20230807,1773525974175750 ,US,,,1/1/00 0:00,,6.0838,,0.54,Non-Auction Ads,Promote
20230807,1773533797655550 ,VN,,,1/1/00 0:00,,6.08,,0.54,Non-Auction Ads,Promote
20230807,1773533150908420 ,US,,,1/1/00 0:00,,6.0611,,0.54,Non-Auction Ads,Promote
20230807,1773572212091900 ,GB,,,1/1/00 0:00,,5.9921,,0.54,Non-Auction Ads,Promote
20230807,1773572878217220 ,GB,,,1/1/00 0:00,,5.9921,,0.54,Non-Auction Ads,Promote
20230807,1773545164279810 ,TH,,,1/1/00 0:00,,5.9643,,0.54,Non-Auction Ads,Promote
20230807,1773526892909570 ,US,,,1/1/00 0:00,,5.9233,,0.54,Non-Auction Ads,Promote
20230807,1773598598742020 ,US,,,1/1/00 0:00,,5.8689,,0.54,Non-Auction Ads,Promote
20230807,1773527765511170 ,US,,,1/1/00 0:00,,5.857,,0.54,Non-Auction Ads,Promote
20230807,1773586989954050 ,BR,,,1/1/00 0:00,,5.8053,,0.54,Non-Auction Ads,Promote
20230807,1773584116566020 ,BR,,,1/1/00 0:00,,5.8053,,0.54,Non-Auction Ads,Promote
20230807,1773598678603780 ,BR,,,1/1/00 0:00,,5.8053,,0.54,Non-Auction Ads,Promote
20230807,1773545023723520 ,TH,,,1/1/00 0:00,,5.7908,,0.54,Non-Auction Ads,Promote
20230807,1773531807747120 ,US,,,1/1/00 0:00,,5.7143,,0.54,Non-Auction Ads,Promote
20230807,1773592265614340 ,US,,,1/1/00 0:00,,5.7143,,0.54,Non-Auction Ads,Promote
20230807,1773543173224440 ,VN,,,1/1/00 0:00,,5.7085,,0.54,Non-Auction Ads,Promote
20230807,1773603555688510 ,DE,,,1/1/00 0:00,,5.6786,,0.54,Non-Auction Ads,Promote
20230807,1773604604349440 ,DE,,,1/1/00 0:00,,5.6786,,0.54,Non-Auction Ads,Promote
20230807,1773603171202050 ,DE,,,1/1/00 0:00,,5.6786,,0.54,Non-Auction Ads,Promote
20230807,1773603687751680 ,DE,,,1/1/00 0:00,,5.6786,,0.54,Non-Auction Ads,Promote
20230807,1773603533716480 ,DE,,,1/1/00 0:00,,5.6786,,0.54,Non-Auction Ads,Promote
20230807,1773602719344640 ,DE,,,1/1/00 0:00,,5.6786,,0.54,Non-Auction Ads,Promote
20230807,1773604636307460 ,DE,,,1/1/00 0:00,,5.6786,,0.54,Non-Auction Ads,Promote
20230807,1773604620724290 ,DE,,,1/1/00 0:00,,5.6786,,0.54,Non-Auction Ads,Promote
20230807,1773603194939410 ,DE,,,1/1/00 0:00,,5.6786,,0.54,Non-Auction Ads,Promote
20230807,1773598211501060 ,DE,,,1/1/00 0:00,,5.6786,,0.54,Non-Auction Ads,Promote
20230807,1773614519425030 ,ES,,,1/1/00 0:00,,5.6546,,0.54,Non-Auction Ads,Promote
20230807,1773502547096570 ,SA,,,1/1/00 0:00,,5.6435,,0.54,Non-Auction Ads,Promote
20230807,1773503111441470 ,SA,,,1/1/00 0:00,,5.6435,,0.54,Non-Auction Ads,Promote
20230807,1773502547096570 ,SA,,,1/1/00 0:00,,5.6435,,0.54,Non-Auction Ads,Promote
20230807,1773502547096570 ,SA,,,1/1/00 0:00,,5.6435,,0.54,Non-Auction Ads,Promote
20230807,1773502547096570 ,SA,,,1/1/00 0:00,,5.6435,,0.54,Non-Auction Ads,Promote
20230807,1773502547096570 ,SA,,,1/1/00 0:00,,5.6435,,0.54,Non-Auction Ads,Promote
20230807,1773519763266560 ,US,,,1/1/00 0:00,,5.6383,,0.54,Non-Auction Ads,Promote
20230807,1773605102974970 ,SA,,,1/1/00 0:00,,5.5987,,0.54,Non-Auction Ads,Promote
20230807,1773603291516930 ,SA,,,1/1/00 0:00,,5.5987,,0.54,Non-Auction Ads,Promote
20230807,1773577155072000 ,US,,,1/1/00 0:00,,5.595,,0.54,Non-Auction Ads,Promote
20230807,1773592528958460 ,US,,,1/1/00 0:00,,5.5853,,0.54,Non-Auction Ads,Promote
20230807,1773531848150010 ,AU,,,1/1/00 0:00,,5.5094,,0.54,Non-Auction Ads,Promote
20230807,1773531139096570 ,AU,,,1/1/00 0:00,,5.5094,,0.54,Non-Auction Ads,Promote
20230807,1773608646890540 ,DE,,,1/1/00 0:00,,5.4596,,0.54,Non-Auction Ads,Promote
20230807,1773583087303680 ,DE,,,1/1/00 0:00,,5.4489,,0.54,Non-Auction Ads,Promote
20230807,1773594369596420 ,DE,,,1/1/00 0:00,,5.4489,,0.54,Non-Auction Ads,Promote
20230807,1773591219668000 ,US,,,1/1/00 0:00,,5.4395,,0.54,Non-Auction Ads,Promote
20230807,1773529561540610 ,TH,,,1/1/00 0:00,,5.4023,,0.54,Non-Auction Ads,Promote
20230807,1773559961196540 ,BR,,,1/1/00 0:00,,5.3988,,0.54,Non-Auction Ads,Promote
20230807,1773531855169540 ,US,,,1/1/00 0:00,,5.3846,,0.54,Non-Auction Ads,Promote
20230807,1773572094473220 ,IT,,,1/1/00 0:00,,5.3735,,0.54,Non-Auction Ads,Promote
20230807,1773614906148870 ,IT,,,1/1/00 0:00,,5.3735,,0.54,Non-Auction Ads,Promote
20230807,1773599712056350 ,IT,,,1/1/00 0:00,,5.3735,,0.54,Non-Auction Ads,Promote
20230807,1773603891962880 ,DE,,,1/1/00 0:00,,5.366,,0.54,Non-Auction Ads,Promote
20230807,1773602514134020 ,DE,,,1/1/00 0:00,,5.366,,0.54,Non-Auction Ads,Promote
20230807,1773588344483840 ,US,,,1/1/00 0:00,,5.3277,,0.54,Non-Auction Ads,Promote
20230807,1773597924855810 ,US,,,1/1/00 0:00,,5.2632,,0.54,Non-Auction Ads,Promote
20230807,1773464196445220 ,US,,,1/1/00 0:00,,5.2632,,0.54,Non-Auction Ads,Promote
20230807,1773587861373970 ,US,,,1/1/00 0:00,,5.2632,,0.54,Non-Auction Ads,Promote
20230807,1773568009439230 ,MY,,,1/1/00 0:00,,5.257,,0.54,Non-Auction Ads,Promote
20230807,1773558309216260 ,US,,,1/1/00 0:00,,5.2425,,0.54,Non-Auction Ads,Promote
20230807,1773564222883840 ,SA,,,1/1/00 0:00,,5.2371,,0.54,Non-Auction Ads,Promote
20230807,1773482611522560 ,SA,,,1/1/00 0:00,,5.2156,,0.54,Non-Auction Ads,Promote
20230807,1773538977429510 ,US,,,1/1/00 0:00,,5.2,,0.54,Non-Auction Ads,Promote
20230807,1773598118863870 ,US,,,1/1/00 0:00,,5.1844,,0.54,Non-Auction Ads,Promote
20230807,1773559196292160 ,US,,,1/1/00 0:00,,5.1844,,0.54,Non-Auction Ads,Promote
20230807,1773601238046720 ,US,,,1/1/00 0:00,,5.17,,0.54,Non-Auction Ads,Promote
20230807,1773574034096130 ,FR,,,1/1/00 0:00,,5.1687,,0.54,Non-Auction Ads,Promote
20230807,1773561559703550 ,TH,,,1/1/00 0:00,,5.145,,0.54,Non-Auction Ads,Promote
20230807,1773528246503420 ,US,,,1/1/00 0:00,,5.1297,,0.54,Non-Auction Ads,Promote
20230807,1773559626947590 ,US,,,1/1/00 0:00,,5.1111,,0.54,Non-Auction Ads,Promote
20230807,1773542012644350 ,US,,,1/1/00 0:00,,5.1065,,0.54,Non-Auction Ads,Promote
20230807,1773528166659070 ,SA,,,1/1/00 0:00,,5.0954,,0.54,Non-Auction Ads,Promote
20230807,1773593931096060 ,US,,,1/1/00 0:00,,5.092,,0.54,Non-Auction Ads,Promote
20230807,1773558346066940 ,JP,,,1/1/00 0:00,,5.0623,,0.54,Non-Auction Ads,Promote
20230807,1773569440546820 ,TH,,,1/1/00 0:00,,5.045,,0.54,Non-Auction Ads,Promote
20230807,1773545973735420 ,QA,,,1/1/00 0:00,,5.0042,,0.54,Non-Auction Ads,Promote
20230807,1773578531618810 ,QA,,,1/1/00 0:00,,5.0042,,0.54,Non-Auction Ads,Promote
20230807,1773557555309570 ,US,,,1/1/00 0:00,,5,,0.54,Non-Auction Ads,Promote
20230807,1773528043588610 ,US,,,1/1/00 0:00,,5,,0.54,Non-Auction Ads,Promote
20230807,1773544735270910 ,US,,,1/1/00 0:00,,5,,0.54,Non-Auction Ads,Promote
20230807,1773539662289920 ,US,,,1/1/00 0:00,,5,,0.54,Non-Auction Ads,Promote
20230807,1773589997200380 ,US,,,1/1/00 0:00,,5,,0.54,Non-Auction Ads,Promote
20230807,1773529776509950 ,US,,,1/1/00 0:00,,5,,0.54,Non-Auction Ads,Promote
20230807,1773525298430980 ,US,,,1/1/00 0:00,,5,,0.54,Non-Auction Ads,Promote
20230807,1773540302044230 ,US,,,1/1/00 0:00,,5,,0.54,Non-Auction Ads,Promote
20230807,1773524995848190 ,US,,,1/1/00 0:00,,5,,0.54,Non-Auction Ads,Promote
20230807,1773588185260030 ,US,,,1/1/00 0:00,,5,,0.54,Non-Auction Ads,Promote
20230807,1773571064939520 ,US,,,1/1/00 0:00,,5,,0.54,Non-Auction Ads,Promote
20230807,1773466443541500 ,SA,,,1/1/00 0:00,,4.9824,,0.54,Non-Auction Ads,Promote
20230807,1773550413630470 ,US,,,1/1/00 0:00,,4.9785,,0.54,Non-Auction Ads,Promote
20230807,1773550585496580 ,US,,,1/1/00 0:00,,4.9785,,0.54,Non-Auction Ads,Promote
20230807,1773550644507650 ,US,,,1/1/00 0:00,,4.9785,,0.54,Non-Auction Ads,Promote
20230807,1773550704894020 ,US,,,1/1/00 0:00,,4.9785,,0.54,Non-Auction Ads,Promote
20230807,1773583697297410 ,US,,,1/1/00 0:00,,4.9785,,0.54,Non-Auction Ads,Promote
20230807,1773583007046690 ,US,,,1/1/00 0:00,,4.9785,,0.54,Non-Auction Ads,Promote
20230807,1773560094307320 ,ID,,,1/1/00 0:00,,4.952,,0.54,Non-Auction Ads,Promote
20230807,1773560094307320 ,ID,,,1/1/00 0:00,,4.952,,0.54,Non-Auction Ads,Promote
20230807,1773560320540670 ,ID,,,1/1/00 0:00,,4.952,,0.54,Non-Auction Ads,Promote
20230807,1773559666935800 ,ID,,,1/1/00 0:00,,4.952,,0.54,Non-Auction Ads,Promote
20230807,1773594450144260 ,US,,,1/1/00 0:00,,4.9418,,0.54,Non-Auction Ads,Promote
20230807,1773589035316220 ,US,,,1/1/00 0:00,,4.9024,,0.54,Non-Auction Ads,Promote
20230807,1773585285279740 ,SA,,,1/1/00 0:00,,4.8846,,0.54,Non-Auction Ads,Promote
20230807,1773538407527420 ,US,,,1/1/00 0:00,,4.8571,,0.54,Non-Auction Ads,Promote
20230807,1773538931516420 ,US,,,1/1/00 0:00,,4.8571,,0.54,Non-Auction Ads,Promote
20230807,1773539166810110 ,US,,,1/1/00 0:00,,4.8571,,0.54,Non-Auction Ads,Promote
20230807,1773566360529920 ,US,,,1/1/00 0:00,,4.857,,0.54,Non-Auction Ads,Promote
20230807,1773537462540290 ,US,,,1/1/00 0:00,,4.8538,,0.54,Non-Auction Ads,Promote
20230807,1773553992209440 ,GB,,,1/1/00 0:00,,4.8455,,0.54,Non-Auction Ads,Promote
20230807,1773598826526720 ,US,,,1/1/00 0:00,,4.8313,,0.54,Non-Auction Ads,Promote
20230807,1773571056877570 ,US,,,1/1/00 0:00,,4.8289,,0.54,Non-Auction Ads,Promote
20230807,1773539682790400 ,US,,,1/1/00 0:00,,4.8276,,0.54,Non-Auction Ads,Promote
20230807,1773588959396870 ,GB,,,1/1/00 0:00,,4.8011,,0.54,Non-Auction Ads,Promote
20230807,1773556416698370 ,US,,,1/1/00 0:00,,4.78,,0.54,Non-Auction Ads,Promote
20230807,1773580366144510 ,US,,,1/1/00 0:00,,4.78,,0.54,Non-Auction Ads,Promote
20230807,1773596290539520 ,DE,,,1/1/00 0:00,,4.7785,,0.54,Non-Auction Ads,Promote
20230807,1773557060059130 ,JP,,,1/1/00 0:00,,4.7443,,0.54,Non-Auction Ads,Promote
20230807,1773535077067780 ,US,,,1/1/00 0:00,,4.7429,,0.54,Non-Auction Ads,Promote
20230807,1773548542151680 ,TH,,,1/1/00 0:00,,4.7294,,0.54,Non-Auction Ads,Promote
20230807,1773542699478020 ,US,,,1/1/00 0:00,,4.7261,,0.54,Non-Auction Ads,Promote
20230807,1773587148334080 ,US,,,1/1/00 0:00,,4.7059,,0.54,Non-Auction Ads,Promote
20230807,1773587604242430 ,BR,,,1/1/00 0:00,,4.6909,,0.54,Non-Auction Ads,Promote
20230807,1773563271660540 ,TR,,,1/1/00 0:00,,4.6886,,0.54,Non-Auction Ads,Promote
20230807,1773594174379010 ,US,,,1/1/00 0:00,,4.6774,,0.54,Non-Auction Ads,Promote
20230807,1773541403865090 ,US,,,1/1/00 0:00,,4.6154,,0.54,Non-Auction Ads,Promote
20230807,1773526070122500 ,US,,,1/1/00 0:00,,4.5938,,0.54,Non-Auction Ads,Promote
20230807,1773566505890820 ,US,,,1/1/00 0:00,,4.5938,,0.54,Non-Auction Ads,Promote
20230807,1773532229639170 ,US,,,1/1/00 0:00,,4.5938,,0.54,Non-Auction Ads,Promote
20230807,1773572154376190 ,FR,,,1/1/00 0:00,,4.5936,,0.54,Non-Auction Ads,Promote
20230807,1773543408058400 ,US,,,1/1/00 0:00,,4.5915,,0.54,Non-Auction Ads,Promote
20230807,1773603746658320 ,GB,,,1/1/00 0:00,,4.5888,,0.54,Non-Auction Ads,Promote
20230807,1773597390341120 ,GB,,,1/1/00 0:00,,4.5888,,0.54,Non-Auction Ads,Promote
20230807,1773602849439750 ,GB,,,1/1/00 0:00,,4.5888,,0.54,Non-Auction Ads,Promote
20230807,1773598281605120 ,GB,,,1/1/00 0:00,,4.5888,,0.54,Non-Auction Ads,Promote
20230807,1773596023760910 ,GB,,,1/1/00 0:00,,4.5888,,0.54,Non-Auction Ads,Promote
20230807,1773608680193030 ,GB,,,1/1/00 0:00,,4.5851,,0.54,Non-Auction Ads,Promote
20230807,1773600288759810 ,US,,,1/1/00 0:00,,4.568,,0.54,Non-Auction Ads,Promote
20230807,1773597010579520 ,US,,,1/1/00 0:00,,4.558,,0.54,Non-Auction Ads,Promote
20230807,1773528254983170 ,US,,,1/1/00 0:00,,4.541,,0.54,Non-Auction Ads,Promote
20230807,1773552991535100 ,SA,,,1/1/00 0:00,,4.5356,,0.54,Non-Auction Ads,Promote
20230807,1773587426670650 ,ID,,,1/1/00 0:00,,4.5137,,0.54,Non-Auction Ads,Promote
20230807,1773578002420730 ,TH,,,1/1/00 0:00,,4.5131,,0.54,Non-Auction Ads,Promote
20230807,1773614272940030 ,TH,,,1/1/00 0:00,,4.5131,,0.54,Non-Auction Ads,Promote
20230807,1773524474660870 ,US,,,1/1/00 0:00,,4.5,,0.54,Non-Auction Ads,Promote
20230807,1773594423452670 ,BR,,,1/1/00 0:00,,4.4895,,0.54,Non-Auction Ads,Promote
20230807,1773570739973120 ,MY,,,1/1/00 0:00,,4.4745,,0.54,Non-Auction Ads,Promote
20230807,1773576171938820 ,CA,,,1/1/00 0:00,,4.4568,,0.54,Non-Auction Ads,Promote
20230807,1773533334525950 ,US,,,1/1/00 0:00,,4.455,,0.54,Non-Auction Ads,Promote
20230807,1773598187795460 ,US,,,1/1/00 0:00,,4.4495,,0.54,Non-Auction Ads,Promote
20230807,1773589275080710 ,US,,,1/1/00 0:00,,4.3971,,0.54,Non-Auction Ads,Promote
20230807,1773603966671870 ,BE,,,1/1/00 0:00,,4.3935,,0.54,Non-Auction Ads,Promote
20230807,1773523237441540 ,US,,,1/1/00 0:00,,4.3685,,0.54,Non-Auction Ads,Promote
20230807,1773538794257410 ,US,,,1/1/00 0:00,,4.3433,,0.54,Non-Auction Ads,Promote
20230807,1773615769844730 ,MY,,,1/1/00 0:00,,4.3341,,0.54,Non-Auction Ads,Promote
20230807,1773569783484410 ,MY,,,1/1/00 0:00,,4.3341,,0.54,Non-Auction Ads,Promote
20230807,1773543530161150 ,MY,,,1/1/00 0:00,,4.3341,,0.54,Non-Auction Ads,Promote
20230807,1773541475258360 ,MY,,,1/1/00 0:00,,4.3341,,0.54,Non-Auction Ads,Promote
20230807,1773569919510520 ,MY,,,1/1/00 0:00,,4.3341,,0.54,Non-Auction Ads,Promote
20230807,1773527490248700 ,MY,,,1/1/00 0:00,,4.3341,,0.54,Non-Auction Ads,Promote
20230807,1773567280954370 ,DE,,,1/1/00 0:00,,4.3101,,0.54,Non-Auction Ads,Promote
20230807,1773586485575680 ,TH,,,1/1/00 0:00,,4.31,,0.54,Non-Auction Ads,Promote
20230807,1773595451247620 ,TH,,,1/1/00 0:00,,4.31,,0.54,Non-Auction Ads,Promote
20230807,1773593830308870 ,TH,,,1/1/00 0:00,,4.31,,0.54,Non-Auction Ads,Promote
20230807,1773584737742850 ,TH,,,1/1/00 0:00,,4.31,,0.54,Non-Auction Ads,Promote
20230807,1773459889272830 ,VN,,,1/1/00 0:00,,4.2994,,0.54,Non-Auction Ads,Promote
20230807,1773529350218750 ,TH,,,1/1/00 0:00,,4.287,,0.54,Non-Auction Ads,Promote
20230807,1773530329934850 ,TH,,,1/1/00 0:00,,4.287,,0.54,Non-Auction Ads,Promote
20230807,1773527008761860 ,US,,,1/1/00 0:00,,4.2857,,0.54,Non-Auction Ads,Promote
20230807,1773527748720640 ,US,,,1/1/00 0:00,,4.2857,,0.54,Non-Auction Ads,Promote
20230807,1773582370859030 ,US,,,1/1/00 0:00,,4.2857,,0.54,Non-Auction Ads,Promote
20230807,1773575625069570 ,US,,,1/1/00 0:00,,4.2857,,0.54,Non-Auction Ads,Promote
20230807,1773527748720640 ,US,,,1/1/00 0:00,,4.2857,,0.54,Non-Auction Ads,Promote
20230807,1773546299092000 ,US,,,1/1/00 0:00,,4.2857,,0.54,Non-Auction Ads,Promote
20230807,1773548109740030 ,US,,,1/1/00 0:00,,4.2857,,0.54,Non-Auction Ads,Promote
20230807,1773530957360130 ,AT,,,1/1/00 0:00,,4.2767,,0.54,Non-Auction Ads,Promote
20230807,1773608792082430 ,ES,,,1/1/00 0:00,,4.2714,,0.54,Non-Auction Ads,Promote
20230807,1773560305597440 ,TH,,,1/1/00 0:00,,4.2481,,0.54,Non-Auction Ads,Promote
20230807,1773570930426880 ,GB,,,1/1/00 0:00,,4.2392,,0.54,Non-Auction Ads,Promote
20230807,1773576680498180 ,US,,,1/1/00 0:00,,4.2314,,0.54,Non-Auction Ads,Promote
20230807,1773574818329600 ,DE,,,1/1/00 0:00,,4.2271,,0.54,Non-Auction Ads,Promote
20230807,1773574737774670 ,DE,,,1/1/00 0:00,,4.2271,,0.54,Non-Auction Ads,Promote
20230807,1773592269003780 ,RO,,,1/1/00 0:00,,4.2012,,0.54,Non-Auction Ads,Promote
20230807,1773592759925760 ,RO,,,1/1/00 0:00,,4.2012,,0.54,Non-Auction Ads,Promote
20230807,1773591597014030 ,RO,,,1/1/00 0:00,,4.2012,,0.54,Non-Auction Ads,Promote
20230807,1773527611863040 ,SA,,,1/1/00 0:00,,4.1902,,0.54,Non-Auction Ads,Promote
20230807,1773591830534160 ,US,,,1/1/00 0:00,,4.1818,,0.54,Non-Auction Ads,Promote
20230807,1773600552795140 ,US,,,1/1/00 0:00,,4.1667,,0.54,Non-Auction Ads,Promote
20230807,1773524508538000 ,US,,,1/1/00 0:00,,4.1449,,0.54,Non-Auction Ads,Promote
20230807,1773598895354880 ,SA,,,1/1/00 0:00,,4.1319,,0.54,Non-Auction Ads,Promote
20230807,1773426531456000 ,SA,,,1/1/00 0:00,,4.1318,,0.54,Non-Auction Ads,Promote
20230807,1773583398862860 ,DE,,,1/1/00 0:00,,4.1298,,0.54,Non-Auction Ads,Promote
20230807,1773583801874430 ,DE,,,1/1/00 0:00,,4.1298,,0.54,Non-Auction Ads,Promote
20230807,1773573287853050 ,MY,,,1/1/00 0:00,,4.1084,,0.54,Non-Auction Ads,Promote
20230807,1773596409684990 ,US,,,1/1/00 0:00,,4.1081,,0.54,Non-Auction Ads,Promote
20230807,1773577174854660 ,US,,,1/1/00 0:00,,4.1081,,0.54,Non-Auction Ads,Promote
20230807,1773577029443580 ,HU,,,1/1/00 0:00,,4.1015,,0.54,Non-Auction Ads,Promote
20230807,1773586231404540 ,MY,,,1/1/00 0:00,,4.0229,,0.54,Non-Auction Ads,Promote
20230807,1773599668371460 ,US,,,1/1/00 0:00,,4.0179,,0.54,Non-Auction Ads,Promote
20230807,1773544818601980 ,US,,,1/1/00 0:00,,4,,0.54,Non-Auction Ads,Promote
20230807,1773596657292290 ,US,,,1/1/00 0:00,,4,,0.54,Non-Auction Ads,Promote
20230807,1773580210442240 ,US,,,1/1/00 0:00,,4,,0.54,Non-Auction Ads,Promote
20230807,1773553521627140 ,US,,,1/1/00 0:00,,4,,0.54,Non-Auction Ads,Promote
20230807,1773523783029760 ,US,,,1/1/00 0:00,,4,,0.54,Non-Auction Ads,Promote
20230807,1773601386804230 ,US,,,1/1/00 0:00,,4,,0.54,Non-Auction Ads,Promote
20230807,1773524574734340 ,US,,,1/1/00 0:00,,4,,0.54,Non-Auction Ads,Promote
20230807,1773586503662660 ,US,,,1/1/00 0:00,,4,,0.54,Non-Auction Ads,Promote
20230807,1773587237886990 ,US,,,1/1/00 0:00,,4,,0.54,Non-Auction Ads,Promote
20230807,1773526049042430 ,US,,,1/1/00 0:00,,4,,0.54,Non-Auction Ads,Promote
20230807,1773546669300740 ,US,,,1/1/00 0:00,,4,,0.54,Non-Auction Ads,Promote
20230807,1773573989070850 ,US,,,1/1/00 0:00,,4,,0.54,Non-Auction Ads,Promote
20230807,1773541391004670 ,US,,,1/1/00 0:00,,4,,0.54,Non-Auction Ads,Promote
20230807,1773532013161470 ,US,,,1/1/00 0:00,,3.978,,0.54,Non-Auction Ads,Promote
20230807,1773529077854210 ,US,,,1/1/00 0:00,,3.978,,0.54,Non-Auction Ads,Promote
20230807,1773577749346310 ,US,,,1/1/00 0:00,,3.9775,,0.54,Non-Auction Ads,Promote
20230807,1773616084550650 ,KR,,,1/1/00 0:00,,3.9635,,0.54,Non-Auction Ads,Promote
20230807,1773579841615870 ,US,,,1/1/00 0:00,,3.9472,,0.54,Non-Auction Ads,Promote
20230807,1773602703816700 ,SA,,,1/1/00 0:00,,3.9382,,0.54,Non-Auction Ads,Promote
20230807,1773568152235060 ,US,,,1/1/00 0:00,,3.9152,,0.54,Non-Auction Ads,Promote
20230807,1773568488783890 ,US,,,1/1/00 0:00,,3.9152,,0.54,Non-Auction Ads,Promote
20230807,1773527521955840 ,US,,,1/1/00 0:00,,3.9136,,0.54,Non-Auction Ads,Promote
20230807,1773523802759170 ,US,,,1/1/00 0:00,,3.9136,,0.54,Non-Auction Ads,Promote
20230807,1773528814271490 ,US,,,1/1/00 0:00,,3.9136,,0.54,Non-Auction Ads,Promote
20230807,1773545290872870 ,US,,,1/1/00 0:00,,3.9127,,0.54,Non-Auction Ads,Promote
20230807,1773598844440580 ,US,,,1/1/00 0:00,,3.905,,0.54,Non-Auction Ads,Promote
20230807,1773581538823170 ,FR,,,1/1/00 0:00,,3.9006,,0.54,Non-Auction Ads,Promote
20230807,1773531505447930 ,TH,,,1/1/00 0:00,,3.8875,,0.54,Non-Auction Ads,Promote
20230807,1773579150582780 ,US,,,1/1/00 0:00,,3.8776,,0.54,Non-Auction Ads,Promote
20230807,1773612651346940 ,ES,,,1/1/00 0:00,,3.8725,,0.54,Non-Auction Ads,Promote
20230807,1773524462669820 ,SA,,,1/1/00 0:00,,3.8644,,0.54,Non-Auction Ads,Promote
20230807,1773540696804350 ,US,,,1/1/00 0:00,,3.8525,,0.54,Non-Auction Ads,Promote
20230807,1773575817591810 ,US,,,1/1/00 0:00,,3.8525,,0.54,Non-Auction Ads,Promote
20230807,1773566089674750 ,GB,,,1/1/00 0:00,,3.8508,,0.54,Non-Auction Ads,Promote
20230807,1773535256532990 ,US,,,1/1/00 0:00,,3.8492,,0.54,Non-Auction Ads,Promote
20230807,1773540006347790 ,US,,,1/1/00 0:00,,3.8492,,0.54,Non-Auction Ads,Promote
20230807,1773586907444220 ,US,,,1/1/00 0:00,,3.8427,,0.54,Non-Auction Ads,Promote
20230807,1773597551725620 ,GB,,,1/1/00 0:00,,3.8408,,0.54,Non-Auction Ads,Promote
20230807,1773586695210020 ,GB,,,1/1/00 0:00,,3.8408,,0.54,Non-Auction Ads,Promote
20230807,1773483686643710 ,VN,,,1/1/00 0:00,,3.8209,,0.54,Non-Auction Ads,Promote
20230807,1773458049305600 ,VN,,,1/1/00 0:00,,3.81,,0.54,Non-Auction Ads,Promote
20230807,1773458431538180 ,VN,,,1/1/00 0:00,,3.81,,0.54,Non-Auction Ads,Promote
20230807,1773443701496830 ,SA,,,1/1/00 0:00,,3.8016,,0.54,Non-Auction Ads,Promote
20230807,1773444438626300 ,SA,,,1/1/00 0:00,,3.8016,,0.54,Non-Auction Ads,Promote
20230807,1773444179893240 ,SA,,,1/1/00 0:00,,3.8016,,0.54,Non-Auction Ads,Promote
20230807,1773444399266810 ,SA,,,1/1/00 0:00,,3.8016,,0.54,Non-Auction Ads,Promote
20230807,1773605377465340 ,SA,,,1/1/00 0:00,,3.8016,,0.54,Non-Auction Ads,Promote
20230807,1773444508244990 ,SA,,,1/1/00 0:00,,3.8016,,0.54,Non-Auction Ads,Promote
20230807,1773443945242620 ,SA,,,1/1/00 0:00,,3.8016,,0.54,Non-Auction Ads,Promote
20230807,1773445014131710 ,SA,,,1/1/00 0:00,,3.8016,,0.54,Non-Auction Ads,Promote
20230807,1773444508244990 ,SA,,,1/1/00 0:00,,3.8016,,0.54,Non-Auction Ads,Promote
20230807,1773443986801660 ,SA,,,1/1/00 0:00,,3.8016,,0.54,Non-Auction Ads,Promote
20230807,1773570568102910 ,FR,,,1/1/00 0:00,,3.7881,,0.54,Non-Auction Ads,Promote
20230807,1773527512705030 ,US,,,1/1/00 0:00,,3.7817,,0.54,Non-Auction Ads,Promote
20230807,1773577106350080 ,US,,,1/1/00 0:00,,3.7817,,0.54,Non-Auction Ads,Promote
20230807,1773551787537410 ,US,,,1/1/00 0:00,,3.7544,,0.54,Non-Auction Ads,Promote
20230807,1773525498074110 ,US,,,1/1/00 0:00,,3.75,,0.54,Non-Auction Ads,Promote
20230807,1773536434107390 ,TH,,,1/1/00 0:00,,3.75,,0.54,Non-Auction Ads,Promote
20230807,1773566329805840 ,US,,,1/1/00 0:00,,3.7435,,0.54,Non-Auction Ads,Promote
20230807,1773563712781310 ,US,,,1/1/00 0:00,,3.734,,0.54,Non-Auction Ads,Promote
20230807,1773555660435450 ,ID,,,1/1/00 0:00,,3.7283,,0.54,Non-Auction Ads,Promote
20230807,1773553253971960 ,ID,,,1/1/00 0:00,,3.7283,,0.54,Non-Auction Ads,Promote
20230807,1773551351018490 ,ID,,,1/1/00 0:00,,3.7283,,0.54,Non-Auction Ads,Promote
20230807,1773552816243710 ,ID,,,1/1/00 0:00,,3.7283,,0.54,Non-Auction Ads,Promote
20230807,1773523971225600 ,US,,,1/1/00 0:00,,3.7258,,0.54,Non-Auction Ads,Promote
20230807,1773572878514170 ,ID,,,1/1/00 0:00,,3.7231,,0.54,Non-Auction Ads,Promote
20230807,1773419866516480 ,SA,,,1/1/00 0:00,,3.7107,,0.54,Non-Auction Ads,Promote
20230807,1773603001118720 ,SA,,,1/1/00 0:00,,3.7107,,0.54,Non-Auction Ads,Promote
20230807,1773561542596610 ,IT,,,1/1/00 0:00,,3.7084,,0.54,Non-Auction Ads,Promote
20230807,1773602839426040 ,TH,,,1/1/00 0:00,,3.7079,,0.54,Non-Auction Ads,Promote
20230807,1773588373850110 ,MY,,,1/1/00 0:00,,3.7068,,0.54,Non-Auction Ads,Promote
20230807,1773580595042300 ,MY,,,1/1/00 0:00,,3.7068,,0.54,Non-Auction Ads,Promote
20230807,1773541665475580 ,MY,,,1/1/00 0:00,,3.7068,,0.54,Non-Auction Ads,Promote
20230807,1773586634266620 ,MY,,,1/1/00 0:00,,3.7068,,0.54,Non-Auction Ads,Promote
20230807,1773566235870200 ,TR,,,1/1/00 0:00,,3.699,,0.54,Non-Auction Ads,Promote
20230807,1773595977277440 ,US,,,1/1/00 0:00,,3.6897,,0.54,Non-Auction Ads,Promote
20230807,1773549404409890 ,TH,,,1/1/00 0:00,,3.6864,,0.54,Non-Auction Ads,Promote
20230807,1773573183238140 ,US,,,1/1/00 0:00,,3.67,,0.54,Non-Auction Ads,Promote
20230807,1773449625959420 ,VN,,,1/1/00 0:00,,3.6631,,0.54,Non-Auction Ads,Promote
20230807,1773610930915330 ,IT,,,1/1/00 0:00,,3.6568,,0.54,Non-Auction Ads,Promote
20230807,1773551326430210 ,BR,,,1/1/00 0:00,,3.6547,,0.54,Non-Auction Ads,Promote
20230807,1773567854583810 ,BR,,,1/1/00 0:00,,3.6547,,0.54,Non-Auction Ads,Promote
20230807,1773537500382210 ,US,,,1/1/00 0:00,,3.6364,,0.54,Non-Auction Ads,Promote
20230807,1773525710713860 ,US,,,1/1/00 0:00,,3.6289,,0.54,Non-Auction Ads,Promote
20230807,1773570760160260 ,US,,,1/1/00 0:00,,3.6192,,0.54,Non-Auction Ads,Promote
20230807,1773545621610500 ,US,,,1/1/00 0:00,,3.619,,0.54,Non-Auction Ads,Promote
20230807,1773603341277180 ,DE,,,1/1/00 0:00,,3.6148,,0.54,Non-Auction Ads,Promote
20230807,1773566801651710 ,JP,,,1/1/00 0:00,,3.613,,0.54,Non-Auction Ads,Promote
20230807,1773568023622720 ,JP,,,1/1/00 0:00,,3.613,,0.54,Non-Auction Ads,Promote
20230807,1773563684967420 ,MY,,,1/1/00 0:00,,3.6116,,0.54,Non-Auction Ads,Promote
20230807,1773543784442880 ,US,,,1/1/00 0:00,,3.597,,0.54,Non-Auction Ads,Promote
20230807,1773585234509820 ,TH,,,1/1/00 0:00,,3.594,,0.54,Non-Auction Ads,Promote
20230807,1773453322291200 ,VN,,,1/1/00 0:00,,3.5893,,0.54,Non-Auction Ads,Promote
20230807,1773586361904130 ,US,,,1/1/00 0:00,,3.5862,,0.54,Non-Auction Ads,Promote
20230807,1773474989091840 ,VN,,,1/1/00 0:00,,3.5827,,0.54,Non-Auction Ads,Promote
20230807,1773471916840960 ,VN,,,1/1/00 0:00,,3.5827,,0.54,Non-Auction Ads,Promote
20230807,1773470880193530 ,VN,,,1/1/00 0:00,,3.5827,,0.54,Non-Auction Ads,Promote
20230807,1773572340854780 ,SA,,,1/1/00 0:00,,3.582,,0.54,Non-Auction Ads,Promote
20230807,1773468722571260 ,SA,,,1/1/00 0:00,,3.5626,,0.54,Non-Auction Ads,Promote
20230807,1773589736980480 ,US,,,1/1/00 0:00,,3.5536,,0.54,Non-Auction Ads,Promote
20230807,1773589860120580 ,US,,,1/1/00 0:00,,3.5536,,0.54,Non-Auction Ads,Promote
20230807,1773591989916670 ,TH,,,1/1/00 0:00,,3.5128,,0.54,Non-Auction Ads,Promote
20230807,1773592295780350 ,US,,,1/1/00 0:00,,3.5121,,0.54,Non-Auction Ads,Promote
20230807,1773538308955140 ,US,,,1/1/00 0:00,,3.5,,0.54,Non-Auction Ads,Promote
20230807,1773495078202370 ,SA,,,1/1/00 0:00,,3.4992,,0.54,Non-Auction Ads,Promote
20230807,1773587407783930 ,SA,,,1/1/00 0:00,,3.4992,,0.54,Non-Auction Ads,Promote
20230807,1773574978790400 ,SA,,,1/1/00 0:00,,3.4992,,0.54,Non-Auction Ads,Promote
20230807,1773549691531260 ,VN,,,1/1/00 0:00,,3.4968,,0.54,Non-Auction Ads,Promote
20230807,1773548756320250 ,VN,,,1/1/00 0:00,,3.4968,,0.54,Non-Auction Ads,Promote
20230807,1773581770619900 ,FR,,,1/1/00 0:00,,3.4889,,0.54,Non-Auction Ads,Promote
20230807,1773534114990100 ,US,,,1/1/00 0:00,,3.4716,,0.54,Non-Auction Ads,Promote
20230807,1773584873333760 ,US,,,1/1/00 0:00,,3.4614,,0.54,Non-Auction Ads,Promote
20230807,1773438098816000 ,SA,,,1/1/00 0:00,,3.4614,,0.54,Non-Auction Ads,Promote
20230807,1773541241832460 ,US,,,1/1/00 0:00,,3.4444,,0.54,Non-Auction Ads,Promote
20230807,1773523639315460 ,US,,,1/1/00 0:00,,3.4286,,0.54,Non-Auction Ads,Promote
20230807,1773588136413200 ,US,,,1/1/00 0:00,,3.4286,,0.54,Non-Auction Ads,Promote
20230807,1773473951383610 ,SA,,,1/1/00 0:00,,3.4276,,0.54,Non-Auction Ads,Promote
20230807,1773560192880640 ,SA,,,1/1/00 0:00,,3.4276,,0.54,Non-Auction Ads,Promote
20230807,1773591140406270 ,DE,,,1/1/00 0:00,,3.4264,,0.54,Non-Auction Ads,Promote
20230807,1773554592480260 ,US,,,1/1/00 0:00,,3.423,,0.54,Non-Auction Ads,Promote
20230807,1773533690506240 ,US,,,1/1/00 0:00,,3.423,,0.54,Non-Auction Ads,Promote
20230807,1773585454166060 ,US,,,1/1/00 0:00,,3.423,,0.54,Non-Auction Ads,Promote
20230807,1773532575923200 ,US,,,1/1/00 0:00,,3.423,,0.54,Non-Auction Ads,Promote
20230807,1773590685711360 ,US,,,1/1/00 0:00,,3.423,,0.54,Non-Auction Ads,Promote
20230807,1773531824526330 ,VN,,,1/1/00 0:00,,3.4027,,0.54,Non-Auction Ads,Promote
20230807,1773448450856960 ,VN,,,1/1/00 0:00,,3.4027,,0.54,Non-Auction Ads,Promote
20230807,1773541628857350 ,US,,,1/1/00 0:00,,3.399,,0.54,Non-Auction Ads,Promote
20230807,1773541822510080 ,US,,,1/1/00 0:00,,3.399,,0.54,Non-Auction Ads,Promote
20230807,1773534780467200 ,BR,,,1/1/00 0:00,,3.3959,,0.54,Non-Auction Ads,Promote
20230807,1773529712574460 ,US,,,1/1/00 0:00,,3.395,,0.54,Non-Auction Ads,Promote
20230807,1773608148841470 ,ID,,,1/1/00 0:00,,3.392,,0.54,Non-Auction Ads,Promote
20230807,1773531529178110 ,US,,,1/1/00 0:00,,3.3875,,0.54,Non-Auction Ads,Promote
20230807,1773583351586820 ,US,,,1/1/00 0:00,,3.3784,,0.54,Non-Auction Ads,Promote
20230807,1773537419473920 ,US,,,1/1/00 0:00,,3.378,,0.54,Non-Auction Ads,Promote
20230807,1773549201769470 ,US,,,1/1/00 0:00,,3.3778,,0.54,Non-Auction Ads,Promote
20230807,1773553839882240 ,JP,,,1/1/00 0:00,,3.3729,,0.54,Non-Auction Ads,Promote
20230807,1773553839882240 ,JP,,,1/1/00 0:00,,3.3729,,0.54,Non-Auction Ads,Promote
20230807,1773536926872570 ,JP,,,1/1/00 0:00,,3.3729,,0.54,Non-Auction Ads,Promote
20230807,1773599811847160 ,QA,,,1/1/00 0:00,,3.3613,,0.54,Non-Auction Ads,Promote
20230807,1773559034398720 ,DE,,,1/1/00 0:00,,3.3586,,0.54,Non-Auction Ads,Promote
20230807,1773560949347330 ,DE,,,1/1/00 0:00,,3.3586,,0.54,Non-Auction Ads,Promote
20230807,1773529475043330 ,IT,,,1/1/00 0:00,,3.3362,,0.54,Non-Auction Ads,Promote
20230807,1773534223991810 ,IT,,,1/1/00 0:00,,3.3362,,0.54,Non-Auction Ads,Promote
20230807,1773584160442370 ,US,,,1/1/00 0:00,,3.3333,,0.54,Non-Auction Ads,Promote
20230807,1773527504024580 ,US,,,1/1/00 0:00,,3.3333,,0.54,Non-Auction Ads,Promote
20230807,1773589532796930 ,US,,,1/1/00 0:00,,3.3333,,0.54,Non-Auction Ads,Promote
20230807,1773529247532050 ,US,,,1/1/00 0:00,,3.3333,,0.54,Non-Auction Ads,Promote
20230807,1773576585559040 ,US,,,1/1/00 0:00,,3.3333,,0.54,Non-Auction Ads,Promote
20230807,1773535768886270 ,US,,,1/1/00 0:00,,3.3333,,0.54,Non-Auction Ads,Promote
20230807,1773523438520320 ,US,,,1/1/00 0:00,,3.3333,,0.54,Non-Auction Ads,Promote
20230807,1773596070324230 ,US,,,1/1/00 0:00,,3.3333,,0.54,Non-Auction Ads,Promote
20230807,1773538788022270 ,US,,,1/1/00 0:00,,3.3333,,0.54,Non-Auction Ads,Promote
20230807,1773581696060460 ,US,,,1/1/00 0:00,,3.3333,,0.54,Non-Auction Ads,Promote
20230807,1773578615959550 ,US,,,1/1/00 0:00,,3.3333,,0.54,Non-Auction Ads,Promote
20230807,1773538850803710 ,US,,,1/1/00 0:00,,3.3333,,0.54,Non-Auction Ads,Promote
20230807,1773538910702590 ,US,,,1/1/00 0:00,,3.3333,,0.54,Non-Auction Ads,Promote
20230807,1773592481969150 ,US,,,1/1/00 0:00,,3.3333,,0.54,Non-Auction Ads,Promote
20230807,1773528484531200 ,US,,,1/1/00 0:00,,3.3333,,0.54,Non-Auction Ads,Promote
20230807,1773528817611780 ,US,,,1/1/00 0:00,,3.3333,,0.54,Non-Auction Ads,Promote
20230807,1773441481146370 ,SA,,,1/1/00 0:00,,3.3308,,0.54,Non-Auction Ads,Promote
20230807,1773572558488580 ,US,,,1/1/00 0:00,,3.3092,,0.54,Non-Auction Ads,Promote
20230807,1773562776383490 ,FR,,,1/1/00 0:00,,3.3032,,0.54,Non-Auction Ads,Promote
20230807,1773525731930110 ,ES,,,1/1/00 0:00,,3.3003,,0.54,Non-Auction Ads,Promote
20230807,1773528513479680 ,ES,,,1/1/00 0:00,,3.3003,,0.54,Non-Auction Ads,Promote
20230807,1773582564380670 ,DE,,,1/1/00 0:00,,3.2984,,0.54,Non-Auction Ads,Promote
20230807,1773558560011270 ,DE,,,1/1/00 0:00,,3.2984,,0.54,Non-Auction Ads,Promote
20230807,1773558817468430 ,DE,,,1/1/00 0:00,,3.2984,,0.54,Non-Auction Ads,Promote
20230807,1773587718286370 ,IT,,,1/1/00 0:00,,3.2866,,0.54,Non-Auction Ads,Promote
20230807,1773585699082240 ,IT,,,1/1/00 0:00,,3.2866,,0.54,Non-Auction Ads,Promote
20230807,1773602991436800 ,GB,,,1/1/00 0:00,,3.2821,,0.54,Non-Auction Ads,Promote
20230807,1773602763896830 ,GB,,,1/1/00 0:00,,3.2821,,0.54,Non-Auction Ads,Promote
20230807,1773590537758720 ,US,,,1/1/00 0:00,,3.28,,0.54,Non-Auction Ads,Promote
20230807,1773508988175360 ,SA,,,1/1/00 0:00,,3.2787,,0.54,Non-Auction Ads,Promote
20230807,1773564377899010 ,US,,,1/1/00 0:00,,3.2675,,0.54,Non-Auction Ads,Promote
20230807,1773572649971710 ,TH,,,1/1/00 0:00,,3.2667,,0.54,Non-Auction Ads,Promote
20230807,1773554467263490 ,TH,,,1/1/00 0:00,,3.2667,,0.54,Non-Auction Ads,Promote
20230807,1773600133086220 ,US,,,1/1/00 0:00,,3.2569,,0.54,Non-Auction Ads,Promote
20230807,1773551356473350 ,US,,,1/1/00 0:00,,3.2563,,0.54,Non-Auction Ads,Promote
20230807,1773549217875960 ,MY,,,1/1/00 0:00,,3.2534,,0.54,Non-Auction Ads,Promote
20230807,1773549301962750 ,MY,,,1/1/00 0:00,,3.2534,,0.54,Non-Auction Ads,Promote
20230807,1773548306482170 ,MY,,,1/1/00 0:00,,3.2268,,0.54,Non-Auction Ads,Promote
20230807,1773542280651780 ,GB,,,1/1/00 0:00,,3.2149,,0.54,Non-Auction Ads,Promote
20230807,1773561051086850 ,GB,,,1/1/00 0:00,,3.2019,,0.54,Non-Auction Ads,Promote
20230807,1773539612292130 ,US,,,1/1/00 0:00,,3.2,,0.54,Non-Auction Ads,Promote
20230807,1773543273237500 ,US,,,1/1/00 0:00,,3.2,,0.54,Non-Auction Ads,Promote
20230807,1773544736683010 ,US,,,1/1/00 0:00,,3.2,,0.54,Non-Auction Ads,Promote
20230807,1773545652014080 ,US,,,1/1/00 0:00,,3.2,,0.54,Non-Auction Ads,Promote
20230807,1773596353806400 ,SA,,,1/1/00 0:00,,3.1987,,0.54,Non-Auction Ads,Promote
20230807,1773566311762940 ,SA,,,1/1/00 0:00,,3.1987,,0.54,Non-Auction Ads,Promote
20230807,1773475574819840 ,SA,,,1/1/00 0:00,,3.1987,,0.54,Non-Auction Ads,Promote
20230807,1773595662075910 ,GB,,,1/1/00 0:00,,3.1956,,0.54,Non-Auction Ads,Promote
20230807,1773608456639490 ,GB,,,1/1/00 0:00,,3.1956,,0.54,Non-Auction Ads,Promote
20230807,1773604441381890 ,GB,,,1/1/00 0:00,,3.1956,,0.54,Non-Auction Ads,Promote
20230807,1773576793992190 ,US,,,1/1/00 0:00,,3.1818,,0.54,Non-Auction Ads,Promote
20230807,1773586886154240 ,US,,,1/1/00 0:00,,3.1818,,0.54,Non-Auction Ads,Promote
20230807,1773528645156870 ,US,,,1/1/00 0:00,,3.1707,,0.54,Non-Auction Ads,Promote
20230807,1773593845508100 ,US,,,1/1/00 0:00,,3.166,,0.54,Non-Auction Ads,Promote
20230807,1773522848391170 ,US,,,1/1/00 0:00,,3.1638,,0.54,Non-Auction Ads,Promote
20230807,1773597458062340 ,ES,,,1/1/00 0:00,,3.1602,,0.54,Non-Auction Ads,Promote
20230807,1773602405507070 ,SE,,,1/1/00 0:00,,3.1575,,0.54,Non-Auction Ads,Promote
20230807,1773602499830790 ,SE,,,1/1/00 0:00,,3.1575,,0.54,Non-Auction Ads,Promote
20230807,1773561363481600 ,FR,,,1/1/00 0:00,,3.1413,,0.54,Non-Auction Ads,Promote
20230807,1773563404065790 ,DE,,,1/1/00 0:00,,3.1408,,0.54,Non-Auction Ads,Promote
20230807,1773525683114000 ,PT,,,1/1/00 0:00,,3.1361,,0.54,Non-Auction Ads,Promote
20230807,1773554895419390 ,JP,,,1/1/00 0:00,,3.1322,,0.54,Non-Auction Ads,Promote
20230807,1773483005379600 ,US,,,1/1/00 0:00,,3.1309,,0.54,Non-Auction Ads,Promote
20230807,1773573205475380 ,US,,,1/1/00 0:00,,3.1309,,0.54,Non-Auction Ads,Promote
20230807,1773474241267710 ,SA,,,1/1/00 0:00,,3.118,,0.54,Non-Auction Ads,Promote
20230807,1773605249489920 ,ID,,,1/1/00 0:00,,3.1087,,0.54,Non-Auction Ads,Promote
20230807,1773579299873790 ,US,,,1/1/00 0:00,,3.1011,,0.54,Non-Auction Ads,Promote
20230807,1773525129692160 ,US,,,1/1/00 0:00,,3.0943,,0.54,Non-Auction Ads,Promote
20230807,1773580072493060 ,US,,,1/1/00 0:00,,3.09,,0.54,Non-Auction Ads,Promote
20230807,1773542975572990 ,US,,,1/1/00 0:00,,3.09,,0.54,Non-Auction Ads,Promote
20230807,1773588232637440 ,US,,,1/1/00 0:00,,3.09,,0.54,Non-Auction Ads,Promote
20230807,1773544151674880 ,US,,,1/1/00 0:00,,3.09,,0.54,Non-Auction Ads,Promote
20230807,1773544652572670 ,US,,,1/1/00 0:00,,3.09,,0.54,Non-Auction Ads,Promote
20230807,1773541979328510 ,US,,,1/1/00 0:00,,3.09,,0.54,Non-Auction Ads,Promote
20230807,1773585785776130 ,GB,,,1/1/00 0:00,,3.0856,,0.54,Non-Auction Ads,Promote
20230807,1773587301441550 ,GB,,,1/1/00 0:00,,3.0856,,0.54,Non-Auction Ads,Promote
20230807,1773527679427580 ,US,,,1/1/00 0:00,,3.0722,,0.54,Non-Auction Ads,Promote
20230807,1773525647779840 ,US,,,1/1/00 0:00,,3.0722,,0.54,Non-Auction Ads,Promote
20230807,1773525799845890 ,US,,,1/1/00 0:00,,3.0722,,0.54,Non-Auction Ads,Promote
20230807,1773531575731200 ,ID,,,1/1/00 0:00,,3.0716,,0.54,Non-Auction Ads,Promote
20230807,1773541321298940 ,VN,,,1/1/00 0:00,,3.0711,,0.54,Non-Auction Ads,Promote
20230807,1773473676505090 ,VN,,,1/1/00 0:00,,3.0711,,0.54,Non-Auction Ads,Promote
20230807,1773541525505020 ,VN,,,1/1/00 0:00,,3.0711,,0.54,Non-Auction Ads,Promote
20230807,1773446936445950 ,VN,,,1/1/00 0:00,,3.0711,,0.54,Non-Auction Ads,Promote
20230807,1773473192392700 ,VN,,,1/1/00 0:00,,3.0711,,0.54,Non-Auction Ads,Promote
20230807,1773552743889920 ,US,,,1/1/00 0:00,,3.0667,,0.54,Non-Auction Ads,Promote
20230807,1773531086254080 ,US,,,1/1/00 0:00,,3.0654,,0.54,Non-Auction Ads,Promote
20230807,1773599152075770 ,SA,,,1/1/00 0:00,,3.0611,,0.54,Non-Auction Ads,Promote
20230807,1773509328807930 ,SA,,,1/1/00 0:00,,3.0574,,0.54,Non-Auction Ads,Promote
20230807,1773540176516160 ,US,,,1/1/00 0:00,,3.0543,,0.54,Non-Auction Ads,Promote
20230807,1773583290691590 ,DE,,,1/1/00 0:00,,3.0509,,0.54,Non-Auction Ads,Promote
20230807,1773563944602630 ,NL,,,1/1/00 0:00,,3.0489,,0.54,Non-Auction Ads,Promote
20230807,1773563095272480 ,NL,,,1/1/00 0:00,,3.0489,,0.54,Non-Auction Ads,Promote
20230807,1773524959930370 ,CA,,,1/1/00 0:00,,3.0423,,0.54,Non-Auction Ads,Promote
20230807,1773528662002700 ,CA,,,1/1/00 0:00,,3.0423,,0.54,Non-Auction Ads,Promote
20230807,1773523218511870 ,US,,,1/1/00 0:00,,3.042,,0.54,Non-Auction Ads,Promote
20230807,1773521728193540 ,US,,,1/1/00 0:00,,3.042,,0.54,Non-Auction Ads,Promote
20230807,1773542002689030 ,US,,,1/1/00 0:00,,3.042,,0.54,Non-Auction Ads,Promote
20230807,1773543131541510 ,US,,,1/1/00 0:00,,3.0377,,0.54,Non-Auction Ads,Promote
20230807,1773577218508800 ,US,,,1/1/00 0:00,,3.0377,,0.54,Non-Auction Ads,Promote
20230807,1773586799513600 ,US,,,1/1/00 0:00,,3.0377,,0.54,Non-Auction Ads,Promote
20230807,1773540244956160 ,US,,,1/1/00 0:00,,3.0377,,0.54,Non-Auction Ads,Promote
20230807,1773544029190210 ,ID,,,1/1/00 0:00,,3.0325,,0.54,Non-Auction Ads,Promote
20230807,1773544226834430 ,ID,,,1/1/00 0:00,,3.0325,,0.54,Non-Auction Ads,Promote
20230807,1773580254284800 ,GB,,,1/1/00 0:00,,3.0308,,0.54,Non-Auction Ads,Promote
20230807,1773600597142530 ,US,,,1/1/00 0:00,,3.0288,,0.54,Non-Auction Ads,Promote
20230807,1773562099674110 ,MY,,,1/1/00 0:00,,3.0265,,0.54,Non-Auction Ads,Promote
20230807,1773530950560770 ,US,,,1/1/00 0:00,,3.0256,,0.54,Non-Auction Ads,Promote
20230807,1773542752585730 ,CA,,,1/1/00 0:00,,3.0185,,0.54,Non-Auction Ads,Promote
20230807,1773559663884290 ,FR,,,1/1/00 0:00,,3.0178,,0.54,Non-Auction Ads,Promote
20230807,1773553812168720 ,US,,,1/1/00 0:00,,3.0162,,0.54,Non-Auction Ads,Promote
20230807,1773553058583550 ,US,,,1/1/00 0:00,,3.0162,,0.54,Non-Auction Ads,Promote
20230807,1773594707567620 ,US,,,1/1/00 0:00,,3.0067,,0.54,Non-Auction Ads,Promote
20230807,1773527928479740 ,BR,,,1/1/00 0:00,,3.0002,,0.54,Non-Auction Ads,Promote
20230807,1773530011071490 ,BR,,,1/1/00 0:00,,3.0002,,0.54,Non-Auction Ads,Promote
20230807,1773528213431300 ,BR,,,1/1/00 0:00,,3.0002,,0.54,Non-Auction Ads,Promote
20230807,1773528598756400 ,BR,,,1/1/00 0:00,,3.0002,,0.54,Non-Auction Ads,Promote
20230807,1773528107393030 ,BR,,,1/1/00 0:00,,3.0002,,0.54,Non-Auction Ads,Promote
20230807,1773534643152900 ,US,,,1/1/00 0:00,,3,,0.54,Non-Auction Ads,Promote
20230807,1773577585625110 ,US,,,1/1/00 0:00,,3,,0.54,Non-Auction Ads,Promote
20230807,1773537905744900 ,US,,,1/1/00 0:00,,3,,0.54,Non-Auction Ads,Promote
20230807,1773533106168830 ,US,,,1/1/00 0:00,,3,,0.54,Non-Auction Ads,Promote
20230807,1773586053154820 ,US,,,1/1/00 0:00,,3,,0.54,Non-Auction Ads,Promote
20230807,1773591958176770 ,US,,,1/1/00 0:00,,3,,0.54,Non-Auction Ads,Promote
20230807,1773599213447170 ,US,,,1/1/00 0:00,,2.9942,,0.54,Non-Auction Ads,Promote
20230807,1773483560992760 ,VN,,,1/1/00 0:00,,2.9916,,0.54,Non-Auction Ads,Promote
20230807,1773543799252990 ,ID,,,1/1/00 0:00,,2.9894,,0.54,Non-Auction Ads,Promote
20230807,1773544381802490 ,ID,,,1/1/00 0:00,,2.9894,,0.54,Non-Auction Ads,Promote
20230807,1773531842696190 ,JP,,,1/1/00 0:00,,2.9893,,0.54,Non-Auction Ads,Promote
20230807,1773567001264120 ,JP,,,1/1/00 0:00,,2.9821,,0.54,Non-Auction Ads,Promote
20230807,1773596102959100 ,GB,,,1/1/00 0:00,,2.9818,,0.54,Non-Auction Ads,Promote
20230807,1773539175216130 ,US,,,1/1/00 0:00,,2.9806,,0.54,Non-Auction Ads,Promote
20230807,1773577006401540 ,GB,,,1/1/00 0:00,,2.9715,,0.54,Non-Auction Ads,Promote
20230807,1773479772302330 ,SA,,,1/1/00 0:00,,2.9714,,0.54,Non-Auction Ads,Promote
20230807,1773588947869700 ,US,,,1/1/00 0:00,,2.962,,0.54,Non-Auction Ads,Promote
20230807,1773588947869700 ,US,,,1/1/00 0:00,,2.962,,0.54,Non-Auction Ads,Promote
20230807,1773566913819710 ,US,,,1/1/00 0:00,,2.962,,0.54,Non-Auction Ads,Promote
20230807,1773593013615620 ,US,,,1/1/00 0:00,,2.955,,0.54,Non-Auction Ads,Promote
20230807,1773537367504900 ,BR,,,1/1/00 0:00,,2.9489,,0.54,Non-Auction Ads,Promote
20230807,1773588450532350 ,SA,,,1/1/00 0:00,,2.9484,,0.54,Non-Auction Ads,Promote
20230807,1773592404477950 ,US,,,1/1/00 0:00,,2.9482,,0.54,Non-Auction Ads,Promote
20230807,1773524511754240 ,US,,,1/1/00 0:00,,2.9443,,0.54,Non-Auction Ads,Promote
20230807,1773596534436870 ,US,,,1/1/00 0:00,,2.9443,,0.54,Non-Auction Ads,Promote
20230807,1773383814998010 ,SA,,,1/1/00 0:00,,2.9427,,0.54,Non-Auction Ads,Promote
20230807,1773384737310720 ,SA,,,1/1/00 0:00,,2.9427,,0.54,Non-Auction Ads,Promote
20230807,1773385088361470 ,SA,,,1/1/00 0:00,,2.9427,,0.54,Non-Auction Ads,Promote
20230807,1773536855871490 ,US,,,1/1/00 0:00,,2.9412,,0.54,Non-Auction Ads,Promote
20230807,1773554053575680 ,NZ,,,1/1/00 0:00,,2.9398,,0.54,Non-Auction Ads,Promote
20230807,1773529208563710 ,GB,,,1/1/00 0:00,,2.9367,,0.54,Non-Auction Ads,Promote
20230807,1773539986883580 ,US,,,1/1/00 0:00,,2.934,,0.54,Non-Auction Ads,Promote
20230807,1773609958851590 ,ES,,,1/1/00 0:00,,2.9338,,0.54,Non-Auction Ads,Promote
20230807,1773554092802050 ,US,,,1/1/00 0:00,,2.9325,,0.54,Non-Auction Ads,Promote
20230807,1773568005527550 ,SA,,,1/1/00 0:00,,2.9295,,0.54,Non-Auction Ads,Promote
20230807,1773590133602310 ,FR,,,1/1/00 0:00,,2.929,,0.54,Non-Auction Ads,Promote
20230807,1773592363503620 ,US,,,1/1/00 0:00,,2.9282,,0.54,Non-Auction Ads,Promote
20230807,1773606840086530 ,IT,,,1/1/00 0:00,,2.9275,,0.54,Non-Auction Ads,Promote
20230807,1773506504499200 ,SA,,,1/1/00 0:00,,2.9244,,0.54,Non-Auction Ads,Promote
20230807,1773590704069630 ,US,,,1/1/00 0:00,,2.9244,,0.54,Non-Auction Ads,Promote
20230807,1773605765851140 ,BR,,,1/1/00 0:00,,2.9201,,0.54,Non-Auction Ads,Promote
20230807,1773564022362110 ,GB,,,1/1/00 0:00,,2.8947,,0.54,Non-Auction Ads,Promote
20230807,1773571793769470 ,US,,,1/1/00 0:00,,2.8938,,0.54,Non-Auction Ads,Promote
20230807,1773534756043780 ,GB,,,1/1/00 0:00,,2.8812,,0.54,Non-Auction Ads,Promote
20230807,1773533406245890 ,BR,,,1/1/00 0:00,,2.8769,,0.54,Non-Auction Ads,Promote
20230807,1773527597157380 ,US,,,1/1/00 0:00,,2.8706,,0.54,Non-Auction Ads,Promote
20230807,1773525774919680 ,US,,,1/1/00 0:00,,2.8706,,0.54,Non-Auction Ads,Promote
20230807,1773559066300420 ,US,,,1/1/00 0:00,,2.8692,,0.54,Non-Auction Ads,Promote
20230807,1773533917198340 ,US,,,1/1/00 0:00,,2.8675,,0.54,Non-Auction Ads,Promote
20230807,1773496614645760 ,VN,,,1/1/00 0:00,,2.8595,,0.54,Non-Auction Ads,Promote
20230807,1773572315756540 ,US,,,1/1/00 0:00,,2.8595,,0.54,Non-Auction Ads,Promote
20230807,1773598594545660 ,US,,,1/1/00 0:00,,2.8571,,0.54,Non-Auction Ads,Promote
20230807,1773588346203140 ,US,,,1/1/00 0:00,,2.8571,,0.54,Non-Auction Ads,Promote
20230807,1773582548465670 ,US,,,1/1/00 0:00,,2.8557,,0.54,Non-Auction Ads,Promote
20230807,1773599652978690 ,US,,,1/1/00 0:00,,2.8557,,0.54,Non-Auction Ads,Promote
20230807,1773561342610430 ,TH,,,1/1/00 0:00,,2.8499,,0.54,Non-Auction Ads,Promote
20230807,1773560867610620 ,TH,,,1/1/00 0:00,,2.8499,,0.54,Non-Auction Ads,Promote
20230807,1773590460248070 ,US,,,1/1/00 0:00,,2.8464,,0.54,Non-Auction Ads,Promote
20230807,1773545053374470 ,BR,,,1/1/00 0:00,,2.8461,,0.54,Non-Auction Ads,Promote
20230807,1773589148830720 ,US,,,1/1/00 0:00,,2.8461,,0.54,Non-Auction Ads,Promote
20230807,1773557602281470 ,AE,,,1/1/00 0:00,,2.8456,,0.54,Non-Auction Ads,Promote
20230807,1773601120499740 ,IT,,,1/1/00 0:00,,2.844,,0.54,Non-Auction Ads,Promote
20230807,1773544300862460 ,VN,,,1/1/00 0:00,,2.8415,,0.54,Non-Auction Ads,Promote
20230807,1773523278602240 ,BR,,,1/1/00 0:00,,2.8379,,0.54,Non-Auction Ads,Promote
20230807,1773596107688030 ,ES,,,1/1/00 0:00,,2.8354,,0.54,Non-Auction Ads,Promote
20230807,1773558841973760 ,SA,,,1/1/00 0:00,,2.8346,,0.54,Non-Auction Ads,Promote
20230807,1773599369021440 ,SA,,,1/1/00 0:00,,2.8346,,0.54,Non-Auction Ads,Promote
20230807,1773456039687160 ,SA,,,1/1/00 0:00,,2.8346,,0.54,Non-Auction Ads,Promote
20230807,1773553682706430 ,US,,,1/1/00 0:00,,2.8333,,0.54,Non-Auction Ads,Promote
20230807,1773548600798230 ,US,,,1/1/00 0:00,,2.8333,,0.54,Non-Auction Ads,Promote
20230807,1773548053440510 ,US,,,1/1/00 0:00,,2.8328,,0.54,Non-Auction Ads,Promote
20230807,1773382827846650 ,SA,,,1/1/00 0:00,,2.827,,0.54,Non-Auction Ads,Promote
20230807,1773504102851580 ,SA,,,1/1/00 0:00,,2.8221,,0.54,Non-Auction Ads,Promote
20230807,1773519986177020 ,SA,,,1/1/00 0:00,,2.8221,,0.54,Non-Auction Ads,Promote
20230807,1773610000172030 ,SA,,,1/1/00 0:00,,2.8221,,0.54,Non-Auction Ads,Promote
20230807,1773587785139200 ,SA,,,1/1/00 0:00,,2.8221,,0.54,Non-Auction Ads,Promote
20230807,1773610188108800 ,SA,,,1/1/00 0:00,,2.8221,,0.54,Non-Auction Ads,Promote
20230807,1773543387651070 ,SA,,,1/1/00 0:00,,2.8221,,0.54,Non-Auction Ads,Promote
20230807,1773370397972480 ,SA,,,1/1/00 0:00,,2.8221,,0.54,Non-Auction Ads,Promote
20230807,1773542433201150 ,US,,,1/1/00 0:00,,2.8215,,0.54,Non-Auction Ads,Promote
20230807,1773588834959360 ,US,,,1/1/00 0:00,,2.8138,,0.54,Non-Auction Ads,Promote
20230807,1773578326111280 ,US,,,1/1/00 0:00,,2.8012,,0.54,Non-Auction Ads,Promote
20230807,1773592660286460 ,US,,,1/1/00 0:00,,2.8,,0.54,Non-Auction Ads,Promote
20230807,1773472924492800 ,SA,,,1/1/00 0:00,,2.7991,,0.54,Non-Auction Ads,Promote
20230807,1773614178352120 ,MY,,,1/1/00 0:00,,2.7986,,0.54,Non-Auction Ads,Promote
20230807,1773578272670720 ,BE,,,1/1/00 0:00,,2.7984,,0.54,Non-Auction Ads,Promote
20230807,1773537125673990 ,US,,,1/1/00 0:00,,2.79,,0.54,Non-Auction Ads,Promote
20230807,1773581458605060 ,US,,,1/1/00 0:00,,2.7819,,0.54,Non-Auction Ads,Promote
20230807,1773381748975610 ,SA,,,1/1/00 0:00,,2.7816,,0.54,Non-Auction Ads,Promote
20230807,1773522386811900 ,TR,,,1/1/00 0:00,,2.7795,,0.54,Non-Auction Ads,Promote
20230807,1773576516135940 ,IT,,,1/1/00 0:00,,2.7766,,0.54,Non-Auction Ads,Promote
20230807,1773533602615290 ,ID,,,1/1/00 0:00,,2.7632,,0.54,Non-Auction Ads,Promote
20230807,1773535620983810 ,VN,,,1/1/00 0:00,,2.7547,,0.54,Non-Auction Ads,Promote
20230807,1773553833754630 ,US,,,1/1/00 0:00,,2.7416,,0.54,Non-Auction Ads,Promote
20230807,1773569388496960 ,BR,,,1/1/00 0:00,,2.7388,,0.54,Non-Auction Ads,Promote
20230807,1773535586581510 ,CA,,,1/1/00 0:00,,2.7306,,0.54,Non-Auction Ads,Promote
20230807,1773531130909700 ,BR,,,1/1/00 0:00,,2.7306,,0.54,Non-Auction Ads,Promote
20230807,1773529762852870 ,CA,,,1/1/00 0:00,,2.7306,,0.54,Non-Auction Ads,Promote
20230807,1773537254356990 ,CA,,,1/1/00 0:00,,2.7306,,0.54,Non-Auction Ads,Promote
20230807,1773530473914370 ,CA,,,1/1/00 0:00,,2.7306,,0.54,Non-Auction Ads,Promote
20230807,1773529500264480 ,CA,,,1/1/00 0:00,,2.7306,,0.54,Non-Auction Ads,Promote
20230807,1773585153323010 ,US,,,1/1/00 0:00,,2.7273,,0.54,Non-Auction Ads,Promote
20230807,1773571968582670 ,US,,,1/1/00 0:00,,2.726,,0.54,Non-Auction Ads,Promote
20230807,1773541712321540 ,US,,,1/1/00 0:00,,2.7171,,0.54,Non-Auction Ads,Promote
20230807,1773593290113030 ,BR,,,1/1/00 0:00,,2.7063,,0.54,Non-Auction Ads,Promote
20230807,1773474650272760 ,SA,,,1/1/00 0:00,,2.7057,,0.54,Non-Auction Ads,Promote
20230807,1773561370260480 ,GR,,,1/1/00 0:00,,2.7003,,0.54,Non-Auction Ads,Promote
20230807,1773600099306500 ,US,,,1/1/00 0:00,,2.6968,,0.54,Non-Auction Ads,Promote
20230807,1773576051249150 ,US,,,1/1/00 0:00,,2.695,,0.54,Non-Auction Ads,Promote
20230807,1773586349314050 ,US,,,1/1/00 0:00,,2.695,,0.54,Non-Auction Ads,Promote
20230807,1773594001496060 ,US,,,1/1/00 0:00,,2.695,,0.54,Non-Auction Ads,Promote
20230807,1773589732908030 ,IT,,,1/1/00 0:00,,2.6897,,0.54,Non-Auction Ads,Promote
20230807,1773578591321080 ,IL,,,1/1/00 0:00,,2.6884,,0.54,Non-Auction Ads,Promote
20230807,1773588300138490 ,SA,,,1/1/00 0:00,,2.6855,,0.54,Non-Auction Ads,Promote
20230807,1773575022065660 ,IL,,,1/1/00 0:00,,2.6848,,0.54,Non-Auction Ads,Promote
20230807,1773611606834170 ,IL,,,1/1/00 0:00,,2.6848,,0.54,Non-Auction Ads,Promote
20230807,1773603227291640 ,IL,,,1/1/00 0:00,,2.6848,,0.54,Non-Auction Ads,Promote
20230807,1773544550606850 ,US,,,1/1/00 0:00,,2.6839,,0.54,Non-Auction Ads,Promote
20230807,1773568995003390 ,US,,,1/1/00 0:00,,2.6839,,0.54,Non-Auction Ads,Promote
20230807,1773541128087550 ,US,,,1/1/00 0:00,,2.6839,,0.54,Non-Auction Ads,Promote
20230807,1773536425368580 ,US,,,1/1/00 0:00,,2.6839,,0.54,Non-Auction Ads,Promote
20230807,1773584636874750 ,BR,,,1/1/00 0:00,,2.68,,0.54,Non-Auction Ads,Promote
20230807,1773564635022340 ,FR,,,1/1/00 0:00,,2.6752,,0.54,Non-Auction Ads,Promote
20230807,1773550764376150 ,US,,,1/1/00 0:00,,2.6669,,0.54,Non-Auction Ads,Promote
20230807,1773525177573370 ,SA,,,1/1/00 0:00,,2.6664,,0.54,Non-Auction Ads,Promote
20230807,1773586897158140 ,SA,,,1/1/00 0:00,,2.6664,,0.54,Non-Auction Ads,Promote
20230807,1773590769053730 ,ES,,,1/1/00 0:00,,2.6647,,0.54,Non-Auction Ads,Promote
20230807,1773595159063550 ,US,,,1/1/00 0:00,,2.6582,,0.54,Non-Auction Ads,Promote
20230807,1773553045015550 ,US,,,1/1/00 0:00,,2.654,,0.54,Non-Auction Ads,Promote
20230807,1773570034125830 ,DE,,,1/1/00 0:00,,2.6525,,0.54,Non-Auction Ads,Promote
20230807,1773504932290560 ,AE,,,1/1/00 0:00,,2.6518,,0.54,Non-Auction Ads,Promote
20230807,1773503226183680 ,AE,,,1/1/00 0:00,,2.6518,,0.54,Non-Auction Ads,Promote
20230807,1773525225251840 ,US,,,1/1/00 0:00,,2.6458,,0.54,Non-Auction Ads,Promote
20230807,1773532738818050 ,US,,,1/1/00 0:00,,2.6458,,0.54,Non-Auction Ads,Promote
20230807,1773527984908290 ,US,,,1/1/00 0:00,,2.6458,,0.54,Non-Auction Ads,Promote
20230807,1773522000655360 ,TR,,,1/1/00 0:00,,2.6455,,0.54,Non-Auction Ads,Promote
20230807,1773552699473920 ,SA,,,1/1/00 0:00,,2.6442,,0.54,Non-Auction Ads,Promote
20230807,1773537048055800 ,AU,,,1/1/00 0:00,,2.6387,,0.54,Non-Auction Ads,Promote
20230807,1773604934281230 ,DE,,,1/1/00 0:00,,2.6374,,0.54,Non-Auction Ads,Promote
20230807,1773605385041920 ,DE,,,1/1/00 0:00,,2.6374,,0.54,Non-Auction Ads,Promote
20230807,1773552330789880 ,MY,,,1/1/00 0:00,,2.6357,,0.54,Non-Auction Ads,Promote
20230807,1773529403555840 ,US,,,1/1/00 0:00,,2.6356,,0.54,Non-Auction Ads,Promote
20230807,1773541327494140 ,US,,,1/1/00 0:00,,2.6327,,0.54,Non-Auction Ads,Promote
20230807,1773589781459970 ,US,,,1/1/00 0:00,,2.6263,,0.54,Non-Auction Ads,Promote
20230807,1773572848395300 ,US,,,1/1/00 0:00,,2.625,,0.54,Non-Auction Ads,Promote
20230807,1773532559963140 ,US,,,1/1/00 0:00,,2.625,,0.54,Non-Auction Ads,Promote
20230807,1773532692103170 ,US,,,1/1/00 0:00,,2.625,,0.54,Non-Auction Ads,Promote
20230807,1773586490850300 ,US,,,1/1/00 0:00,,2.625,,0.54,Non-Auction Ads,Promote
20230807,1773587570822150 ,US,,,1/1/00 0:00,,2.62,,0.54,Non-Auction Ads,Promote
20230807,1773585727973370 ,PH,,,1/1/00 0:00,,2.6043,,0.54,Non-Auction Ads,Promote
20230807,1773594759166970 ,TH,,,1/1/00 0:00,,2.6032,,0.54,Non-Auction Ads,Promote
20230807,1773595896814590 ,US,,,1/1/00 0:00,,2.6,,0.54,Non-Auction Ads,Promote
20230807,1773591535895550 ,MY,,,1/1/00 0:00,,2.5966,,0.54,Non-Auction Ads,Promote
20230807,1773548698981380 ,VN,,,1/1/00 0:00,,2.5882,,0.54,Non-Auction Ads,Promote
20230807,1773580561665030 ,GB,,,1/1/00 0:00,,2.5772,,0.54,Non-Auction Ads,Promote
20230807,1773542997714950 ,BR,,,1/1/00 0:00,,2.5608,,0.54,Non-Auction Ads,Promote
20230807,1773533477665790 ,BR,,,1/1/00 0:00,,2.5608,,0.54,Non-Auction Ads,Promote
20230807,1773525659808770 ,BR,,,1/1/00 0:00,,2.5608,,0.54,Non-Auction Ads,Promote
20230807,1773594936379540 ,BR,,,1/1/00 0:00,,2.5608,,0.54,Non-Auction Ads,Promote
20230807,1773537753027590 ,BR,,,1/1/00 0:00,,2.5608,,0.54,Non-Auction Ads,Promote
20230807,1773549679290370 ,US,,,1/1/00 0:00,,2.555,,0.54,Non-Auction Ads,Promote
20230807,1773566991142910 ,FI,,,1/1/00 0:00,,2.5494,,0.54,Non-Auction Ads,Promote
20230807,1773595841868800 ,GB,,,1/1/00 0:00,,2.5486,,0.54,Non-Auction Ads,Promote
20230807,1773570494178300 ,JP,,,1/1/00 0:00,,2.5435,,0.54,Non-Auction Ads,Promote
20230807,1773568600656890 ,JP,,,1/1/00 0:00,,2.5435,,0.54,Non-Auction Ads,Promote
20230807,1773561478369280 ,MY,,,1/1/00 0:00,,2.5383,,0.54,Non-Auction Ads,Promote
20230807,1773551769747450 ,JP,,,1/1/00 0:00,,2.538,,0.54,Non-Auction Ads,Promote
20230807,1773534403801090 ,ES,,,1/1/00 0:00,,2.5325,,0.54,Non-Auction Ads,Promote
20230807,1773564714054650 ,SA,,,1/1/00 0:00,,2.5276,,0.54,Non-Auction Ads,Promote
20230807,1773585609157630 ,TH,,,1/1/00 0:00,,2.5115,,0.54,Non-Auction Ads,Promote
20230807,1773588300044290 ,GB,,,1/1/00 0:00,,2.5046,,0.54,Non-Auction Ads,Promote
20230807,1773574065562640 ,US,,,1/1/00 0:00,,2.5,,0.54,Non-Auction Ads,Promote
20230807,1773570455823360 ,US,,,1/1/00 0:00,,2.5,,0.54,Non-Auction Ads,Promote
20230807,1773587395190790 ,US,,,1/1/00 0:00,,2.5,,0.54,Non-Auction Ads,Promote
20230807,1773537340700670 ,US,,,1/1/00 0:00,,2.5,,0.54,Non-Auction Ads,Promote
20230807,1773534345073670 ,US,,,1/1/00 0:00,,2.5,,0.54,Non-Auction Ads,Promote
20230807,1773542904485890 ,US,,,1/1/00 0:00,,2.5,,0.54,Non-Auction Ads,Promote
20230807,1773584512438320 ,US,,,1/1/00 0:00,,2.5,,0.54,Non-Auction Ads,Promote
20230807,1773536734660610 ,US,,,1/1/00 0:00,,2.5,,0.54,Non-Auction Ads,Promote
20230807,1773568972307470 ,US,,,1/1/00 0:00,,2.5,,0.54,Non-Auction Ads,Promote
20230807,1773590050755590 ,US,,,1/1/00 0:00,,2.5,,0.54,Non-Auction Ads,Promote
20230807,1773533901218820 ,US,,,1/1/00 0:00,,2.5,,0.54,Non-Auction Ads,Promote
20230807,1773572916218880 ,US,,,1/1/00 0:00,,2.5,,0.54,Non-Auction Ads,Promote
20230807,1773532672011270 ,US,,,1/1/00 0:00,,2.5,,0.54,Non-Auction Ads,Promote
20230807,1773575323386900 ,US,,,1/1/00 0:00,,2.5,,0.54,Non-Auction Ads,Promote
20230807,1773530136168450 ,US,,,1/1/00 0:00,,2.5,,0.54,Non-Auction Ads,Promote
20230807,1773585958892550 ,US,,,1/1/00 0:00,,2.5,,0.54,Non-Auction Ads,Promote
20230807,1773526886939650 ,US,,,1/1/00 0:00,,2.5,,0.54,Non-Auction Ads,Promote
20230807,1773600315340800 ,US,,,1/1/00 0:00,,2.5,,0.54,Non-Auction Ads,Promote
20230807,1773579205525500 ,PH,,,1/1/00 0:00,,2.4999,,0.54,Non-Auction Ads,Promote
20230807,1773569978506240 ,BR,,,1/1/00 0:00,,2.4976,,0.54,Non-Auction Ads,Promote
20230807,1773522797857790 ,US,,,1/1/00 0:00,,2.4947,,0.54,Non-Auction Ads,Promote
20230807,1773580646813690 ,SA,,,1/1/00 0:00,,2.4852,,0.54,Non-Auction Ads,Promote
20230807,1773605066225660 ,SA,,,1/1/00 0:00,,2.4852,,0.54,Non-Auction Ads,Promote
20230807,1773472176368640 ,SA,,,1/1/00 0:00,,2.4846,,0.54,Non-Auction Ads,Promote
20230807,1773472176368640 ,SA,,,1/1/00 0:00,,2.4846,,0.54,Non-Auction Ads,Promote
20230807,1773594798663680 ,SA,,,1/1/00 0:00,,2.4821,,0.54,Non-Auction Ads,Promote
20230807,1773463067185150 ,SA,,,1/1/00 0:00,,2.479,,0.54,Non-Auction Ads,Promote
20230807,1773549693971460 ,US,,,1/1/00 0:00,,2.4776,,0.54,Non-Auction Ads,Promote
20230807,1773540116122620 ,US,,,1/1/00 0:00,,2.4739,,0.54,Non-Auction Ads,Promote
20230807,1773552383736830 ,ID,,,1/1/00 0:00,,2.4712,,0.54,Non-Auction Ads,Promote
20230807,1773546420259840 ,ID,,,1/1/00 0:00,,2.4712,,0.54,Non-Auction Ads,Promote
20230807,1773570459815940 ,DE,,,1/1/00 0:00,,2.4692,,0.54,Non-Auction Ads,Promote
20230807,1773587706270720 ,BR,,,1/1/00 0:00,,2.4655,,0.54,Non-Auction Ads,Promote
20230807,1773566928425980 ,SA,,,1/1/00 0:00,,2.4601,,0.54,Non-Auction Ads,Promote
20230807,1773601001009150 ,SA,,,1/1/00 0:00,,2.4601,,0.54,Non-Auction Ads,Promote
20230807,1773488504546300 ,SA,,,1/1/00 0:00,,2.4601,,0.54,Non-Auction Ads,Promote
20230807,1773595085466620 ,US,,,1/1/00 0:00,,2.46,,0.54,Non-Auction Ads,Promote
20230807,1773464773280760 ,SA,,,1/1/00 0:00,,2.4523,,0.54,Non-Auction Ads,Promote
20230807,1773464713749500 ,SA,,,1/1/00 0:00,,2.4523,,0.54,Non-Auction Ads,Promote
20230807,1773542241589250 ,IT,,,1/1/00 0:00,,2.4435,,0.54,Non-Auction Ads,Promote
20230807,1773544310502400 ,IT,,,1/1/00 0:00,,2.4435,,0.54,Non-Auction Ads,Promote
20230807,1773596747208710 ,RO,,,1/1/00 0:00,,2.4366,,0.54,Non-Auction Ads,Promote
20230807,1773592782114820 ,RO,,,1/1/00 0:00,,2.4366,,0.54,Non-Auction Ads,Promote
20230807,1773587857561600 ,US,,,1/1/00 0:00,,2.43,,0.54,Non-Auction Ads,Promote
20230807,1773549590120510 ,VN,,,1/1/00 0:00,,2.4278,,0.54,Non-Auction Ads,Promote
20230807,1773506680071170 ,AE,,,1/1/00 0:00,,2.4202,,0.54,Non-Auction Ads,Promote
20230807,1773585577558020 ,TH,,,1/1/00 0:00,,2.4189,,0.54,Non-Auction Ads,Promote
20230807,1773596668690430 ,US,,,1/1/00 0:00,,2.404,,0.54,Non-Auction Ads,Promote
20230807,1773547072145400 ,SA,,,1/1/00 0:00,,2.4034,,0.54,Non-Auction Ads,Promote
20230807,1773579834984450 ,JP,,,1/1/00 0:00,,2.388,,0.54,Non-Auction Ads,Promote
20230807,1773528992502780 ,AU,,,1/1/00 0:00,,2.3826,,0.54,Non-Auction Ads,Promote
20230807,1773540095708160 ,AE,,,1/1/00 0:00,,2.382,,0.54,Non-Auction Ads,Promote
20230807,1773563322821630 ,RO,,,1/1/00 0:00,,2.3809,,0.54,Non-Auction Ads,Promote
20230807,1773546131699730 ,TH,,,1/1/00 0:00,,2.3785,,0.54,Non-Auction Ads,Promote
20230807,1773546529493010 ,TH,,,1/1/00 0:00,,2.3785,,0.54,Non-Auction Ads,Promote
20230807,1773527086336000 ,TH,,,1/1/00 0:00,,2.3785,,0.54,Non-Auction Ads,Promote
20230807,1773545053029380 ,TH,,,1/1/00 0:00,,2.3785,,0.54,Non-Auction Ads,Promote
20230807,1773599181677570 ,ES,,,1/1/00 0:00,,2.3759,,0.54,Non-Auction Ads,Promote
20230807,1773577986198560 ,US,,,1/1/00 0:00,,2.3721,,0.54,Non-Auction Ads,Promote
20230807,1773595209527300 ,NL,,,1/1/00 0:00,,2.3719,,0.54,Non-Auction Ads,Promote
20230807,1773563917741060 ,BR,,,1/1/00 0:00,,2.3671,,0.54,Non-Auction Ads,Promote
20230807,1773534828446720 ,TH,,,1/1/00 0:00,,2.3665,,0.54,Non-Auction Ads,Promote
20230807,1773578368044030 ,DE,,,1/1/00 0:00,,2.3594,,0.54,Non-Auction Ads,Promote
20230807,1773530106424320 ,DE,,,1/1/00 0:00,,2.3594,,0.54,Non-Auction Ads,Promote
20230807,1773449116406780 ,SA,,,1/1/00 0:00,,2.355,,0.54,Non-Auction Ads,Promote
20230807,1773552496870400 ,US,,,1/1/00 0:00,,2.3536,,0.54,Non-Auction Ads,Promote
20230807,1773571832166400 ,US,,,1/1/00 0:00,,2.3515,,0.54,Non-Auction Ads,Promote
20230807,1773570743096320 ,US,,,1/1/00 0:00,,2.3512,,0.54,Non-Auction Ads,Promote
20230807,1773549229041670 ,DE,,,1/1/00 0:00,,2.3387,,0.54,Non-Auction Ads,Promote
20230807,1773560557741060 ,TH,,,1/1/00 0:00,,2.3378,,0.54,Non-Auction Ads,Promote
20230807,1773603527734270 ,SA,,,1/1/00 0:00,,2.337,,0.54,Non-Auction Ads,Promote
20230807,1773536142530560 ,TH,,,1/1/00 0:00,,2.3352,,0.54,Non-Auction Ads,Promote
20230807,1773577641695250 ,US,,,1/1/00 0:00,,2.3333,,0.54,Non-Auction Ads,Promote
20230807,1773529995078660 ,BR,,,1/1/00 0:00,,2.3307,,0.54,Non-Auction Ads,Promote
20230807,1773585532243970 ,BR,,,1/1/00 0:00,,2.3307,,0.54,Non-Auction Ads,Promote
20230807,1773534321451010 ,US,,,1/1/00 0:00,,2.3265,,0.54,Non-Auction Ads,Promote
20230807,1773546848932870 ,US,,,1/1/00 0:00,,2.3265,,0.54,Non-Auction Ads,Promote
20230807,1773531327821830 ,US,,,1/1/00 0:00,,2.3265,,0.54,Non-Auction Ads,Promote
20230807,1773540203467770 ,VN,,,1/1/00 0:00,,2.3258,,0.54,Non-Auction Ads,Promote
20230807,1773549949150210 ,TH,,,1/1/00 0:00,,2.3247,,0.54,Non-Auction Ads,Promote
20230807,1773546900215800 ,TH,,,1/1/00 0:00,,2.3247,,0.54,Non-Auction Ads,Promote
20230807,1773579080562700 ,ES,,,1/1/00 0:00,,2.319,,0.54,Non-Auction Ads,Promote
20230807,1773544968621060 ,CA,,,1/1/00 0:00,,2.3145,,0.54,Non-Auction Ads,Promote
20230807,1773479799818240 ,AE,,,1/1/00 0:00,,2.3117,,0.54,Non-Auction Ads,Promote
20230807,1773360168907770 ,SA,,,1/1/00 0:00,,2.3093,,0.54,Non-Auction Ads,Promote
20230807,1773549098402880 ,SA,,,1/1/00 0:00,,2.3093,,0.54,Non-Auction Ads,Promote
20230807,1773360056962040 ,SA,,,1/1/00 0:00,,2.3093,,0.54,Non-Auction Ads,Promote
20230807,1773452364200960 ,SA,,,1/1/00 0:00,,2.3093,,0.54,Non-Auction Ads,Promote
20230807,1773549258611710 ,SA,,,1/1/00 0:00,,2.3093,,0.54,Non-Auction Ads,Promote
20230807,1773544998568990 ,US,,,1/1/00 0:00,,2.3077,,0.54,Non-Auction Ads,Promote
20230807,1773542101831680 ,TH,,,1/1/00 0:00,,2.3076,,0.54,Non-Auction Ads,Promote
20230807,1773541635145730 ,TH,,,1/1/00 0:00,,2.3076,,0.54,Non-Auction Ads,Promote
20230807,1773573011746820 ,TH,,,1/1/00 0:00,,2.3074,,0.54,Non-Auction Ads,Promote
20230807,1773560907224070 ,TH,,,1/1/00 0:00,,2.3074,,0.54,Non-Auction Ads,Promote
20230807,1773531951628290 ,US,,,1/1/00 0:00,,2.3033,,0.54,Non-Auction Ads,Promote
20230807,1773554173554750 ,TR,,,1/1/00 0:00,,2.303,,0.54,Non-Auction Ads,Promote
20230807,1773554161650690 ,TR,,,1/1/00 0:00,,2.303,,0.54,Non-Auction Ads,Promote
20230807,1773554173554750 ,TR,,,1/1/00 0:00,,2.303,,0.54,Non-Auction Ads,Promote
20230807,1773556466086910 ,GB,,,1/1/00 0:00,,2.3023,,0.54,Non-Auction Ads,Promote
20230807,1773521620239360 ,KW,,,1/1/00 0:00,,2.3006,,0.54,Non-Auction Ads,Promote
20230807,1773456160951290 ,SA,,,1/1/00 0:00,,2.2918,,0.54,Non-Auction Ads,Promote
20230807,1773574106244090 ,TH,,,1/1/00 0:00,,2.29,,0.54,Non-Auction Ads,Promote
20230807,1773574056296440 ,TH,,,1/1/00 0:00,,2.29,,0.54,Non-Auction Ads,Promote
20230807,1773597312406530 ,US,,,1/1/00 0:00,,2.2822,,0.54,Non-Auction Ads,Promote
20230807,1773548422304760 ,MY,,,1/1/00 0:00,,2.2815,,0.54,Non-Auction Ads,Promote
20230807,1773530338609170 ,US,,,1/1/00 0:00,,2.2792,,0.54,Non-Auction Ads,Promote
20230807,1773560209599490 ,US,,,1/1/00 0:00,,2.2753,,0.54,Non-Auction Ads,Promote
20230807,1773460160595970 ,VN,,,1/1/00 0:00,,2.2741,,0.54,Non-Auction Ads,Promote
20230807,1773552236560400 ,US,,,1/1/00 0:00,,2.2727,,0.54,Non-Auction Ads,Promote
20230807,1773594832960510 ,BR,,,1/1/00 0:00,,2.2692,,0.54,Non-Auction Ads,Promote
20230807,1773564782936070 ,BR,,,1/1/00 0:00,,2.2692,,0.54,Non-Auction Ads,Promote
20230807,1773565387594750 ,BR,,,1/1/00 0:00,,2.2692,,0.54,Non-Auction Ads,Promote
20230807,1773566008836100 ,BR,,,1/1/00 0:00,,2.2692,,0.54,Non-Auction Ads,Promote
20230807,1773547980252160 ,MY,,,1/1/00 0:00,,2.2587,,0.54,Non-Auction Ads,Promote
20230807,1773449877424130 ,AU,,,1/1/00 0:00,,2.2582,,0.54,Non-Auction Ads,Promote
20230807,1773597763603470 ,GB,,,1/1/00 0:00,,2.2558,,0.54,Non-Auction Ads,Promote
20230807,1773593797370880 ,GB,,,1/1/00 0:00,,2.2558,,0.54,Non-Auction Ads,Promote
20230807,1773594033970180 ,GB,,,1/1/00 0:00,,2.2558,,0.54,Non-Auction Ads,Promote
20230807,1773596347332610 ,GB,,,1/1/00 0:00,,2.2558,,0.54,Non-Auction Ads,Promote
20230807,1773593955174400 ,GB,,,1/1/00 0:00,,2.2558,,0.54,Non-Auction Ads,Promote
20230807,1773593905426500 ,GB,,,1/1/00 0:00,,2.2558,,0.54,Non-Auction Ads,Promote
20230807,1773599645849600 ,GB,,,1/1/00 0:00,,2.2558,,0.54,Non-Auction Ads,Promote
20230807,1773593994456060 ,GB,,,1/1/00 0:00,,2.2558,,0.54,Non-Auction Ads,Promote
20230807,1773597792540670 ,GB,,,1/1/00 0:00,,2.2558,,0.54,Non-Auction Ads,Promote
20230807,1773531339384830 ,CA,,,1/1/00 0:00,,2.2541,,0.54,Non-Auction Ads,Promote
20230807,1773535044939780 ,CA,,,1/1/00 0:00,,2.2541,,0.54,Non-Auction Ads,Promote
20230807,1773599018593280 ,US,,,1/1/00 0:00,,2.2535,,0.54,Non-Auction Ads,Promote
20230807,1773590090201090 ,US,,,1/1/00 0:00,,2.2524,,0.54,Non-Auction Ads,Promote
20230807,1773428393947130 ,SA,,,1/1/00 0:00,,2.2512,,0.54,Non-Auction Ads,Promote
20230807,1773580772671480 ,TR,,,1/1/00 0:00,,2.2502,,0.54,Non-Auction Ads,Promote
20230807,1773590967254010 ,TR,,,1/1/00 0:00,,2.2502,,0.54,Non-Auction Ads,Promote
20230807,1773560420999160 ,TR,,,1/1/00 0:00,,2.2502,,0.54,Non-Auction Ads,Promote
20230807,1773587348167680 ,TR,,,1/1/00 0:00,,2.2502,,0.54,Non-Auction Ads,Promote
20230807,1773590381279230 ,TR,,,1/1/00 0:00,,2.2502,,0.54,Non-Auction Ads,Promote
20230807,1773596920219640 ,TR,,,1/1/00 0:00,,2.2502,,0.54,Non-Auction Ads,Promote
20230807,1773584959522810 ,TR,,,1/1/00 0:00,,2.2502,,0.54,Non-Auction Ads,Promote
20230807,1773581663191040 ,SA,,,1/1/00 0:00,,2.2456,,0.54,Non-Auction Ads,Promote
20230807,1773526377500670 ,BR,,,1/1/00 0:00,,2.2426,,0.54,Non-Auction Ads,Promote
20230807,1773578530401330 ,US,,,1/1/00 0:00,,2.2308,,0.54,Non-Auction Ads,Promote
20230807,1773531902383110 ,FR,,,1/1/00 0:00,,2.2285,,0.54,Non-Auction Ads,Promote
20230807,1773456615809020 ,VN,,,1/1/00 0:00,,2.2268,,0.54,Non-Auction Ads,Promote
20230807,1773571970334720 ,IT,,,1/1/00 0:00,,2.2265,,0.54,Non-Auction Ads,Promote
20230807,1773568266732540 ,IT,,,1/1/00 0:00,,2.2265,,0.54,Non-Auction Ads,Promote
20230807,1773548600486960 ,US,,,1/1/00 0:00,,2.2264,,0.54,Non-Auction Ads,Promote
20230807,1773544069689340 ,MY,,,1/1/00 0:00,,2.2229,,0.54,Non-Auction Ads,Promote
20230807,1773527707590660 ,US,,,1/1/00 0:00,,2.2222,,0.54,Non-Auction Ads,Promote
20230807,1773573555179520 ,DE,,,1/1/00 0:00,,2.2213,,0.54,Non-Auction Ads,Promote
20230807,1773563123813380 ,DE,,,1/1/00 0:00,,2.2213,,0.54,Non-Auction Ads,Promote
20230807,1773569115408400 ,DE,,,1/1/00 0:00,,2.2213,,0.54,Non-Auction Ads,Promote
20230807,1773560124253190 ,DE,,,1/1/00 0:00,,2.2213,,0.54,Non-Auction Ads,Promote
20230807,1773384532090880 ,SA,,,1/1/00 0:00,,2.2177,,0.54,Non-Auction Ads,Promote
20230807,1773587194466360 ,SA,,,1/1/00 0:00,,2.2177,,0.54,Non-Auction Ads,Promote
20230807,1773573743524860 ,TH,,,1/1/00 0:00,,2.2158,,0.54,Non-Auction Ads,Promote
20230807,1773601682170880 ,IT,,,1/1/00 0:00,,2.2143,,0.54,Non-Auction Ads,Promote
20230807,1773533114616830 ,AU,,,1/1/00 0:00,,2.2132,,0.54,Non-Auction Ads,Promote
20230807,1773561734509570 ,DE,,,1/1/00 0:00,,2.2117,,0.54,Non-Auction Ads,Promote
20230807,1773520738855940 ,US,,,1/1/00 0:00,,2.2046,,0.54,Non-Auction Ads,Promote
20230807,1773532959373310 ,US,,,1/1/00 0:00,,2.2046,,0.54,Non-Auction Ads,Promote
20230807,1773581988972580 ,BR,,,1/1/00 0:00,,2.2037,,0.54,Non-Auction Ads,Promote
20230807,1773613241982980 ,DE,,,1/1/00 0:00,,2.2021,,0.54,Non-Auction Ads,Promote
20230807,1773613317021700 ,DE,,,1/1/00 0:00,,2.2021,,0.54,Non-Auction Ads,Promote
20230807,1773613273520130 ,DE,,,1/1/00 0:00,,2.2021,,0.54,Non-Auction Ads,Promote
20230807,1773587546725380 ,FR,,,1/1/00 0:00,,2.2007,,0.54,Non-Auction Ads,Promote
20230807,1773587474850820 ,FR,,,1/1/00 0:00,,2.2007,,0.54,Non-Auction Ads,Promote
20230807,1773536195818500 ,US,,,1/1/00 0:00,,2.2,,0.54,Non-Auction Ads,Promote
20230807,1773537171012610 ,US,,,1/1/00 0:00,,2.2,,0.54,Non-Auction Ads,Promote
20230807,1773532415044690 ,US,,,1/1/00 0:00,,2.2,,0.54,Non-Auction Ads,Promote
20230807,1773571208531970 ,US,,,1/1/00 0:00,,2.2,,0.54,Non-Auction Ads,Promote
20230807,1773587621436420 ,GB,,,1/1/00 0:00,,2.1983,,0.54,Non-Auction Ads,Promote
20230807,1773600069884980 ,US,,,1/1/00 0:00,,2.1977,,0.54,Non-Auction Ads,Promote
20230807,1773600141933570 ,TH,,,1/1/00 0:00,,2.1973,,0.54,Non-Auction Ads,Promote
20230807,1773543347343360 ,US,,,1/1/00 0:00,,2.195,,0.54,Non-Auction Ads,Promote
20230807,1773383883843580 ,SA,,,1/1/00 0:00,,2.1943,,0.54,Non-Auction Ads,Promote
20230807,1773592550902780 ,TH,,,1/1/00 0:00,,2.191,,0.54,Non-Auction Ads,Promote
20230807,1773489858204670 ,SA,,,1/1/00 0:00,,2.1863,,0.54,Non-Auction Ads,Promote
20230807,1773607825353720 ,SA,,,1/1/00 0:00,,2.1863,,0.54,Non-Auction Ads,Promote
20230807,1773523889770500 ,US,,,1/1/00 0:00,,2.1843,,0.54,Non-Auction Ads,Promote
20230807,1773609080276990 ,BR,,,1/1/00 0:00,,2.1818,,0.54,Non-Auction Ads,Promote
20230807,1773431188066300 ,SA,,,1/1/00 0:00,,2.1792,,0.54,Non-Auction Ads,Promote
20230807,1773431188066300 ,SA,,,1/1/00 0:00,,2.1792,,0.54,Non-Auction Ads,Promote
20230807,1773538469191680 ,ID,,,1/1/00 0:00,,2.1734,,0.54,Non-Auction Ads,Promote
20230807,1773386133043200 ,SA,,,1/1/00 0:00,,2.1715,,0.54,Non-Auction Ads,Promote
20230807,1773382105456640 ,SA,,,1/1/00 0:00,,2.1715,,0.54,Non-Auction Ads,Promote
20230807,1773583235274750 ,BR,,,1/1/00 0:00,,2.1701,,0.54,Non-Auction Ads,Promote
20230807,1773566280808450 ,ES,,,1/1/00 0:00,,2.1647,,0.54,Non-Auction Ads,Promote
20230807,1773506428095490 ,QA,,,1/1/00 0:00,,2.1638,,0.54,Non-Auction Ads,Promote
20230807,1773585027885050 ,ID,,,1/1/00 0:00,,2.1638,,0.54,Non-Auction Ads,Promote
20230807,1773547373281280 ,DE,,,1/1/00 0:00,,2.1625,,0.54,Non-Auction Ads,Promote
20230807,1773588817842170 ,KW,,,1/1/00 0:00,,2.1607,,0.54,Non-Auction Ads,Promote
20230807,1773528048910340 ,US,,,1/1/00 0:00,,2.1538,,0.54,Non-Auction Ads,Promote
20230807,1773522591718400 ,IL,,,1/1/00 0:00,,2.1501,,0.54,Non-Auction Ads,Promote
20230807,1773455353248770 ,SA,,,1/1/00 0:00,,2.1432,,0.54,Non-Auction Ads,Promote
20230807,1773455433110520 ,SA,,,1/1/00 0:00,,2.1432,,0.54,Non-Auction Ads,Promote
20230807,1773523617008640 ,US,,,1/1/00 0:00,,2.1429,,0.54,Non-Auction Ads,Promote
20230807,1773594937481220 ,US,,,1/1/00 0:00,,2.1429,,0.54,Non-Auction Ads,Promote
20230807,1773539134329890 ,US,,,1/1/00 0:00,,2.1373,,0.54,Non-Auction Ads,Promote
20230807,1773590142910460 ,US,,,1/1/00 0:00,,2.1372,,0.54,Non-Auction Ads,Promote
20230807,1773539376370720 ,GB,,,1/1/00 0:00,,2.1336,,0.54,Non-Auction Ads,Promote
20230807,1773510996128760 ,SA,,,1/1/00 0:00,,2.1327,,0.54,Non-Auction Ads,Promote
20230807,1773427731183610 ,SA,,,1/1/00 0:00,,2.1325,,0.54,Non-Auction Ads,Promote
20230807,1773607708134400 ,KR,,,1/1/00 0:00,,2.1273,,0.54,Non-Auction Ads,Promote
20230807,1773607677686780 ,KR,,,1/1/00 0:00,,2.1273,,0.54,Non-Auction Ads,Promote
20230807,1773532076256260 ,BR,,,1/1/00 0:00,,2.1234,,0.54,Non-Auction Ads,Promote
20230807,1773594351082500 ,BR,,,1/1/00 0:00,,2.1234,,0.54,Non-Auction Ads,Promote
20230807,1773541529203710 ,US,,,1/1/00 0:00,,2.1218,,0.54,Non-Auction Ads,Promote
20230807,1773554458706940 ,TH,,,1/1/00 0:00,,2.1203,,0.54,Non-Auction Ads,Promote
20230807,1773542089797630 ,TH,,,1/1/00 0:00,,2.1203,,0.54,Non-Auction Ads,Promote
20230807,1773573526362110 ,MY,,,1/1/00 0:00,,2.1185,,0.54,Non-Auction Ads,Promote
20230807,1773596951844860 ,MY,,,1/1/00 0:00,,2.1185,,0.54,Non-Auction Ads,Promote
20230807,1773596539645950 ,TH,,,1/1/00 0:00,,2.1151,,0.54,Non-Auction Ads,Promote
20230807,1773599942167580 ,PL,,,1/1/00 0:00,,2.1141,,0.54,Non-Auction Ads,Promote
20230807,1773602926621700 ,PL,,,1/1/00 0:00,,2.1141,,0.54,Non-Auction Ads,Promote
20230807,1773418580745210 ,SA,,,1/1/00 0:00,,2.114,,0.54,Non-Auction Ads,Promote
20230807,1773569743361020 ,RO,,,1/1/00 0:00,,2.1102,,0.54,Non-Auction Ads,Promote
20230807,1773591029766140 ,FR,,,1/1/00 0:00,,2.1032,,0.54,Non-Auction Ads,Promote
20230807,1773564568988670 ,SA,,,1/1/00 0:00,,2.0926,,0.54,Non-Auction Ads,Promote
20230807,1773543156860930 ,MY,,,1/1/00 0:00,,2.0887,,0.54,Non-Auction Ads,Promote
20230807,1773571586296830 ,BR,,,1/1/00 0:00,,2.0848,,0.54,Non-Auction Ads,Promote
20230807,1773522142980100 ,US,,,1/1/00 0:00,,2.0833,,0.54,Non-Auction Ads,Promote
20230807,1773546390001660 ,TH,,,1/1/00 0:00,,2.0828,,0.54,Non-Auction Ads,Promote
20230807,1773580713917440 ,DE,,,1/1/00 0:00,,2.0827,,0.54,Non-Auction Ads,Promote
20230807,1773526239987710 ,BR,,,1/1/00 0:00,,2.0778,,0.54,Non-Auction Ads,Promote
20230807,1773549547615230 ,TR,,,1/1/00 0:00,,2.0774,,0.54,Non-Auction Ads,Promote
20230807,1773606714689530 ,IL,,,1/1/00 0:00,,2.0757,,0.54,Non-Auction Ads,Promote
20230807,1773558199847940 ,US,,,1/1/00 0:00,,2.0739,,0.54,Non-Auction Ads,Promote
20230807,1773594082053120 ,US,,,1/1/00 0:00,,2.0734,,0.54,Non-Auction Ads,Promote
20230807,1773601487670270 ,US,,,1/1/00 0:00,,2.0638,,0.54,Non-Auction Ads,Promote
20230807,1773591673924610 ,US,,,1/1/00 0:00,,2.0638,,0.54,Non-Auction Ads,Promote
20230807,1773580901865490 ,US,,,1/1/00 0:00,,2.0638,,0.54,Non-Auction Ads,Promote
20230807,1773540550243330 ,US,,,1/1/00 0:00,,2.0638,,0.54,Non-Auction Ads,Promote
20230807,1773546287942650 ,TH,,,1/1/00 0:00,,2.0625,,0.54,Non-Auction Ads,Promote
20230807,1773607408845820 ,MY,,,1/1/00 0:00,,2.0591,,0.54,Non-Auction Ads,Promote
20230807,1773535736404990 ,US,,,1/1/00 0:00,,2.0579,,0.54,Non-Auction Ads,Promote
20230807,1773539686984700 ,US,,,1/1/00 0:00,,2.0579,,0.54,Non-Auction Ads,Promote
20230807,1773540896959490 ,US,,,1/1/00 0:00,,2.0579,,0.54,Non-Auction Ads,Promote
20230807,1773561896548350 ,ID,,,1/1/00 0:00,,2.0546,,0.54,Non-Auction Ads,Promote
20230807,1773526992541700 ,IT,,,1/1/00 0:00,,2.0524,,0.54,Non-Auction Ads,Promote
20230807,1773551837924350 ,MY,,,1/1/00 0:00,,2.0516,,0.54,Non-Auction Ads,Promote
20230807,1773557322129410 ,MY,,,1/1/00 0:00,,2.0516,,0.54,Non-Auction Ads,Promote
20230807,1773602996349950 ,SA,,,1/1/00 0:00,,2.051,,0.54,Non-Auction Ads,Promote
20230807,1773543689672700 ,MY,,,1/1/00 0:00,,2.0494,,0.54,Non-Auction Ads,Promote
20230807,1773557227471870 ,PL,,,1/1/00 0:00,,2.0424,,0.54,Non-Auction Ads,Promote
20230807,1773580764333120 ,SA,,,1/1/00 0:00,,2.0424,,0.54,Non-Auction Ads,Promote
20230807,1773476406074360 ,SA,,,1/1/00 0:00,,2.0419,,0.54,Non-Auction Ads,Promote
20230807,1773595922846720 ,SA,,,1/1/00 0:00,,2.0327,,0.54,Non-Auction Ads,Promote
20230807,1773537682426880 ,US,,,1/1/00 0:00,,2.0327,,0.54,Non-Auction Ads,Promote
20230807,1773563462342660 ,SE,,,1/1/00 0:00,,2.0314,,0.54,Non-Auction Ads,Promote
20230807,1773564588877840 ,SE,,,1/1/00 0:00,,2.0314,,0.54,Non-Auction Ads,Promote
20230807,1773552252186620 ,AU,,,1/1/00 0:00,,2.0288,,0.54,Non-Auction Ads,Promote
20230807,1773604968471550 ,GB,,,1/1/00 0:00,,2.0273,,0.54,Non-Auction Ads,Promote
20230807,1773549320543230 ,MY,,,1/1/00 0:00,,2.0267,,0.54,Non-Auction Ads,Promote
20230807,1773598837136390 ,IT,,,1/1/00 0:00,,2.0261,,0.54,Non-Auction Ads,Promote
20230807,1773572007406590 ,JP,,,1/1/00 0:00,,2.0198,,0.54,Non-Auction Ads,Promote
20230807,1773517826888700 ,SA,,,1/1/00 0:00,,2.009,,0.54,Non-Auction Ads,Promote
20230807,1773531767168000 ,SA,,,1/1/00 0:00,,2.009,,0.54,Non-Auction Ads,Promote
20230807,1773439609313280 ,SA,,,1/1/00 0:00,,2.009,,0.54,Non-Auction Ads,Promote
20230807,1773517778602040 ,SA,,,1/1/00 0:00,,2.009,,0.54,Non-Auction Ads,Promote
20230807,1773522472293370 ,SA,,,1/1/00 0:00,,2.009,,0.54,Non-Auction Ads,Promote
20230807,1773571855111170 ,US,,,1/1/00 0:00,,2,,0.54,Non-Auction Ads,Promote
20230807,1773592474616830 ,US,,,1/1/00 0:00,,2,,0.54,Non-Auction Ads,Promote
20230807,1773532349029380 ,US,,,1/1/00 0:00,,2,,0.54,Non-Auction Ads,Promote
20230807,1773584283842560 ,US,,,1/1/00 0:00,,2,,0.54,Non-Auction Ads,Promote
20230807,1773532349029380 ,US,,,1/1/00 0:00,,2,,0.54,Non-Auction Ads,Promote
20230807,1773522031315970 ,US,,,1/1/00 0:00,,2,,0.54,Non-Auction Ads,Promote
20230807,1773538492708860 ,US,,,1/1/00 0:00,,2,,0.54,Non-Auction Ads,Promote
20230807,1773532700248070 ,US,,,1/1/00 0:00,,2,,0.54,Non-Auction Ads,Promote
20230807,1773520072706050 ,US,,,1/1/00 0:00,,2,,0.54,Non-Auction Ads,Promote
20230807,1773597145120770 ,US,,,1/1/00 0:00,,2,,0.54,Non-Auction Ads,Promote
20230807,1773529359529990 ,US,,,1/1/00 0:00,,2,,0.54,Non-Auction Ads,Promote
20230807,1773529640909820 ,US,,,1/1/00 0:00,,2,,0.54,Non-Auction Ads,Promote
20230807,1773537929282560 ,CA,,,1/1/00 0:00,,1.996,,0.54,Non-Auction Ads,Promote
20230807,1773558404074500 ,IT,,,1/1/00 0:00,,1.9942,,0.54,Non-Auction Ads,Promote
20230807,1773492636523520 ,VN,,,1/1/00 0:00,,1.9928,,0.54,Non-Auction Ads,Promote
20230807,1773359036246010 ,SA,,,1/1/00 0:00,,1.9914,,0.54,Non-Auction Ads,Promote
20230807,1773575418694650 ,TR,,,1/1/00 0:00,,1.9896,,0.54,Non-Auction Ads,Promote
20230807,1773509150924800 ,VN,,,1/1/00 0:00,,1.985,,0.54,Non-Auction Ads,Promote
20230807,1773507301435390 ,VN,,,1/1/00 0:00,,1.985,,0.54,Non-Auction Ads,Promote
20230807,1773600173700110 ,US,,,1/1/00 0:00,,1.9793,,0.54,Non-Auction Ads,Promote
20230807,1773583358137340 ,SA,,,1/1/00 0:00,,1.9769,,0.54,Non-Auction Ads,Promote
20230807,1773477823570940 ,SA,,,1/1/00 0:00,,1.9769,,0.54,Non-Auction Ads,Promote
20230807,1773472462730240 ,SA,,,1/1/00 0:00,,1.9769,,0.54,Non-Auction Ads,Promote
20230807,1773472970255360 ,SA,,,1/1/00 0:00,,1.9769,,0.54,Non-Auction Ads,Promote
20230807,1773487411364860 ,SA,,,1/1/00 0:00,,1.9769,,0.54,Non-Auction Ads,Promote
20230807,1773524008161280 ,US,,,1/1/00 0:00,,1.9711,,0.54,Non-Auction Ads,Promote
20230807,1773477689304060 ,AE,,,1/1/00 0:00,,1.9686,,0.54,Non-Auction Ads,Promote
20230807,1773569335158780 ,SA,,,1/1/00 0:00,,1.9676,,0.54,Non-Auction Ads,Promote
20230807,1773565318312960 ,CA,,,1/1/00 0:00,,1.9669,,0.54,Non-Auction Ads,Promote
20230807,1773599328120830 ,MY,,,1/1/00 0:00,,1.9652,,0.54,Non-Auction Ads,Promote
20230807,1773579043568640 ,US,,,1/1/00 0:00,,1.9639,,0.54,Non-Auction Ads,Promote
20230807,1773572609427460 ,US,,,1/1/00 0:00,,1.9639,,0.54,Non-Auction Ads,Promote
20230807,1773610479318020 ,GB,,,1/1/00 0:00,,1.9638,,0.54,Non-Auction Ads,Promote
20230807,1773539215309820 ,TH,,,1/1/00 0:00,,1.9589,,0.54,Non-Auction Ads,Promote
20230807,1773542826184700 ,TH,,,1/1/00 0:00,,1.9589,,0.54,Non-Auction Ads,Promote
20230807,1773538776666170 ,TH,,,1/1/00 0:00,,1.9589,,0.54,Non-Auction Ads,Promote
20230807,1773537500420090 ,TH,,,1/1/00 0:00,,1.9589,,0.54,Non-Auction Ads,Promote
20230807,1773539696771070 ,TH,,,1/1/00 0:00,,1.9589,,0.54,Non-Auction Ads,Promote
20230807,1773523036860420 ,US,,,1/1/00 0:00,,1.9579,,0.54,Non-Auction Ads,Promote
20230807,1773520519910400 ,US,,,1/1/00 0:00,,1.9567,,0.54,Non-Auction Ads,Promote
20230807,1773584022046790 ,US,,,1/1/00 0:00,,1.9557,,0.54,Non-Auction Ads,Promote
20230807,1773603868364800 ,SA,,,1/1/00 0:00,,1.9551,,0.54,Non-Auction Ads,Promote
20230807,1773485625772030 ,SA,,,1/1/00 0:00,,1.9551,,0.54,Non-Auction Ads,Promote
20230807,1773592732898300 ,SA,,,1/1/00 0:00,,1.9551,,0.54,Non-Auction Ads,Promote
20230807,1773598578498560 ,SA,,,1/1/00 0:00,,1.9551,,0.54,Non-Auction Ads,Promote
20230807,1773572954235900 ,SA,,,1/1/00 0:00,,1.9551,,0.54,Non-Auction Ads,Promote
20230807,1773573007549440 ,DE,,,1/1/00 0:00,,1.9529,,0.54,Non-Auction Ads,Promote
20230807,1773496486550520 ,SA,,,1/1/00 0:00,,1.9478,,0.54,Non-Auction Ads,Promote
20230807,1773496457065470 ,SA,,,1/1/00 0:00,,1.9478,,0.54,Non-Auction Ads,Promote
20230807,1773604128256000 ,SA,,,1/1/00 0:00,,1.9478,,0.54,Non-Auction Ads,Promote
20230807,1773592364300290 ,SA,,,1/1/00 0:00,,1.9478,,0.54,Non-Auction Ads,Promote
20230807,1773572730207230 ,US,,,1/1/00 0:00,,1.9442,,0.54,Non-Auction Ads,Promote
20230807,1773570275062780 ,US,,,1/1/00 0:00,,1.9442,,0.54,Non-Auction Ads,Promote
20230807,1773572874633220 ,US,,,1/1/00 0:00,,1.9442,,0.54,Non-Auction Ads,Promote
20230807,1773419680512000 ,SA,,,1/1/00 0:00,,1.9425,,0.54,Non-Auction Ads,Promote
20230807,1773603721661440 ,SA,,,1/1/00 0:00,,1.9425,,0.54,Non-Auction Ads,Promote
20230807,1773547523700730 ,ID,,,1/1/00 0:00,,1.936,,0.54,Non-Auction Ads,Promote
20230807,1773598896408590 ,BR,,,1/1/00 0:00,,1.9348,,0.54,Non-Auction Ads,Promote
20230807,1773605708451840 ,BR,,,1/1/00 0:00,,1.9348,,0.54,Non-Auction Ads,Promote
20230807,1773579469474820 ,GB,,,1/1/00 0:00,,1.9317,,0.54,Non-Auction Ads,Promote
20230807,1773593327684610 ,US,,,1/1/00 0:00,,1.9302,,0.54,Non-Auction Ads,Promote
20230807,1773593235976190 ,US,,,1/1/00 0:00,,1.9302,,0.54,Non-Auction Ads,Promote
20230807,1773595765905410 ,US,,,1/1/00 0:00,,1.9267,,0.54,Non-Auction Ads,Promote
20230807,1773577411982340 ,US,,,1/1/00 0:00,,1.9256,,0.54,Non-Auction Ads,Promote
20230807,1773594322533390 ,US,,,1/1/00 0:00,,1.9256,,0.54,Non-Auction Ads,Promote
20230807,1773589634823170 ,US,,,1/1/00 0:00,,1.9256,,0.54,Non-Auction Ads,Promote
20230807,1773596827250690 ,GB,,,1/1/00 0:00,,1.9234,,0.54,Non-Auction Ads,Promote
20230807,1773527819813890 ,US,,,1/1/00 0:00,,1.9231,,0.54,Non-Auction Ads,Promote
20230807,1773574626010110 ,GB,,,1/1/00 0:00,,1.9222,,0.54,Non-Auction Ads,Promote
20230807,1773597633927170 ,GB,,,1/1/00 0:00,,1.9217,,0.54,Non-Auction Ads,Promote
20230807,1773598479946750 ,GB,,,1/1/00 0:00,,1.9217,,0.54,Non-Auction Ads,Promote
20230807,1773595772761120 ,GB,,,1/1/00 0:00,,1.9217,,0.54,Non-Auction Ads,Promote
20230807,1773525108876290 ,HU,,,1/1/00 0:00,,1.9185,,0.54,Non-Auction Ads,Promote
20230807,1773593146193920 ,BE,,,1/1/00 0:00,,1.9181,,0.54,Non-Auction Ads,Promote
20230807,1773560502193150 ,FR,,,1/1/00 0:00,,1.9168,,0.54,Non-Auction Ads,Promote
20230807,1773607753921540 ,GB,,,1/1/00 0:00,,1.9164,,0.54,Non-Auction Ads,Promote
20230807,1773543437042690 ,SA,,,1/1/00 0:00,,1.9159,,0.54,Non-Auction Ads,Promote
20230807,1773587800964110 ,GB,,,1/1/00 0:00,,1.9137,,0.54,Non-Auction Ads,Promote
20230807,1773586865949700 ,GB,,,1/1/00 0:00,,1.9137,,0.54,Non-Auction Ads,Promote
20230807,1773587427142670 ,GB,,,1/1/00 0:00,,1.9137,,0.54,Non-Auction Ads,Promote
20230807,1773605968118780 ,GB,,,1/1/00 0:00,,1.913,,0.54,Non-Auction Ads,Promote
20230807,1773485211964430 ,VN,,,1/1/00 0:00,,1.9118,,0.54,Non-Auction Ads,Promote
20230807,1773569250430980 ,TH,,,1/1/00 0:00,,1.9107,,0.54,Non-Auction Ads,Promote
20230807,1773616481865730 ,TH,,,1/1/00 0:00,,1.9107,,0.54,Non-Auction Ads,Promote
20230807,1773616080601090 ,TH,,,1/1/00 0:00,,1.9107,,0.54,Non-Auction Ads,Promote
20230807,1773589504219140 ,US,,,1/1/00 0:00,,1.9078,,0.54,Non-Auction Ads,Promote
20230807,1773588540689410 ,SA,,,1/1/00 0:00,,1.9068,,0.54,Non-Auction Ads,Promote
20230807,1773517039164410 ,SA,,,1/1/00 0:00,,1.9068,,0.54,Non-Auction Ads,Promote
20230807,1773595479435330 ,DE,,,1/1/00 0:00,,1.9061,,0.54,Non-Auction Ads,Promote
20230807,1773583797434360 ,JP,,,1/1/00 0:00,,1.9036,,0.54,Non-Auction Ads,Promote
20230807,1773562345108480 ,BR,,,1/1/00 0:00,,1.9025,,0.54,Non-Auction Ads,Promote
20230807,1773565171407870 ,BR,,,1/1/00 0:00,,1.9025,,0.54,Non-Auction Ads,Promote
20230807,1773570356493380 ,BR,,,1/1/00 0:00,,1.9025,,0.54,Non-Auction Ads,Promote
20230807,1773587658603520 ,BR,,,1/1/00 0:00,,1.9025,,0.54,Non-Auction Ads,Promote
20230807,1773584061675520 ,US,,,1/1/00 0:00,,1.9,,0.54,Non-Auction Ads,Promote
20230807,1773537097843710 ,US,,,1/1/00 0:00,,1.9,,0.54,Non-Auction Ads,Promote
20230807,1773526243496960 ,US,,,1/1/00 0:00,,1.9,,0.54,Non-Auction Ads,Promote
20230807,1773360842381310 ,SA,,,1/1/00 0:00,,1.8997,,0.54,Non-Auction Ads,Promote
20230807,1773492993035260 ,SA,,,1/1/00 0:00,,1.8992,,0.54,Non-Auction Ads,Promote
20230807,1773602420691960 ,SA,,,1/1/00 0:00,,1.8992,,0.54,Non-Auction Ads,Promote
20230807,1773578209327100 ,SA,,,1/1/00 0:00,,1.8992,,0.54,Non-Auction Ads,Promote
20230807,1773583057148930 ,BR,,,1/1/00 0:00,,1.8979,,0.54,Non-Auction Ads,Promote
20230807,1773580687645700 ,BR,,,1/1/00 0:00,,1.8979,,0.54,Non-Auction Ads,Promote
20230807,1773526681380860 ,TR,,,1/1/00 0:00,,1.8954,,0.54,Non-Auction Ads,Promote
20230807,1773566992178170 ,TR,,,1/1/00 0:00,,1.8954,,0.54,Non-Auction Ads,Promote
20230807,1773538154622980 ,US,,,1/1/00 0:00,,1.895,,0.54,Non-Auction Ads,Promote
20230807,1773546165996540 ,US,,,1/1/00 0:00,,1.8904,,0.54,Non-Auction Ads,Promote
20230807,1773547769492480 ,TH,,,1/1/00 0:00,,1.8898,,0.54,Non-Auction Ads,Promote
20230807,1773578012259320 ,MY,,,1/1/00 0:00,,1.8878,,0.54,Non-Auction Ads,Promote
20230807,1773595720124420 ,ES,,,1/1/00 0:00,,1.8859,,0.54,Non-Auction Ads,Promote
20230807,1773467501073410 ,VN,,,1/1/00 0:00,,1.8853,,0.54,Non-Auction Ads,Promote
20230807,1773483595436030 ,SA,,,1/1/00 0:00,,1.8836,,0.54,Non-Auction Ads,Promote
20230807,1773530186767360 ,TH,,,1/1/00 0:00,,1.8833,,0.54,Non-Auction Ads,Promote
20230807,1773526017203200 ,CA,,,1/1/00 0:00,,1.8798,,0.54,Non-Auction Ads,Promote
20230807,1773522965049340 ,TR,,,1/1/00 0:00,,1.8784,,0.54,Non-Auction Ads,Promote
20230807,1773598277580800 ,BR,,,1/1/00 0:00,,1.8754,,0.54,Non-Auction Ads,Promote
20230807,1773551326937090 ,US,,,1/1/00 0:00,,1.875,,0.54,Non-Auction Ads,Promote
20230807,1773556911538180 ,US,,,1/1/00 0:00,,1.875,,0.54,Non-Auction Ads,Promote
20230807,1773598833757180 ,US,,,1/1/00 0:00,,1.875,,0.54,Non-Auction Ads,Promote
20230807,1773551384611840 ,US,,,1/1/00 0:00,,1.875,,0.54,Non-Auction Ads,Promote
20230807,1773546874150910 ,TH,,,1/1/00 0:00,,1.8713,,0.54,Non-Auction Ads,Promote
20230807,1773543326375940 ,GB,,,1/1/00 0:00,,1.8695,,0.54,Non-Auction Ads,Promote
20230807,1773521475603450 ,KW,,,1/1/00 0:00,,1.8694,,0.54,Non-Auction Ads,Promote
20230807,1773595054789630 ,BR,,,1/1/00 0:00,,1.8635,,0.54,Non-Auction Ads,Promote
20230807,1773571668601860 ,BR,,,1/1/00 0:00,,1.8576,,0.54,Non-Auction Ads,Promote
20230807,1773591229739010 ,US,,,1/1/00 0:00,,1.8575,,0.54,Non-Auction Ads,Promote
20230807,1773457266845690 ,VN,,,1/1/00 0:00,,1.8554,,0.54,Non-Auction Ads,Promote
20230807,1773457028310010 ,VN,,,1/1/00 0:00,,1.8554,,0.54,Non-Auction Ads,Promote
20230807,1773545818720250 ,VN,,,1/1/00 0:00,,1.8541,,0.54,Non-Auction Ads,Promote
20230807,1773539730979840 ,TH,,,1/1/00 0:00,,1.8505,,0.54,Non-Auction Ads,Promote
20230807,1773565274112000 ,BR,,,1/1/00 0:00,,1.8489,,0.54,Non-Auction Ads,Promote
20230807,1773565929841670 ,BR,,,1/1/00 0:00,,1.8489,,0.54,Non-Auction Ads,Promote
20230807,1773606551492640 ,ES,,,1/1/00 0:00,,1.8458,,0.54,Non-Auction Ads,Promote
20230807,1773584929945660 ,NL,,,1/1/00 0:00,,1.8457,,0.54,Non-Auction Ads,Promote
20230807,1773552675525630 ,TH,,,1/1/00 0:00,,1.8454,,0.54,Non-Auction Ads,Promote
20230807,1773563571558400 ,TH,,,1/1/00 0:00,,1.8454,,0.54,Non-Auction Ads,Promote
20230807,1773552675525630 ,TH,,,1/1/00 0:00,,1.8454,,0.54,Non-Auction Ads,Promote
20230807,1773608362844160 ,NL,,,1/1/00 0:00,,1.8451,,0.54,Non-Auction Ads,Promote
20230807,1773554112771070 ,US,,,1/1/00 0:00,,1.8425,,0.54,Non-Auction Ads,Promote
20230807,1773531903737860 ,US,,,1/1/00 0:00,,1.8424,,0.54,Non-Auction Ads,Promote
20230807,1773531568659460 ,US,,,1/1/00 0:00,,1.8424,,0.54,Non-Auction Ads,Promote
20230807,1773542028220410 ,ID,,,1/1/00 0:00,,1.8408,,0.54,Non-Auction Ads,Promote
20230807,1773610529770560 ,IT,,,1/1/00 0:00,,1.8399,,0.54,Non-Auction Ads,Promote
20230807,1773604342517760 ,FR,,,1/1/00 0:00,,1.8392,,0.54,Non-Auction Ads,Promote
20230807,1773588914367510 ,US,,,1/1/00 0:00,,1.8385,,0.54,Non-Auction Ads,Promote
20230807,1773595851935740 ,SA,,,1/1/00 0:00,,1.83,,0.54,Non-Auction Ads,Promote
20230807,1773565824694310 ,US,,,1/1/00 0:00,,1.83,,0.54,Non-Auction Ads,Promote
20230807,1773558447008760 ,AE,,,1/1/00 0:00,,1.828,,0.54,Non-Auction Ads,Promote
20230807,1773522797595650 ,US,,,1/1/00 0:00,,1.8247,,0.54,Non-Auction Ads,Promote
20230807,1773550291749880 ,TH,,,1/1/00 0:00,,1.8237,,0.54,Non-Auction Ads,Promote
20230807,1773615076102150 ,IT,,,1/1/00 0:00,,1.8235,,0.54,Non-Auction Ads,Promote
20230807,1773590710818820 ,BR,,,1/1/00 0:00,,1.8205,,0.54,Non-Auction Ads,Promote
20230807,1773573488894990 ,BR,,,1/1/00 0:00,,1.8205,,0.54,Non-Auction Ads,Promote
20230807,1773590629241860 ,BR,,,1/1/00 0:00,,1.8205,,0.54,Non-Auction Ads,Promote
20230807,1773573299207170 ,BR,,,1/1/00 0:00,,1.8205,,0.54,Non-Auction Ads,Promote
20230807,1773605532952580 ,BR,,,1/1/00 0:00,,1.8205,,0.54,Non-Auction Ads,Promote
20230807,1773529949898750 ,US,,,1/1/00 0:00,,1.8182,,0.54,Non-Auction Ads,Promote
20230807,1773575521107970 ,US,,,1/1/00 0:00,,1.8182,,0.54,Non-Auction Ads,Promote
20230807,1773531394569220 ,US,,,1/1/00 0:00,,1.8182,,0.54,Non-Auction Ads,Promote
20230807,1773521944016900 ,US,,,1/1/00 0:00,,1.8182,,0.54,Non-Auction Ads,Promote
20230807,1773550870429750 ,US,,,1/1/00 0:00,,1.8171,,0.54,Non-Auction Ads,Promote
20230807,1773561801780230 ,FR,,,1/1/00 0:00,,1.8168,,0.54,Non-Auction Ads,Promote
20230807,1773588252847100 ,TR,,,1/1/00 0:00,,1.8077,,0.54,Non-Auction Ads,Promote
20230807,1773592269786110 ,TR,,,1/1/00 0:00,,1.8077,,0.54,Non-Auction Ads,Promote
20230807,1773588545002490 ,TR,,,1/1/00 0:00,,1.8077,,0.54,Non-Auction Ads,Promote
20230807,1773613004666880 ,ID,,,1/1/00 0:00,,1.8046,,0.54,Non-Auction Ads,Promote
20230807,1773472583960570 ,SA,,,1/1/00 0:00,,1.7929,,0.54,Non-Auction Ads,Promote
20230807,1773516053438460 ,SA,,,1/1/00 0:00,,1.7929,,0.54,Non-Auction Ads,Promote
20230807,1773472576933890 ,SA,,,1/1/00 0:00,,1.7929,,0.54,Non-Auction Ads,Promote
20230807,1773419678556160 ,SA,,,1/1/00 0:00,,1.7929,,0.54,Non-Auction Ads,Promote
20230807,1773608527496190 ,SA,,,1/1/00 0:00,,1.7913,,0.54,Non-Auction Ads,Promote
20230807,1773513899524090 ,SA,,,1/1/00 0:00,,1.7888,,0.54,Non-Auction Ads,Promote
20230807,1773568900330490 ,SA,,,1/1/00 0:00,,1.787,,0.54,Non-Auction Ads,Promote
20230807,1773370440614910 ,SA,,,1/1/00 0:00,,1.787,,0.54,Non-Auction Ads,Promote
20230807,1773549903497210 ,JP,,,1/1/00 0:00,,1.787,,0.54,Non-Auction Ads,Promote
20230807,1773522912188450 ,US,,,1/1/00 0:00,,1.7857,,0.54,Non-Auction Ads,Promote
20230807,1773576379524100 ,FR,,,1/1/00 0:00,,1.7838,,0.54,Non-Auction Ads,Promote
20230807,1773600254455810 ,FR,,,1/1/00 0:00,,1.7838,,0.54,Non-Auction Ads,Promote
20230807,1773600254455810 ,FR,,,1/1/00 0:00,,1.7838,,0.54,Non-Auction Ads,Promote
20230807,1773545551113220 ,BR,,,1/1/00 0:00,,1.7822,,0.54,Non-Auction Ads,Promote
20230807,1773530686462980 ,BR,,,1/1/00 0:00,,1.7822,,0.54,Non-Auction Ads,Promote
20230807,1773542609691710 ,TH,,,1/1/00 0:00,,1.7815,,0.54,Non-Auction Ads,Promote
20230807,1773505130078210 ,SA,,,1/1/00 0:00,,1.7814,,0.54,Non-Auction Ads,Promote
20230807,1773468326208510 ,VN,,,1/1/00 0:00,,1.7803,,0.54,Non-Auction Ads,Promote
20230807,1773468621389820 ,VN,,,1/1/00 0:00,,1.7803,,0.54,Non-Auction Ads,Promote
20230807,1773542234991620 ,TH,,,1/1/00 0:00,,1.7802,,0.54,Non-Auction Ads,Promote
20230807,1773541910875140 ,TH,,,1/1/00 0:00,,1.7802,,0.54,Non-Auction Ads,Promote
20230807,1773605271503870 ,BR,,,1/1/00 0:00,,1.7788,,0.54,Non-Auction Ads,Promote
20230807,1773381390831610 ,SA,,,1/1/00 0:00,,1.777,,0.54,Non-Auction Ads,Promote
20230807,1773490078428160 ,VN,,,1/1/00 0:00,,1.774,,0.54,Non-Auction Ads,Promote
20230807,1773543681863680 ,VN,,,1/1/00 0:00,,1.7714,,0.54,Non-Auction Ads,Promote
20230807,1773547570280510 ,VN,,,1/1/00 0:00,,1.7709,,0.54,Non-Auction Ads,Promote
20230807,1773428388065280 ,SA,,,1/1/00 0:00,,1.7706,,0.54,Non-Auction Ads,Promote
20230807,1773496959906810 ,AE,,,1/1/00 0:00,,1.7684,,0.54,Non-Auction Ads,Promote
20230807,1773531883096060 ,US,,,1/1/00 0:00,,1.7683,,0.54,Non-Auction Ads,Promote
20230807,1773583923724290 ,TH,,,1/1/00 0:00,,1.7659,,0.54,Non-Auction Ads,Promote
20230807,1773588727938050 ,CA,,,1/1/00 0:00,,1.7631,,0.54,Non-Auction Ads,Promote
20230807,1773545899239420 ,ID,,,1/1/00 0:00,,1.763,,0.54,Non-Auction Ads,Promote
20230807,1773468178250750 ,SA,,,1/1/00 0:00,,1.7592,,0.54,Non-Auction Ads,Promote
20230807,1773586856515590 ,IT,,,1/1/00 0:00,,1.7588,,0.54,Non-Auction Ads,Promote
20230807,1773597460005890 ,TH,,,1/1/00 0:00,,1.7575,,0.54,Non-Auction Ads,Promote
20230807,1773577465513990 ,IT,,,1/1/00 0:00,,1.7565,,0.54,Non-Auction Ads,Promote
20230807,1773566249408510 ,MY,,,1/1/00 0:00,,1.7562,,0.54,Non-Auction Ads,Promote
20230807,1773590236200960 ,SA,,,1/1/00 0:00,,1.7559,,0.54,Non-Auction Ads,Promote
20230807,1773606942400510 ,SA,,,1/1/00 0:00,,1.7559,,0.54,Non-Auction Ads,Promote
20230807,1773592880117760 ,SA,,,1/1/00 0:00,,1.7559,,0.54,Non-Auction Ads,Promote
20230807,1773588670036990 ,SA,,,1/1/00 0:00,,1.7559,,0.54,Non-Auction Ads,Promote
20230807,1773445811240960 ,SA,,,1/1/00 0:00,,1.7525,,0.54,Non-Auction Ads,Promote
20230807,1773459665852410 ,VN,,,1/1/00 0:00,,1.7522,,0.54,Non-Auction Ads,Promote
20230807,1773458610007040 ,VN,,,1/1/00 0:00,,1.7522,,0.54,Non-Auction Ads,Promote
20230807,1773546880021500 ,VN,,,1/1/00 0:00,,1.7522,,0.54,Non-Auction Ads,Promote
20230807,1773597273622530 ,GB,,,1/1/00 0:00,,1.7504,,0.54,Non-Auction Ads,Promote
20230807,1773598365792260 ,US,,,1/1/00 0:00,,1.7491,,0.54,Non-Auction Ads,Promote
20230807,1773563991621690 ,ID,,,1/1/00 0:00,,1.7482,,0.54,Non-Auction Ads,Promote
20230807,1773550674256890 ,ID,,,1/1/00 0:00,,1.7482,,0.54,Non-Auction Ads,Promote
20230807,1773550180571130 ,ID,,,1/1/00 0:00,,1.7482,,0.54,Non-Auction Ads,Promote
20230807,1773561836955650 ,ID,,,1/1/00 0:00,,1.7482,,0.54,Non-Auction Ads,Promote
20230807,1773537659039790 ,TH,,,1/1/00 0:00,,1.7462,,0.54,Non-Auction Ads,Promote
20230807,1773487905163270 ,US,,,1/1/00 0:00,,1.7442,,0.54,Non-Auction Ads,Promote
20230807,1773577588091910 ,BR,,,1/1/00 0:00,,1.7435,,0.54,Non-Auction Ads,Promote
20230807,1773562278861830 ,BR,,,1/1/00 0:00,,1.7435,,0.54,Non-Auction Ads,Promote
20230807,1773579431537670 ,BR,,,1/1/00 0:00,,1.7435,,0.54,Non-Auction Ads,Promote
20230807,1773562678244350 ,KW,,,1/1/00 0:00,,1.7425,,0.54,Non-Auction Ads,Promote
20230807,1773599215190010 ,KW,,,1/1/00 0:00,,1.7425,,0.54,Non-Auction Ads,Promote
20230807,1773587184978950 ,BR,,,1/1/00 0:00,,1.7311,,0.54,Non-Auction Ads,Promote
20230807,1773528962898940 ,BR,,,1/1/00 0:00,,1.7311,,0.54,Non-Auction Ads,Promote
20230807,1773568788806660 ,US,,,1/1/00 0:00,,1.7289,,0.54,Non-Auction Ads,Promote
20230807,1773610462283780 ,IT,,,1/1/00 0:00,,1.7213,,0.54,Non-Auction Ads,Promote
20230807,1773569106668540 ,GB,,,1/1/00 0:00,,1.7207,,0.54,Non-Auction Ads,Promote
20230807,1773523269620740 ,BR,,,1/1/00 0:00,,1.7207,,0.54,Non-Auction Ads,Promote
20230807,1773480356823040 ,VN,,,1/1/00 0:00,,1.7194,,0.54,Non-Auction Ads,Promote
20230807,1773593492027390 ,TH,,,1/1/00 0:00,,1.7158,,0.54,Non-Auction Ads,Promote
20230807,1773588855504900 ,ES,,,1/1/00 0:00,,1.7148,,0.54,Non-Auction Ads,Promote
20230807,1773478096002040 ,VN,,,1/1/00 0:00,,1.7107,,0.54,Non-Auction Ads,Promote
20230807,1773562582228990 ,BR,,,1/1/00 0:00,,1.7104,,0.54,Non-Auction Ads,Promote
20230807,1773527201070080 ,BR,,,1/1/00 0:00,,1.7104,,0.54,Non-Auction Ads,Promote
20230807,1773560870961150 ,BR,,,1/1/00 0:00,,1.7104,,0.54,Non-Auction Ads,Promote
20230807,1773527235236860 ,BR,,,1/1/00 0:00,,1.7104,,0.54,Non-Auction Ads,Promote
20230807,1773560662897710 ,BR,,,1/1/00 0:00,,1.7104,,0.54,Non-Auction Ads,Promote
20230807,1773601902853120 ,TH,,,1/1/00 0:00,,1.7089,,0.54,Non-Auction Ads,Promote
20230807,1773603433569280 ,TH,,,1/1/00 0:00,,1.7089,,0.54,Non-Auction Ads,Promote
20230807,1773604071397380 ,TH,,,1/1/00 0:00,,1.7089,,0.54,Non-Auction Ads,Promote
20230807,1773602703833090 ,TH,,,1/1/00 0:00,,1.7089,,0.54,Non-Auction Ads,Promote
20230807,1773601344673790 ,TH,,,1/1/00 0:00,,1.7089,,0.54,Non-Auction Ads,Promote
20230807,1773557349113860 ,IT,,,1/1/00 0:00,,1.7048,,0.54,Non-Auction Ads,Promote
20230807,1773550793493500 ,VN,,,1/1/00 0:00,,1.7044,,0.54,Non-Auction Ads,Promote
20230807,1773556580700160 ,TH,,,1/1/00 0:00,,1.7028,,0.54,Non-Auction Ads,Promote
20230807,1773556605022210 ,TH,,,1/1/00 0:00,,1.7028,,0.54,Non-Auction Ads,Promote
20230807,1773556959753220 ,TH,,,1/1/00 0:00,,1.7028,,0.54,Non-Auction Ads,Promote
20230807,1773556316943360 ,TH,,,1/1/00 0:00,,1.7028,,0.54,Non-Auction Ads,Promote
20230807,1773587194215430 ,FR,,,1/1/00 0:00,,1.7004,,0.54,Non-Auction Ads,Promote
20230807,1773501457986560 ,US,,,1/1/00 0:00,,1.7,,0.54,Non-Auction Ads,Promote
20230807,1773537613714430 ,TH,,,1/1/00 0:00,,1.6996,,0.54,Non-Auction Ads,Promote
20230807,1773537966855170 ,TH,,,1/1/00 0:00,,1.6969,,0.54,Non-Auction Ads,Promote
20230807,1773431791938560 ,SA,,,1/1/00 0:00,,1.6966,,0.54,Non-Auction Ads,Promote
20230807,1773547026331650 ,MY,,,1/1/00 0:00,,1.6931,,0.54,Non-Auction Ads,Promote
20230807,1773598731439110 ,PL,,,1/1/00 0:00,,1.6925,,0.54,Non-Auction Ads,Promote
20230807,1773598299663360 ,PL,,,1/1/00 0:00,,1.6925,,0.54,Non-Auction Ads,Promote
20230807,1773575009033230 ,BR,,,1/1/00 0:00,,1.688,,0.54,Non-Auction Ads,Promote
20230807,1773523954000900 ,BR,,,1/1/00 0:00,,1.6879,,0.54,Non-Auction Ads,Promote
20230807,1773575212635130 ,SA,,,1/1/00 0:00,,1.6868,,0.54,Non-Auction Ads,Promote
20230807,1773544553869310 ,SA,,,1/1/00 0:00,,1.6854,,0.54,Non-Auction Ads,Promote
20230807,1773523362209790 ,US,,,1/1/00 0:00,,1.685,,0.54,Non-Auction Ads,Promote
20230807,1773602192515070 ,FR,,,1/1/00 0:00,,1.684,,0.54,Non-Auction Ads,Promote
20230807,1773430382131200 ,SA,,,1/1/00 0:00,,1.6833,,0.54,Non-Auction Ads,Promote
20230807,1773540091577380 ,BR,,,1/1/00 0:00,,1.6832,,0.54,Non-Auction Ads,Promote
20230807,1773542193104900 ,TH,,,1/1/00 0:00,,1.6826,,0.54,Non-Auction Ads,Promote
20230807,1773529777412090 ,SA,,,1/1/00 0:00,,1.6785,,0.54,Non-Auction Ads,Promote
20230807,1773583443339260 ,MY,,,1/1/00 0:00,,1.6704,,0.54,Non-Auction Ads,Promote
20230807,1773608133740540 ,DE,,,1/1/00 0:00,,1.6693,,0.54,Non-Auction Ads,Promote
20230807,1773577778413590 ,US,,,1/1/00 0:00,,1.6667,,0.54,Non-Auction Ads,Promote
20230807,1773534937803780 ,US,,,1/1/00 0:00,,1.6667,,0.54,Non-Auction Ads,Promote
20230807,1773597849943040 ,US,,,1/1/00 0:00,,1.6667,,0.54,Non-Auction Ads,Promote
20230807,1773522698864640 ,US,,,1/1/00 0:00,,1.6667,,0.54,Non-Auction Ads,Promote
20230807,1773586894860290 ,US,,,1/1/00 0:00,,1.6667,,0.54,Non-Auction Ads,Promote
20230807,1773542649483280 ,US,,,1/1/00 0:00,,1.6667,,0.54,Non-Auction Ads,Promote
20230807,1773542649483280 ,US,,,1/1/00 0:00,,1.6667,,0.54,Non-Auction Ads,Promote
20230807,1773542960276480 ,US,,,1/1/00 0:00,,1.6667,,0.54,Non-Auction Ads,Promote
20230807,1773535063991300 ,US,,,1/1/00 0:00,,1.6667,,0.54,Non-Auction Ads,Promote
20230807,1773523879137300 ,US,,,1/1/00 0:00,,1.6667,,0.54,Non-Auction Ads,Promote
20230807,1773522627980290 ,US,,,1/1/00 0:00,,1.6667,,0.54,Non-Auction Ads,Promote
20230807,1773600428567550 ,US,,,1/1/00 0:00,,1.6667,,0.54,Non-Auction Ads,Promote
20230807,1773548748240900 ,US,,,1/1/00 0:00,,1.6667,,0.54,Non-Auction Ads,Promote
20230807,1773523905557500 ,US,,,1/1/00 0:00,,1.6667,,0.54,Non-Auction Ads,Promote
20230807,1773558344378370 ,US,,,1/1/00 0:00,,1.6667,,0.54,Non-Auction Ads,Promote
20230807,1773470494445560 ,SA,,,1/1/00 0:00,,1.6635,,0.54,Non-Auction Ads,Promote
20230807,1773537099401210 ,SA,,,1/1/00 0:00,,1.6635,,0.54,Non-Auction Ads,Promote
20230807,1773523804798980 ,US,,,1/1/00 0:00,,1.6633,,0.54,Non-Auction Ads,Promote
20230807,1773579780344830 ,GB,,,1/1/00 0:00,,1.6621,,0.54,Non-Auction Ads,Promote
20230807,1773576523554820 ,GB,,,1/1/00 0:00,,1.6621,,0.54,Non-Auction Ads,Promote
20230807,1773587121061890 ,GB,,,1/1/00 0:00,,1.6621,,0.54,Non-Auction Ads,Promote
20230807,1773577219532800 ,GB,,,1/1/00 0:00,,1.6621,,0.54,Non-Auction Ads,Promote
20230807,1773576454351900 ,GB,,,1/1/00 0:00,,1.6621,,0.54,Non-Auction Ads,Promote
20230807,1773581519365120 ,GB,,,1/1/00 0:00,,1.6621,,0.54,Non-Auction Ads,Promote
20230807,1773577609617440 ,GB,,,1/1/00 0:00,,1.6621,,0.54,Non-Auction Ads,Promote
20230807,1773575887634430 ,GB,,,1/1/00 0:00,,1.6621,,0.54,Non-Auction Ads,Promote
20230807,1773577297049600 ,GB,,,1/1/00 0:00,,1.6621,,0.54,Non-Auction Ads,Promote
20230807,1773582606375940 ,GB,,,1/1/00 0:00,,1.6621,,0.54,Non-Auction Ads,Promote
20230807,1773577924502540 ,GB,,,1/1/00 0:00,,1.6621,,0.54,Non-Auction Ads,Promote
20230807,1773580630409220 ,GB,,,1/1/00 0:00,,1.6621,,0.54,Non-Auction Ads,Promote
20230807,1773575861557250 ,GB,,,1/1/00 0:00,,1.6621,,0.54,Non-Auction Ads,Promote
20230807,1773582786123780 ,GB,,,1/1/00 0:00,,1.6621,,0.54,Non-Auction Ads,Promote
20230807,1773575404817410 ,GB,,,1/1/00 0:00,,1.6621,,0.54,Non-Auction Ads,Promote
20230807,1773555587556350 ,AE,,,1/1/00 0:00,,1.6612,,0.54,Non-Auction Ads,Promote
20230807,1773563952357370 ,MY,,,1/1/00 0:00,,1.6603,,0.54,Non-Auction Ads,Promote
20230807,1773532747550720 ,US,,,1/1/00 0:00,,1.66,,0.54,Non-Auction Ads,Promote
20230807,1773546671266810 ,TH,,,1/1/00 0:00,,1.6598,,0.54,Non-Auction Ads,Promote
20230807,1773552456045560 ,TH,,,1/1/00 0:00,,1.6598,,0.54,Non-Auction Ads,Promote
20230807,1773568807010300 ,SA,,,1/1/00 0:00,,1.6593,,0.54,Non-Auction Ads,Promote
20230807,1773471866947580 ,SA,,,1/1/00 0:00,,1.6593,,0.54,Non-Auction Ads,Promote
20230807,1773582706186240 ,SA,,,1/1/00 0:00,,1.6593,,0.54,Non-Auction Ads,Promote
20230807,1773565117095940 ,PL,,,1/1/00 0:00,,1.6572,,0.54,Non-Auction Ads,Promote
20230807,1773566429863940 ,PL,,,1/1/00 0:00,,1.6572,,0.54,Non-Auction Ads,Promote
20230807,1773541477452800 ,ID,,,1/1/00 0:00,,1.6566,,0.54,Non-Auction Ads,Promote
20230807,1773570707599360 ,US,,,1/1/00 0:00,,1.6559,,0.54,Non-Auction Ads,Promote
20230807,1773585166587910 ,US,,,1/1/00 0:00,,1.6559,,0.54,Non-Auction Ads,Promote
20230807,1773521103335420 ,KW,,,1/1/00 0:00,,1.6545,,0.54,Non-Auction Ads,Promote
20230807,1773541077415930 ,MY,,,1/1/00 0:00,,1.6538,,0.54,Non-Auction Ads,Promote
20230807,1773572794547200 ,TH,,,1/1/00 0:00,,1.6517,,0.54,Non-Auction Ads,Promote
20230807,1773610566285310 ,ES,,,1/1/00 0:00,,1.6515,,0.54,Non-Auction Ads,Promote
20230807,1773553505781760 ,TH,,,1/1/00 0:00,,1.6514,,0.54,Non-Auction Ads,Promote
20230807,1773526436842500 ,US,,,1/1/00 0:00,,1.6464,,0.54,Non-Auction Ads,Promote
20230807,1773540272791550 ,PL,,,1/1/00 0:00,,1.6453,,0.54,Non-Auction Ads,Promote
20230807,1773557865415680 ,PL,,,1/1/00 0:00,,1.6453,,0.54,Non-Auction Ads,Promote
20230807,1773597852229630 ,PL,,,1/1/00 0:00,,1.6453,,0.54,Non-Auction Ads,Promote
20230807,1773555268372480 ,ES,,,1/1/00 0:00,,1.6445,,0.54,Non-Auction Ads,Promote
20230807,1773566837470210 ,BR,,,1/1/00 0:00,,1.6438,,0.54,Non-Auction Ads,Promote
20230807,1773580107541510 ,FR,,,1/1/00 0:00,,1.6421,,0.54,Non-Auction Ads,Promote
20230807,1773613574410240 ,FR,,,1/1/00 0:00,,1.6421,,0.54,Non-Auction Ads,Promote
20230807,1773446760181760 ,SA,,,1/1/00 0:00,,1.6342,,0.54,Non-Auction Ads,Promote
20230807,1773595835531280 ,GB,,,1/1/00 0:00,,1.6341,,0.54,Non-Auction Ads,Promote
20230807,1773532841805830 ,BR,,,1/1/00 0:00,,1.6319,,0.54,Non-Auction Ads,Promote
20230807,1773537081374720 ,TH,,,1/1/00 0:00,,1.63,,0.54,Non-Auction Ads,Promote
20230807,1773475061784640 ,VN,,,1/1/00 0:00,,1.6245,,0.54,Non-Auction Ads,Promote
20230807,1773607121432580 ,FR,,,1/1/00 0:00,,1.6243,,0.54,Non-Auction Ads,Promote
20230807,1773544438096890 ,ID,,,1/1/00 0:00,,1.623,,0.54,Non-Auction Ads,Promote
20230807,1773543883121660 ,VN,,,1/1/00 0:00,,1.6225,,0.54,Non-Auction Ads,Promote
20230807,1773567916019710 ,JP,,,1/1/00 0:00,,1.621,,0.54,Non-Auction Ads,Promote
20230807,1773540327944190 ,JP,,,1/1/00 0:00,,1.621,,0.54,Non-Auction Ads,Promote
20230807,1773526801242110 ,JP,,,1/1/00 0:00,,1.621,,0.54,Non-Auction Ads,Promote
20230807,1773566388227070 ,FR,,,1/1/00 0:00,,1.619,,0.54,Non-Auction Ads,Promote
20230807,1773422778152960 ,SA,,,1/1/00 0:00,,1.6176,,0.54,Non-Auction Ads,Promote
20230807,1773422864360440 ,SA,,,1/1/00 0:00,,1.6176,,0.54,Non-Auction Ads,Promote
20230807,1773556804941860 ,US,,,1/1/00 0:00,,1.6175,,0.54,Non-Auction Ads,Promote
20230807,1773588953075710 ,CA,,,1/1/00 0:00,,1.6161,,0.54,Non-Auction Ads,Promote
20230807,1773490067467260 ,VN,,,1/1/00 0:00,,1.616,,0.54,Non-Auction Ads,Promote
20230807,1773616109040640 ,IT,,,1/1/00 0:00,,1.6099,,0.54,Non-Auction Ads,Promote
20230807,1773446831111160 ,SA,,,1/1/00 0:00,,1.6068,,0.54,Non-Auction Ads,Promote
20230807,1773446806844410 ,SA,,,1/1/00 0:00,,1.6068,,0.54,Non-Auction Ads,Promote
20230807,1773552546012160 ,GB,,,1/1/00 0:00,,1.606,,0.54,Non-Auction Ads,Promote
20230807,1773547481223230 ,MY,,,1/1/00 0:00,,1.6058,,0.54,Non-Auction Ads,Promote
20230807,1773585467183100 ,GB,,,1/1/00 0:00,,1.601,,0.54,Non-Auction Ads,Promote
20230807,1773583753417730 ,GB,,,1/1/00 0:00,,1.601,,0.54,Non-Auction Ads,Promote
20230807,1773586239074310 ,GB,,,1/1/00 0:00,,1.601,,0.54,Non-Auction Ads,Promote
20230807,1773583753417730 ,GB,,,1/1/00 0:00,,1.601,,0.54,Non-Auction Ads,Promote
20230807,1773583998744580 ,GB,,,1/1/00 0:00,,1.601,,0.54,Non-Auction Ads,Promote
20230807,1773568858620930 ,GB,,,1/1/00 0:00,,1.601,,0.54,Non-Auction Ads,Promote
20230807,1773611024431110 ,GB,,,1/1/00 0:00,,1.601,,0.54,Non-Auction Ads,Promote
20230807,1773585617953790 ,TH,,,1/1/00 0:00,,1.5988,,0.54,Non-Auction Ads,Promote
20230807,1773379413666810 ,SA,,,1/1/00 0:00,,1.5971,,0.54,Non-Auction Ads,Promote
20230807,1773583773292540 ,PH,,,1/1/00 0:00,,1.5969,,0.54,Non-Auction Ads,Promote
20230807,1773585537778680 ,PH,,,1/1/00 0:00,,1.5969,,0.54,Non-Auction Ads,Promote
20230807,1773594763344890 ,PH,,,1/1/00 0:00,,1.5969,,0.54,Non-Auction Ads,Promote
20230807,1773521397031930 ,AU,,,1/1/00 0:00,,1.5969,,0.54,Non-Auction Ads,Promote
20230807,1773595028930560 ,PH,,,1/1/00 0:00,,1.5969,,0.54,Non-Auction Ads,Promote
20230807,1773585358039040 ,PH,,,1/1/00 0:00,,1.5969,,0.54,Non-Auction Ads,Promote
20230807,1773595549635580 ,PH,,,1/1/00 0:00,,1.5969,,0.54,Non-Auction Ads,Promote
20230807,1773568003726350 ,FR,,,1/1/00 0:00,,1.5966,,0.54,Non-Auction Ads,Promote
20230807,1773562283624450 ,FR,,,1/1/00 0:00,,1.5966,,0.54,Non-Auction Ads,Promote
20230807,1773444979098620 ,SA,,,1/1/00 0:00,,1.5953,,0.54,Non-Auction Ads,Promote
20230807,1773576627719160 ,ID,,,1/1/00 0:00,,1.5934,,0.54,Non-Auction Ads,Promote
20230807,1773539946247170 ,SA,,,1/1/00 0:00,,1.5933,,0.54,Non-Auction Ads,Promote
20230807,1773560444250110 ,TH,,,1/1/00 0:00,,1.5909,,0.54,Non-Auction Ads,Promote
20230807,1773570884690980 ,TH,,,1/1/00 0:00,,1.5909,,0.54,Non-Auction Ads,Promote
20230807,1773566590218240 ,TH,,,1/1/00 0:00,,1.5909,,0.54,Non-Auction Ads,Promote
20230807,1773549981085700 ,TH,,,1/1/00 0:00,,1.5909,,0.54,Non-Auction Ads,Promote
20230807,1773529918440450 ,TH,,,1/1/00 0:00,,1.5909,,0.54,Non-Auction Ads,Promote
20230807,1773544074333220 ,US,,,1/1/00 0:00,,1.5905,,0.54,Non-Auction Ads,Promote
20230807,1773595451069440 ,ES,,,1/1/00 0:00,,1.5902,,0.54,Non-Auction Ads,Promote
20230807,1773539088718850 ,IT,,,1/1/00 0:00,,1.5894,,0.54,Non-Auction Ads,Promote
20230807,1773599625437180 ,BR,,,1/1/00 0:00,,1.5882,,0.54,Non-Auction Ads,Promote
20230807,1773606020391940 ,TH,,,1/1/00 0:00,,1.5879,,0.54,Non-Auction Ads,Promote
20230807,1773608390703110 ,TH,,,1/1/00 0:00,,1.5879,,0.54,Non-Auction Ads,Promote
20230807,1773606818304000 ,TH,,,1/1/00 0:00,,1.5879,,0.54,Non-Auction Ads,Promote
20230807,1773534736224260 ,US,,,1/1/00 0:00,,1.587,,0.54,Non-Auction Ads,Promote
20230807,1773533489288190 ,US,,,1/1/00 0:00,,1.587,,0.54,Non-Auction Ads,Promote
20230807,1773568241745920 ,NL,,,1/1/00 0:00,,1.5843,,0.54,Non-Auction Ads,Promote
20230807,1773465803065340 ,AU,,,1/1/00 0:00,,1.5834,,0.54,Non-Auction Ads,Promote
20230807,1773592694167550 ,GB,,,1/1/00 0:00,,1.582,,0.54,Non-Auction Ads,Promote
20230807,1773592640767040 ,GB,,,1/1/00 0:00,,1.582,,0.54,Non-Auction Ads,Promote
20230807,1773581358437380 ,GB,,,1/1/00 0:00,,1.5797,,0.54,Non-Auction Ads,Promote
20230807,1773580654180350 ,GB,,,1/1/00 0:00,,1.5797,,0.54,Non-Auction Ads,Promote
20230807,1773521917475840 ,CA,,,1/1/00 0:00,,1.5781,,0.54,Non-Auction Ads,Promote
20230807,1773545090139140 ,BR,,,1/1/00 0:00,,1.5773,,0.54,Non-Auction Ads,Promote
20230807,1773585208803350 ,IT,,,1/1/00 0:00,,1.5753,,0.54,Non-Auction Ads,Promote
20230807,1773592553648130 ,SA,,,1/1/00 0:00,,1.575,,0.54,Non-Auction Ads,Promote
20230807,1773570886904890 ,TH,,,1/1/00 0:00,,1.5687,,0.54,Non-Auction Ads,Promote
20230807,1773612598666240 ,TH,,,1/1/00 0:00,,1.5678,,0.54,Non-Auction Ads,Promote
20230807,1773542694865920 ,CA,,,1/1/00 0:00,,1.5667,,0.54,Non-Auction Ads,Promote
20230807,1773603903967230 ,GB,,,1/1/00 0:00,,1.562,,0.54,Non-Auction Ads,Promote
20230807,1773585033300990 ,CA,,,1/1/00 0:00,,1.5599,,0.54,Non-Auction Ads,Promote
20230807,1773583655854080 ,CA,,,1/1/00 0:00,,1.5599,,0.54,Non-Auction Ads,Promote
20230807,1773526167791610 ,TH,,,1/1/00 0:00,,1.5597,,0.54,Non-Auction Ads,Promote
20230807,1773569849846790 ,BR,,,1/1/00 0:00,,1.5574,,0.54,Non-Auction Ads,Promote
20230807,1773464737833980 ,VN,,,1/1/00 0:00,,1.5565,,0.54,Non-Auction Ads,Promote
20230807,1773486140164090 ,SA,,,1/1/00 0:00,,1.5532,,0.54,Non-Auction Ads,Promote
20230807,1773541673547770 ,SA,,,1/1/00 0:00,,1.5519,,0.54,Non-Auction Ads,Promote
20230807,1773451770089470 ,SA,,,1/1/00 0:00,,1.5519,,0.54,Non-Auction Ads,Promote
20230807,1773452068684800 ,SA,,,1/1/00 0:00,,1.5519,,0.54,Non-Auction Ads,Promote
20230807,1773561687455740 ,SA,,,1/1/00 0:00,,1.55,,0.54,Non-Auction Ads,Promote
20230807,1773448853372930 ,VN,,,1/1/00 0:00,,1.5499,,0.54,Non-Auction Ads,Promote
20230807,1773564245087230 ,GB,,,1/1/00 0:00,,1.5481,,0.54,Non-Auction Ads,Promote
20230807,1773578356612100 ,GB,,,1/1/00 0:00,,1.5481,,0.54,Non-Auction Ads,Promote
20230807,1773538194497530 ,SA,,,1/1/00 0:00,,1.5466,,0.54,Non-Auction Ads,Promote
20230807,1773543709276160 ,ID,,,1/1/00 0:00,,1.5464,,0.54,Non-Auction Ads,Promote
20230807,1773592332783630 ,BR,,,1/1/00 0:00,,1.5417,,0.54,Non-Auction Ads,Promote
20230807,1773592530105340 ,BR,,,1/1/00 0:00,,1.5417,,0.54,Non-Auction Ads,Promote
20230807,1773575334003710 ,US,,,1/1/00 0:00,,1.54,,0.54,Non-Auction Ads,Promote
20230807,1773566835515390 ,GB,,,1/1/00 0:00,,1.5392,,0.54,Non-Auction Ads,Promote
20230807,1773530603830270 ,SA,,,1/1/00 0:00,,1.538,,0.54,Non-Auction Ads,Promote
20230807,1773530727176190 ,SA,,,1/1/00 0:00,,1.538,,0.54,Non-Auction Ads,Promote
20230807,1773592247481380 ,US,,,1/1/00 0:00,,1.5377,,0.54,Non-Auction Ads,Promote
20230807,1773578310327290 ,ID,,,1/1/00 0:00,,1.5376,,0.54,Non-Auction Ads,Promote
20230807,1773573426243580 ,MY,,,1/1/00 0:00,,1.5358,,0.54,Non-Auction Ads,Promote
20230807,1773458144600130 ,SA,,,1/1/00 0:00,,1.5354,,0.54,Non-Auction Ads,Promote
20230807,1773470426692610 ,SA,,,1/1/00 0:00,,1.5354,,0.54,Non-Auction Ads,Promote
20230807,1773551456330750 ,SA,,,1/1/00 0:00,,1.5354,,0.54,Non-Auction Ads,Promote
20230807,1773529246766080 ,US,,,1/1/00 0:00,,1.5338,,0.54,Non-Auction Ads,Promote
20230807,1773586862211070 ,IT,,,1/1/00 0:00,,1.5334,,0.54,Non-Auction Ads,Promote
20230807,1773596478358540 ,GB,,,1/1/00 0:00,,1.5319,,0.54,Non-Auction Ads,Promote
20230807,1773549544909820 ,US,,,1/1/00 0:00,,1.53,,0.54,Non-Auction Ads,Promote
20230807,1773549457724420 ,US,,,1/1/00 0:00,,1.53,,0.54,Non-Auction Ads,Promote
20230807,1773546654231590 ,US,,,1/1/00 0:00,,1.53,,0.54,Non-Auction Ads,Promote
20230807,1773548719554560 ,US,,,1/1/00 0:00,,1.53,,0.54,Non-Auction Ads,Promote
20230807,1773550612919300 ,US,,,1/1/00 0:00,,1.53,,0.54,Non-Auction Ads,Promote
20230807,1773549871906820 ,US,,,1/1/00 0:00,,1.53,,0.54,Non-Auction Ads,Promote
20230807,1773518380295160 ,SA,,,1/1/00 0:00,,1.5252,,0.54,Non-Auction Ads,Promote
20230807,1773566133094400 ,ID,,,1/1/00 0:00,,1.525,,0.54,Non-Auction Ads,Promote
20230807,1773509808199680 ,SA,,,1/1/00 0:00,,1.5246,,0.54,Non-Auction Ads,Promote
20230807,1773591742473250 ,US,,,1/1/00 0:00,,1.5239,,0.54,Non-Auction Ads,Promote
20230807,1773534285571070 ,US,,,1/1/00 0:00,,1.5239,,0.54,Non-Auction Ads,Promote
20230807,1773531391179780 ,US,,,1/1/00 0:00,,1.5239,,0.54,Non-Auction Ads,Promote
20230807,1773591905387520 ,US,,,1/1/00 0:00,,1.5239,,0.54,Non-Auction Ads,Promote
20230807,1773581563256830 ,FR,,,1/1/00 0:00,,1.5235,,0.54,Non-Auction Ads,Promote
20230807,1773582097633310 ,FR,,,1/1/00 0:00,,1.5235,,0.54,Non-Auction Ads,Promote
20230807,1773597126853630 ,MY,,,1/1/00 0:00,,1.5227,,0.54,Non-Auction Ads,Promote
20230807,1773583358978050 ,PT,,,1/1/00 0:00,,1.5226,,0.54,Non-Auction Ads,Promote
20230807,1773551674460160 ,MY,,,1/1/00 0:00,,1.5216,,0.54,Non-Auction Ads,Promote
20230807,1773562669520900 ,GB,,,1/1/00 0:00,,1.5194,,0.54,Non-Auction Ads,Promote
20230807,1773452266822650 ,SA,,,1/1/00 0:00,,1.5137,,0.54,Non-Auction Ads,Promote
20230807,1773583529485310 ,TR,,,1/1/00 0:00,,1.5127,,0.54,Non-Auction Ads,Promote
20230807,1773562546445310 ,IT,,,1/1/00 0:00,,1.5124,,0.54,Non-Auction Ads,Promote
20230807,1773452922472450 ,VN,,,1/1/00 0:00,,1.5094,,0.54,Non-Auction Ads,Promote
20230807,1773362343777280 ,SA,,,1/1/00 0:00,,1.5091,,0.54,Non-Auction Ads,Promote
20230807,1773531853433850 ,MY,,,1/1/00 0:00,,1.507,,0.54,Non-Auction Ads,Promote
20230807,1773587062105080 ,JP,,,1/1/00 0:00,,1.507,,0.54,Non-Auction Ads,Promote
20230807,1773579488433150 ,JP,,,1/1/00 0:00,,1.507,,0.54,Non-Auction Ads,Promote
20230807,1773596269027330 ,CA,,,1/1/00 0:00,,1.5066,,0.54,Non-Auction Ads,Promote
20230807,1773555929407490 ,DE,,,1/1/00 0:00,,1.5056,,0.54,Non-Auction Ads,Promote
20230807,1773515227961340 ,SA,,,1/1/00 0:00,,1.5035,,0.54,Non-Auction Ads,Promote
20230807,1773381306959870 ,SA,,,1/1/00 0:00,,1.5031,,0.54,Non-Auction Ads,Promote
20230807,1773542444506110 ,JP,,,1/1/00 0:00,,1.5012,,0.54,Non-Auction Ads,Promote
20230807,1773572949646340 ,IT,,,1/1/00 0:00,,1.5011,,0.54,Non-Auction Ads,Promote
20230807,1773506355007490 ,AE,,,1/1/00 0:00,,1.5,,0.54,Non-Auction Ads,Promote
20230807,1773598807789570 ,US,,,1/1/00 0:00,,1.5,,0.54,Non-Auction Ads,Promote
20230807,1773545555461120 ,US,,,1/1/00 0:00,,1.5,,0.54,Non-Auction Ads,Promote
20230807,1773542467385340 ,US,,,1/1/00 0:00,,1.5,,0.54,Non-Auction Ads,Promote
20230807,1773579032905720 ,ID,,,1/1/00 0:00,,1.4988,,0.54,Non-Auction Ads,Promote
20230807,1773578917120000 ,ID,,,1/1/00 0:00,,1.4988,,0.54,Non-Auction Ads,Promote
20230807,1773597423742980 ,US,,,1/1/00 0:00,,1.498,,0.54,Non-Auction Ads,Promote
20230807,1773579280378880 ,US,,,1/1/00 0:00,,1.498,,0.54,Non-Auction Ads,Promote
20230807,1773529141545980 ,MY,,,1/1/00 0:00,,1.4978,,0.54,Non-Auction Ads,Promote
20230807,1773582380100610 ,IT,,,1/1/00 0:00,,1.4976,,0.54,Non-Auction Ads,Promote
20230807,1773566184849410 ,US,,,1/1/00 0:00,,1.494,,0.54,Non-Auction Ads,Promote
20230807,1773566160046100 ,BR,,,1/1/00 0:00,,1.4921,,0.54,Non-Auction Ads,Promote
20230807,1773594846626810 ,SA,,,1/1/00 0:00,,1.4917,,0.54,Non-Auction Ads,Promote
20230807,1773537618865150 ,KH,,,1/1/00 0:00,,1.4886,,0.54,Non-Auction Ads,Promote
20230807,1773554307030010 ,TH,,,1/1/00 0:00,,1.4884,,0.54,Non-Auction Ads,Promote
20230807,1773563867913210 ,AU,,,1/1/00 0:00,,1.4868,,0.54,Non-Auction Ads,Promote
20230807,1773578055378950 ,BE,,,1/1/00 0:00,,1.4856,,0.54,Non-Auction Ads,Promote
20230807,1773577294004260 ,BE,,,1/1/00 0:00,,1.4856,,0.54,Non-Auction Ads,Promote
20230807,1773580595686400 ,ID,,,1/1/00 0:00,,1.4853,,0.54,Non-Auction Ads,Promote
20230807,1773607760541690 ,ID,,,1/1/00 0:00,,1.4853,,0.54,Non-Auction Ads,Promote
20230807,1773528156803090 ,BR,,,1/1/00 0:00,,1.4844,,0.54,Non-Auction Ads,Promote
20230807,1773545805723650 ,AU,,,1/1/00 0:00,,1.479,,0.54,Non-Auction Ads,Promote
20230807,1773525792839680 ,US,,,1/1/00 0:00,,1.4785,,0.54,Non-Auction Ads,Promote
20230807,1773525767192620 ,US,,,1/1/00 0:00,,1.4785,,0.54,Non-Auction Ads,Promote
20230807,1773526145045520 ,US,,,1/1/00 0:00,,1.4785,,0.54,Non-Auction Ads,Promote
20230807,1773573395360770 ,FR,,,1/1/00 0:00,,1.4769,,0.54,Non-Auction Ads,Promote
20230807,1773561212706820 ,IT,,,1/1/00 0:00,,1.4754,,0.54,Non-Auction Ads,Promote
20230807,1773555287315450 ,MY,,,1/1/00 0:00,,1.4751,,0.54,Non-Auction Ads,Promote
20230807,1773559980532730 ,MY,,,1/1/00 0:00,,1.4751,,0.54,Non-Auction Ads,Promote
20230807,1773578557961220 ,PT,,,1/1/00 0:00,,1.4744,,0.54,Non-Auction Ads,Promote
20230807,1773613750676480 ,ES,,,1/1/00 0:00,,1.4733,,0.54,Non-Auction Ads,Promote
20230807,1773500111535100 ,VN,,,1/1/00 0:00,,1.4722,,0.54,Non-Auction Ads,Promote
20230807,1773545843083260 ,ID,,,1/1/00 0:00,,1.4718,,0.54,Non-Auction Ads,Promote
20230807,1773560569450490 ,ID,,,1/1/00 0:00,,1.4718,,0.54,Non-Auction Ads,Promote
20230807,1773563014769780 ,ES,,,1/1/00 0:00,,1.4701,,0.54,Non-Auction Ads,Promote
20230807,1773574997723140 ,BR,,,1/1/00 0:00,,1.4697,,0.54,Non-Auction Ads,Promote
20230807,1773463508635640 ,SA,,,1/1/00 0:00,,1.4675,,0.54,Non-Auction Ads,Promote
20230807,1773463124436990 ,SA,,,1/1/00 0:00,,1.4675,,0.54,Non-Auction Ads,Promote
20230807,1773542773712890 ,MY,,,1/1/00 0:00,,1.4664,,0.54,Non-Auction Ads,Promote
20230807,1773584517877760 ,SA,,,1/1/00 0:00,,1.4652,,0.54,Non-Auction Ads,Promote
20230807,1773442792348670 ,VN,,,1/1/00 0:00,,1.4643,,0.54,Non-Auction Ads,Promote
20230807,1773557825942530 ,FR,,,1/1/00 0:00,,1.4635,,0.54,Non-Auction Ads,Promote
20230807,1773571217513470 ,US,,,1/1/00 0:00,,1.4634,,0.54,Non-Auction Ads,Promote
20230807,1773535522885630 ,BR,,,1/1/00 0:00,,1.4633,,0.54,Non-Auction Ads,Promote
20230807,1773554102109180 ,TH,,,1/1/00 0:00,,1.4618,,0.54,Non-Auction Ads,Promote
20230807,1773523835419650 ,IE,,,1/1/00 0:00,,1.4615,,0.54,Non-Auction Ads,Promote
20230807,1773558090570750 ,BR,,,1/1/00 0:00,,1.4592,,0.54,Non-Auction Ads,Promote
20230807,1773533781198850 ,US,,,1/1/00 0:00,,1.4583,,0.54,Non-Auction Ads,Promote
20230807,1773592329756690 ,US,,,1/1/00 0:00,,1.4572,,0.54,Non-Auction Ads,Promote
20230807,1773525617835010 ,BR,,,1/1/00 0:00,,1.4566,,0.54,Non-Auction Ads,Promote
20230807,1773531719453700 ,BR,,,1/1/00 0:00,,1.4566,,0.54,Non-Auction Ads,Promote
20230807,1773528371958790 ,US,,,1/1/00 0:00,,1.4533,,0.54,Non-Auction Ads,Promote
20230807,1773522360194050 ,TR,,,1/1/00 0:00,,1.4529,,0.54,Non-Auction Ads,Promote
20230807,1773560022715390 ,ID,,,1/1/00 0:00,,1.4499,,0.54,Non-Auction Ads,Promote
20230807,1773587083331580 ,US,,,1/1/00 0:00,,1.4485,,0.54,Non-Auction Ads,Promote
20230807,1773569291778110 ,TH,,,1/1/00 0:00,,1.4465,,0.54,Non-Auction Ads,Promote
20230807,1773597241918460 ,TH,,,1/1/00 0:00,,1.4465,,0.54,Non-Auction Ads,Promote
20230807,1773598735307780 ,TH,,,1/1/00 0:00,,1.4465,,0.54,Non-Auction Ads,Promote
20230807,1773596032290820 ,TH,,,1/1/00 0:00,,1.4465,,0.54,Non-Auction Ads,Promote
20230807,1773598205247490 ,TH,,,1/1/00 0:00,,1.4465,,0.54,Non-Auction Ads,Promote
20230807,1773597541857280 ,TH,,,1/1/00 0:00,,1.4465,,0.54,Non-Auction Ads,Promote
20230807,1773445619303420 ,SA,,,1/1/00 0:00,,1.4464,,0.54,Non-Auction Ads,Promote
20230807,1773445562464250 ,SA,,,1/1/00 0:00,,1.4464,,0.54,Non-Auction Ads,Promote
20230807,1773445502062590 ,SA,,,1/1/00 0:00,,1.4464,,0.54,Non-Auction Ads,Promote
20230807,1773446019980290 ,SA,,,1/1/00 0:00,,1.4464,,0.54,Non-Auction Ads,Promote
20230807,1773591053909010 ,SA,,,1/1/00 0:00,,1.446,,0.54,Non-Auction Ads,Promote
20230807,1773591767607300 ,SA,,,1/1/00 0:00,,1.446,,0.54,Non-Auction Ads,Promote
20230807,1773592430722050 ,SA,,,1/1/00 0:00,,1.446,,0.54,Non-Auction Ads,Promote
20230807,1773574730152960 ,US,,,1/1/00 0:00,,1.4429,,0.54,Non-Auction Ads,Promote
20230807,1773552987944960 ,GB,,,1/1/00 0:00,,1.4422,,0.54,Non-Auction Ads,Promote
20230807,1773515906501630 ,AE,,,1/1/00 0:00,,1.4409,,0.54,Non-Auction Ads,Promote
20230807,1773605697669120 ,SA,,,1/1/00 0:00,,1.4393,,0.54,Non-Auction Ads,Promote
20230807,1773464219841530 ,SA,,,1/1/00 0:00,,1.4393,,0.54,Non-Auction Ads,Promote
20230807,1773476697818110 ,SA,,,1/1/00 0:00,,1.4393,,0.54,Non-Auction Ads,Promote
20230807,1773538264337410 ,DE,,,1/1/00 0:00,,1.435,,0.54,Non-Auction Ads,Promote
20230807,1773567568992250 ,AU,,,1/1/00 0:00,,1.4325,,0.54,Non-Auction Ads,Promote
20230807,1773495842091000 ,AE,,,1/1/00 0:00,,1.4311,,0.54,Non-Auction Ads,Promote
20230807,1773592197629950 ,TH,,,1/1/00 0:00,,1.4288,,0.54,Non-Auction Ads,Promote
20230807,1773585786446880 ,TH,,,1/1/00 0:00,,1.4288,,0.54,Non-Auction Ads,Promote
20230807,1773585319629820 ,TH,,,1/1/00 0:00,,1.4288,,0.54,Non-Auction Ads,Promote
20230807,1773537538202620 ,US,,,1/1/00 0:00,,1.4286,,0.54,Non-Auction Ads,Promote
20230807,1773582443251710 ,US,,,1/1/00 0:00,,1.4286,,0.54,Non-Auction Ads,Promote
20230807,1773477019360260 ,EG,,,1/1/00 0:00,,1.4282,,0.54,Non-Auction Ads,Promote
20230807,1773547747418110 ,BR,,,1/1/00 0:00,,1.4279,,0.54,Non-Auction Ads,Promote
20230807,1773548294744070 ,BR,,,1/1/00 0:00,,1.4279,,0.54,Non-Auction Ads,Promote
20230807,1773540636843010 ,VN,,,1/1/00 0:00,,1.4277,,0.54,Non-Auction Ads,Promote
20230807,1773497759085570 ,SA,,,1/1/00 0:00,,1.4262,,0.54,Non-Auction Ads,Promote
20230807,1773366651353090 ,SA,,,1/1/00 0:00,,1.425,,0.54,Non-Auction Ads,Promote
20230807,1773588397209600 ,US,,,1/1/00 0:00,,1.4233,,0.54,Non-Auction Ads,Promote
20230807,1773527245390840 ,SA,,,1/1/00 0:00,,1.4232,,0.54,Non-Auction Ads,Promote
20230807,1773560919813120 ,SA,,,1/1/00 0:00,,1.4232,,0.54,Non-Auction Ads,Promote
20230807,1773609233989630 ,SA,,,1/1/00 0:00,,1.4232,,0.54,Non-Auction Ads,Promote
20230807,1773598897940480 ,SA,,,1/1/00 0:00,,1.4232,,0.54,Non-Auction Ads,Promote
20230807,1773529840605180 ,TH,,,1/1/00 0:00,,1.4227,,0.54,Non-Auction Ads,Promote
20230807,1773511160339450 ,SA,,,1/1/00 0:00,,1.4221,,0.54,Non-Auction Ads,Promote
20230807,1773600638636060 ,BR,,,1/1/00 0:00,,1.4212,,0.54,Non-Auction Ads,Promote
20230807,1773521958295550 ,SA,,,1/1/00 0:00,,1.4175,,0.54,Non-Auction Ads,Promote
20230807,1773590469439480 ,TR,,,1/1/00 0:00,,1.4173,,0.54,Non-Auction Ads,Promote
20230807,1773528782063610 ,TR,,,1/1/00 0:00,,1.4173,,0.54,Non-Auction Ads,Promote
20230807,1773528696064000 ,TR,,,1/1/00 0:00,,1.4173,,0.54,Non-Auction Ads,Promote
20230807,1773583342340090 ,TR,,,1/1/00 0:00,,1.4173,,0.54,Non-Auction Ads,Promote
20230807,1773514316887040 ,TR,,,1/1/00 0:00,,1.4173,,0.54,Non-Auction Ads,Promote
20230807,1773596011351040 ,TR,,,1/1/00 0:00,,1.4173,,0.54,Non-Auction Ads,Promote
20230807,1773577986445310 ,TR,,,1/1/00 0:00,,1.4173,,0.54,Non-Auction Ads,Promote
20230807,1773577891092480 ,TR,,,1/1/00 0:00,,1.4173,,0.54,Non-Auction Ads,Promote
20230807,1773592150151160 ,TR,,,1/1/00 0:00,,1.4173,,0.54,Non-Auction Ads,Promote
20230807,1773597401543680 ,TR,,,1/1/00 0:00,,1.4173,,0.54,Non-Auction Ads,Promote
20230807,1773567136382980 ,CA,,,1/1/00 0:00,,1.417,,0.54,Non-Auction Ads,Promote
20230807,1773559863602180 ,BR,,,1/1/00 0:00,,1.4162,,0.54,Non-Auction Ads,Promote
20230807,1773523418914850 ,BR,,,1/1/00 0:00,,1.4162,,0.54,Non-Auction Ads,Promote
20230807,1773573813645330 ,IT,,,1/1/00 0:00,,1.4151,,0.54,Non-Auction Ads,Promote
20230807,1773465379563520 ,VN,,,1/1/00 0:00,,1.4143,,0.54,Non-Auction Ads,Promote
20230807,1773551487101950 ,TR,,,1/1/00 0:00,,1.4097,,0.54,Non-Auction Ads,Promote
20230807,1773570326334460 ,BR,,,1/1/00 0:00,,1.4066,,0.54,Non-Auction Ads,Promote
20230807,1773547324802110 ,BR,,,1/1/00 0:00,,1.4066,,0.54,Non-Auction Ads,Promote
20230807,1773578043496450 ,SA,,,1/1/00 0:00,,1.4059,,0.54,Non-Auction Ads,Promote
20230807,1773577883651070 ,SA,,,1/1/00 0:00,,1.4059,,0.54,Non-Auction Ads,Promote
20230807,1773506150970360 ,SA,,,1/1/00 0:00,,1.4059,,0.54,Non-Auction Ads,Promote
20230807,1773604803647490 ,TH,,,1/1/00 0:00,,1.4044,,0.54,Non-Auction Ads,Promote
20230807,1773576008949780 ,GB,,,1/1/00 0:00,,1.404,,0.54,Non-Auction Ads,Promote
20230807,1773570381243390 ,ID,,,1/1/00 0:00,,1.4028,,0.54,Non-Auction Ads,Promote
20230807,1773557000402940 ,ID,,,1/1/00 0:00,,1.4028,,0.54,Non-Auction Ads,Promote
20230807,1773566249253890 ,ID,,,1/1/00 0:00,,1.4028,,0.54,Non-Auction Ads,Promote
20230807,1773583442999290 ,TH,,,1/1/00 0:00,,1.4006,,0.54,Non-Auction Ads,Promote
20230807,1773567989662720 ,MY,,,1/1/00 0:00,,1.3918,,0.54,Non-Auction Ads,Promote
20230807,1773601178202110 ,US,,,1/1/00 0:00,,1.3889,,0.54,Non-Auction Ads,Promote
20230807,1773531382206460 ,TH,,,1/1/00 0:00,,1.3888,,0.54,Non-Auction Ads,Promote
20230807,1773532453244930 ,TH,,,1/1/00 0:00,,1.3888,,0.54,Non-Auction Ads,Promote
20230807,1773532241945600 ,TH,,,1/1/00 0:00,,1.3888,,0.54,Non-Auction Ads,Promote
20230807,1773531505681410 ,TH,,,1/1/00 0:00,,1.3888,,0.54,Non-Auction Ads,Promote
20230807,1773583771464700 ,IT,,,1/1/00 0:00,,1.3878,,0.54,Non-Auction Ads,Promote
20230807,1773592544644100 ,US,,,1/1/00 0:00,,1.3836,,0.54,Non-Auction Ads,Promote
20230807,1773592995879940 ,BR,,,1/1/00 0:00,,1.3833,,0.54,Non-Auction Ads,Promote
20230807,1773600073549830 ,TH,,,1/1/00 0:00,,1.3822,,0.54,Non-Auction Ads,Promote
20230807,1773565982779390 ,TH,,,1/1/00 0:00,,1.3822,,0.54,Non-Auction Ads,Promote
20230807,1773423086957570 ,SA,,,1/1/00 0:00,,1.381,,0.54,Non-Auction Ads,Promote
20230807,1773510514163710 ,SA,,,1/1/00 0:00,,1.3781,,0.54,Non-Auction Ads,Promote
20230807,1773432250005500 ,SA,,,1/1/00 0:00,,1.3769,,0.54,Non-Auction Ads,Promote
20230807,1773518502846460 ,SA,,,1/1/00 0:00,,1.3764,,0.54,Non-Auction Ads,Promote
20230807,1773470188372990 ,SA,,,1/1/00 0:00,,1.3764,,0.54,Non-Auction Ads,Promote
20230807,1773501505781760 ,AE,,,1/1/00 0:00,,1.3755,,0.54,Non-Auction Ads,Promote
20230807,1773551600992250 ,MY,,,1/1/00 0:00,,1.3729,,0.54,Non-Auction Ads,Promote
20230807,1773601388156930 ,IT,,,1/1/00 0:00,,1.3721,,0.54,Non-Auction Ads,Promote
20230807,1773525599442940 ,SA,,,1/1/00 0:00,,1.3709,,0.54,Non-Auction Ads,Promote
20230807,1773433300200450 ,SA,,,1/1/00 0:00,,1.3709,,0.54,Non-Auction Ads,Promote
20230807,1773562817968120 ,TH,,,1/1/00 0:00,,1.3672,,0.54,Non-Auction Ads,Promote
20230807,1773538158932990 ,MY,,,1/1/00 0:00,,1.367,,0.54,Non-Auction Ads,Promote
20230807,1773590016770050 ,TH,,,1/1/00 0:00,,1.3667,,0.54,Non-Auction Ads,Promote
20230807,1773502999298050 ,FR,,,1/1/00 0:00,,1.3661,,0.54,Non-Auction Ads,Promote
20230807,1773561477735420 ,FR,,,1/1/00 0:00,,1.3661,,0.54,Non-Auction Ads,Promote
20230807,1773504711665680 ,FR,,,1/1/00 0:00,,1.3661,,0.54,Non-Auction Ads,Promote
20230807,1773595951901700 ,GB,,,1/1/00 0:00,,1.3644,,0.54,Non-Auction Ads,Promote
20230807,1773584011107330 ,BR,,,1/1/00 0:00,,1.3641,,0.54,Non-Auction Ads,Promote
20230807,1773568809923580 ,US,,,1/1/00 0:00,,1.3636,,0.54,Non-Auction Ads,Promote
20230807,1773569135649790 ,US,,,1/1/00 0:00,,1.3636,,0.54,Non-Auction Ads,Promote
20230807,1773604837009410 ,BR,,,1/1/00 0:00,,1.3635,,0.54,Non-Auction Ads,Promote
20230807,1773604837009410 ,BR,,,1/1/00 0:00,,1.3635,,0.54,Non-Auction Ads,Promote
20230807,1773512395765760 ,SA,,,1/1/00 0:00,,1.3628,,0.54,Non-Auction Ads,Promote
20230807,1773557833990140 ,SA,,,1/1/00 0:00,,1.3605,,0.54,Non-Auction Ads,Promote
20230807,1773540513639420 ,MY,,,1/1/00 0:00,,1.3593,,0.54,Non-Auction Ads,Promote
20230807,1773589375927310 ,US,,,1/1/00 0:00,,1.3588,,0.54,Non-Auction Ads,Promote
20230807,1773555751238660 ,US,,,1/1/00 0:00,,1.3588,,0.54,Non-Auction Ads,Promote
20230807,1773558276922370 ,US,,,1/1/00 0:00,,1.3588,,0.54,Non-Auction Ads,Promote
20230807,1773554804064260 ,US,,,1/1/00 0:00,,1.3588,,0.54,Non-Auction Ads,Promote
20230807,1773598588729350 ,IT,,,1/1/00 0:00,,1.3558,,0.54,Non-Auction Ads,Promote
20230807,1773524394686460 ,BR,,,1/1/00 0:00,,1.3546,,0.54,Non-Auction Ads,Promote
20230807,1773597799088130 ,BR,,,1/1/00 0:00,,1.3522,,0.54,Non-Auction Ads,Promote
20230807,1773602468649990 ,BR,,,1/1/00 0:00,,1.3522,,0.54,Non-Auction Ads,Promote
20230807,1773556008085540 ,US,,,1/1/00 0:00,,1.3519,,0.54,Non-Auction Ads,Promote
20230807,1773503222418430 ,SA,,,1/1/00 0:00,,1.3487,,0.54,Non-Auction Ads,Promote
20230807,1773605176584190 ,GR,,,1/1/00 0:00,,1.3481,,0.54,Non-Auction Ads,Promote
20230807,1773602443845630 ,GR,,,1/1/00 0:00,,1.3481,,0.54,Non-Auction Ads,Promote
20230807,1773535142925310 ,ID,,,1/1/00 0:00,,1.3477,,0.54,Non-Auction Ads,Promote
20230807,1773487171502080 ,SA,,,1/1/00 0:00,,1.3463,,0.54,Non-Auction Ads,Promote
20230807,1773486992191490 ,SA,,,1/1/00 0:00,,1.3463,,0.54,Non-Auction Ads,Promote
20230807,1773606270307330 ,IT,,,1/1/00 0:00,,1.3432,,0.54,Non-Auction Ads,Promote
20230807,1773534618968060 ,AU,,,1/1/00 0:00,,1.3422,,0.54,Non-Auction Ads,Promote
20230807,1773571804528660 ,ES,,,1/1/00 0:00,,1.338,,0.54,Non-Auction Ads,Promote
20230807,1773444516392960 ,AU,,,1/1/00 0:00,,1.3379,,0.54,Non-Auction Ads,Promote
20230807,1773573959820290 ,MY,,,1/1/00 0:00,,1.3366,,0.54,Non-Auction Ads,Promote
20230807,1773563877315580 ,MY,,,1/1/00 0:00,,1.3366,,0.54,Non-Auction Ads,Promote
20230807,1773560123913280 ,MY,,,1/1/00 0:00,,1.3366,,0.54,Non-Auction Ads,Promote
20230807,1773522790191100 ,AU,,,1/1/00 0:00,,1.3365,,0.54,Non-Auction Ads,Promote
20230807,1773532930347010 ,AU,,,1/1/00 0:00,,1.3365,,0.54,Non-Auction Ads,Promote
20230807,1773602742493180 ,GB,,,1/1/00 0:00,,1.3358,,0.54,Non-Auction Ads,Promote
20230807,1773580311383040 ,GB,,,1/1/00 0:00,,1.3358,,0.54,Non-Auction Ads,Promote
20230807,1773582929474560 ,GB,,,1/1/00 0:00,,1.3358,,0.54,Non-Auction Ads,Promote
20230807,1773572774044670 ,GB,,,1/1/00 0:00,,1.3358,,0.54,Non-Auction Ads,Promote
20230807,1773603009172480 ,GB,,,1/1/00 0:00,,1.3358,,0.54,Non-Auction Ads,Promote
20230807,1773592584252450 ,GB,,,1/1/00 0:00,,1.3358,,0.54,Non-Auction Ads,Promote
20230807,1773572034426900 ,GB,,,1/1/00 0:00,,1.3358,,0.54,Non-Auction Ads,Promote
20230807,1773567448845310 ,FR,,,1/1/00 0:00,,1.3348,,0.54,Non-Auction Ads,Promote
20230807,1773389016720380 ,SA,,,1/1/00 0:00,,1.3345,,0.54,Non-Auction Ads,Promote
20230807,1773579764149310 ,SA,,,1/1/00 0:00,,1.3345,,0.54,Non-Auction Ads,Promote
20230807,1773565659739130 ,SA,,,1/1/00 0:00,,1.3345,,0.54,Non-Auction Ads,Promote
20230807,1773473370574840 ,SA,,,1/1/00 0:00,,1.3345,,0.54,Non-Auction Ads,Promote
20230807,1773479767661560 ,SA,,,1/1/00 0:00,,1.3345,,0.54,Non-Auction Ads,Promote
20230807,1773478964545530 ,SA,,,1/1/00 0:00,,1.3345,,0.54,Non-Auction Ads,Promote
20230807,1773545732483070 ,TH,,,1/1/00 0:00,,1.3325,,0.54,Non-Auction Ads,Promote
20230807,1773528434992120 ,SA,,,1/1/00 0:00,,1.3302,,0.54,Non-Auction Ads,Promote
20230807,1773586469890050 ,BR,,,1/1/00 0:00,,1.3297,,0.54,Non-Auction Ads,Promote
20230807,1773544404012030 ,AU,,,1/1/00 0:00,,1.3253,,0.54,Non-Auction Ads,Promote
20230807,1773561946264580 ,DE,,,1/1/00 0:00,,1.325,,0.54,Non-Auction Ads,Promote
20230807,1773507373162490 ,AE,,,1/1/00 0:00,,1.3244,,0.54,Non-Auction Ads,Promote
20230807,1773509314526200 ,AE,,,1/1/00 0:00,,1.3244,,0.54,Non-Auction Ads,Promote
20230807,1773419036271610 ,SA,,,1/1/00 0:00,,1.3218,,0.54,Non-Auction Ads,Promote
20230807,1773466230928380 ,VN,,,1/1/00 0:00,,1.3217,,0.54,Non-Auction Ads,Promote
20230807,1773570333166650 ,MY,,,1/1/00 0:00,,1.3199,,0.54,Non-Auction Ads,Promote
20230807,1773568377803780 ,BR,,,1/1/00 0:00,,1.3196,,0.54,Non-Auction Ads,Promote
20230807,1773543843217410 ,BR,,,1/1/00 0:00,,1.3183,,0.54,Non-Auction Ads,Promote
20230807,1773536636486650 ,ID,,,1/1/00 0:00,,1.3179,,0.54,Non-Auction Ads,Promote
20230807,1773550915126270 ,ID,,,1/1/00 0:00,,1.3176,,0.54,Non-Auction Ads,Promote
20230807,1773552911633410 ,ID,,,1/1/00 0:00,,1.3176,,0.54,Non-Auction Ads,Promote
20230807,1773588458422270 ,SE,,,1/1/00 0:00,,1.3166,,0.54,Non-Auction Ads,Promote
20230807,1773579970631680 ,SE,,,1/1/00 0:00,,1.3166,,0.54,Non-Auction Ads,Promote
20230807,1773586345358340 ,SE,,,1/1/00 0:00,,1.3166,,0.54,Non-Auction Ads,Promote
20230807,1773585496586240 ,TH,,,1/1/00 0:00,,1.3107,,0.54,Non-Auction Ads,Promote
20230807,1773525587546110 ,ID,,,1/1/00 0:00,,1.3099,,0.54,Non-Auction Ads,Promote
20230807,1773375770245120 ,SA,,,1/1/00 0:00,,1.3095,,0.54,Non-Auction Ads,Promote
20230807,1773590212115460 ,BR,,,1/1/00 0:00,,1.3085,,0.54,Non-Auction Ads,Promote
20230807,1773573036467200 ,KW,,,1/1/00 0:00,,1.3082,,0.54,Non-Auction Ads,Promote
20230807,1773556984076290 ,ID,,,1/1/00 0:00,,1.3071,,0.54,Non-Auction Ads,Promote
20230807,1773581025715230 ,IT,,,1/1/00 0:00,,1.3042,,0.54,Non-Auction Ads,Promote
20230807,1773571359493170 ,IT,,,1/1/00 0:00,,1.3042,,0.54,Non-Auction Ads,Promote
20230807,1773569121066040 ,KH,,,1/1/00 0:00,,1.3027,,0.54,Non-Auction Ads,Promote
20230807,1773565908004860 ,KH,,,1/1/00 0:00,,1.3027,,0.54,Non-Auction Ads,Promote
20230807,1773528079604730 ,ID,,,1/1/00 0:00,,1.3022,,0.54,Non-Auction Ads,Promote
20230807,1773570188385280 ,ID,,,1/1/00 0:00,,1.3002,,0.54,Non-Auction Ads,Promote
20230807,1773548081097760 ,US,,,1/1/00 0:00,,1.2992,,0.54,Non-Auction Ads,Promote
20230807,1773533921439740 ,ID,,,1/1/00 0:00,,1.2987,,0.54,Non-Auction Ads,Promote
20230807,1773534344751100 ,ID,,,1/1/00 0:00,,1.2987,,0.54,Non-Auction Ads,Promote
20230807,1773534107819010 ,ID,,,1/1/00 0:00,,1.2987,,0.54,Non-Auction Ads,Promote
20230807,1773524813406210 ,BR,,,1/1/00 0:00,,1.296,,0.54,Non-Auction Ads,Promote
20230807,1773600147731460 ,BR,,,1/1/00 0:00,,1.2937,,0.54,Non-Auction Ads,Promote
20230807,1773510128772090 ,SA,,,1/1/00 0:00,,1.2937,,0.54,Non-Auction Ads,Promote
20230807,1773577077534720 ,SA,,,1/1/00 0:00,,1.2937,,0.54,Non-Auction Ads,Promote
20230807,1773584311307260 ,TH,,,1/1/00 0:00,,1.2927,,0.54,Non-Auction Ads,Promote
20230807,1773537860783100 ,ID,,,1/1/00 0:00,,1.2922,,0.54,Non-Auction Ads,Promote
20230807,1773605172221950 ,BR,,,1/1/00 0:00,,1.2921,,0.54,Non-Auction Ads,Promote
20230807,1773561296055290 ,TH,,,1/1/00 0:00,,1.2914,,0.54,Non-Auction Ads,Promote
20230807,1773525073408000 ,AU,,,1/1/00 0:00,,1.2863,,0.54,Non-Auction Ads,Promote
20230807,1773559186537470 ,MY,,,1/1/00 0:00,,1.2858,,0.54,Non-Auction Ads,Promote
20230807,1773493729178620 ,VN,,,1/1/00 0:00,,1.2855,,0.54,Non-Auction Ads,Promote
20230807,1773528273042430 ,BR,,,1/1/00 0:00,,1.2855,,0.54,Non-Auction Ads,Promote
20230807,1773564486794240 ,GB,,,1/1/00 0:00,,1.2855,,0.54,Non-Auction Ads,Promote
20230807,1773563762362370 ,TR,,,1/1/00 0:00,,1.2854,,0.54,Non-Auction Ads,Promote
20230807,1773513306426360 ,TR,,,1/1/00 0:00,,1.2854,,0.54,Non-Auction Ads,Promote
20230807,1773609149928510 ,BR,,,1/1/00 0:00,,1.2849,,0.54,Non-Auction Ads,Promote
20230807,1773533219610620 ,AU,,,1/1/00 0:00,,1.2838,,0.54,Non-Auction Ads,Promote
20230807,1773529935094780 ,ID,,,1/1/00 0:00,,1.2837,,0.54,Non-Auction Ads,Promote
20230807,1773602990206980 ,PT,,,1/1/00 0:00,,1.2827,,0.54,Non-Auction Ads,Promote
20230807,1773536257263610 ,ID,,,1/1/00 0:00,,1.2823,,0.54,Non-Auction Ads,Promote
20230807,1773536257263610 ,ID,,,1/1/00 0:00,,1.2823,,0.54,Non-Auction Ads,Promote
20230807,1773533687555070 ,US,,,1/1/00 0:00,,1.2805,,0.54,Non-Auction Ads,Promote
20230807,1773561084703750 ,GB,,,1/1/00 0:00,,1.2801,,0.54,Non-Auction Ads,Promote
20230807,1773580853658620 ,SA,,,1/1/00 0:00,,1.2798,,0.54,Non-Auction Ads,Promote
20230807,1773581685245950 ,SA,,,1/1/00 0:00,,1.2795,,0.54,Non-Auction Ads,Promote
20230807,1773500919911420 ,SA,,,1/1/00 0:00,,1.2795,,0.54,Non-Auction Ads,Promote
20230807,1773595443077120 ,RO,,,1/1/00 0:00,,1.2792,,0.54,Non-Auction Ads,Promote
20230807,1773607937188860 ,GB,,,1/1/00 0:00,,1.278,,0.54,Non-Auction Ads,Promote
20230807,1773570326455290 ,ID,,,1/1/00 0:00,,1.2777,,0.54,Non-Auction Ads,Promote
20230807,1773510602063870 ,AE,,,1/1/00 0:00,,1.2757,,0.54,Non-Auction Ads,Promote
20230807,1773484614674430 ,AE,,,1/1/00 0:00,,1.2757,,0.54,Non-Auction Ads,Promote
20230807,1773578675487740 ,ES,,,1/1/00 0:00,,1.2757,,0.54,Non-Auction Ads,Promote
20230807,1773535132697600 ,VN,,,1/1/00 0:00,,1.2752,,0.54,Non-Auction Ads,Promote
20230807,1773550784231420 ,PH,,,1/1/00 0:00,,1.2734,,0.54,Non-Auction Ads,Promote
20230807,1773544522660860 ,PH,,,1/1/00 0:00,,1.2734,,0.54,Non-Auction Ads,Promote
20230807,1773551872773120 ,BR,,,1/1/00 0:00,,1.2724,,0.54,Non-Auction Ads,Promote
20230807,1773552535245820 ,BR,,,1/1/00 0:00,,1.2724,,0.54,Non-Auction Ads,Promote
20230807,1773551976035330 ,BR,,,1/1/00 0:00,,1.2724,,0.54,Non-Auction Ads,Promote
20230807,1773580437935100 ,SA,,,1/1/00 0:00,,1.2722,,0.54,Non-Auction Ads,Promote
20230807,1773565012622330 ,ID,,,1/1/00 0:00,,1.2718,,0.54,Non-Auction Ads,Promote
20230807,1773534966745090 ,MY,,,1/1/00 0:00,,1.2714,,0.54,Non-Auction Ads,Promote
20230807,1773488290137080 ,AE,,,1/1/00 0:00,,1.2708,,0.54,Non-Auction Ads,Promote
20230807,1773585447071740 ,TH,,,1/1/00 0:00,,1.2707,,0.54,Non-Auction Ads,Promote
20230807,1773600983108610 ,US,,,1/1/00 0:00,,1.2695,,0.54,Non-Auction Ads,Promote
20230807,1773574799540220 ,JP,,,1/1/00 0:00,,1.2692,,0.54,Non-Auction Ads,Promote
20230807,1773550188822530 ,JP,,,1/1/00 0:00,,1.2692,,0.54,Non-Auction Ads,Promote
20230807,1773554742553600 ,TH,,,1/1/00 0:00,,1.2671,,0.54,Non-Auction Ads,Promote
20230807,1773530170761210 ,SA,,,1/1/00 0:00,,1.2668,,0.54,Non-Auction Ads,Promote
20230807,1773588224502780 ,PT,,,1/1/00 0:00,,1.2655,,0.54,Non-Auction Ads,Promote
20230807,1773599687585790 ,TR,,,1/1/00 0:00,,1.265,,0.54,Non-Auction Ads,Promote
20230807,1773459522054140 ,VN,,,1/1/00 0:00,,1.2635,,0.54,Non-Auction Ads,Promote
20230807,1773551934834680 ,MY,,,1/1/00 0:00,,1.2629,,0.54,Non-Auction Ads,Promote
20230807,1773508424779770 ,SA,,,1/1/00 0:00,,1.261,,0.54,Non-Auction Ads,Promote
20230807,1773577843107840 ,SA,,,1/1/00 0:00,,1.261,,0.54,Non-Auction Ads,Promote
20230807,1773359588355070 ,SA,,,1/1/00 0:00,,1.2605,,0.54,Non-Auction Ads,Promote
20230807,1773592056622080 ,SA,,,1/1/00 0:00,,1.2605,,0.54,Non-Auction Ads,Promote
20230807,1773592115563520 ,SA,,,1/1/00 0:00,,1.2605,,0.54,Non-Auction Ads,Promote
20230807,1773534820547580 ,SA,,,1/1/00 0:00,,1.2605,,0.54,Non-Auction Ads,Promote
20230807,1773592008035330 ,SA,,,1/1/00 0:00,,1.2605,,0.54,Non-Auction Ads,Promote
20230807,1773569499714560 ,TR,,,1/1/00 0:00,,1.2598,,0.54,Non-Auction Ads,Promote
20230807,1773569229472760 ,TR,,,1/1/00 0:00,,1.2598,,0.54,Non-Auction Ads,Promote
20230807,1773588696331270 ,TH,,,1/1/00 0:00,,1.2592,,0.54,Non-Auction Ads,Promote
20230807,1773575056873470 ,BR,,,1/1/00 0:00,,1.2575,,0.54,Non-Auction Ads,Promote
20230807,1773495827249150 ,VN,,,1/1/00 0:00,,1.2566,,0.54,Non-Auction Ads,Promote
20230807,1773562457327610 ,SA,,,1/1/00 0:00,,1.2553,,0.54,Non-Auction Ads,Promote
20230807,1773493792739320 ,SA,,,1/1/00 0:00,,1.2553,,0.54,Non-Auction Ads,Promote
20230807,1773572204961790 ,IT,,,1/1/00 0:00,,1.2552,,0.54,Non-Auction Ads,Promote
20230807,1773569303053330 ,IT,,,1/1/00 0:00,,1.2551,,0.54,Non-Auction Ads,Promote
20230807,1773586967944190 ,IT,,,1/1/00 0:00,,1.2551,,0.54,Non-Auction Ads,Promote
20230807,1773612342137860 ,IT,,,1/1/00 0:00,,1.2551,,0.54,Non-Auction Ads,Promote
20230807,1773560835780600 ,NZ,,,1/1/00 0:00,,1.2551,,0.54,Non-Auction Ads,Promote
20230807,1773532507265030 ,IT,,,1/1/00 0:00,,1.2551,,0.54,Non-Auction Ads,Promote
20230807,1773510964023290 ,TR,,,1/1/00 0:00,,1.2508,,0.54,Non-Auction Ads,Promote
20230807,1773522791582720 ,US,,,1/1/00 0:00,,1.25,,0.54,Non-Auction Ads,Promote
20230807,1773598999469060 ,US,,,1/1/00 0:00,,1.25,,0.54,Non-Auction Ads,Promote
20230807,1773534250269700 ,US,,,1/1/00 0:00,,1.25,,0.54,Non-Auction Ads,Promote
20230807,1773598455299070 ,TH,,,1/1/00 0:00,,1.2491,,0.54,Non-Auction Ads,Promote
20230807,1773574850378750 ,DE,,,1/1/00 0:00,,1.2473,,0.54,Non-Auction Ads,Promote
20230807,1773477291909120 ,VN,,,1/1/00 0:00,,1.2468,,0.54,Non-Auction Ads,Promote
20230807,1773607880761350 ,BR,,,1/1/00 0:00,,1.2465,,0.54,Non-Auction Ads,Promote
20230807,1773607811190790 ,BR,,,1/1/00 0:00,,1.2465,,0.54,Non-Auction Ads,Promote
20230807,1773418660487160 ,AU,,,1/1/00 0:00,,1.2459,,0.54,Non-Auction Ads,Promote
20230807,1773562562153470 ,SA,,,1/1/00 0:00,,1.2426,,0.54,Non-Auction Ads,Promote
20230807,1773549823841280 ,SA,,,1/1/00 0:00,,1.2426,,0.54,Non-Auction Ads,Promote
20230807,1773498149862400 ,SA,,,1/1/00 0:00,,1.2426,,0.54,Non-Auction Ads,Promote
20230807,1773576671255550 ,TH,,,1/1/00 0:00,,1.2369,,0.54,Non-Auction Ads,Promote
20230807,1773527213829120 ,TH,,,1/1/00 0:00,,1.2364,,0.54,Non-Auction Ads,Promote
20230807,1773530750935040 ,ID,,,1/1/00 0:00,,1.2361,,0.54,Non-Auction Ads,Promote
20230807,1773531458313210 ,ID,,,1/1/00 0:00,,1.2361,,0.54,Non-Auction Ads,Promote
20230807,1773506049499130 ,SA,,,1/1/00 0:00,,1.2347,,0.54,Non-Auction Ads,Promote
20230807,1773389924661240 ,SA,,,1/1/00 0:00,,1.2341,,0.54,Non-Auction Ads,Promote
20230807,1773478019330050 ,SA,,,1/1/00 0:00,,1.2335,,0.54,Non-Auction Ads,Promote
20230807,1773581239217150 ,ID,,,1/1/00 0:00,,1.233,,0.54,Non-Auction Ads,Promote
20230807,1773594049839200 ,BR,,,1/1/00 0:00,,1.2322,,0.54,Non-Auction Ads,Promote
20230807,1773585419134980 ,BR,,,1/1/00 0:00,,1.232,,0.54,Non-Auction Ads,Promote
20230807,1773593034320900 ,BR,,,1/1/00 0:00,,1.232,,0.54,Non-Auction Ads,Promote
20230807,1773580460953600 ,BR,,,1/1/00 0:00,,1.232,,0.54,Non-Auction Ads,Promote
20230807,1773593945857020 ,BR,,,1/1/00 0:00,,1.2319,,0.54,Non-Auction Ads,Promote
20230807,1773538415199270 ,BR,,,1/1/00 0:00,,1.2319,,0.54,Non-Auction Ads,Promote
20230807,1773572578690040 ,TH,,,1/1/00 0:00,,1.2309,,0.54,Non-Auction Ads,Promote
20230807,1773582000800770 ,BR,,,1/1/00 0:00,,1.2305,,0.54,Non-Auction Ads,Promote
20230807,1773516771502080 ,SA,,,1/1/00 0:00,,1.2298,,0.54,Non-Auction Ads,Promote
20230807,1773609377352700 ,KR,,,1/1/00 0:00,,1.2262,,0.54,Non-Auction Ads,Promote
20230807,1773542821468160 ,ID,,,1/1/00 0:00,,1.226,,0.54,Non-Auction Ads,Promote
20230807,1773445581411320 ,VN,,,1/1/00 0:00,,1.2245,,0.54,Non-Auction Ads,Promote
20230807,1773544854192120 ,TH,,,1/1/00 0:00,,1.2241,,0.54,Non-Auction Ads,Promote
20230807,1773573353751550 ,ID,,,1/1/00 0:00,,1.2239,,0.54,Non-Auction Ads,Promote
20230807,1773615742556160 ,JP,,,1/1/00 0:00,,1.2231,,0.54,Non-Auction Ads,Promote
20230807,1773561660102650 ,ID,,,1/1/00 0:00,,1.2231,,0.54,Non-Auction Ads,Promote
20230807,1773602318301180 ,BR,,,1/1/00 0:00,,1.2187,,0.54,Non-Auction Ads,Promote
20230807,1773602126415910 ,BR,,,1/1/00 0:00,,1.217,,0.54,Non-Auction Ads,Promote
20230807,1773597102231550 ,BR,,,1/1/00 0:00,,1.217,,0.54,Non-Auction Ads,Promote
20230807,1773585593157630 ,TH,,,1/1/00 0:00,,1.2164,,0.54,Non-Auction Ads,Promote
20230807,1773585899164670 ,TH,,,1/1/00 0:00,,1.2164,,0.54,Non-Auction Ads,Promote
20230807,1773586201767930 ,TH,,,1/1/00 0:00,,1.2164,,0.54,Non-Auction Ads,Promote
20230807,1773551574406140 ,MY,,,1/1/00 0:00,,1.2143,,0.54,Non-Auction Ads,Promote
20230807,1773531444277240 ,MY,,,1/1/00 0:00,,1.2143,,0.54,Non-Auction Ads,Promote
20230807,1773551618713600 ,MY,,,1/1/00 0:00,,1.2143,,0.54,Non-Auction Ads,Promote
20230807,1773534813808640 ,SA,,,1/1/00 0:00,,1.2134,,0.54,Non-Auction Ads,Promote
20230807,1773582016553980 ,MY,,,1/1/00 0:00,,1.213,,0.54,Non-Auction Ads,Promote
20230807,1773573650532350 ,ID,,,1/1/00 0:00,,1.2129,,0.54,Non-Auction Ads,Promote
20230807,1773541851487230 ,PH,,,1/1/00 0:00,,1.2103,,0.54,Non-Auction Ads,Promote
20230807,1773567913291780 ,ES,,,1/1/00 0:00,,1.2103,,0.54,Non-Auction Ads,Promote
20230807,1773500488212480 ,SA,,,1/1/00 0:00,,1.2091,,0.54,Non-Auction Ads,Promote
20230807,1773591565522950 ,GB,,,1/1/00 0:00,,1.2063,,0.54,Non-Auction Ads,Promote
20230807,1773540480148480 ,VN,,,1/1/00 0:00,,1.2045,,0.54,Non-Auction Ads,Promote
20230807,1773552037668860 ,TH,,,1/1/00 0:00,,1.2036,,0.54,Non-Auction Ads,Promote
20230807,1773529529196550 ,US,,,1/1/00 0:00,,1.2008,,0.54,Non-Auction Ads,Promote
20230807,1773502115670010 ,SA,,,1/1/00 0:00,,1.1987,,0.54,Non-Auction Ads,Promote
20230807,1773549332973570 ,US,,,1/1/00 0:00,,1.1946,,0.54,Non-Auction Ads,Promote
20230807,1773529176418300 ,SA,,,1/1/00 0:00,,1.1915,,0.54,Non-Auction Ads,Promote
20230807,1773591091649530 ,TH,,,1/1/00 0:00,,1.1914,,0.54,Non-Auction Ads,Promote
20230807,1773600226564090 ,TH,,,1/1/00 0:00,,1.1901,,0.54,Non-Auction Ads,Promote
20230807,1773608559861760 ,BR,,,1/1/00 0:00,,1.1887,,0.54,Non-Auction Ads,Promote
20230807,1773550396158970 ,ID,,,1/1/00 0:00,,1.1862,,0.54,Non-Auction Ads,Promote
20230807,1773537531212800 ,TH,,,1/1/00 0:00,,1.1855,,0.54,Non-Auction Ads,Promote
20230807,1773569177802810 ,ID,,,1/1/00 0:00,,1.183,,0.54,Non-Auction Ads,Promote
20230807,1773541300694010 ,VN,,,1/1/00 0:00,,1.1819,,0.54,Non-Auction Ads,Promote
20230807,1773539856294910 ,SG,,,1/1/00 0:00,,1.1818,,0.54,Non-Auction Ads,Promote
20230807,1773581723377660 ,ID,,,1/1/00 0:00,,1.1775,,0.54,Non-Auction Ads,Promote
20230807,1773582462696510 ,ID,,,1/1/00 0:00,,1.1775,,0.54,Non-Auction Ads,Promote
20230807,1773587211278330 ,ID,,,1/1/00 0:00,,1.1775,,0.54,Non-Auction Ads,Promote
20230807,1773593412092930 ,US,,,1/1/00 0:00,,1.1765,,0.54,Non-Auction Ads,Promote
20230807,1773515900516350 ,AE,,,1/1/00 0:00,,1.1739,,0.54,Non-Auction Ads,Promote
20230807,1773476556932090 ,VN,,,1/1/00 0:00,,1.1729,,0.54,Non-Auction Ads,Promote
20230807,1773609597574150 ,IT,,,1/1/00 0:00,,1.1728,,0.54,Non-Auction Ads,Promote
20230807,1773534099574780 ,AU,,,1/1/00 0:00,,1.1721,,0.54,Non-Auction Ads,Promote
20230807,1773569459177470 ,BR,,,1/1/00 0:00,,1.1718,,0.54,Non-Auction Ads,Promote
20230807,1773575641711610 ,MY,,,1/1/00 0:00,,1.1714,,0.54,Non-Auction Ads,Promote
20230807,1773539580882940 ,MY,,,1/1/00 0:00,,1.1714,,0.54,Non-Auction Ads,Promote
20230807,1773588646711300 ,BR,,,1/1/00 0:00,,1.1692,,0.54,Non-Auction Ads,Promote
20230807,1773552205177860 ,BR,,,1/1/00 0:00,,1.1692,,0.54,Non-Auction Ads,Promote
20230807,1773588711744510 ,BR,,,1/1/00 0:00,,1.1692,,0.54,Non-Auction Ads,Promote
20230807,1773561860435960 ,SA,,,1/1/00 0:00,,1.1656,,0.54,Non-Auction Ads,Promote
20230807,1773584187623420 ,FR,,,1/1/00 0:00,,1.1655,,0.54,Non-Auction Ads,Promote
20230807,1773602088502270 ,BR,,,1/1/00 0:00,,1.1655,,0.54,Non-Auction Ads,Promote
20230807,1773573675331580 ,TH,,,1/1/00 0:00,,1.1647,,0.54,Non-Auction Ads,Promote
20230807,1773577234339840 ,US,,,1/1/00 0:00,,1.1639,,0.54,Non-Auction Ads,Promote
20230807,1773526309934080 ,BR,,,1/1/00 0:00,,1.1635,,0.54,Non-Auction Ads,Promote
20230807,1773616345118720 ,KH,,,1/1/00 0:00,,1.1611,,0.54,Non-Auction Ads,Promote
20230807,1773523570432000 ,US,,,1/1/00 0:00,,1.1609,,0.54,Non-Auction Ads,Promote
20230807,1773581321058300 ,ID,,,1/1/00 0:00,,1.1599,,0.54,Non-Auction Ads,Promote
20230807,1773558691427320 ,MY,,,1/1/00 0:00,,1.1574,,0.54,Non-Auction Ads,Promote
20230807,1773559373023230 ,MY,,,1/1/00 0:00,,1.1574,,0.54,Non-Auction Ads,Promote
20230807,1773555038750780 ,MY,,,1/1/00 0:00,,1.1574,,0.54,Non-Auction Ads,Promote
20230807,1773461969284090 ,VN,,,1/1/00 0:00,,1.1569,,0.54,Non-Auction Ads,Promote
20230807,1773461877749760 ,VN,,,1/1/00 0:00,,1.1569,,0.54,Non-Auction Ads,Promote
20230807,1773462017652730 ,VN,,,1/1/00 0:00,,1.1569,,0.54,Non-Auction Ads,Promote
20230807,1773575157633020 ,TH,,,1/1/00 0:00,,1.1565,,0.54,Non-Auction Ads,Promote
20230807,1773531428261880 ,TH,,,1/1/00 0:00,,1.1563,,0.54,Non-Auction Ads,Promote
20230807,1773592219433990 ,ES,,,1/1/00 0:00,,1.1559,,0.54,Non-Auction Ads,Promote
20230807,1773594413684740 ,ES,,,1/1/00 0:00,,1.1559,,0.54,Non-Auction Ads,Promote
20230807,1773596090427390 ,SA,,,1/1/00 0:00,,1.1557,,0.54,Non-Auction Ads,Promote
20230807,1773464747047930 ,SA,,,1/1/00 0:00,,1.1529,,0.54,Non-Auction Ads,Promote
20230807,1773585551802370 ,FI,,,1/1/00 0:00,,1.1521,,0.54,Non-Auction Ads,Promote
20230807,1773615057076230 ,TH,,,1/1/00 0:00,,1.1511,,0.54,Non-Auction Ads,Promote
20230807,1773615328796670 ,TH,,,1/1/00 0:00,,1.1511,,0.54,Non-Auction Ads,Promote
20230807,1773614642042880 ,TH,,,1/1/00 0:00,,1.1511,,0.54,Non-Auction Ads,Promote
20230807,1773614809073660 ,JP,,,1/1/00 0:00,,1.1511,,0.54,Non-Auction Ads,Promote
20230807,1773606655434750 ,SA,,,1/1/00 0:00,,1.1509,,0.54,Non-Auction Ads,Promote
20230807,1773497509628930 ,SA,,,1/1/00 0:00,,1.1507,,0.54,Non-Auction Ads,Promote
20230807,1773452694538240 ,VN,,,1/1/00 0:00,,1.1503,,0.54,Non-Auction Ads,Promote
20230807,1773465847535610 ,VN,,,1/1/00 0:00,,1.1499,,0.54,Non-Auction Ads,Promote
20230807,1773521553189880 ,SA,,,1/1/00 0:00,,1.1497,,0.54,Non-Auction Ads,Promote
20230807,1773602853004290 ,SA,,,1/1/00 0:00,,1.1497,,0.54,Non-Auction Ads,Promote
20230807,1773595671785470 ,ES,,,1/1/00 0:00,,1.1485,,0.54,Non-Auction Ads,Promote
20230807,1773596154925060 ,FR,,,1/1/00 0:00,,1.148,,0.54,Non-Auction Ads,Promote
20230807,1773418832620540 ,SA,,,1/1/00 0:00,,1.1475,,0.54,Non-Auction Ads,Promote
20230807,1773490331612160 ,SA,,,1/1/00 0:00,,1.1475,,0.54,Non-Auction Ads,Promote
20230807,1773491071838200 ,SA,,,1/1/00 0:00,,1.1475,,0.54,Non-Auction Ads,Promote
20230807,1773541307625470 ,SA,,,1/1/00 0:00,,1.1469,,0.54,Non-Auction Ads,Promote
20230807,1773550536681470 ,DE,,,1/1/00 0:00,,1.1456,,0.54,Non-Auction Ads,Promote
20230807,1773576021576700 ,TR,,,1/1/00 0:00,,1.1449,,0.54,Non-Auction Ads,Promote
20230807,1773596220744700 ,BR,,,1/1/00 0:00,,1.1447,,0.54,Non-Auction Ads,Promote
20230807,1773539994600440 ,VN,,,1/1/00 0:00,,1.1438,,0.54,Non-Auction Ads,Promote
20230807,1773516719565820 ,SA,,,1/1/00 0:00,,1.1436,,0.54,Non-Auction Ads,Promote
20230807,1773551420155910 ,FR,,,1/1/00 0:00,,1.1417,,0.54,Non-Auction Ads,Promote
20230807,1773601490117630 ,TH,,,1/1/00 0:00,,1.1396,,0.54,Non-Auction Ads,Promote
20230807,1773600778532860 ,TH,,,1/1/00 0:00,,1.1396,,0.54,Non-Auction Ads,Promote
20230807,1773600306783230 ,TH,,,1/1/00 0:00,,1.1396,,0.54,Non-Auction Ads,Promote
20230807,1773596473967610 ,TR,,,1/1/00 0:00,,1.1388,,0.54,Non-Auction Ads,Promote
20230807,1773557178985470 ,CA,,,1/1/00 0:00,,1.1377,,0.54,Non-Auction Ads,Promote
20230807,1773480141398010 ,VN,,,1/1/00 0:00,,1.1367,,0.54,Non-Auction Ads,Promote
20230807,1773609039677440 ,SA,,,1/1/00 0:00,,1.1348,,0.54,Non-Auction Ads,Promote
20230807,1773566438964220 ,SA,,,1/1/00 0:00,,1.1348,,0.54,Non-Auction Ads,Promote
20230807,1773566914573310 ,SA,,,1/1/00 0:00,,1.1348,,0.54,Non-Auction Ads,Promote
20230807,1773516698958840 ,SA,,,1/1/00 0:00,,1.1348,,0.54,Non-Auction Ads,Promote
20230807,1773608992055290 ,SA,,,1/1/00 0:00,,1.1348,,0.54,Non-Auction Ads,Promote
20230807,1773516607561730 ,SA,,,1/1/00 0:00,,1.1348,,0.54,Non-Auction Ads,Promote
20230807,1773473425351680 ,SA,,,1/1/00 0:00,,1.1348,,0.54,Non-Auction Ads,Promote
20230807,1773566582699010 ,SA,,,1/1/00 0:00,,1.1348,,0.54,Non-Auction Ads,Promote
20230807,1773577947683860 ,CA,,,1/1/00 0:00,,1.1341,,0.54,Non-Auction Ads,Promote
20230807,1773587301749830 ,CA,,,1/1/00 0:00,,1.1341,,0.54,Non-Auction Ads,Promote
20230807,1773530215851010 ,BR,,,1/1/00 0:00,,1.1329,,0.54,Non-Auction Ads,Promote
20230807,1773601348312100 ,GB,,,1/1/00 0:00,,1.1324,,0.54,Non-Auction Ads,Promote
20230807,1773578813726720 ,TH,,,1/1/00 0:00,,1.1319,,0.54,Non-Auction Ads,Promote
20230807,1773547607884800 ,MY,,,1/1/00 0:00,,1.1309,,0.54,Non-Auction Ads,Promote
20230807,1773574696628220 ,SA,,,1/1/00 0:00,,1.1297,,0.54,Non-Auction Ads,Promote
20230807,1773508655427580 ,AE,,,1/1/00 0:00,,1.1271,,0.54,Non-Auction Ads,Promote
20230807,1773508849445890 ,AE,,,1/1/00 0:00,,1.1271,,0.54,Non-Auction Ads,Promote
20230807,1773479380433920 ,VN,,,1/1/00 0:00,,1.1267,,0.54,Non-Auction Ads,Promote
20230807,1773613362289660 ,TH,,,1/1/00 0:00,,1.1259,,0.54,Non-Auction Ads,Promote
20230807,1773526979280890 ,TH,,,1/1/00 0:00,,1.1259,,0.54,Non-Auction Ads,Promote
20230807,1773588830980090 ,TH,,,1/1/00 0:00,,1.1255,,0.54,Non-Auction Ads,Promote
20230807,1773581787791360 ,TH,,,1/1/00 0:00,,1.1255,,0.54,Non-Auction Ads,Promote
20230807,1773589214950400 ,TH,,,1/1/00 0:00,,1.1255,,0.54,Non-Auction Ads,Promote
20230807,1773528627244030 ,GB,,,1/1/00 0:00,,1.1252,,0.54,Non-Auction Ads,Promote
20230807,1773558720758780 ,TH,,,1/1/00 0:00,,1.1246,,0.54,Non-Auction Ads,Promote
20230807,1773530074500100 ,BR,,,1/1/00 0:00,,1.1236,,0.54,Non-Auction Ads,Promote
20230807,1773474871583740 ,VN,,,1/1/00 0:00,,1.1226,,0.54,Non-Auction Ads,Promote
20230807,1773577046452220 ,TH,,,1/1/00 0:00,,1.1225,,0.54,Non-Auction Ads,Promote
20230807,1773526368476160 ,BR,,,1/1/00 0:00,,1.121,,0.54,Non-Auction Ads,Promote
20230807,1773526368476160 ,BR,,,1/1/00 0:00,,1.121,,0.54,Non-Auction Ads,Promote
20230807,1773601158849540 ,BR,,,1/1/00 0:00,,1.1208,,0.54,Non-Auction Ads,Promote
20230807,1773601457673220 ,BR,,,1/1/00 0:00,,1.1208,,0.54,Non-Auction Ads,Promote
20230807,1773608685320190 ,BR,,,1/1/00 0:00,,1.1191,,0.54,Non-Auction Ads,Promote
20230807,1773577751340030 ,KW,,,1/1/00 0:00,,1.119,,0.54,Non-Auction Ads,Promote
20230807,1773543123845120 ,VN,,,1/1/00 0:00,,1.1189,,0.54,Non-Auction Ads,Promote
20230807,1773544374181890 ,VN,,,1/1/00 0:00,,1.1189,,0.54,Non-Auction Ads,Promote
20230807,1773589753891840 ,CZ,,,1/1/00 0:00,,1.118,,0.54,Non-Auction Ads,Promote
20230807,1773569864448000 ,TH,,,1/1/00 0:00,,1.1179,,0.54,Non-Auction Ads,Promote
20230807,1773585735952390 ,ES,,,1/1/00 0:00,,1.1149,,0.54,Non-Auction Ads,Promote
20230807,1773585735952390 ,ES,,,1/1/00 0:00,,1.1149,,0.54,Non-Auction Ads,Promote
20230807,1773525423379460 ,DE,,,1/1/00 0:00,,1.1141,,0.54,Non-Auction Ads,Promote
20230807,1773563811067900 ,JP,,,1/1/00 0:00,,1.1137,,0.54,Non-Auction Ads,Promote
20230807,1773604535453690 ,JP,,,1/1/00 0:00,,1.1137,,0.54,Non-Auction Ads,Promote
20230807,1773563316230140 ,JP,,,1/1/00 0:00,,1.1137,,0.54,Non-Auction Ads,Promote
20230807,1773585929667580 ,TH,,,1/1/00 0:00,,1.1135,,0.54,Non-Auction Ads,Promote
20230807,1773547147046910 ,VN,,,1/1/00 0:00,,1.1115,,0.54,Non-Auction Ads,Promote
20230807,1773487221465090 ,VN,,,1/1/00 0:00,,1.1115,,0.54,Non-Auction Ads,Promote
20230807,1773459622379520 ,VN,,,1/1/00 0:00,,1.1115,,0.54,Non-Auction Ads,Promote
20230807,1773527035743230 ,US,,,1/1/00 0:00,,1.1111,,0.54,Non-Auction Ads,Promote
20230807,1773519769477120 ,US,,,1/1/00 0:00,,1.1111,,0.54,Non-Auction Ads,Promote
20230807,1773525285639170 ,US,,,1/1/00 0:00,,1.1111,,0.54,Non-Auction Ads,Promote
20230807,1773581615582200 ,SA,,,1/1/00 0:00,,1.1101,,0.54,Non-Auction Ads,Promote
20230807,1773585527719930 ,SA,,,1/1/00 0:00,,1.1101,,0.54,Non-Auction Ads,Promote
20230807,1773530352509950 ,SA,,,1/1/00 0:00,,1.1099,,0.54,Non-Auction Ads,Promote
20230807,1773600965136390 ,SA,,,1/1/00 0:00,,1.1099,,0.54,Non-Auction Ads,Promote
20230807,1773530501094400 ,KR,,,1/1/00 0:00,,1.1078,,0.54,Non-Auction Ads,Promote
20230807,1773472492901370 ,SA,,,1/1/00 0:00,,1.1077,,0.54,Non-Auction Ads,Promote
20230807,1773570490647550 ,FI,,,1/1/00 0:00,,1.1071,,0.54,Non-Auction Ads,Promote
20230807,1773591360857090 ,US,,,1/1/00 0:00,,1.1064,,0.54,Non-Auction Ads,Promote
20230807,1773571430544380 ,IT,,,1/1/00 0:00,,1.106,,0.54,Non-Auction Ads,Promote
20230807,1773566597578790 ,IT,,,1/1/00 0:00,,1.106,,0.54,Non-Auction Ads,Promote
20230807,1773470212303870 ,SA,,,1/1/00 0:00,,1.1054,,0.54,Non-Auction Ads,Promote
20230807,1773554872330240 ,TH,,,1/1/00 0:00,,1.1052,,0.54,Non-Auction Ads,Promote
20230807,1773561418268670 ,TH,,,1/1/00 0:00,,1.1052,,0.54,Non-Auction Ads,Promote
20230807,1773561610092540 ,TH,,,1/1/00 0:00,,1.1052,,0.54,Non-Auction Ads,Promote
20230807,1773522870608900 ,BR,,,1/1/00 0:00,,1.1048,,0.54,Non-Auction Ads,Promote
20230807,1773600615963650 ,FR,,,1/1/00 0:00,,1.1039,,0.54,Non-Auction Ads,Promote
20230807,1773593441452030 ,SA,,,1/1/00 0:00,,1.1032,,0.54,Non-Auction Ads,Promote
20230807,1773446664357890 ,VN,,,1/1/00 0:00,,1.1032,,0.54,Non-Auction Ads,Promote
20230807,1773573354602490 ,TH,,,1/1/00 0:00,,1.1029,,0.54,Non-Auction Ads,Promote
20230807,1773539064049660 ,ID,,,1/1/00 0:00,,1.1019,,0.54,Non-Auction Ads,Promote
20230807,1773574823974910 ,BR,,,1/1/00 0:00,,1.1018,,0.54,Non-Auction Ads,Promote
20230807,1773546751091710 ,BR,,,1/1/00 0:00,,1.0998,,0.54,Non-Auction Ads,Promote
20230807,1773423142793210 ,SA,,,1/1/00 0:00,,1.097,,0.54,Non-Auction Ads,Promote
20230807,1773597120509950 ,FR,,,1/1/00 0:00,,1.0968,,0.54,Non-Auction Ads,Promote
20230807,1773597456918530 ,FR,,,1/1/00 0:00,,1.0968,,0.54,Non-Auction Ads,Promote
20230807,1773570820199420 ,BR,,,1/1/00 0:00,,1.0959,,0.54,Non-Auction Ads,Promote
20230807,1773566953036800 ,US,,,1/1/00 0:00,,1.0938,,0.54,Non-Auction Ads,Promote
20230807,1773480477491200 ,VN,,,1/1/00 0:00,,1.0937,,0.54,Non-Auction Ads,Promote
20230807,1773482153411580 ,VN,,,1/1/00 0:00,,1.0937,,0.54,Non-Auction Ads,Promote
20230807,1773501227574330 ,VN,,,1/1/00 0:00,,1.0936,,0.54,Non-Auction Ads,Promote
20230807,1773564290947070 ,ID,,,1/1/00 0:00,,1.0928,,0.54,Non-Auction Ads,Promote
20230807,1773445194359800 ,SA,,,1/1/00 0:00,,1.0926,,0.54,Non-Auction Ads,Promote
20230807,1773559607360570 ,TH,,,1/1/00 0:00,,1.0926,,0.54,Non-Auction Ads,Promote
20230807,1773554776030210 ,ID,,,1/1/00 0:00,,1.0924,,0.54,Non-Auction Ads,Promote
20230807,1773554866681850 ,ID,,,1/1/00 0:00,,1.0924,,0.54,Non-Auction Ads,Promote
20230807,1773531659143160 ,SA,,,1/1/00 0:00,,1.0924,,0.54,Non-Auction Ads,Promote
20230807,1773561698644990 ,ID,,,1/1/00 0:00,,1.0924,,0.54,Non-Auction Ads,Promote
20230807,1773576210181140 ,RO,,,1/1/00 0:00,,1.0924,,0.54,Non-Auction Ads,Promote
20230807,1773587333942270 ,SA,,,1/1/00 0:00,,1.0904,,0.54,Non-Auction Ads,Promote
20230807,1773605828221950 ,BR,,,1/1/00 0:00,,1.0901,,0.54,Non-Auction Ads,Promote
20230807,1773467185545210 ,VN,,,1/1/00 0:00,,1.0898,,0.54,Non-Auction Ads,Promote
20230807,1773572620462080 ,MY,,,1/1/00 0:00,,1.0892,,0.54,Non-Auction Ads,Promote
20230807,1773574514042880 ,KW,,,1/1/00 0:00,,1.0861,,0.54,Non-Auction Ads,Promote
20230807,1773586403947520 ,ID,,,1/1/00 0:00,,1.0858,,0.54,Non-Auction Ads,Promote
20230807,1773367077111810 ,SA,,,1/1/00 0:00,,1.0855,,0.54,Non-Auction Ads,Promote
20230807,1773527944791040 ,BR,,,1/1/00 0:00,,1.0846,,0.54,Non-Auction Ads,Promote
20230807,1773534874672130 ,TH,,,1/1/00 0:00,,1.0843,,0.54,Non-Auction Ads,Promote
20230807,1773534795915260 ,TH,,,1/1/00 0:00,,1.0843,,0.54,Non-Auction Ads,Promote
20230807,1773538624748540 ,PH,,,1/1/00 0:00,,1.0842,,0.54,Non-Auction Ads,Promote
20230807,1773560808465410 ,DE,,,1/1/00 0:00,,1.0838,,0.54,Non-Auction Ads,Promote
20230807,1773593522511870 ,ID,,,1/1/00 0:00,,1.0836,,0.54,Non-Auction Ads,Promote
20230807,1773552254252030 ,ID,,,1/1/00 0:00,,1.083,,0.54,Non-Auction Ads,Promote
20230807,1773548872807420 ,ID,,,1/1/00 0:00,,1.0819,,0.54,Non-Auction Ads,Promote
20230807,1773527744985090 ,ID,,,1/1/00 0:00,,1.0816,,0.54,Non-Auction Ads,Promote
20230807,1773531358780410 ,VN,,,1/1/00 0:00,,1.081,,0.54,Non-Auction Ads,Promote
20230807,1773518731052030 ,SA,,,1/1/00 0:00,,1.0803,,0.54,Non-Auction Ads,Promote
20230807,1773542532235260 ,ID,,,1/1/00 0:00,,1.0793,,0.54,Non-Auction Ads,Promote
20230807,1773538253280260 ,BR,,,1/1/00 0:00,,1.0757,,0.54,Non-Auction Ads,Promote
20230807,1773540962604030 ,VN,,,1/1/00 0:00,,1.0731,,0.54,Non-Auction Ads,Promote
20230807,1773465170968570 ,VN,,,1/1/00 0:00,,1.0724,,0.54,Non-Auction Ads,Promote
20230807,1773602039094270 ,PT,,,1/1/00 0:00,,1.0719,,0.54,Non-Auction Ads,Promote
20230807,1773554066157560 ,ID,,,1/1/00 0:00,,1.071,,0.54,Non-Auction Ads,Promote
20230807,1773563150746620 ,ID,,,1/1/00 0:00,,1.0702,,0.54,Non-Auction Ads,Promote
20230807,1773586002211840 ,ID,,,1/1/00 0:00,,1.0702,,0.54,Non-Auction Ads,Promote
20230807,1773564220615680 ,ID,,,1/1/00 0:00,,1.0702,,0.54,Non-Auction Ads,Promote
20230807,1773592212594690 ,US,,,1/1/00 0:00,,1.07,,0.54,Non-Auction Ads,Promote
20230807,1773585330287630 ,US,,,1/1/00 0:00,,1.07,,0.54,Non-Auction Ads,Promote
20230807,1773594110606340 ,BR,,,1/1/00 0:00,,1.0692,,0.54,Non-Auction Ads,Promote
20230807,1773586343186430 ,TH,,,1/1/00 0:00,,1.0691,,0.54,Non-Auction Ads,Promote
20230807,1773553181461500 ,SA,,,1/1/00 0:00,,1.0665,,0.54,Non-Auction Ads,Promote
20230807,1773518057930750 ,SA,,,1/1/00 0:00,,1.0664,,0.54,Non-Auction Ads,Promote
20230807,1773433277189120 ,SA,,,1/1/00 0:00,,1.0664,,0.54,Non-Auction Ads,Promote
20230807,1773572445793280 ,PT,,,1/1/00 0:00,,1.0648,,0.54,Non-Auction Ads,Promote
20230807,1773485407155200 ,AE,,,1/1/00 0:00,,1.0642,,0.54,Non-Auction Ads,Promote
20230807,1773471698667520 ,VN,,,1/1/00 0:00,,1.064,,0.54,Non-Auction Ads,Promote
20230807,1773491566778370 ,VN,,,1/1/00 0:00,,1.064,,0.54,Non-Auction Ads,Promote
20230807,1773521484485630 ,US,,,1/1/00 0:00,,1.0638,,0.54,Non-Auction Ads,Promote
20230807,1773593673187330 ,SA,,,1/1/00 0:00,,1.0625,,0.54,Non-Auction Ads,Promote
20230807,1773533704707070 ,ID,,,1/1/00 0:00,,1.0606,,0.54,Non-Auction Ads,Promote
20230807,1773610742682620 ,SA,,,1/1/00 0:00,,1.0604,,0.54,Non-Auction Ads,Promote
20230807,1773570033505280 ,ES,,,1/1/00 0:00,,1.0597,,0.54,Non-Auction Ads,Promote
20230807,1773488585590780 ,SA,,,1/1/00 0:00,,1.0591,,0.54,Non-Auction Ads,Promote
20230807,1773543302316030 ,JP,,,1/1/00 0:00,,1.0582,,0.54,Non-Auction Ads,Promote
20230807,1773453138764800 ,VN,,,1/1/00 0:00,,1.0578,,0.54,Non-Auction Ads,Promote
20230807,1773582658952190 ,BR,,,1/1/00 0:00,,1.0564,,0.54,Non-Auction Ads,Promote
20230807,1773606846991360 ,BR,,,1/1/00 0:00,,1.0564,,0.54,Non-Auction Ads,Promote
20230807,1773361116315650 ,SA,,,1/1/00 0:00,,1.0563,,0.54,Non-Auction Ads,Promote
20230807,1773586411561980 ,BR,,,1/1/00 0:00,,1.0562,,0.54,Non-Auction Ads,Promote
20230807,1773587675076610 ,HU,,,1/1/00 0:00,,1.0548,,0.54,Non-Auction Ads,Promote
20230807,1773544306745340 ,KW,,,1/1/00 0:00,,1.0517,,0.54,Non-Auction Ads,Promote
20230807,1773541845488640 ,TH,,,1/1/00 0:00,,1.0513,,0.54,Non-Auction Ads,Promote
20230807,1773540835603450 ,TH,,,1/1/00 0:00,,1.0513,,0.54,Non-Auction Ads,Promote
20230807,1773547761687550 ,TH,,,1/1/00 0:00,,1.0513,,0.54,Non-Auction Ads,Promote
20230807,1773541971118080 ,TH,,,1/1/00 0:00,,1.0513,,0.54,Non-Auction Ads,Promote
20230807,1773602712010780 ,BR,,,1/1/00 0:00,,1.0501,,0.54,Non-Auction Ads,Promote
20230807,1773584692671500 ,IT,,,1/1/00 0:00,,1.0499,,0.54,Non-Auction Ads,Promote
20230807,1773570875528190 ,SA,,,1/1/00 0:00,,1.0495,,0.54,Non-Auction Ads,Promote
20230807,1773534780537850 ,ID,,,1/1/00 0:00,,1.0462,,0.54,Non-Auction Ads,Promote
20230807,1773565112647700 ,BR,,,1/1/00 0:00,,1.0449,,0.54,Non-Auction Ads,Promote
20230807,1773525134051330 ,BR,,,1/1/00 0:00,,1.0449,,0.54,Non-Auction Ads,Promote
20230807,1773527418905600 ,BR,,,1/1/00 0:00,,1.0449,,0.54,Non-Auction Ads,Promote
20230807,1773564537754620 ,TH,,,1/1/00 0:00,,1.0447,,0.54,Non-Auction Ads,Promote
20230807,1773600906680320 ,BR,,,1/1/00 0:00,,1.0437,,0.54,Non-Auction Ads,Promote
20230807,1773606849833980 ,BR,,,1/1/00 0:00,,1.0437,,0.54,Non-Auction Ads,Promote
20230807,1773578885816380 ,JP,,,1/1/00 0:00,,1.0436,,0.54,Non-Auction Ads,Promote
20230807,1773579053219900 ,JP,,,1/1/00 0:00,,1.0436,,0.54,Non-Auction Ads,Promote
20230807,1773540972730370 ,MY,,,1/1/00 0:00,,1.0432,,0.54,Non-Auction Ads,Promote
20230807,1773588382676990 ,TR,,,1/1/00 0:00,,1.0422,,0.54,Non-Auction Ads,Promote
20230807,1773575733745660 ,TR,,,1/1/00 0:00,,1.0422,,0.54,Non-Auction Ads,Promote
20230807,1773593966496800 ,BR,,,1/1/00 0:00,,1.0394,,0.54,Non-Auction Ads,Promote
20230807,1773599282504700 ,BR,,,1/1/00 0:00,,1.0394,,0.54,Non-Auction Ads,Promote
20230807,1773559373944830 ,TH,,,1/1/00 0:00,,1.0372,,0.54,Non-Auction Ads,Promote
20230807,1773583503089660 ,TH,,,1/1/00 0:00,,1.0372,,0.54,Non-Auction Ads,Promote
20230807,1773560000125950 ,TH,,,1/1/00 0:00,,1.0372,,0.54,Non-Auction Ads,Promote
20230807,1773501513483260 ,AE,,,1/1/00 0:00,,1.0371,,0.54,Non-Auction Ads,Promote
20230807,1773516130296830 ,SA,,,1/1/00 0:00,,1.0363,,0.54,Non-Auction Ads,Promote
20230807,1773422483387390 ,SA,,,1/1/00 0:00,,1.0359,,0.54,Non-Auction Ads,Promote
20230807,1773534464749570 ,ES,,,1/1/00 0:00,,1.0357,,0.54,Non-Auction Ads,Promote
20230807,1773484689178620 ,SA,,,1/1/00 0:00,,1.0354,,0.54,Non-Auction Ads,Promote
20230807,1773494665384960 ,SA,,,1/1/00 0:00,,1.0354,,0.54,Non-Auction Ads,Promote
20230807,1773423606466560 ,SA,,,1/1/00 0:00,,1.0354,,0.54,Non-Auction Ads,Promote
20230807,1773525551633410 ,BR,,,1/1/00 0:00,,1.0352,,0.54,Non-Auction Ads,Promote
20230807,1773525497753600 ,BR,,,1/1/00 0:00,,1.0352,,0.54,Non-Auction Ads,Promote
20230807,1773527963037690 ,MY,,,1/1/00 0:00,,1.0349,,0.54,Non-Auction Ads,Promote
20230807,1773594282291220 ,BR,,,1/1/00 0:00,,1.0344,,0.54,Non-Auction Ads,Promote
20230807,1773480885323770 ,SA,,,1/1/00 0:00,,1.0344,,0.54,Non-Auction Ads,Promote
20230807,1773450067021820 ,VN,,,1/1/00 0:00,,1.0341,,0.54,Non-Auction Ads,Promote
20230807,1773543803740160 ,MY,,,1/1/00 0:00,,1.034,,0.54,Non-Auction Ads,Promote
20230807,1773544847466490 ,MY,,,1/1/00 0:00,,1.034,,0.54,Non-Auction Ads,Promote
20230807,1773600531275770 ,SA,,,1/1/00 0:00,,1.0339,,0.54,Non-Auction Ads,Promote
20230807,1773529495334910 ,ID,,,1/1/00 0:00,,1.0336,,0.54,Non-Auction Ads,Promote
20230807,1773573285108740 ,BR,,,1/1/00 0:00,,1.0333,,0.54,Non-Auction Ads,Promote
20230807,1773542239048700 ,FR,,,1/1/00 0:00,,1.0333,,0.54,Non-Auction Ads,Promote
20230807,1773531113878670 ,MY,,,1/1/00 0:00,,1.0323,,0.54,Non-Auction Ads,Promote
20230807,1773584653257730 ,US,,,1/1/00 0:00,,1.0313,,0.54,Non-Auction Ads,Promote
20230807,1773591198800940 ,US,,,1/1/00 0:00,,1.0313,,0.54,Non-Auction Ads,Promote
20230807,1773550754889790 ,VN,,,1/1/00 0:00,,1.0282,,0.54,Non-Auction Ads,Promote
20230807,1773550539627520 ,VN,,,1/1/00 0:00,,1.0282,,0.54,Non-Auction Ads,Promote
20230807,1773522340070400 ,SA,,,1/1/00 0:00,,1.0259,,0.54,Non-Auction Ads,Promote
20230807,1773561013629950 ,SA,,,1/1/00 0:00,,1.0259,,0.54,Non-Auction Ads,Promote
20230807,1773522383154170 ,SA,,,1/1/00 0:00,,1.0259,,0.54,Non-Auction Ads,Promote
20230807,1773520965398520 ,SA,,,1/1/00 0:00,,1.0259,,0.54,Non-Auction Ads,Promote
20230807,1773594148929540 ,BR,,,1/1/00 0:00,,1.0253,,0.54,Non-Auction Ads,Promote
20230807,1773530494270460 ,TH,,,1/1/00 0:00,,1.0251,,0.54,Non-Auction Ads,Promote
20230807,1773532852279290 ,VN,,,1/1/00 0:00,,1.0248,,0.54,Non-Auction Ads,Promote
20230807,1773521015177220 ,CA,,,1/1/00 0:00,,1.0245,,0.54,Non-Auction Ads,Promote
20230807,1773589799079940 ,TH,,,1/1/00 0:00,,1.0237,,0.54,Non-Auction Ads,Promote
20230807,1773539260772350 ,ID,,,1/1/00 0:00,,1.0231,,0.54,Non-Auction Ads,Promote
20230807,1773507401926650 ,AE,,,1/1/00 0:00,,1.0218,,0.54,Non-Auction Ads,Promote
20230807,1773586994726910 ,BR,,,1/1/00 0:00,,1.0186,,0.54,Non-Auction Ads,Promote
20230807,1773531447286780 ,TH,,,1/1/00 0:00,,1.0172,,0.54,Non-Auction Ads,Promote
20230807,1773487467730940 ,VN,,,1/1/00 0:00,,1.0167,,0.54,Non-Auction Ads,Promote
20230807,1773535464752120 ,TH,,,1/1/00 0:00,,1.0165,,0.54,Non-Auction Ads,Promote
20230807,1773595254876160 ,TH,,,1/1/00 0:00,,1.0165,,0.54,Non-Auction Ads,Promote
20230807,1773535442783230 ,TH,,,1/1/00 0:00,,1.0165,,0.54,Non-Auction Ads,Promote
20230807,1773535212350460 ,TH,,,1/1/00 0:00,,1.0165,,0.54,Non-Auction Ads,Promote
20230807,1773452019898430 ,VN,,,1/1/00 0:00,,1.016,,0.54,Non-Auction Ads,Promote
20230807,1773498906882050 ,AE,,,1/1/00 0:00,,1.0154,,0.54,Non-Auction Ads,Promote
20230807,1773503002610680 ,AE,,,1/1/00 0:00,,1.0154,,0.54,Non-Auction Ads,Promote
20230807,1773595385627650 ,NL,,,1/1/00 0:00,,1.0152,,0.54,Non-Auction Ads,Promote
20230807,1773595385627650 ,NL,,,1/1/00 0:00,,1.0152,,0.54,Non-Auction Ads,Promote
20230807,1773574374608890 ,ID,,,1/1/00 0:00,,1.0145,,0.54,Non-Auction Ads,Promote
20230807,1773579375661050 ,ID,,,1/1/00 0:00,,1.0145,,0.54,Non-Auction Ads,Promote
20230807,1773561418417150 ,ID,,,1/1/00 0:00,,1.014,,0.54,Non-Auction Ads,Promote
20230807,1773561187120130 ,ID,,,1/1/00 0:00,,1.014,,0.54,Non-Auction Ads,Promote
20230807,1773540361125890 ,ID,,,1/1/00 0:00,,1.014,,0.54,Non-Auction Ads,Promote
20230807,1773528464415740 ,BR,,,1/1/00 0:00,,1.0137,,0.54,Non-Auction Ads,Promote
20230807,1773583188032530 ,TH,,,1/1/00 0:00,,1.0137,,0.54,Non-Auction Ads,Promote
20230807,1773583137296380 ,MY,,,1/1/00 0:00,,1.0121,,0.54,Non-Auction Ads,Promote
20230807,1773374346034170 ,SA,,,1/1/00 0:00,,1.0119,,0.54,Non-Auction Ads,Promote
20230807,1773379901298680 ,SA,,,1/1/00 0:00,,1.0098,,0.54,Non-Auction Ads,Promote
20230807,1773379801482240 ,SA,,,1/1/00 0:00,,1.0098,,0.54,Non-Auction Ads,Promote
20230807,1773590292581380 ,DE,,,1/1/00 0:00,,1.0087,,0.54,Non-Auction Ads,Promote
20230807,1773581783652380 ,DE,,,1/1/00 0:00,,1.0087,,0.54,Non-Auction Ads,Promote
20230807,1773580962533380 ,DE,,,1/1/00 0:00,,1.0087,,0.54,Non-Auction Ads,Promote
20230807,1773579589521410 ,DE,,,1/1/00 0:00,,1.0087,,0.54,Non-Auction Ads,Promote
20230807,1773586871300100 ,BR,,,1/1/00 0:00,,1.0085,,0.54,Non-Auction Ads,Promote
20230807,1773581951464470 ,BR,,,1/1/00 0:00,,1.0085,,0.54,Non-Auction Ads,Promote
20230807,1773592463549440 ,BR,,,1/1/00 0:00,,1.0085,,0.54,Non-Auction Ads,Promote
20230807,1773595304796160 ,BR,,,1/1/00 0:00,,1.0085,,0.54,Non-Auction Ads,Promote
20230807,1773577027197980 ,BR,,,1/1/00 0:00,,1.0085,,0.54,Non-Auction Ads,Promote
20230807,1773602386404350 ,BR,,,1/1/00 0:00,,1.0085,,0.54,Non-Auction Ads,Promote
20230807,1773583833665540 ,BR,,,1/1/00 0:00,,1.0085,,0.54,Non-Auction Ads,Promote
20230807,1773577431447550 ,BR,,,1/1/00 0:00,,1.0085,,0.54,Non-Auction Ads,Promote
20230807,1773470297425920 ,SA,,,1/1/00 0:00,,1.0079,,0.54,Non-Auction Ads,Promote
20230807,1773537793445890 ,VN,,,1/1/00 0:00,,1.0076,,0.54,Non-Auction Ads,Promote
20230807,1773564360717310 ,TR,,,1/1/00 0:00,,1.0064,,0.54,Non-Auction Ads,Promote
20230807,1773480607697920 ,SA,,,1/1/00 0:00,,1.0033,,0.54,Non-Auction Ads,Promote
20230807,1773602103402490 ,SA,,,1/1/00 0:00,,1.0033,,0.54,Non-Auction Ads,Promote
20230807,1773538187005950 ,SA,,,1/1/00 0:00,,1.0033,,0.54,Non-Auction Ads,Promote
20230807,1773515578011640 ,SA,,,1/1/00 0:00,,1.0033,,0.54,Non-Auction Ads,Promote
20230807,1773573914971130 ,SA,,,1/1/00 0:00,,1.0033,,0.54,Non-Auction Ads,Promote
20230807,1773573429073920 ,SA,,,1/1/00 0:00,,1.0033,,0.54,Non-Auction Ads,Promote
20230807,1773385987027960 ,SA,,,1/1/00 0:00,,1.0033,,0.54,Non-Auction Ads,Promote
20230807,1773582161505280 ,SA,,,1/1/00 0:00,,1.0033,,0.54,Non-Auction Ads,Promote
20230807,1773601924848640 ,SA,,,1/1/00 0:00,,1.0033,,0.54,Non-Auction Ads,Promote
20230807,1773480640264190 ,SA,,,1/1/00 0:00,,1.0033,,0.54,Non-Auction Ads,Promote
20230807,1773573934593020 ,SA,,,1/1/00 0:00,,1.0033,,0.54,Non-Auction Ads,Promote
20230807,1773577581776890 ,SA,,,1/1/00 0:00,,1.0033,,0.54,Non-Auction Ads,Promote
20230807,1773602055790590 ,SA,,,1/1/00 0:00,,1.0033,,0.54,Non-Auction Ads,Promote
20230807,1773480592770050 ,SA,,,1/1/00 0:00,,1.0033,,0.54,Non-Auction Ads,Promote
20230807,1773560932199420 ,SA,,,1/1/00 0:00,,1.0033,,0.54,Non-Auction Ads,Promote
20230807,1773560949694460 ,SA,,,1/1/00 0:00,,1.0033,,0.54,Non-Auction Ads,Promote
20230807,1773602118974460 ,SA,,,1/1/00 0:00,,1.0033,,0.54,Non-Auction Ads,Promote
20230807,1773602147158010 ,SA,,,1/1/00 0:00,,1.0033,,0.54,Non-Auction Ads,Promote
20230807,1773480554407930 ,SA,,,1/1/00 0:00,,1.0033,,0.54,Non-Auction Ads,Promote
20230807,1773573914971130 ,SA,,,1/1/00 0:00,,1.0033,,0.54,Non-Auction Ads,Promote
20230807,1773480624153600 ,SA,,,1/1/00 0:00,,1.0033,,0.54,Non-Auction Ads,Promote
20230807,1773598966317050 ,SA,,,1/1/00 0:00,,1.0033,,0.54,Non-Auction Ads,Promote
20230807,1773601936891920 ,BR,,,1/1/00 0:00,,1.002,,0.54,Non-Auction Ads,Promote
20230807,1773551219190780 ,TH,,,1/1/00 0:00,,1.0019,,0.54,Non-Auction Ads,Promote
20230807,1773547171287040 ,TH,,,1/1/00 0:00,,1.0019,,0.54,Non-Auction Ads,Promote
20230807,1773591256387590 ,US,,,1/1/00 0:00,,1.0019,,0.54,Non-Auction Ads,Promote
20230807,1773546809930750 ,TH,,,1/1/00 0:00,,1.0019,,0.54,Non-Auction Ads,Promote
20230807,1773569434056740 ,US,,,1/1/00 0:00,,1.0019,,0.54,Non-Auction Ads,Promote
20230807,1773530290653180 ,US,,,1/1/00 0:00,,1,,0.54,Non-Auction Ads,Promote
20230807,1773589592865790 ,US,,,1/1/00 0:00,,1,,0.54,Non-Auction Ads,Promote
20230807,1773493192152060 ,SA,,,1/1/00 0:00,,0.9998,,0.54,Non-Auction Ads,Promote
20230807,1773460587904000 ,SA,,,1/1/00 0:00,,0.9998,,0.54,Non-Auction Ads,Promote
20230807,1773581126789120 ,BR,,,1/1/00 0:00,,0.9997,,0.54,Non-Auction Ads,Promote
20230807,1773586810870780 ,GB,,,1/1/00 0:00,,0.9991,,0.54,Non-Auction Ads,Promote
20230807,1773559498243070 ,ID,,,1/1/00 0:00,,0.9971,,0.54,Non-Auction Ads,Promote
20230807,1773371491756030 ,SA,,,1/1/00 0:00,,0.9964,,0.54,Non-Auction Ads,Promote
20230807,1773596915335170 ,BR,,,1/1/00 0:00,,0.994,,0.54,Non-Auction Ads,Promote
20230807,1773503101886480 ,EG,,,1/1/00 0:00,,0.9914,,0.54,Non-Auction Ads,Promote
20230807,1773540215547900 ,MY,,,1/1/00 0:00,,0.9913,,0.54,Non-Auction Ads,Promote
20230807,1773559639330810 ,MY,,,1/1/00 0:00,,0.9913,,0.54,Non-Auction Ads,Promote
20230807,1773580633617400 ,TH,,,1/1/00 0:00,,0.9905,,0.54,Non-Auction Ads,Promote
20230807,1773606275052540 ,ID,,,1/1/00 0:00,,0.9902,,0.54,Non-Auction Ads,Promote
20230807,1773528809863180 ,US,,,1/1/00 0:00,,0.99,,0.54,Non-Auction Ads,Promote
20230807,1773527114452990 ,US,,,1/1/00 0:00,,0.99,,0.54,Non-Auction Ads,Promote
20230807,1773534979152900 ,US,,,1/1/00 0:00,,0.99,,0.54,Non-Auction Ads,Promote
20230807,1773537787097090 ,ID,,,1/1/00 0:00,,0.9887,,0.54,Non-Auction Ads,Promote
20230807,1773568936670210 ,ID,,,1/1/00 0:00,,0.9882,,0.54,Non-Auction Ads,Promote
20230807,1773552623349760 ,ID,,,1/1/00 0:00,,0.9882,,0.54,Non-Auction Ads,Promote
20230807,1773563410894840 ,ID,,,1/1/00 0:00,,0.9882,,0.54,Non-Auction Ads,Promote
20230807,1773570078294010 ,ID,,,1/1/00 0:00,,0.9879,,0.54,Non-Auction Ads,Promote
20230807,1773574728834050 ,TH,,,1/1/00 0:00,,0.9862,,0.54,Non-Auction Ads,Promote
20230807,1773502257121280 ,SA,,,1/1/00 0:00,,0.9858,,0.54,Non-Auction Ads,Promote
20230807,1773596604513280 ,MY,,,1/1/00 0:00,,0.9856,,0.54,Non-Auction Ads,Promote
20230807,1773510471581690 ,SA,,,1/1/00 0:00,,0.9848,,0.54,Non-Auction Ads,Promote
20230807,1773577500605440 ,ID,,,1/1/00 0:00,,0.9846,,0.54,Non-Auction Ads,Promote
20230807,1773564297499640 ,ID,,,1/1/00 0:00,,0.9846,,0.54,Non-Auction Ads,Promote
20230807,1773571730990080 ,ID,,,1/1/00 0:00,,0.9846,,0.54,Non-Auction Ads,Promote
20230807,1773568575307770 ,ID,,,1/1/00 0:00,,0.9846,,0.54,Non-Auction Ads,Promote
20230807,1773587633958910 ,BR,,,1/1/00 0:00,,0.9832,,0.54,Non-Auction Ads,Promote
20230807,1773569405328390 ,BR,,,1/1/00 0:00,,0.9832,,0.54,Non-Auction Ads,Promote
20230807,1773583615012870 ,BR,,,1/1/00 0:00,,0.9832,,0.54,Non-Auction Ads,Promote
20230807,1773602192113670 ,BR,,,1/1/00 0:00,,0.9831,,0.54,Non-Auction Ads,Promote
20230807,1773595559286790 ,FR,,,1/1/00 0:00,,0.983,,0.54,Non-Auction Ads,Promote
20230807,1773585162388480 ,TH,,,1/1/00 0:00,,0.9823,,0.54,Non-Auction Ads,Promote
20230807,1773574602352640 ,MY,,,1/1/00 0:00,,0.9813,,0.54,Non-Auction Ads,Promote
20230807,1773532623932410 ,TH,,,1/1/00 0:00,,0.981,,0.54,Non-Auction Ads,Promote
20230807,1773539662992380 ,TH,,,1/1/00 0:00,,0.981,,0.54,Non-Auction Ads,Promote
20230807,1773607730903040 ,TH,,,1/1/00 0:00,,0.981,,0.54,Non-Auction Ads,Promote
20230807,1773533554718720 ,TH,,,1/1/00 0:00,,0.981,,0.54,Non-Auction Ads,Promote
20230807,1773586983967740 ,TH,,,1/1/00 0:00,,0.981,,0.54,Non-Auction Ads,Promote
20230807,1773540051475450 ,TH,,,1/1/00 0:00,,0.981,,0.54,Non-Auction Ads,Promote
20230807,1773547183940600 ,TR,,,1/1/00 0:00,,0.9806,,0.54,Non-Auction Ads,Promote
20230807,1773445036143610 ,SA,,,1/1/00 0:00,,0.9794,,0.54,Non-Auction Ads,Promote
20230807,1773483271246850 ,SA,,,1/1/00 0:00,,0.9794,,0.54,Non-Auction Ads,Promote
20230807,1773444966506490 ,SA,,,1/1/00 0:00,,0.9794,,0.54,Non-Auction Ads,Promote
20230807,1773539365518330 ,ID,,,1/1/00 0:00,,0.974,,0.54,Non-Auction Ads,Promote
20230807,1773533147451390 ,ID,,,1/1/00 0:00,,0.974,,0.54,Non-Auction Ads,Promote
20230807,1773596139947000 ,ID,,,1/1/00 0:00,,0.9739,,0.54,Non-Auction Ads,Promote
20230807,1773480323196920 ,AE,,,1/1/00 0:00,,0.9735,,0.54,Non-Auction Ads,Promote
20230807,1773606126449670 ,BR,,,1/1/00 0:00,,0.9727,,0.54,Non-Auction Ads,Promote
20230807,1773487103251450 ,VN,,,1/1/00 0:00,,0.9714,,0.54,Non-Auction Ads,Promote
20230807,1773536454708220 ,SA,,,1/1/00 0:00,,0.9701,,0.54,Non-Auction Ads,Promote
20230807,1773418812050430 ,SA,,,1/1/00 0:00,,0.9701,,0.54,Non-Auction Ads,Promote
20230807,1773610696267770 ,SA,,,1/1/00 0:00,,0.9699,,0.54,Non-Auction Ads,Promote
20230807,1773543245555710 ,MY,,,1/1/00 0:00,,0.9696,,0.54,Non-Auction Ads,Promote
20230807,1773510931904510 ,TR,,,1/1/00 0:00,,0.9695,,0.54,Non-Auction Ads,Promote
20230807,1773579850283010 ,TR,,,1/1/00 0:00,,0.9695,,0.54,Non-Auction Ads,Promote
20230807,1773615274092540 ,TH,,,1/1/00 0:00,,0.9694,,0.54,Non-Auction Ads,Promote
20230807,1773576146415610 ,TR,,,1/1/00 0:00,,0.9692,,0.54,Non-Auction Ads,Promote
20230807,1773569018240000 ,TR,,,1/1/00 0:00,,0.9692,,0.54,Non-Auction Ads,Promote
20230807,1773448594195450 ,SA,,,1/1/00 0:00,,0.9687,,0.54,Non-Auction Ads,Promote
20230807,1773448131521530 ,SA,,,1/1/00 0:00,,0.9687,,0.54,Non-Auction Ads,Promote
20230807,1773576160169990 ,US,,,1/1/00 0:00,,0.9643,,0.54,Non-Auction Ads,Promote
20230807,1773525235425280 ,US,,,1/1/00 0:00,,0.9643,,0.54,Non-Auction Ads,Promote
20230807,1773605663643650 ,BR,,,1/1/00 0:00,,0.9619,,0.54,Non-Auction Ads,Promote
20230807,1773525043725330 ,BR,,,1/1/00 0:00,,0.9618,,0.54,Non-Auction Ads,Promote
20230807,1773568660913150 ,JP,,,1/1/00 0:00,,0.9616,,0.54,Non-Auction Ads,Promote
20230807,1773568303694840 ,JP,,,1/1/00 0:00,,0.9616,,0.54,Non-Auction Ads,Promote
20230807,1773569398087680 ,JP,,,1/1/00 0:00,,0.9616,,0.54,Non-Auction Ads,Promote
20230807,1773574135412730 ,ID,,,1/1/00 0:00,,0.9608,,0.54,Non-Auction Ads,Promote
20230807,1773574386263040 ,ID,,,1/1/00 0:00,,0.9608,,0.54,Non-Auction Ads,Promote
20230807,1773429162468350 ,SA,,,1/1/00 0:00,,0.9591,,0.54,Non-Auction Ads,Promote
20230807,1773471885748220 ,SA,,,1/1/00 0:00,,0.9591,,0.54,Non-Auction Ads,Promote
20230807,1773548979610620 ,TH,,,1/1/00 0:00,,0.9589,,0.54,Non-Auction Ads,Promote
20230807,1773605376452610 ,SA,,,1/1/00 0:00,,0.9584,,0.54,Non-Auction Ads,Promote
20230807,1773381862743040 ,SA,,,1/1/00 0:00,,0.9584,,0.54,Non-Auction Ads,Promote
20230807,1773570883214330 ,SA,,,1/1/00 0:00,,0.9584,,0.54,Non-Auction Ads,Promote
20230807,1773419097317370 ,SA,,,1/1/00 0:00,,0.9584,,0.54,Non-Auction Ads,Promote
20230807,1773481591258110 ,SA,,,1/1/00 0:00,,0.9572,,0.54,Non-Auction Ads,Promote
20230807,1773570593192960 ,SA,,,1/1/00 0:00,,0.9572,,0.54,Non-Auction Ads,Promote
20230807,1773596071382010 ,ID,,,1/1/00 0:00,,0.9543,,0.54,Non-Auction Ads,Promote
20230807,1773519680028670 ,SA,,,1/1/00 0:00,,0.954,,0.54,Non-Auction Ads,Promote
20230807,1773496807183360 ,SA,,,1/1/00 0:00,,0.9524,,0.54,Non-Auction Ads,Promote
20230807,1773530370063360 ,IL,,,1/1/00 0:00,,0.9514,,0.54,Non-Auction Ads,Promote
20230807,1773574038521850 ,TH,,,1/1/00 0:00,,0.948,,0.54,Non-Auction Ads,Promote
20230807,1773574549592060 ,MY,,,1/1/00 0:00,,0.947,,0.54,Non-Auction Ads,Promote
20230807,1773531126587390 ,MY,,,1/1/00 0:00,,0.9464,,0.54,Non-Auction Ads,Promote
20230807,1773542441252860 ,MY,,,1/1/00 0:00,,0.9464,,0.54,Non-Auction Ads,Promote
20230807,1773383810039800 ,SA,,,1/1/00 0:00,,0.9462,,0.54,Non-Auction Ads,Promote
20230807,1773455398840320 ,SA,,,1/1/00 0:00,,0.9451,,0.54,Non-Auction Ads,Promote
20230807,1773539570513920 ,BR,,,1/1/00 0:00,,0.9448,,0.54,Non-Auction Ads,Promote
20230807,1773525740179460 ,BR,,,1/1/00 0:00,,0.9448,,0.54,Non-Auction Ads,Promote
20230807,1773449652396030 ,VN,,,1/1/00 0:00,,0.9442,,0.54,Non-Auction Ads,Promote
20230807,1773474062658560 ,VN,,,1/1/00 0:00,,0.9442,,0.54,Non-Auction Ads,Promote
20230807,1773564009419780 ,FR,,,1/1/00 0:00,,0.9433,,0.54,Non-Auction Ads,Promote
20230807,1773565692447740 ,FR,,,1/1/00 0:00,,0.9433,,0.54,Non-Auction Ads,Promote
20230807,1773567614563330 ,FR,,,1/1/00 0:00,,0.9433,,0.54,Non-Auction Ads,Promote
20230807,1773531267351550 ,BR,,,1/1/00 0:00,,0.9433,,0.54,Non-Auction Ads,Promote
20230807,1773504117835770 ,SA,,,1/1/00 0:00,,0.9424,,0.54,Non-Auction Ads,Promote
20230807,1773571567792140 ,BR,,,1/1/00 0:00,,0.9418,,0.54,Non-Auction Ads,Promote
20230807,1773608473683970 ,GB,,,1/1/00 0:00,,0.9417,,0.54,Non-Auction Ads,Promote
20230807,1773552742513660 ,MY,,,1/1/00 0:00,,0.9411,,0.54,Non-Auction Ads,Promote
20230807,1773572468710400 ,MY,,,1/1/00 0:00,,0.9411,,0.54,Non-Auction Ads,Promote
20230807,1773576572672000 ,MY,,,1/1/00 0:00,,0.9411,,0.54,Non-Auction Ads,Promote
20230807,1773537041741820 ,MY,,,1/1/00 0:00,,0.9411,,0.54,Non-Auction Ads,Promote
20230807,1773537718365180 ,ID,,,1/1/00 0:00,,0.9392,,0.54,Non-Auction Ads,Promote
20230807,1773611905199110 ,FR,,,1/1/00 0:00,,0.939,,0.54,Non-Auction Ads,Promote
20230807,1773537034380290 ,BR,,,1/1/00 0:00,,0.9383,,0.54,Non-Auction Ads,Promote
20230807,1773533345421310 ,BR,,,1/1/00 0:00,,0.9383,,0.54,Non-Auction Ads,Promote
20230807,1773486662508540 ,AE,,,1/1/00 0:00,,0.9381,,0.54,Non-Auction Ads,Promote
20230807,1773531342973950 ,BR,,,1/1/00 0:00,,0.9358,,0.54,Non-Auction Ads,Promote
20230807,1773587146697730 ,TR,,,1/1/00 0:00,,0.9352,,0.54,Non-Auction Ads,Promote
20230807,1773592705600510 ,TR,,,1/1/00 0:00,,0.9348,,0.54,Non-Auction Ads,Promote
20230807,1773488836809720 ,VN,,,1/1/00 0:00,,0.934,,0.54,Non-Auction Ads,Promote
20230807,1773517583314940 ,SA,,,1/1/00 0:00,,0.9337,,0.54,Non-Auction Ads,Promote
20230807,1773373398878210 ,SA,,,1/1/00 0:00,,0.9331,,0.54,Non-Auction Ads,Promote
20230807,1773373621705720 ,SA,,,1/1/00 0:00,,0.9331,,0.54,Non-Auction Ads,Promote
20230807,1773565346964480 ,ID,,,1/1/00 0:00,,0.932,,0.54,Non-Auction Ads,Promote
20230807,1773542475121670 ,DK,,,1/1/00 0:00,,0.9319,,0.54,Non-Auction Ads,Promote
20230807,1773576194153470 ,BR,,,1/1/00 0:00,,0.9316,,0.54,Non-Auction Ads,Promote
20230807,1773559151873020 ,ID,,,1/1/00 0:00,,0.9312,,0.54,Non-Auction Ads,Promote
20230807,1773495227905020 ,VN,,,1/1/00 0:00,,0.9311,,0.54,Non-Auction Ads,Promote
20230807,1773530426930170 ,MY,,,1/1/00 0:00,,0.931,,0.54,Non-Auction Ads,Promote
20230807,1773546164523010 ,MY,,,1/1/00 0:00,,0.931,,0.54,Non-Auction Ads,Promote
20230807,1773544400996350 ,TH,,,1/1/00 0:00,,0.9304,,0.54,Non-Auction Ads,Promote
20230807,1773495603208190 ,SA,,,1/1/00 0:00,,0.9303,,0.54,Non-Auction Ads,Promote
20230807,1773605685317630 ,SA,,,1/1/00 0:00,,0.93,,0.54,Non-Auction Ads,Promote
20230807,1773589499972610 ,TH,,,1/1/00 0:00,,0.929,,0.54,Non-Auction Ads,Promote
20230807,1773554197424130 ,TH,,,1/1/00 0:00,,0.929,,0.54,Non-Auction Ads,Promote
20230807,1773603508936760 ,TH,,,1/1/00 0:00,,0.9286,,0.54,Non-Auction Ads,Promote
20230807,1773471898145790 ,SA,,,1/1/00 0:00,,0.9282,,0.54,Non-Auction Ads,Promote
20230807,1773578810359810 ,BR,,,1/1/00 0:00,,0.9277,,0.54,Non-Auction Ads,Promote
20230807,1773589546290180 ,BR,,,1/1/00 0:00,,0.9252,,0.54,Non-Auction Ads,Promote
20230807,1773578720570370 ,JP,,,1/1/00 0:00,,0.9238,,0.54,Non-Auction Ads,Promote
20230807,1773585568114690 ,TH,,,1/1/00 0:00,,0.9225,,0.54,Non-Auction Ads,Promote
20230807,1773589237309440 ,TH,,,1/1/00 0:00,,0.9225,,0.54,Non-Auction Ads,Promote
20230807,1773551360796670 ,MY,,,1/1/00 0:00,,0.9224,,0.54,Non-Auction Ads,Promote
20230807,1773533963725820 ,MY,,,1/1/00 0:00,,0.9224,,0.54,Non-Auction Ads,Promote
20230807,1773607673696250 ,JP,,,1/1/00 0:00,,0.9207,,0.54,Non-Auction Ads,Promote
20230807,1773540863772670 ,VN,,,1/1/00 0:00,,0.9201,,0.54,Non-Auction Ads,Promote
20230807,1773580428919800 ,JP,,,1/1/00 0:00,,0.9199,,0.54,Non-Auction Ads,Promote
20230807,1773572293224450 ,MY,,,1/1/00 0:00,,0.9191,,0.54,Non-Auction Ads,Promote
20230807,1773563375026170 ,MY,,,1/1/00 0:00,,0.9191,,0.54,Non-Auction Ads,Promote
20230807,1773563176192000 ,MY,,,1/1/00 0:00,,0.9191,,0.54,Non-Auction Ads,Promote
20230807,1773609095214080 ,BR,,,1/1/00 0:00,,0.9182,,0.54,Non-Auction Ads,Promote
20230807,1773609241836550 ,IT,,,1/1/00 0:00,,0.9177,,0.54,Non-Auction Ads,Promote
20230807,1773573066184710 ,PL,,,1/1/00 0:00,,0.9175,,0.54,Non-Auction Ads,Promote
20230807,1773575387371570 ,PL,,,1/1/00 0:00,,0.9175,,0.54,Non-Auction Ads,Promote
20230807,1773544580382720 ,MY,,,1/1/00 0:00,,0.9172,,0.54,Non-Auction Ads,Promote
20230807,1773578629826560 ,MY,,,1/1/00 0:00,,0.9172,,0.54,Non-Auction Ads,Promote
20230807,1773572873607170 ,MY,,,1/1/00 0:00,,0.9172,,0.54,Non-Auction Ads,Promote
20230807,1773453524720640 ,VN,,,1/1/00 0:00,,0.9171,,0.54,Non-Auction Ads,Promote
20230807,1773494265883650 ,VN,,,1/1/00 0:00,,0.917,,0.54,Non-Auction Ads,Promote
20230807,1773494352445440 ,VN,,,1/1/00 0:00,,0.917,,0.54,Non-Auction Ads,Promote
20230807,1773522824664060 ,AE,,,1/1/00 0:00,,0.917,,0.54,Non-Auction Ads,Promote
20230807,1773596235484160 ,BR,,,1/1/00 0:00,,0.9161,,0.54,Non-Auction Ads,Promote
20230807,1773595250717710 ,IT,,,1/1/00 0:00,,0.916,,0.54,Non-Auction Ads,Promote
20230807,1773582211237890 ,IT,,,1/1/00 0:00,,0.9155,,0.54,Non-Auction Ads,Promote
20230807,1773505165842430 ,IT,,,1/1/00 0:00,,0.9155,,0.54,Non-Auction Ads,Promote
20230807,1773477101441020 ,VN,,,1/1/00 0:00,,0.9148,,0.54,Non-Auction Ads,Promote
20230807,1773477305756670 ,VN,,,1/1/00 0:00,,0.9148,,0.54,Non-Auction Ads,Promote
20230807,1773587227113470 ,ID,,,1/1/00 0:00,,0.9141,,0.54,Non-Auction Ads,Promote
20230807,1773561173721080 ,SA,,,1/1/00 0:00,,0.9141,,0.54,Non-Auction Ads,Promote
20230807,1773484385388540 ,SA,,,1/1/00 0:00,,0.914,,0.54,Non-Auction Ads,Promote
20230807,1773453005413370 ,SA,,,1/1/00 0:00,,0.914,,0.54,Non-Auction Ads,Promote
20230807,1773554731126780 ,SA,,,1/1/00 0:00,,0.914,,0.54,Non-Auction Ads,Promote
20230807,1773544524769280 ,IT,,,1/1/00 0:00,,0.9127,,0.54,Non-Auction Ads,Promote
20230807,1773564155729920 ,GB,,,1/1/00 0:00,,0.9119,,0.54,Non-Auction Ads,Promote
20230807,1773577029993470 ,TR,,,1/1/00 0:00,,0.9102,,0.54,Non-Auction Ads,Promote
20230807,1773487717487610 ,SA,,,1/1/00 0:00,,0.9099,,0.54,Non-Auction Ads,Promote
20230807,1773547454118910 ,ID,,,1/1/00 0:00,,0.9096,,0.54,Non-Auction Ads,Promote
20230807,1773505658215420 ,SA,,,1/1/00 0:00,,0.9092,,0.54,Non-Auction Ads,Promote
20230807,1773598985585670 ,BR,,,1/1/00 0:00,,0.909,,0.54,Non-Auction Ads,Promote
20230807,1773579834978310 ,FR,,,1/1/00 0:00,,0.909,,0.54,Non-Auction Ads,Promote
20230807,1773589398472700 ,TH,,,1/1/00 0:00,,0.9087,,0.54,Non-Auction Ads,Promote
20230807,1773599751597060 ,BR,,,1/1/00 0:00,,0.9084,,0.54,Non-Auction Ads,Promote
20230807,1773603456056320 ,BR,,,1/1/00 0:00,,0.9084,,0.54,Non-Auction Ads,Promote
20230807,1773564526694400 ,ID,,,1/1/00 0:00,,0.9079,,0.54,Non-Auction Ads,Promote
20230807,1773576869721080 ,ID,,,1/1/00 0:00,,0.9079,,0.54,Non-Auction Ads,Promote
20230807,1773548394796030 ,AE,,,1/1/00 0:00,,0.9073,,0.54,Non-Auction Ads,Promote
20230807,1773587205890050 ,TH,,,1/1/00 0:00,,0.9064,,0.54,Non-Auction Ads,Promote
20230807,1773454652860410 ,VN,,,1/1/00 0:00,,0.9062,,0.54,Non-Auction Ads,Promote
20230807,1773604380846080 ,BR,,,1/1/00 0:00,,0.906,,0.54,Non-Auction Ads,Promote
20230807,1773553785618430 ,TH,,,1/1/00 0:00,,0.9049,,0.54,Non-Auction Ads,Promote
20230807,1773572921672700 ,ID,,,1/1/00 0:00,,0.9043,,0.54,Non-Auction Ads,Promote
20230807,1773449980460030 ,VN,,,1/1/00 0:00,,0.9043,,0.54,Non-Auction Ads,Promote
20230807,1773530792331260 ,TH,,,1/1/00 0:00,,0.9035,,0.54,Non-Auction Ads,Promote
20230807,1773588057539590 ,BR,,,1/1/00 0:00,,0.9032,,0.54,Non-Auction Ads,Promote
20230807,1773541614477310 ,ID,,,1/1/00 0:00,,0.9029,,0.54,Non-Auction Ads,Promote
20230807,1773550686899200 ,ID,,,1/1/00 0:00,,0.9029,,0.54,Non-Auction Ads,Promote
20230807,1773544611829760 ,ID,,,1/1/00 0:00,,0.9029,,0.54,Non-Auction Ads,Promote
20230807,1773600512041980 ,SA,,,1/1/00 0:00,,0.9028,,0.54,Non-Auction Ads,Promote
20230807,1773531905966140 ,ID,,,1/1/00 0:00,,0.9012,,0.54,Non-Auction Ads,Promote
20230807,1773535019462650 ,ID,,,1/1/00 0:00,,0.9012,,0.54,Non-Auction Ads,Promote
20230807,1773533027119100 ,ID,,,1/1/00 0:00,,0.9012,,0.54,Non-Auction Ads,Promote
20230807,1773532697778170 ,ID,,,1/1/00 0:00,,0.9012,,0.54,Non-Auction Ads,Promote
20230807,1773532689980410 ,TH,,,1/1/00 0:00,,0.9008,,0.54,Non-Auction Ads,Promote
20230807,1773536780614650 ,MY,,,1/1/00 0:00,,0.9,,0.54,Non-Auction Ads,Promote
20230807,1773445451056120 ,SA,,,1/1/00 0:00,,0.8996,,0.54,Non-Auction Ads,Promote
20230807,1773385421795320 ,SA,,,1/1/00 0:00,,0.8996,,0.54,Non-Auction Ads,Promote
20230807,1773445273919490 ,SA,,,1/1/00 0:00,,0.8996,,0.54,Non-Auction Ads,Promote
20230807,1773601440173050 ,SA,,,1/1/00 0:00,,0.8992,,0.54,Non-Auction Ads,Promote
20230807,1773588032961600 ,TH,,,1/1/00 0:00,,0.8989,,0.54,Non-Auction Ads,Promote
20230807,1773468720175100 ,SA,,,1/1/00 0:00,,0.8985,,0.54,Non-Auction Ads,Promote
20230807,1773553438484480 ,SA,,,1/1/00 0:00,,0.8985,,0.54,Non-Auction Ads,Promote
20230807,1773468751848440 ,SA,,,1/1/00 0:00,,0.8985,,0.54,Non-Auction Ads,Promote
20230807,1773569469982720 ,SA,,,1/1/00 0:00,,0.8985,,0.54,Non-Auction Ads,Promote
20230807,1773576735570940 ,SA,,,1/1/00 0:00,,0.8985,,0.54,Non-Auction Ads,Promote
20230807,1773577161936890 ,SA,,,1/1/00 0:00,,0.8985,,0.54,Non-Auction Ads,Promote
20230807,1773564067001340 ,SA,,,1/1/00 0:00,,0.8968,,0.54,Non-Auction Ads,Promote
20230807,1773499254597630 ,VN,,,1/1/00 0:00,,0.8964,,0.54,Non-Auction Ads,Promote
20230807,1773500522189820 ,VN,,,1/1/00 0:00,,0.8964,,0.54,Non-Auction Ads,Promote
20230807,1773498913921020 ,VN,,,1/1/00 0:00,,0.8964,,0.54,Non-Auction Ads,Promote
20230807,1773497986716670 ,VN,,,1/1/00 0:00,,0.8964,,0.54,Non-Auction Ads,Promote
20230807,1773498461956090 ,VN,,,1/1/00 0:00,,0.8964,,0.54,Non-Auction Ads,Promote
20230807,1773500961537020 ,VN,,,1/1/00 0:00,,0.8964,,0.54,Non-Auction Ads,Promote
20230807,1773509045357560 ,VN,,,1/1/00 0:00,,0.8964,,0.54,Non-Auction Ads,Promote
20230807,1773498851401730 ,VN,,,1/1/00 0:00,,0.8964,,0.54,Non-Auction Ads,Promote
20230807,1773515810177020 ,VN,,,1/1/00 0:00,,0.8964,,0.54,Non-Auction Ads,Promote
20230807,1773511527282680 ,VN,,,1/1/00 0:00,,0.8964,,0.54,Non-Auction Ads,Promote
20230807,1773509728664570 ,VN,,,1/1/00 0:00,,0.8964,,0.54,Non-Auction Ads,Promote
20230807,1773518475555840 ,VN,,,1/1/00 0:00,,0.8964,,0.54,Non-Auction Ads,Promote
20230807,1773550034460670 ,PL,,,1/1/00 0:00,,0.8962,,0.54,Non-Auction Ads,Promote
20230807,1773578844929030 ,BR,,,1/1/00 0:00,,0.8961,,0.54,Non-Auction Ads,Promote
20230807,1773570790063110 ,BR,,,1/1/00 0:00,,0.8954,,0.54,Non-Auction Ads,Promote
20230807,1773514990414840 ,SA,,,1/1/00 0:00,,0.8948,,0.54,Non-Auction Ads,Promote
20230807,1773546612434940 ,ID,,,1/1/00 0:00,,0.8943,,0.54,Non-Auction Ads,Promote
20230807,1773554077284350 ,ID,,,1/1/00 0:00,,0.8943,,0.54,Non-Auction Ads,Promote
20230807,1773528338472960 ,TH,,,1/1/00 0:00,,0.8941,,0.54,Non-Auction Ads,Promote
20230807,1773529543188480 ,TH,,,1/1/00 0:00,,0.8941,,0.54,Non-Auction Ads,Promote
20230807,1773529758029820 ,TH,,,1/1/00 0:00,,0.8941,,0.54,Non-Auction Ads,Promote
20230807,1773528789007360 ,TH,,,1/1/00 0:00,,0.8941,,0.54,Non-Auction Ads,Promote
20230807,1773527517810690 ,TH,,,1/1/00 0:00,,0.8941,,0.54,Non-Auction Ads,Promote
20230807,1773528001850360 ,TH,,,1/1/00 0:00,,0.8941,,0.54,Non-Auction Ads,Promote
20230807,1773526996529150 ,TH,,,1/1/00 0:00,,0.8941,,0.54,Non-Auction Ads,Promote
20230807,1773528192036860 ,TH,,,1/1/00 0:00,,0.8941,,0.54,Non-Auction Ads,Promote
20230807,1773528539259900 ,TH,,,1/1/00 0:00,,0.8941,,0.54,Non-Auction Ads,Promote
20230807,1773527179485180 ,TH,,,1/1/00 0:00,,0.8941,,0.54,Non-Auction Ads,Promote
20230807,1773526278339580 ,TH,,,1/1/00 0:00,,0.8941,,0.54,Non-Auction Ads,Promote
20230807,1773529069760510 ,TH,,,1/1/00 0:00,,0.8941,,0.54,Non-Auction Ads,Promote
20230807,1773527683974140 ,TH,,,1/1/00 0:00,,0.8941,,0.54,Non-Auction Ads,Promote
20230807,1773526679036920 ,TH,,,1/1/00 0:00,,0.8941,,0.54,Non-Auction Ads,Promote
20230807,1773528665241600 ,TH,,,1/1/00 0:00,,0.8941,,0.54,Non-Auction Ads,Promote
20230807,1773565012825090 ,BR,,,1/1/00 0:00,,0.8938,,0.54,Non-Auction Ads,Promote
20230807,1773523666978810 ,VN,,,1/1/00 0:00,,0.8929,,0.54,Non-Auction Ads,Promote
20230807,1773534112335870 ,BR,,,1/1/00 0:00,,0.8925,,0.54,Non-Auction Ads,Promote
20230807,1773552521305090 ,BR,,,1/1/00 0:00,,0.8925,,0.54,Non-Auction Ads,Promote
20230807,1773554388051970 ,BR,,,1/1/00 0:00,,0.8925,,0.54,Non-Auction Ads,Promote
20230807,1773554027951100 ,KH,,,1/1/00 0:00,,0.8917,,0.54,Non-Auction Ads,Promote
20230807,1773549197047800 ,SA,,,1/1/00 0:00,,0.8917,,0.54,Non-Auction Ads,Promote
20230807,1773606279024640 ,BR,,,1/1/00 0:00,,0.891,,0.54,Non-Auction Ads,Promote
20230807,1773475067907070 ,VN,,,1/1/00 0:00,,0.8907,,0.54,Non-Auction Ads,Promote
20230807,1773554450922490 ,ID,,,1/1/00 0:00,,0.8905,,0.54,Non-Auction Ads,Promote
20230807,1773461705719810 ,VN,,,1/1/00 0:00,,0.8892,,0.54,Non-Auction Ads,Promote
20230807,1773556339723260 ,SA,,,1/1/00 0:00,,0.8888,,0.54,Non-Auction Ads,Promote
20230807,1773531853161470 ,BR,,,1/1/00 0:00,,0.8873,,0.54,Non-Auction Ads,Promote
20230807,1773584551870510 ,BR,,,1/1/00 0:00,,0.8872,,0.54,Non-Auction Ads,Promote
20230807,1773561420286970 ,MY,,,1/1/00 0:00,,0.8852,,0.54,Non-Auction Ads,Promote
20230807,1773451051212800 ,VN,,,1/1/00 0:00,,0.885,,0.54,Non-Auction Ads,Promote
20230807,1773534722808830 ,TH,,,1/1/00 0:00,,0.8848,,0.54,Non-Auction Ads,Promote
20230807,1773534849138680 ,TH,,,1/1/00 0:00,,0.8848,,0.54,Non-Auction Ads,Promote
20230807,1773571477288960 ,TH,,,1/1/00 0:00,,0.8842,,0.54,Non-Auction Ads,Promote
20230807,1773578079628290 ,BR,,,1/1/00 0:00,,0.8841,,0.54,Non-Auction Ads,Promote
20230807,1773527670720510 ,BR,,,1/1/00 0:00,,0.8835,,0.54,Non-Auction Ads,Promote
20230807,1773563151704060 ,JP,,,1/1/00 0:00,,0.8812,,0.54,Non-Auction Ads,Promote
20230807,1773565961656320 ,JP,,,1/1/00 0:00,,0.8812,,0.54,Non-Auction Ads,Promote
20230807,1773562980328450 ,JP,,,1/1/00 0:00,,0.8812,,0.54,Non-Auction Ads,Promote
20230807,1773563748236280 ,JP,,,1/1/00 0:00,,0.8812,,0.54,Non-Auction Ads,Promote
20230807,1773563317136380 ,JP,,,1/1/00 0:00,,0.8812,,0.54,Non-Auction Ads,Promote
20230807,1773562758139900 ,JP,,,1/1/00 0:00,,0.8812,,0.54,Non-Auction Ads,Promote
20230807,1773564092232700 ,JP,,,1/1/00 0:00,,0.8812,,0.54,Non-Auction Ads,Promote
20230807,1773562068989950 ,JP,,,1/1/00 0:00,,0.8812,,0.54,Non-Auction Ads,Promote
20230807,1773564257759230 ,JP,,,1/1/00 0:00,,0.8812,,0.54,Non-Auction Ads,Promote
20230807,1773563231461370 ,JP,,,1/1/00 0:00,,0.8812,,0.54,Non-Auction Ads,Promote
20230807,1773563597147130 ,JP,,,1/1/00 0:00,,0.8812,,0.54,Non-Auction Ads,Promote
20230807,1773538162707520 ,TH,,,1/1/00 0:00,,0.8796,,0.54,Non-Auction Ads,Promote
20230807,1773531043724280 ,VN,,,1/1/00 0:00,,0.8789,,0.54,Non-Auction Ads,Promote
20230807,1773559046919160 ,ID,,,1/1/00 0:00,,0.8786,,0.54,Non-Auction Ads,Promote
20230807,1773531855323130 ,MY,,,1/1/00 0:00,,0.8781,,0.54,Non-Auction Ads,Promote
20230807,1773582382139390 ,BR,,,1/1/00 0:00,,0.8778,,0.54,Non-Auction Ads,Promote
20230807,1773582445469700 ,BR,,,1/1/00 0:00,,0.8778,,0.54,Non-Auction Ads,Promote
20230807,1773552474436610 ,CZ,,,1/1/00 0:00,,0.8776,,0.54,Non-Auction Ads,Promote
20230807,1773563075269680 ,CZ,,,1/1/00 0:00,,0.8776,,0.54,Non-Auction Ads,Promote
20230807,1773597465586690 ,ID,,,1/1/00 0:00,,0.8766,,0.54,Non-Auction Ads,Promote
20230807,1773551022998520 ,ID,,,1/1/00 0:00,,0.8766,,0.54,Non-Auction Ads,Promote
20230807,1773551435435000 ,ID,,,1/1/00 0:00,,0.8766,,0.54,Non-Auction Ads,Promote
20230807,1773589620985850 ,SA,,,1/1/00 0:00,,0.8762,,0.54,Non-Auction Ads,Promote
20230807,1773603348890620 ,SA,,,1/1/00 0:00,,0.8762,,0.54,Non-Auction Ads,Promote
20230807,1773591966729210 ,SA,,,1/1/00 0:00,,0.8762,,0.54,Non-Auction Ads,Promote
20230807,1773536116567040 ,TH,,,1/1/00 0:00,,0.8757,,0.54,Non-Auction Ads,Promote
20230807,1773546684394490 ,TH,,,1/1/00 0:00,,0.8744,,0.54,Non-Auction Ads,Promote
20230807,1773539900144640 ,ID,,,1/1/00 0:00,,0.874,,0.54,Non-Auction Ads,Promote
20230807,1773540009863170 ,ID,,,1/1/00 0:00,,0.874,,0.54,Non-Auction Ads,Promote
20230807,1773554117246980 ,ES,,,1/1/00 0:00,,0.8738,,0.54,Non-Auction Ads,Promote
20230807,1773542045836290 ,ID,,,1/1/00 0:00,,0.8734,,0.54,Non-Auction Ads,Promote
20230807,1773499629173760 ,SA,,,1/1/00 0:00,,0.8725,,0.54,Non-Auction Ads,Promote
20230807,1773501639568380 ,SA,,,1/1/00 0:00,,0.8725,,0.54,Non-Auction Ads,Promote
20230807,1773552897186810 ,TH,,,1/1/00 0:00,,0.872,,0.54,Non-Auction Ads,Promote
20230807,1773614090184700 ,TH,,,1/1/00 0:00,,0.8718,,0.54,Non-Auction Ads,Promote
20230807,1773570385355780 ,GR,,,1/1/00 0:00,,0.8714,,0.54,Non-Auction Ads,Promote
20230807,1773391175638010 ,SA,,,1/1/00 0:00,,0.8712,,0.54,Non-Auction Ads,Promote
20230807,1773556663630840 ,ID,,,1/1/00 0:00,,0.8702,,0.54,Non-Auction Ads,Promote
20230807,1773473561523200 ,EG,,,1/1/00 0:00,,0.8684,,0.54,Non-Auction Ads,Promote
20230807,1773560831870970 ,TH,,,1/1/00 0:00,,0.8682,,0.54,Non-Auction Ads,Promote
20230807,1773578156662850 ,BR,,,1/1/00 0:00,,0.868,,0.54,Non-Auction Ads,Promote
20230807,1773567685309440 ,BR,,,1/1/00 0:00,,0.868,,0.54,Non-Auction Ads,Promote
20230807,1773550805535740 ,ES,,,1/1/00 0:00,,0.867,,0.54,Non-Auction Ads,Promote
20230807,1773552446654470 ,US,,,1/1/00 0:00,,0.8667,,0.54,Non-Auction Ads,Promote
20230807,1773536788624380 ,TH,,,1/1/00 0:00,,0.8661,,0.54,Non-Auction Ads,Promote
20230807,1773606009506810 ,SA,,,1/1/00 0:00,,0.8657,,0.54,Non-Auction Ads,Promote
20230807,1773531384811520 ,ID,,,1/1/00 0:00,,0.8643,,0.54,Non-Auction Ads,Promote
20230807,1773566205179920 ,BR,,,1/1/00 0:00,,0.8642,,0.54,Non-Auction Ads,Promote
20230807,1773572907265020 ,TH,,,1/1/00 0:00,,0.864,,0.54,Non-Auction Ads,Promote
20230807,1773577674471420 ,TH,,,1/1/00 0:00,,0.864,,0.54,Non-Auction Ads,Promote
20230807,1773491289561090 ,VN,,,1/1/00 0:00,,0.8639,,0.54,Non-Auction Ads,Promote
20230807,1773550454758400 ,VN,,,1/1/00 0:00,,0.8639,,0.54,Non-Auction Ads,Promote
20230807,1773501981350910 ,VN,,,1/1/00 0:00,,0.8639,,0.54,Non-Auction Ads,Promote
20230807,1773502006672380 ,VN,,,1/1/00 0:00,,0.8639,,0.54,Non-Auction Ads,Promote
20230807,1773580604184570 ,SA,,,1/1/00 0:00,,0.8635,,0.54,Non-Auction Ads,Promote
20230807,1773566389046270 ,MY,,,1/1/00 0:00,,0.8633,,0.54,Non-Auction Ads,Promote
20230807,1773577549069310 ,MY,,,1/1/00 0:00,,0.8633,,0.54,Non-Auction Ads,Promote
20230807,1773577130592250 ,MY,,,1/1/00 0:00,,0.8633,,0.54,Non-Auction Ads,Promote
20230807,1773580125320190 ,MY,,,1/1/00 0:00,,0.8633,,0.54,Non-Auction Ads,Promote
20230807,1773573402330110 ,MY,,,1/1/00 0:00,,0.8633,,0.54,Non-Auction Ads,Promote
20230807,1773581272205370 ,MY,,,1/1/00 0:00,,0.8633,,0.54,Non-Auction Ads,Promote
20230807,1773582397113340 ,MY,,,1/1/00 0:00,,0.8633,,0.54,Non-Auction Ads,Promote
20230807,1773547999287290 ,VN,,,1/1/00 0:00,,0.8631,,0.54,Non-Auction Ads,Promote
20230807,1773572924601340 ,ID,,,1/1/00 0:00,,0.863,,0.54,Non-Auction Ads,Promote
20230807,1773609862461440 ,ID,,,1/1/00 0:00,,0.8628,,0.54,Non-Auction Ads,Promote
20230807,1773557949720580 ,RO,,,1/1/00 0:00,,0.8627,,0.54,Non-Auction Ads,Promote
20230807,1773562060249090 ,RO,,,1/1/00 0:00,,0.8627,,0.54,Non-Auction Ads,Promote
20230807,1773595428388860 ,BR,,,1/1/00 0:00,,0.8626,,0.54,Non-Auction Ads,Promote
20230807,1773578917068800 ,BR,,,1/1/00 0:00,,0.8626,,0.54,Non-Auction Ads,Promote
20230807,1773591285122050 ,BR,,,1/1/00 0:00,,0.8626,,0.54,Non-Auction Ads,Promote
20230807,1773591685527580 ,BR,,,1/1/00 0:00,,0.8626,,0.54,Non-Auction Ads,Promote
20230807,1773592988560380 ,SA,,,1/1/00 0:00,,0.862,,0.54,Non-Auction Ads,Promote
20230807,1773539886098430 ,SA,,,1/1/00 0:00,,0.8614,,0.54,Non-Auction Ads,Promote
20230807,1773513189681150 ,VN,,,1/1/00 0:00,,0.8582,,0.54,Non-Auction Ads,Promote
20230807,1773539020352510 ,TH,,,1/1/00 0:00,,0.8569,,0.54,Non-Auction Ads,Promote
20230807,1773505108143100 ,VN,,,1/1/00 0:00,,0.856,,0.54,Non-Auction Ads,Promote
20230807,1773466254432250 ,SA,,,1/1/00 0:00,,0.8554,,0.54,Non-Auction Ads,Promote
20230807,1773539232409600 ,ID,,,1/1/00 0:00,,0.8541,,0.54,Non-Auction Ads,Promote
20230807,1773538821370880 ,ID,,,1/1/00 0:00,,0.8541,,0.54,Non-Auction Ads,Promote
20230807,1773543512263680 ,ID,,,1/1/00 0:00,,0.8534,,0.54,Non-Auction Ads,Promote
20230807,1773459844873220 ,VN,,,1/1/00 0:00,,0.8533,,0.54,Non-Auction Ads,Promote
20230807,1773533578592260 ,VN,,,1/1/00 0:00,,0.8533,,0.54,Non-Auction Ads,Promote
20230807,1773484735630330 ,SA,,,1/1/00 0:00,,0.8521,,0.54,Non-Auction Ads,Promote
20230807,1773596474546170 ,TH,,,1/1/00 0:00,,0.8518,,0.54,Non-Auction Ads,Promote
20230807,1773596439037950 ,TH,,,1/1/00 0:00,,0.8518,,0.54,Non-Auction Ads,Promote
20230807,1773532473577470 ,TH,,,1/1/00 0:00,,0.8513,,0.54,Non-Auction Ads,Promote
20230807,1773422830874620 ,SA,,,1/1/00 0:00,,0.8512,,0.54,Non-Auction Ads,Promote
20230807,1773599483554810 ,IL,,,1/1/00 0:00,,0.8511,,0.54,Non-Auction Ads,Promote
20230807,1773551615316990 ,ID,,,1/1/00 0:00,,0.851,,0.54,Non-Auction Ads,Promote
20230807,1773553954909180 ,ID,,,1/1/00 0:00,,0.851,,0.54,Non-Auction Ads,Promote
20230807,1773577951535100 ,TR,,,1/1/00 0:00,,0.8508,,0.54,Non-Auction Ads,Promote
20230807,1773569541341180 ,MY,,,1/1/00 0:00,,0.8503,,0.54,Non-Auction Ads,Promote
20230807,1773570350121980 ,TH,,,1/1/00 0:00,,0.8503,,0.54,Non-Auction Ads,Promote
20230807,1773589647852560 ,BR,,,1/1/00 0:00,,0.85,,0.54,Non-Auction Ads,Promote
20230807,1773495218141180 ,SA,,,1/1/00 0:00,,0.8495,,0.54,Non-Auction Ads,Promote
20230807,1773580729742330 ,MY,,,1/1/00 0:00,,0.8487,,0.54,Non-Auction Ads,Promote
20230807,1773455588130810 ,SA,,,1/1/00 0:00,,0.8474,,0.54,Non-Auction Ads,Promote
20230807,1773574484486140 ,MY,,,1/1/00 0:00,,0.8474,,0.54,Non-Auction Ads,Promote
20230807,1773565628450810 ,MY,,,1/1/00 0:00,,0.8474,,0.54,Non-Auction Ads,Promote
20230807,1773503576842240 ,VN,,,1/1/00 0:00,,0.8474,,0.54,Non-Auction Ads,Promote
20230807,1773609889875970 ,ID,,,1/1/00 0:00,,0.8467,,0.54,Non-Auction Ads,Promote
20230807,1773590551070740 ,BR,,,1/1/00 0:00,,0.8448,,0.54,Non-Auction Ads,Promote
20230807,1773601603846150 ,BR,,,1/1/00 0:00,,0.8441,,0.54,Non-Auction Ads,Promote
20230807,1773562698793980 ,ID,,,1/1/00 0:00,,0.8433,,0.54,Non-Auction Ads,Promote
20230807,1773364007074810 ,SA,,,1/1/00 0:00,,0.8409,,0.54,Non-Auction Ads,Promote
20230807,1773364032908290 ,SA,,,1/1/00 0:00,,0.8409,,0.54,Non-Auction Ads,Promote
20230807,1773479136068610 ,VN,,,1/1/00 0:00,,0.8404,,0.54,Non-Auction Ads,Promote
20230807,1773603151985660 ,BR,,,1/1/00 0:00,,0.8388,,0.54,Non-Auction Ads,Promote
20230807,1773385614316540 ,SA,,,1/1/00 0:00,,0.8376,,0.54,Non-Auction Ads,Promote
20230807,1773583235299330 ,ID,,,1/1/00 0:00,,0.8358,,0.54,Non-Auction Ads,Promote
20230807,1773501070168060 ,SA,,,1/1/00 0:00,,0.8351,,0.54,Non-Auction Ads,Promote
20230807,1773500788817920 ,SA,,,1/1/00 0:00,,0.8351,,0.54,Non-Auction Ads,Promote
20230807,1773588356472830 ,SA,,,1/1/00 0:00,,0.8344,,0.54,Non-Auction Ads,Promote
20230807,1773589019982850 ,TR,,,1/1/00 0:00,,0.8341,,0.54,Non-Auction Ads,Promote
20230807,1773589247432700 ,TR,,,1/1/00 0:00,,0.8341,,0.54,Non-Auction Ads,Promote
20230807,1773589420769280 ,TR,,,1/1/00 0:00,,0.8341,,0.54,Non-Auction Ads,Promote
20230807,1773598590080000 ,TR,,,1/1/00 0:00,,0.8341,,0.54,Non-Auction Ads,Promote
20230807,1773589105668100 ,TR,,,1/1/00 0:00,,0.8341,,0.54,Non-Auction Ads,Promote
20230807,1773564364938240 ,BR,,,1/1/00 0:00,,0.8339,,0.54,Non-Auction Ads,Promote
20230807,1773535171294270 ,VN,,,1/1/00 0:00,,0.8339,,0.54,Non-Auction Ads,Promote
20230807,1773574170515450 ,MY,,,1/1/00 0:00,,0.8336,,0.54,Non-Auction Ads,Promote
20230807,1773600057094140 ,KH,,,1/1/00 0:00,,0.8334,,0.54,Non-Auction Ads,Promote
20230807,1773523113216000 ,VN,,,1/1/00 0:00,,0.8333,,0.54,Non-Auction Ads,Promote
20230807,1773580638814210 ,IL,,,1/1/00 0:00,,0.8323,,0.54,Non-Auction Ads,Promote
20230807,1773599817891840 ,IL,,,1/1/00 0:00,,0.8323,,0.54,Non-Auction Ads,Promote
20230807,1773578820974590 ,SA,,,1/1/00 0:00,,0.8317,,0.54,Non-Auction Ads,Promote
20230807,1773547074632700 ,TH,,,1/1/00 0:00,,0.8317,,0.54,Non-Auction Ads,Promote
20230807,1773424279616510 ,SA,,,1/1/00 0:00,,0.8304,,0.54,Non-Auction Ads,Promote
20230807,1773477559447550 ,VN,,,1/1/00 0:00,,0.8297,,0.54,Non-Auction Ads,Promote
20230807,1773611828936700 ,TH,,,1/1/00 0:00,,0.8295,,0.54,Non-Auction Ads,Promote
20230807,1773526733794300 ,BR,,,1/1/00 0:00,,0.829,,0.54,Non-Auction Ads,Promote
20230807,1773507534657530 ,SA,,,1/1/00 0:00,,0.8285,,0.54,Non-Auction Ads,Promote
20230807,1773540698394620 ,TH,,,1/1/00 0:00,,0.8282,,0.54,Non-Auction Ads,Promote
20230807,1773540456160250 ,TH,,,1/1/00 0:00,,0.8282,,0.54,Non-Auction Ads,Promote
20230807,1773543199430650 ,TH,,,1/1/00 0:00,,0.8281,,0.54,Non-Auction Ads,Promote
20230807,1773560949149690 ,PH,,,1/1/00 0:00,,0.8281,,0.54,Non-Auction Ads,Promote
20230807,1773576869204990 ,PH,,,1/1/00 0:00,,0.8281,,0.54,Non-Auction Ads,Promote
20230807,1773596812701690 ,SA,,,1/1/00 0:00,,0.8279,,0.54,Non-Auction Ads,Promote
20230807,1773596766582780 ,SA,,,1/1/00 0:00,,0.8279,,0.54,Non-Auction Ads,Promote
20230807,1773594756401150 ,BR,,,1/1/00 0:00,,0.8268,,0.54,Non-Auction Ads,Promote
20230807,1773594756401150 ,BR,,,1/1/00 0:00,,0.8268,,0.54,Non-Auction Ads,Promote
20230807,1773530565682180 ,BR,,,1/1/00 0:00,,0.8268,,0.54,Non-Auction Ads,Promote
20230807,1773579848717310 ,TH,,,1/1/00 0:00,,0.8258,,0.54,Non-Auction Ads,Promote
20230807,1773526551401470 ,PT,,,1/1/00 0:00,,0.8253,,0.54,Non-Auction Ads,Promote
20230807,1773530951945220 ,BR,,,1/1/00 0:00,,0.8252,,0.54,Non-Auction Ads,Promote
20230807,1773565952808960 ,TH,,,1/1/00 0:00,,0.8251,,0.54,Non-Auction Ads,Promote
20230807,1773573615312890 ,TH,,,1/1/00 0:00,,0.8238,,0.54,Non-Auction Ads,Promote
20230807,1773578539184130 ,TH,,,1/1/00 0:00,,0.8238,,0.54,Non-Auction Ads,Promote
20230807,1773537207271420 ,TH,,,1/1/00 0:00,,0.8234,,0.54,Non-Auction Ads,Promote
20230807,1773522881637380 ,BR,,,1/1/00 0:00,,0.8221,,0.54,Non-Auction Ads,Promote
20230807,1773564280777730 ,BR,,,1/1/00 0:00,,0.8221,,0.54,Non-Auction Ads,Promote
20230807,1773607788659710 ,BR,,,1/1/00 0:00,,0.822,,0.54,Non-Auction Ads,Promote
20230807,1773592663776260 ,BR,,,1/1/00 0:00,,0.822,,0.54,Non-Auction Ads,Promote
20230807,1773592663776260 ,BR,,,1/1/00 0:00,,0.822,,0.54,Non-Auction Ads,Promote
20230807,1773468003855360 ,VN,,,1/1/00 0:00,,0.8219,,0.54,Non-Auction Ads,Promote
20230807,1773548844697600 ,BR,,,1/1/00 0:00,,0.8219,,0.54,Non-Auction Ads,Promote
20230807,1773529020304420 ,BR,,,1/1/00 0:00,,0.8219,,0.54,Non-Auction Ads,Promote
20230807,1773550522191870 ,TH,,,1/1/00 0:00,,0.8216,,0.54,Non-Auction Ads,Promote
20230807,1773566775738370 ,NZ,,,1/1/00 0:00,,0.8213,,0.54,Non-Auction Ads,Promote
20230807,1773566883154940 ,NZ,,,1/1/00 0:00,,0.8213,,0.54,Non-Auction Ads,Promote
20230807,1773529697512450 ,BR,,,1/1/00 0:00,,0.821,,0.54,Non-Auction Ads,Promote
20230807,1773604605962240 ,BR,,,1/1/00 0:00,,0.8209,,0.54,Non-Auction Ads,Promote
20230807,1773608610651140 ,BR,,,1/1/00 0:00,,0.8209,,0.54,Non-Auction Ads,Promote
20230807,1773603380995070 ,BR,,,1/1/00 0:00,,0.8209,,0.54,Non-Auction Ads,Promote
20230807,1773581706045440 ,BR,,,1/1/00 0:00,,0.8209,,0.54,Non-Auction Ads,Promote
20230807,1773603380995070 ,BR,,,1/1/00 0:00,,0.8209,,0.54,Non-Auction Ads,Promote
20230807,1773608610651140 ,BR,,,1/1/00 0:00,,0.8209,,0.54,Non-Auction Ads,Promote
20230807,1773506653684730 ,SA,,,1/1/00 0:00,,0.8208,,0.54,Non-Auction Ads,Promote
20230807,1773579610472450 ,BR,,,1/1/00 0:00,,0.8208,,0.54,Non-Auction Ads,Promote
20230807,1773501505267710 ,SA,,,1/1/00 0:00,,0.8208,,0.54,Non-Auction Ads,Promote
20230807,1773501935706110 ,SA,,,1/1/00 0:00,,0.8208,,0.54,Non-Auction Ads,Promote
20230807,1773585031968770 ,TH,,,1/1/00 0:00,,0.8208,,0.54,Non-Auction Ads,Promote
20230807,1773506653684730 ,SA,,,1/1/00 0:00,,0.8208,,0.54,Non-Auction Ads,Promote
20230807,1773501792149500 ,SA,,,1/1/00 0:00,,0.8208,,0.54,Non-Auction Ads,Promote
20230807,1773551680245760 ,BR,,,1/1/00 0:00,,0.8202,,0.54,Non-Auction Ads,Promote
20230807,1773592389803010 ,BR,,,1/1/00 0:00,,0.8178,,0.54,Non-Auction Ads,Promote
20230807,1773608646231040 ,BR,,,1/1/00 0:00,,0.8178,,0.54,Non-Auction Ads,Promote
20230807,1773588131252220 ,BR,,,1/1/00 0:00,,0.8178,,0.54,Non-Auction Ads,Promote
20230807,1773580720301060 ,BR,,,1/1/00 0:00,,0.8178,,0.54,Non-Auction Ads,Promote
20230807,1773546820412410 ,TH,,,1/1/00 0:00,,0.8177,,0.54,Non-Auction Ads,Promote
20230807,1773616117234680 ,TH,,,1/1/00 0:00,,0.8177,,0.54,Non-Auction Ads,Promote
20230807,1773616221352960 ,TH,,,1/1/00 0:00,,0.8177,,0.54,Non-Auction Ads,Promote
20230807,1773451537125370 ,VN,,,1/1/00 0:00,,0.8173,,0.54,Non-Auction Ads,Promote
20230807,1773483001674750 ,SA,,,1/1/00 0:00,,0.8171,,0.54,Non-Auction Ads,Promote
20230807,1773584122763260 ,SA,,,1/1/00 0:00,,0.8171,,0.54,Non-Auction Ads,Promote
20230807,1773606063311870 ,SA,,,1/1/00 0:00,,0.8171,,0.54,Non-Auction Ads,Promote
20230807,1773557353895930 ,ID,,,1/1/00 0:00,,0.8166,,0.54,Non-Auction Ads,Promote
20230807,1773496275105790 ,AE,,,1/1/00 0:00,,0.8155,,0.54,Non-Auction Ads,Promote
20230807,1773546073894910 ,TH,,,1/1/00 0:00,,0.8135,,0.54,Non-Auction Ads,Promote
20230807,1773537725598720 ,MY,,,1/1/00 0:00,,0.8126,,0.54,Non-Auction Ads,Promote
20230807,1773593241419770 ,MY,,,1/1/00 0:00,,0.8126,,0.54,Non-Auction Ads,Promote
20230807,1773555578102780 ,MY,,,1/1/00 0:00,,0.8126,,0.54,Non-Auction Ads,Promote
20230807,1773579676026880 ,MY,,,1/1/00 0:00,,0.8126,,0.54,Non-Auction Ads,Promote
20230807,1773550395310080 ,MY,,,1/1/00 0:00,,0.8126,,0.54,Non-Auction Ads,Promote
20230807,1773529291627520 ,TH,,,1/1/00 0:00,,0.8116,,0.54,Non-Auction Ads,Promote
20230807,1773543731800060 ,SA,,,1/1/00 0:00,,0.8109,,0.54,Non-Auction Ads,Promote
20230807,1773605453753340 ,TH,,,1/1/00 0:00,,0.8106,,0.54,Non-Auction Ads,Promote
20230807,1773595631503360 ,TH,,,1/1/00 0:00,,0.8106,,0.54,Non-Auction Ads,Promote
20230807,1773595471550460 ,TH,,,1/1/00 0:00,,0.8106,,0.54,Non-Auction Ads,Promote
20230807,1773525871207420 ,SA,,,1/1/00 0:00,,0.8102,,0.54,Non-Auction Ads,Promote
20230807,1773442097317880 ,SA,,,1/1/00 0:00,,0.8083,,0.54,Non-Auction Ads,Promote
20230807,1773553075485700 ,NL,,,1/1/00 0:00,,0.8076,,0.54,Non-Auction Ads,Promote
20230807,1773546391646200 ,KH,,,1/1/00 0:00,,0.8072,,0.54,Non-Auction Ads,Promote
20230807,1773479838217220 ,EG,,,1/1/00 0:00,,0.8066,,0.54,Non-Auction Ads,Promote
20230807,1773478658050050 ,AE,,,1/1/00 0:00,,0.8066,,0.54,Non-Auction Ads,Promote
20230807,1773610231825400 ,SA,,,1/1/00 0:00,,0.8062,,0.54,Non-Auction Ads,Promote
20230807,1773542685783040 ,US,,,1/1/00 0:00,,0.8061,,0.54,Non-Auction Ads,Promote
20230807,1773580239276030 ,BR,,,1/1/00 0:00,,0.8051,,0.54,Non-Auction Ads,Promote
20230807,1773584638538750 ,BR,,,1/1/00 0:00,,0.8051,,0.54,Non-Auction Ads,Promote
20230807,1773381486698490 ,SA,,,1/1/00 0:00,,0.8051,,0.54,Non-Auction Ads,Promote
20230807,1773593147187200 ,KR,,,1/1/00 0:00,,0.8049,,0.54,Non-Auction Ads,Promote
20230807,1773568946924540 ,JP,,,1/1/00 0:00,,0.8048,,0.54,Non-Auction Ads,Promote
20230807,1773568996740090 ,JP,,,1/1/00 0:00,,0.8048,,0.54,Non-Auction Ads,Promote
20230807,1773596382114820 ,BR,,,1/1/00 0:00,,0.8046,,0.54,Non-Auction Ads,Promote
20230807,1773496866665470 ,SA,,,1/1/00 0:00,,0.8044,,0.54,Non-Auction Ads,Promote
20230807,1773569898332160 ,MY,,,1/1/00 0:00,,0.8044,,0.54,Non-Auction Ads,Promote
20230807,1773544859638780 ,TH,,,1/1/00 0:00,,0.804,,0.54,Non-Auction Ads,Promote
20230807,1773569714894850 ,KH,,,1/1/00 0:00,,0.8035,,0.54,Non-Auction Ads,Promote
20230807,1773550655687680 ,ID,,,1/1/00 0:00,,0.8031,,0.54,Non-Auction Ads,Promote
20230807,1773528652796930 ,ID,,,1/1/00 0:00,,0.803,,0.54,Non-Auction Ads,Promote
20230807,1773597034988540 ,US,,,1/1/00 0:00,,0.8029,,0.54,Non-Auction Ads,Promote
20230807,1773560546650110 ,SA,,,1/1/00 0:00,,0.8029,,0.54,Non-Auction Ads,Promote
20230807,1773559442774010 ,TH,,,1/1/00 0:00,,0.8022,,0.54,Non-Auction Ads,Promote
20230807,1773576932873210 ,ID,,,1/1/00 0:00,,0.8021,,0.54,Non-Auction Ads,Promote
20230807,1773605013914630 ,BR,,,1/1/00 0:00,,0.8014,,0.54,Non-Auction Ads,Promote
20230807,1773604030573570 ,BR,,,1/1/00 0:00,,0.8014,,0.54,Non-Auction Ads,Promote
20230807,1773583450169340 ,TH,,,1/1/00 0:00,,0.8008,,0.54,Non-Auction Ads,Promote
20230807,1773541385799680 ,ID,,,1/1/00 0:00,,0.8005,,0.54,Non-Auction Ads,Promote
20230807,1773594726035450 ,ID,,,1/1/00 0:00,,0.8005,,0.54,Non-Auction Ads,Promote
20230807,1773420477480960 ,SA,,,1/1/00 0:00,,0.7999,,0.54,Non-Auction Ads,Promote
20230807,1773559379452930 ,SA,,,1/1/00 0:00,,0.7998,,0.54,Non-Auction Ads,Promote
20230807,1773496612363260 ,SA,,,1/1/00 0:00,,0.7997,,0.54,Non-Auction Ads,Promote
20230807,1773577079948290 ,CZ,,,1/1/00 0:00,,0.7989,,0.54,Non-Auction Ads,Promote
20230807,1773576106385430 ,CZ,,,1/1/00 0:00,,0.7989,,0.54,Non-Auction Ads,Promote
20230807,1773576106248190 ,ID,,,1/1/00 0:00,,0.7979,,0.54,Non-Auction Ads,Promote
20230807,1773569750551550 ,TH,,,1/1/00 0:00,,0.7973,,0.54,Non-Auction Ads,Promote
20230807,1773551184815100 ,TH,,,1/1/00 0:00,,0.7972,,0.54,Non-Auction Ads,Promote
20230807,1773516331245560 ,SA,,,1/1/00 0:00,,0.7972,,0.54,Non-Auction Ads,Promote
20230807,1773592327832580 ,BR,,,1/1/00 0:00,,0.7969,,0.54,Non-Auction Ads,Promote
20230807,1773583749524480 ,MY,,,1/1/00 0:00,,0.7969,,0.54,Non-Auction Ads,Promote
20230807,1773592383885310 ,BR,,,1/1/00 0:00,,0.7969,,0.54,Non-Auction Ads,Promote
20230807,1773522130081790 ,SA,,,1/1/00 0:00,,0.7954,,0.54,Non-Auction Ads,Promote
20230807,1773581285027840 ,ID,,,1/1/00 0:00,,0.7948,,0.54,Non-Auction Ads,Promote
20230807,1773539352345600 ,BR,,,1/1/00 0:00,,0.7946,,0.54,Non-Auction Ads,Promote
20230807,1773532916346880 ,BR,,,1/1/00 0:00,,0.7936,,0.54,Non-Auction Ads,Promote
20230807,1773556013771770 ,ID,,,1/1/00 0:00,,0.7935,,0.54,Non-Auction Ads,Promote
20230807,1773549879344190 ,ID,,,1/1/00 0:00,,0.7935,,0.54,Non-Auction Ads,Promote
20230807,1773586150948920 ,ID,,,1/1/00 0:00,,0.7932,,0.54,Non-Auction Ads,Promote
20230807,1773551799318530 ,MY,,,1/1/00 0:00,,0.7927,,0.54,Non-Auction Ads,Promote
20230807,1773531866176510 ,ID,,,1/1/00 0:00,,0.7916,,0.54,Non-Auction Ads,Promote
20230807,1773569669744640 ,TH,,,1/1/00 0:00,,0.7898,,0.54,Non-Auction Ads,Promote
20230807,1773569574880250 ,TH,,,1/1/00 0:00,,0.7898,,0.54,Non-Auction Ads,Promote
20230807,1773465374269440 ,VN,,,1/1/00 0:00,,0.7879,,0.54,Non-Auction Ads,Promote
20230807,1773465411095550 ,VN,,,1/1/00 0:00,,0.7879,,0.54,Non-Auction Ads,Promote
20230807,1773469324840960 ,VN,,,1/1/00 0:00,,0.7879,,0.54,Non-Auction Ads,Promote
20230807,1773469354796030 ,VN,,,1/1/00 0:00,,0.7879,,0.54,Non-Auction Ads,Promote
20230807,1773440691094520 ,VN,,,1/1/00 0:00,,0.7879,,0.54,Non-Auction Ads,Promote
20230807,1773440691094520 ,VN,,,1/1/00 0:00,,0.7879,,0.54,Non-Auction Ads,Promote
20230807,1773564713636870 ,BR,,,1/1/00 0:00,,0.7874,,0.54,Non-Auction Ads,Promote
20230807,1773495706602490 ,VN,,,1/1/00 0:00,,0.7859,,0.54,Non-Auction Ads,Promote
20230807,1773576016469060 ,BR,,,1/1/00 0:00,,0.7839,,0.54,Non-Auction Ads,Promote
20230807,1773575893616640 ,BR,,,1/1/00 0:00,,0.7839,,0.54,Non-Auction Ads,Promote
20230807,1773570984676350 ,BR,,,1/1/00 0:00,,0.7839,,0.54,Non-Auction Ads,Promote
20230807,1773562582071300 ,FR,,,1/1/00 0:00,,0.7833,,0.54,Non-Auction Ads,Promote
20230807,1773486913042430 ,AE,,,1/1/00 0:00,,0.7831,,0.54,Non-Auction Ads,Promote
20230807,1773549000525880 ,AE,,,1/1/00 0:00,,0.7831,,0.54,Non-Auction Ads,Promote
20230807,1773544979625980 ,AE,,,1/1/00 0:00,,0.7831,,0.54,Non-Auction Ads,Promote
20230807,1773528341366780 ,PT,,,1/1/00 0:00,,0.7817,,0.54,Non-Auction Ads,Promote
20230807,1773487214995450 ,SA,,,1/1/00 0:00,,0.781,,0.54,Non-Auction Ads,Promote
20230807,1773536807878660 ,BR,,,1/1/00 0:00,,0.7808,,0.54,Non-Auction Ads,Promote
20230807,1773527409389570 ,BR,,,1/1/00 0:00,,0.7808,,0.54,Non-Auction Ads,Promote
20230807,1773527604222980 ,BR,,,1/1/00 0:00,,0.7808,,0.54,Non-Auction Ads,Promote
20230807,1773539045963770 ,SA,,,1/1/00 0:00,,0.7794,,0.54,Non-Auction Ads,Promote
20230807,1773453681286140 ,SA,,,1/1/00 0:00,,0.7794,,0.54,Non-Auction Ads,Promote
20230807,1773551499977720 ,SA,,,1/1/00 0:00,,0.7794,,0.54,Non-Auction Ads,Promote
20230807,1773582676356090 ,TH,,,1/1/00 0:00,,0.7792,,0.54,Non-Auction Ads,Promote
20230807,1773488201467900 ,VN,,,1/1/00 0:00,,0.7777,,0.54,Non-Auction Ads,Promote
20230807,1773470113744890 ,VN,,,1/1/00 0:00,,0.7776,,0.54,Non-Auction Ads,Promote
20230807,1773488725738490 ,VN,,,1/1/00 0:00,,0.7776,,0.54,Non-Auction Ads,Promote
20230807,1773584814595070 ,BR,,,1/1/00 0:00,,0.777,,0.54,Non-Auction Ads,Promote
20230807,1773540037638140 ,ID,,,1/1/00 0:00,,0.777,,0.54,Non-Auction Ads,Promote
20230807,1773577279793150 ,BR,,,1/1/00 0:00,,0.777,,0.54,Non-Auction Ads,Promote
20230807,1773581671651320 ,MY,,,1/1/00 0:00,,0.7766,,0.54,Non-Auction Ads,Promote
20230807,1773592965426170 ,ID,,,1/1/00 0:00,,0.7766,,0.54,Non-Auction Ads,Promote
20230807,1773580658751490 ,ID,,,1/1/00 0:00,,0.7762,,0.54,Non-Auction Ads,Promote
20230807,1773490351960060 ,VN,,,1/1/00 0:00,,0.7759,,0.54,Non-Auction Ads,Promote
20230807,1773552347039740 ,TH,,,1/1/00 0:00,,0.7753,,0.54,Non-Auction Ads,Promote
20230807,1773523450516480 ,US,,,1/1/00 0:00,,0.775,,0.54,Non-Auction Ads,Promote
20230807,1773523686172670 ,US,,,1/1/00 0:00,,0.775,,0.54,Non-Auction Ads,Promote
20230807,1773563832725540 ,BR,,,1/1/00 0:00,,0.7743,,0.54,Non-Auction Ads,Promote
20230807,1773520207769600 ,SA,,,1/1/00 0:00,,0.7734,,0.54,Non-Auction Ads,Promote
20230807,1773520428839930 ,SA,,,1/1/00 0:00,,0.7734,,0.54,Non-Auction Ads,Promote
20230807,1773517273114620 ,SA,,,1/1/00 0:00,,0.7734,,0.54,Non-Auction Ads,Promote
20230807,1773582696779780 ,BR,,,1/1/00 0:00,,0.7732,,0.54,Non-Auction Ads,Promote
20230807,1773532059792500 ,BR,,,1/1/00 0:00,,0.7731,,0.54,Non-Auction Ads,Promote
20230807,1773565478214660 ,BR,,,1/1/00 0:00,,0.7731,,0.54,Non-Auction Ads,Promote
20230807,1773570052275200 ,BR,,,1/1/00 0:00,,0.7731,,0.54,Non-Auction Ads,Promote
20230807,1773583980915710 ,FR,,,1/1/00 0:00,,0.7729,,0.54,Non-Auction Ads,Promote
20230807,1773586018956280 ,TH,,,1/1/00 0:00,,0.7728,,0.54,Non-Auction Ads,Promote
20230807,1773584806510590 ,TH,,,1/1/00 0:00,,0.7728,,0.54,Non-Auction Ads,Promote
20230807,1773518938225660 ,SA,,,1/1/00 0:00,,0.7721,,0.54,Non-Auction Ads,Promote
20230807,1773550497094650 ,ID,,,1/1/00 0:00,,0.7719,,0.54,Non-Auction Ads,Promote
20230807,1773615774789630 ,TH,,,1/1/00 0:00,,0.7717,,0.54,Non-Auction Ads,Promote
20230807,1773572154500090 ,TH,,,1/1/00 0:00,,0.7716,,0.54,Non-Auction Ads,Promote
20230807,1773594840052730 ,TH,,,1/1/00 0:00,,0.7716,,0.54,Non-Auction Ads,Promote
20230807,1773551560629250 ,IT,,,1/1/00 0:00,,0.7708,,0.54,Non-Auction Ads,Promote
20230807,1773539581107200 ,PH,,,1/1/00 0:00,,0.7708,,0.54,Non-Auction Ads,Promote
20230807,1773578598840380 ,SA,,,1/1/00 0:00,,0.7702,,0.54,Non-Auction Ads,Promote
20230807,1773519583151100 ,SA,,,1/1/00 0:00,,0.7701,,0.54,Non-Auction Ads,Promote
20230807,1773536120526850 ,MY,,,1/1/00 0:00,,0.7693,,0.54,Non-Auction Ads,Promote
20230807,1773531832633340 ,MY,,,1/1/00 0:00,,0.7693,,0.54,Non-Auction Ads,Promote
20230807,1773536154055680 ,MY,,,1/1/00 0:00,,0.7693,,0.54,Non-Auction Ads,Promote
20230807,1773576181404670 ,MY,,,1/1/00 0:00,,0.7693,,0.54,Non-Auction Ads,Promote
20230807,1773576133272570 ,MY,,,1/1/00 0:00,,0.7693,,0.54,Non-Auction Ads,Promote
20230807,1773568926368760 ,SA,,,1/1/00 0:00,,0.7688,,0.54,Non-Auction Ads,Promote
20230807,1773386050454530 ,SA,,,1/1/00 0:00,,0.7688,,0.54,Non-Auction Ads,Promote
20230807,1773557679623170 ,MY,,,1/1/00 0:00,,0.7687,,0.54,Non-Auction Ads,Promote
20230807,1773609533304830 ,GR,,,1/1/00 0:00,,0.7684,,0.54,Non-Auction Ads,Promote
20230807,1773579065954300 ,SA,,,1/1/00 0:00,,0.7683,,0.54,Non-Auction Ads,Promote
20230807,1773530622040060 ,PH,,,1/1/00 0:00,,0.7678,,0.54,Non-Auction Ads,Promote
20230807,1773542300420090 ,TH,,,1/1/00 0:00,,0.7678,,0.54,Non-Auction Ads,Promote
20230807,1773542955390970 ,TH,,,1/1/00 0:00,,0.7678,,0.54,Non-Auction Ads,Promote
20230807,1773600606081020 ,TH,,,1/1/00 0:00,,0.7676,,0.54,Non-Auction Ads,Promote
20230807,1773536784736250 ,MY,,,1/1/00 0:00,,0.7669,,0.54,Non-Auction Ads,Promote
20230807,1773534403828730 ,MY,,,1/1/00 0:00,,0.7669,,0.54,Non-Auction Ads,Promote
20230807,1773588295452670 ,BR,,,1/1/00 0:00,,0.7655,,0.54,Non-Auction Ads,Promote
20230807,1773606690100220 ,BR,,,1/1/00 0:00,,0.7655,,0.54,Non-Auction Ads,Promote
20230807,1773604024610810 ,SA,,,1/1/00 0:00,,0.7649,,0.54,Non-Auction Ads,Promote
20230807,1773550166813690 ,VN,,,1/1/00 0:00,,0.7644,,0.54,Non-Auction Ads,Promote
20230807,1773438427469820 ,SA,,,1/1/00 0:00,,0.7643,,0.54,Non-Auction Ads,Promote
20230807,1773446101450750 ,VN,,,1/1/00 0:00,,0.7639,,0.54,Non-Auction Ads,Promote
20230807,1773514547449850 ,QA,,,1/1/00 0:00,,0.7631,,0.54,Non-Auction Ads,Promote
20230807,1773514564923390 ,QA,,,1/1/00 0:00,,0.7631,,0.54,Non-Auction Ads,Promote
20230807,1773557769889790 ,QA,,,1/1/00 0:00,,0.7631,,0.54,Non-Auction Ads,Promote
20230807,1773585824380930 ,DE,,,1/1/00 0:00,,0.7616,,0.54,Non-Auction Ads,Promote
20230807,1773587295942650 ,MY,,,1/1/00 0:00,,0.7615,,0.54,Non-Auction Ads,Promote
20230807,1773476544736250 ,VN,,,1/1/00 0:00,,0.7615,,0.54,Non-Auction Ads,Promote
20230807,1773593178835970 ,TH,,,1/1/00 0:00,,0.7605,,0.54,Non-Auction Ads,Promote
20230807,1773539820982310 ,BR,,,1/1/00 0:00,,0.7603,,0.54,Non-Auction Ads,Promote
20230807,1773520209144830 ,AE,,,1/1/00 0:00,,0.76,,0.54,Non-Auction Ads,Promote
20230807,1773580843209780 ,BR,,,1/1/00 0:00,,0.7591,,0.54,Non-Auction Ads,Promote
20230807,1773585260467200 ,TR,,,1/1/00 0:00,,0.7588,,0.54,Non-Auction Ads,Promote
20230807,1773585260467200 ,TR,,,1/1/00 0:00,,0.7588,,0.54,Non-Auction Ads,Promote
20230807,1773584104181760 ,TR,,,1/1/00 0:00,,0.7588,,0.54,Non-Auction Ads,Promote
20230807,1773483044689920 ,VN,,,1/1/00 0:00,,0.7579,,0.54,Non-Auction Ads,Promote
20230807,1773611663251450 ,ID,,,1/1/00 0:00,,0.7577,,0.54,Non-Auction Ads,Promote
20230807,1773543880170490 ,MY,,,1/1/00 0:00,,0.7572,,0.54,Non-Auction Ads,Promote
20230807,1773543542943740 ,MY,,,1/1/00 0:00,,0.7572,,0.54,Non-Auction Ads,Promote
20230807,1773574604434430 ,BR,,,1/1/00 0:00,,0.7541,,0.54,Non-Auction Ads,Promote
20230807,1773551151206400 ,TR,,,1/1/00 0:00,,0.7535,,0.54,Non-Auction Ads,Promote
20230807,1773579979570170 ,TR,,,1/1/00 0:00,,0.7535,,0.54,Non-Auction Ads,Promote
20230807,1773584709685240 ,TR,,,1/1/00 0:00,,0.7535,,0.54,Non-Auction Ads,Promote
20230807,1773555206929410 ,TR,,,1/1/00 0:00,,0.7535,,0.54,Non-Auction Ads,Promote
20230807,1773587470490620 ,TR,,,1/1/00 0:00,,0.7535,,0.54,Non-Auction Ads,Promote
20230807,1773585064117250 ,TR,,,1/1/00 0:00,,0.7535,,0.54,Non-Auction Ads,Promote
20230807,1773497461953530 ,SA,,,1/1/00 0:00,,0.7533,,0.54,Non-Auction Ads,Promote
20230807,1773590490377210 ,SA,,,1/1/00 0:00,,0.7533,,0.54,Non-Auction Ads,Promote
20230807,1773438196832250 ,SA,,,1/1/00 0:00,,0.7528,,0.54,Non-Auction Ads,Promote
20230807,1773424661196800 ,SA,,,1/1/00 0:00,,0.7528,,0.54,Non-Auction Ads,Promote
20230807,1773563468432450 ,SA,,,1/1/00 0:00,,0.7523,,0.54,Non-Auction Ads,Promote
20230807,1773610144115710 ,SA,,,1/1/00 0:00,,0.7523,,0.54,Non-Auction Ads,Promote
20230807,1773528996409340 ,SA,,,1/1/00 0:00,,0.7523,,0.54,Non-Auction Ads,Promote
20230807,1773570712007680 ,SA,,,1/1/00 0:00,,0.7523,,0.54,Non-Auction Ads,Promote
20230807,1773493823495170 ,SA,,,1/1/00 0:00,,0.7523,,0.54,Non-Auction Ads,Promote
20230807,1773558357269500 ,SA,,,1/1/00 0:00,,0.7523,,0.54,Non-Auction Ads,Promote
20230807,1773594159579130 ,SA,,,1/1/00 0:00,,0.7523,,0.54,Non-Auction Ads,Promote
20230807,1773542470901760 ,SA,,,1/1/00 0:00,,0.7523,,0.54,Non-Auction Ads,Promote
20230807,1773570418393080 ,SA,,,1/1/00 0:00,,0.7523,,0.54,Non-Auction Ads,Promote
20230807,1773588620155900 ,SA,,,1/1/00 0:00,,0.7523,,0.54,Non-Auction Ads,Promote
20230807,1773530644414460 ,SA,,,1/1/00 0:00,,0.7523,,0.54,Non-Auction Ads,Promote
20230807,1773594190356480 ,SA,,,1/1/00 0:00,,0.7523,,0.54,Non-Auction Ads,Promote
20230807,1773561549815810 ,SA,,,1/1/00 0:00,,0.7523,,0.54,Non-Auction Ads,Promote
20230807,1773563491084280 ,SA,,,1/1/00 0:00,,0.7523,,0.54,Non-Auction Ads,Promote
20230807,1773559790833660 ,SA,,,1/1/00 0:00,,0.7523,,0.54,Non-Auction Ads,Promote
20230807,1773520942774270 ,SA,,,1/1/00 0:00,,0.7523,,0.54,Non-Auction Ads,Promote
20230807,1773543391352830 ,ID,,,1/1/00 0:00,,0.752,,0.54,Non-Auction Ads,Promote
20230807,1773583598873600 ,TH,,,1/1/00 0:00,,0.7515,,0.54,Non-Auction Ads,Promote
20230807,1773611526884350 ,ID,,,1/1/00 0:00,,0.751,,0.54,Non-Auction Ads,Promote
20230807,1773569083984890 ,ID,,,1/1/00 0:00,,0.751,,0.54,Non-Auction Ads,Promote
20230807,1773577514241020 ,MY,,,1/1/00 0:00,,0.7508,,0.54,Non-Auction Ads,Promote
20230807,1773585492649980 ,SA,,,1/1/00 0:00,,0.7508,,0.54,Non-Auction Ads,Promote
20230807,1773374480754690 ,SA,,,1/1/00 0:00,,0.749,,0.54,Non-Auction Ads,Promote
20230807,1773387060162560 ,SA,,,1/1/00 0:00,,0.7486,,0.54,Non-Auction Ads,Promote
20230807,1773589138531330 ,SA,,,1/1/00 0:00,,0.7486,,0.54,Non-Auction Ads,Promote
20230807,1773603933508610 ,SA,,,1/1/00 0:00,,0.7486,,0.54,Non-Auction Ads,Promote
20230807,1773596635725820 ,FR,,,1/1/00 0:00,,0.747,,0.54,Non-Auction Ads,Promote
20230807,1773484204382200 ,VN,,,1/1/00 0:00,,0.7468,,0.54,Non-Auction Ads,Promote
20230807,1773429264837630 ,SA,,,1/1/00 0:00,,0.7467,,0.54,Non-Auction Ads,Promote
20230807,1773429264837630 ,SA,,,1/1/00 0:00,,0.7467,,0.54,Non-Auction Ads,Promote
20230807,1773587160361980 ,BR,,,1/1/00 0:00,,0.7465,,0.54,Non-Auction Ads,Promote
20230807,1773613899919360 ,IT,,,1/1/00 0:00,,0.7461,,0.54,Non-Auction Ads,Promote
20230807,1773593538977790 ,IT,,,1/1/00 0:00,,0.7461,,0.54,Non-Auction Ads,Promote
20230807,1773511161808890 ,TR,,,1/1/00 0:00,,0.7437,,0.54,Non-Auction Ads,Promote
20230807,1773543873666050 ,ID,,,1/1/00 0:00,,0.7423,,0.54,Non-Auction Ads,Promote
20230807,1773533145793530 ,ID,,,1/1/00 0:00,,0.7423,,0.54,Non-Auction Ads,Promote
20230807,1773561429171200 ,MY,,,1/1/00 0:00,,0.7417,,0.54,Non-Auction Ads,Promote
20230807,1773582244780080 ,ES,,,1/1/00 0:00,,0.7414,,0.54,Non-Auction Ads,Promote
20230807,1773584052655100 ,ES,,,1/1/00 0:00,,0.7414,,0.54,Non-Auction Ads,Promote
20230807,1773562198129660 ,ID,,,1/1/00 0:00,,0.7414,,0.54,Non-Auction Ads,Promote
20230807,1773555889807360 ,ID,,,1/1/00 0:00,,0.7413,,0.54,Non-Auction Ads,Promote
20230807,1773581411448830 ,PL,,,1/1/00 0:00,,0.7411,,0.54,Non-Auction Ads,Promote
20230807,1773538323299330 ,MY,,,1/1/00 0:00,,0.7409,,0.54,Non-Auction Ads,Promote
20230807,1773602950182910 ,TH,,,1/1/00 0:00,,0.7391,,0.54,Non-Auction Ads,Promote
20230807,1773445192702970 ,VN,,,1/1/00 0:00,,0.7384,,0.54,Non-Auction Ads,Promote
20230807,1773571037659140 ,ES,,,1/1/00 0:00,,0.7376,,0.54,Non-Auction Ads,Promote
20230807,1773582014545940 ,ES,,,1/1/00 0:00,,0.7372,,0.54,Non-Auction Ads,Promote
20230807,1773521814821890 ,TR,,,1/1/00 0:00,,0.737,,0.54,Non-Auction Ads,Promote
20230807,1773544648808440 ,AU,,,1/1/00 0:00,,0.736,,0.54,Non-Auction Ads,Promote
20230807,1773527970747390 ,AU,,,1/1/00 0:00,,0.736,,0.54,Non-Auction Ads,Promote
20230807,1773544933609470 ,AU,,,1/1/00 0:00,,0.736,,0.54,Non-Auction Ads,Promote
20230807,1773501329870840 ,SA,,,1/1/00 0:00,,0.7352,,0.54,Non-Auction Ads,Promote
20230807,1773564939795520 ,SA,,,1/1/00 0:00,,0.7347,,0.54,Non-Auction Ads,Promote
20230807,1773564834188280 ,MY,,,1/1/00 0:00,,0.7346,,0.54,Non-Auction Ads,Promote
20230807,1773569034839060 ,DE,,,1/1/00 0:00,,0.7342,,0.54,Non-Auction Ads,Promote
20230807,1773572779967490 ,DE,,,1/1/00 0:00,,0.7342,,0.54,Non-Auction Ads,Promote
20230807,1773505697907710 ,SA,,,1/1/00 0:00,,0.7342,,0.54,Non-Auction Ads,Promote
20230807,1773589897141240 ,TR,,,1/1/00 0:00,,0.734,,0.54,Non-Auction Ads,Promote
20230807,1773537648601090 ,US,,,1/1/00 0:00,,0.734,,0.54,Non-Auction Ads,Promote
20230807,1773560755486720 ,MY,,,1/1/00 0:00,,0.7339,,0.54,Non-Auction Ads,Promote
20230807,1773559311930370 ,MY,,,1/1/00 0:00,,0.7339,,0.54,Non-Auction Ads,Promote
20230807,1773538639358970 ,PH,,,1/1/00 0:00,,0.7338,,0.54,Non-Auction Ads,Promote
20230807,1773546717474810 ,PH,,,1/1/00 0:00,,0.7338,,0.54,Non-Auction Ads,Promote
20230807,1773583832143870 ,NL,,,1/1/00 0:00,,0.7335,,0.54,Non-Auction Ads,Promote
20230807,1773579782024190 ,FR,,,1/1/00 0:00,,0.7313,,0.54,Non-Auction Ads,Promote
20230807,1773576197703680 ,KR,,,1/1/00 0:00,,0.7312,,0.54,Non-Auction Ads,Promote
20230807,1773581584791550 ,BR,,,1/1/00 0:00,,0.7299,,0.54,Non-Auction Ads,Promote
20230807,1773485613159420 ,VN,,,1/1/00 0:00,,0.7297,,0.54,Non-Auction Ads,Promote
20230807,1773485005722620 ,VN,,,1/1/00 0:00,,0.7297,,0.54,Non-Auction Ads,Promote
20230807,1773529011959810 ,BR,,,1/1/00 0:00,,0.7293,,0.54,Non-Auction Ads,Promote
20230807,1773551373728770 ,MY,,,1/1/00 0:00,,0.7289,,0.54,Non-Auction Ads,Promote
20230807,1773583148058620 ,MY,,,1/1/00 0:00,,0.7284,,0.54,Non-Auction Ads,Promote
20230807,1773547818535930 ,MY,,,1/1/00 0:00,,0.7284,,0.54,Non-Auction Ads,Promote
20230807,1773574245279740 ,TH,,,1/1/00 0:00,,0.7283,,0.54,Non-Auction Ads,Promote
20230807,1773593837307910 ,FR,,,1/1/00 0:00,,0.7281,,0.54,Non-Auction Ads,Promote
20230807,1773591871529980 ,ID,,,1/1/00 0:00,,0.7279,,0.54,Non-Auction Ads,Promote
20230807,1773370886774780 ,SA,,,1/1/00 0:00,,0.7274,,0.54,Non-Auction Ads,Promote
20230807,1773471184377850 ,SA,,,1/1/00 0:00,,0.7274,,0.54,Non-Auction Ads,Promote
20230807,1773558259612670 ,AE,,,1/1/00 0:00,,0.7273,,0.54,Non-Auction Ads,Promote
20230807,1773426673907710 ,SA,,,1/1/00 0:00,,0.7271,,0.54,Non-Auction Ads,Promote
20230807,1773495479672830 ,AE,,,1/1/00 0:00,,0.7261,,0.54,Non-Auction Ads,Promote
20230807,1773492469861370 ,AE,,,1/1/00 0:00,,0.7259,,0.54,Non-Auction Ads,Promote
20230807,1773534876422140 ,MY,,,1/1/00 0:00,,0.7255,,0.54,Non-Auction Ads,Promote
20230807,1773534981211130 ,MY,,,1/1/00 0:00,,0.7255,,0.54,Non-Auction Ads,Promote
20230807,1773561993593850 ,MY,,,1/1/00 0:00,,0.7255,,0.54,Non-Auction Ads,Promote
20230807,1773562088464380 ,MY,,,1/1/00 0:00,,0.7255,,0.54,Non-Auction Ads,Promote
20230807,1773581254195200 ,FR,,,1/1/00 0:00,,0.724,,0.54,Non-Auction Ads,Promote
20230807,1773554371221500 ,ID,,,1/1/00 0:00,,0.7237,,0.54,Non-Auction Ads,Promote
20230807,1773599025482750 ,FR,,,1/1/00 0:00,,0.7236,,0.54,Non-Auction Ads,Promote
20230807,1773592276492290 ,HU,,,1/1/00 0:00,,0.7235,,0.54,Non-Auction Ads,Promote
20230807,1773580080865280 ,TR,,,1/1/00 0:00,,0.7233,,0.54,Non-Auction Ads,Promote
20230807,1773517287448570 ,TR,,,1/1/00 0:00,,0.7231,,0.54,Non-Auction Ads,Promote
20230807,1773590655832060 ,MY,,,1/1/00 0:00,,0.7225,,0.54,Non-Auction Ads,Promote
20230807,1773607780926470 ,BR,,,1/1/00 0:00,,0.7224,,0.54,Non-Auction Ads,Promote
20230807,1773458393498620 ,VN,,,1/1/00 0:00,,0.722,,0.54,Non-Auction Ads,Promote
20230807,1773544995610620 ,PL,,,1/1/00 0:00,,0.7213,,0.54,Non-Auction Ads,Promote
20230807,1773483831498750 ,VN,,,1/1/00 0:00,,0.7211,,0.54,Non-Auction Ads,Promote
20230807,1773431905656830 ,SA,,,1/1/00 0:00,,0.7198,,0.54,Non-Auction Ads,Promote
20230807,1773544813548540 ,ID,,,1/1/00 0:00,,0.7175,,0.54,Non-Auction Ads,Promote
20230807,1773542629929980 ,ID,,,1/1/00 0:00,,0.7175,,0.54,Non-Auction Ads,Promote
20230807,1773592054427640 ,ID,,,1/1/00 0:00,,0.7175,,0.54,Non-Auction Ads,Promote
20230807,1773592652848120 ,ID,,,1/1/00 0:00,,0.7175,,0.54,Non-Auction Ads,Promote
20230807,1773593162329090 ,ID,,,1/1/00 0:00,,0.7175,,0.54,Non-Auction Ads,Promote
20230807,1773472687284220 ,VN,,,1/1/00 0:00,,0.7172,,0.54,Non-Auction Ads,Promote
20230807,1773603141135360 ,BR,,,1/1/00 0:00,,0.7171,,0.54,Non-Auction Ads,Promote
20230807,1773575032287270 ,SA,,,1/1/00 0:00,,0.7163,,0.54,Non-Auction Ads,Promote
20230807,1773555033465850 ,TH,,,1/1/00 0:00,,0.716,,0.54,Non-Auction Ads,Promote
20230807,1773537002335230 ,BR,,,1/1/00 0:00,,0.7154,,0.54,Non-Auction Ads,Promote
20230807,1773516223670270 ,TR,,,1/1/00 0:00,,0.7153,,0.54,Non-Auction Ads,Promote
20230807,1773526360190980 ,BR,,,1/1/00 0:00,,0.7153,,0.54,Non-Auction Ads,Promote
20230807,1773553386697720 ,SA,,,1/1/00 0:00,,0.7131,,0.54,Non-Auction Ads,Promote
20230807,1773529445093370 ,ID,,,1/1/00 0:00,,0.7126,,0.54,Non-Auction Ads,Promote
20230807,1773598201656320 ,PT,,,1/1/00 0:00,,0.7125,,0.54,Non-Auction Ads,Promote
20230807,1773562487444480 ,TH,,,1/1/00 0:00,,0.7119,,0.54,Non-Auction Ads,Promote
20230807,1773563295198270 ,ID,,,1/1/00 0:00,,0.7118,,0.54,Non-Auction Ads,Promote
20230807,1773584884465660 ,SA,,,1/1/00 0:00,,0.7116,,0.54,Non-Auction Ads,Promote
20230807,1773431992888320 ,SA,,,1/1/00 0:00,,0.7116,,0.54,Non-Auction Ads,Promote
20230807,1773493531870200 ,AE,,,1/1/00 0:00,,0.7116,,0.54,Non-Auction Ads,Promote
20230807,1773584925531140 ,SA,,,1/1/00 0:00,,0.7116,,0.54,Non-Auction Ads,Promote
20230807,1773430621284350 ,SA,,,1/1/00 0:00,,0.7116,,0.54,Non-Auction Ads,Promote
20230807,1773562511660030 ,SA,,,1/1/00 0:00,,0.7114,,0.54,Non-Auction Ads,Promote
20230807,1773576733918200 ,TH,,,1/1/00 0:00,,0.7108,,0.54,Non-Auction Ads,Promote
20230807,1773607308826620 ,ID,,,1/1/00 0:00,,0.7107,,0.54,Non-Auction Ads,Promote
20230807,1773527262678010 ,ID,,,1/1/00 0:00,,0.7107,,0.54,Non-Auction Ads,Promote
20230807,1773588541992960 ,IL,,,1/1/00 0:00,,0.7099,,0.54,Non-Auction Ads,Promote
20230807,1773549202065410 ,PH,,,1/1/00 0:00,,0.7099,,0.54,Non-Auction Ads,Promote
20230807,1773530332227580 ,ID,,,1/1/00 0:00,,0.7097,,0.54,Non-Auction Ads,Promote
20230807,1773497556923390 ,VN,,,1/1/00 0:00,,0.7095,,0.54,Non-Auction Ads,Promote
20230807,1773545058639870 ,TH,,,1/1/00 0:00,,0.7094,,0.54,Non-Auction Ads,Promote
20230807,1773545086660600 ,TH,,,1/1/00 0:00,,0.7094,,0.54,Non-Auction Ads,Promote
20230807,1773558756422650 ,IL,,,1/1/00 0:00,,0.7086,,0.54,Non-Auction Ads,Promote
20230807,1773588729115640 ,MY,,,1/1/00 0:00,,0.7078,,0.54,Non-Auction Ads,Promote
20230807,1773588925811710 ,ID,,,1/1/00 0:00,,0.7067,,0.54,Non-Auction Ads,Promote
20230807,1773531767764990 ,VN,,,1/1/00 0:00,,0.7066,,0.54,Non-Auction Ads,Promote
20230807,1773574182724610 ,BR,,,1/1/00 0:00,,0.7066,,0.54,Non-Auction Ads,Promote
20230807,1773558374281210 ,MY,,,1/1/00 0:00,,0.7057,,0.54,Non-Auction Ads,Promote
20230807,1773578320358400 ,ID,,,1/1/00 0:00,,0.7057,,0.54,Non-Auction Ads,Promote
20230807,1773417750724600 ,SA,,,1/1/00 0:00,,0.7054,,0.54,Non-Auction Ads,Promote
20230807,1773602354781230 ,BR,,,1/1/00 0:00,,0.705,,0.54,Non-Auction Ads,Promote
20230807,1773528381921280 ,BR,,,1/1/00 0:00,,0.705,,0.54,Non-Auction Ads,Promote
20230807,1773566995893240 ,MY,,,1/1/00 0:00,,0.7047,,0.54,Non-Auction Ads,Promote
20230807,1773586781587460 ,BR,,,1/1/00 0:00,,0.7046,,0.54,Non-Auction Ads,Promote
20230807,1773585257947140 ,BR,,,1/1/00 0:00,,0.7046,,0.54,Non-Auction Ads,Promote
20230807,1773536517084160 ,BR,,,1/1/00 0:00,,0.7039,,0.54,Non-Auction Ads,Promote
20230807,1773536517084160 ,BR,,,1/1/00 0:00,,0.7039,,0.54,Non-Auction Ads,Promote
20230807,1773586249285670 ,PT,,,1/1/00 0:00,,0.7033,,0.54,Non-Auction Ads,Promote
20230807,1773595783607360 ,PT,,,1/1/00 0:00,,0.7033,,0.54,Non-Auction Ads,Promote
20230807,1773576768911380 ,ES,,,1/1/00 0:00,,0.703,,0.54,Non-Auction Ads,Promote
20230807,1773596678633470 ,ES,,,1/1/00 0:00,,0.703,,0.54,Non-Auction Ads,Promote
20230807,1773530008245240 ,ID,,,1/1/00 0:00,,0.703,,0.54,Non-Auction Ads,Promote
20230807,1773544754025470 ,TH,,,1/1/00 0:00,,0.7024,,0.54,Non-Auction Ads,Promote
20230807,1773534593690620 ,TH,,,1/1/00 0:00,,0.7022,,0.54,Non-Auction Ads,Promote
20230807,1773548012728320 ,ID,,,1/1/00 0:00,,0.7021,,0.54,Non-Auction Ads,Promote
20230807,1773543216377850 ,ID,,,1/1/00 0:00,,0.7021,,0.54,Non-Auction Ads,Promote
20230807,1773455881868280 ,VN,,,1/1/00 0:00,,0.702,,0.54,Non-Auction Ads,Promote
20230807,1773594079391740 ,BR,,,1/1/00 0:00,,0.7017,,0.54,Non-Auction Ads,Promote
20230807,1773575942075390 ,BR,,,1/1/00 0:00,,0.7017,,0.54,Non-Auction Ads,Promote
20230807,1773590697096190 ,TH,,,1/1/00 0:00,,0.7013,,0.54,Non-Auction Ads,Promote
20230807,1773554845646850 ,ES,,,1/1/00 0:00,,0.7008,,0.54,Non-Auction Ads,Promote
20230807,1773559456799740 ,ES,,,1/1/00 0:00,,0.7008,,0.54,Non-Auction Ads,Promote
20230807,1773562819468290 ,ES,,,1/1/00 0:00,,0.7008,,0.54,Non-Auction Ads,Promote
20230807,1773539163432960 ,MY,,,1/1/00 0:00,,0.7003,,0.54,Non-Auction Ads,Promote
20230807,1773483200136190 ,VN,,,1/1/00 0:00,,0.6996,,0.54,Non-Auction Ads,Promote
20230807,1773362029913080 ,SA,,,1/1/00 0:00,,0.6994,,0.54,Non-Auction Ads,Promote
20230807,1773572900729850 ,ID,,,1/1/00 0:00,,0.6994,,0.54,Non-Auction Ads,Promote
20230807,1773587248882690 ,MY,,,1/1/00 0:00,,0.6981,,0.54,Non-Auction Ads,Promote
20230807,1773581707268100 ,IT,,,1/1/00 0:00,,0.6975,,0.54,Non-Auction Ads,Promote
20230807,1773543803954170 ,TH,,,1/1/00 0:00,,0.6974,,0.54,Non-Auction Ads,Promote
20230807,1773612083522560 ,IL,,,1/1/00 0:00,,0.6971,,0.54,Non-Auction Ads,Promote
20230807,1773608364566520 ,IL,,,1/1/00 0:00,,0.6971,,0.54,Non-Auction Ads,Promote
20230807,1773522756081670 ,NL,,,1/1/00 0:00,,0.6965,,0.54,Non-Auction Ads,Promote
20230807,1773522667760640 ,NL,,,1/1/00 0:00,,0.6965,,0.54,Non-Auction Ads,Promote
20230807,1773567176441920 ,MY,,,1/1/00 0:00,,0.696,,0.54,Non-Auction Ads,Promote
20230807,1773533746737150 ,VN,,,1/1/00 0:00,,0.6953,,0.54,Non-Auction Ads,Promote
20230807,1773582786644990 ,TH,,,1/1/00 0:00,,0.6951,,0.54,Non-Auction Ads,Promote
20230807,1773579030406140 ,ID,,,1/1/00 0:00,,0.6949,,0.54,Non-Auction Ads,Promote
20230807,1773604645775360 ,IT,,,1/1/00 0:00,,0.6949,,0.54,Non-Auction Ads,Promote
20230807,1773456053742590 ,VN,,,1/1/00 0:00,,0.6945,,0.54,Non-Auction Ads,Promote
20230807,1773542166495230 ,ID,,,1/1/00 0:00,,0.6944,,0.54,Non-Auction Ads,Promote
20230807,1773543619514360 ,VN,,,1/1/00 0:00,,0.6932,,0.54,Non-Auction Ads,Promote
20230807,1773543325685760 ,CA,,,1/1/00 0:00,,0.692,,0.54,Non-Auction Ads,Promote
20230807,1773535725686780 ,CA,,,1/1/00 0:00,,0.692,,0.54,Non-Auction Ads,Promote
20230807,1773543711620100 ,CA,,,1/1/00 0:00,,0.692,,0.54,Non-Auction Ads,Promote
20230807,1773535940490240 ,CA,,,1/1/00 0:00,,0.692,,0.54,Non-Auction Ads,Promote
20230807,1773526289868800 ,CA,,,1/1/00 0:00,,0.692,,0.54,Non-Auction Ads,Promote
20230807,1773527450914820 ,CA,,,1/1/00 0:00,,0.692,,0.54,Non-Auction Ads,Promote
20230807,1773543403510790 ,CA,,,1/1/00 0:00,,0.692,,0.54,Non-Auction Ads,Promote
20230807,1773543470108670 ,CA,,,1/1/00 0:00,,0.692,,0.54,Non-Auction Ads,Promote
20230807,1773543355354110 ,CA,,,1/1/00 0:00,,0.692,,0.54,Non-Auction Ads,Promote
20230807,1773543297195010 ,CA,,,1/1/00 0:00,,0.692,,0.54,Non-Auction Ads,Promote
20230807,1773543428641790 ,CA,,,1/1/00 0:00,,0.692,,0.54,Non-Auction Ads,Promote
20230807,1773535059292190 ,CA,,,1/1/00 0:00,,0.692,,0.54,Non-Auction Ads,Promote
20230807,1773541802684410 ,ID,,,1/1/00 0:00,,0.692,,0.54,Non-Auction Ads,Promote
20230807,1773543271135230 ,CA,,,1/1/00 0:00,,0.692,,0.54,Non-Auction Ads,Promote
20230807,1773500050876410 ,VN,,,1/1/00 0:00,,0.6918,,0.54,Non-Auction Ads,Promote
20230807,1773446584832000 ,VN,,,1/1/00 0:00,,0.6918,,0.54,Non-Auction Ads,Promote
20230807,1773577578749950 ,TH,,,1/1/00 0:00,,0.6916,,0.54,Non-Auction Ads,Promote
20230807,1773422962036730 ,SA,,,1/1/00 0:00,,0.6915,,0.54,Non-Auction Ads,Promote
20230807,1773424482809850 ,SA,,,1/1/00 0:00,,0.6915,,0.54,Non-Auction Ads,Promote
20230807,1773497849781250 ,SA,,,1/1/00 0:00,,0.6915,,0.54,Non-Auction Ads,Promote
20230807,1773567010653190 ,IT,,,1/1/00 0:00,,0.6915,,0.54,Non-Auction Ads,Promote
20230807,1773556977744890 ,TR,,,1/1/00 0:00,,0.6915,,0.54,Non-Auction Ads,Promote
20230807,1773556968768510 ,IT,,,1/1/00 0:00,,0.6915,,0.54,Non-Auction Ads,Promote
20230807,1773546990298110 ,TH,,,1/1/00 0:00,,0.6914,,0.54,Non-Auction Ads,Promote
20230807,1773585654343680 ,JP,,,1/1/00 0:00,,0.6913,,0.54,Non-Auction Ads,Promote
20230807,1773557076349950 ,TH,,,1/1/00 0:00,,0.6912,,0.54,Non-Auction Ads,Promote
20230807,1773587794529280 ,SA,,,1/1/00 0:00,,0.6911,,0.54,Non-Auction Ads,Promote
20230807,1773520486838270 ,SA,,,1/1/00 0:00,,0.6909,,0.54,Non-Auction Ads,Promote
20230807,1773499175615490 ,VN,,,1/1/00 0:00,,0.6901,,0.54,Non-Auction Ads,Promote
20230807,1773577249149950 ,ID,,,1/1/00 0:00,,0.6882,,0.54,Non-Auction Ads,Promote
20230807,1773582001395770 ,ID,,,1/1/00 0:00,,0.6882,,0.54,Non-Auction Ads,Promote
20230807,1773534897050630 ,QA,,,1/1/00 0:00,,0.6882,,0.54,Non-Auction Ads,Promote
20230807,1773572935118850 ,BR,,,1/1/00 0:00,,0.6877,,0.54,Non-Auction Ads,Promote
20230807,1773582470445050 ,TH,,,1/1/00 0:00,,0.6875,,0.54,Non-Auction Ads,Promote
20230807,1773564153132030 ,TH,,,1/1/00 0:00,,0.6875,,0.54,Non-Auction Ads,Promote
20230807,1773580412144640 ,TH,,,1/1/00 0:00,,0.6875,,0.54,Non-Auction Ads,Promote
20230807,1773606667958270 ,TH,,,1/1/00 0:00,,0.6875,,0.54,Non-Auction Ads,Promote
20230807,1773605113477120 ,TH,,,1/1/00 0:00,,0.6875,,0.54,Non-Auction Ads,Promote
20230807,1773606709367800 ,TH,,,1/1/00 0:00,,0.6875,,0.54,Non-Auction Ads,Promote
20230807,1773611361141760 ,TH,,,1/1/00 0:00,,0.6875,,0.54,Non-Auction Ads,Promote
20230807,1773611114503170 ,TH,,,1/1/00 0:00,,0.6875,,0.54,Non-Auction Ads,Promote
20230807,1773598090134530 ,TH,,,1/1/00 0:00,,0.6875,,0.54,Non-Auction Ads,Promote
20230807,1773605039528960 ,TH,,,1/1/00 0:00,,0.6875,,0.54,Non-Auction Ads,Promote
20230807,1773556650731520 ,TH,,,1/1/00 0:00,,0.6869,,0.54,Non-Auction Ads,Promote
20230807,1773542343778300 ,TH,,,1/1/00 0:00,,0.6869,,0.54,Non-Auction Ads,Promote
20230807,1773569329852410 ,MY,,,1/1/00 0:00,,0.6868,,0.54,Non-Auction Ads,Promote
20230807,1773474657893370 ,VN,,,1/1/00 0:00,,0.6867,,0.54,Non-Auction Ads,Promote
20230807,1773594860390400 ,CA,,,1/1/00 0:00,,0.6865,,0.54,Non-Auction Ads,Promote
20230807,1773533936459770 ,ID,,,1/1/00 0:00,,0.6857,,0.54,Non-Auction Ads,Promote
20230807,1773540238589950 ,SA,,,1/1/00 0:00,,0.6855,,0.54,Non-Auction Ads,Promote
20230807,1773588418238460 ,IT,,,1/1/00 0:00,,0.6849,,0.54,Non-Auction Ads,Promote
20230807,1773590236779520 ,IT,,,1/1/00 0:00,,0.6849,,0.54,Non-Auction Ads,Promote
20230807,1773607475778560 ,ES,,,1/1/00 0:00,,0.6849,,0.54,Non-Auction Ads,Promote
20230807,1773379915364410 ,SA,,,1/1/00 0:00,,0.6848,,0.54,Non-Auction Ads,Promote
20230807,1773597089361920 ,RO,,,1/1/00 0:00,,0.6843,,0.54,Non-Auction Ads,Promote
20230807,1773536393018370 ,PH,,,1/1/00 0:00,,0.684,,0.54,Non-Auction Ads,Promote
20230807,1773580391050240 ,PH,,,1/1/00 0:00,,0.6837,,0.54,Non-Auction Ads,Promote
20230807,1773556618633210 ,ID,,,1/1/00 0:00,,0.683,,0.54,Non-Auction Ads,Promote
20230807,1773588701199360 ,IT,,,1/1/00 0:00,,0.6824,,0.54,Non-Auction Ads,Promote
20230807,1773528433550340 ,IT,,,1/1/00 0:00,,0.6822,,0.54,Non-Auction Ads,Promote
20230807,1773532686417920 ,BR,,,1/1/00 0:00,,0.6819,,0.54,Non-Auction Ads,Promote
20230807,1773561853933570 ,SA,,,1/1/00 0:00,,0.6806,,0.54,Non-Auction Ads,Promote
20230807,1773585069602810 ,ID,,,1/1/00 0:00,,0.6801,,0.54,Non-Auction Ads,Promote
20230807,1773548020931580 ,ID,,,1/1/00 0:00,,0.6801,,0.54,Non-Auction Ads,Promote
20230807,1773576933254140 ,BR,,,1/1/00 0:00,,0.6798,,0.54,Non-Auction Ads,Promote
20230807,1773574423543800 ,TH,,,1/1/00 0:00,,0.6783,,0.54,Non-Auction Ads,Promote
20230807,1773542962149370 ,TH,,,1/1/00 0:00,,0.6783,,0.54,Non-Auction Ads,Promote
20230807,1773550317061120 ,TH,,,1/1/00 0:00,,0.6783,,0.54,Non-Auction Ads,Promote
20230807,1773577706370110 ,TH,,,1/1/00 0:00,,0.6783,,0.54,Non-Auction Ads,Promote
20230807,1773549638304770 ,TH,,,1/1/00 0:00,,0.6783,,0.54,Non-Auction Ads,Promote
20230807,1773567178336250 ,TH,,,1/1/00 0:00,,0.6783,,0.54,Non-Auction Ads,Promote
20230807,1773544172030970 ,TH,,,1/1/00 0:00,,0.6783,,0.54,Non-Auction Ads,Promote
20230807,1773479976551420 ,VN,,,1/1/00 0:00,,0.678,,0.54,Non-Auction Ads,Promote
20230807,1773475763771390 ,VN,,,1/1/00 0:00,,0.678,,0.54,Non-Auction Ads,Promote
20230807,1773475705235450 ,VN,,,1/1/00 0:00,,0.678,,0.54,Non-Auction Ads,Promote
20230807,1773566684184570 ,MY,,,1/1/00 0:00,,0.6779,,0.54,Non-Auction Ads,Promote
20230807,1773527210175480 ,AU,,,1/1/00 0:00,,0.6778,,0.54,Non-Auction Ads,Promote
20230807,1773462682498050 ,SA,,,1/1/00 0:00,,0.6777,,0.54,Non-Auction Ads,Promote
20230807,1773536773027840 ,PH,,,1/1/00 0:00,,0.6775,,0.54,Non-Auction Ads,Promote
20230807,1773613903533050 ,TH,,,1/1/00 0:00,,0.6767,,0.54,Non-Auction Ads,Promote
20230807,1773550911187970 ,TH,,,1/1/00 0:00,,0.6767,,0.54,Non-Auction Ads,Promote
20230807,1773488033353790 ,VN,,,1/1/00 0:00,,0.6763,,0.54,Non-Auction Ads,Promote
20230807,1773482950498300 ,VN,,,1/1/00 0:00,,0.6763,,0.54,Non-Auction Ads,Promote
20230807,1773602971438080 ,IT,,,1/1/00 0:00,,0.6759,,0.54,Non-Auction Ads,Promote
20230807,1773602334598140 ,IT,,,1/1/00 0:00,,0.6759,,0.54,Non-Auction Ads,Promote
20230807,1773587031897080 ,KH,,,1/1/00 0:00,,0.6751,,0.54,Non-Auction Ads,Promote
20230807,1773586970033150 ,KH,,,1/1/00 0:00,,0.6751,,0.54,Non-Auction Ads,Promote
20230807,1773547093386240 ,ID,,,1/1/00 0:00,,0.6746,,0.54,Non-Auction Ads,Promote
20230807,1773593666422780 ,ID,,,1/1/00 0:00,,0.6744,,0.54,Non-Auction Ads,Promote
20230807,1773549729301500 ,SA,,,1/1/00 0:00,,0.6737,,0.54,Non-Auction Ads,Promote
20230807,1773469245367290 ,SA,,,1/1/00 0:00,,0.6737,,0.54,Non-Auction Ads,Promote
20230807,1773532880265280 ,VN,,,1/1/00 0:00,,0.6726,,0.54,Non-Auction Ads,Promote
20230807,1773562084132860 ,MY,,,1/1/00 0:00,,0.6722,,0.54,Non-Auction Ads,Promote
20230807,1773522832840700 ,TR,,,1/1/00 0:00,,0.6716,,0.54,Non-Auction Ads,Promote
20230807,1773540910458880 ,TH,,,1/1/00 0:00,,0.6709,,0.54,Non-Auction Ads,Promote
20230807,1773539524102140 ,TH,,,1/1/00 0:00,,0.6709,,0.54,Non-Auction Ads,Promote
20230807,1773532238751740 ,TH,,,1/1/00 0:00,,0.6709,,0.54,Non-Auction Ads,Promote
20230807,1773501033319420 ,SA,,,1/1/00 0:00,,0.6706,,0.54,Non-Auction Ads,Promote
20230807,1773503170071550 ,SA,,,1/1/00 0:00,,0.6706,,0.54,Non-Auction Ads,Promote
20230807,1773551121768450 ,DE,,,1/1/00 0:00,,0.67,,0.54,Non-Auction Ads,Promote
20230807,1773588333694980 ,DE,,,1/1/00 0:00,,0.67,,0.54,Non-Auction Ads,Promote
20230807,1773546940724220 ,CA,,,1/1/00 0:00,,0.6693,,0.54,Non-Auction Ads,Promote
20230807,1773472116131840 ,VN,,,1/1/00 0:00,,0.6688,,0.54,Non-Auction Ads,Promote
20230807,1773557637670910 ,ID,,,1/1/00 0:00,,0.6683,,0.54,Non-Auction Ads,Promote
20230807,1773582040883200 ,ID,,,1/1/00 0:00,,0.6682,,0.54,Non-Auction Ads,Promote
20230807,1773535013354500 ,BR,,,1/1/00 0:00,,0.6679,,0.54,Non-Auction Ads,Promote
20230807,1773597166652410 ,SA,,,1/1/00 0:00,,0.6678,,0.54,Non-Auction Ads,Promote
20230807,1773541347870720 ,VN,,,1/1/00 0:00,,0.6673,,0.54,Non-Auction Ads,Promote
20230807,1773543597772800 ,ID,,,1/1/00 0:00,,0.6672,,0.54,Non-Auction Ads,Promote
20230807,1773421614351360 ,SA,,,1/1/00 0:00,,0.6671,,0.54,Non-Auction Ads,Promote
20230807,1773581332570130 ,BR,,,1/1/00 0:00,,0.6666,,0.54,Non-Auction Ads,Promote
20230807,1773588818870270 ,BR,,,1/1/00 0:00,,0.6666,,0.54,Non-Auction Ads,Promote
20230807,1773546487011320 ,AE,,,1/1/00 0:00,,0.6655,,0.54,Non-Auction Ads,Promote
20230807,1773569303881730 ,MY,,,1/1/00 0:00,,0.6651,,0.54,Non-Auction Ads,Promote
20230807,1773576069585980 ,MY,,,1/1/00 0:00,,0.6651,,0.54,Non-Auction Ads,Promote
20230807,1773573158620160 ,MY,,,1/1/00 0:00,,0.6651,,0.54,Non-Auction Ads,Promote
20230807,1773560930857980 ,TH,,,1/1/00 0:00,,0.6635,,0.54,Non-Auction Ads,Promote
20230807,1773547203447800 ,TH,,,1/1/00 0:00,,0.6635,,0.54,Non-Auction Ads,Promote
20230807,1773459632681980 ,SA,,,1/1/00 0:00,,0.6633,,0.54,Non-Auction Ads,Promote
20230807,1773616074199040 ,MY,,,1/1/00 0:00,,0.6632,,0.54,Non-Auction Ads,Promote
20230807,1773535625609210 ,ID,,,1/1/00 0:00,,0.6625,,0.54,Non-Auction Ads,Promote
20230807,1773548039203840 ,ID,,,1/1/00 0:00,,0.6625,,0.54,Non-Auction Ads,Promote
20230807,1773572197230590 ,ID,,,1/1/00 0:00,,0.6623,,0.54,Non-Auction Ads,Promote
20230807,1773559101075450 ,ID,,,1/1/00 0:00,,0.6623,,0.54,Non-Auction Ads,Promote
20230807,1773566748584960 ,ID,,,1/1/00 0:00,,0.6623,,0.54,Non-Auction Ads,Promote
20230807,1773594339904510 ,IT,,,1/1/00 0:00,,0.6611,,0.54,Non-Auction Ads,Promote
20230807,1773589786537980 ,TH,,,1/1/00 0:00,,0.6606,,0.54,Non-Auction Ads,Promote
20230807,1773594431474690 ,TR,,,1/1/00 0:00,,0.6603,,0.54,Non-Auction Ads,Promote
20230807,1773572503459840 ,TH,,,1/1/00 0:00,,0.6603,,0.54,Non-Auction Ads,Promote
20230807,1773531960146940 ,MY,,,1/1/00 0:00,,0.6598,,0.54,Non-Auction Ads,Promote
20230807,1773598024829950 ,TH,,,1/1/00 0:00,,0.659,,0.54,Non-Auction Ads,Promote
20230807,1773558724703230 ,TH,,,1/1/00 0:00,,0.659,,0.54,Non-Auction Ads,Promote
20230807,1773597759529980 ,TH,,,1/1/00 0:00,,0.659,,0.54,Non-Auction Ads,Promote
20230807,1773597759529980 ,TH,,,1/1/00 0:00,,0.659,,0.54,Non-Auction Ads,Promote
20230807,1773551722281980 ,SA,,,1/1/00 0:00,,0.6588,,0.54,Non-Auction Ads,Promote
20230807,1773550828236800 ,ID,,,1/1/00 0:00,,0.6587,,0.54,Non-Auction Ads,Promote
20230807,1773537725132800 ,MY,,,1/1/00 0:00,,0.6587,,0.54,Non-Auction Ads,Promote
20230807,1773529635556350 ,ID,,,1/1/00 0:00,,0.6586,,0.54,Non-Auction Ads,Promote
20230807,1773583706531840 ,ID,,,1/1/00 0:00,,0.6585,,0.54,Non-Auction Ads,Promote
20230807,1773550807973880 ,ID,,,1/1/00 0:00,,0.6581,,0.54,Non-Auction Ads,Promote
20230807,1773551510389760 ,ID,,,1/1/00 0:00,,0.6581,,0.54,Non-Auction Ads,Promote
20230807,1773594569127930 ,TR,,,1/1/00 0:00,,0.6574,,0.54,Non-Auction Ads,Promote
20230807,1773599789956090 ,TR,,,1/1/00 0:00,,0.6574,,0.54,Non-Auction Ads,Promote
20230807,1773544317625340 ,MY,,,1/1/00 0:00,,0.6572,,0.54,Non-Auction Ads,Promote
20230807,1773546245980160 ,TH,,,1/1/00 0:00,,0.6566,,0.54,Non-Auction Ads,Promote
20230807,1773546321704960 ,TH,,,1/1/00 0:00,,0.6566,,0.54,Non-Auction Ads,Promote
20230807,1773567323185150 ,TH,,,1/1/00 0:00,,0.6566,,0.54,Non-Auction Ads,Promote
20230807,1773521721975810 ,SA,,,1/1/00 0:00,,0.6564,,0.54,Non-Auction Ads,Promote
20230807,1773573053515780 ,BR,,,1/1/00 0:00,,0.6564,,0.54,Non-Auction Ads,Promote
20230807,1773530064765950 ,GB,,,1/1/00 0:00,,0.6563,,0.54,Non-Auction Ads,Promote
20230807,1773485138420730 ,VN,,,1/1/00 0:00,,0.6563,,0.54,Non-Auction Ads,Promote
20230807,1773472041808890 ,VN,,,1/1/00 0:00,,0.6558,,0.54,Non-Auction Ads,Promote
20230807,1773528586443780 ,BR,,,1/1/00 0:00,,0.6558,,0.54,Non-Auction Ads,Promote
20230807,1773536852600830 ,MY,,,1/1/00 0:00,,0.6556,,0.54,Non-Auction Ads,Promote
20230807,1773563165075460 ,FI,,,1/1/00 0:00,,0.6554,,0.54,Non-Auction Ads,Promote
20230807,1773563762200580 ,FI,,,1/1/00 0:00,,0.6554,,0.54,Non-Auction Ads,Promote
20230807,1773563762200580 ,FI,,,1/1/00 0:00,,0.6554,,0.54,Non-Auction Ads,Promote
20230807,1773558896734200 ,TH,,,1/1/00 0:00,,0.6553,,0.54,Non-Auction Ads,Promote
20230807,1773581508551680 ,ID,,,1/1/00 0:00,,0.6548,,0.54,Non-Auction Ads,Promote
20230807,1773573325819900 ,ID,,,1/1/00 0:00,,0.6548,,0.54,Non-Auction Ads,Promote
20230807,1773383653612540 ,SA,,,1/1/00 0:00,,0.6545,,0.54,Non-Auction Ads,Promote
20230807,1773385980436480 ,SA,,,1/1/00 0:00,,0.6545,,0.54,Non-Auction Ads,Promote
20230807,1773607473024000 ,BR,,,1/1/00 0:00,,0.6538,,0.54,Non-Auction Ads,Promote
20230807,1773559619934210 ,RO,,,1/1/00 0:00,,0.6538,,0.54,Non-Auction Ads,Promote
20230807,1773609061343230 ,BR,,,1/1/00 0:00,,0.6538,,0.54,Non-Auction Ads,Promote
20230807,1773573659643910 ,BR,,,1/1/00 0:00,,0.6523,,0.54,Non-Auction Ads,Promote
20230807,1773557161519100 ,TH,,,1/1/00 0:00,,0.6521,,0.54,Non-Auction Ads,Promote
20230807,1773606552003580 ,BE,,,1/1/00 0:00,,0.6519,,0.54,Non-Auction Ads,Promote
20230807,1773544144354300 ,BE,,,1/1/00 0:00,,0.6519,,0.54,Non-Auction Ads,Promote
20230807,1773608604726270 ,BE,,,1/1/00 0:00,,0.6519,,0.54,Non-Auction Ads,Promote
20230807,1773608012410880 ,BE,,,1/1/00 0:00,,0.6519,,0.54,Non-Auction Ads,Promote
20230807,1773607270729730 ,BE,,,1/1/00 0:00,,0.6519,,0.54,Non-Auction Ads,Promote
20230807,1773538081386490 ,SA,,,1/1/00 0:00,,0.6516,,0.54,Non-Auction Ads,Promote
20230807,1773556553680890 ,SA,,,1/1/00 0:00,,0.6516,,0.54,Non-Auction Ads,Promote
20230807,1773538532867070 ,SA,,,1/1/00 0:00,,0.6516,,0.54,Non-Auction Ads,Promote
20230807,1773535217086460 ,SA,,,1/1/00 0:00,,0.6516,,0.54,Non-Auction Ads,Promote
20230807,1773538587689020 ,SA,,,1/1/00 0:00,,0.6516,,0.54,Non-Auction Ads,Promote
20230807,1773538104500220 ,SA,,,1/1/00 0:00,,0.6516,,0.54,Non-Auction Ads,Promote
20230807,1773520292448250 ,SA,,,1/1/00 0:00,,0.6516,,0.54,Non-Auction Ads,Promote
20230807,1773563480592380 ,SA,,,1/1/00 0:00,,0.6516,,0.54,Non-Auction Ads,Promote
20230807,1773551549010940 ,ID,,,1/1/00 0:00,,0.6496,,0.54,Non-Auction Ads,Promote
20230807,1773575324263470 ,FR,,,1/1/00 0:00,,0.6495,,0.54,Non-Auction Ads,Promote
20230807,1773586781164550 ,BR,,,1/1/00 0:00,,0.6492,,0.54,Non-Auction Ads,Promote
20230807,1773587137034240 ,BR,,,1/1/00 0:00,,0.6492,,0.54,Non-Auction Ads,Promote
20230807,1773504020612090 ,SA,,,1/1/00 0:00,,0.6492,,0.54,Non-Auction Ads,Promote
20230807,1773431876789240 ,SA,,,1/1/00 0:00,,0.6492,,0.54,Non-Auction Ads,Promote
20230807,1773587216085010 ,BR,,,1/1/00 0:00,,0.6492,,0.54,Non-Auction Ads,Promote
20230807,1773587372750850 ,BR,,,1/1/00 0:00,,0.6492,,0.54,Non-Auction Ads,Promote
20230807,1773431876789240 ,SA,,,1/1/00 0:00,,0.6492,,0.54,Non-Auction Ads,Promote
20230807,1773503270371330 ,VN,,,1/1/00 0:00,,0.648,,0.54,Non-Auction Ads,Promote
20230807,1773534011531260 ,ID,,,1/1/00 0:00,,0.6475,,0.54,Non-Auction Ads,Promote
20230807,1773534011531260 ,ID,,,1/1/00 0:00,,0.6475,,0.54,Non-Auction Ads,Promote
20230807,1773534299214840 ,ID,,,1/1/00 0:00,,0.6475,,0.54,Non-Auction Ads,Promote
20230807,1773537032218620 ,ID,,,1/1/00 0:00,,0.6475,,0.54,Non-Auction Ads,Promote
20230807,1773453494967290 ,VN,,,1/1/00 0:00,,0.6472,,0.54,Non-Auction Ads,Promote
20230807,1773453336012800 ,VN,,,1/1/00 0:00,,0.6472,,0.54,Non-Auction Ads,Promote
20230807,1773457468416000 ,SA,,,1/1/00 0:00,,0.6469,,0.54,Non-Auction Ads,Promote
20230807,1773546189539330 ,TH,,,1/1/00 0:00,,0.6465,,0.54,Non-Auction Ads,Promote
20230807,1773482201169920 ,VN,,,1/1/00 0:00,,0.6455,,0.54,Non-Auction Ads,Promote
20230807,1773482339102720 ,VN,,,1/1/00 0:00,,0.6455,,0.54,Non-Auction Ads,Promote
20230807,1773535284066300 ,BR,,,1/1/00 0:00,,0.6449,,0.54,Non-Auction Ads,Promote
20230807,1773580072491000 ,ID,,,1/1/00 0:00,,0.6448,,0.54,Non-Auction Ads,Promote
20230807,1773576583439360 ,ID,,,1/1/00 0:00,,0.6448,,0.54,Non-Auction Ads,Promote
20230807,1773579695766520 ,ID,,,1/1/00 0:00,,0.6448,,0.54,Non-Auction Ads,Promote
20230807,1773509761661950 ,SA,,,1/1/00 0:00,,0.6447,,0.54,Non-Auction Ads,Promote
20230807,1773588647052290 ,GB,,,1/1/00 0:00,,0.6443,,0.54,Non-Auction Ads,Promote
20230807,1773583337033780 ,GB,,,1/1/00 0:00,,0.6443,,0.54,Non-Auction Ads,Promote
20230807,1773584855664640 ,GB,,,1/1/00 0:00,,0.6443,,0.54,Non-Auction Ads,Promote
20230807,1773570225876990 ,SA,,,1/1/00 0:00,,0.6436,,0.54,Non-Auction Ads,Promote
20230807,1773599726472190 ,SA,,,1/1/00 0:00,,0.6436,,0.54,Non-Auction Ads,Promote
20230807,1773588812382210 ,TH,,,1/1/00 0:00,,0.6432,,0.54,Non-Auction Ads,Promote
20230807,1773578799607810 ,MY,,,1/1/00 0:00,,0.6424,,0.54,Non-Auction Ads,Promote
20230807,1773574715756540 ,TH,,,1/1/00 0:00,,0.6418,,0.54,Non-Auction Ads,Promote
20230807,1773542076411900 ,TH,,,1/1/00 0:00,,0.6418,,0.54,Non-Auction Ads,Promote
20230807,1773590690734080 ,ID,,,1/1/00 0:00,,0.6417,,0.54,Non-Auction Ads,Promote
20230807,1773545104164870 ,BR,,,1/1/00 0:00,,0.6411,,0.54,Non-Auction Ads,Promote
20230807,1773544987612160 ,BR,,,1/1/00 0:00,,0.6411,,0.54,Non-Auction Ads,Promote
20230807,1773590407164930 ,PL,,,1/1/00 0:00,,0.6409,,0.54,Non-Auction Ads,Promote
20230807,1773454476255230 ,SA,,,1/1/00 0:00,,0.6401,,0.54,Non-Auction Ads,Promote
20230807,1773465667570680 ,SA,,,1/1/00 0:00,,0.6401,,0.54,Non-Auction Ads,Promote
20230807,1773453186331650 ,SA,,,1/1/00 0:00,,0.6401,,0.54,Non-Auction Ads,Promote
20230807,1773491297541180 ,SA,,,1/1/00 0:00,,0.6399,,0.54,Non-Auction Ads,Promote
20230807,1773462389036030 ,SA,,,1/1/00 0:00,,0.6398,,0.54,Non-Auction Ads,Promote
20230807,1773568553826300 ,SA,,,1/1/00 0:00,,0.6398,,0.54,Non-Auction Ads,Promote
20230807,1773536989537280 ,MY,,,1/1/00 0:00,,0.6391,,0.54,Non-Auction Ads,Promote
20230807,1773559673186310 ,BR,,,1/1/00 0:00,,0.6376,,0.54,Non-Auction Ads,Promote
20230807,1773537004301310 ,TH,,,1/1/00 0:00,,0.6364,,0.54,Non-Auction Ads,Promote
20230807,1773536623525880 ,TH,,,1/1/00 0:00,,0.6364,,0.54,Non-Auction Ads,Promote
20230807,1773592380843000 ,TH,,,1/1/00 0:00,,0.6362,,0.54,Non-Auction Ads,Promote
20230807,1773442029896700 ,SA,,,1/1/00 0:00,,0.6361,,0.54,Non-Auction Ads,Promote
20230807,1773466579075070 ,SA,,,1/1/00 0:00,,0.6361,,0.54,Non-Auction Ads,Promote
20230807,1773556495768570 ,SA,,,1/1/00 0:00,,0.6361,,0.54,Non-Auction Ads,Promote
20230807,1773422572238840 ,SA,,,1/1/00 0:00,,0.6361,,0.54,Non-Auction Ads,Promote
20230807,1773588565398530 ,BR,,,1/1/00 0:00,,0.636,,0.54,Non-Auction Ads,Promote
20230807,1773588886649860 ,BR,,,1/1/00 0:00,,0.636,,0.54,Non-Auction Ads,Promote
20230807,1773544482881530 ,ID,,,1/1/00 0:00,,0.6357,,0.54,Non-Auction Ads,Promote
20230807,1773425464574970 ,SA,,,1/1/00 0:00,,0.6357,,0.54,Non-Auction Ads,Promote
20230807,1773560181617660 ,ID,,,1/1/00 0:00,,0.6357,,0.54,Non-Auction Ads,Promote
20230807,1773478440001530 ,VN,,,1/1/00 0:00,,0.6343,,0.54,Non-Auction Ads,Promote
20230807,1773476161409020 ,VN,,,1/1/00 0:00,,0.6343,,0.54,Non-Auction Ads,Promote
20230807,1773554916225020 ,PH,,,1/1/00 0:00,,0.6337,,0.54,Non-Auction Ads,Promote
20230807,1773538507842560 ,MY,,,1/1/00 0:00,,0.6337,,0.54,Non-Auction Ads,Promote
20230807,1773498379030530 ,VN,,,1/1/00 0:00,,0.6337,,0.54,Non-Auction Ads,Promote
20230807,1773538371979260 ,MY,,,1/1/00 0:00,,0.6337,,0.54,Non-Auction Ads,Promote
20230807,1773504942733310 ,VN,,,1/1/00 0:00,,0.6333,,0.54,Non-Auction Ads,Promote
20230807,1773552942813180 ,IT,,,1/1/00 0:00,,0.6325,,0.54,Non-Auction Ads,Promote
20230807,1773545634835460 ,BR,,,1/1/00 0:00,,0.6321,,0.54,Non-Auction Ads,Promote
20230807,1773528493025350 ,BR,,,1/1/00 0:00,,0.6321,,0.54,Non-Auction Ads,Promote
20230807,1773531594196990 ,BR,,,1/1/00 0:00,,0.6311,,0.54,Non-Auction Ads,Promote
20230807,1773592919922680 ,TH,,,1/1/00 0:00,,0.631,,0.54,Non-Auction Ads,Promote
20230807,1773593611267070 ,TH,,,1/1/00 0:00,,0.631,,0.54,Non-Auction Ads,Promote
20230807,1773601642284030 ,SA,,,1/1/00 0:00,,0.6309,,0.54,Non-Auction Ads,Promote
20230807,1773565938574330 ,TH,,,1/1/00 0:00,,0.6305,,0.54,Non-Auction Ads,Promote
20230807,1773524698467330 ,SA,,,1/1/00 0:00,,0.6301,,0.54,Non-Auction Ads,Promote
20230807,1773544663704570 ,VN,,,1/1/00 0:00,,0.6292,,0.54,Non-Auction Ads,Promote
20230807,1773546951196670 ,VN,,,1/1/00 0:00,,0.6292,,0.54,Non-Auction Ads,Promote
20230807,1773499971181570 ,VN,,,1/1/00 0:00,,0.6292,,0.54,Non-Auction Ads,Promote
20230807,1773459643822080 ,VN,,,1/1/00 0:00,,0.6281,,0.54,Non-Auction Ads,Promote
20230807,1773456980303870 ,VN,,,1/1/00 0:00,,0.6281,,0.54,Non-Auction Ads,Promote
20230807,1773493050591230 ,VN,,,1/1/00 0:00,,0.628,,0.54,Non-Auction Ads,Promote
20230807,1773539392662530 ,MY,,,1/1/00 0:00,,0.6279,,0.54,Non-Auction Ads,Promote
20230807,1773526838926330 ,TH,,,1/1/00 0:00,,0.6276,,0.54,Non-Auction Ads,Promote
20230807,1773614729206780 ,ID,,,1/1/00 0:00,,0.6265,,0.54,Non-Auction Ads,Promote
20230807,1773570892712960 ,ID,,,1/1/00 0:00,,0.6265,,0.54,Non-Auction Ads,Promote
20230807,1773491645576190 ,SA,,,1/1/00 0:00,,0.626,,0.54,Non-Auction Ads,Promote
20230807,1773497433722880 ,VN,,,1/1/00 0:00,,0.6243,,0.54,Non-Auction Ads,Promote
20230807,1773602620694530 ,GR,,,1/1/00 0:00,,0.6237,,0.54,Non-Auction Ads,Promote
20230807,1773592363787260 ,RO,,,1/1/00 0:00,,0.6228,,0.54,Non-Auction Ads,Promote
20230807,1773603327889410 ,RO,,,1/1/00 0:00,,0.6224,,0.54,Non-Auction Ads,Promote
20230807,1773425129801720 ,SA,,,1/1/00 0:00,,0.6213,,0.54,Non-Auction Ads,Promote
20230807,1773506901987330 ,SA,,,1/1/00 0:00,,0.6213,,0.54,Non-Auction Ads,Promote
20230807,1773553985040380 ,TH,,,1/1/00 0:00,,0.6204,,0.54,Non-Auction Ads,Promote
20230807,1773564841518080 ,SA,,,1/1/00 0:00,,0.62,,0.54,Non-Auction Ads,Promote
20230807,1773520452623360 ,SA,,,1/1/00 0:00,,0.62,,0.54,Non-Auction Ads,Promote
20230807,1773565057925120 ,SA,,,1/1/00 0:00,,0.62,,0.54,Non-Auction Ads,Promote
20230807,1773575878344700 ,TH,,,1/1/00 0:00,,0.6197,,0.54,Non-Auction Ads,Promote
20230807,1773551333417980 ,MY,,,1/1/00 0:00,,0.6192,,0.54,Non-Auction Ads,Promote
20230807,1773541516008440 ,VN,,,1/1/00 0:00,,0.6184,,0.54,Non-Auction Ads,Promote
20230807,1773580133350400 ,BR,,,1/1/00 0:00,,0.6182,,0.54,Non-Auction Ads,Promote
20230807,1773557187393530 ,KH,,,1/1/00 0:00,,0.6171,,0.54,Non-Auction Ads,Promote
20230807,1773535776616450 ,BR,,,1/1/00 0:00,,0.6171,,0.54,Non-Auction Ads,Promote
20230807,1773558422942720 ,KH,,,1/1/00 0:00,,0.6171,,0.54,Non-Auction Ads,Promote
20230807,1773558645369850 ,KH,,,1/1/00 0:00,,0.6171,,0.54,Non-Auction Ads,Promote
20230807,1773559281304570 ,KH,,,1/1/00 0:00,,0.6171,,0.54,Non-Auction Ads,Promote
20230807,1773560753553400 ,KH,,,1/1/00 0:00,,0.6171,,0.54,Non-Auction Ads,Promote
20230807,1773563236813820 ,ID,,,1/1/00 0:00,,0.6163,,0.54,Non-Auction Ads,Promote
20230807,1773588550080510 ,BR,,,1/1/00 0:00,,0.6163,,0.54,Non-Auction Ads,Promote
20230807,1773609085420540 ,BR,,,1/1/00 0:00,,0.6162,,0.54,Non-Auction Ads,Promote
20230807,1773484219534330 ,SA,,,1/1/00 0:00,,0.6149,,0.54,Non-Auction Ads,Promote
20230807,1773547153871870 ,ID,,,1/1/00 0:00,,0.6147,,0.54,Non-Auction Ads,Promote
20230807,1773529593572350 ,MY,,,1/1/00 0:00,,0.6119,,0.54,Non-Auction Ads,Promote
20230807,1773544499931130 ,MY,,,1/1/00 0:00,,0.6111,,0.54,Non-Auction Ads,Promote
20230807,1773541525185530 ,MY,,,1/1/00 0:00,,0.6111,,0.54,Non-Auction Ads,Promote
20230807,1773433315039230 ,SA,,,1/1/00 0:00,,0.6105,,0.54,Non-Auction Ads,Promote
20230807,1773531499547640 ,JP,,,1/1/00 0:00,,0.6099,,0.54,Non-Auction Ads,Promote
20230807,1773534576056320 ,BR,,,1/1/00 0:00,,0.6097,,0.54,Non-Auction Ads,Promote
20230807,1773500393279480 ,SA,,,1/1/00 0:00,,0.6094,,0.54,Non-Auction Ads,Promote
20230807,1773562430653440 ,TH,,,1/1/00 0:00,,0.6087,,0.54,Non-Auction Ads,Promote
20230807,1773604351425540 ,BR,,,1/1/00 0:00,,0.6085,,0.54,Non-Auction Ads,Promote
20230807,1773586800414720 ,IT,,,1/1/00 0:00,,0.6083,,0.54,Non-Auction Ads,Promote
20230807,1773482139022330 ,SA,,,1/1/00 0:00,,0.6074,,0.54,Non-Auction Ads,Promote
20230807,1773486801487870 ,SA,,,1/1/00 0:00,,0.6074,,0.54,Non-Auction Ads,Promote
20230807,1773561145692160 ,IT,,,1/1/00 0:00,,0.6069,,0.54,Non-Auction Ads,Promote
20230807,1773599457492990 ,BR,,,1/1/00 0:00,,0.6065,,0.54,Non-Auction Ads,Promote
20230807,1773562211896320 ,MY,,,1/1/00 0:00,,0.6062,,0.54,Non-Auction Ads,Promote
20230807,1773598128028670 ,IL,,,1/1/00 0:00,,0.6061,,0.54,Non-Auction Ads,Promote
20230807,1773557350975480 ,TH,,,1/1/00 0:00,,0.606,,0.54,Non-Auction Ads,Promote
20230807,1773532437497850 ,VN,,,1/1/00 0:00,,0.605,,0.54,Non-Auction Ads,Promote
20230807,1773581887945720 ,SA,,,1/1/00 0:00,,0.605,,0.54,Non-Auction Ads,Promote
20230807,1773562743724030 ,ES,,,1/1/00 0:00,,0.6042,,0.54,Non-Auction Ads,Promote
20230807,1773483131422720 ,VN,,,1/1/00 0:00,,0.604,,0.54,Non-Auction Ads,Promote
20230807,1773531594307590 ,BR,,,1/1/00 0:00,,0.6029,,0.54,Non-Auction Ads,Promote
20230807,1773572433238010 ,TH,,,1/1/00 0:00,,0.6028,,0.54,Non-Auction Ads,Promote
20230807,1773466664359930 ,VN,,,1/1/00 0:00,,0.6023,,0.54,Non-Auction Ads,Promote
20230807,1773456099807230 ,VN,,,1/1/00 0:00,,0.6023,,0.54,Non-Auction Ads,Promote
20230807,1773538565573630 ,VN,,,1/1/00 0:00,,0.6023,,0.54,Non-Auction Ads,Promote
20230807,1773455637977080 ,VN,,,1/1/00 0:00,,0.6023,,0.54,Non-Auction Ads,Promote
20230807,1773484024849400 ,VN,,,1/1/00 0:00,,0.6023,,0.54,Non-Auction Ads,Promote
20230807,1773589964265490 ,HU,,,1/1/00 0:00,,0.6022,,0.54,Non-Auction Ads,Promote
20230807,1773586417727520 ,HU,,,1/1/00 0:00,,0.6022,,0.54,Non-Auction Ads,Promote
20230807,1773587884627970 ,MY,,,1/1/00 0:00,,0.6019,,0.54,Non-Auction Ads,Promote
20230807,1773523563268090 ,SA,,,1/1/00 0:00,,0.6014,,0.54,Non-Auction Ads,Promote
20230807,1773575604073470 ,SA,,,1/1/00 0:00,,0.6013,,0.54,Non-Auction Ads,Promote
20230807,1773387925535740 ,SA,,,1/1/00 0:00,,0.6012,,0.54,Non-Auction Ads,Promote
20230807,1773530585986040 ,TH,,,1/1/00 0:00,,0.6006,,0.54,Non-Auction Ads,Promote
20230807,1773571321584640 ,TH,,,1/1/00 0:00,,0.5992,,0.54,Non-Auction Ads,Promote
20230807,1773556761513980 ,ID,,,1/1/00 0:00,,0.5991,,0.54,Non-Auction Ads,Promote
20230807,1773578234471420 ,MY,,,1/1/00 0:00,,0.599,,0.54,Non-Auction Ads,Promote
20230807,1773578085058560 ,MY,,,1/1/00 0:00,,0.599,,0.54,Non-Auction Ads,Promote
20230807,1773497730637820 ,SA,,,1/1/00 0:00,,0.5987,,0.54,Non-Auction Ads,Promote
20230807,1773471344828410 ,VN,,,1/1/00 0:00,,0.5987,,0.54,Non-Auction Ads,Promote
20230807,1773483214190590 ,VN,,,1/1/00 0:00,,0.5976,,0.54,Non-Auction Ads,Promote
20230807,1773536154189820 ,TH,,,1/1/00 0:00,,0.5975,,0.54,Non-Auction Ads,Promote
20230807,1773573180190780 ,TH,,,1/1/00 0:00,,0.5975,,0.54,Non-Auction Ads,Promote
20230807,1773570319585280 ,TH,,,1/1/00 0:00,,0.5975,,0.54,Non-Auction Ads,Promote
20230807,1773529010258940 ,TH,,,1/1/00 0:00,,0.5949,,0.54,Non-Auction Ads,Promote
20230807,1773527149314040 ,TH,,,1/1/00 0:00,,0.5949,,0.54,Non-Auction Ads,Promote
20230807,1773530501491710 ,TH,,,1/1/00 0:00,,0.5949,,0.54,Non-Auction Ads,Promote
20230807,1773530418240510 ,TH,,,1/1/00 0:00,,0.5949,,0.54,Non-Auction Ads,Promote
20230807,1773527923532800 ,TH,,,1/1/00 0:00,,0.5949,,0.54,Non-Auction Ads,Promote
20230807,1773529260085240 ,TH,,,1/1/00 0:00,,0.5949,,0.54,Non-Auction Ads,Promote
20230807,1773529292324860 ,TH,,,1/1/00 0:00,,0.5949,,0.54,Non-Auction Ads,Promote
20230807,1773530199573500 ,TH,,,1/1/00 0:00,,0.5949,,0.54,Non-Auction Ads,Promote
20230807,1773533756276730 ,TH,,,1/1/00 0:00,,0.5949,,0.54,Non-Auction Ads,Promote
20230807,1773587922624510 ,TH,,,1/1/00 0:00,,0.5947,,0.54,Non-Auction Ads,Promote
20230807,1773574276478970 ,TH,,,1/1/00 0:00,,0.5947,,0.54,Non-Auction Ads,Promote
20230807,1773496225795070 ,AE,,,1/1/00 0:00,,0.5928,,0.54,Non-Auction Ads,Promote
20230807,1773576297057280 ,TH,,,1/1/00 0:00,,0.5925,,0.54,Non-Auction Ads,Promote
20230807,1773534366884860 ,TH,,,1/1/00 0:00,,0.5923,,0.54,Non-Auction Ads,Promote
20230807,1773548671879160 ,TH,,,1/1/00 0:00,,0.5923,,0.54,Non-Auction Ads,Promote
20230807,1773554406842370 ,TH,,,1/1/00 0:00,,0.5923,,0.54,Non-Auction Ads,Promote
20230807,1773538741465090 ,BR,,,1/1/00 0:00,,0.5915,,0.54,Non-Auction Ads,Promote
20230807,1773545863115780 ,BR,,,1/1/00 0:00,,0.5915,,0.54,Non-Auction Ads,Promote
20230807,1773553866988540 ,SA,,,1/1/00 0:00,,0.5912,,0.54,Non-Auction Ads,Promote
20230807,1773540150902840 ,VN,,,1/1/00 0:00,,0.5912,,0.54,Non-Auction Ads,Promote
20230807,1773567249220600 ,ID,,,1/1/00 0:00,,0.5905,,0.54,Non-Auction Ads,Promote
20230807,1773581526029310 ,TH,,,1/1/00 0:00,,0.5903,,0.54,Non-Auction Ads,Promote
20230807,1773552953556990 ,TH,,,1/1/00 0:00,,0.5903,,0.54,Non-Auction Ads,Promote
20230807,1773565163001860 ,BR,,,1/1/00 0:00,,0.5898,,0.54,Non-Auction Ads,Promote
20230807,1773549469523970 ,BR,,,1/1/00 0:00,,0.5898,,0.54,Non-Auction Ads,Promote
20230807,1773545294230560 ,BR,,,1/1/00 0:00,,0.5898,,0.54,Non-Auction Ads,Promote
20230807,1773548779532290 ,BR,,,1/1/00 0:00,,0.5898,,0.54,Non-Auction Ads,Promote
20230807,1773548779532290 ,BR,,,1/1/00 0:00,,0.5898,,0.54,Non-Auction Ads,Promote
20230807,1773589501607930 ,MY,,,1/1/00 0:00,,0.5888,,0.54,Non-Auction Ads,Promote
20230807,1773446385857530 ,VN,,,1/1/00 0:00,,0.5888,,0.54,Non-Auction Ads,Promote
20230807,1773455068035070 ,VN,,,1/1/00 0:00,,0.5888,,0.54,Non-Auction Ads,Promote
20230807,1773565198006270 ,TH,,,1/1/00 0:00,,0.5884,,0.54,Non-Auction Ads,Promote
20230807,1773565229229050 ,TH,,,1/1/00 0:00,,0.5884,,0.54,Non-Auction Ads,Promote
20230807,1773610612711420 ,FR,,,1/1/00 0:00,,0.5883,,0.54,Non-Auction Ads,Promote
20230807,1773526100815870 ,BR,,,1/1/00 0:00,,0.5881,,0.54,Non-Auction Ads,Promote
20230807,1773584175135740 ,TR,,,1/1/00 0:00,,0.588,,0.54,Non-Auction Ads,Promote
20230807,1773523507204090 ,VN,,,1/1/00 0:00,,0.5878,,0.54,Non-Auction Ads,Promote
20230807,1773458550368250 ,VN,,,1/1/00 0:00,,0.5873,,0.54,Non-Auction Ads,Promote
20230807,1773523371294720 ,VN,,,1/1/00 0:00,,0.5873,,0.54,Non-Auction Ads,Promote
20230807,1773590413958150 ,BR,,,1/1/00 0:00,,0.5866,,0.54,Non-Auction Ads,Promote
20230807,1773599009089530 ,SA,,,1/1/00 0:00,,0.5865,,0.54,Non-Auction Ads,Promote
20230807,1773528930612220 ,TH,,,1/1/00 0:00,,0.5865,,0.54,Non-Auction Ads,Promote
20230807,1773597354774530 ,BR,,,1/1/00 0:00,,0.586,,0.54,Non-Auction Ads,Promote
20230807,1773545788576770 ,TR,,,1/1/00 0:00,,0.5858,,0.54,Non-Auction Ads,Promote
20230807,1773559839444990 ,MY,,,1/1/00 0:00,,0.5858,,0.54,Non-Auction Ads,Promote
20230807,1773585719492610 ,TR,,,1/1/00 0:00,,0.5847,,0.54,Non-Auction Ads,Promote
20230807,1773608054228990 ,IT,,,1/1/00 0:00,,0.5841,,0.54,Non-Auction Ads,Promote
20230807,1773527113793530 ,VN,,,1/1/00 0:00,,0.5841,,0.54,Non-Auction Ads,Promote
20230807,1773527481600000 ,BR,,,1/1/00 0:00,,0.584,,0.54,Non-Auction Ads,Promote
20230807,1773542901999610 ,ID,,,1/1/00 0:00,,0.5838,,0.54,Non-Auction Ads,Promote
20230807,1773584002992130 ,TH,,,1/1/00 0:00,,0.5836,,0.54,Non-Auction Ads,Promote
20230807,1773590450848770 ,TH,,,1/1/00 0:00,,0.5836,,0.54,Non-Auction Ads,Promote
20230807,1773539950118910 ,ID,,,1/1/00 0:00,,0.5835,,0.54,Non-Auction Ads,Promote
20230807,1773566948453370 ,TH,,,1/1/00 0:00,,0.5833,,0.54,Non-Auction Ads,Promote
20230807,1773538470042680 ,TH,,,1/1/00 0:00,,0.5832,,0.54,Non-Auction Ads,Promote
20230807,1773577152157690 ,ID,,,1/1/00 0:00,,0.5829,,0.54,Non-Auction Ads,Promote
20230807,1773454291644410 ,VN,,,1/1/00 0:00,,0.5825,,0.54,Non-Auction Ads,Promote
20230807,1773490652276730 ,VN,,,1/1/00 0:00,,0.5823,,0.54,Non-Auction Ads,Promote
20230807,1773574465466360 ,TH,,,1/1/00 0:00,,0.5808,,0.54,Non-Auction Ads,Promote
20230807,1773574678548480 ,TH,,,1/1/00 0:00,,0.5808,,0.54,Non-Auction Ads,Promote
20230807,1773552228171770 ,TH,,,1/1/00 0:00,,0.58,,0.54,Non-Auction Ads,Promote
20230807,1773597143529470 ,SA,,,1/1/00 0:00,,0.5795,,0.54,Non-Auction Ads,Promote
20230807,1773605591044090 ,TH,,,1/1/00 0:00,,0.5787,,0.54,Non-Auction Ads,Promote
20230807,1773554020761600 ,TH,,,1/1/00 0:00,,0.5783,,0.54,Non-Auction Ads,Promote
20230807,1773531126179840 ,TH,,,1/1/00 0:00,,0.5781,,0.54,Non-Auction Ads,Promote
20230807,1773538447087610 ,TH,,,1/1/00 0:00,,0.5781,,0.54,Non-Auction Ads,Promote
20230807,1773544371800060 ,VN,,,1/1/00 0:00,,0.5777,,0.54,Non-Auction Ads,Promote
20230807,1773465344858110 ,VN,,,1/1/00 0:00,,0.5777,,0.54,Non-Auction Ads,Promote
20230807,1773544416232450 ,VN,,,1/1/00 0:00,,0.5777,,0.54,Non-Auction Ads,Promote
20230807,1773470911659000 ,VN,,,1/1/00 0:00,,0.5777,,0.54,Non-Auction Ads,Promote
20230807,1773511343034430 ,SA,,,1/1/00 0:00,,0.5761,,0.54,Non-Auction Ads,Promote
20230807,1773486528986110 ,SA,,,1/1/00 0:00,,0.5761,,0.54,Non-Auction Ads,Promote
20230807,1773486374173690 ,SA,,,1/1/00 0:00,,0.5761,,0.54,Non-Auction Ads,Promote
20230807,1773497921282040 ,SA,,,1/1/00 0:00,,0.5761,,0.54,Non-Auction Ads,Promote
20230807,1773552834846720 ,TR,,,1/1/00 0:00,,0.5761,,0.54,Non-Auction Ads,Promote
20230807,1773485912343550 ,SA,,,1/1/00 0:00,,0.5761,,0.54,Non-Auction Ads,Promote
20230807,1773471053544440 ,VN,,,1/1/00 0:00,,0.576,,0.54,Non-Auction Ads,Promote
20230807,1773598607235070 ,TH,,,1/1/00 0:00,,0.5754,,0.54,Non-Auction Ads,Promote
20230807,1773599144376320 ,TH,,,1/1/00 0:00,,0.5754,,0.54,Non-Auction Ads,Promote
20230807,1773466606407680 ,VN,,,1/1/00 0:00,,0.5753,,0.54,Non-Auction Ads,Promote
20230807,1773594211097600 ,ID,,,1/1/00 0:00,,0.575,,0.54,Non-Auction Ads,Promote
20230807,1773547562324990 ,TH,,,1/1/00 0:00,,0.5746,,0.54,Non-Auction Ads,Promote
20230807,1773609758785530 ,ID,,,1/1/00 0:00,,0.5739,,0.54,Non-Auction Ads,Promote
20230807,1773610333156350 ,ID,,,1/1/00 0:00,,0.5739,,0.54,Non-Auction Ads,Promote
20230807,1773582833765440 ,JP,,,1/1/00 0:00,,0.5734,,0.54,Non-Auction Ads,Promote
20230807,1773583838705660 ,MY,,,1/1/00 0:00,,0.5733,,0.54,Non-Auction Ads,Promote
20230807,1773584530487290 ,MY,,,1/1/00 0:00,,0.5733,,0.54,Non-Auction Ads,Promote
20230807,1773566303910910 ,PH,,,1/1/00 0:00,,0.5732,,0.54,Non-Auction Ads,Promote
20230807,1773558339234810 ,PH,,,1/1/00 0:00,,0.5732,,0.54,Non-Auction Ads,Promote
20230807,1773565069650940 ,PH,,,1/1/00 0:00,,0.5732,,0.54,Non-Auction Ads,Promote
20230807,1773522141883390 ,VN,,,1/1/00 0:00,,0.572,,0.54,Non-Auction Ads,Promote
20230807,1773466159586300 ,VN,,,1/1/00 0:00,,0.572,,0.54,Non-Auction Ads,Promote
20230807,1773500783449080 ,VN,,,1/1/00 0:00,,0.572,,0.54,Non-Auction Ads,Promote
20230807,1773521120202750 ,VN,,,1/1/00 0:00,,0.572,,0.54,Non-Auction Ads,Promote
20230807,1773549275220990 ,MY,,,1/1/00 0:00,,0.5716,,0.54,Non-Auction Ads,Promote
20230807,1773582226370560 ,BR,,,1/1/00 0:00,,0.5713,,0.54,Non-Auction Ads,Promote
20230807,1773361187612670 ,SA,,,1/1/00 0:00,,0.5713,,0.54,Non-Auction Ads,Promote
20230807,1773591859026940 ,TR,,,1/1/00 0:00,,0.5713,,0.54,Non-Auction Ads,Promote
20230807,1773541530465280 ,ID,,,1/1/00 0:00,,0.5707,,0.54,Non-Auction Ads,Promote
20230807,1773589426948090 ,TR,,,1/1/00 0:00,,0.5706,,0.54,Non-Auction Ads,Promote
20230807,1773556763498490 ,SA,,,1/1/00 0:00,,0.5706,,0.54,Non-Auction Ads,Promote
20230807,1773470617713660 ,SA,,,1/1/00 0:00,,0.5706,,0.54,Non-Auction Ads,Promote
20230807,1773473281653760 ,SA,,,1/1/00 0:00,,0.5706,,0.54,Non-Auction Ads,Promote
20230807,1773591105884160 ,BR,,,1/1/00 0:00,,0.5704,,0.54,Non-Auction Ads,Promote
20230807,1773569719326720 ,SA,,,1/1/00 0:00,,0.5701,,0.54,Non-Auction Ads,Promote
20230807,1773557626840060 ,SA,,,1/1/00 0:00,,0.5701,,0.54,Non-Auction Ads,Promote
20230807,1773552715672570 ,ID,,,1/1/00 0:00,,0.5694,,0.54,Non-Auction Ads,Promote
20230807,1773608260088830 ,BR,,,1/1/00 0:00,,0.5687,,0.54,Non-Auction Ads,Promote
20230807,1773541143441410 ,TH,,,1/1/00 0:00,,0.5685,,0.54,Non-Auction Ads,Promote
20230807,1773536952919040 ,CA,,,1/1/00 0:00,,0.5683,,0.54,Non-Auction Ads,Promote
20230807,1773522993026050 ,BR,,,1/1/00 0:00,,0.568,,0.54,Non-Auction Ads,Promote
20230807,1773528864932860 ,TH,,,1/1/00 0:00,,0.5677,,0.54,Non-Auction Ads,Promote
20230807,1773610040146950 ,BR,,,1/1/00 0:00,,0.5675,,0.54,Non-Auction Ads,Promote
20230807,1773602904432640 ,IT,,,1/1/00 0:00,,0.5672,,0.54,Non-Auction Ads,Promote
20230807,1773522905880580 ,BR,,,1/1/00 0:00,,0.5666,,0.54,Non-Auction Ads,Promote
20230807,1773609594711040 ,BR,,,1/1/00 0:00,,0.5664,,0.54,Non-Auction Ads,Promote
20230807,1773565774267390 ,ID,,,1/1/00 0:00,,0.5655,,0.54,Non-Auction Ads,Promote
20230807,1773534628507650 ,ID,,,1/1/00 0:00,,0.5655,,0.54,Non-Auction Ads,Promote
20230807,1773540201634880 ,ID,,,1/1/00 0:00,,0.5655,,0.54,Non-Auction Ads,Promote
20230807,1773535155422200 ,ID,,,1/1/00 0:00,,0.5655,,0.54,Non-Auction Ads,Promote
20230807,1773534557249530 ,ID,,,1/1/00 0:00,,0.5655,,0.54,Non-Auction Ads,Promote
20230807,1773566124732410 ,ID,,,1/1/00 0:00,,0.5655,,0.54,Non-Auction Ads,Promote
20230807,1773463140774910 ,VN,,,1/1/00 0:00,,0.5655,,0.54,Non-Auction Ads,Promote
20230807,1773565493356540 ,TH,,,1/1/00 0:00,,0.5653,,0.54,Non-Auction Ads,Promote
20230807,1773592273234940 ,BR,,,1/1/00 0:00,,0.5653,,0.54,Non-Auction Ads,Promote
20230807,1773560561319930 ,ID,,,1/1/00 0:00,,0.5647,,0.54,Non-Auction Ads,Promote
20230807,1773563982508030 ,MY,,,1/1/00 0:00,,0.5646,,0.54,Non-Auction Ads,Promote
20230807,1773536536064000 ,MY,,,1/1/00 0:00,,0.5639,,0.54,Non-Auction Ads,Promote
20230807,1773538745290750 ,BR,,,1/1/00 0:00,,0.5637,,0.54,Non-Auction Ads,Promote
20230807,1773546655471610 ,ID,,,1/1/00 0:00,,0.5633,,0.54,Non-Auction Ads,Promote
20230807,1773551753451520 ,ID,,,1/1/00 0:00,,0.5633,,0.54,Non-Auction Ads,Promote
20230807,1773476988397570 ,VN,,,1/1/00 0:00,,0.5629,,0.54,Non-Auction Ads,Promote
20230807,1773600306292740 ,BR,,,1/1/00 0:00,,0.5628,,0.54,Non-Auction Ads,Promote
20230807,1773423149731840 ,SA,,,1/1/00 0:00,,0.5625,,0.54,Non-Auction Ads,Promote
20230807,1773497867288570 ,VN,,,1/1/00 0:00,,0.5615,,0.54,Non-Auction Ads,Promote
20230807,1773451151128570 ,VN,,,1/1/00 0:00,,0.5615,,0.54,Non-Auction Ads,Promote
20230807,1773449666228220 ,VN,,,1/1/00 0:00,,0.5615,,0.54,Non-Auction Ads,Promote
20230807,1773449952023550 ,VN,,,1/1/00 0:00,,0.5615,,0.54,Non-Auction Ads,Promote
20230807,1773521769706490 ,TR,,,1/1/00 0:00,,0.561,,0.54,Non-Auction Ads,Promote
20230807,1773540356115450 ,VN,,,1/1/00 0:00,,0.5608,,0.54,Non-Auction Ads,Promote
20230807,1773517175082050 ,TR,,,1/1/00 0:00,,0.5604,,0.54,Non-Auction Ads,Promote
20230807,1773457307272190 ,VN,,,1/1/00 0:00,,0.5598,,0.54,Non-Auction Ads,Promote
20230807,1773588783042560 ,JP,,,1/1/00 0:00,,0.5595,,0.54,Non-Auction Ads,Promote
20230807,1773590361353210 ,JP,,,1/1/00 0:00,,0.5595,,0.54,Non-Auction Ads,Promote
20230807,1773583637296120 ,MY,,,1/1/00 0:00,,0.5595,,0.54,Non-Auction Ads,Promote
20230807,1773587474306050 ,JP,,,1/1/00 0:00,,0.5595,,0.54,Non-Auction Ads,Promote
20230807,1773574555994110 ,TR,,,1/1/00 0:00,,0.5592,,0.54,Non-Auction Ads,Promote
20230807,1773598534866940 ,TR,,,1/1/00 0:00,,0.5591,,0.54,Non-Auction Ads,Promote
20230807,1773598555652090 ,TR,,,1/1/00 0:00,,0.5591,,0.54,Non-Auction Ads,Promote
20230807,1773564263179260 ,TH,,,1/1/00 0:00,,0.5591,,0.54,Non-Auction Ads,Promote
20230807,1773606343445500 ,ID,,,1/1/00 0:00,,0.5585,,0.54,Non-Auction Ads,Promote
20230807,1773529068069880 ,TH,,,1/1/00 0:00,,0.5583,,0.54,Non-Auction Ads,Promote
20230807,1773523671800830 ,BR,,,1/1/00 0:00,,0.5565,,0.54,Non-Auction Ads,Promote
20230807,1773596797162500 ,BR,,,1/1/00 0:00,,0.5561,,0.54,Non-Auction Ads,Promote
20230807,1773468352330750 ,VN,,,1/1/00 0:00,,0.5559,,0.54,Non-Auction Ads,Promote
20230807,1773545666183160 ,VN,,,1/1/00 0:00,,0.555,,0.54,Non-Auction Ads,Promote
20230807,1773502100034560 ,VN,,,1/1/00 0:00,,0.5546,,0.54,Non-Auction Ads,Promote
20230807,1773575378940920 ,TR,,,1/1/00 0:00,,0.5545,,0.54,Non-Auction Ads,Promote
20230807,1773543157851140 ,BR,,,1/1/00 0:00,,0.5539,,0.54,Non-Auction Ads,Promote
20230807,1773427456670720 ,SA,,,1/1/00 0:00,,0.5537,,0.54,Non-Auction Ads,Promote
20230807,1773479868029950 ,VN,,,1/1/00 0:00,,0.5535,,0.54,Non-Auction Ads,Promote
20230807,1773362364942330 ,SA,,,1/1/00 0:00,,0.5535,,0.54,Non-Auction Ads,Promote
20230807,1773560457510910 ,TH,,,1/1/00 0:00,,0.5535,,0.54,Non-Auction Ads,Promote
20230807,1773599917000770 ,DE,,,1/1/00 0:00,,0.5534,,0.54,Non-Auction Ads,Promote
20230807,1773580279745530 ,MY,,,1/1/00 0:00,,0.5534,,0.54,Non-Auction Ads,Promote
20230807,1773549949568000 ,PH,,,1/1/00 0:00,,0.5531,,0.54,Non-Auction Ads,Promote
20230807,1773538609882110 ,TH,,,1/1/00 0:00,,0.5531,,0.54,Non-Auction Ads,Promote
20230807,1773539514963970 ,BR,,,1/1/00 0:00,,0.5527,,0.54,Non-Auction Ads,Promote
20230807,1773538629116930 ,BR,,,1/1/00 0:00,,0.5527,,0.54,Non-Auction Ads,Promote
20230807,1773578373800960 ,ID,,,1/1/00 0:00,,0.5526,,0.54,Non-Auction Ads,Promote
20230807,1773588602847230 ,TH,,,1/1/00 0:00,,0.5526,,0.54,Non-Auction Ads,Promote
20230807,1773586184214520 ,KW,,,1/1/00 0:00,,0.5512,,0.54,Non-Auction Ads,Promote
20230807,1773590385417220 ,FR,,,1/1/00 0:00,,0.5511,,0.54,Non-Auction Ads,Promote
20230807,1773585498730500 ,FR,,,1/1/00 0:00,,0.5511,,0.54,Non-Auction Ads,Promote
20230807,1773586324838500 ,FR,,,1/1/00 0:00,,0.5511,,0.54,Non-Auction Ads,Promote
20230807,1773496185070590 ,SA,,,1/1/00 0:00,,0.5511,,0.54,Non-Auction Ads,Promote
20230807,1773583465616390 ,FR,,,1/1/00 0:00,,0.5511,,0.54,Non-Auction Ads,Promote
20230807,1773583291264000 ,FR,,,1/1/00 0:00,,0.5511,,0.54,Non-Auction Ads,Promote
20230807,1773591993262080 ,FR,,,1/1/00 0:00,,0.5511,,0.54,Non-Auction Ads,Promote
20230807,1773592137614340 ,FR,,,1/1/00 0:00,,0.5511,,0.54,Non-Auction Ads,Promote
20230807,1773587699291130 ,TH,,,1/1/00 0:00,,0.5507,,0.54,Non-Auction Ads,Promote
20230807,1773591390041080 ,TH,,,1/1/00 0:00,,0.5505,,0.54,Non-Auction Ads,Promote
20230807,1773490187209730 ,AE,,,1/1/00 0:00,,0.5502,,0.54,Non-Auction Ads,Promote
20230807,1773482888889340 ,AE,,,1/1/00 0:00,,0.5502,,0.54,Non-Auction Ads,Promote
20230807,1773550865828860 ,MY,,,1/1/00 0:00,,0.55,,0.54,Non-Auction Ads,Promote
20230807,1773539224183800 ,MY,,,1/1/00 0:00,,0.5497,,0.54,Non-Auction Ads,Promote
20230807,1773599654863870 ,BR,,,1/1/00 0:00,,0.5494,,0.54,Non-Auction Ads,Promote
20230807,1773581843193850 ,TH,,,1/1/00 0:00,,0.549,,0.54,Non-Auction Ads,Promote
20230807,1773581817703420 ,TH,,,1/1/00 0:00,,0.549,,0.54,Non-Auction Ads,Promote
20230807,1773581778574330 ,TH,,,1/1/00 0:00,,0.549,,0.54,Non-Auction Ads,Promote
20230807,1773581843193850 ,TH,,,1/1/00 0:00,,0.549,,0.54,Non-Auction Ads,Promote
20230807,1773581407742970 ,TH,,,1/1/00 0:00,,0.549,,0.54,Non-Auction Ads,Promote
20230807,1773505385044990 ,VN,,,1/1/00 0:00,,0.5487,,0.54,Non-Auction Ads,Promote
20230807,1773535147867140 ,BR,,,1/1/00 0:00,,0.5485,,0.54,Non-Auction Ads,Promote
20230807,1773445170546680 ,VN,,,1/1/00 0:00,,0.5485,,0.54,Non-Auction Ads,Promote
20230807,1773607771048960 ,IT,,,1/1/00 0:00,,0.5481,,0.54,Non-Auction Ads,Promote
20230807,1773552949072890 ,PH,,,1/1/00 0:00,,0.5475,,0.54,Non-Auction Ads,Promote
20230807,1773557308679230 ,BR,,,1/1/00 0:00,,0.5474,,0.54,Non-Auction Ads,Promote
20230807,1773463290140670 ,VN,,,1/1/00 0:00,,0.5474,,0.54,Non-Auction Ads,Promote
20230807,1773463637058560 ,VN,,,1/1/00 0:00,,0.5474,,0.54,Non-Auction Ads,Promote
20230807,1773536464616440 ,TH,,,1/1/00 0:00,,0.547,,0.54,Non-Auction Ads,Promote
20230807,1773604108021760 ,IL,,,1/1/00 0:00,,0.5459,,0.54,Non-Auction Ads,Promote
20230807,1773605275412480 ,IL,,,1/1/00 0:00,,0.5459,,0.54,Non-Auction Ads,Promote
20230807,1773603381821440 ,IL,,,1/1/00 0:00,,0.5459,,0.54,Non-Auction Ads,Promote
20230807,1773516973871100 ,VN,,,1/1/00 0:00,,0.5458,,0.54,Non-Auction Ads,Promote
20230807,1773528007942140 ,TH,,,1/1/00 0:00,,0.5454,,0.54,Non-Auction Ads,Promote
20230807,1773565985158140 ,TR,,,1/1/00 0:00,,0.5452,,0.54,Non-Auction Ads,Promote
20230807,1773567058796540 ,TH,,,1/1/00 0:00,,0.5452,,0.54,Non-Auction Ads,Promote
20230807,1773503128621050 ,SA,,,1/1/00 0:00,,0.5449,,0.54,Non-Auction Ads,Promote
20230807,1773546560521210 ,ID,,,1/1/00 0:00,,0.5449,,0.54,Non-Auction Ads,Promote
20230807,1773485854705660 ,SA,,,1/1/00 0:00,,0.5449,,0.54,Non-Auction Ads,Promote
20230807,1773552759627770 ,ID,,,1/1/00 0:00,,0.5449,,0.54,Non-Auction Ads,Promote
20230807,1773454571705340 ,SA,,,1/1/00 0:00,,0.5445,,0.54,Non-Auction Ads,Promote
20230807,1773591592723460 ,ES,,,1/1/00 0:00,,0.5443,,0.54,Non-Auction Ads,Promote
20230807,1773588423008260 ,ES,,,1/1/00 0:00,,0.5443,,0.54,Non-Auction Ads,Promote
20230807,1773598885913600 ,ID,,,1/1/00 0:00,,0.5442,,0.54,Non-Auction Ads,Promote
20230807,1773591363517440 ,ID,,,1/1/00 0:00,,0.5435,,0.54,Non-Auction Ads,Promote
20230807,1773601084904450 ,ES,,,1/1/00 0:00,,0.5433,,0.54,Non-Auction Ads,Promote
20230807,1773525743193090 ,BR,,,1/1/00 0:00,,0.5427,,0.54,Non-Auction Ads,Promote
20230807,1773531695541250 ,BR,,,1/1/00 0:00,,0.5427,,0.54,Non-Auction Ads,Promote
20230807,1773606229498880 ,BR,,,1/1/00 0:00,,0.5427,,0.54,Non-Auction Ads,Promote
20230807,1773592938826830 ,BR,,,1/1/00 0:00,,0.5427,,0.54,Non-Auction Ads,Promote
20230807,1773602684092420 ,BR,,,1/1/00 0:00,,0.5423,,0.54,Non-Auction Ads,Promote
20230807,1773594967342080 ,BR,,,1/1/00 0:00,,0.5423,,0.54,Non-Auction Ads,Promote
20230807,1773595657902080 ,BR,,,1/1/00 0:00,,0.5423,,0.54,Non-Auction Ads,Promote
20230807,1773590904979520 ,BR,,,1/1/00 0:00,,0.5422,,0.54,Non-Auction Ads,Promote
20230807,1773587402534910 ,BR,,,1/1/00 0:00,,0.5422,,0.54,Non-Auction Ads,Promote
20230807,1773587080892420 ,BR,,,1/1/00 0:00,,0.5422,,0.54,Non-Auction Ads,Promote
20230807,1773603007523870 ,BR,,,1/1/00 0:00,,0.5422,,0.54,Non-Auction Ads,Promote
20230807,1773597377149950 ,BR,,,1/1/00 0:00,,0.5422,,0.54,Non-Auction Ads,Promote
20230807,1773369988419580 ,SA,,,1/1/00 0:00,,0.5421,,0.54,Non-Auction Ads,Promote
20230807,1773568996354040 ,SA,,,1/1/00 0:00,,0.5421,,0.54,Non-Auction Ads,Promote
20230807,1773610788744190 ,SA,,,1/1/00 0:00,,0.5421,,0.54,Non-Auction Ads,Promote
20230807,1773387863629820 ,SA,,,1/1/00 0:00,,0.5421,,0.54,Non-Auction Ads,Promote
20230807,1773568506356730 ,SA,,,1/1/00 0:00,,0.5421,,0.54,Non-Auction Ads,Promote
20230807,1773567859038210 ,MY,,,1/1/00 0:00,,0.5418,,0.54,Non-Auction Ads,Promote
20230807,1773567828451320 ,MY,,,1/1/00 0:00,,0.5418,,0.54,Non-Auction Ads,Promote
20230807,1773576720154620 ,MY,,,1/1/00 0:00,,0.5414,,0.54,Non-Auction Ads,Promote
20230807,1773579593570300 ,MY,,,1/1/00 0:00,,0.5414,,0.54,Non-Auction Ads,Promote
20230807,1773572472950780 ,MY,,,1/1/00 0:00,,0.5414,,0.54,Non-Auction Ads,Promote
20230807,1773536735910910 ,MY,,,1/1/00 0:00,,0.5413,,0.54,Non-Auction Ads,Promote
20230807,1773548786146300 ,ID,,,1/1/00 0:00,,0.5409,,0.54,Non-Auction Ads,Promote
20230807,1773379830996990 ,SA,,,1/1/00 0:00,,0.5407,,0.54,Non-Auction Ads,Promote
20230807,1773531480316930 ,SA,,,1/1/00 0:00,,0.5407,,0.54,Non-Auction Ads,Promote
20230807,1773563439127550 ,SA,,,1/1/00 0:00,,0.5407,,0.54,Non-Auction Ads,Promote
20230807,1773389070660600 ,SA,,,1/1/00 0:00,,0.5407,,0.54,Non-Auction Ads,Promote
20230807,1773493800609790 ,SA,,,1/1/00 0:00,,0.5407,,0.54,Non-Auction Ads,Promote
20230807,1773581983060990 ,SA,,,1/1/00 0:00,,0.5407,,0.54,Non-Auction Ads,Promote
20230807,1773563413251070 ,SA,,,1/1/00 0:00,,0.5407,,0.54,Non-Auction Ads,Promote
20230807,1773580333377530 ,SA,,,1/1/00 0:00,,0.5407,,0.54,Non-Auction Ads,Promote
20230807,1773560203466750 ,TH,,,1/1/00 0:00,,0.5405,,0.54,Non-Auction Ads,Promote
20230807,1773539403837440 ,MY,,,1/1/00 0:00,,0.5395,,0.54,Non-Auction Ads,Promote
20230807,1773586243494910 ,IT,,,1/1/00 0:00,,0.5392,,0.54,Non-Auction Ads,Promote
20230807,1773545890302970 ,ID,,,1/1/00 0:00,,0.539,,0.54,Non-Auction Ads,Promote
20230807,1773539994894330 ,ID,,,1/1/00 0:00,,0.5389,,0.54,Non-Auction Ads,Promote
20230807,1773577747063810 ,ID,,,1/1/00 0:00,,0.5386,,0.54,Non-Auction Ads,Promote
20230807,1773482015890430 ,VN,,,1/1/00 0:00,,0.5384,,0.54,Non-Auction Ads,Promote
20230807,1773386725484540 ,SA,,,1/1/00 0:00,,0.5384,,0.54,Non-Auction Ads,Promote
20230807,1773389303354370 ,SA,,,1/1/00 0:00,,0.5384,,0.54,Non-Auction Ads,Promote
20230807,1773584751486980 ,BR,,,1/1/00 0:00,,0.5376,,0.54,Non-Auction Ads,Promote
20230807,1773578319772670 ,SA,,,1/1/00 0:00,,0.5375,,0.54,Non-Auction Ads,Promote
20230807,1773581709410300 ,SA,,,1/1/00 0:00,,0.5375,,0.54,Non-Auction Ads,Promote
20230807,1773500627323900 ,SA,,,1/1/00 0:00,,0.5375,,0.54,Non-Auction Ads,Promote
20230807,1773457540907010 ,SA,,,1/1/00 0:00,,0.5375,,0.54,Non-Auction Ads,Promote
20230807,1773578208048120 ,SA,,,1/1/00 0:00,,0.5375,,0.54,Non-Auction Ads,Promote
20230807,1773555847797760 ,ID,,,1/1/00 0:00,,0.5374,,0.54,Non-Auction Ads,Promote
20230807,1773566469897210 ,TH,,,1/1/00 0:00,,0.537,,0.54,Non-Auction Ads,Promote
20230807,1773575319878660 ,IT,,,1/1/00 0:00,,0.5358,,0.54,Non-Auction Ads,Promote
20230807,1773535135223810 ,BR,,,1/1/00 0:00,,0.5353,,0.54,Non-Auction Ads,Promote
20230807,1773544263970810 ,MY,,,1/1/00 0:00,,0.5353,,0.54,Non-Auction Ads,Promote
20230807,1773597736894460 ,TH,,,1/1/00 0:00,,0.535,,0.54,Non-Auction Ads,Promote
20230807,1773544226207740 ,TH,,,1/1/00 0:00,,0.535,,0.54,Non-Auction Ads,Promote
20230807,1773529214370810 ,ID,,,1/1/00 0:00,,0.5342,,0.54,Non-Auction Ads,Promote
20230807,1773532133642240 ,TR,,,1/1/00 0:00,,0.5342,,0.54,Non-Auction Ads,Promote
20230807,1773540390105090 ,TH,,,1/1/00 0:00,,0.5339,,0.54,Non-Auction Ads,Promote
20230807,1773591634215930 ,SA,,,1/1/00 0:00,,0.5334,,0.54,Non-Auction Ads,Promote
20230807,1773580947549180 ,SA,,,1/1/00 0:00,,0.5334,,0.54,Non-Auction Ads,Promote
20230807,1773581167423480 ,SA,,,1/1/00 0:00,,0.5334,,0.54,Non-Auction Ads,Promote
20230807,1773577883473920 ,SA,,,1/1/00 0:00,,0.5332,,0.54,Non-Auction Ads,Promote
20230807,1773601223703550 ,SA,,,1/1/00 0:00,,0.5332,,0.54,Non-Auction Ads,Promote
20230807,1773388673631230 ,SA,,,1/1/00 0:00,,0.5332,,0.54,Non-Auction Ads,Promote
20230807,1773542459128830 ,ID,,,1/1/00 0:00,,0.5332,,0.54,Non-Auction Ads,Promote
20230807,1773550645172220 ,TH,,,1/1/00 0:00,,0.533,,0.54,Non-Auction Ads,Promote
20230807,1773598013172730 ,SA,,,1/1/00 0:00,,0.533,,0.54,Non-Auction Ads,Promote
20230807,1773577375515650 ,BR,,,1/1/00 0:00,,0.5327,,0.54,Non-Auction Ads,Promote
20230807,1773596422115470 ,CA,,,1/1/00 0:00,,0.5327,,0.54,Non-Auction Ads,Promote
20230807,1773503077431310 ,CA,,,1/1/00 0:00,,0.5327,,0.54,Non-Auction Ads,Promote
20230807,1773564393732090 ,TH,,,1/1/00 0:00,,0.5323,,0.54,Non-Auction Ads,Promote
20230807,1773539686431740 ,TH,,,1/1/00 0:00,,0.5323,,0.54,Non-Auction Ads,Promote
20230807,1773605217690620 ,SA,,,1/1/00 0:00,,0.5316,,0.54,Non-Auction Ads,Promote
20230807,1773548512305150 ,TH,,,1/1/00 0:00,,0.5314,,0.54,Non-Auction Ads,Promote
20230807,1773552026874880 ,TH,,,1/1/00 0:00,,0.5314,,0.54,Non-Auction Ads,Promote
20230807,1773548526694400 ,TH,,,1/1/00 0:00,,0.5314,,0.54,Non-Auction Ads,Promote
20230807,1773540665427970 ,TH,,,1/1/00 0:00,,0.5314,,0.54,Non-Auction Ads,Promote
20230807,1773543282085890 ,TH,,,1/1/00 0:00,,0.5314,,0.54,Non-Auction Ads,Promote
20230807,1773540433426430 ,TH,,,1/1/00 0:00,,0.5314,,0.54,Non-Auction Ads,Promote
20230807,1773540108491840 ,TH,,,1/1/00 0:00,,0.5314,,0.54,Non-Auction Ads,Promote
20230807,1773554761432060 ,TH,,,1/1/00 0:00,,0.5314,,0.54,Non-Auction Ads,Promote
20230807,1773539724064830 ,TH,,,1/1/00 0:00,,0.5314,,0.54,Non-Auction Ads,Promote
20230807,1773539181344760 ,TH,,,1/1/00 0:00,,0.5314,,0.54,Non-Auction Ads,Promote
20230807,1773541225031680 ,TH,,,1/1/00 0:00,,0.5314,,0.54,Non-Auction Ads,Promote
20230807,1773545542251520 ,TH,,,1/1/00 0:00,,0.5314,,0.54,Non-Auction Ads,Promote
20230807,1773544555381760 ,TH,,,1/1/00 0:00,,0.5314,,0.54,Non-Auction Ads,Promote
20230807,1773594170077190 ,ES,,,1/1/00 0:00,,0.5307,,0.54,Non-Auction Ads,Promote
20230807,1773593720609790 ,ES,,,1/1/00 0:00,,0.5307,,0.54,Non-Auction Ads,Promote
20230807,1773601105967100 ,ES,,,1/1/00 0:00,,0.5307,,0.54,Non-Auction Ads,Promote
20230807,1773582564636670 ,ES,,,1/1/00 0:00,,0.5307,,0.54,Non-Auction Ads,Promote
20230807,1773576095232000 ,ES,,,1/1/00 0:00,,0.5307,,0.54,Non-Auction Ads,Promote
20230807,1773592794251300 ,ES,,,1/1/00 0:00,,0.5307,,0.54,Non-Auction Ads,Promote
20230807,1773591552951300 ,ES,,,1/1/00 0:00,,0.5307,,0.54,Non-Auction Ads,Promote
20230807,1773597062282240 ,ES,,,1/1/00 0:00,,0.5307,,0.54,Non-Auction Ads,Promote
20230807,1773582983429120 ,TH,,,1/1/00 0:00,,0.5305,,0.54,Non-Auction Ads,Promote
20230807,1773573439486970 ,TH,,,1/1/00 0:00,,0.5304,,0.54,Non-Auction Ads,Promote
20230807,1773545833396220 ,MY,,,1/1/00 0:00,,0.5303,,0.54,Non-Auction Ads,Promote
20230807,1773559115984890 ,MY,,,1/1/00 0:00,,0.5302,,0.54,Non-Auction Ads,Promote
20230807,1773570360866810 ,TH,,,1/1/00 0:00,,0.5299,,0.54,Non-Auction Ads,Promote
20230807,1773546771416060 ,VN,,,1/1/00 0:00,,0.5298,,0.54,Non-Auction Ads,Promote
20230807,1773603895700480 ,MY,,,1/1/00 0:00,,0.5298,,0.54,Non-Auction Ads,Promote
20230807,1773543320741950 ,MY,,,1/1/00 0:00,,0.5295,,0.54,Non-Auction Ads,Promote
20230807,1773583271884800 ,ID,,,1/1/00 0:00,,0.5295,,0.54,Non-Auction Ads,Promote
20230807,1773606189065210 ,SA,,,1/1/00 0:00,,0.5295,,0.54,Non-Auction Ads,Promote
20230807,1773590078265340 ,TR,,,1/1/00 0:00,,0.5294,,0.54,Non-Auction Ads,Promote
20230807,1773509665581050 ,SA,,,1/1/00 0:00,,0.5293,,0.54,Non-Auction Ads,Promote
20230807,1773587879087100 ,SA,,,1/1/00 0:00,,0.5293,,0.54,Non-Auction Ads,Promote
20230807,1773535655319550 ,VN,,,1/1/00 0:00,,0.5291,,0.54,Non-Auction Ads,Promote
20230807,1773576935701510 ,BR,,,1/1/00 0:00,,0.5287,,0.54,Non-Auction Ads,Promote
20230807,1773548932811770 ,VN,,,1/1/00 0:00,,0.5277,,0.54,Non-Auction Ads,Promote
20230807,1773542816970750 ,PH,,,1/1/00 0:00,,0.5276,,0.54,Non-Auction Ads,Promote
20230807,1773591431669760 ,TH,,,1/1/00 0:00,,0.5271,,0.54,Non-Auction Ads,Promote
20230807,1773534992540670 ,VN,,,1/1/00 0:00,,0.527,,0.54,Non-Auction Ads,Promote
20230807,1773564027570170 ,TH,,,1/1/00 0:00,,0.5263,,0.54,Non-Auction Ads,Promote
20230807,1773563977088000 ,TH,,,1/1/00 0:00,,0.5263,,0.54,Non-Auction Ads,Promote
20230807,1773540637746170 ,VN,,,1/1/00 0:00,,0.526,,0.54,Non-Auction Ads,Promote
20230807,1773539704725500 ,VN,,,1/1/00 0:00,,0.526,,0.54,Non-Auction Ads,Promote
20230807,1773596702906370 ,PH,,,1/1/00 0:00,,0.5258,,0.54,Non-Auction Ads,Promote
20230807,1773587995868160 ,PH,,,1/1/00 0:00,,0.5258,,0.54,Non-Auction Ads,Promote
20230807,1773596728211450 ,PH,,,1/1/00 0:00,,0.5258,,0.54,Non-Auction Ads,Promote
20230807,1773542438705150 ,MY,,,1/1/00 0:00,,0.5255,,0.54,Non-Auction Ads,Promote
20230807,1773486255923200 ,VN,,,1/1/00 0:00,,0.5255,,0.54,Non-Auction Ads,Promote
20230807,1773606749934590 ,BR,,,1/1/00 0:00,,0.5253,,0.54,Non-Auction Ads,Promote
20230807,1773589084088320 ,TH,,,1/1/00 0:00,,0.5249,,0.54,Non-Auction Ads,Promote
20230807,1773524032806910 ,BR,,,1/1/00 0:00,,0.5247,,0.54,Non-Auction Ads,Promote
20230807,1773593040870400 ,SA,,,1/1/00 0:00,,0.5241,,0.54,Non-Auction Ads,Promote
20230807,1773496199102460 ,SA,,,1/1/00 0:00,,0.5241,,0.54,Non-Auction Ads,Promote
20230807,1773606622985220 ,BR,,,1/1/00 0:00,,0.5241,,0.54,Non-Auction Ads,Promote
20230807,1773592864934910 ,SA,,,1/1/00 0:00,,0.5241,,0.54,Non-Auction Ads,Promote
20230807,1773492556123130 ,SA,,,1/1/00 0:00,,0.5241,,0.54,Non-Auction Ads,Promote
20230807,1773593009701890 ,SA,,,1/1/00 0:00,,0.5241,,0.54,Non-Auction Ads,Promote
20230807,1773584566599680 ,SA,,,1/1/00 0:00,,0.524,,0.54,Non-Auction Ads,Promote
20230807,1773502934606840 ,SA,,,1/1/00 0:00,,0.524,,0.54,Non-Auction Ads,Promote
20230807,1773546494492670 ,ID,,,1/1/00 0:00,,0.5237,,0.54,Non-Auction Ads,Promote
20230807,1773572481689600 ,ID,,,1/1/00 0:00,,0.5237,,0.54,Non-Auction Ads,Promote
20230807,1773589016727550 ,MY,,,1/1/00 0:00,,0.5235,,0.54,Non-Auction Ads,Promote
20230807,1773554035610620 ,ID,,,1/1/00 0:00,,0.5231,,0.54,Non-Auction Ads,Promote
20230807,1773547453264890 ,ID,,,1/1/00 0:00,,0.5231,,0.54,Non-Auction Ads,Promote
20230807,1773548405209090 ,MY,,,1/1/00 0:00,,0.5231,,0.54,Non-Auction Ads,Promote
20230807,1773469938864180 ,EG,,,1/1/00 0:00,,0.523,,0.54,Non-Auction Ads,Promote
20230807,1773497218402300 ,SA,,,1/1/00 0:00,,0.5227,,0.54,Non-Auction Ads,Promote
20230807,1773565893303290 ,TH,,,1/1/00 0:00,,0.5227,,0.54,Non-Auction Ads,Promote
20230807,1773585308342270 ,SA,,,1/1/00 0:00,,0.5227,,0.54,Non-Auction Ads,Promote
20230807,1773538739916800 ,BR,,,1/1/00 0:00,,0.5226,,0.54,Non-Auction Ads,Promote
20230807,1773548769927170 ,BR,,,1/1/00 0:00,,0.5213,,0.54,Non-Auction Ads,Promote
20230807,1773586589621250 ,BR,,,1/1/00 0:00,,0.5213,,0.54,Non-Auction Ads,Promote
20230807,1773548769927170 ,BR,,,1/1/00 0:00,,0.5213,,0.54,Non-Auction Ads,Promote
20230807,1773600175646720 ,TR,,,1/1/00 0:00,,0.5213,,0.54,Non-Auction Ads,Promote
20230807,1773567729941500 ,SA,,,1/1/00 0:00,,0.5209,,0.54,Non-Auction Ads,Promote
20230807,1773568935348220 ,SA,,,1/1/00 0:00,,0.5209,,0.54,Non-Auction Ads,Promote
20230807,1773567759377470 ,SA,,,1/1/00 0:00,,0.5209,,0.54,Non-Auction Ads,Promote
20230807,1773538268823550 ,MY,,,1/1/00 0:00,,0.5207,,0.54,Non-Auction Ads,Promote
20230807,1773598314631160 ,SA,,,1/1/00 0:00,,0.5203,,0.54,Non-Auction Ads,Promote
20230807,1773541165410300 ,VN,,,1/1/00 0:00,,0.5199,,0.54,Non-Auction Ads,Promote
20230807,1773492082239480 ,VN,,,1/1/00 0:00,,0.5199,,0.54,Non-Auction Ads,Promote
20230807,1773541196720130 ,VN,,,1/1/00 0:00,,0.5199,,0.54,Non-Auction Ads,Promote
20230807,1773491729857530 ,VN,,,1/1/00 0:00,,0.5199,,0.54,Non-Auction Ads,Promote
20230807,1773588275119100 ,ID,,,1/1/00 0:00,,0.5195,,0.54,Non-Auction Ads,Promote
20230807,1773588275119100 ,ID,,,1/1/00 0:00,,0.5195,,0.54,Non-Auction Ads,Promote
20230807,1773562483569660 ,RO,,,1/1/00 0:00,,0.5187,,0.54,Non-Auction Ads,Promote
20230807,1773592334553090 ,RO,,,1/1/00 0:00,,0.5187,,0.54,Non-Auction Ads,Promote
20230807,1773572909242370 ,RO,,,1/1/00 0:00,,0.5187,,0.54,Non-Auction Ads,Promote
20230807,1773574344336390 ,BR,,,1/1/00 0:00,,0.5186,,0.54,Non-Auction Ads,Promote
20230807,1773568398999550 ,TR,,,1/1/00 0:00,,0.5185,,0.54,Non-Auction Ads,Promote
20230807,1773525970485250 ,TR,,,1/1/00 0:00,,0.5185,,0.54,Non-Auction Ads,Promote
20230807,1773575309463550 ,ID,,,1/1/00 0:00,,0.5182,,0.54,Non-Auction Ads,Promote
20230807,1773532646639610 ,VN,,,1/1/00 0:00,,0.5175,,0.54,Non-Auction Ads,Promote
20230807,1773555370897410 ,RO,,,1/1/00 0:00,,0.5173,,0.54,Non-Auction Ads,Promote
20230807,1773572632780800 ,MY,,,1/1/00 0:00,,0.5171,,0.54,Non-Auction Ads,Promote
20230807,1773568971696120 ,PH,,,1/1/00 0:00,,0.5169,,0.54,Non-Auction Ads,Promote
20230807,1773475837299710 ,VN,,,1/1/00 0:00,,0.5166,,0.54,Non-Auction Ads,Promote
20230807,1773451480600570 ,VN,,,1/1/00 0:00,,0.5166,,0.54,Non-Auction Ads,Promote
20230807,1773514001146880 ,SA,,,1/1/00 0:00,,0.5161,,0.54,Non-Auction Ads,Promote
20230807,1773433738107900 ,SA,,,1/1/00 0:00,,0.516,,0.54,Non-Auction Ads,Promote
20230807,1773611834433530 ,TH,,,1/1/00 0:00,,0.5151,,0.54,Non-Auction Ads,Promote
20230807,1773574291638270 ,IT,,,1/1/00 0:00,,0.515,,0.54,Non-Auction Ads,Promote
20230807,1773607851512870 ,IT,,,1/1/00 0:00,,0.515,,0.54,Non-Auction Ads,Promote
20230807,1773532849482750 ,MY,,,1/1/00 0:00,,0.5145,,0.54,Non-Auction Ads,Promote
20230807,1773532225914880 ,MY,,,1/1/00 0:00,,0.5145,,0.54,Non-Auction Ads,Promote
20230807,1773604344503290 ,ID,,,1/1/00 0:00,,0.5143,,0.54,Non-Auction Ads,Promote
20230807,1773469667504120 ,SA,,,1/1/00 0:00,,0.5139,,0.54,Non-Auction Ads,Promote
20230807,1773557603440640 ,ID,,,1/1/00 0:00,,0.5137,,0.54,Non-Auction Ads,Promote
20230807,1773562503113730 ,ID,,,1/1/00 0:00,,0.5135,,0.54,Non-Auction Ads,Promote
20230807,1773557224594430 ,SA,,,1/1/00 0:00,,0.5127,,0.54,Non-Auction Ads,Promote
20230807,1773556494259260 ,SA,,,1/1/00 0:00,,0.5127,,0.54,Non-Auction Ads,Promote
20230807,1773544782397440 ,TH,,,1/1/00 0:00,,0.512,,0.54,Non-Auction Ads,Promote
20230807,1773554048299000 ,TR,,,1/1/00 0:00,,0.5118,,0.54,Non-Auction Ads,Promote
20230807,1773562434071550 ,TH,,,1/1/00 0:00,,0.5117,,0.54,Non-Auction Ads,Promote
20230807,1773563037819910 ,BR,,,1/1/00 0:00,,0.5113,,0.54,Non-Auction Ads,Promote
20230807,1773532954570750 ,VN,,,1/1/00 0:00,,0.5104,,0.54,Non-Auction Ads,Promote
20230807,1773584994021370 ,MY,,,1/1/00 0:00,,0.5103,,0.54,Non-Auction Ads,Promote
20230807,1773584469223420 ,MY,,,1/1/00 0:00,,0.5103,,0.54,Non-Auction Ads,Promote
20230807,1773574894596090 ,IL,,,1/1/00 0:00,,0.5093,,0.54,Non-Auction Ads,Promote
20230807,1773524433681410 ,BR,,,1/1/00 0:00,,0.5092,,0.54,Non-Auction Ads,Promote
20230807,1773524353062910 ,BR,,,1/1/00 0:00,,0.5092,,0.54,Non-Auction Ads,Promote
20230807,1773523865682940 ,BR,,,1/1/00 0:00,,0.5092,,0.54,Non-Auction Ads,Promote
20230807,1773570081650690 ,TH,,,1/1/00 0:00,,0.5089,,0.54,Non-Auction Ads,Promote
20230807,1773616432706560 ,TH,,,1/1/00 0:00,,0.5089,,0.54,Non-Auction Ads,Promote
20230807,1773564210992120 ,ID,,,1/1/00 0:00,,0.5088,,0.54,Non-Auction Ads,Promote
20230807,1773421549465600 ,SA,,,1/1/00 0:00,,0.5087,,0.54,Non-Auction Ads,Promote
20230807,1773564786410490 ,TH,,,1/1/00 0:00,,0.5078,,0.54,Non-Auction Ads,Promote
20230807,1773573317750780 ,ID,,,1/1/00 0:00,,0.5075,,0.54,Non-Auction Ads,Promote
20230807,1773490859587580 ,VN,,,1/1/00 0:00,,0.5071,,0.54,Non-Auction Ads,Promote
20230807,1773489338881020 ,VN,,,1/1/00 0:00,,0.5071,,0.54,Non-Auction Ads,Promote
20230807,1773476818514940 ,SA,,,1/1/00 0:00,,0.5069,,0.54,Non-Auction Ads,Promote
20230807,1773538287234080 ,BR,,,1/1/00 0:00,,0.5061,,0.54,Non-Auction Ads,Promote
20230807,1773538287234080 ,BR,,,1/1/00 0:00,,0.5061,,0.54,Non-Auction Ads,Promote
20230807,1773523143597060 ,BR,,,1/1/00 0:00,,0.5051,,0.54,Non-Auction Ads,Promote
20230807,1773564984884220 ,SE,,,1/1/00 0:00,,0.5044,,0.54,Non-Auction Ads,Promote
20230807,1773564052165630 ,BR,,,1/1/00 0:00,,0.5041,,0.54,Non-Auction Ads,Promote
20230807,1773607414693890 ,GR,,,1/1/00 0:00,,0.5039,,0.54,Non-Auction Ads,Promote
20230807,1773467427517440 ,VN,,,1/1/00 0:00,,0.5036,,0.54,Non-Auction Ads,Promote
20230807,1773600534207490 ,IT,,,1/1/00 0:00,,0.5034,,0.54,Non-Auction Ads,Promote
20230807,1773543918881790 ,VN,,,1/1/00 0:00,,0.5029,,0.54,Non-Auction Ads,Promote
20230807,1773526494604280 ,TH,,,1/1/00 0:00,,0.5028,,0.54,Non-Auction Ads,Promote
20230807,1773542712455170 ,ID,,,1/1/00 0:00,,0.5024,,0.54,Non-Auction Ads,Promote
20230807,1773361430743040 ,SA,,,1/1/00 0:00,,0.5022,,0.54,Non-Auction Ads,Promote
20230807,1773534333880380 ,BR,,,1/1/00 0:00,,0.502,,0.54,Non-Auction Ads,Promote
20230807,1773585636193280 ,ID,,,1/1/00 0:00,,0.5013,,0.54,Non-Auction Ads,Promote
20230807,1773580507503610 ,ID,,,1/1/00 0:00,,0.5008,,0.54,Non-Auction Ads,Promote
20230807,1773527687118850 ,BR,,,1/1/00 0:00,,0.5008,,0.54,Non-Auction Ads,Promote
20230807,1773578540320770 ,ES,,,1/1/00 0:00,,0.5004,,0.54,Non-Auction Ads,Promote
20230807,1773588421264390 ,ES,,,1/1/00 0:00,,0.5004,,0.54,Non-Auction Ads,Promote
20230807,1773554278501370 ,ID,,,1/1/00 0:00,,0.5004,,0.54,Non-Auction Ads,Promote
20230807,1773545368028160 ,ID,,,1/1/00 0:00,,0.4996,,0.54,Non-Auction Ads,Promote
20230807,1773581662327800 ,TH,,,1/1/00 0:00,,0.4995,,0.54,Non-Auction Ads,Promote
20230807,1773581828096000 ,TH,,,1/1/00 0:00,,0.4995,,0.54,Non-Auction Ads,Promote
20230807,1773581961979900 ,TH,,,1/1/00 0:00,,0.4995,,0.54,Non-Auction Ads,Promote
20230807,1773526664922110 ,TH,,,1/1/00 0:00,,0.4992,,0.54,Non-Auction Ads,Promote
20230807,1773526332881920 ,TH,,,1/1/00 0:00,,0.4992,,0.54,Non-Auction Ads,Promote
20230807,1773538357763070 ,ID,,,1/1/00 0:00,,0.499,,0.54,Non-Auction Ads,Promote
20230807,1773542002596860 ,ID,,,1/1/00 0:00,,0.4988,,0.54,Non-Auction Ads,Promote
20230807,1773537410239480 ,ID,,,1/1/00 0:00,,0.4983,,0.54,Non-Auction Ads,Promote
20230807,1773581592741880 ,PH,,,1/1/00 0:00,,0.4978,,0.54,Non-Auction Ads,Promote
20230807,1773614197442560 ,ID,,,1/1/00 0:00,,0.4975,,0.54,Non-Auction Ads,Promote
20230807,1773556454472700 ,ID,,,1/1/00 0:00,,0.4975,,0.54,Non-Auction Ads,Promote
20230807,1773554698044410 ,ID,,,1/1/00 0:00,,0.4972,,0.54,Non-Auction Ads,Promote
20230807,1773614811244540 ,ID,,,1/1/00 0:00,,0.4967,,0.54,Non-Auction Ads,Promote
20230807,1773557513502720 ,ID,,,1/1/00 0:00,,0.4957,,0.54,Non-Auction Ads,Promote
20230807,1773549924740100 ,IT,,,1/1/00 0:00,,0.4957,,0.54,Non-Auction Ads,Promote
20230807,1773551830429690 ,ID,,,1/1/00 0:00,,0.4957,,0.54,Non-Auction Ads,Promote
20230807,1773580766252030 ,RO,,,1/1/00 0:00,,0.4954,,0.54,Non-Auction Ads,Promote
20230807,1773546200797180 ,TH,,,1/1/00 0:00,,0.4951,,0.54,Non-Auction Ads,Promote
20230807,1773615774806010 ,TH,,,1/1/00 0:00,,0.4951,,0.54,Non-Auction Ads,Promote
20230807,1773587205890050 ,BR,,,1/1/00 0:00,,0.4947,,0.54,Non-Auction Ads,Promote
20230807,1773600774430720 ,BR,,,1/1/00 0:00,,0.4947,,0.54,Non-Auction Ads,Promote
20230807,1773600735284230 ,BR,,,1/1/00 0:00,,0.4947,,0.54,Non-Auction Ads,Promote
20230807,1773596600779780 ,BR,,,1/1/00 0:00,,0.4947,,0.54,Non-Auction Ads,Promote
20230807,1773590909660160 ,BR,,,1/1/00 0:00,,0.4947,,0.54,Non-Auction Ads,Promote
20230807,1773536477547520 ,MY,,,1/1/00 0:00,,0.4945,,0.54,Non-Auction Ads,Promote
20230807,1773557359232000 ,ID,,,1/1/00 0:00,,0.4945,,0.54,Non-Auction Ads,Promote
20230807,1773588850848770 ,ID,,,1/1/00 0:00,,0.4945,,0.54,Non-Auction Ads,Promote
20230807,1773561760023550 ,ID,,,1/1/00 0:00,,0.4945,,0.54,Non-Auction Ads,Promote
20230807,1773556822734850 ,ID,,,1/1/00 0:00,,0.4944,,0.54,Non-Auction Ads,Promote
20230807,1773564324346880 ,ID,,,1/1/00 0:00,,0.4944,,0.54,Non-Auction Ads,Promote
20230807,1773533058548730 ,ID,,,1/1/00 0:00,,0.4943,,0.54,Non-Auction Ads,Promote
20230807,1773577538039810 ,JP,,,1/1/00 0:00,,0.4943,,0.54,Non-Auction Ads,Promote
20230807,1773579347879930 ,JP,,,1/1/00 0:00,,0.4943,,0.54,Non-Auction Ads,Promote
20230807,1773553611832320 ,AE,,,1/1/00 0:00,,0.4943,,0.54,Non-Auction Ads,Promote
20230807,1773579049513980 ,MY,,,1/1/00 0:00,,0.4942,,0.54,Non-Auction Ads,Promote
20230807,1773570184957950 ,MY,,,1/1/00 0:00,,0.4938,,0.54,Non-Auction Ads,Promote
20230807,1773536211475450 ,ID,,,1/1/00 0:00,,0.4938,,0.54,Non-Auction Ads,Promote
20230807,1773461178450940 ,VN,,,1/1/00 0:00,,0.4934,,0.54,Non-Auction Ads,Promote
20230807,1773476869750780 ,VN,,,1/1/00 0:00,,0.493,,0.54,Non-Auction Ads,Promote
20230807,1773487663619070 ,VN,,,1/1/00 0:00,,0.493,,0.54,Non-Auction Ads,Promote
20230807,1773582081382400 ,ID,,,1/1/00 0:00,,0.4927,,0.54,Non-Auction Ads,Promote
20230807,1773573773986810 ,ID,,,1/1/00 0:00,,0.4927,,0.54,Non-Auction Ads,Promote
20230807,1773527607172090 ,TR,,,1/1/00 0:00,,0.4926,,0.54,Non-Auction Ads,Promote
20230807,1773526811661310 ,TR,,,1/1/00 0:00,,0.4926,,0.54,Non-Auction Ads,Promote
20230807,1773555080451070 ,TR,,,1/1/00 0:00,,0.4921,,0.54,Non-Auction Ads,Promote
20230807,1773461041063930 ,VN,,,1/1/00 0:00,,0.492,,0.54,Non-Auction Ads,Promote
20230807,1773579639093250 ,TR,,,1/1/00 0:00,,0.492,,0.54,Non-Auction Ads,Promote
20230807,1773577680350200 ,TR,,,1/1/00 0:00,,0.492,,0.54,Non-Auction Ads,Promote
20230807,1773530100775930 ,ID,,,1/1/00 0:00,,0.4918,,0.54,Non-Auction Ads,Promote
20230807,1773574617358330 ,TH,,,1/1/00 0:00,,0.4913,,0.54,Non-Auction Ads,Promote
20230807,1773472583937020 ,SA,,,1/1/00 0:00,,0.4905,,0.54,Non-Auction Ads,Promote
20230807,1773534364065850 ,ID,,,1/1/00 0:00,,0.4904,,0.54,Non-Auction Ads,Promote
20230807,1773483243885570 ,AE,,,1/1/00 0:00,,0.49,,0.54,Non-Auction Ads,Promote
20230807,1773488085709820 ,AE,,,1/1/00 0:00,,0.49,,0.54,Non-Auction Ads,Promote
20230807,1773492840046590 ,AE,,,1/1/00 0:00,,0.49,,0.54,Non-Auction Ads,Promote
20230807,1773577613144060 ,ID,,,1/1/00 0:00,,0.4899,,0.54,Non-Auction Ads,Promote
20230807,1773602551953410 ,BR,,,1/1/00 0:00,,0.4899,,0.54,Non-Auction Ads,Promote
20230807,1773528688898040 ,ID,,,1/1/00 0:00,,0.4899,,0.54,Non-Auction Ads,Promote
20230807,1773561730974720 ,TH,,,1/1/00 0:00,,0.4899,,0.54,Non-Auction Ads,Promote
20230807,1773588108427260 ,ID,,,1/1/00 0:00,,0.4899,,0.54,Non-Auction Ads,Promote
20230807,1773596826343420 ,BR,,,1/1/00 0:00,,0.4899,,0.54,Non-Auction Ads,Promote
20230807,1773529408077820 ,ID,,,1/1/00 0:00,,0.4899,,0.54,Non-Auction Ads,Promote
20230807,1773570882920440 ,ID,,,1/1/00 0:00,,0.4899,,0.54,Non-Auction Ads,Promote
20230807,1773560120651770 ,TH,,,1/1/00 0:00,,0.4899,,0.54,Non-Auction Ads,Promote
20230807,1773584602135550 ,BR,,,1/1/00 0:00,,0.4897,,0.54,Non-Auction Ads,Promote
20230807,1773476726424570 ,VN,,,1/1/00 0:00,,0.4894,,0.54,Non-Auction Ads,Promote
20230807,1773445785861120 ,VN,,,1/1/00 0:00,,0.4889,,0.54,Non-Auction Ads,Promote
20230807,1773572583657470 ,TH,,,1/1/00 0:00,,0.4889,,0.54,Non-Auction Ads,Promote
20230807,1773574828134500 ,FI,,,1/1/00 0:00,,0.4886,,0.54,Non-Auction Ads,Promote
20230807,1773553089932290 ,PH,,,1/1/00 0:00,,0.4882,,0.54,Non-Auction Ads,Promote
20230807,1773573714627580 ,PH,,,1/1/00 0:00,,0.4882,,0.54,Non-Auction Ads,Promote
20230807,1773560151347200 ,PH,,,1/1/00 0:00,,0.4882,,0.54,Non-Auction Ads,Promote
20230807,1773576992637950 ,PH,,,1/1/00 0:00,,0.4882,,0.54,Non-Auction Ads,Promote
20230807,1773576498280450 ,PH,,,1/1/00 0:00,,0.4882,,0.54,Non-Auction Ads,Promote
20230807,1773558778871810 ,PL,,,1/1/00 0:00,,0.4881,,0.54,Non-Auction Ads,Promote
20230807,1773472175949880 ,SA,,,1/1/00 0:00,,0.4878,,0.54,Non-Auction Ads,Promote
20230807,1773576408194050 ,PH,,,1/1/00 0:00,,0.4878,,0.54,Non-Auction Ads,Promote
20230807,1773573252054010 ,PH,,,1/1/00 0:00,,0.4878,,0.54,Non-Auction Ads,Promote
20230807,1773551396252670 ,GR,,,1/1/00 0:00,,0.4874,,0.54,Non-Auction Ads,Promote
20230807,1773603942131710 ,BR,,,1/1/00 0:00,,0.4871,,0.54,Non-Auction Ads,Promote
20230807,1773590383667220 ,BR,,,1/1/00 0:00,,0.486,,0.54,Non-Auction Ads,Promote
20230807,1773602977349630 ,BR,,,1/1/00 0:00,,0.486,,0.54,Non-Auction Ads,Promote
20230807,1773490853959680 ,AE,,,1/1/00 0:00,,0.486,,0.54,Non-Auction Ads,Promote
20230807,1773593484161020 ,BR,,,1/1/00 0:00,,0.486,,0.54,Non-Auction Ads,Promote
20230807,1773482049831930 ,VN,,,1/1/00 0:00,,0.486,,0.54,Non-Auction Ads,Promote
20230807,1773600509401120 ,BR,,,1/1/00 0:00,,0.486,,0.54,Non-Auction Ads,Promote
20230807,1773533139437570 ,VN,,,1/1/00 0:00,,0.4858,,0.54,Non-Auction Ads,Promote
20230807,1773524033327100 ,BR,,,1/1/00 0:00,,0.4856,,0.54,Non-Auction Ads,Promote
20230807,1773478047971330 ,VN,,,1/1/00 0:00,,0.4855,,0.54,Non-Auction Ads,Promote
20230807,1773493261178880 ,VN,,,1/1/00 0:00,,0.4853,,0.54,Non-Auction Ads,Promote
20230807,1773614386806780 ,IT,,,1/1/00 0:00,,0.4851,,0.54,Non-Auction Ads,Promote
20230807,1773605308427330 ,IT,,,1/1/00 0:00,,0.4851,,0.54,Non-Auction Ads,Promote
20230807,1773535076827140 ,IT,,,1/1/00 0:00,,0.4851,,0.54,Non-Auction Ads,Promote
20230807,1773535485893630 ,IT,,,1/1/00 0:00,,0.4851,,0.54,Non-Auction Ads,Promote
20230807,1773529143737460 ,IT,,,1/1/00 0:00,,0.4851,,0.54,Non-Auction Ads,Promote
20230807,1773526866034690 ,IT,,,1/1/00 0:00,,0.4851,,0.54,Non-Auction Ads,Promote
20230807,1773587423197190 ,IT,,,1/1/00 0:00,,0.4851,,0.54,Non-Auction Ads,Promote
20230807,1773535732813830 ,IT,,,1/1/00 0:00,,0.4851,,0.54,Non-Auction Ads,Promote
20230807,1773543799117820 ,MY,,,1/1/00 0:00,,0.4845,,0.54,Non-Auction Ads,Promote
20230807,1773551159703550 ,MY,,,1/1/00 0:00,,0.4845,,0.54,Non-Auction Ads,Promote
20230807,1773478727223290 ,VN,,,1/1/00 0:00,,0.4845,,0.54,Non-Auction Ads,Promote
20230807,1773551025129470 ,TH,,,1/1/00 0:00,,0.4845,,0.54,Non-Auction Ads,Promote
20230807,1773546227331070 ,MY,,,1/1/00 0:00,,0.4845,,0.54,Non-Auction Ads,Promote
20230807,1773550173707260 ,MY,,,1/1/00 0:00,,0.4845,,0.54,Non-Auction Ads,Promote
20230807,1773550025890810 ,MY,,,1/1/00 0:00,,0.4845,,0.54,Non-Auction Ads,Promote
20230807,1773550116339710 ,MY,,,1/1/00 0:00,,0.4845,,0.54,Non-Auction Ads,Promote
20230807,1773537912517630 ,MY,,,1/1/00 0:00,,0.4845,,0.54,Non-Auction Ads,Promote
20230807,1773558990584830 ,TH,,,1/1/00 0:00,,0.4845,,0.54,Non-Auction Ads,Promote
20230807,1773586319088640 ,TH,,,1/1/00 0:00,,0.4842,,0.54,Non-Auction Ads,Promote
20230807,1773609883290620 ,TH,,,1/1/00 0:00,,0.4842,,0.54,Non-Auction Ads,Promote
20230807,1773471380764670 ,VN,,,1/1/00 0:00,,0.4839,,0.54,Non-Auction Ads,Promote
20230807,1773472223558650 ,VN,,,1/1/00 0:00,,0.4839,,0.54,Non-Auction Ads,Promote
20230807,1773525858629630 ,VN,,,1/1/00 0:00,,0.4839,,0.54,Non-Auction Ads,Promote
20230807,1773576185121790 ,MY,,,1/1/00 0:00,,0.4837,,0.54,Non-Auction Ads,Promote
20230807,1773599088111610 ,SA,,,1/1/00 0:00,,0.4835,,0.54,Non-Auction Ads,Promote
20230807,1773448647175170 ,VN,,,1/1/00 0:00,,0.4833,,0.54,Non-Auction Ads,Promote
20230807,1773484450819070 ,VN,,,1/1/00 0:00,,0.4831,,0.54,Non-Auction Ads,Promote
20230807,1773555518706680 ,ID,,,1/1/00 0:00,,0.483,,0.54,Non-Auction Ads,Promote
20230807,1773542084283390 ,ID,,,1/1/00 0:00,,0.4825,,0.54,Non-Auction Ads,Promote
20230807,1773596293395470 ,BR,,,1/1/00 0:00,,0.4824,,0.54,Non-Auction Ads,Promote
20230807,1773501944960000 ,VN,,,1/1/00 0:00,,0.4816,,0.54,Non-Auction Ads,Promote
20230807,1773589173198850 ,PH,,,1/1/00 0:00,,0.4815,,0.54,Non-Auction Ads,Promote
20230807,1773598235785220 ,BR,,,1/1/00 0:00,,0.481,,0.54,Non-Auction Ads,Promote
20230807,1773590345541660 ,BR,,,1/1/00 0:00,,0.481,,0.54,Non-Auction Ads,Promote
20230807,1773533406858240 ,ID,,,1/1/00 0:00,,0.4809,,0.54,Non-Auction Ads,Promote
20230807,1773531550871550 ,ID,,,1/1/00 0:00,,0.4809,,0.54,Non-Auction Ads,Promote
20230807,1773532749879290 ,ID,,,1/1/00 0:00,,0.4809,,0.54,Non-Auction Ads,Promote
20230807,1773556134602750 ,PH,,,1/1/00 0:00,,0.4806,,0.54,Non-Auction Ads,Promote
20230807,1773570599752700 ,PH,,,1/1/00 0:00,,0.4806,,0.54,Non-Auction Ads,Promote
20230807,1773556197620800 ,ID,,,1/1/00 0:00,,0.4793,,0.54,Non-Auction Ads,Promote
20230807,1773561049797760 ,ID,,,1/1/00 0:00,,0.4793,,0.54,Non-Auction Ads,Promote
20230807,1773593229489150 ,BR,,,1/1/00 0:00,,0.4788,,0.54,Non-Auction Ads,Promote
20230807,1773538697752570 ,TH,,,1/1/00 0:00,,0.4786,,0.54,Non-Auction Ads,Promote
20230807,1773539261903870 ,ID,,,1/1/00 0:00,,0.4784,,0.54,Non-Auction Ads,Promote
20230807,1773541272508420 ,BR,,,1/1/00 0:00,,0.4783,,0.54,Non-Auction Ads,Promote
20230807,1773608700570620 ,BR,,,1/1/00 0:00,,0.478,,0.54,Non-Auction Ads,Promote
20230807,1773581303302150 ,BR,,,1/1/00 0:00,,0.4779,,0.54,Non-Auction Ads,Promote
20230807,1773537259534340 ,BR,,,1/1/00 0:00,,0.4778,,0.54,Non-Auction Ads,Promote
20230807,1773530267937790 ,BR,,,1/1/00 0:00,,0.4772,,0.54,Non-Auction Ads,Promote
20230807,1773574198011900 ,BR,,,1/1/00 0:00,,0.4772,,0.54,Non-Auction Ads,Promote
20230807,1773597910248440 ,TR,,,1/1/00 0:00,,0.477,,0.54,Non-Auction Ads,Promote
20230807,1773564887335930 ,ID,,,1/1/00 0:00,,0.4765,,0.54,Non-Auction Ads,Promote
20230807,1773592855854080 ,TH,,,1/1/00 0:00,,0.4761,,0.54,Non-Auction Ads,Promote
20230807,1773588661841920 ,TH,,,1/1/00 0:00,,0.4761,,0.54,Non-Auction Ads,Promote
20230807,1773587119516670 ,TH,,,1/1/00 0:00,,0.4761,,0.54,Non-Auction Ads,Promote
20230807,1773586960579580 ,TH,,,1/1/00 0:00,,0.4761,,0.54,Non-Auction Ads,Promote
20230807,1773586772701180 ,TH,,,1/1/00 0:00,,0.4761,,0.54,Non-Auction Ads,Promote
20230807,1773596530302970 ,TH,,,1/1/00 0:00,,0.4761,,0.54,Non-Auction Ads,Promote
20230807,1773586858191870 ,TH,,,1/1/00 0:00,,0.4761,,0.54,Non-Auction Ads,Promote
20230807,1773586734675960 ,TH,,,1/1/00 0:00,,0.4761,,0.54,Non-Auction Ads,Promote
20230807,1773592914872320 ,TH,,,1/1/00 0:00,,0.4761,,0.54,Non-Auction Ads,Promote
20230807,1773591490399230 ,TH,,,1/1/00 0:00,,0.4761,,0.54,Non-Auction Ads,Promote
20230807,1773591618554880 ,TH,,,1/1/00 0:00,,0.4761,,0.54,Non-Auction Ads,Promote
20230807,1773591910170620 ,TH,,,1/1/00 0:00,,0.4761,,0.54,Non-Auction Ads,Promote
20230807,1773592494627840 ,TH,,,1/1/00 0:00,,0.4761,,0.54,Non-Auction Ads,Promote
20230807,1773587565904890 ,TH,,,1/1/00 0:00,,0.4761,,0.54,Non-Auction Ads,Promote
20230807,1773592701912060 ,TH,,,1/1/00 0:00,,0.4761,,0.54,Non-Auction Ads,Promote
20230807,1773591564361720 ,TH,,,1/1/00 0:00,,0.4761,,0.54,Non-Auction Ads,Promote
20230807,1773591814274050 ,TH,,,1/1/00 0:00,,0.4761,,0.54,Non-Auction Ads,Promote
20230807,1773549648680960 ,MY,,,1/1/00 0:00,,0.4757,,0.54,Non-Auction Ads,Promote
20230807,1773550962757630 ,ID,,,1/1/00 0:00,,0.4757,,0.54,Non-Auction Ads,Promote
20230807,1773532086629370 ,TH,,,1/1/00 0:00,,0.4756,,0.54,Non-Auction Ads,Promote
20230807,1773564620474430 ,TH,,,1/1/00 0:00,,0.4756,,0.54,Non-Auction Ads,Promote
20230807,1773552950111230 ,TH,,,1/1/00 0:00,,0.4756,,0.54,Non-Auction Ads,Promote
20230807,1773531670576120 ,TH,,,1/1/00 0:00,,0.4756,,0.54,Non-Auction Ads,Promote
20230807,1773536482574330 ,TH,,,1/1/00 0:00,,0.4756,,0.54,Non-Auction Ads,Promote
20230807,1773532936186880 ,TH,,,1/1/00 0:00,,0.4756,,0.54,Non-Auction Ads,Promote
20230807,1773531816568830 ,TH,,,1/1/00 0:00,,0.4756,,0.54,Non-Auction Ads,Promote
20230807,1773532673362940 ,TH,,,1/1/00 0:00,,0.4756,,0.54,Non-Auction Ads,Promote
20230807,1773605200531460 ,BR,,,1/1/00 0:00,,0.4748,,0.54,Non-Auction Ads,Promote
20230807,1773573282854910 ,TH,,,1/1/00 0:00,,0.4743,,0.54,Non-Auction Ads,Promote
20230807,1773590205962240 ,TH,,,1/1/00 0:00,,0.4729,,0.54,Non-Auction Ads,Promote
20230807,1773558406939640 ,PH,,,1/1/00 0:00,,0.4726,,0.54,Non-Auction Ads,Promote
20230807,1773545482457080 ,TH,,,1/1/00 0:00,,0.4704,,0.54,Non-Auction Ads,Promote
20230807,1773540490403840 ,TH,,,1/1/00 0:00,,0.4704,,0.54,Non-Auction Ads,Promote
20230807,1773479448452090 ,VN,,,1/1/00 0:00,,0.4702,,0.54,Non-Auction Ads,Promote
20230807,1773579559971840 ,TH,,,1/1/00 0:00,,0.4695,,0.54,Non-Auction Ads,Promote
20230807,1773577189830720 ,BR,,,1/1/00 0:00,,0.4695,,0.54,Non-Auction Ads,Promote
20230807,1773582150380540 ,ID,,,1/1/00 0:00,,0.4684,,0.54,Non-Auction Ads,Promote
20230807,1773529068136450 ,ID,,,1/1/00 0:00,,0.4682,,0.54,Non-Auction Ads,Promote
20230807,1773529272791040 ,ID,,,1/1/00 0:00,,0.4682,,0.54,Non-Auction Ads,Promote
20230807,1773529492415480 ,ID,,,1/1/00 0:00,,0.4682,,0.54,Non-Auction Ads,Promote
20230807,1773580230275070 ,ID,,,1/1/00 0:00,,0.468,,0.54,Non-Auction Ads,Promote
20230807,1773577564975100 ,ID,,,1/1/00 0:00,,0.468,,0.54,Non-Auction Ads,Promote
20230807,1773538497041410 ,ID,,,1/1/00 0:00,,0.4678,,0.54,Non-Auction Ads,Promote
20230807,1773533613942780 ,ID,,,1/1/00 0:00,,0.4678,,0.54,Non-Auction Ads,Promote
20230807,1773533996613630 ,ID,,,1/1/00 0:00,,0.4678,,0.54,Non-Auction Ads,Promote
20230807,1773568443589630 ,ID,,,1/1/00 0:00,,0.4678,,0.54,Non-Auction Ads,Promote
20230807,1773533682834430 ,ID,,,1/1/00 0:00,,0.4678,,0.54,Non-Auction Ads,Promote
20230807,1773580921055250 ,ES,,,1/1/00 0:00,,0.4672,,0.54,Non-Auction Ads,Promote
20230807,1773584437336070 ,RO,,,1/1/00 0:00,,0.4667,,0.54,Non-Auction Ads,Promote
20230807,1773605623699450 ,MY,,,1/1/00 0:00,,0.4666,,0.54,Non-Auction Ads,Promote
20230807,1773570501609470 ,TH,,,1/1/00 0:00,,0.4665,,0.54,Non-Auction Ads,Promote
20230807,1773563927183360 ,TH,,,1/1/00 0:00,,0.4665,,0.54,Non-Auction Ads,Promote
20230807,1773573634298880 ,TH,,,1/1/00 0:00,,0.4662,,0.54,Non-Auction Ads,Promote
20230807,1773472249789440 ,VN,,,1/1/00 0:00,,0.4656,,0.54,Non-Auction Ads,Promote
20230807,1773529459628030 ,VN,,,1/1/00 0:00,,0.4656,,0.54,Non-Auction Ads,Promote
20230807,1773540212073470 ,VN,,,1/1/00 0:00,,0.4656,,0.54,Non-Auction Ads,Promote
20230807,1773575919071230 ,BR,,,1/1/00 0:00,,0.4648,,0.54,Non-Auction Ads,Promote
20230807,1773528722585600 ,TR,,,1/1/00 0:00,,0.4645,,0.54,Non-Auction Ads,Promote
20230807,1773577600282620 ,PH,,,1/1/00 0:00,,0.4636,,0.54,Non-Auction Ads,Promote
20230807,1773579555693570 ,PH,,,1/1/00 0:00,,0.4636,,0.54,Non-Auction Ads,Promote
20230807,1773577807844350 ,PH,,,1/1/00 0:00,,0.4636,,0.54,Non-Auction Ads,Promote
20230807,1773576762405890 ,PH,,,1/1/00 0:00,,0.4636,,0.54,Non-Auction Ads,Promote
20230807,1773579470573570 ,PH,,,1/1/00 0:00,,0.4636,,0.54,Non-Auction Ads,Promote
20230807,1773540050237440 ,MY,,,1/1/00 0:00,,0.4634,,0.54,Non-Auction Ads,Promote
20230807,1773573109403650 ,ID,,,1/1/00 0:00,,0.4631,,0.54,Non-Auction Ads,Promote
20230807,1773573070559230 ,ID,,,1/1/00 0:00,,0.4631,,0.54,Non-Auction Ads,Promote
20230807,1773571986932730 ,ID,,,1/1/00 0:00,,0.4631,,0.54,Non-Auction Ads,Promote
20230807,1773565093019670 ,PT,,,1/1/00 0:00,,0.4629,,0.54,Non-Auction Ads,Promote
20230807,1773571056688130 ,SA,,,1/1/00 0:00,,0.4616,,0.54,Non-Auction Ads,Promote
20230807,1773569524312130 ,ID,,,1/1/00 0:00,,0.4616,,0.54,Non-Auction Ads,Promote
20230807,1773559521111040 ,GR,,,1/1/00 0:00,,0.4615,,0.54,Non-Auction Ads,Promote
20230807,1773373871587320 ,SA,,,1/1/00 0:00,,0.4612,,0.54,Non-Auction Ads,Promote
20230807,1773548780184570 ,MY,,,1/1/00 0:00,,0.461,,0.54,Non-Auction Ads,Promote
20230807,1773556594007040 ,MY,,,1/1/00 0:00,,0.461,,0.54,Non-Auction Ads,Promote
20230807,1773503957772350 ,SA,,,1/1/00 0:00,,0.4601,,0.54,Non-Auction Ads,Promote
20230807,1773472618614780 ,VN,,,1/1/00 0:00,,0.4589,,0.54,Non-Auction Ads,Promote
20230807,1773538312595450 ,MY,,,1/1/00 0:00,,0.4584,,0.54,Non-Auction Ads,Promote
20230807,1773537942585340 ,MY,,,1/1/00 0:00,,0.4584,,0.54,Non-Auction Ads,Promote
20230807,1773572216828930 ,TH,,,1/1/00 0:00,,0.4578,,0.54,Non-Auction Ads,Promote
20230807,1773534509852670 ,TH,,,1/1/00 0:00,,0.4578,,0.54,Non-Auction Ads,Promote
20230807,1773534496656380 ,TH,,,1/1/00 0:00,,0.4578,,0.54,Non-Auction Ads,Promote
20230807,1773572492312570 ,TH,,,1/1/00 0:00,,0.4578,,0.54,Non-Auction Ads,Promote
20230807,1773585600857090 ,TH,,,1/1/00 0:00,,0.4578,,0.54,Non-Auction Ads,Promote
20230807,1773590070829050 ,TH,,,1/1/00 0:00,,0.4575,,0.54,Non-Auction Ads,Promote
20230807,1773544660079610 ,SA,,,1/1/00 0:00,,0.4573,,0.54,Non-Auction Ads,Promote
20230807,1773547759669240 ,TR,,,1/1/00 0:00,,0.4572,,0.54,Non-Auction Ads,Promote
20230807,1773606831306810 ,SA,,,1/1/00 0:00,,0.4571,,0.54,Non-Auction Ads,Promote
20230807,1773387834977280 ,SA,,,1/1/00 0:00,,0.4571,,0.54,Non-Auction Ads,Promote
20230807,1773567075780610 ,TH,,,1/1/00 0:00,,0.457,,0.54,Non-Auction Ads,Promote
20230807,1773519178517500 ,SA,,,1/1/00 0:00,,0.457,,0.54,Non-Auction Ads,Promote
20230807,1773484277597180 ,SA,,,1/1/00 0:00,,0.457,,0.54,Non-Auction Ads,Promote
20230807,1773522979119100 ,SA,,,1/1/00 0:00,,0.4568,,0.54,Non-Auction Ads,Promote
20230807,1773597414433790 ,BR,,,1/1/00 0:00,,0.4566,,0.54,Non-Auction Ads,Promote
20230807,1773450076937210 ,VN,,,1/1/00 0:00,,0.4564,,0.54,Non-Auction Ads,Promote
20230807,1773509895379960 ,SA,,,1/1/00 0:00,,0.4564,,0.54,Non-Auction Ads,Promote
20230807,1773580749603840 ,TH,,,1/1/00 0:00,,0.456,,0.54,Non-Auction Ads,Promote
20230807,1773529855877120 ,BR,,,1/1/00 0:00,,0.4551,,0.54,Non-Auction Ads,Promote
20230807,1773537739110400 ,BR,,,1/1/00 0:00,,0.4551,,0.54,Non-Auction Ads,Promote
20230807,1773574410339330 ,TH,,,1/1/00 0:00,,0.4542,,0.54,Non-Auction Ads,Promote
20230807,1773535701133310 ,MY,,,1/1/00 0:00,,0.4541,,0.54,Non-Auction Ads,Promote
20230807,1773528674164730 ,TH,,,1/1/00 0:00,,0.4541,,0.54,Non-Auction Ads,Promote
20230807,1773602589264910 ,FR,,,1/1/00 0:00,,0.4538,,0.54,Non-Auction Ads,Promote
20230807,1773567406644220 ,PH,,,1/1/00 0:00,,0.4537,,0.54,Non-Auction Ads,Promote
20230807,1773445712775160 ,SA,,,1/1/00 0:00,,0.4533,,0.54,Non-Auction Ads,Promote
20230807,1773571976105980 ,TH,,,1/1/00 0:00,,0.4532,,0.54,Non-Auction Ads,Promote
20230807,1773614180840440 ,TH,,,1/1/00 0:00,,0.4532,,0.54,Non-Auction Ads,Promote
20230807,1773592694133760 ,TR,,,1/1/00 0:00,,0.4526,,0.54,Non-Auction Ads,Promote
20230807,1773516222247930 ,AE,,,1/1/00 0:00,,0.4526,,0.54,Non-Auction Ads,Promote
20230807,1773542071226370 ,TH,,,1/1/00 0:00,,0.4522,,0.54,Non-Auction Ads,Promote
20230807,1773581505137660 ,MY,,,1/1/00 0:00,,0.4516,,0.54,Non-Auction Ads,Promote
20230807,1773588131273720 ,ID,,,1/1/00 0:00,,0.4511,,0.54,Non-Auction Ads,Promote
20230807,1773560163937280 ,MY,,,1/1/00 0:00,,0.451,,0.54,Non-Auction Ads,Promote
20230807,1773559739956220 ,MY,,,1/1/00 0:00,,0.451,,0.54,Non-Auction Ads,Promote
20230807,1773606215387150 ,BR,,,1/1/00 0:00,,0.451,,0.54,Non-Auction Ads,Promote
20230807,1773563610698750 ,MY,,,1/1/00 0:00,,0.451,,0.54,Non-Auction Ads,Promote
20230807,1773556277560320 ,MY,,,1/1/00 0:00,,0.451,,0.54,Non-Auction Ads,Promote
20230807,1773558858539000 ,MY,,,1/1/00 0:00,,0.451,,0.54,Non-Auction Ads,Promote
20230807,1773563524930560 ,TR,,,1/1/00 0:00,,0.4502,,0.54,Non-Auction Ads,Promote
20230807,1773573309665280 ,TR,,,1/1/00 0:00,,0.4502,,0.54,Non-Auction Ads,Promote
20230807,1773558462049280 ,TR,,,1/1/00 0:00,,0.4502,,0.54,Non-Auction Ads,Promote
20230807,1773597572910080 ,TR,,,1/1/00 0:00,,0.4502,,0.54,Non-Auction Ads,Promote
20230807,1773563681597440 ,TR,,,1/1/00 0:00,,0.4502,,0.54,Non-Auction Ads,Promote
20230807,1773534016499710 ,ID,,,1/1/00 0:00,,0.45,,0.54,Non-Auction Ads,Promote
20230807,1773593128984570 ,TH,,,1/1/00 0:00,,0.4499,,0.54,Non-Auction Ads,Promote
20230807,1773580405014520 ,SA,,,1/1/00 0:00,,0.4498,,0.54,Non-Auction Ads,Promote
20230807,1773545097085950 ,PH,,,1/1/00 0:00,,0.4494,,0.54,Non-Auction Ads,Promote
20230807,1773543843395580 ,KH,,,1/1/00 0:00,,0.449,,0.54,Non-Auction Ads,Promote
20230807,1773582943710210 ,BR,,,1/1/00 0:00,,0.4488,,0.54,Non-Auction Ads,Promote
20230807,1773593624774650 ,TH,,,1/1/00 0:00,,0.4487,,0.54,Non-Auction Ads,Promote
20230807,1773536876787710 ,VN,,,1/1/00 0:00,,0.4484,,0.54,Non-Auction Ads,Promote
20230807,1773559620047870 ,GR,,,1/1/00 0:00,,0.4481,,0.54,Non-Auction Ads,Promote
20230807,1773560997918720 ,ID,,,1/1/00 0:00,,0.448,,0.54,Non-Auction Ads,Promote
20230807,1773458118007800 ,VN,,,1/1/00 0:00,,0.4478,,0.54,Non-Auction Ads,Promote
20230807,1773541597403130 ,TH,,,1/1/00 0:00,,0.447,,0.54,Non-Auction Ads,Promote
20230807,1773479442695180 ,SA,,,1/1/00 0:00,,0.4465,,0.54,Non-Auction Ads,Promote
20230807,1773599217185790 ,SA,,,1/1/00 0:00,,0.4465,,0.54,Non-Auction Ads,Promote
20230807,1773602200993790 ,SA,,,1/1/00 0:00,,0.4465,,0.54,Non-Auction Ads,Promote
20230807,1773366949924860 ,SA,,,1/1/00 0:00,,0.4465,,0.54,Non-Auction Ads,Promote
20230807,1773545890150400 ,TH,,,1/1/00 0:00,,0.4463,,0.54,Non-Auction Ads,Promote
20230807,1773545890150400 ,TH,,,1/1/00 0:00,,0.4463,,0.54,Non-Auction Ads,Promote
20230807,1773598076478500 ,BR,,,1/1/00 0:00,,0.4463,,0.54,Non-Auction Ads,Promote
20230807,1773564205627390 ,TH,,,1/1/00 0:00,,0.4463,,0.54,Non-Auction Ads,Promote
20230807,1773589205867520 ,TH,,,1/1/00 0:00,,0.4459,,0.54,Non-Auction Ads,Promote
20230807,1773609925918720 ,ID,,,1/1/00 0:00,,0.4452,,0.54,Non-Auction Ads,Promote
20230807,1773473890034690 ,SA,,,1/1/00 0:00,,0.445,,0.54,Non-Auction Ads,Promote
20230807,1773511513477120 ,TR,,,1/1/00 0:00,,0.4449,,0.54,Non-Auction Ads,Promote
20230807,1773454758898680 ,VN,,,1/1/00 0:00,,0.4449,,0.54,Non-Auction Ads,Promote
20230807,1773545854546940 ,PH,,,1/1/00 0:00,,0.4449,,0.54,Non-Auction Ads,Promote
20230807,1773451182158840 ,VN,,,1/1/00 0:00,,0.4449,,0.54,Non-Auction Ads,Promote
20230807,1773581260896250 ,SA,,,1/1/00 0:00,,0.4449,,0.54,Non-Auction Ads,Promote
20230807,1773450679521280 ,VN,,,1/1/00 0:00,,0.4449,,0.54,Non-Auction Ads,Promote
20230807,1773561351406590 ,TH,,,1/1/00 0:00,,0.4447,,0.54,Non-Auction Ads,Promote
20230807,1773523129710590 ,BR,,,1/1/00 0:00,,0.4447,,0.54,Non-Auction Ads,Promote
20230807,1773545286273020 ,AE,,,1/1/00 0:00,,0.444,,0.54,Non-Auction Ads,Promote
20230807,1773598841291780 ,BR,,,1/1/00 0:00,,0.4436,,0.54,Non-Auction Ads,Promote
20230807,1773598248505340 ,BR,,,1/1/00 0:00,,0.4436,,0.54,Non-Auction Ads,Promote
20230807,1773525223721990 ,BR,,,1/1/00 0:00,,0.4434,,0.54,Non-Auction Ads,Promote
20230807,1773525073106940 ,BR,,,1/1/00 0:00,,0.4434,,0.54,Non-Auction Ads,Promote
20230807,1773579876706300 ,BR,,,1/1/00 0:00,,0.4426,,0.54,Non-Auction Ads,Promote
20230807,1773483387588600 ,VN,,,1/1/00 0:00,,0.4425,,0.54,Non-Auction Ads,Promote
20230807,1773516746579970 ,TR,,,1/1/00 0:00,,0.4424,,0.54,Non-Auction Ads,Promote
20230807,1773595127134210 ,TR,,,1/1/00 0:00,,0.4424,,0.54,Non-Auction Ads,Promote
20230807,1773590032727040 ,TR,,,1/1/00 0:00,,0.4424,,0.54,Non-Auction Ads,Promote
20230807,1773586927194110 ,ID,,,1/1/00 0:00,,0.4421,,0.54,Non-Auction Ads,Promote
20230807,1773487659371520 ,KW,,,1/1/00 0:00,,0.4419,,0.54,Non-Auction Ads,Promote
20230807,1773488160664570 ,KW,,,1/1/00 0:00,,0.4419,,0.54,Non-Auction Ads,Promote
20230807,1773526292483070 ,MY,,,1/1/00 0:00,,0.4418,,0.54,Non-Auction Ads,Promote
20230807,1773580043714560 ,TH,,,1/1/00 0:00,,0.4418,,0.54,Non-Auction Ads,Promote
20230807,1773526417636350 ,MY,,,1/1/00 0:00,,0.4418,,0.54,Non-Auction Ads,Promote
20230807,1773559502888960 ,TH,,,1/1/00 0:00,,0.4418,,0.54,Non-Auction Ads,Promote
20230807,1773578766683130 ,ID,,,1/1/00 0:00,,0.4417,,0.54,Non-Auction Ads,Promote
20230807,1773470293460990 ,SA,,,1/1/00 0:00,,0.4415,,0.54,Non-Auction Ads,Promote
20230807,1773577969877050 ,SA,,,1/1/00 0:00,,0.4414,,0.54,Non-Auction Ads,Promote
20230807,1773614876556280 ,MY,,,1/1/00 0:00,,0.4413,,0.54,Non-Auction Ads,Promote
20230807,1773614128464890 ,ID,,,1/1/00 0:00,,0.4406,,0.54,Non-Auction Ads,Promote
20230807,1773583371015160 ,ID,,,1/1/00 0:00,,0.4406,,0.54,Non-Auction Ads,Promote
20230807,1773520711013370 ,TR,,,1/1/00 0:00,,0.4405,,0.54,Non-Auction Ads,Promote
20230807,1773391682236410 ,SA,,,1/1/00 0:00,,0.4405,,0.54,Non-Auction Ads,Promote
20230807,1773377196483580 ,SA,,,1/1/00 0:00,,0.4405,,0.54,Non-Auction Ads,Promote
20230807,1773552071184380 ,TR,,,1/1/00 0:00,,0.4404,,0.54,Non-Auction Ads,Promote
20230807,1773572982575100 ,MY,,,1/1/00 0:00,,0.4402,,0.54,Non-Auction Ads,Promote
20230807,1773576695596030 ,MY,,,1/1/00 0:00,,0.44,,0.54,Non-Auction Ads,Promote
20230807,1773615596999680 ,TH,,,1/1/00 0:00,,0.4398,,0.54,Non-Auction Ads,Promote
20230807,1773536032503800 ,VN,,,1/1/00 0:00,,0.4397,,0.54,Non-Auction Ads,Promote
20230807,1773590172338190 ,BR,,,1/1/00 0:00,,0.4394,,0.54,Non-Auction Ads,Promote
20230807,1773583444310020 ,BR,,,1/1/00 0:00,,0.4392,,0.54,Non-Auction Ads,Promote
20230807,1773582017480710 ,BR,,,1/1/00 0:00,,0.4392,,0.54,Non-Auction Ads,Promote
20230807,1773533606736890 ,ID,,,1/1/00 0:00,,0.439,,0.54,Non-Auction Ads,Promote
20230807,1773497004536830 ,SA,,,1/1/00 0:00,,0.439,,0.54,Non-Auction Ads,Promote
20230807,1773588824337410 ,BR,,,1/1/00 0:00,,0.4387,,0.54,Non-Auction Ads,Promote
20230807,1773488804934650 ,VN,,,1/1/00 0:00,,0.4378,,0.54,Non-Auction Ads,Promote
20230807,1773549326578690 ,ID,,,1/1/00 0:00,,0.4377,,0.54,Non-Auction Ads,Promote
20230807,1773529284251640 ,TH,,,1/1/00 0:00,,0.4371,,0.54,Non-Auction Ads,Promote
20230807,1773528400859130 ,TH,,,1/1/00 0:00,,0.4371,,0.54,Non-Auction Ads,Promote
20230807,1773528389020670 ,TH,,,1/1/00 0:00,,0.4371,,0.54,Non-Auction Ads,Promote
20230807,1773572720303100 ,TH,,,1/1/00 0:00,,0.4371,,0.54,Non-Auction Ads,Promote
20230807,1773529773140990 ,TH,,,1/1/00 0:00,,0.4369,,0.54,Non-Auction Ads,Promote
20230807,1773546583068670 ,TH,,,1/1/00 0:00,,0.4369,,0.54,Non-Auction Ads,Promote
20230807,1773579175794690 ,BR,,,1/1/00 0:00,,0.4369,,0.54,Non-Auction Ads,Promote
20230807,1773543093666810 ,TH,,,1/1/00 0:00,,0.4369,,0.54,Non-Auction Ads,Promote
20230807,1773575805495310 ,BR,,,1/1/00 0:00,,0.4369,,0.54,Non-Auction Ads,Promote
20230807,1773609533046780 ,TH,,,1/1/00 0:00,,0.4369,,0.54,Non-Auction Ads,Promote
20230807,1773598209646590 ,TH,,,1/1/00 0:00,,0.4369,,0.54,Non-Auction Ads,Promote
20230807,1773585052693500 ,TH,,,1/1/00 0:00,,0.4369,,0.54,Non-Auction Ads,Promote
20230807,1773542055329790 ,TH,,,1/1/00 0:00,,0.4369,,0.54,Non-Auction Ads,Promote
20230807,1773568928644090 ,TH,,,1/1/00 0:00,,0.4367,,0.54,Non-Auction Ads,Promote
20230807,1773581424556030 ,TH,,,1/1/00 0:00,,0.4367,,0.54,Non-Auction Ads,Promote
20230807,1773536325058560 ,ID,,,1/1/00 0:00,,0.4364,,0.54,Non-Auction Ads,Promote
20230807,1773538959375360 ,TH,,,1/1/00 0:00,,0.4364,,0.54,Non-Auction Ads,Promote
20230807,1773558262179840 ,SA,,,1/1/00 0:00,,0.4364,,0.54,Non-Auction Ads,Promote
20230807,1773576315505660 ,SA,,,1/1/00 0:00,,0.4363,,0.54,Non-Auction Ads,Promote
20230807,1773470372786170 ,VN,,,1/1/00 0:00,,0.4363,,0.54,Non-Auction Ads,Promote
20230807,1773576251983870 ,SA,,,1/1/00 0:00,,0.4363,,0.54,Non-Auction Ads,Promote
20230807,1773544560820220 ,TH,,,1/1/00 0:00,,0.4359,,0.54,Non-Auction Ads,Promote
20230807,1773576821218300 ,TH,,,1/1/00 0:00,,0.4359,,0.54,Non-Auction Ads,Promote
20230807,1773469627911160 ,VN,,,1/1/00 0:00,,0.4351,,0.54,Non-Auction Ads,Promote
20230807,1773456232994810 ,VN,,,1/1/00 0:00,,0.4351,,0.54,Non-Auction Ads,Promote
20230807,1773470643816450 ,VN,,,1/1/00 0:00,,0.4351,,0.54,Non-Auction Ads,Promote
20230807,1773539522369530 ,TH,,,1/1/00 0:00,,0.435,,0.54,Non-Auction Ads,Promote
20230807,1773557954580480 ,TH,,,1/1/00 0:00,,0.435,,0.54,Non-Auction Ads,Promote
20230807,1773560540804090 ,TH,,,1/1/00 0:00,,0.4349,,0.54,Non-Auction Ads,Promote
20230807,1773560540804090 ,TH,,,1/1/00 0:00,,0.4349,,0.54,Non-Auction Ads,Promote
20230807,1773587201094650 ,TH,,,1/1/00 0:00,,0.4349,,0.54,Non-Auction Ads,Promote
20230807,1773560376299580 ,TH,,,1/1/00 0:00,,0.4349,,0.54,Non-Auction Ads,Promote
20230807,1773599286410240 ,ES,,,1/1/00 0:00,,0.4348,,0.54,Non-Auction Ads,Promote
20230807,1773567481234430 ,IT,,,1/1/00 0:00,,0.4347,,0.54,Non-Auction Ads,Promote
20230807,1773440786164730 ,SA,,,1/1/00 0:00,,0.4343,,0.54,Non-Auction Ads,Promote
20230807,1773444865609730 ,SA,,,1/1/00 0:00,,0.4343,,0.54,Non-Auction Ads,Promote
20230807,1773607774397440 ,BR,,,1/1/00 0:00,,0.434,,0.54,Non-Auction Ads,Promote
20230807,1773585219442690 ,TH,,,1/1/00 0:00,,0.4331,,0.54,Non-Auction Ads,Promote
20230807,1773587422974970 ,TH,,,1/1/00 0:00,,0.4331,,0.54,Non-Auction Ads,Promote
20230807,1773616134211580 ,TH,,,1/1/00 0:00,,0.4331,,0.54,Non-Auction Ads,Promote
20230807,1773549631695870 ,TH,,,1/1/00 0:00,,0.433,,0.54,Non-Auction Ads,Promote
20230807,1773546130818040 ,ID,,,1/1/00 0:00,,0.4328,,0.54,Non-Auction Ads,Promote
20230807,1773419626838010 ,SA,,,1/1/00 0:00,,0.4326,,0.54,Non-Auction Ads,Promote
20230807,1773539955885050 ,TH,,,1/1/00 0:00,,0.4324,,0.54,Non-Auction Ads,Promote
20230807,1773368439871480 ,SA,,,1/1/00 0:00,,0.4311,,0.54,Non-Auction Ads,Promote
20230807,1773380391224320 ,SA,,,1/1/00 0:00,,0.4311,,0.54,Non-Auction Ads,Promote
20230807,1773555298800640 ,ES,,,1/1/00 0:00,,0.4308,,0.54,Non-Auction Ads,Promote
20230807,1773584722717690 ,TR,,,1/1/00 0:00,,0.4307,,0.54,Non-Auction Ads,Promote
20230807,1773585303271420 ,TR,,,1/1/00 0:00,,0.4307,,0.54,Non-Auction Ads,Promote
20230807,1773585798296570 ,TR,,,1/1/00 0:00,,0.4307,,0.54,Non-Auction Ads,Promote
20230807,1773585463527420 ,TR,,,1/1/00 0:00,,0.4307,,0.54,Non-Auction Ads,Promote
20230807,1773598341545980 ,ID,,,1/1/00 0:00,,0.4297,,0.54,Non-Auction Ads,Promote
20230807,1773541865990140 ,PH,,,1/1/00 0:00,,0.4297,,0.54,Non-Auction Ads,Promote
20230807,1773542340911100 ,PH,,,1/1/00 0:00,,0.4297,,0.54,Non-Auction Ads,Promote
20230807,1773615609720830 ,MY,,,1/1/00 0:00,,0.4295,,0.54,Non-Auction Ads,Promote
20230807,1773536960775160 ,MY,,,1/1/00 0:00,,0.4295,,0.54,Non-Auction Ads,Promote
20230807,1773612153988090 ,MY,,,1/1/00 0:00,,0.4295,,0.54,Non-Auction Ads,Promote
20230807,1773525256207360 ,VN,,,1/1/00 0:00,,0.4292,,0.54,Non-Auction Ads,Promote
20230807,1773556842358780 ,SA,,,1/1/00 0:00,,0.4289,,0.54,Non-Auction Ads,Promote
20230807,1773590954260480 ,TR,,,1/1/00 0:00,,0.4288,,0.54,Non-Auction Ads,Promote
20230807,1773509358609400 ,TR,,,1/1/00 0:00,,0.4288,,0.54,Non-Auction Ads,Promote
20230807,1773555828868090 ,TR,,,1/1/00 0:00,,0.4288,,0.54,Non-Auction Ads,Promote
20230807,1773481223967740 ,VN,,,1/1/00 0:00,,0.4287,,0.54,Non-Auction Ads,Promote
20230807,1773536102883330 ,ID,,,1/1/00 0:00,,0.4286,,0.54,Non-Auction Ads,Promote
20230807,1773549390476290 ,BR,,,1/1/00 0:00,,0.4283,,0.54,Non-Auction Ads,Promote
20230807,1773545955912700 ,BR,,,1/1/00 0:00,,0.4283,,0.54,Non-Auction Ads,Promote
20230807,1773550138850300 ,BR,,,1/1/00 0:00,,0.4283,,0.54,Non-Auction Ads,Promote
20230807,1773545893011450 ,TH,,,1/1/00 0:00,,0.4278,,0.54,Non-Auction Ads,Promote
20230807,1773542186324990 ,TH,,,1/1/00 0:00,,0.4278,,0.54,Non-Auction Ads,Promote
20230807,1773523030994940 ,BR,,,1/1/00 0:00,,0.4276,,0.54,Non-Auction Ads,Promote
20230807,1773464270274560 ,VN,,,1/1/00 0:00,,0.4276,,0.54,Non-Auction Ads,Promote
20230807,1773471966527480 ,VN,,,1/1/00 0:00,,0.4272,,0.54,Non-Auction Ads,Promote
20230807,1773611508743160 ,ID,,,1/1/00 0:00,,0.4266,,0.54,Non-Auction Ads,Promote
20230807,1773465022324730 ,VN,,,1/1/00 0:00,,0.4264,,0.54,Non-Auction Ads,Promote
20230807,1773600597053440 ,TH,,,1/1/00 0:00,,0.4261,,0.54,Non-Auction Ads,Promote
20230807,1773542718730240 ,TH,,,1/1/00 0:00,,0.4261,,0.54,Non-Auction Ads,Promote
20230807,1773599425085440 ,TH,,,1/1/00 0:00,,0.4261,,0.54,Non-Auction Ads,Promote
20230807,1773597982093310 ,TH,,,1/1/00 0:00,,0.4261,,0.54,Non-Auction Ads,Promote
20230807,1773606634529790 ,BR,,,1/1/00 0:00,,0.4257,,0.54,Non-Auction Ads,Promote
20230807,1773527591081980 ,VN,,,1/1/00 0:00,,0.4248,,0.54,Non-Auction Ads,Promote
20230807,1773587530613760 ,SA,,,1/1/00 0:00,,0.4245,,0.54,Non-Auction Ads,Promote
20230807,1773519451698240 ,SA,,,1/1/00 0:00,,0.4245,,0.54,Non-Auction Ads,Promote
20230807,1773466375975930 ,VN,,,1/1/00 0:00,,0.4244,,0.54,Non-Auction Ads,Promote
20230807,1773359554428920 ,SA,,,1/1/00 0:00,,0.4242,,0.54,Non-Auction Ads,Promote
20230807,1773451018281980 ,SA,,,1/1/00 0:00,,0.4242,,0.54,Non-Auction Ads,Promote
20230807,1773577100561410 ,TH,,,1/1/00 0:00,,0.424,,0.54,Non-Auction Ads,Promote
20230807,1773512397384760 ,AE,,,1/1/00 0:00,,0.4238,,0.54,Non-Auction Ads,Promote
20230807,1773583789564930 ,TH,,,1/1/00 0:00,,0.4236,,0.54,Non-Auction Ads,Promote
20230807,1773548919887870 ,TH,,,1/1/00 0:00,,0.4236,,0.54,Non-Auction Ads,Promote
20230807,1773555072587770 ,TH,,,1/1/00 0:00,,0.4236,,0.54,Non-Auction Ads,Promote
20230807,1773555172857850 ,TH,,,1/1/00 0:00,,0.4236,,0.54,Non-Auction Ads,Promote
20230807,1773574753291260 ,TH,,,1/1/00 0:00,,0.4228,,0.54,Non-Auction Ads,Promote
20230807,1773545888470010 ,ID,,,1/1/00 0:00,,0.4227,,0.54,Non-Auction Ads,Promote
20230807,1773578104912900 ,BR,,,1/1/00 0:00,,0.4225,,0.54,Non-Auction Ads,Promote
20230807,1773556021565440 ,ID,,,1/1/00 0:00,,0.4223,,0.54,Non-Auction Ads,Promote
20230807,1773547729186810 ,VN,,,1/1/00 0:00,,0.4218,,0.54,Non-Auction Ads,Promote
20230807,1773484213303290 ,VN,,,1/1/00 0:00,,0.4218,,0.54,Non-Auction Ads,Promote
20230807,1773483920618490 ,VN,,,1/1/00 0:00,,0.4218,,0.54,Non-Auction Ads,Promote
20230807,1773581770437630 ,BR,,,1/1/00 0:00,,0.4217,,0.54,Non-Auction Ads,Promote
20230807,1773583746941950 ,BR,,,1/1/00 0:00,,0.4217,,0.54,Non-Auction Ads,Promote
20230807,1773581876741120 ,TH,,,1/1/00 0:00,,0.4212,,0.54,Non-Auction Ads,Promote
20230807,1773512303873020 ,SA,,,1/1/00 0:00,,0.4212,,0.54,Non-Auction Ads,Promote
20230807,1773480648945660 ,VN,,,1/1/00 0:00,,0.4211,,0.54,Non-Auction Ads,Promote
20230807,1773590359858190 ,BR,,,1/1/00 0:00,,0.4209,,0.54,Non-Auction Ads,Promote
20230807,1773607297692670 ,BR,,,1/1/00 0:00,,0.4209,,0.54,Non-Auction Ads,Promote
20230807,1773590584415230 ,BR,,,1/1/00 0:00,,0.4209,,0.54,Non-Auction Ads,Promote
20230807,1773578541518850 ,BR,,,1/1/00 0:00,,0.4207,,0.54,Non-Auction Ads,Promote
20230807,1773465748997120 ,VN,,,1/1/00 0:00,,0.4206,,0.54,Non-Auction Ads,Promote
20230807,1773545300921340 ,MY,,,1/1/00 0:00,,0.4199,,0.54,Non-Auction Ads,Promote
20230807,1773545260113980 ,MY,,,1/1/00 0:00,,0.4199,,0.54,Non-Auction Ads,Promote
20230807,1773545196817410 ,MY,,,1/1/00 0:00,,0.4199,,0.54,Non-Auction Ads,Promote
20230807,1773545284247550 ,MY,,,1/1/00 0:00,,0.4199,,0.54,Non-Auction Ads,Promote
20230807,1773585799603200 ,TH,,,1/1/00 0:00,,0.4198,,0.54,Non-Auction Ads,Promote
20230807,1773550670883840 ,TH,,,1/1/00 0:00,,0.4197,,0.54,Non-Auction Ads,Promote
20230807,1773543455027200 ,VN,,,1/1/00 0:00,,0.4197,,0.54,Non-Auction Ads,Promote
20230807,1773543528164350 ,VN,,,1/1/00 0:00,,0.4197,,0.54,Non-Auction Ads,Promote
20230807,1773572657106940 ,ID,,,1/1/00 0:00,,0.4196,,0.54,Non-Auction Ads,Promote
20230807,1773502079325180 ,SA,,,1/1/00 0:00,,0.4193,,0.54,Non-Auction Ads,Promote
20230807,1773528104078330 ,TH,,,1/1/00 0:00,,0.4189,,0.54,Non-Auction Ads,Promote
20230807,1773557916561410 ,ID,,,1/1/00 0:00,,0.4188,,0.54,Non-Auction Ads,Promote
20230807,1773549728395260 ,ID,,,1/1/00 0:00,,0.4188,,0.54,Non-Auction Ads,Promote
20230807,1773537341960190 ,SA,,,1/1/00 0:00,,0.4183,,0.54,Non-Auction Ads,Promote
20230807,1773540584768510 ,SA,,,1/1/00 0:00,,0.4183,,0.54,Non-Auction Ads,Promote
20230807,1773537806733370 ,SA,,,1/1/00 0:00,,0.4183,,0.54,Non-Auction Ads,Promote
20230807,1773553635335160 ,ID,,,1/1/00 0:00,,0.4183,,0.54,Non-Auction Ads,Promote
20230807,1773576019391480 ,MY,,,1/1/00 0:00,,0.4178,,0.54,Non-Auction Ads,Promote
20230807,1773544029144070 ,BR,,,1/1/00 0:00,,0.4174,,0.54,Non-Auction Ads,Promote
20230807,1773588382294020 ,BR,,,1/1/00 0:00,,0.4173,,0.54,Non-Auction Ads,Promote
20230807,1773481623426040 ,VN,,,1/1/00 0:00,,0.4173,,0.54,Non-Auction Ads,Promote
20230807,1773497833319420 ,VN,,,1/1/00 0:00,,0.4171,,0.54,Non-Auction Ads,Promote
20230807,1773531667764230 ,BR,,,1/1/00 0:00,,0.4161,,0.54,Non-Auction Ads,Promote
20230807,1773544055806970 ,TR,,,1/1/00 0:00,,0.4158,,0.54,Non-Auction Ads,Promote
20230807,1773544182478840 ,TR,,,1/1/00 0:00,,0.4158,,0.54,Non-Auction Ads,Promote
20230807,1773544418458620 ,TR,,,1/1/00 0:00,,0.4158,,0.54,Non-Auction Ads,Promote
20230807,1773601494293520 ,BR,,,1/1/00 0:00,,0.4157,,0.54,Non-Auction Ads,Promote
20230807,1773614272577530 ,ID,,,1/1/00 0:00,,0.4155,,0.54,Non-Auction Ads,Promote
20230807,1773551318031360 ,TH,,,1/1/00 0:00,,0.4154,,0.54,Non-Auction Ads,Promote
20230807,1773528893883390 ,ID,,,1/1/00 0:00,,0.4149,,0.54,Non-Auction Ads,Promote
20230807,1773603304705030 ,RO,,,1/1/00 0:00,,0.4149,,0.54,Non-Auction Ads,Promote
20230807,1773529138988030 ,ID,,,1/1/00 0:00,,0.4149,,0.54,Non-Auction Ads,Promote
20230807,1773543989835770 ,TH,,,1/1/00 0:00,,0.4148,,0.54,Non-Auction Ads,Promote
20230807,1773465241517050 ,SA,,,1/1/00 0:00,,0.4147,,0.54,Non-Auction Ads,Promote
20230807,1773483265257470 ,VN,,,1/1/00 0:00,,0.4145,,0.54,Non-Auction Ads,Promote
20230807,1773576199964670 ,BR,,,1/1/00 0:00,,0.4145,,0.54,Non-Auction Ads,Promote
20230807,1773578933780500 ,BR,,,1/1/00 0:00,,0.4145,,0.54,Non-Auction Ads,Promote
20230807,1773545342632960 ,TH,,,1/1/00 0:00,,0.414,,0.54,Non-Auction Ads,Promote
20230807,1773532582622210 ,PH,,,1/1/00 0:00,,0.4137,,0.54,Non-Auction Ads,Promote
20230807,1773558207252480 ,ID,,,1/1/00 0:00,,0.4137,,0.54,Non-Auction Ads,Promote
20230807,1773584527985670 ,BR,,,1/1/00 0:00,,0.4135,,0.54,Non-Auction Ads,Promote
20230807,1773469572935680 ,SA,,,1/1/00 0:00,,0.4134,,0.54,Non-Auction Ads,Promote
20230807,1773599962254330 ,SA,,,1/1/00 0:00,,0.4133,,0.54,Non-Auction Ads,Promote
20230807,1773599962254330 ,SA,,,1/1/00 0:00,,0.4133,,0.54,Non-Auction Ads,Promote
20230807,1773499477852160 ,SA,,,1/1/00 0:00,,0.4129,,0.54,Non-Auction Ads,Promote
20230807,1773463657578490 ,VN,,,1/1/00 0:00,,0.4129,,0.54,Non-Auction Ads,Promote
20230807,1773488914099200 ,SA,,,1/1/00 0:00,,0.4129,,0.54,Non-Auction Ads,Promote
20230807,1773531498808320 ,BR,,,1/1/00 0:00,,0.4127,,0.54,Non-Auction Ads,Promote
20230807,1773572176782340 ,BR,,,1/1/00 0:00,,0.4125,,0.54,Non-Auction Ads,Promote
20230807,1773508881182720 ,VN,,,1/1/00 0:00,,0.4123,,0.54,Non-Auction Ads,Promote
20230807,1773507947811840 ,VN,,,1/1/00 0:00,,0.4123,,0.54,Non-Auction Ads,Promote
20230807,1773505155955710 ,VN,,,1/1/00 0:00,,0.4123,,0.54,Non-Auction Ads,Promote
20230807,1773509852168190 ,VN,,,1/1/00 0:00,,0.4123,,0.54,Non-Auction Ads,Promote
20230807,1773510565211130 ,VN,,,1/1/00 0:00,,0.4123,,0.54,Non-Auction Ads,Promote
20230807,1773505216875520 ,VN,,,1/1/00 0:00,,0.4123,,0.54,Non-Auction Ads,Promote
20230807,1773597128243200 ,TH,,,1/1/00 0:00,,0.4121,,0.54,Non-Auction Ads,Promote
20230807,1773568318154750 ,SA,,,1/1/00 0:00,,0.4118,,0.54,Non-Auction Ads,Promote
20230807,1773576947767300 ,BR,,,1/1/00 0:00,,0.4118,,0.54,Non-Auction Ads,Promote
20230807,1773488785701880 ,SA,,,1/1/00 0:00,,0.4118,,0.54,Non-Auction Ads,Promote
20230807,1773559203414010 ,MY,,,1/1/00 0:00,,0.4108,,0.54,Non-Auction Ads,Promote
20230807,1773560184503290 ,MY,,,1/1/00 0:00,,0.4108,,0.54,Non-Auction Ads,Promote
20230807,1773529052903430 ,BR,,,1/1/00 0:00,,0.4108,,0.54,Non-Auction Ads,Promote
20230807,1773547656939520 ,TH,,,1/1/00 0:00,,0.4103,,0.54,Non-Auction Ads,Promote
20230807,1773547851570170 ,TH,,,1/1/00 0:00,,0.4103,,0.54,Non-Auction Ads,Promote
20230807,1773592623332350 ,ID,,,1/1/00 0:00,,0.4102,,0.54,Non-Auction Ads,Promote
20230807,1773594109317120 ,IL,,,1/1/00 0:00,,0.4099,,0.54,Non-Auction Ads,Promote
20230807,1773597586370560 ,IL,,,1/1/00 0:00,,0.4099,,0.54,Non-Auction Ads,Promote
20230807,1773594145547260 ,IL,,,1/1/00 0:00,,0.4099,,0.54,Non-Auction Ads,Promote
20230807,1773549477691390 ,TH,,,1/1/00 0:00,,0.4096,,0.54,Non-Auction Ads,Promote
20230807,1773614238042110 ,TH,,,1/1/00 0:00,,0.4096,,0.54,Non-Auction Ads,Promote
20230807,1773573448891390 ,SA,,,1/1/00 0:00,,0.4088,,0.54,Non-Auction Ads,Promote
20230807,1773560261246970 ,TH,,,1/1/00 0:00,,0.4087,,0.54,Non-Auction Ads,Promote
20230807,1773493907729400 ,VN,,,1/1/00 0:00,,0.4087,,0.54,Non-Auction Ads,Promote
20230807,1773582531320830 ,ID,,,1/1/00 0:00,,0.4085,,0.54,Non-Auction Ads,Promote
20230807,1773557240018940 ,MY,,,1/1/00 0:00,,0.4084,,0.54,Non-Auction Ads,Promote
20230807,1773557207476280 ,MY,,,1/1/00 0:00,,0.4084,,0.54,Non-Auction Ads,Promote
20230807,1773551602071550 ,MY,,,1/1/00 0:00,,0.4083,,0.54,Non-Auction Ads,Promote
20230807,1773464569000960 ,VN,,,1/1/00 0:00,,0.4082,,0.54,Non-Auction Ads,Promote
20230807,1773463475496960 ,VN,,,1/1/00 0:00,,0.4082,,0.54,Non-Auction Ads,Promote
20230807,1773535876649980 ,MY,,,1/1/00 0:00,,0.4082,,0.54,Non-Auction Ads,Promote
20230807,1773583615342590 ,BR,,,1/1/00 0:00,,0.4081,,0.54,Non-Auction Ads,Promote
20230807,1773573894465530 ,ID,,,1/1/00 0:00,,0.4081,,0.54,Non-Auction Ads,Promote
20230807,1773576870953980 ,ID,,,1/1/00 0:00,,0.4078,,0.54,Non-Auction Ads,Promote
20230807,1773535770001420 ,BR,,,1/1/00 0:00,,0.4077,,0.54,Non-Auction Ads,Promote
20230807,1773612828906500 ,PT,,,1/1/00 0:00,,0.4075,,0.54,Non-Auction Ads,Promote
20230807,1773563297171450 ,TH,,,1/1/00 0:00,,0.4073,,0.54,Non-Auction Ads,Promote
20230807,1773516931009530 ,SA,,,1/1/00 0:00,,0.4067,,0.54,Non-Auction Ads,Promote
20230807,1773500423434240 ,SA,,,1/1/00 0:00,,0.4066,,0.54,Non-Auction Ads,Promote
20230807,1773568360672310 ,BR,,,1/1/00 0:00,,0.4065,,0.54,Non-Auction Ads,Promote
20230807,1773567103316030 ,BR,,,1/1/00 0:00,,0.4052,,0.54,Non-Auction Ads,Promote
20230807,1773509555685370 ,SA,,,1/1/00 0:00,,0.405,,0.54,Non-Auction Ads,Promote
20230807,1773509946445820 ,SA,,,1/1/00 0:00,,0.405,,0.54,Non-Auction Ads,Promote
20230807,1773533234164800 ,MY,,,1/1/00 0:00,,0.4049,,0.54,Non-Auction Ads,Promote
20230807,1773541762838520 ,MY,,,1/1/00 0:00,,0.4049,,0.54,Non-Auction Ads,Promote
20230807,1773533740343290 ,MY,,,1/1/00 0:00,,0.4049,,0.54,Non-Auction Ads,Promote
20230807,1773534293919740 ,TH,,,1/1/00 0:00,,0.4047,,0.54,Non-Auction Ads,Promote
20230807,1773537426510850 ,ID,,,1/1/00 0:00,,0.4045,,0.54,Non-Auction Ads,Promote
20230807,1773534276301820 ,ID,,,1/1/00 0:00,,0.4045,,0.54,Non-Auction Ads,Promote
20230807,1773535286116350 ,ID,,,1/1/00 0:00,,0.4045,,0.54,Non-Auction Ads,Promote
20230807,1773598506301440 ,TR,,,1/1/00 0:00,,0.404,,0.54,Non-Auction Ads,Promote
20230807,1773598296240190 ,TR,,,1/1/00 0:00,,0.404,,0.54,Non-Auction Ads,Promote
20230807,1773592825463810 ,SA,,,1/1/00 0:00,,0.4033,,0.54,Non-Auction Ads,Promote
20230807,1773603556982800 ,BR,,,1/1/00 0:00,,0.403,,0.54,Non-Auction Ads,Promote
20230807,1773579899394040 ,TH,,,1/1/00 0:00,,0.4026,,0.54,Non-Auction Ads,Promote
20230807,1773577902779390 ,TH,,,1/1/00 0:00,,0.4026,,0.54,Non-Auction Ads,Promote
20230807,1773580580345850 ,TH,,,1/1/00 0:00,,0.4026,,0.54,Non-Auction Ads,Promote
20230807,1773579241092090 ,TH,,,1/1/00 0:00,,0.4026,,0.54,Non-Auction Ads,Promote
20230807,1773578734682110 ,TH,,,1/1/00 0:00,,0.4026,,0.54,Non-Auction Ads,Promote
20230807,1773570658426880 ,ID,,,1/1/00 0:00,,0.402,,0.54,Non-Auction Ads,Promote
20230807,1773574675910650 ,MY,,,1/1/00 0:00,,0.402,,0.54,Non-Auction Ads,Promote
20230807,1773549552920570 ,ID,,,1/1/00 0:00,,0.4011,,0.54,Non-Auction Ads,Promote
20230807,1773567198617600 ,ID,,,1/1/00 0:00,,0.4011,,0.54,Non-Auction Ads,Promote
20230807,1773564057821180 ,ID,,,1/1/00 0:00,,0.401,,0.54,Non-Auction Ads,Promote
20230807,1773503503754240 ,AE,,,1/1/00 0:00,,0.4006,,0.54,Non-Auction Ads,Promote
20230807,1773586902046720 ,IT,,,1/1/00 0:00,,0.4005,,0.54,Non-Auction Ads,Promote
20230807,1773554319893500 ,TH,,,1/1/00 0:00,,0.4003,,0.54,Non-Auction Ads,Promote
20230807,1773385325636610 ,SA,,,1/1/00 0:00,,0.4001,,0.54,Non-Auction Ads,Promote
20230807,1773582349067260 ,SA,,,1/1/00 0:00,,0.4001,,0.54,Non-Auction Ads,Promote
20230807,1773579069158400 ,TH,,,1/1/00 0:00,,0.4001,,0.54,Non-Auction Ads,Promote
20230807,1773450842577920 ,SA,,,1/1/00 0:00,,0.4001,,0.54,Non-Auction Ads,Promote
20230807,1773365409636350 ,SA,,,1/1/00 0:00,,0.4,,0.54,Non-Auction Ads,Promote
20230807,1773549321786370 ,SA,,,1/1/00 0:00,,0.4,,0.54,Non-Auction Ads,Promote
20230807,1773515101598720 ,SA,,,1/1/00 0:00,,0.3999,,0.54,Non-Auction Ads,Promote
20230807,1773601431805950 ,SA,,,1/1/00 0:00,,0.3999,,0.54,Non-Auction Ads,Promote
20230807,1773468752579580 ,SA,,,1/1/00 0:00,,0.3998,,0.54,Non-Auction Ads,Promote
20230807,1773586621254650 ,MY,,,1/1/00 0:00,,0.3987,,0.54,Non-Auction Ads,Promote
20230807,1773590809018360 ,TH,,,1/1/00 0:00,,0.3986,,0.54,Non-Auction Ads,Promote
20230807,1773603850173440 ,TH,,,1/1/00 0:00,,0.3986,,0.54,Non-Auction Ads,Promote
20230807,1773599484815360 ,TH,,,1/1/00 0:00,,0.3986,,0.54,Non-Auction Ads,Promote
20230807,1773534207389690 ,ID,,,1/1/00 0:00,,0.3986,,0.54,Non-Auction Ads,Promote
20230807,1773607089930240 ,TH,,,1/1/00 0:00,,0.3986,,0.54,Non-Auction Ads,Promote
20230807,1773606292372480 ,TH,,,1/1/00 0:00,,0.3986,,0.54,Non-Auction Ads,Promote
20230807,1773607561909250 ,TH,,,1/1/00 0:00,,0.3986,,0.54,Non-Auction Ads,Promote
20230807,1773378879303680 ,EG,,,1/1/00 0:00,,0.3985,,0.54,Non-Auction Ads,Promote
20230807,1773449391833090 ,VN,,,1/1/00 0:00,,0.3977,,0.54,Non-Auction Ads,Promote
20230807,1773589037623290 ,TH,,,1/1/00 0:00,,0.3975,,0.54,Non-Auction Ads,Promote
20230807,1773566247510010 ,TH,,,1/1/00 0:00,,0.3975,,0.54,Non-Auction Ads,Promote
20230807,1773582311345150 ,ID,,,1/1/00 0:00,,0.3973,,0.54,Non-Auction Ads,Promote
20230807,1773548949776450 ,ID,,,1/1/00 0:00,,0.3969,,0.54,Non-Auction Ads,Promote
20230807,1773569728343040 ,KH,,,1/1/00 0:00,,0.3969,,0.54,Non-Auction Ads,Promote
20230807,1773556682417150 ,ID,,,1/1/00 0:00,,0.3968,,0.54,Non-Auction Ads,Promote
20230807,1773554456385530 ,ID,,,1/1/00 0:00,,0.3968,,0.54,Non-Auction Ads,Promote
20230807,1773548744854530 ,ID,,,1/1/00 0:00,,0.3967,,0.54,Non-Auction Ads,Promote
20230807,1773548744854530 ,ID,,,1/1/00 0:00,,0.3967,,0.54,Non-Auction Ads,Promote
20230807,1773586534589440 ,PH,,,1/1/00 0:00,,0.3958,,0.54,Non-Auction Ads,Promote
20230807,1773572400565240 ,TR,,,1/1/00 0:00,,0.3955,,0.54,Non-Auction Ads,Promote
20230807,1773574099007490 ,TR,,,1/1/00 0:00,,0.3955,,0.54,Non-Auction Ads,Promote
20230807,1773601552858110 ,ID,,,1/1/00 0:00,,0.3954,,0.54,Non-Auction Ads,Promote
20230807,1773602086522880 ,ID,,,1/1/00 0:00,,0.3954,,0.54,Non-Auction Ads,Promote
20230807,1773601407504380 ,ID,,,1/1/00 0:00,,0.3954,,0.54,Non-Auction Ads,Promote
20230807,1773572710684670 ,ID,,,1/1/00 0:00,,0.3949,,0.54,Non-Auction Ads,Promote
20230807,1773589184840700 ,SA,,,1/1/00 0:00,,0.3949,,0.54,Non-Auction Ads,Promote
20230807,1773576934073410 ,ID,,,1/1/00 0:00,,0.3949,,0.54,Non-Auction Ads,Promote
20230807,1773561108483070 ,ID,,,1/1/00 0:00,,0.3949,,0.54,Non-Auction Ads,Promote
20230807,1773386160632830 ,SA,,,1/1/00 0:00,,0.3949,,0.54,Non-Auction Ads,Promote
20230807,1773607216026620 ,SA,,,1/1/00 0:00,,0.3949,,0.54,Non-Auction Ads,Promote
20230807,1773537149198340 ,BR,,,1/1/00 0:00,,0.3946,,0.54,Non-Auction Ads,Promote
20230807,1773532071299070 ,TH,,,1/1/00 0:00,,0.3944,,0.54,Non-Auction Ads,Promote
20230807,1773540876158970 ,TH,,,1/1/00 0:00,,0.3941,,0.54,Non-Auction Ads,Promote
20230807,1773562494750720 ,TH,,,1/1/00 0:00,,0.3941,,0.54,Non-Auction Ads,Promote
20230807,1773542903799810 ,TH,,,1/1/00 0:00,,0.3941,,0.54,Non-Auction Ads,Promote
20230807,1773592375803900 ,PH,,,1/1/00 0:00,,0.3934,,0.54,Non-Auction Ads,Promote
20230807,1773592614209530 ,PH,,,1/1/00 0:00,,0.3934,,0.54,Non-Auction Ads,Promote
20230807,1773534410828800 ,MY,,,1/1/00 0:00,,0.3933,,0.54,Non-Auction Ads,Promote
20230807,1773590356663290 ,ID,,,1/1/00 0:00,,0.3932,,0.54,Non-Auction Ads,Promote
20230807,1773469551161340 ,VN,,,1/1/00 0:00,,0.3927,,0.54,Non-Auction Ads,Promote
20230807,1773564231812110 ,PL,,,1/1/00 0:00,,0.3922,,0.54,Non-Auction Ads,Promote
20230807,1773564132795390 ,PL,,,1/1/00 0:00,,0.3922,,0.54,Non-Auction Ads,Promote
20230807,1773568608253950 ,PL,,,1/1/00 0:00,,0.3922,,0.54,Non-Auction Ads,Promote
20230807,1773531715746820 ,BR,,,1/1/00 0:00,,0.3921,,0.54,Non-Auction Ads,Promote
20230807,1773581422127100 ,TH,,,1/1/00 0:00,,0.392,,0.54,Non-Auction Ads,Promote
20230807,1773521187563520 ,SA,,,1/1/00 0:00,,0.3918,,0.54,Non-Auction Ads,Promote
20230807,1773609454036990 ,IT,,,1/1/00 0:00,,0.3918,,0.54,Non-Auction Ads,Promote
20230807,1773523754904570 ,SA,,,1/1/00 0:00,,0.3918,,0.54,Non-Auction Ads,Promote
20230807,1773610667522050 ,PT,,,1/1/00 0:00,,0.3916,,0.54,Non-Auction Ads,Promote
20230807,1773588935512060 ,IT,,,1/1/00 0:00,,0.3916,,0.54,Non-Auction Ads,Promote
20230807,1773539671074810 ,TH,,,1/1/00 0:00,,0.3915,,0.54,Non-Auction Ads,Promote
20230807,1773541942412290 ,TH,,,1/1/00 0:00,,0.3915,,0.54,Non-Auction Ads,Promote
20230807,1773587261050880 ,TH,,,1/1/00 0:00,,0.3914,,0.54,Non-Auction Ads,Promote
20230807,1773613829764090 ,TH,,,1/1/00 0:00,,0.3912,,0.54,Non-Auction Ads,Promote
20230807,1773550600201280 ,VN,,,1/1/00 0:00,,0.3911,,0.54,Non-Auction Ads,Promote
20230807,1773589059303420 ,HU,,,1/1/00 0:00,,0.3908,,0.54,Non-Auction Ads,Promote
20230807,1773555851623420 ,TH,,,1/1/00 0:00,,0.3903,,0.54,Non-Auction Ads,Promote
20230807,1773540038407170 ,TH,,,1/1/00 0:00,,0.3903,,0.54,Non-Auction Ads,Promote
20230807,1773560318745600 ,TH,,,1/1/00 0:00,,0.3903,,0.54,Non-Auction Ads,Promote
20230807,1773593143869440 ,BR,,,1/1/00 0:00,,0.3902,,0.54,Non-Auction Ads,Promote
20230807,1773585198028800 ,TH,,,1/1/00 0:00,,0.3897,,0.54,Non-Auction Ads,Promote
20230807,1773566042085370 ,TH,,,1/1/00 0:00,,0.3897,,0.54,Non-Auction Ads,Promote
20230807,1773588471705620 ,IT,,,1/1/00 0:00,,0.3897,,0.54,Non-Auction Ads,Promote
20230807,1773512420231170 ,SA,,,1/1/00 0:00,,0.3895,,0.54,Non-Auction Ads,Promote
20230807,1773526909689850 ,MY,,,1/1/00 0:00,,0.3894,,0.54,Non-Auction Ads,Promote
20230807,1773553821862910 ,ID,,,1/1/00 0:00,,0.3894,,0.54,Non-Auction Ads,Promote
20230807,1773539425119230 ,ID,,,1/1/00 0:00,,0.3894,,0.54,Non-Auction Ads,Promote
20230807,1773591954592760 ,TR,,,1/1/00 0:00,,0.3894,,0.54,Non-Auction Ads,Promote
20230807,1773558360930360 ,SA,,,1/1/00 0:00,,0.3892,,0.54,Non-Auction Ads,Promote
20230807,1773578747489280 ,TH,,,1/1/00 0:00,,0.3887,,0.54,Non-Auction Ads,Promote
20230807,1773536994539520 ,VN,,,1/1/00 0:00,,0.3884,,0.54,Non-Auction Ads,Promote
20230807,1773453399583740 ,VN,,,1/1/00 0:00,,0.3884,,0.54,Non-Auction Ads,Promote
20230807,1773456214191100 ,VN,,,1/1/00 0:00,,0.3884,,0.54,Non-Auction Ads,Promote
20230807,1773391712909310 ,SA,,,1/1/00 0:00,,0.3884,,0.54,Non-Auction Ads,Promote
20230807,1773592850031620 ,IT,,,1/1/00 0:00,,0.3883,,0.54,Non-Auction Ads,Promote
20230807,1773559196327950 ,IT,,,1/1/00 0:00,,0.3883,,0.54,Non-Auction Ads,Promote
20230807,1773580103268350 ,TR,,,1/1/00 0:00,,0.3882,,0.54,Non-Auction Ads,Promote
20230807,1773573208162300 ,TR,,,1/1/00 0:00,,0.3881,,0.54,Non-Auction Ads,Promote
20230807,1773541360737280 ,TH,,,1/1/00 0:00,,0.388,,0.54,Non-Auction Ads,Promote
20230807,1773541464762360 ,TH,,,1/1/00 0:00,,0.388,,0.54,Non-Auction Ads,Promote
20230807,1773541566350330 ,TH,,,1/1/00 0:00,,0.388,,0.54,Non-Auction Ads,Promote
20230807,1773541588980730 ,TH,,,1/1/00 0:00,,0.388,,0.54,Non-Auction Ads,Promote
20230807,1773546966513720 ,TH,,,1/1/00 0:00,,0.388,,0.54,Non-Auction Ads,Promote
20230807,1773579791858690 ,TH,,,1/1/00 0:00,,0.388,,0.54,Non-Auction Ads,Promote
20230807,1773541490286650 ,TH,,,1/1/00 0:00,,0.388,,0.54,Non-Auction Ads,Promote
20230807,1773593873402880 ,BR,,,1/1/00 0:00,,0.3879,,0.54,Non-Auction Ads,Promote
20230807,1773453919965180 ,VN,,,1/1/00 0:00,,0.3879,,0.54,Non-Auction Ads,Promote
20230807,1773589536623610 ,TH,,,1/1/00 0:00,,0.3871,,0.54,Non-Auction Ads,Promote
20230807,1773580577620990 ,BR,,,1/1/00 0:00,,0.387,,0.54,Non-Auction Ads,Promote
20230807,1773592089845760 ,SA,,,1/1/00 0:00,,0.3867,,0.54,Non-Auction Ads,Promote
20230807,1773539145074690 ,MY,,,1/1/00 0:00,,0.3865,,0.54,Non-Auction Ads,Promote
20230807,1773478449199100 ,SA,,,1/1/00 0:00,,0.3865,,0.54,Non-Auction Ads,Promote
20230807,1773573134306300 ,TR,,,1/1/00 0:00,,0.3864,,0.54,Non-Auction Ads,Promote
20230807,1773566222703610 ,ID,,,1/1/00 0:00,,0.3861,,0.54,Non-Auction Ads,Promote
20230807,1773594734550010 ,SA,,,1/1/00 0:00,,0.3861,,0.54,Non-Auction Ads,Promote
20230807,1773594081281020 ,SA,,,1/1/00 0:00,,0.3861,,0.54,Non-Auction Ads,Promote
20230807,1773522565301250 ,BR,,,1/1/00 0:00,,0.3859,,0.54,Non-Auction Ads,Promote
20230807,1773593653094400 ,TR,,,1/1/00 0:00,,0.3856,,0.54,Non-Auction Ads,Promote
20230807,1773516668420090 ,TR,,,1/1/00 0:00,,0.3854,,0.54,Non-Auction Ads,Promote
20230807,1773539442385950 ,TH,,,1/1/00 0:00,,0.385,,0.54,Non-Auction Ads,Promote
20230807,1773539442385950 ,TH,,,1/1/00 0:00,,0.385,,0.54,Non-Auction Ads,Promote
20230807,1773573693406200 ,TH,,,1/1/00 0:00,,0.3848,,0.54,Non-Auction Ads,Promote
20230807,1773502958046210 ,VN,,,1/1/00 0:00,,0.3847,,0.54,Non-Auction Ads,Promote
20230807,1773502873106430 ,VN,,,1/1/00 0:00,,0.3847,,0.54,Non-Auction Ads,Promote
20230807,1773579381405690 ,TH,,,1/1/00 0:00,,0.3846,,0.54,Non-Auction Ads,Promote
20230807,1773593175763960 ,ID,,,1/1/00 0:00,,0.3835,,0.54,Non-Auction Ads,Promote
20230807,1773548625558520 ,TH,,,1/1/00 0:00,,0.383,,0.54,Non-Auction Ads,Promote
20230807,1773506662363130 ,SA,,,1/1/00 0:00,,0.383,,0.54,Non-Auction Ads,Promote
20230807,1773451293327360 ,VN,,,1/1/00 0:00,,0.3827,,0.54,Non-Auction Ads,Promote
20230807,1773523731809300 ,BR,,,1/1/00 0:00,,0.3826,,0.54,Non-Auction Ads,Promote
20230807,1773571926662140 ,TH,,,1/1/00 0:00,,0.3826,,0.54,Non-Auction Ads,Promote
20230807,1773601888297980 ,BR,,,1/1/00 0:00,,0.3814,,0.54,Non-Auction Ads,Promote
20230807,1773533357660160 ,ID,,,1/1/00 0:00,,0.3813,,0.54,Non-Auction Ads,Promote
20230807,1773535927532540 ,ID,,,1/1/00 0:00,,0.3813,,0.54,Non-Auction Ads,Promote
20230807,1773532197436410 ,ID,,,1/1/00 0:00,,0.3813,,0.54,Non-Auction Ads,Promote
20230807,1773616142327800 ,TH,,,1/1/00 0:00,,0.3806,,0.54,Non-Auction Ads,Promote
20230807,1773583175203840 ,TH,,,1/1/00 0:00,,0.3806,,0.54,Non-Auction Ads,Promote
20230807,1773570695064570 ,ID,,,1/1/00 0:00,,0.3802,,0.54,Non-Auction Ads,Promote
20230807,1773559894667260 ,TH,,,1/1/00 0:00,,0.38,,0.54,Non-Auction Ads,Promote
20230807,1773588899554300 ,TH,,,1/1/00 0:00,,0.38,,0.54,Non-Auction Ads,Promote
20230807,1773544096404480 ,TH,,,1/1/00 0:00,,0.38,,0.54,Non-Auction Ads,Promote
20230807,1773588952965120 ,TH,,,1/1/00 0:00,,0.38,,0.54,Non-Auction Ads,Promote
20230807,1773575518323710 ,TH,,,1/1/00 0:00,,0.38,,0.54,Non-Auction Ads,Promote
20230807,1773588505405440 ,TH,,,1/1/00 0:00,,0.38,,0.54,Non-Auction Ads,Promote
20230807,1773373051329530 ,SA,,,1/1/00 0:00,,0.3799,,0.54,Non-Auction Ads,Promote
20230807,1773584832521220 ,BR,,,1/1/00 0:00,,0.3796,,0.54,Non-Auction Ads,Promote
20230807,1773573508235260 ,SA,,,1/1/00 0:00,,0.3793,,0.54,Non-Auction Ads,Promote
20230807,1773452567650300 ,VN,,,1/1/00 0:00,,0.3792,,0.54,Non-Auction Ads,Promote
20230807,1773546117606400 ,ID,,,1/1/00 0:00,,0.3788,,0.54,Non-Auction Ads,Promote
20230807,1773612978937850 ,PH,,,1/1/00 0:00,,0.3783,,0.54,Non-Auction Ads,Promote
20230807,1773587204957180 ,TR,,,1/1/00 0:00,,0.3782,,0.54,Non-Auction Ads,Promote
20230807,1773456974937090 ,SA,,,1/1/00 0:00,,0.378,,0.54,Non-Auction Ads,Promote
20230807,1773515251355640 ,SA,,,1/1/00 0:00,,0.3768,,0.54,Non-Auction Ads,Promote
20230807,1773488506221570 ,VN,,,1/1/00 0:00,,0.3766,,0.54,Non-Auction Ads,Promote
20230807,1773581385821180 ,MY,,,1/1/00 0:00,,0.3766,,0.54,Non-Auction Ads,Promote
20230807,1773582525371390 ,TH,,,1/1/00 0:00,,0.3764,,0.54,Non-Auction Ads,Promote
20230807,1773577176332290 ,RO,,,1/1/00 0:00,,0.3762,,0.54,Non-Auction Ads,Promote
20230807,1773571411861500 ,MY,,,1/1/00 0:00,,0.3762,,0.54,Non-Auction Ads,Promote
20230807,1773534305677330 ,BR,,,1/1/00 0:00,,0.3756,,0.54,Non-Auction Ads,Promote
20230807,1773567860312070 ,BR,,,1/1/00 0:00,,0.3751,,0.54,Non-Auction Ads,Promote
20230807,1773544343574530 ,TH,,,1/1/00 0:00,,0.3744,,0.54,Non-Auction Ads,Promote
20230807,1773532587983870 ,KH,,,1/1/00 0:00,,0.3744,,0.54,Non-Auction Ads,Promote
20230807,1773532422437890 ,KH,,,1/1/00 0:00,,0.3744,,0.54,Non-Auction Ads,Promote
20230807,1773545190585340 ,ID,,,1/1/00 0:00,,0.3743,,0.54,Non-Auction Ads,Promote
20230807,1773578905623550 ,ID,,,1/1/00 0:00,,0.3741,,0.54,Non-Auction Ads,Promote
20230807,1773573678656510 ,ID,,,1/1/00 0:00,,0.3741,,0.54,Non-Auction Ads,Promote
20230807,1773570399765500 ,ID,,,1/1/00 0:00,,0.3741,,0.54,Non-Auction Ads,Promote
20230807,1773569765551100 ,ID,,,1/1/00 0:00,,0.3741,,0.54,Non-Auction Ads,Promote
20230807,1773574517282810 ,ID,,,1/1/00 0:00,,0.3741,,0.54,Non-Auction Ads,Promote
20230807,1773573948727290 ,ID,,,1/1/00 0:00,,0.3741,,0.54,Non-Auction Ads,Promote
20230807,1773587173915640 ,ID,,,1/1/00 0:00,,0.3741,,0.54,Non-Auction Ads,Promote
20230807,1773584387634170 ,ID,,,1/1/00 0:00,,0.3741,,0.54,Non-Auction Ads,Promote
20230807,1773569610246140 ,ID,,,1/1/00 0:00,,0.3741,,0.54,Non-Auction Ads,Promote
20230807,1773613883305980 ,ID,,,1/1/00 0:00,,0.3741,,0.54,Non-Auction Ads,Promote
20230807,1773613883305980 ,ID,,,1/1/00 0:00,,0.3741,,0.54,Non-Auction Ads,Promote
20230807,1773578838975480 ,ID,,,1/1/00 0:00,,0.3741,,0.54,Non-Auction Ads,Promote
20230807,1773559621251070 ,ID,,,1/1/00 0:00,,0.3741,,0.54,Non-Auction Ads,Promote
20230807,1773573096167420 ,ID,,,1/1/00 0:00,,0.3741,,0.54,Non-Auction Ads,Promote
20230807,1773381150501890 ,SA,,,1/1/00 0:00,,0.374,,0.54,Non-Auction Ads,Promote
20230807,1773519135882240 ,SA,,,1/1/00 0:00,,0.3739,,0.54,Non-Auction Ads,Promote
20230807,1773526402297860 ,BR,,,1/1/00 0:00,,0.3739,,0.54,Non-Auction Ads,Promote
20230807,1773541305862140 ,MY,,,1/1/00 0:00,,0.3729,,0.54,Non-Auction Ads,Promote
20230807,1773586263697410 ,SA,,,1/1/00 0:00,,0.3723,,0.54,Non-Auction Ads,Promote
20230807,1773596118839290 ,SA,,,1/1/00 0:00,,0.3723,,0.54,Non-Auction Ads,Promote
20230807,1773603513761790 ,SA,,,1/1/00 0:00,,0.3723,,0.54,Non-Auction Ads,Promote
20230807,1773583498206210 ,ES,,,1/1/00 0:00,,0.3722,,0.54,Non-Auction Ads,Promote
20230807,1773541863803900 ,MY,,,1/1/00 0:00,,0.3722,,0.54,Non-Auction Ads,Promote
20230807,1773580207412220 ,ID,,,1/1/00 0:00,,0.3719,,0.54,Non-Auction Ads,Promote
20230807,1773586477563910 ,BR,,,1/1/00 0:00,,0.3718,,0.54,Non-Auction Ads,Promote
20230807,1773581674814460 ,BR,,,1/1/00 0:00,,0.3718,,0.54,Non-Auction Ads,Promote
20230807,1773546461535230 ,TH,,,1/1/00 0:00,,0.3715,,0.54,Non-Auction Ads,Promote
20230807,1773558084460550 ,BR,,,1/1/00 0:00,,0.3703,,0.54,Non-Auction Ads,Promote
20230807,1773530821362750 ,BR,,,1/1/00 0:00,,0.3703,,0.54,Non-Auction Ads,Promote
20230807,1773581966179320 ,SA,,,1/1/00 0:00,,0.3703,,0.54,Non-Auction Ads,Promote
20230807,1773595159140350 ,BR,,,1/1/00 0:00,,0.3703,,0.54,Non-Auction Ads,Promote
20230807,1773601609929730 ,BR,,,1/1/00 0:00,,0.3703,,0.54,Non-Auction Ads,Promote
20230807,1773560887550980 ,BR,,,1/1/00 0:00,,0.3703,,0.54,Non-Auction Ads,Promote
20230807,1773593613924350 ,SA,,,1/1/00 0:00,,0.3701,,0.54,Non-Auction Ads,Promote
20230807,1773594324362240 ,SA,,,1/1/00 0:00,,0.3701,,0.54,Non-Auction Ads,Promote
20230807,1773546688252930 ,VN,,,1/1/00 0:00,,0.3699,,0.54,Non-Auction Ads,Promote
20230807,1773455014991870 ,VN,,,1/1/00 0:00,,0.3699,,0.54,Non-Auction Ads,Promote
20230807,1773556597795840 ,TH,,,1/1/00 0:00,,0.3693,,0.54,Non-Auction Ads,Promote
20230807,1773613376651260 ,ID,,,1/1/00 0:00,,0.3689,,0.54,Non-Auction Ads,Promote
20230807,1773513201622010 ,TR,,,1/1/00 0:00,,0.3687,,0.54,Non-Auction Ads,Promote
20230807,1773547392373760 ,VN,,,1/1/00 0:00,,0.3685,,0.54,Non-Auction Ads,Promote
20230807,1773546750275580 ,VN,,,1/1/00 0:00,,0.3685,,0.54,Non-Auction Ads,Promote
20230807,1773581767878650 ,TH,,,1/1/00 0:00,,0.3679,,0.54,Non-Auction Ads,Promote
20230807,1773572756550650 ,TH,,,1/1/00 0:00,,0.3678,,0.54,Non-Auction Ads,Promote
20230807,1773573196817400 ,TH,,,1/1/00 0:00,,0.3678,,0.54,Non-Auction Ads,Promote
20230807,1773571303825410 ,BR,,,1/1/00 0:00,,0.3677,,0.54,Non-Auction Ads,Promote
20230807,1773575983270910 ,BR,,,1/1/00 0:00,,0.3677,,0.54,Non-Auction Ads,Promote
20230807,1773569610296320 ,BR,,,1/1/00 0:00,,0.3677,,0.54,Non-Auction Ads,Promote
20230807,1773488560415740 ,SA,,,1/1/00 0:00,,0.3674,,0.54,Non-Auction Ads,Promote
20230807,1773580872388600 ,SA,,,1/1/00 0:00,,0.3674,,0.54,Non-Auction Ads,Promote
20230807,1773388983521280 ,SA,,,1/1/00 0:00,,0.3674,,0.54,Non-Auction Ads,Promote
20230807,1773554339753980 ,ID,,,1/1/00 0:00,,0.3672,,0.54,Non-Auction Ads,Promote
20230807,1773549008930810 ,VN,,,1/1/00 0:00,,0.3671,,0.54,Non-Auction Ads,Promote
20230807,1773463292603390 ,VN,,,1/1/00 0:00,,0.3667,,0.54,Non-Auction Ads,Promote
20230807,1773579691156540 ,PH,,,1/1/00 0:00,,0.3665,,0.54,Non-Auction Ads,Promote
20230807,1773537920654330 ,PH,,,1/1/00 0:00,,0.3665,,0.54,Non-Auction Ads,Promote
20230807,1773547563202560 ,BR,,,1/1/00 0:00,,0.3661,,0.54,Non-Auction Ads,Promote
20230807,1773516059749370 ,TR,,,1/1/00 0:00,,0.3661,,0.54,Non-Auction Ads,Promote
20230807,1773559603712000 ,MY,,,1/1/00 0:00,,0.3658,,0.54,Non-Auction Ads,Promote
20230807,1773587922074620 ,ID,,,1/1/00 0:00,,0.3655,,0.54,Non-Auction Ads,Promote
20230807,1773463067113470 ,SA,,,1/1/00 0:00,,0.3654,,0.54,Non-Auction Ads,Promote
20230807,1773577872687100 ,TR,,,1/1/00 0:00,,0.3651,,0.54,Non-Auction Ads,Promote
20230807,1773574702869500 ,TR,,,1/1/00 0:00,,0.3651,,0.54,Non-Auction Ads,Promote
20230807,1773551511025660 ,TR,,,1/1/00 0:00,,0.3651,,0.54,Non-Auction Ads,Promote
20230807,1773520491672570 ,TR,,,1/1/00 0:00,,0.3651,,0.54,Non-Auction Ads,Promote
20230807,1773516706190330 ,TR,,,1/1/00 0:00,,0.3643,,0.54,Non-Auction Ads,Promote
20230807,1773547127252990 ,MY,,,1/1/00 0:00,,0.3642,,0.54,Non-Auction Ads,Promote
20230807,1773553797806080 ,MY,,,1/1/00 0:00,,0.3642,,0.54,Non-Auction Ads,Promote
20230807,1773530665067520 ,VN,,,1/1/00 0:00,,0.364,,0.54,Non-Auction Ads,Promote
20230807,1773421350936570 ,SA,,,1/1/00 0:00,,0.3626,,0.54,Non-Auction Ads,Promote
20230807,1773595044579330 ,BR,,,1/1/00 0:00,,0.3625,,0.54,Non-Auction Ads,Promote
20230807,1773597615076350 ,TR,,,1/1/00 0:00,,0.3621,,0.54,Non-Auction Ads,Promote
20230807,1773478182174720 ,SA,,,1/1/00 0:00,,0.3612,,0.54,Non-Auction Ads,Promote
20230807,1773563450011650 ,ID,,,1/1/00 0:00,,0.361,,0.54,Non-Auction Ads,Promote
20230807,1773556042174460 ,TH,,,1/1/00 0:00,,0.3598,,0.54,Non-Auction Ads,Promote
20230807,1773473124453370 ,VN,,,1/1/00 0:00,,0.3598,,0.54,Non-Auction Ads,Promote
20230807,1773566626317310 ,TH,,,1/1/00 0:00,,0.3598,,0.54,Non-Auction Ads,Promote
20230807,1773573230140410 ,ID,,,1/1/00 0:00,,0.359,,0.54,Non-Auction Ads,Promote
20230807,1773581216579580 ,ID,,,1/1/00 0:00,,0.359,,0.54,Non-Auction Ads,Promote
20230807,1773585341221890 ,ID,,,1/1/00 0:00,,0.359,,0.54,Non-Auction Ads,Promote
20230807,1773592388238340 ,BR,,,1/1/00 0:00,,0.3588,,0.54,Non-Auction Ads,Promote
20230807,1773574447693820 ,TR,,,1/1/00 0:00,,0.3586,,0.54,Non-Auction Ads,Promote
20230807,1773574579030010 ,MY,,,1/1/00 0:00,,0.3579,,0.54,Non-Auction Ads,Promote
20230807,1773556716454910 ,TH,,,1/1/00 0:00,,0.3572,,0.54,Non-Auction Ads,Promote
20230807,1773552554949630 ,TH,,,1/1/00 0:00,,0.3572,,0.54,Non-Auction Ads,Promote
20230807,1773556118501370 ,ID,,,1/1/00 0:00,,0.3569,,0.54,Non-Auction Ads,Promote
20230807,1773475043227650 ,SA,,,1/1/00 0:00,,0.3563,,0.54,Non-Auction Ads,Promote
20230807,1773518740557820 ,SA,,,1/1/00 0:00,,0.3563,,0.54,Non-Auction Ads,Promote
20230807,1773607546901500 ,ID,,,1/1/00 0:00,,0.3562,,0.54,Non-Auction Ads,Promote
20230807,1773531634666490 ,TH,,,1/1/00 0:00,,0.3561,,0.54,Non-Auction Ads,Promote
20230807,1773593095188480 ,ID,,,1/1/00 0:00,,0.3559,,0.54,Non-Auction Ads,Promote
20230807,1773444031910910 ,SA,,,1/1/00 0:00,,0.3556,,0.54,Non-Auction Ads,Promote
20230807,1773546136928250 ,TH,,,1/1/00 0:00,,0.3551,,0.54,Non-Auction Ads,Promote
20230807,1773543252439040 ,TH,,,1/1/00 0:00,,0.355,,0.54,Non-Auction Ads,Promote
20230807,1773564580202490 ,ID,,,1/1/00 0:00,,0.355,,0.54,Non-Auction Ads,Promote
20230807,1773529860793340 ,TH,,,1/1/00 0:00,,0.3547,,0.54,Non-Auction Ads,Promote
20230807,1773529252592640 ,TH,,,1/1/00 0:00,,0.3547,,0.54,Non-Auction Ads,Promote
20230807,1773491927800830 ,VN,,,1/1/00 0:00,,0.3545,,0.54,Non-Auction Ads,Promote
20230807,1773474922434560 ,VN,,,1/1/00 0:00,,0.3539,,0.54,Non-Auction Ads,Promote
20230807,1773608164340730 ,IL,,,1/1/00 0:00,,0.3537,,0.54,Non-Auction Ads,Promote
20230807,1773608289272830 ,IL,,,1/1/00 0:00,,0.3537,,0.54,Non-Auction Ads,Promote
20230807,1773580407989250 ,HU,,,1/1/00 0:00,,0.3536,,0.54,Non-Auction Ads,Promote
20230807,1773579187073020 ,HU,,,1/1/00 0:00,,0.3536,,0.54,Non-Auction Ads,Promote
20230807,1773580919138300 ,HU,,,1/1/00 0:00,,0.3536,,0.54,Non-Auction Ads,Promote
20230807,1773579378760710 ,HU,,,1/1/00 0:00,,0.3536,,0.54,Non-Auction Ads,Promote
20230807,1773582654547970 ,HU,,,1/1/00 0:00,,0.3536,,0.54,Non-Auction Ads,Promote
20230807,1773586852199420 ,ID,,,1/1/00 0:00,,0.3532,,0.54,Non-Auction Ads,Promote
20230807,1773540891264060 ,VN,,,1/1/00 0:00,,0.353,,0.54,Non-Auction Ads,Promote
20230807,1773381686702080 ,SA,,,1/1/00 0:00,,0.3529,,0.54,Non-Auction Ads,Promote
20230807,1773516226116610 ,SA,,,1/1/00 0:00,,0.3529,,0.54,Non-Auction Ads,Promote
20230807,1773381753276410 ,SA,,,1/1/00 0:00,,0.3529,,0.54,Non-Auction Ads,Promote
20230807,1773463857207290 ,VN,,,1/1/00 0:00,,0.3526,,0.54,Non-Auction Ads,Promote
20230807,1773586830500860 ,BR,,,1/1/00 0:00,,0.3523,,0.54,Non-Auction Ads,Promote
20230807,1773571047335930 ,TH,,,1/1/00 0:00,,0.3522,,0.54,Non-Auction Ads,Promote
20230807,1773571047335930 ,TH,,,1/1/00 0:00,,0.3522,,0.54,Non-Auction Ads,Promote
20230807,1773491797833720 ,VN,,,1/1/00 0:00,,0.3514,,0.54,Non-Auction Ads,Promote
20230807,1773494360003580 ,VN,,,1/1/00 0:00,,0.3514,,0.54,Non-Auction Ads,Promote
20230807,1773553181128700 ,TH,,,1/1/00 0:00,,0.3513,,0.54,Non-Auction Ads,Promote
20230807,1773598205430780 ,PH,,,1/1/00 0:00,,0.3512,,0.54,Non-Auction Ads,Promote
20230807,1773588034102310 ,BR,,,1/1/00 0:00,,0.3509,,0.54,Non-Auction Ads,Promote
20230807,1773547956250620 ,VN,,,1/1/00 0:00,,0.3509,,0.54,Non-Auction Ads,Promote
20230807,1773547609214970 ,TR,,,1/1/00 0:00,,0.3506,,0.54,Non-Auction Ads,Promote
20230807,1773587409016830 ,TH,,,1/1/00 0:00,,0.3503,,0.54,Non-Auction Ads,Promote
20230807,1773534355505150 ,ID,,,1/1/00 0:00,,0.3501,,0.54,Non-Auction Ads,Promote
20230807,1773531110700030 ,TH,,,1/1/00 0:00,,0.3501,,0.54,Non-Auction Ads,Promote
20230807,1773536102884350 ,TH,,,1/1/00 0:00,,0.3501,,0.54,Non-Auction Ads,Promote
20230807,1773531076327420 ,TH,,,1/1/00 0:00,,0.3501,,0.54,Non-Auction Ads,Promote
20230807,1773539520353280 ,TH,,,1/1/00 0:00,,0.3501,,0.54,Non-Auction Ads,Promote
20230807,1773598695563260 ,TR,,,1/1/00 0:00,,0.3499,,0.54,Non-Auction Ads,Promote
20230807,1773540889012290 ,TH,,,1/1/00 0:00,,0.3498,,0.54,Non-Auction Ads,Promote
20230807,1773540795213820 ,TH,,,1/1/00 0:00,,0.3498,,0.54,Non-Auction Ads,Promote
20230807,1773542093619200 ,TH,,,1/1/00 0:00,,0.3498,,0.54,Non-Auction Ads,Promote
20230807,1773540829785080 ,TH,,,1/1/00 0:00,,0.3498,,0.54,Non-Auction Ads,Promote
20230807,1773575190871040 ,ID,,,1/1/00 0:00,,0.3498,,0.54,Non-Auction Ads,Promote
20230807,1773449079685120 ,VN,,,1/1/00 0:00,,0.3498,,0.54,Non-Auction Ads,Promote
20230807,1773573447669760 ,TH,,,1/1/00 0:00,,0.3497,,0.54,Non-Auction Ads,Promote
20230807,1773560037763070 ,TH,,,1/1/00 0:00,,0.3497,,0.54,Non-Auction Ads,Promote
20230807,1773558144695290 ,TH,,,1/1/00 0:00,,0.3497,,0.54,Non-Auction Ads,Promote
20230807,1773538153844730 ,ID,,,1/1/00 0:00,,0.3495,,0.54,Non-Auction Ads,Promote
20230807,1773598240696320 ,ID,,,1/1/00 0:00,,0.3494,,0.54,Non-Auction Ads,Promote
20230807,1773598240696320 ,ID,,,1/1/00 0:00,,0.3494,,0.54,Non-Auction Ads,Promote
20230807,1773589078078460 ,ID,,,1/1/00 0:00,,0.3494,,0.54,Non-Auction Ads,Promote
20230807,1773562423238720 ,ID,,,1/1/00 0:00,,0.3491,,0.54,Non-Auction Ads,Promote
20230807,1773495177630720 ,VN,,,1/1/00 0:00,,0.3485,,0.54,Non-Auction Ads,Promote
20230807,1773582882800640 ,TH,,,1/1/00 0:00,,0.3485,,0.54,Non-Auction Ads,Promote
20230807,1773541697632250 ,TH,,,1/1/00 0:00,,0.3485,,0.54,Non-Auction Ads,Promote
20230807,1773548117821440 ,TH,,,1/1/00 0:00,,0.348,,0.54,Non-Auction Ads,Promote
20230807,1773548143008770 ,TH,,,1/1/00 0:00,,0.3478,,0.54,Non-Auction Ads,Promote
20230807,1773572839924730 ,ID,,,1/1/00 0:00,,0.3477,,0.54,Non-Auction Ads,Promote
20230807,1773569545548800 ,TH,,,1/1/00 0:00,,0.3476,,0.54,Non-Auction Ads,Promote
20230807,1773589060171780 ,PL,,,1/1/00 0:00,,0.347,,0.54,Non-Auction Ads,Promote
20230807,1773587293885440 ,ID,,,1/1/00 0:00,,0.347,,0.54,Non-Auction Ads,Promote
20230807,1773558448258040 ,ID,,,1/1/00 0:00,,0.3466,,0.54,Non-Auction Ads,Promote
20230807,1773572659911680 ,ID,,,1/1/00 0:00,,0.3466,,0.54,Non-Auction Ads,Promote
20230807,1773606876531710 ,TR,,,1/1/00 0:00,,0.3464,,0.54,Non-Auction Ads,Promote
20230807,1773599011855360 ,HU,,,1/1/00 0:00,,0.3461,,0.54,Non-Auction Ads,Promote
20230807,1773601927352320 ,HU,,,1/1/00 0:00,,0.3461,,0.54,Non-Auction Ads,Promote
20230807,1773587732670470 ,HU,,,1/1/00 0:00,,0.3461,,0.54,Non-Auction Ads,Promote
20230807,1773599154471940 ,HU,,,1/1/00 0:00,,0.3461,,0.54,Non-Auction Ads,Promote
20230807,1773574221961220 ,HU,,,1/1/00 0:00,,0.3461,,0.54,Non-Auction Ads,Promote
20230807,1773464202638330 ,VN,,,1/1/00 0:00,,0.3461,,0.54,Non-Auction Ads,Promote
20230807,1773585751214080 ,HU,,,1/1/00 0:00,,0.3461,,0.54,Non-Auction Ads,Promote
20230807,1773529620393980 ,ID,,,1/1/00 0:00,,0.346,,0.54,Non-Auction Ads,Promote
20230807,1773566746056700 ,TR,,,1/1/00 0:00,,0.346,,0.54,Non-Auction Ads,Promote
20230807,1773389344856060 ,SA,,,1/1/00 0:00,,0.3459,,0.54,Non-Auction Ads,Promote
20230807,1773389307438080 ,SA,,,1/1/00 0:00,,0.3459,,0.54,Non-Auction Ads,Promote
20230807,1773566232053760 ,SA,,,1/1/00 0:00,,0.3458,,0.54,Non-Auction Ads,Promote
20230807,1773580171842590 ,RO,,,1/1/00 0:00,,0.3456,,0.54,Non-Auction Ads,Promote
20230807,1773574817566720 ,RO,,,1/1/00 0:00,,0.3456,,0.54,Non-Auction Ads,Promote
20230807,1773588417516540 ,PL,,,1/1/00 0:00,,0.3455,,0.54,Non-Auction Ads,Promote
20230807,1773591125848070 ,PL,,,1/1/00 0:00,,0.3455,,0.54,Non-Auction Ads,Promote
20230807,1773609154482180 ,BR,,,1/1/00 0:00,,0.3447,,0.54,Non-Auction Ads,Promote
20230807,1773575692485630 ,TR,,,1/1/00 0:00,,0.3445,,0.54,Non-Auction Ads,Promote
20230807,1773514937751550 ,TR,,,1/1/00 0:00,,0.3445,,0.54,Non-Auction Ads,Promote
20230807,1773519084048380 ,TR,,,1/1/00 0:00,,0.3444,,0.54,Non-Auction Ads,Promote
20230807,1773542729665530 ,ID,,,1/1/00 0:00,,0.3443,,0.54,Non-Auction Ads,Promote
20230807,1773560914592770 ,ID,,,1/1/00 0:00,,0.3443,,0.54,Non-Auction Ads,Promote
20230807,1773613386748920 ,TH,,,1/1/00 0:00,,0.3443,,0.54,Non-Auction Ads,Promote
20230807,1773542915553280 ,TR,,,1/1/00 0:00,,0.3443,,0.54,Non-Auction Ads,Promote
20230807,1773542915553280 ,TR,,,1/1/00 0:00,,0.3443,,0.54,Non-Auction Ads,Promote
20230807,1773553192894460 ,ID,,,1/1/00 0:00,,0.3443,,0.54,Non-Auction Ads,Promote
20230807,1773448282133500 ,VN,,,1/1/00 0:00,,0.3441,,0.54,Non-Auction Ads,Promote
20230807,1773453544032250 ,VN,,,1/1/00 0:00,,0.3438,,0.54,Non-Auction Ads,Promote
20230807,1773526570371070 ,PH,,,1/1/00 0:00,,0.3435,,0.54,Non-Auction Ads,Promote
20230807,1773491767422970 ,SA,,,1/1/00 0:00,,0.3432,,0.54,Non-Auction Ads,Promote
20230807,1773582292557820 ,TH,,,1/1/00 0:00,,0.343,,0.54,Non-Auction Ads,Promote
20230807,1773584784678910 ,TH,,,1/1/00 0:00,,0.343,,0.54,Non-Auction Ads,Promote
20230807,1773565506450430 ,TH,,,1/1/00 0:00,,0.3429,,0.54,Non-Auction Ads,Promote
20230807,1773537539032060 ,ID,,,1/1/00 0:00,,0.3427,,0.54,Non-Auction Ads,Promote
20230807,1773613483644920 ,ID,,,1/1/00 0:00,,0.3424,,0.54,Non-Auction Ads,Promote
20230807,1773503705124860 ,VN,,,1/1/00 0:00,,0.3416,,0.54,Non-Auction Ads,Promote
20230807,1773506380751870 ,VN,,,1/1/00 0:00,,0.3416,,0.54,Non-Auction Ads,Promote
20230807,1773550409453560 ,TR,,,1/1/00 0:00,,0.3414,,0.54,Non-Auction Ads,Promote
20230807,1773612042464250 ,JP,,,1/1/00 0:00,,0.3413,,0.54,Non-Auction Ads,Promote
20230807,1773553309452280 ,MY,,,1/1/00 0:00,,0.3408,,0.54,Non-Auction Ads,Promote
20230807,1773576497832960 ,TR,,,1/1/00 0:00,,0.3407,,0.54,Non-Auction Ads,Promote
20230807,1773566126487550 ,ID,,,1/1/00 0:00,,0.3404,,0.54,Non-Auction Ads,Promote
20230807,1773552471227390 ,US,,,1/1/00 0:00,,0.34,,0.54,Non-Auction Ads,Promote
20230807,1773540369400830 ,ID,,,1/1/00 0:00,,0.3398,,0.54,Non-Auction Ads,Promote
20230807,1773376167916540 ,SA,,,1/1/00 0:00,,0.3396,,0.54,Non-Auction Ads,Promote
20230807,1773455202783230 ,VN,,,1/1/00 0:00,,0.3394,,0.54,Non-Auction Ads,Promote
20230807,1773533945943040 ,BR,,,1/1/00 0:00,,0.3393,,0.54,Non-Auction Ads,Promote
20230807,1773563516379130 ,ID,,,1/1/00 0:00,,0.3392,,0.54,Non-Auction Ads,Promote
20230807,1773558327707650 ,TH,,,1/1/00 0:00,,0.339,,0.54,Non-Auction Ads,Promote
20230807,1773613502783480 ,TH,,,1/1/00 0:00,,0.339,,0.54,Non-Auction Ads,Promote
20230807,1773507085048830 ,AE,,,1/1/00 0:00,,0.3386,,0.54,Non-Auction Ads,Promote
20230807,1773562888056830 ,TH,,,1/1/00 0:00,,0.3386,,0.54,Non-Auction Ads,Promote
20230807,1773489394801660 ,VN,,,1/1/00 0:00,,0.338,,0.54,Non-Auction Ads,Promote
20230807,1773533496906750 ,BR,,,1/1/00 0:00,,0.3379,,0.54,Non-Auction Ads,Promote
20230807,1773533496906750 ,BR,,,1/1/00 0:00,,0.3379,,0.54,Non-Auction Ads,Promote
20230807,1773531270537210 ,ID,,,1/1/00 0:00,,0.3374,,0.54,Non-Auction Ads,Promote
20230807,1773528091681790 ,BR,,,1/1/00 0:00,,0.3374,,0.54,Non-Auction Ads,Promote
20230807,1773459793142780 ,VN,,,1/1/00 0:00,,0.3374,,0.54,Non-Auction Ads,Promote
20230807,1773580593843200 ,PH,,,1/1/00 0:00,,0.337,,0.54,Non-Auction Ads,Promote
20230807,1773495941143550 ,VN,,,1/1/00 0:00,,0.3365,,0.54,Non-Auction Ads,Promote
20230807,1773535958391810 ,VN,,,1/1/00 0:00,,0.3359,,0.54,Non-Auction Ads,Promote
20230807,1773531779228670 ,ID,,,1/1/00 0:00,,0.3358,,0.54,Non-Auction Ads,Promote
20230807,1773519160366080 ,TR,,,1/1/00 0:00,,0.3355,,0.54,Non-Auction Ads,Promote
20230807,1773555715576830 ,TR,,,1/1/00 0:00,,0.3355,,0.54,Non-Auction Ads,Promote
20230807,1773529862914040 ,MY,,,1/1/00 0:00,,0.3353,,0.54,Non-Auction Ads,Promote
20230807,1773565249774590 ,BR,,,1/1/00 0:00,,0.3351,,0.54,Non-Auction Ads,Promote
20230807,1773507119247360 ,AE,,,1/1/00 0:00,,0.335,,0.54,Non-Auction Ads,Promote
20230807,1773609752778750 ,SA,,,1/1/00 0:00,,0.3348,,0.54,Non-Auction Ads,Promote
20230807,1773582416086030 ,ES,,,1/1/00 0:00,,0.3348,,0.54,Non-Auction Ads,Promote
20230807,1773592850483200 ,SA,,,1/1/00 0:00,,0.3347,,0.54,Non-Auction Ads,Promote
20230807,1773431704467450 ,SA,,,1/1/00 0:00,,0.3347,,0.54,Non-Auction Ads,Promote
20230807,1773425295420410 ,SA,,,1/1/00 0:00,,0.3347,,0.54,Non-Auction Ads,Promote
20230807,1773534551674880 ,VN,,,1/1/00 0:00,,0.3347,,0.54,Non-Auction Ads,Promote
20230807,1773588789095420 ,ID,,,1/1/00 0:00,,0.3345,,0.54,Non-Auction Ads,Promote
20230807,1773540579356670 ,ID,,,1/1/00 0:00,,0.3341,,0.54,Non-Auction Ads,Promote
20230807,1773572685302780 ,PH,,,1/1/00 0:00,,0.334,,0.54,Non-Auction Ads,Promote
20230807,1773593841302610 ,BR,,,1/1/00 0:00,,0.334,,0.54,Non-Auction Ads,Promote
20230807,1773479982295040 ,AE,,,1/1/00 0:00,,0.3339,,0.54,Non-Auction Ads,Promote
20230807,1773562441141280 ,GB,,,1/1/00 0:00,,0.3338,,0.54,Non-Auction Ads,Promote
20230807,1773588240923670 ,BR,,,1/1/00 0:00,,0.3338,,0.54,Non-Auction Ads,Promote
20230807,1773572898892800 ,PH,,,1/1/00 0:00,,0.3337,,0.54,Non-Auction Ads,Promote
20230807,1773531333888000 ,ID,,,1/1/00 0:00,,0.3336,,0.54,Non-Auction Ads,Promote
20230807,1773523493011460 ,BR,,,1/1/00 0:00,,0.3331,,0.54,Non-Auction Ads,Promote
20230807,1773554886995960 ,ID,,,1/1/00 0:00,,0.333,,0.54,Non-Auction Ads,Promote
20230807,1773549010717690 ,ID,,,1/1/00 0:00,,0.3329,,0.54,Non-Auction Ads,Promote
20230807,1773583465317370 ,ID,,,1/1/00 0:00,,0.3329,,0.54,Non-Auction Ads,Promote
20230807,1773565197034490 ,MY,,,1/1/00 0:00,,0.3321,,0.54,Non-Auction Ads,Promote
20230807,1773580109300730 ,MY,,,1/1/00 0:00,,0.3321,,0.54,Non-Auction Ads,Promote
20230807,1773557864683520 ,PH,,,1/1/00 0:00,,0.3321,,0.54,Non-Auction Ads,Promote
20230807,1773600137978880 ,TH,,,1/1/00 0:00,,0.332,,0.54,Non-Auction Ads,Promote
20230807,1773562356038650 ,MY,,,1/1/00 0:00,,0.3315,,0.54,Non-Auction Ads,Promote
20230807,1773563674262530 ,ID,,,1/1/00 0:00,,0.3314,,0.54,Non-Auction Ads,Promote
20230807,1773563947138050 ,ID,,,1/1/00 0:00,,0.3314,,0.54,Non-Auction Ads,Promote
20230807,1773576326903800 ,TR,,,1/1/00 0:00,,0.3313,,0.54,Non-Auction Ads,Promote
20230807,1773609004964860 ,ID,,,1/1/00 0:00,,0.3313,,0.54,Non-Auction Ads,Promote
20230807,1773536051849210 ,MY,,,1/1/00 0:00,,0.3313,,0.54,Non-Auction Ads,Promote
20230807,1773534754300920 ,PH,,,1/1/00 0:00,,0.3313,,0.54,Non-Auction Ads,Promote
20230807,1773594019719160 ,ID,,,1/1/00 0:00,,0.3313,,0.54,Non-Auction Ads,Promote
20230807,1773535111773180 ,MY,,,1/1/00 0:00,,0.3313,,0.54,Non-Auction Ads,Promote
20230807,1773534696266750 ,PH,,,1/1/00 0:00,,0.3313,,0.54,Non-Auction Ads,Promote
20230807,1773553255542780 ,TR,,,1/1/00 0:00,,0.3311,,0.54,Non-Auction Ads,Promote
20230807,1773553156385790 ,TR,,,1/1/00 0:00,,0.3311,,0.54,Non-Auction Ads,Promote
20230807,1773560255153150 ,JP,,,1/1/00 0:00,,0.3311,,0.54,Non-Auction Ads,Promote
20230807,1773577014541310 ,MY,,,1/1/00 0:00,,0.3309,,0.54,Non-Auction Ads,Promote
20230807,1773582541872130 ,MY,,,1/1/00 0:00,,0.3308,,0.54,Non-Auction Ads,Promote
20230807,1773586864790530 ,BR,,,1/1/00 0:00,,0.3305,,0.54,Non-Auction Ads,Promote
20230807,1773578331062270 ,ID,,,1/1/00 0:00,,0.3305,,0.54,Non-Auction Ads,Promote
20230807,1773578331062270 ,ID,,,1/1/00 0:00,,0.3305,,0.54,Non-Auction Ads,Promote
20230807,1773538340043780 ,BR,,,1/1/00 0:00,,0.3303,,0.54,Non-Auction Ads,Promote
20230807,1773551240001530 ,PH,,,1/1/00 0:00,,0.3303,,0.54,Non-Auction Ads,Promote
20230807,1773548579648510 ,PH,,,1/1/00 0:00,,0.3303,,0.54,Non-Auction Ads,Promote
20230807,1773616409703420 ,TH,,,1/1/00 0:00,,0.3302,,0.54,Non-Auction Ads,Promote
20230807,1773616409703420 ,TH,,,1/1/00 0:00,,0.3302,,0.54,Non-Auction Ads,Promote
20230807,1773590151508000 ,BR,,,1/1/00 0:00,,0.3301,,0.54,Non-Auction Ads,Promote
20230807,1773584013196290 ,TR,,,1/1/00 0:00,,0.33,,0.54,Non-Auction Ads,Promote
20230807,1773586830922750 ,TR,,,1/1/00 0:00,,0.33,,0.54,Non-Auction Ads,Promote
20230807,1773586943691810 ,BR,,,1/1/00 0:00,,0.33,,0.54,Non-Auction Ads,Promote
20230807,1773459559123970 ,VN,,,1/1/00 0:00,,0.3299,,0.54,Non-Auction Ads,Promote
20230807,1773557265144830 ,MY,,,1/1/00 0:00,,0.3299,,0.54,Non-Auction Ads,Promote
20230807,1773533598051330 ,BR,,,1/1/00 0:00,,0.3297,,0.54,Non-Auction Ads,Promote
20230807,1773539196804090 ,MY,,,1/1/00 0:00,,0.3295,,0.54,Non-Auction Ads,Promote
20230807,1773530155774970 ,MY,,,1/1/00 0:00,,0.3295,,0.54,Non-Auction Ads,Promote
20230807,1773571777052670 ,ID,,,1/1/00 0:00,,0.3294,,0.54,Non-Auction Ads,Promote
20230807,1773537181604860 ,ID,,,1/1/00 0:00,,0.3293,,0.54,Non-Auction Ads,Promote
20230807,1773529873168380 ,PL,,,1/1/00 0:00,,0.3292,,0.54,Non-Auction Ads,Promote
20230807,1773551319806980 ,PL,,,1/1/00 0:00,,0.3292,,0.54,Non-Auction Ads,Promote
20230807,1773525359587330 ,PL,,,1/1/00 0:00,,0.3292,,0.54,Non-Auction Ads,Promote
20230807,1773556656381950 ,TH,,,1/1/00 0:00,,0.3289,,0.54,Non-Auction Ads,Promote
20230807,1773556642102270 ,MY,,,1/1/00 0:00,,0.3284,,0.54,Non-Auction Ads,Promote
20230807,1773548619011070 ,MY,,,1/1/00 0:00,,0.3284,,0.54,Non-Auction Ads,Promote
20230807,1773591567588350 ,MY,,,1/1/00 0:00,,0.3283,,0.54,Non-Auction Ads,Promote
20230807,1773535996572670 ,TH,,,1/1/00 0:00,,0.3282,,0.54,Non-Auction Ads,Promote
20230807,1773521192373240 ,TR,,,1/1/00 0:00,,0.3282,,0.54,Non-Auction Ads,Promote
20230807,1773519464571900 ,TR,,,1/1/00 0:00,,0.3282,,0.54,Non-Auction Ads,Promote
20230807,1773583290013690 ,TH,,,1/1/00 0:00,,0.328,,0.54,Non-Auction Ads,Promote
20230807,1773479690338300 ,VN,,,1/1/00 0:00,,0.3279,,0.54,Non-Auction Ads,Promote
20230807,1773479749370940 ,VN,,,1/1/00 0:00,,0.3279,,0.54,Non-Auction Ads,Promote
20230807,1773536368031740 ,BR,,,1/1/00 0:00,,0.3277,,0.54,Non-Auction Ads,Promote
20230807,1773561175298040 ,ID,,,1/1/00 0:00,,0.3277,,0.54,Non-Auction Ads,Promote
20230807,1773554882114560 ,ID,,,1/1/00 0:00,,0.3277,,0.54,Non-Auction Ads,Promote
20230807,1773470924029950 ,VN,,,1/1/00 0:00,,0.3275,,0.54,Non-Auction Ads,Promote
20230807,1773537549305850 ,VN,,,1/1/00 0:00,,0.3275,,0.54,Non-Auction Ads,Promote
20230807,1773556754713600 ,MY,,,1/1/00 0:00,,0.3273,,0.54,Non-Auction Ads,Promote
20230807,1773522743593980 ,SA,,,1/1/00 0:00,,0.3273,,0.54,Non-Auction Ads,Promote
20230807,1773494483816440 ,SA,,,1/1/00 0:00,,0.3269,,0.54,Non-Auction Ads,Promote
20230807,1773457764690940 ,SA,,,1/1/00 0:00,,0.3268,,0.54,Non-Auction Ads,Promote
20230807,1773539530874880 ,BR,,,1/1/00 0:00,,0.3267,,0.54,Non-Auction Ads,Promote
20230807,1773574718875710 ,TR,,,1/1/00 0:00,,0.3263,,0.54,Non-Auction Ads,Promote
20230807,1773574360256510 ,TR,,,1/1/00 0:00,,0.3263,,0.54,Non-Auction Ads,Promote
20230807,1773453943467000 ,VN,,,1/1/00 0:00,,0.3263,,0.54,Non-Auction Ads,Promote
20230807,1773573579267070 ,TR,,,1/1/00 0:00,,0.3254,,0.54,Non-Auction Ads,Promote
20230807,1773558425649150 ,PH,,,1/1/00 0:00,,0.3252,,0.54,Non-Auction Ads,Promote
20230807,1773590034542590 ,ID,,,1/1/00 0:00,,0.3248,,0.54,Non-Auction Ads,Promote
20230807,1773570387917820 ,TH,,,1/1/00 0:00,,0.3248,,0.54,Non-Auction Ads,Promote
20230807,1773464154199040 ,VN,,,1/1/00 0:00,,0.3247,,0.54,Non-Auction Ads,Promote
20230807,1773598407467000 ,TH,,,1/1/00 0:00,,0.3244,,0.54,Non-Auction Ads,Promote
20230807,1773549898900480 ,TH,,,1/1/00 0:00,,0.3244,,0.54,Non-Auction Ads,Promote
20230807,1773566360902720 ,TH,,,1/1/00 0:00,,0.3244,,0.54,Non-Auction Ads,Promote
20230807,1773516559940600 ,VN,,,1/1/00 0:00,,0.3243,,0.54,Non-Auction Ads,Promote
20230807,1773499527133180 ,VN,,,1/1/00 0:00,,0.3243,,0.54,Non-Auction Ads,Promote
20230807,1773534566719490 ,VN,,,1/1/00 0:00,,0.3242,,0.54,Non-Auction Ads,Promote
20230807,1773607605396480 ,PH,,,1/1/00 0:00,,0.3241,,0.54,Non-Auction Ads,Promote
20230807,1773480933747710 ,VN,,,1/1/00 0:00,,0.3241,,0.54,Non-Auction Ads,Promote
20230807,1773578842233860 ,SA,,,1/1/00 0:00,,0.324,,0.54,Non-Auction Ads,Promote
20230807,1773578803357700 ,SA,,,1/1/00 0:00,,0.324,,0.54,Non-Auction Ads,Promote
20230807,1773578878241790 ,SA,,,1/1/00 0:00,,0.324,,0.54,Non-Auction Ads,Promote
20230807,1773547254916090 ,VN,,,1/1/00 0:00,,0.324,,0.54,Non-Auction Ads,Promote
20230807,1773540566832130 ,VN,,,1/1/00 0:00,,0.3239,,0.54,Non-Auction Ads,Promote
20230807,1773475534905340 ,VN,,,1/1/00 0:00,,0.3239,,0.54,Non-Auction Ads,Promote
20230807,1773457109502970 ,VN,,,1/1/00 0:00,,0.3239,,0.54,Non-Auction Ads,Promote
20230807,1773478063869950 ,VN,,,1/1/00 0:00,,0.3238,,0.54,Non-Auction Ads,Promote
20230807,1773485423746040 ,VN,,,1/1/00 0:00,,0.3237,,0.54,Non-Auction Ads,Promote
20230807,1773585627324410 ,TH,,,1/1/00 0:00,,0.3237,,0.54,Non-Auction Ads,Promote
20230807,1773483048955900 ,VN,,,1/1/00 0:00,,0.3235,,0.54,Non-Auction Ads,Promote
20230807,1773540702187520 ,BR,,,1/1/00 0:00,,0.3234,,0.54,Non-Auction Ads,Promote
20230807,1773524144381950 ,BR,,,1/1/00 0:00,,0.3234,,0.54,Non-Auction Ads,Promote
20230807,1773557727196160 ,TH,,,1/1/00 0:00,,0.3233,,0.54,Non-Auction Ads,Promote
20230807,1773553521135610 ,TH,,,1/1/00 0:00,,0.3233,,0.54,Non-Auction Ads,Promote
20230807,1773553458454520 ,TH,,,1/1/00 0:00,,0.3233,,0.54,Non-Auction Ads,Promote
20230807,1773553586837500 ,TH,,,1/1/00 0:00,,0.3233,,0.54,Non-Auction Ads,Promote
20230807,1773563495821310 ,TH,,,1/1/00 0:00,,0.3233,,0.54,Non-Auction Ads,Promote
20230807,1773553649583100 ,TH,,,1/1/00 0:00,,0.3233,,0.54,Non-Auction Ads,Promote
20230807,1773542542639100 ,TR,,,1/1/00 0:00,,0.3231,,0.54,Non-Auction Ads,Promote
20230807,1773592659000320 ,BR,,,1/1/00 0:00,,0.3228,,0.54,Non-Auction Ads,Promote
20230807,1773491065766910 ,VN,,,1/1/00 0:00,,0.3226,,0.54,Non-Auction Ads,Promote
20230807,1773577515006010 ,TH,,,1/1/00 0:00,,0.3225,,0.54,Non-Auction Ads,Promote
20230807,1773615223447550 ,TH,,,1/1/00 0:00,,0.3225,,0.54,Non-Auction Ads,Promote
20230807,1773589182611450 ,ID,,,1/1/00 0:00,,0.322,,0.54,Non-Auction Ads,Promote
20230807,1773508977987580 ,AE,,,1/1/00 0:00,,0.3218,,0.54,Non-Auction Ads,Promote
20230807,1773496365015040 ,AE,,,1/1/00 0:00,,0.3218,,0.54,Non-Auction Ads,Promote
20230807,1773496445337600 ,AE,,,1/1/00 0:00,,0.3218,,0.54,Non-Auction Ads,Promote
20230807,1773540696932350 ,AE,,,1/1/00 0:00,,0.3218,,0.54,Non-Auction Ads,Promote
20230807,1773489869749250 ,AE,,,1/1/00 0:00,,0.3218,,0.54,Non-Auction Ads,Promote
20230807,1773486355240960 ,AE,,,1/1/00 0:00,,0.3218,,0.54,Non-Auction Ads,Promote
20230807,1773562189099070 ,PH,,,1/1/00 0:00,,0.3217,,0.54,Non-Auction Ads,Promote
20230807,1773559823692800 ,PH,,,1/1/00 0:00,,0.3217,,0.54,Non-Auction Ads,Promote
20230807,1773561699795960 ,PH,,,1/1/00 0:00,,0.3217,,0.54,Non-Auction Ads,Promote
20230807,1773520844241920 ,AE,,,1/1/00 0:00,,0.3212,,0.54,Non-Auction Ads,Promote
20230807,1773605958250490 ,MY,,,1/1/00 0:00,,0.321,,0.54,Non-Auction Ads,Promote
20230807,1773554212542460 ,TR,,,1/1/00 0:00,,0.3208,,0.54,Non-Auction Ads,Promote
20230807,1773611944181760 ,TH,,,1/1/00 0:00,,0.3202,,0.54,Non-Auction Ads,Promote
20230807,1773582286932990 ,TH,,,1/1/00 0:00,,0.3202,,0.54,Non-Auction Ads,Promote
20230807,1773522574193660 ,US,,,1/1/00 0:00,,0.32,,0.54,Non-Auction Ads,Promote
20230807,1773586528169980 ,SA,,,1/1/00 0:00,,0.32,,0.54,Non-Auction Ads,Promote
20230807,1773522406652930 ,US,,,1/1/00 0:00,,0.32,,0.54,Non-Auction Ads,Promote
20230807,1773460558908410 ,SA,,,1/1/00 0:00,,0.32,,0.54,Non-Auction Ads,Promote
20230807,1773594070848510 ,SA,,,1/1/00 0:00,,0.32,,0.54,Non-Auction Ads,Promote
20230807,1773422436286460 ,SA,,,1/1/00 0:00,,0.3199,,0.54,Non-Auction Ads,Promote
20230807,1773597631853560 ,SA,,,1/1/00 0:00,,0.3199,,0.54,Non-Auction Ads,Promote
20230807,1773597631853560 ,SA,,,1/1/00 0:00,,0.3199,,0.54,Non-Auction Ads,Promote
20230807,1773588150270970 ,ID,,,1/1/00 0:00,,0.3196,,0.54,Non-Auction Ads,Promote
20230807,1773591064982530 ,ID,,,1/1/00 0:00,,0.3196,,0.54,Non-Auction Ads,Promote
20230807,1773566113619970 ,TH,,,1/1/00 0:00,,0.3194,,0.54,Non-Auction Ads,Promote
20230807,1773571812201470 ,ID,,,1/1/00 0:00,,0.3194,,0.54,Non-Auction Ads,Promote
20230807,1773595119823870 ,TR,,,1/1/00 0:00,,0.319,,0.54,Non-Auction Ads,Promote
20230807,1773582914199570 ,BR,,,1/1/00 0:00,,0.3183,,0.54,Non-Auction Ads,Promote
20230807,1773457126634490 ,VN,,,1/1/00 0:00,,0.3183,,0.54,Non-Auction Ads,Promote
20230807,1773574864507920 ,RO,,,1/1/00 0:00,,0.3174,,0.54,Non-Auction Ads,Promote
20230807,1773557557000190 ,TH,,,1/1/00 0:00,,0.3169,,0.54,Non-Auction Ads,Promote
20230807,1773456624627710 ,VN,,,1/1/00 0:00,,0.3169,,0.54,Non-Auction Ads,Promote
20230807,1773482731908090 ,VN,,,1/1/00 0:00,,0.3168,,0.54,Non-Auction Ads,Promote
20230807,1773590914468860 ,BR,,,1/1/00 0:00,,0.3166,,0.54,Non-Auction Ads,Promote
20230807,1773473654700030 ,VN,,,1/1/00 0:00,,0.3155,,0.54,Non-Auction Ads,Promote
20230807,1773472502456320 ,VN,,,1/1/00 0:00,,0.3155,,0.54,Non-Auction Ads,Promote
20230807,1773517279195130 ,VN,,,1/1/00 0:00,,0.3155,,0.54,Non-Auction Ads,Promote
20230807,1773480198977530 ,VN,,,1/1/00 0:00,,0.3155,,0.54,Non-Auction Ads,Promote
20230807,1773589792336890 ,ID,,,1/1/00 0:00,,0.3152,,0.54,Non-Auction Ads,Promote
20230807,1773585765098490 ,PH,,,1/1/00 0:00,,0.3147,,0.54,Non-Auction Ads,Promote
20230807,1773565771298810 ,ID,,,1/1/00 0:00,,0.3147,,0.54,Non-Auction Ads,Promote
20230807,1773585797815290 ,PH,,,1/1/00 0:00,,0.3147,,0.54,Non-Auction Ads,Promote
20230807,1773585765742590 ,TH,,,1/1/00 0:00,,0.3145,,0.54,Non-Auction Ads,Promote
20230807,1773570032163840 ,TH,,,1/1/00 0:00,,0.3145,,0.54,Non-Auction Ads,Promote
20230807,1773573578368000 ,ID,,,1/1/00 0:00,,0.314,,0.54,Non-Auction Ads,Promote
20230807,1773458343799810 ,VN,,,1/1/00 0:00,,0.314,,0.54,Non-Auction Ads,Promote
20230807,1773593336029180 ,TH,,,1/1/00 0:00,,0.3137,,0.54,Non-Auction Ads,Promote
20230807,1773493793662970 ,VN,,,1/1/00 0:00,,0.3137,,0.54,Non-Auction Ads,Promote
20230807,1773592609479680 ,ID,,,1/1/00 0:00,,0.3131,,0.54,Non-Auction Ads,Promote
20230807,1773600846601210 ,ID,,,1/1/00 0:00,,0.3128,,0.54,Non-Auction Ads,Promote
20230807,1773600702800890 ,ID,,,1/1/00 0:00,,0.3128,,0.54,Non-Auction Ads,Promote
20230807,1773488415145980 ,VN,,,1/1/00 0:00,,0.312,,0.54,Non-Auction Ads,Promote
20230807,1773492564500480 ,VN,,,1/1/00 0:00,,0.312,,0.54,Non-Auction Ads,Promote
20230807,1773574793691140 ,BR,,,1/1/00 0:00,,0.3118,,0.54,Non-Auction Ads,Promote
20230807,1773577544486910 ,BR,,,1/1/00 0:00,,0.3117,,0.54,Non-Auction Ads,Promote
20230807,1773579140716540 ,MY,,,1/1/00 0:00,,0.3116,,0.54,Non-Auction Ads,Promote
20230807,1773580830063610 ,TH,,,1/1/00 0:00,,0.3114,,0.54,Non-Auction Ads,Promote
20230807,1773563174916090 ,ID,,,1/1/00 0:00,,0.3113,,0.54,Non-Auction Ads,Promote
20230807,1773489258159100 ,AE,,,1/1/00 0:00,,0.3111,,0.54,Non-Auction Ads,Promote
20230807,1773601051452420 ,BR,,,1/1/00 0:00,,0.3111,,0.54,Non-Auction Ads,Promote
20230807,1773520393693180 ,SA,,,1/1/00 0:00,,0.3109,,0.54,Non-Auction Ads,Promote
20230807,1773479786147850 ,VN,,,1/1/00 0:00,,0.3107,,0.54,Non-Auction Ads,Promote
20230807,1773566276677630 ,TH,,,1/1/00 0:00,,0.3104,,0.54,Non-Auction Ads,Promote
20230807,1773588615900160 ,PH,,,1/1/00 0:00,,0.3103,,0.54,Non-Auction Ads,Promote
20230807,1773575658452990 ,MY,,,1/1/00 0:00,,0.3099,,0.54,Non-Auction Ads,Promote
20230807,1773579622926330 ,MY,,,1/1/00 0:00,,0.3099,,0.54,Non-Auction Ads,Promote
20230807,1773552123182080 ,ID,,,1/1/00 0:00,,0.3092,,0.54,Non-Auction Ads,Promote
20230807,1773583464293370 ,TH,,,1/1/00 0:00,,0.3091,,0.54,Non-Auction Ads,Promote
20230807,1773583700575230 ,TH,,,1/1/00 0:00,,0.3091,,0.54,Non-Auction Ads,Promote
20230807,1773583535951870 ,TH,,,1/1/00 0:00,,0.3091,,0.54,Non-Auction Ads,Promote
20230807,1773583792030720 ,TH,,,1/1/00 0:00,,0.3091,,0.54,Non-Auction Ads,Promote
20230807,1773549505119230 ,TR,,,1/1/00 0:00,,0.3087,,0.54,Non-Auction Ads,Promote
20230807,1773551381758970 ,SA,,,1/1/00 0:00,,0.3076,,0.54,Non-Auction Ads,Promote
20230807,1773486672602110 ,VN,,,1/1/00 0:00,,0.3073,,0.54,Non-Auction Ads,Promote
20230807,1773586101989370 ,ID,,,1/1/00 0:00,,0.3069,,0.54,Non-Auction Ads,Promote
20230807,1773539078536190 ,VN,,,1/1/00 0:00,,0.3069,,0.54,Non-Auction Ads,Promote
20230807,1773498229154880 ,VN,,,1/1/00 0:00,,0.3066,,0.54,Non-Auction Ads,Promote
20230807,1773497824092160 ,VN,,,1/1/00 0:00,,0.3066,,0.54,Non-Auction Ads,Promote
20230807,1773609473071100 ,PH,,,1/1/00 0:00,,0.3066,,0.54,Non-Auction Ads,Promote
20230807,1773573040125950 ,TH,,,1/1/00 0:00,,0.3065,,0.54,Non-Auction Ads,Promote
20230807,1773520276611070 ,PL,,,1/1/00 0:00,,0.3064,,0.54,Non-Auction Ads,Promote
20230807,1773541930710010 ,ID,,,1/1/00 0:00,,0.3062,,0.54,Non-Auction Ads,Promote
20230807,1773585239881730 ,ID,,,1/1/00 0:00,,0.3059,,0.54,Non-Auction Ads,Promote
20230807,1773594034856960 ,ID,,,1/1/00 0:00,,0.3059,,0.54,Non-Auction Ads,Promote
20230807,1773597465074690 ,ID,,,1/1/00 0:00,,0.3059,,0.54,Non-Auction Ads,Promote
20230807,1773535493798910 ,ID,,,1/1/00 0:00,,0.3058,,0.54,Non-Auction Ads,Promote
20230807,1773546014824440 ,TR,,,1/1/00 0:00,,0.3058,,0.54,Non-Auction Ads,Promote
20230807,1773532189207550 ,TH,,,1/1/00 0:00,,0.3049,,0.54,Non-Auction Ads,Promote
20230807,1773577737113600 ,TH,,,1/1/00 0:00,,0.3048,,0.54,Non-Auction Ads,Promote
20230807,1773548419909690 ,PH,,,1/1/00 0:00,,0.3048,,0.54,Non-Auction Ads,Promote
20230807,1773542401310720 ,PH,,,1/1/00 0:00,,0.3048,,0.54,Non-Auction Ads,Promote
20230807,1773548353044480 ,PH,,,1/1/00 0:00,,0.3048,,0.54,Non-Auction Ads,Promote
20230807,1773580951147520 ,TH,,,1/1/00 0:00,,0.3045,,0.54,Non-Auction Ads,Promote
20230807,1773582979873790 ,TH,,,1/1/00 0:00,,0.3045,,0.54,Non-Auction Ads,Promote
20230807,1773578011687930 ,TH,,,1/1/00 0:00,,0.3045,,0.54,Non-Auction Ads,Promote
20230807,1773561050308600 ,ID,,,1/1/00 0:00,,0.3043,,0.54,Non-Auction Ads,Promote
20230807,1773494811278330 ,VN,,,1/1/00 0:00,,0.3041,,0.54,Non-Auction Ads,Promote
20230807,1773549270686720 ,MY,,,1/1/00 0:00,,0.3041,,0.54,Non-Auction Ads,Promote
20230807,1773540276301820 ,VN,,,1/1/00 0:00,,0.3036,,0.54,Non-Auction Ads,Promote
20230807,1773538996109310 ,VN,,,1/1/00 0:00,,0.3036,,0.54,Non-Auction Ads,Promote
20230807,1773540240133120 ,VN,,,1/1/00 0:00,,0.3036,,0.54,Non-Auction Ads,Promote
20230807,1773474688612350 ,VN,,,1/1/00 0:00,,0.3035,,0.54,Non-Auction Ads,Promote
20230807,1773600763450370 ,PH,,,1/1/00 0:00,,0.3034,,0.54,Non-Auction Ads,Promote
20230807,1773488839291900 ,VN,,,1/1/00 0:00,,0.3032,,0.54,Non-Auction Ads,Promote
20230807,1773565543875580 ,PH,,,1/1/00 0:00,,0.303,,0.54,Non-Auction Ads,Promote
20230807,1773561357091990 ,GR,,,1/1/00 0:00,,0.3027,,0.54,Non-Auction Ads,Promote
20230807,1773561357091990 ,GR,,,1/1/00 0:00,,0.3027,,0.54,Non-Auction Ads,Promote
20230807,1773539154948090 ,ID,,,1/1/00 0:00,,0.3025,,0.54,Non-Auction Ads,Promote
20230807,1773546669744120 ,ID,,,1/1/00 0:00,,0.302,,0.54,Non-Auction Ads,Promote
20230807,1773600992121900 ,BR,,,1/1/00 0:00,,0.3017,,0.54,Non-Auction Ads,Promote
20230807,1773458821738490 ,VN,,,1/1/00 0:00,,0.3014,,0.54,Non-Auction Ads,Promote
20230807,1773584202051580 ,PH,,,1/1/00 0:00,,0.3006,,0.54,Non-Auction Ads,Promote
20230807,1773569824872450 ,ID,,,1/1/00 0:00,,0.3005,,0.54,Non-Auction Ads,Promote
20230807,1773537471789050 ,ID,,,1/1/00 0:00,,0.3005,,0.54,Non-Auction Ads,Promote
20230807,1773569491218430 ,PH,,,1/1/00 0:00,,0.3,,0.54,Non-Auction Ads,Promote
20230807,1773588982930500 ,BR,,,1/1/00 0:00,,0.2996,,0.54,Non-Auction Ads,Promote
20230807,1773537121200120 ,TH,,,1/1/00 0:00,,0.2996,,0.54,Non-Auction Ads,Promote
20230807,1773573671880700 ,ID,,,1/1/00 0:00,,0.2994,,0.54,Non-Auction Ads,Promote
20230807,1773527063352320 ,SA,,,1/1/00 0:00,,0.2993,,0.54,Non-Auction Ads,Promote
20230807,1773560690006010 ,SA,,,1/1/00 0:00,,0.2993,,0.54,Non-Auction Ads,Promote
20230807,1773569598430210 ,ID,,,1/1/00 0:00,,0.2987,,0.54,Non-Auction Ads,Promote
20230807,1773579114304510 ,ID,,,1/1/00 0:00,,0.2987,,0.54,Non-Auction Ads,Promote
20230807,1773607986473980 ,TH,,,1/1/00 0:00,,0.2985,,0.54,Non-Auction Ads,Promote
20230807,1773575784294420 ,BR,,,1/1/00 0:00,,0.2985,,0.54,Non-Auction Ads,Promote
20230807,1773531672616960 ,BR,,,1/1/00 0:00,,0.2985,,0.54,Non-Auction Ads,Promote
20230807,1773607217150970 ,SA,,,1/1/00 0:00,,0.2983,,0.54,Non-Auction Ads,Promote
20230807,1773532080343040 ,KH,,,1/1/00 0:00,,0.2981,,0.54,Non-Auction Ads,Promote
20230807,1773609815221250 ,BR,,,1/1/00 0:00,,0.298,,0.54,Non-Auction Ads,Promote
20230807,1773530424087550 ,VN,,,1/1/00 0:00,,0.298,,0.54,Non-Auction Ads,Promote
20230807,1773486497648640 ,SA,,,1/1/00 0:00,,0.298,,0.54,Non-Auction Ads,Promote
20230807,1773453150627840 ,SA,,,1/1/00 0:00,,0.298,,0.54,Non-Auction Ads,Promote
20230807,1773486602634240 ,VN,,,1/1/00 0:00,,0.2978,,0.54,Non-Auction Ads,Promote
20230807,1773452852531200 ,VN,,,1/1/00 0:00,,0.2973,,0.54,Non-Auction Ads,Promote
20230807,1773545114315770 ,ID,,,1/1/00 0:00,,0.2971,,0.54,Non-Auction Ads,Promote
20230807,1773541468394490 ,ID,,,1/1/00 0:00,,0.2971,,0.54,Non-Auction Ads,Promote
20230807,1773555495156730 ,ID,,,1/1/00 0:00,,0.2971,,0.54,Non-Auction Ads,Promote
20230807,1773510498950140 ,TR,,,1/1/00 0:00,,0.297,,0.54,Non-Auction Ads,Promote
20230807,1773607107777540 ,BR,,,1/1/00 0:00,,0.297,,0.54,Non-Auction Ads,Promote
20230807,1773586995514360 ,TR,,,1/1/00 0:00,,0.2967,,0.54,Non-Auction Ads,Promote
20230807,1773526091941890 ,TH,,,1/1/00 0:00,,0.2966,,0.54,Non-Auction Ads,Promote
20230807,1773562096779260 ,TH,,,1/1/00 0:00,,0.2965,,0.54,Non-Auction Ads,Promote
20230807,1773546992319480 ,TH,,,1/1/00 0:00,,0.2965,,0.54,Non-Auction Ads,Promote
20230807,1773557751461890 ,ID,,,1/1/00 0:00,,0.2963,,0.54,Non-Auction Ads,Promote
20230807,1773557984518140 ,ID,,,1/1/00 0:00,,0.2963,,0.54,Non-Auction Ads,Promote
20230807,1773558910864380 ,ID,,,1/1/00 0:00,,0.2963,,0.54,Non-Auction Ads,Promote
20230807,1773557535945720 ,ID,,,1/1/00 0:00,,0.2963,,0.54,Non-Auction Ads,Promote
20230807,1773557679348730 ,ID,,,1/1/00 0:00,,0.2963,,0.54,Non-Auction Ads,Promote
20230807,1773560283696130 ,ID,,,1/1/00 0:00,,0.2963,,0.54,Non-Auction Ads,Promote
20230807,1773560367706110 ,ID,,,1/1/00 0:00,,0.2963,,0.54,Non-Auction Ads,Promote
20230807,1773560478595070 ,ID,,,1/1/00 0:00,,0.2963,,0.54,Non-Auction Ads,Promote
20230807,1773560230053880 ,ID,,,1/1/00 0:00,,0.2963,,0.54,Non-Auction Ads,Promote
20230807,1773557626859520 ,ID,,,1/1/00 0:00,,0.2963,,0.54,Non-Auction Ads,Promote
20230807,1773529511297020 ,ID,,,1/1/00 0:00,,0.2961,,0.54,Non-Auction Ads,Promote
20230807,1773579170567170 ,BR,,,1/1/00 0:00,,0.2956,,0.54,Non-Auction Ads,Promote
20230807,1773579790781500 ,BR,,,1/1/00 0:00,,0.2956,,0.54,Non-Auction Ads,Promote
20230807,1773583712703490 ,BR,,,1/1/00 0:00,,0.2956,,0.54,Non-Auction Ads,Promote
20230807,1773597979055110 ,BR,,,1/1/00 0:00,,0.2956,,0.54,Non-Auction Ads,Promote
20230807,1773522466180100 ,BR,,,1/1/00 0:00,,0.2948,,0.54,Non-Auction Ads,Promote
20230807,1773536125538300 ,ID,,,1/1/00 0:00,,0.2942,,0.54,Non-Auction Ads,Promote
20230807,1773539990129660 ,ID,,,1/1/00 0:00,,0.2942,,0.54,Non-Auction Ads,Promote
20230807,1773605039918080 ,BR,,,1/1/00 0:00,,0.2941,,0.54,Non-Auction Ads,Promote
20230807,1773513305017340 ,TR,,,1/1/00 0:00,,0.2937,,0.54,Non-Auction Ads,Promote
20230807,1773547107464190 ,TR,,,1/1/00 0:00,,0.2937,,0.54,Non-Auction Ads,Promote
20230807,1773564424802300 ,BR,,,1/1/00 0:00,,0.2936,,0.54,Non-Auction Ads,Promote
20230807,1773545464577020 ,PH,,,1/1/00 0:00,,0.2935,,0.54,Non-Auction Ads,Promote
20230807,1773556103091200 ,ID,,,1/1/00 0:00,,0.2931,,0.54,Non-Auction Ads,Promote
20230807,1773512049284090 ,TR,,,1/1/00 0:00,,0.2929,,0.54,Non-Auction Ads,Promote
20230807,1773552837917690 ,TR,,,1/1/00 0:00,,0.2929,,0.54,Non-Auction Ads,Promote
20230807,1773584410279930 ,ID,,,1/1/00 0:00,,0.2928,,0.54,Non-Auction Ads,Promote
20230807,1773575738222590 ,ID,,,1/1/00 0:00,,0.2927,,0.54,Non-Auction Ads,Promote
20230807,1773530192700410 ,ID,,,1/1/00 0:00,,0.2927,,0.54,Non-Auction Ads,Promote
20230807,1773596719885310 ,TH,,,1/1/00 0:00,,0.2924,,0.54,Non-Auction Ads,Promote
20230807,1773587426769920 ,TH,,,1/1/00 0:00,,0.2924,,0.54,Non-Auction Ads,Promote
20230807,1773565115086850 ,TH,,,1/1/00 0:00,,0.292,,0.54,Non-Auction Ads,Promote
20230807,1773574993846270 ,TH,,,1/1/00 0:00,,0.292,,0.54,Non-Auction Ads,Promote
20230807,1773571050241020 ,TH,,,1/1/00 0:00,,0.292,,0.54,Non-Auction Ads,Promote
20230807,1773576139143160 ,TH,,,1/1/00 0:00,,0.292,,0.54,Non-Auction Ads,Promote
20230807,1773565236109310 ,TH,,,1/1/00 0:00,,0.292,,0.54,Non-Auction Ads,Promote
20230807,1773572757305340 ,TH,,,1/1/00 0:00,,0.292,,0.54,Non-Auction Ads,Promote
20230807,1773577411365880 ,TH,,,1/1/00 0:00,,0.292,,0.54,Non-Auction Ads,Promote
20230807,1773569590037500 ,TH,,,1/1/00 0:00,,0.292,,0.54,Non-Auction Ads,Promote
20230807,1773565359178750 ,TH,,,1/1/00 0:00,,0.292,,0.54,Non-Auction Ads,Promote
20230807,1773575760026620 ,TH,,,1/1/00 0:00,,0.292,,0.54,Non-Auction Ads,Promote
20230807,1773576672294910 ,TH,,,1/1/00 0:00,,0.292,,0.54,Non-Auction Ads,Promote
20230807,1773613922223100 ,TH,,,1/1/00 0:00,,0.292,,0.54,Non-Auction Ads,Promote
20230807,1773569732710400 ,TH,,,1/1/00 0:00,,0.292,,0.54,Non-Auction Ads,Promote
20230807,1773568877873150 ,TH,,,1/1/00 0:00,,0.292,,0.54,Non-Auction Ads,Promote
20230807,1773579437492220 ,TR,,,1/1/00 0:00,,0.2916,,0.54,Non-Auction Ads,Promote
20230807,1773561911345150 ,TR,,,1/1/00 0:00,,0.2916,,0.54,Non-Auction Ads,Promote
20230807,1773561830885370 ,TR,,,1/1/00 0:00,,0.2916,,0.54,Non-Auction Ads,Promote
20230807,1773579416861690 ,TR,,,1/1/00 0:00,,0.2916,,0.54,Non-Auction Ads,Promote
20230807,1773590813884410 ,TH,,,1/1/00 0:00,,0.2915,,0.54,Non-Auction Ads,Promote
20230807,1773545089755200 ,VN,,,1/1/00 0:00,,0.2913,,0.54,Non-Auction Ads,Promote
20230807,1773485632559100 ,VN,,,1/1/00 0:00,,0.2913,,0.54,Non-Auction Ads,Promote
20230807,1773560479544320 ,ID,,,1/1/00 0:00,,0.2911,,0.54,Non-Auction Ads,Promote
20230807,1773525201346560 ,VN,,,1/1/00 0:00,,0.291,,0.54,Non-Auction Ads,Promote
20230807,1773533854137340 ,TH,,,1/1/00 0:00,,0.2909,,0.54,Non-Auction Ads,Promote
20230807,1773530313323520 ,TH,,,1/1/00 0:00,,0.2909,,0.54,Non-Auction Ads,Promote
20230807,1773576134412280 ,TH,,,1/1/00 0:00,,0.2908,,0.54,Non-Auction Ads,Promote
20230807,1773604138005500 ,ID,,,1/1/00 0:00,,0.2906,,0.54,Non-Auction Ads,Promote
20230807,1773575682467840 ,ID,,,1/1/00 0:00,,0.2906,,0.54,Non-Auction Ads,Promote
20230807,1773384241793020 ,SA,,,1/1/00 0:00,,0.2906,,0.54,Non-Auction Ads,Promote
20230807,1773567417339900 ,TH,,,1/1/00 0:00,,0.2905,,0.54,Non-Auction Ads,Promote
20230807,1773564322998270 ,TH,,,1/1/00 0:00,,0.2904,,0.54,Non-Auction Ads,Promote
20230807,1773378011313150 ,SA,,,1/1/00 0:00,,0.2898,,0.54,Non-Auction Ads,Promote
20230807,1773468441555970 ,VN,,,1/1/00 0:00,,0.2896,,0.54,Non-Auction Ads,Promote
20230807,1773480733486080 ,VN,,,1/1/00 0:00,,0.2894,,0.54,Non-Auction Ads,Promote
20230807,1773572668616710 ,BR,,,1/1/00 0:00,,0.2893,,0.54,Non-Auction Ads,Promote
20230807,1773570716197880 ,ID,,,1/1/00 0:00,,0.2893,,0.54,Non-Auction Ads,Promote
20230807,1773572336744450 ,BR,,,1/1/00 0:00,,0.2893,,0.54,Non-Auction Ads,Promote
20230807,1773503386030080 ,AE,,,1/1/00 0:00,,0.2891,,0.54,Non-Auction Ads,Promote
20230807,1773558614899710 ,TH,,,1/1/00 0:00,,0.2891,,0.54,Non-Auction Ads,Promote
20230807,1773557507895290 ,TH,,,1/1/00 0:00,,0.2891,,0.54,Non-Auction Ads,Promote
20230807,1773557249068030 ,TH,,,1/1/00 0:00,,0.2891,,0.54,Non-Auction Ads,Promote
20230807,1773604938345470 ,BR,,,1/1/00 0:00,,0.289,,0.54,Non-Auction Ads,Promote
20230807,1773573456695290 ,TR,,,1/1/00 0:00,,0.2889,,0.54,Non-Auction Ads,Promote
20230807,1773575294912510 ,TH,,,1/1/00 0:00,,0.2889,,0.54,Non-Auction Ads,Promote
20230807,1773569225492480 ,TH,,,1/1/00 0:00,,0.2889,,0.54,Non-Auction Ads,Promote
20230807,1773485792969730 ,VN,,,1/1/00 0:00,,0.2888,,0.54,Non-Auction Ads,Promote
20230807,1773529676915710 ,VN,,,1/1/00 0:00,,0.2887,,0.54,Non-Auction Ads,Promote
20230807,1773527581399040 ,VN,,,1/1/00 0:00,,0.2887,,0.54,Non-Auction Ads,Promote
20230807,1773528958393340 ,VN,,,1/1/00 0:00,,0.2887,,0.54,Non-Auction Ads,Promote
20230807,1773528883111930 ,VN,,,1/1/00 0:00,,0.2887,,0.54,Non-Auction Ads,Promote
20230807,1773535924325370 ,VN,,,1/1/00 0:00,,0.2887,,0.54,Non-Auction Ads,Promote
20230807,1773529326172160 ,VN,,,1/1/00 0:00,,0.2887,,0.54,Non-Auction Ads,Promote
20230807,1773576088627200 ,TH,,,1/1/00 0:00,,0.2879,,0.54,Non-Auction Ads,Promote
20230807,1773420726709250 ,SA,,,1/1/00 0:00,,0.2878,,0.54,Non-Auction Ads,Promote
20230807,1773513066467330 ,TR,,,1/1/00 0:00,,0.2874,,0.54,Non-Auction Ads,Promote
20230807,1773556059014140 ,TR,,,1/1/00 0:00,,0.2874,,0.54,Non-Auction Ads,Promote
20230807,1773516613321730 ,TR,,,1/1/00 0:00,,0.2874,,0.54,Non-Auction Ads,Promote
20230807,1773513807093760 ,TR,,,1/1/00 0:00,,0.2874,,0.54,Non-Auction Ads,Promote
20230807,1773512592867320 ,TR,,,1/1/00 0:00,,0.2874,,0.54,Non-Auction Ads,Promote
20230807,1773553334350850 ,TR,,,1/1/00 0:00,,0.2874,,0.54,Non-Auction Ads,Promote
20230807,1773541008300030 ,MY,,,1/1/00 0:00,,0.2872,,0.54,Non-Auction Ads,Promote
20230807,1773599226004480 ,TH,,,1/1/00 0:00,,0.2872,,0.54,Non-Auction Ads,Promote
20230807,1773560658256890 ,ID,,,1/1/00 0:00,,0.2865,,0.54,Non-Auction Ads,Promote
20230807,1773586487975930 ,ID,,,1/1/00 0:00,,0.2865,,0.54,Non-Auction Ads,Promote
20230807,1773492062957560 ,VN,,,1/1/00 0:00,,0.2864,,0.54,Non-Auction Ads,Promote
20230807,1773606382813180 ,ID,,,1/1/00 0:00,,0.2863,,0.54,Non-Auction Ads,Promote
20230807,1773486650263550 ,SA,,,1/1/00 0:00,,0.2863,,0.54,Non-Auction Ads,Promote
20230807,1773561970103290 ,ID,,,1/1/00 0:00,,0.2863,,0.54,Non-Auction Ads,Promote
20230807,1773611427470330 ,ID,,,1/1/00 0:00,,0.2863,,0.54,Non-Auction Ads,Promote
20230807,1773563716800510 ,TR,,,1/1/00 0:00,,0.2862,,0.54,Non-Auction Ads,Promote
20230807,1773578559213570 ,TH,,,1/1/00 0:00,,0.2861,,0.54,Non-Auction Ads,Promote
20230807,1773516456569850 ,TR,,,1/1/00 0:00,,0.286,,0.54,Non-Auction Ads,Promote
20230807,1773490998918140 ,VN,,,1/1/00 0:00,,0.286,,0.54,Non-Auction Ads,Promote
20230807,1773594728933370 ,PH,,,1/1/00 0:00,,0.2858,,0.54,Non-Auction Ads,Promote
20230807,1773539810191360 ,PH,,,1/1/00 0:00,,0.2855,,0.54,Non-Auction Ads,Promote
20230807,1773585556450300 ,MY,,,1/1/00 0:00,,0.2853,,0.54,Non-Auction Ads,Promote
20230807,1773583602766850 ,MY,,,1/1/00 0:00,,0.2853,,0.54,Non-Auction Ads,Promote
20230807,1773583554926590 ,MY,,,1/1/00 0:00,,0.2853,,0.54,Non-Auction Ads,Promote
20230807,1773540189054970 ,TH,,,1/1/00 0:00,,0.2853,,0.54,Non-Auction Ads,Promote
20230807,1773538397671420 ,TH,,,1/1/00 0:00,,0.2853,,0.54,Non-Auction Ads,Promote
20230807,1773533947160570 ,ID,,,1/1/00 0:00,,0.285,,0.54,Non-Auction Ads,Promote
20230807,1773534894373880 ,ID,,,1/1/00 0:00,,0.285,,0.54,Non-Auction Ads,Promote
20230807,1773572618120190 ,ID,,,1/1/00 0:00,,0.284,,0.54,Non-Auction Ads,Promote
20230807,1773572395052030 ,ID,,,1/1/00 0:00,,0.2839,,0.54,Non-Auction Ads,Promote
20230807,1773543230355460 ,BR,,,1/1/00 0:00,,0.2839,,0.54,Non-Auction Ads,Promote
20230807,1773572395052030 ,ID,,,1/1/00 0:00,,0.2839,,0.54,Non-Auction Ads,Promote
20230807,1773579120218110 ,TH,,,1/1/00 0:00,,0.2833,,0.54,Non-Auction Ads,Promote
20230807,1773601051171840 ,TH,,,1/1/00 0:00,,0.2832,,0.54,Non-Auction Ads,Promote
20230807,1773564351729660 ,ID,,,1/1/00 0:00,,0.2832,,0.54,Non-Auction Ads,Promote
20230807,1773581736483840 ,ID,,,1/1/00 0:00,,0.283,,0.54,Non-Auction Ads,Promote
20230807,1773581886576640 ,ID,,,1/1/00 0:00,,0.283,,0.54,Non-Auction Ads,Promote
20230807,1773481661604860 ,VN,,,1/1/00 0:00,,0.283,,0.54,Non-Auction Ads,Promote
20230807,1773581692388350 ,ID,,,1/1/00 0:00,,0.283,,0.54,Non-Auction Ads,Promote
20230807,1773483673977920 ,VN,,,1/1/00 0:00,,0.283,,0.54,Non-Auction Ads,Promote
20230807,1773518838989820 ,SA,,,1/1/00 0:00,,0.2829,,0.54,Non-Auction Ads,Promote
20230807,1773468428315650 ,SA,,,1/1/00 0:00,,0.2829,,0.54,Non-Auction Ads,Promote
20230807,1773596093296640 ,ID,,,1/1/00 0:00,,0.2827,,0.54,Non-Auction Ads,Promote
20230807,1773511758986240 ,QA,,,1/1/00 0:00,,0.2826,,0.54,Non-Auction Ads,Promote
20230807,1773388430358520 ,SA,,,1/1/00 0:00,,0.2823,,0.54,Non-Auction Ads,Promote
20230807,1773586312588280 ,TH,,,1/1/00 0:00,,0.2823,,0.54,Non-Auction Ads,Promote
20230807,1773561764396030 ,TR,,,1/1/00 0:00,,0.2822,,0.54,Non-Auction Ads,Promote
20230807,1773561360652290 ,TR,,,1/1/00 0:00,,0.2822,,0.54,Non-Auction Ads,Promote
20230807,1773534411035650 ,BR,,,1/1/00 0:00,,0.2818,,0.54,Non-Auction Ads,Promote
20230807,1773591306335270 ,BR,,,1/1/00 0:00,,0.2814,,0.54,Non-Auction Ads,Promote
20230807,1773590524205060 ,BR,,,1/1/00 0:00,,0.2814,,0.54,Non-Auction Ads,Promote
20230807,1773522885567490 ,BR,,,1/1/00 0:00,,0.2814,,0.54,Non-Auction Ads,Promote
20230807,1773579301076990 ,PH,,,1/1/00 0:00,,0.2814,,0.54,Non-Auction Ads,Promote
20230807,1773579230209020 ,PH,,,1/1/00 0:00,,0.2814,,0.54,Non-Auction Ads,Promote
20230807,1773576408051710 ,TR,,,1/1/00 0:00,,0.281,,0.54,Non-Auction Ads,Promote
20230807,1773534961480700 ,BR,,,1/1/00 0:00,,0.2809,,0.54,Non-Auction Ads,Promote
20230807,1773575181381630 ,BR,,,1/1/00 0:00,,0.2809,,0.54,Non-Auction Ads,Promote
20230807,1773575181381630 ,BR,,,1/1/00 0:00,,0.2809,,0.54,Non-Auction Ads,Promote
20230807,1773535883045890 ,BR,,,1/1/00 0:00,,0.2809,,0.54,Non-Auction Ads,Promote
20230807,1773591108772860 ,GR,,,1/1/00 0:00,,0.2807,,0.54,Non-Auction Ads,Promote
20230807,1773548900008960 ,TH,,,1/1/00 0:00,,0.2803,,0.54,Non-Auction Ads,Promote
20230807,1773609977183230 ,BR,,,1/1/00 0:00,,0.2803,,0.54,Non-Auction Ads,Promote
20230807,1773478202704890 ,VN,,,1/1/00 0:00,,0.2801,,0.54,Non-Auction Ads,Promote
20230807,1773579261235200 ,ID,,,1/1/00 0:00,,0.2801,,0.54,Non-Auction Ads,Promote
20230807,1773381073730560 ,SA,,,1/1/00 0:00,,0.28,,0.54,Non-Auction Ads,Promote
20230807,1773577774274560 ,SA,,,1/1/00 0:00,,0.28,,0.54,Non-Auction Ads,Promote
20230807,1773534133374970 ,SA,,,1/1/00 0:00,,0.2795,,0.54,Non-Auction Ads,Promote
20230807,1773533858272250 ,TR,,,1/1/00 0:00,,0.2791,,0.54,Non-Auction Ads,Promote
20230807,1773585507774460 ,ID,,,1/1/00 0:00,,0.2791,,0.54,Non-Auction Ads,Promote
20230807,1773581073679360 ,TR,,,1/1/00 0:00,,0.2791,,0.54,Non-Auction Ads,Promote
20230807,1773608490013700 ,BR,,,1/1/00 0:00,,0.279,,0.54,Non-Auction Ads,Promote
20230807,1773563335139320 ,SA,,,1/1/00 0:00,,0.279,,0.54,Non-Auction Ads,Promote
20230807,1773602896356350 ,PH,,,1/1/00 0:00,,0.2789,,0.54,Non-Auction Ads,Promote
20230807,1773598697309180 ,SA,,,1/1/00 0:00,,0.2788,,0.54,Non-Auction Ads,Promote
20230807,1773461292571650 ,VN,,,1/1/00 0:00,,0.2787,,0.54,Non-Auction Ads,Promote
20230807,1773579973885950 ,TR,,,1/1/00 0:00,,0.2783,,0.54,Non-Auction Ads,Promote
20230807,1773564889387010 ,TR,,,1/1/00 0:00,,0.2783,,0.54,Non-Auction Ads,Promote
20230807,1773583756828700 ,BR,,,1/1/00 0:00,,0.2779,,0.54,Non-Auction Ads,Promote
20230807,1773494815564800 ,VN,,,1/1/00 0:00,,0.2778,,0.54,Non-Auction Ads,Promote
20230807,1773541776105470 ,TR,,,1/1/00 0:00,,0.2778,,0.54,Non-Auction Ads,Promote
20230807,1773578688301050 ,ID,,,1/1/00 0:00,,0.2777,,0.54,Non-Auction Ads,Promote
20230807,1773573216474110 ,ID,,,1/1/00 0:00,,0.2777,,0.54,Non-Auction Ads,Promote
20230807,1773576724104190 ,BR,,,1/1/00 0:00,,0.2776,,0.54,Non-Auction Ads,Promote
20230807,1773541349057530 ,VN,,,1/1/00 0:00,,0.2772,,0.54,Non-Auction Ads,Promote
20230807,1773600671856640 ,BR,,,1/1/00 0:00,,0.2769,,0.54,Non-Auction Ads,Promote
20230807,1773470047951870 ,VN,,,1/1/00 0:00,,0.2766,,0.54,Non-Auction Ads,Promote
20230807,1773552230004730 ,TH,,,1/1/00 0:00,,0.2765,,0.54,Non-Auction Ads,Promote
20230807,1773586667260920 ,ID,,,1/1/00 0:00,,0.276,,0.54,Non-Auction Ads,Promote
20230807,1773578693716990 ,ID,,,1/1/00 0:00,,0.2757,,0.54,Non-Auction Ads,Promote
20230807,1773535969633280 ,BR,,,1/1/00 0:00,,0.2757,,0.54,Non-Auction Ads,Promote
20230807,1773492965635070 ,SA,,,1/1/00 0:00,,0.2756,,0.54,Non-Auction Ads,Promote
20230807,1773588789986320 ,BR,,,1/1/00 0:00,,0.2755,,0.54,Non-Auction Ads,Promote
20230807,1773595914012670 ,BR,,,1/1/00 0:00,,0.2755,,0.54,Non-Auction Ads,Promote
20230807,1773542266142720 ,VN,,,1/1/00 0:00,,0.275,,0.54,Non-Auction Ads,Promote
20230807,1773542326240250 ,VN,,,1/1/00 0:00,,0.275,,0.54,Non-Auction Ads,Promote
20230807,1773594916183040 ,TR,,,1/1/00 0:00,,0.275,,0.54,Non-Auction Ads,Promote
20230807,1773542437777410 ,VN,,,1/1/00 0:00,,0.275,,0.54,Non-Auction Ads,Promote
20230807,1773595042914300 ,TR,,,1/1/00 0:00,,0.275,,0.54,Non-Auction Ads,Promote
20230807,1773547076942840 ,VN,,,1/1/00 0:00,,0.275,,0.54,Non-Auction Ads,Promote
20230807,1773600075675650 ,BR,,,1/1/00 0:00,,0.2748,,0.54,Non-Auction Ads,Promote
20230807,1773499983203320 ,SA,,,1/1/00 0:00,,0.2747,,0.54,Non-Auction Ads,Promote
20230807,1773536058739710 ,ID,,,1/1/00 0:00,,0.2746,,0.54,Non-Auction Ads,Promote
20230807,1773553866049530 ,ID,,,1/1/00 0:00,,0.2746,,0.54,Non-Auction Ads,Promote
20230807,1773452388853760 ,VN,,,1/1/00 0:00,,0.2745,,0.54,Non-Auction Ads,Promote
20230807,1773581684151290 ,ID,,,1/1/00 0:00,,0.2744,,0.54,Non-Auction Ads,Promote
20230807,1773564238829560 ,ID,,,1/1/00 0:00,,0.2744,,0.54,Non-Auction Ads,Promote
20230807,1773553468806200 ,ID,,,1/1/00 0:00,,0.2744,,0.54,Non-Auction Ads,Promote
20230807,1773535866458110 ,ID,,,1/1/00 0:00,,0.2744,,0.54,Non-Auction Ads,Promote
20230807,1773535190156280 ,ID,,,1/1/00 0:00,,0.2744,,0.54,Non-Auction Ads,Promote
20230807,1773548121965570 ,ID,,,1/1/00 0:00,,0.2744,,0.54,Non-Auction Ads,Promote
20230807,1773568057994240 ,ID,,,1/1/00 0:00,,0.2744,,0.54,Non-Auction Ads,Promote
20230807,1773577424077820 ,ID,,,1/1/00 0:00,,0.2744,,0.54,Non-Auction Ads,Promote
20230807,1773597433966590 ,TR,,,1/1/00 0:00,,0.2739,,0.54,Non-Auction Ads,Promote
20230807,1773592977484800 ,TR,,,1/1/00 0:00,,0.2739,,0.54,Non-Auction Ads,Promote
20230807,1773593125155840 ,TR,,,1/1/00 0:00,,0.2739,,0.54,Non-Auction Ads,Promote
20230807,1773559918539770 ,ID,,,1/1/00 0:00,,0.2735,,0.54,Non-Auction Ads,Promote
20230807,1773570081397760 ,ID,,,1/1/00 0:00,,0.2735,,0.54,Non-Auction Ads,Promote
20230807,1773524159624190 ,BR,,,1/1/00 0:00,,0.2734,,0.54,Non-Auction Ads,Promote
20230807,1773556580145150 ,TH,,,1/1/00 0:00,,0.2732,,0.54,Non-Auction Ads,Promote
20230807,1773514117241850 ,TR,,,1/1/00 0:00,,0.2725,,0.54,Non-Auction Ads,Promote
20230807,1773578642708480 ,IT,,,1/1/00 0:00,,0.272,,0.54,Non-Auction Ads,Promote
20230807,1773574777442340 ,IT,,,1/1/00 0:00,,0.272,,0.54,Non-Auction Ads,Promote
20230807,1773578989718530 ,IT,,,1/1/00 0:00,,0.272,,0.54,Non-Auction Ads,Promote
20230807,1773574201625600 ,IT,,,1/1/00 0:00,,0.272,,0.54,Non-Auction Ads,Promote
20230807,1773490744421370 ,SA,,,1/1/00 0:00,,0.272,,0.54,Non-Auction Ads,Promote
20230807,1773549919565820 ,ID,,,1/1/00 0:00,,0.2715,,0.54,Non-Auction Ads,Promote
20230807,1773543818386430 ,MY,,,1/1/00 0:00,,0.2714,,0.54,Non-Auction Ads,Promote
20230807,1773468698521600 ,VN,,,1/1/00 0:00,,0.2713,,0.54,Non-Auction Ads,Promote
20230807,1773580878304250 ,PH,,,1/1/00 0:00,,0.271,,0.54,Non-Auction Ads,Promote
20230807,1773589244960830 ,TH,,,1/1/00 0:00,,0.271,,0.54,Non-Auction Ads,Promote
20230807,1773583671488510 ,PH,,,1/1/00 0:00,,0.271,,0.54,Non-Auction Ads,Promote
20230807,1773593278871550 ,PH,,,1/1/00 0:00,,0.271,,0.54,Non-Auction Ads,Promote
20230807,1773567668964350 ,TH,,,1/1/00 0:00,,0.271,,0.54,Non-Auction Ads,Promote
20230807,1773584491595770 ,PH,,,1/1/00 0:00,,0.271,,0.54,Non-Auction Ads,Promote
20230807,1773540535377920 ,ID,,,1/1/00 0:00,,0.2709,,0.54,Non-Auction Ads,Promote
20230807,1773540276333630 ,ID,,,1/1/00 0:00,,0.2709,,0.54,Non-Auction Ads,Promote
20230807,1773485314973690 ,VN,,,1/1/00 0:00,,0.2707,,0.54,Non-Auction Ads,Promote
20230807,1773578490785790 ,TH,,,1/1/00 0:00,,0.2704,,0.54,Non-Auction Ads,Promote
20230807,1773593276473340 ,PH,,,1/1/00 0:00,,0.2704,,0.54,Non-Auction Ads,Promote
20230807,1773471640812540 ,VN,,,1/1/00 0:00,,0.2703,,0.54,Non-Auction Ads,Promote
20230807,1773600181090310 ,BR,,,1/1/00 0:00,,0.27,,0.54,Non-Auction Ads,Promote
20230807,1773505638479870 ,VN,,,1/1/00 0:00,,0.27,,0.54,Non-Auction Ads,Promote
20230807,1773566679274490 ,ID,,,1/1/00 0:00,,0.27,,0.54,Non-Auction Ads,Promote
20230807,1773505672329210 ,VN,,,1/1/00 0:00,,0.27,,0.54,Non-Auction Ads,Promote
20230807,1773572953797630 ,TR,,,1/1/00 0:00,,0.2696,,0.54,Non-Auction Ads,Promote
20230807,1773591685322750 ,TR,,,1/1/00 0:00,,0.2696,,0.54,Non-Auction Ads,Promote
20230807,1773591360835580 ,TR,,,1/1/00 0:00,,0.2696,,0.54,Non-Auction Ads,Promote
20230807,1773531406369790 ,ID,,,1/1/00 0:00,,0.2696,,0.54,Non-Auction Ads,Promote
20230807,1773563775391740 ,PH,,,1/1/00 0:00,,0.2692,,0.54,Non-Auction Ads,Promote
20230807,1773581866950650 ,TH,,,1/1/00 0:00,,0.269,,0.54,Non-Auction Ads,Promote
20230807,1773605202865150 ,BR,,,1/1/00 0:00,,0.2682,,0.54,Non-Auction Ads,Promote
20230807,1773568899782660 ,BR,,,1/1/00 0:00,,0.2682,,0.54,Non-Auction Ads,Promote
20230807,1773581914012670 ,ID,,,1/1/00 0:00,,0.2679,,0.54,Non-Auction Ads,Promote
20230807,1773509362983930 ,TR,,,1/1/00 0:00,,0.2678,,0.54,Non-Auction Ads,Promote
20230807,1773597059753980 ,TR,,,1/1/00 0:00,,0.2678,,0.54,Non-Auction Ads,Promote
20230807,1773536862582780 ,ID,,,1/1/00 0:00,,0.2677,,0.54,Non-Auction Ads,Promote
20230807,1773590792433660 ,ID,,,1/1/00 0:00,,0.2673,,0.54,Non-Auction Ads,Promote
20230807,1773608367204350 ,RO,,,1/1/00 0:00,,0.2669,,0.54,Non-Auction Ads,Promote
20230807,1773605389142010 ,SA,,,1/1/00 0:00,,0.2667,,0.54,Non-Auction Ads,Promote
20230807,1773491827819580 ,SA,,,1/1/00 0:00,,0.2667,,0.54,Non-Auction Ads,Promote
20230807,1773506717540350 ,SA,,,1/1/00 0:00,,0.2667,,0.54,Non-Auction Ads,Promote
20230807,1773549000036350 ,SA,,,1/1/00 0:00,,0.2667,,0.54,Non-Auction Ads,Promote
20230807,1773490040933370 ,SA,,,1/1/00 0:00,,0.2667,,0.54,Non-Auction Ads,Promote
20230807,1773579623282690 ,SA,,,1/1/00 0:00,,0.2667,,0.54,Non-Auction Ads,Promote
20230807,1773566795628540 ,ID,,,1/1/00 0:00,,0.2666,,0.54,Non-Auction Ads,Promote
20230807,1773580646607930 ,ID,,,1/1/00 0:00,,0.2666,,0.54,Non-Auction Ads,Promote
20230807,1773580756713470 ,ID,,,1/1/00 0:00,,0.2665,,0.54,Non-Auction Ads,Promote
20230807,1773384497238010 ,SA,,,1/1/00 0:00,,0.2664,,0.54,Non-Auction Ads,Promote
20230807,1773477787622400 ,SA,,,1/1/00 0:00,,0.2664,,0.54,Non-Auction Ads,Promote
20230807,1773581017261050 ,MY,,,1/1/00 0:00,,0.2663,,0.54,Non-Auction Ads,Promote
20230807,1773568680750080 ,ID,,,1/1/00 0:00,,0.2656,,0.54,Non-Auction Ads,Promote
20230807,1773608025255930 ,TH,,,1/1/00 0:00,,0.2654,,0.54,Non-Auction Ads,Promote
20230807,1773552259254270 ,ID,,,1/1/00 0:00,,0.2654,,0.54,Non-Auction Ads,Promote
20230807,1773552014081020 ,ID,,,1/1/00 0:00,,0.2654,,0.54,Non-Auction Ads,Promote
20230807,1773561558056960 ,ID,,,1/1/00 0:00,,0.2654,,0.54,Non-Auction Ads,Promote
20230807,1773473777643520 ,VN,,,1/1/00 0:00,,0.2653,,0.54,Non-Auction Ads,Promote
20230807,1773572430555200 ,TH,,,1/1/00 0:00,,0.2651,,0.54,Non-Auction Ads,Promote
20230807,1773563069813760 ,TH,,,1/1/00 0:00,,0.2651,,0.54,Non-Auction Ads,Promote
20230807,1773573320494080 ,TH,,,1/1/00 0:00,,0.2645,,0.54,Non-Auction Ads,Promote
20230807,1773580446529540 ,BR,,,1/1/00 0:00,,0.2642,,0.54,Non-Auction Ads,Promote
20230807,1773467852340220 ,VN,,,1/1/00 0:00,,0.2641,,0.54,Non-Auction Ads,Promote
20230807,1773420255391740 ,SA,,,1/1/00 0:00,,0.2639,,0.54,Non-Auction Ads,Promote
20230807,1773582779387900 ,ID,,,1/1/00 0:00,,0.2638,,0.54,Non-Auction Ads,Promote
20230807,1773582460219390 ,ID,,,1/1/00 0:00,,0.2638,,0.54,Non-Auction Ads,Promote
20230807,1773586717322240 ,PH,,,1/1/00 0:00,,0.2637,,0.54,Non-Auction Ads,Promote
20230807,1773585839479810 ,PH,,,1/1/00 0:00,,0.2637,,0.54,Non-Auction Ads,Promote
20230807,1773590144412670 ,MY,,,1/1/00 0:00,,0.2633,,0.54,Non-Auction Ads,Promote
20230807,1773573907875840 ,MY,,,1/1/00 0:00,,0.2633,,0.54,Non-Auction Ads,Promote
20230807,1773595541282850 ,BR,,,1/1/00 0:00,,0.2631,,0.54,Non-Auction Ads,Promote
20230807,1773588819352570 ,KH,,,1/1/00 0:00,,0.2627,,0.54,Non-Auction Ads,Promote
20230807,1773590283096060 ,KH,,,1/1/00 0:00,,0.2627,,0.54,Non-Auction Ads,Promote
20230807,1773590358983680 ,KH,,,1/1/00 0:00,,0.2627,,0.54,Non-Auction Ads,Promote
20230807,1773590315025400 ,KH,,,1/1/00 0:00,,0.2627,,0.54,Non-Auction Ads,Promote
20230807,1773467562073090 ,VN,,,1/1/00 0:00,,0.2627,,0.54,Non-Auction Ads,Promote
20230807,1773551209553920 ,ID,,,1/1/00 0:00,,0.2626,,0.54,Non-Auction Ads,Promote
20230807,1773579446601730 ,TH,,,1/1/00 0:00,,0.2624,,0.54,Non-Auction Ads,Promote
20230807,1773579420469240 ,ID,,,1/1/00 0:00,,0.2622,,0.54,Non-Auction Ads,Promote
20230807,1773578334138370 ,TH,,,1/1/00 0:00,,0.2619,,0.54,Non-Auction Ads,Promote
20230807,1773543044242430 ,TH,,,1/1/00 0:00,,0.2619,,0.54,Non-Auction Ads,Promote
20230807,1773561873346560 ,TH,,,1/1/00 0:00,,0.2619,,0.54,Non-Auction Ads,Promote
20230807,1773544686787580 ,TH,,,1/1/00 0:00,,0.2619,,0.54,Non-Auction Ads,Promote
20230807,1773553577737210 ,TH,,,1/1/00 0:00,,0.2619,,0.54,Non-Auction Ads,Promote
20230807,1773577580315650 ,TH,,,1/1/00 0:00,,0.2619,,0.54,Non-Auction Ads,Promote
20230807,1773613601174520 ,TH,,,1/1/00 0:00,,0.2619,,0.54,Non-Auction Ads,Promote
20230807,1773542898964480 ,PH,,,1/1/00 0:00,,0.2618,,0.54,Non-Auction Ads,Promote
20230807,1773548456068090 ,PH,,,1/1/00 0:00,,0.2618,,0.54,Non-Auction Ads,Promote
20230807,1773549453958140 ,PH,,,1/1/00 0:00,,0.2618,,0.54,Non-Auction Ads,Promote
20230807,1773548157424640 ,PH,,,1/1/00 0:00,,0.2618,,0.54,Non-Auction Ads,Promote
20230807,1773547596492800 ,PH,,,1/1/00 0:00,,0.2618,,0.54,Non-Auction Ads,Promote
20230807,1773589916043260 ,QA,,,1/1/00 0:00,,0.2617,,0.54,Non-Auction Ads,Promote
20230807,1773603848099840 ,ID,,,1/1/00 0:00,,0.2617,,0.54,Non-Auction Ads,Promote
20230807,1773552867428350 ,MY,,,1/1/00 0:00,,0.2614,,0.54,Non-Auction Ads,Promote
20230807,1773513017073660 ,TR,,,1/1/00 0:00,,0.261,,0.54,Non-Auction Ads,Promote
20230807,1773512948157440 ,TR,,,1/1/00 0:00,,0.261,,0.54,Non-Auction Ads,Promote
20230807,1773533470509060 ,BR,,,1/1/00 0:00,,0.261,,0.54,Non-Auction Ads,Promote
20230807,1773572900122620 ,TR,,,1/1/00 0:00,,0.2609,,0.54,Non-Auction Ads,Promote
20230807,1773560009976830 ,TR,,,1/1/00 0:00,,0.2609,,0.54,Non-Auction Ads,Promote
20230807,1773548098914300 ,TR,,,1/1/00 0:00,,0.2608,,0.54,Non-Auction Ads,Promote
20230807,1773544981873660 ,MY,,,1/1/00 0:00,,0.2604,,0.54,Non-Auction Ads,Promote
20230807,1773525359399940 ,BR,,,1/1/00 0:00,,0.2604,,0.54,Non-Auction Ads,Promote
20230807,1773544924209150 ,MY,,,1/1/00 0:00,,0.2604,,0.54,Non-Auction Ads,Promote
20230807,1773549596558330 ,ID,,,1/1/00 0:00,,0.2603,,0.54,Non-Auction Ads,Promote
20230807,1773604990024700 ,BR,,,1/1/00 0:00,,0.2602,,0.54,Non-Auction Ads,Promote
20230807,1773537007739900 ,TH,,,1/1/00 0:00,,0.2601,,0.54,Non-Auction Ads,Promote
20230807,1773543915577340 ,MY,,,1/1/00 0:00,,0.2593,,0.54,Non-Auction Ads,Promote
20230807,1773455999198200 ,VN,,,1/1/00 0:00,,0.259,,0.54,Non-Auction Ads,Promote
20230807,1773539132081150 ,ID,,,1/1/00 0:00,,0.259,,0.54,Non-Auction Ads,Promote
20230807,1773539295300610 ,PH,,,1/1/00 0:00,,0.2587,,0.54,Non-Auction Ads,Promote
20230807,1773538187122680 ,ID,,,1/1/00 0:00,,0.2583,,0.54,Non-Auction Ads,Promote
20230807,1773536979505150 ,ID,,,1/1/00 0:00,,0.2583,,0.54,Non-Auction Ads,Promote
20230807,1773544316047360 ,ID,,,1/1/00 0:00,,0.2582,,0.54,Non-Auction Ads,Promote
20230807,1773540268436480 ,ID,,,1/1/00 0:00,,0.2582,,0.54,Non-Auction Ads,Promote
20230807,1773576625190910 ,TH,,,1/1/00 0:00,,0.2579,,0.54,Non-Auction Ads,Promote
20230807,1773526021781500 ,BR,,,1/1/00 0:00,,0.2579,,0.54,Non-Auction Ads,Promote
20230807,1773555278688250 ,TH,,,1/1/00 0:00,,0.2578,,0.54,Non-Auction Ads,Promote
20230807,1773584528297980 ,TH,,,1/1/00 0:00,,0.2576,,0.54,Non-Auction Ads,Promote
20230807,1773518161921020 ,TR,,,1/1/00 0:00,,0.2573,,0.54,Non-Auction Ads,Promote
20230807,1773520422840320 ,TR,,,1/1/00 0:00,,0.2573,,0.54,Non-Auction Ads,Promote
20230807,1773587459206140 ,PL,,,1/1/00 0:00,,0.257,,0.54,Non-Auction Ads,Promote
20230807,1773587874527230 ,PL,,,1/1/00 0:00,,0.257,,0.54,Non-Auction Ads,Promote
20230807,1773460064395260 ,VN,,,1/1/00 0:00,,0.257,,0.54,Non-Auction Ads,Promote
20230807,1773548174870530 ,TH,,,1/1/00 0:00,,0.257,,0.54,Non-Auction Ads,Promote
20230807,1773555493458940 ,PH,,,1/1/00 0:00,,0.2562,,0.54,Non-Auction Ads,Promote
20230807,1773561386728450 ,TR,,,1/1/00 0:00,,0.256,,0.54,Non-Auction Ads,Promote
20230807,1773605799358460 ,ID,,,1/1/00 0:00,,0.256,,0.54,Non-Auction Ads,Promote
20230807,1773605650429950 ,ID,,,1/1/00 0:00,,0.256,,0.54,Non-Auction Ads,Promote
20230807,1773614280326140 ,PH,,,1/1/00 0:00,,0.2559,,0.54,Non-Auction Ads,Promote
20230807,1773587459091450 ,TR,,,1/1/00 0:00,,0.2559,,0.54,Non-Auction Ads,Promote
20230807,1773589608974330 ,TR,,,1/1/00 0:00,,0.2559,,0.54,Non-Auction Ads,Promote
20230807,1773595721088000 ,PH,,,1/1/00 0:00,,0.2559,,0.54,Non-Auction Ads,Promote
20230807,1773584746095610 ,TR,,,1/1/00 0:00,,0.2559,,0.54,Non-Auction Ads,Promote
20230807,1773584919200760 ,TR,,,1/1/00 0:00,,0.2559,,0.54,Non-Auction Ads,Promote
20230807,1773524458408960 ,BR,,,1/1/00 0:00,,0.2558,,0.54,Non-Auction Ads,Promote
20230807,1773531753815040 ,BR,,,1/1/00 0:00,,0.2558,,0.54,Non-Auction Ads,Promote
20230807,1773530925092870 ,BR,,,1/1/00 0:00,,0.2558,,0.54,Non-Auction Ads,Promote
20230807,1773531437466620 ,BR,,,1/1/00 0:00,,0.2558,,0.54,Non-Auction Ads,Promote
20230807,1773524666508290 ,BR,,,1/1/00 0:00,,0.2558,,0.54,Non-Auction Ads,Promote
20230807,1773585233182720 ,TH,,,1/1/00 0:00,,0.2557,,0.54,Non-Auction Ads,Promote
20230807,1773552653755390 ,TH,,,1/1/00 0:00,,0.2553,,0.54,Non-Auction Ads,Promote
20230807,1773562315046910 ,TH,,,1/1/00 0:00,,0.2553,,0.54,Non-Auction Ads,Promote
20230807,1773547669278720 ,ID,,,1/1/00 0:00,,0.2551,,0.54,Non-Auction Ads,Promote
20230807,1773445205374970 ,SA,,,1/1/00 0:00,,0.2548,,0.54,Non-Auction Ads,Promote
20230807,1773444386522170 ,SA,,,1/1/00 0:00,,0.2548,,0.54,Non-Auction Ads,Promote
20230807,1773445036292090 ,SA,,,1/1/00 0:00,,0.2548,,0.54,Non-Auction Ads,Promote
20230807,1773473956409340 ,SA,,,1/1/00 0:00,,0.2548,,0.54,Non-Auction Ads,Promote
20230807,1773538451907580 ,MY,,,1/1/00 0:00,,0.2546,,0.54,Non-Auction Ads,Promote
20230807,1773479479160830 ,VN,,,1/1/00 0:00,,0.2546,,0.54,Non-Auction Ads,Promote
20230807,1773542905571320 ,VN,,,1/1/00 0:00,,0.2546,,0.54,Non-Auction Ads,Promote
20230807,1773549376545790 ,ID,,,1/1/00 0:00,,0.2544,,0.54,Non-Auction Ads,Promote
20230807,1773543019462650 ,ID,,,1/1/00 0:00,,0.254,,0.54,Non-Auction Ads,Promote
20230807,1773557867854840 ,TR,,,1/1/00 0:00,,0.2536,,0.54,Non-Auction Ads,Promote
20230807,1773549827149820 ,ID,,,1/1/00 0:00,,0.2529,,0.54,Non-Auction Ads,Promote
20230807,1773549780341760 ,ID,,,1/1/00 0:00,,0.2529,,0.54,Non-Auction Ads,Promote
20230807,1773549715066880 ,ID,,,1/1/00 0:00,,0.2529,,0.54,Non-Auction Ads,Promote
20230807,1773549686119420 ,ID,,,1/1/00 0:00,,0.2529,,0.54,Non-Auction Ads,Promote
20230807,1773550293513210 ,ID,,,1/1/00 0:00,,0.2524,,0.54,Non-Auction Ads,Promote
20230807,1773545118089210 ,ID,,,1/1/00 0:00,,0.2524,,0.54,Non-Auction Ads,Promote
20230807,1773614828836860 ,ID,,,1/1/00 0:00,,0.2524,,0.54,Non-Auction Ads,Promote
20230807,1773546154718200 ,ID,,,1/1/00 0:00,,0.2524,,0.54,Non-Auction Ads,Promote
20230807,1773545945792510 ,ID,,,1/1/00 0:00,,0.2524,,0.54,Non-Auction Ads,Promote
20230807,1773549679529980 ,ID,,,1/1/00 0:00,,0.2524,,0.54,Non-Auction Ads,Promote
20230807,1773554526969850 ,ID,,,1/1/00 0:00,,0.2522,,0.54,Non-Auction Ads,Promote
20230807,1773565239539710 ,PH,,,1/1/00 0:00,,0.2519,,0.54,Non-Auction Ads,Promote
20230807,1773586270565370 ,TR,,,1/1/00 0:00,,0.2516,,0.54,Non-Auction Ads,Promote
20230807,1773544453723130 ,VN,,,1/1/00 0:00,,0.251,,0.54,Non-Auction Ads,Promote
20230807,1773543767344120 ,VN,,,1/1/00 0:00,,0.251,,0.54,Non-Auction Ads,Promote
20230807,1773571646397440 ,ID,,,1/1/00 0:00,,0.2506,,0.54,Non-Auction Ads,Promote
20230807,1773393771357180 ,ID,,,1/1/00 0:00,,0.2505,,0.54,Non-Auction Ads,Promote
20230807,1773544385433600 ,ID,,,1/1/00 0:00,,0.25,,0.54,Non-Auction Ads,Promote
20230807,1773541012649980 ,ID,,,1/1/00 0:00,,0.2497,,0.54,Non-Auction Ads,Promote
20230807,1773533280135170 ,BR,,,1/1/00 0:00,,0.2493,,0.54,Non-Auction Ads,Promote
20230807,1773534019532800 ,BR,,,1/1/00 0:00,,0.2491,,0.54,Non-Auction Ads,Promote
20230807,1773533983651840 ,BR,,,1/1/00 0:00,,0.2491,,0.54,Non-Auction Ads,Promote
20230807,1773524146141190 ,BR,,,1/1/00 0:00,,0.2491,,0.54,Non-Auction Ads,Promote
20230807,1773549962278910 ,PH,,,1/1/00 0:00,,0.2489,,0.54,Non-Auction Ads,Promote
20230807,1773549956951040 ,ID,,,1/1/00 0:00,,0.2486,,0.54,Non-Auction Ads,Promote
20230807,1773549630664700 ,ID,,,1/1/00 0:00,,0.2486,,0.54,Non-Auction Ads,Promote
20230807,1773592890101760 ,ID,,,1/1/00 0:00,,0.2485,,0.54,Non-Auction Ads,Promote
20230807,1773567254565880 ,MY,,,1/1/00 0:00,,0.2482,,0.54,Non-Auction Ads,Promote
20230807,1773594654194680 ,IL,,,1/1/00 0:00,,0.2482,,0.54,Non-Auction Ads,Promote
20230807,1773572422462460 ,IL,,,1/1/00 0:00,,0.2482,,0.54,Non-Auction Ads,Promote
20230807,1773575230245880 ,ID,,,1/1/00 0:00,,0.248,,0.54,Non-Auction Ads,Promote
20230807,1773385916368890 ,SA,,,1/1/00 0:00,,0.2478,,0.54,Non-Auction Ads,Promote
20230807,1773567329970170 ,PH,,,1/1/00 0:00,,0.2478,,0.54,Non-Auction Ads,Promote
20230807,1773572574535680 ,ID,,,1/1/00 0:00,,0.2477,,0.54,Non-Auction Ads,Promote
20230807,1773540446138370 ,ID,,,1/1/00 0:00,,0.2476,,0.54,Non-Auction Ads,Promote
20230807,1773570441320450 ,MY,,,1/1/00 0:00,,0.2475,,0.54,Non-Auction Ads,Promote
20230807,1773533197518840 ,TR,,,1/1/00 0:00,,0.2474,,0.54,Non-Auction Ads,Promote
20230807,1773546762724350 ,TH,,,1/1/00 0:00,,0.2471,,0.54,Non-Auction Ads,Promote
20230807,1773563121384440 ,ID,,,1/1/00 0:00,,0.2471,,0.54,Non-Auction Ads,Promote
20230807,1773569695314940 ,TH,,,1/1/00 0:00,,0.247,,0.54,Non-Auction Ads,Promote
20230807,1773537399173120 ,BR,,,1/1/00 0:00,,0.247,,0.54,Non-Auction Ads,Promote
20230807,1773532793751570 ,BR,,,1/1/00 0:00,,0.247,,0.54,Non-Auction Ads,Promote
20230807,1773537399173120 ,BR,,,1/1/00 0:00,,0.247,,0.54,Non-Auction Ads,Promote
20230807,1773532793751570 ,BR,,,1/1/00 0:00,,0.247,,0.54,Non-Auction Ads,Promote
20230807,1773462529196030 ,VN,,,1/1/00 0:00,,0.247,,0.54,Non-Auction Ads,Promote
20230807,1773579617911810 ,PH,,,1/1/00 0:00,,0.2467,,0.54,Non-Auction Ads,Promote
20230807,1773492275804160 ,VN,,,1/1/00 0:00,,0.2467,,0.54,Non-Auction Ads,Promote
20230807,1773527883603970 ,BR,,,1/1/00 0:00,,0.2466,,0.54,Non-Auction Ads,Promote
20230807,1773571129138170 ,TR,,,1/1/00 0:00,,0.2464,,0.54,Non-Auction Ads,Promote
20230807,1773526273903610 ,TR,,,1/1/00 0:00,,0.2464,,0.54,Non-Auction Ads,Promote
20230807,1773573707354110 ,TH,,,1/1/00 0:00,,0.2464,,0.54,Non-Auction Ads,Promote
20230807,1773524255653890 ,BR,,,1/1/00 0:00,,0.246,,0.54,Non-Auction Ads,Promote
20230807,1773590555627520 ,TR,,,1/1/00 0:00,,0.246,,0.54,Non-Auction Ads,Promote
20230807,1773588046812160 ,BR,,,1/1/00 0:00,,0.246,,0.54,Non-Auction Ads,Promote
20230807,1773606316728320 ,PH,,,1/1/00 0:00,,0.2458,,0.54,Non-Auction Ads,Promote
20230807,1773464125351930 ,VN,,,1/1/00 0:00,,0.2444,,0.54,Non-Auction Ads,Promote
20230807,1773478265760760 ,VN,,,1/1/00 0:00,,0.2444,,0.54,Non-Auction Ads,Promote
20230807,1773510497990650 ,AE,,,1/1/00 0:00,,0.2442,,0.54,Non-Auction Ads,Promote
20230807,1773562809579520 ,ID,,,1/1/00 0:00,,0.2439,,0.54,Non-Auction Ads,Promote
20230807,1773580408603650 ,BR,,,1/1/00 0:00,,0.2432,,0.54,Non-Auction Ads,Promote
20230807,1773570715554810 ,PH,,,1/1/00 0:00,,0.2432,,0.54,Non-Auction Ads,Promote
20230807,1773544534695930 ,MY,,,1/1/00 0:00,,0.243,,0.54,Non-Auction Ads,Promote
20230807,1773456200612860 ,VN,,,1/1/00 0:00,,0.243,,0.54,Non-Auction Ads,Promote
20230807,1773544136115200 ,MY,,,1/1/00 0:00,,0.243,,0.54,Non-Auction Ads,Promote
20230807,1773499405337600 ,VN,,,1/1/00 0:00,,0.243,,0.54,Non-Auction Ads,Promote
20230807,1773539374235640 ,VN,,,1/1/00 0:00,,0.243,,0.54,Non-Auction Ads,Promote
20230807,1773573723969530 ,TH,,,1/1/00 0:00,,0.2428,,0.54,Non-Auction Ads,Promote
20230807,1773453959012350 ,VN,,,1/1/00 0:00,,0.2428,,0.54,Non-Auction Ads,Promote
20230807,1773499263903740 ,VN,,,1/1/00 0:00,,0.2427,,0.54,Non-Auction Ads,Promote
20230807,1773491373890560 ,VN,,,1/1/00 0:00,,0.2427,,0.54,Non-Auction Ads,Promote
20230807,1773491575195640 ,VN,,,1/1/00 0:00,,0.2426,,0.54,Non-Auction Ads,Promote
20230807,1773490434054140 ,VN,,,1/1/00 0:00,,0.2426,,0.54,Non-Auction Ads,Promote
20230807,1773493093808130 ,VN,,,1/1/00 0:00,,0.2426,,0.54,Non-Auction Ads,Promote
20230807,1773477970315260 ,VN,,,1/1/00 0:00,,0.2426,,0.54,Non-Auction Ads,Promote
20230807,1773521777949690 ,VN,,,1/1/00 0:00,,0.2426,,0.54,Non-Auction Ads,Promote
20230807,1773554481956860 ,FI,,,1/1/00 0:00,,0.2423,,0.54,Non-Auction Ads,Promote
20230807,1773553201948670 ,PH,,,1/1/00 0:00,,0.2423,,0.54,Non-Auction Ads,Promote
20230807,1773528949101570 ,ES,,,1/1/00 0:00,,0.2419,,0.54,Non-Auction Ads,Promote
20230807,1773526535240700 ,ES,,,1/1/00 0:00,,0.2419,,0.54,Non-Auction Ads,Promote
20230807,1773561661431810 ,ES,,,1/1/00 0:00,,0.2419,,0.54,Non-Auction Ads,Promote
20230807,1773569440468990 ,TH,,,1/1/00 0:00,,0.2417,,0.54,Non-Auction Ads,Promote
20230807,1773575043829760 ,TR,,,1/1/00 0:00,,0.2414,,0.54,Non-Auction Ads,Promote
20230807,1773582519856190 ,BR,,,1/1/00 0:00,,0.241,,0.54,Non-Auction Ads,Promote
20230807,1773539209673730 ,ID,,,1/1/00 0:00,,0.2407,,0.54,Non-Auction Ads,Promote
20230807,1773521858279420 ,TR,,,1/1/00 0:00,,0.2406,,0.54,Non-Auction Ads,Promote
20230807,1773555780172800 ,ID,,,1/1/00 0:00,,0.2406,,0.54,Non-Auction Ads,Promote
20230807,1773587850005500 ,TR,,,1/1/00 0:00,,0.2403,,0.54,Non-Auction Ads,Promote
20230807,1773588851586040 ,TR,,,1/1/00 0:00,,0.2403,,0.54,Non-Auction Ads,Promote
20230807,1773584692050940 ,TR,,,1/1/00 0:00,,0.2403,,0.54,Non-Auction Ads,Promote
20230807,1773544121283580 ,TR,,,1/1/00 0:00,,0.2401,,0.54,Non-Auction Ads,Promote
20230807,1773465124985850 ,VN,,,1/1/00 0:00,,0.24,,0.54,Non-Auction Ads,Promote
20230807,1773505677831160 ,VN,,,1/1/00 0:00,,0.24,,0.54,Non-Auction Ads,Promote
20230807,1773505677831160 ,VN,,,1/1/00 0:00,,0.24,,0.54,Non-Auction Ads,Promote
20230807,1773532054342650 ,KH,,,1/1/00 0:00,,0.2396,,0.54,Non-Auction Ads,Promote
20230807,1773551859507200 ,MY,,,1/1/00 0:00,,0.2392,,0.54,Non-Auction Ads,Promote
20230807,1773604113254400 ,RO,,,1/1/00 0:00,,0.2391,,0.54,Non-Auction Ads,Promote
20230807,1773560180136960 ,MY,,,1/1/00 0:00,,0.2391,,0.54,Non-Auction Ads,Promote
20230807,1773604113254400 ,RO,,,1/1/00 0:00,,0.2391,,0.54,Non-Auction Ads,Promote
20230807,1773538572800000 ,TR,,,1/1/00 0:00,,0.2381,,0.54,Non-Auction Ads,Promote
20230807,1773580524228610 ,BR,,,1/1/00 0:00,,0.238,,0.54,Non-Auction Ads,Promote
20230807,1773574795172860 ,ID,,,1/1/00 0:00,,0.2378,,0.54,Non-Auction Ads,Promote
20230807,1773574766125050 ,ID,,,1/1/00 0:00,,0.2378,,0.54,Non-Auction Ads,Promote
20230807,1773563683938300 ,ID,,,1/1/00 0:00,,0.2377,,0.54,Non-Auction Ads,Promote
20230807,1773571960644610 ,TH,,,1/1/00 0:00,,0.2375,,0.54,Non-Auction Ads,Promote
20230807,1773572271793150 ,ID,,,1/1/00 0:00,,0.2373,,0.54,Non-Auction Ads,Promote
20230807,1773577774217210 ,TR,,,1/1/00 0:00,,0.237,,0.54,Non-Auction Ads,Promote
20230807,1773569701347340 ,ID,,,1/1/00 0:00,,0.2369,,0.54,Non-Auction Ads,Promote
20230807,1773597958867960 ,TR,,,1/1/00 0:00,,0.2366,,0.54,Non-Auction Ads,Promote
20230807,1773558898240510 ,ID,,,1/1/00 0:00,,0.2366,,0.54,Non-Auction Ads,Promote
20230807,1773590981924860 ,TR,,,1/1/00 0:00,,0.2366,,0.54,Non-Auction Ads,Promote
20230807,1773549308677120 ,TH,,,1/1/00 0:00,,0.2363,,0.54,Non-Auction Ads,Promote
20230807,1773547207083000 ,TR,,,1/1/00 0:00,,0.236,,0.54,Non-Auction Ads,Promote
20230807,1773580256724990 ,BR,,,1/1/00 0:00,,0.236,,0.54,Non-Auction Ads,Promote
20230807,1773544484327430 ,BR,,,1/1/00 0:00,,0.236,,0.54,Non-Auction Ads,Promote
20230807,1773545239718910 ,BR,,,1/1/00 0:00,,0.236,,0.54,Non-Auction Ads,Promote
20230807,1773546388391930 ,TR,,,1/1/00 0:00,,0.236,,0.54,Non-Auction Ads,Promote
20230807,1773581485152260 ,BR,,,1/1/00 0:00,,0.236,,0.54,Non-Auction Ads,Promote
20230807,1773543083144190 ,BR,,,1/1/00 0:00,,0.236,,0.54,Non-Auction Ads,Promote
20230807,1773554156223480 ,TR,,,1/1/00 0:00,,0.236,,0.54,Non-Auction Ads,Promote
20230807,1773554081888250 ,TR,,,1/1/00 0:00,,0.236,,0.54,Non-Auction Ads,Promote
20230807,1773568188382240 ,BR,,,1/1/00 0:00,,0.2354,,0.54,Non-Auction Ads,Promote
20230807,1773577974416380 ,ID,,,1/1/00 0:00,,0.2352,,0.54,Non-Auction Ads,Promote
20230807,1773540710829050 ,ID,,,1/1/00 0:00,,0.2351,,0.54,Non-Auction Ads,Promote
20230807,1773550630569980 ,TR,,,1/1/00 0:00,,0.2346,,0.54,Non-Auction Ads,Promote
20230807,1773593839883270 ,BR,,,1/1/00 0:00,,0.2344,,0.54,Non-Auction Ads,Promote
20230807,1773608378935300 ,BR,,,1/1/00 0:00,,0.234,,0.54,Non-Auction Ads,Promote
20230807,1773542680379390 ,ID,,,1/1/00 0:00,,0.2333,,0.54,Non-Auction Ads,Promote
20230807,1773597961116670 ,IL,,,1/1/00 0:00,,0.2333,,0.54,Non-Auction Ads,Promote
20230807,1773535487799290 ,ID,,,1/1/00 0:00,,0.2331,,0.54,Non-Auction Ads,Promote
20230807,1773536780377080 ,PH,,,1/1/00 0:00,,0.2331,,0.54,Non-Auction Ads,Promote
20230807,1773580802921470 ,BR,,,1/1/00 0:00,,0.233,,0.54,Non-Auction Ads,Promote
20230807,1773579368152070 ,BR,,,1/1/00 0:00,,0.233,,0.54,Non-Auction Ads,Promote
20230807,1773585000108030 ,BR,,,1/1/00 0:00,,0.233,,0.54,Non-Auction Ads,Promote
20230807,1773533531054080 ,VN,,,1/1/00 0:00,,0.2329,,0.54,Non-Auction Ads,Promote
20230807,1773543311831040 ,PH,,,1/1/00 0:00,,0.2322,,0.54,Non-Auction Ads,Promote
20230807,1773526309045250 ,PH,,,1/1/00 0:00,,0.2322,,0.54,Non-Auction Ads,Promote
20230807,1773574727198720 ,ID,,,1/1/00 0:00,,0.2319,,0.54,Non-Auction Ads,Promote
20230807,1773556501968890 ,TH,,,1/1/00 0:00,,0.2305,,0.54,Non-Auction Ads,Promote
20230807,1773565392146430 ,ID,,,1/1/00 0:00,,0.2304,,0.54,Non-Auction Ads,Promote
20230807,1773609205908480 ,BR,,,1/1/00 0:00,,0.2296,,0.54,Non-Auction Ads,Promote
20230807,1773583661740030 ,TH,,,1/1/00 0:00,,0.2295,,0.54,Non-Auction Ads,Promote
20230807,1773554431492090 ,ID,,,1/1/00 0:00,,0.2295,,0.54,Non-Auction Ads,Promote
20230807,1773549520492540 ,ID,,,1/1/00 0:00,,0.2295,,0.54,Non-Auction Ads,Promote
20230807,1773563732566010 ,ID,,,1/1/00 0:00,,0.2295,,0.54,Non-Auction Ads,Promote
20230807,1773568739162110 ,TR,,,1/1/00 0:00,,0.2291,,0.54,Non-Auction Ads,Promote
20230807,1773569838816250 ,TR,,,1/1/00 0:00,,0.2291,,0.54,Non-Auction Ads,Promote
20230807,1773567558047740 ,MY,,,1/1/00 0:00,,0.229,,0.54,Non-Auction Ads,Promote
20230807,1773562225095740 ,MY,,,1/1/00 0:00,,0.229,,0.54,Non-Auction Ads,Promote
20230807,1773527947645950 ,TH,,,1/1/00 0:00,,0.2289,,0.54,Non-Auction Ads,Promote
20230807,1773378416200700 ,SA,,,1/1/00 0:00,,0.2286,,0.54,Non-Auction Ads,Promote
20230807,1773379186781180 ,SA,,,1/1/00 0:00,,0.2286,,0.54,Non-Auction Ads,Promote
20230807,1773594884683770 ,TR,,,1/1/00 0:00,,0.2286,,0.54,Non-Auction Ads,Promote
20230807,1773556344029180 ,MY,,,1/1/00 0:00,,0.228,,0.54,Non-Auction Ads,Promote
20230807,1773564320442360 ,TR,,,1/1/00 0:00,,0.2278,,0.54,Non-Auction Ads,Promote
20230807,1773585563498490 ,KH,,,1/1/00 0:00,,0.2275,,0.54,Non-Auction Ads,Promote
20230807,1773581937486840 ,KH,,,1/1/00 0:00,,0.2275,,0.54,Non-Auction Ads,Promote
20230807,1773582866033660 ,KH,,,1/1/00 0:00,,0.2275,,0.54,Non-Auction Ads,Promote
20230807,1773586820797440 ,KH,,,1/1/00 0:00,,0.2275,,0.54,Non-Auction Ads,Promote
20230807,1773525218108420 ,BR,,,1/1/00 0:00,,0.2274,,0.54,Non-Auction Ads,Promote
20230807,1773583112231930 ,PH,,,1/1/00 0:00,,0.2272,,0.54,Non-Auction Ads,Promote
20230807,1773572390200320 ,TR,,,1/1/00 0:00,,0.2272,,0.54,Non-Auction Ads,Promote
20230807,1773572110246910 ,PH,,,1/1/00 0:00,,0.2272,,0.54,Non-Auction Ads,Promote
20230807,1773552905758720 ,PH,,,1/1/00 0:00,,0.227,,0.54,Non-Auction Ads,Promote
20230807,1773593682287610 ,TR,,,1/1/00 0:00,,0.2266,,0.54,Non-Auction Ads,Promote
20230807,1773593831336960 ,TR,,,1/1/00 0:00,,0.2266,,0.54,Non-Auction Ads,Promote
20230807,1773559283602430 ,MY,,,1/1/00 0:00,,0.2266,,0.54,Non-Auction Ads,Promote
20230807,1773588422311930 ,MY,,,1/1/00 0:00,,0.2266,,0.54,Non-Auction Ads,Promote
20230807,1773599412787200 ,TR,,,1/1/00 0:00,,0.2266,,0.54,Non-Auction Ads,Promote
20230807,1773526190916600 ,VN,,,1/1/00 0:00,,0.2265,,0.54,Non-Auction Ads,Promote
20230807,1773562959025150 ,ID,,,1/1/00 0:00,,0.2265,,0.54,Non-Auction Ads,Promote
20230807,1773563195524090 ,ID,,,1/1/00 0:00,,0.2265,,0.54,Non-Auction Ads,Promote
20230807,1773533301286910 ,ID,,,1/1/00 0:00,,0.2264,,0.54,Non-Auction Ads,Promote
20230807,1773531404266490 ,ID,,,1/1/00 0:00,,0.2264,,0.54,Non-Auction Ads,Promote
20230807,1773557157623810 ,ID,,,1/1/00 0:00,,0.2263,,0.54,Non-Auction Ads,Promote
20230807,1773526228523000 ,TH,,,1/1/00 0:00,,0.2262,,0.54,Non-Auction Ads,Promote
20230807,1773527345010680 ,PH,,,1/1/00 0:00,,0.2257,,0.54,Non-Auction Ads,Promote
20230807,1773579248925690 ,PH,,,1/1/00 0:00,,0.2256,,0.54,Non-Auction Ads,Promote
20230807,1773548485667840 ,VN,,,1/1/00 0:00,,0.2253,,0.54,Non-Auction Ads,Promote
20230807,1773567916781570 ,DK,,,1/1/00 0:00,,0.2251,,0.54,Non-Auction Ads,Promote
20230807,1773536182523900 ,PH,,,1/1/00 0:00,,0.2249,,0.54,Non-Auction Ads,Promote
20230807,1773590806065150 ,TR,,,1/1/00 0:00,,0.2248,,0.54,Non-Auction Ads,Promote
20230807,1773549846676480 ,ID,,,1/1/00 0:00,,0.2247,,0.54,Non-Auction Ads,Promote
20230807,1773537106117630 ,ID,,,1/1/00 0:00,,0.2247,,0.54,Non-Auction Ads,Promote
20230807,1773537022672890 ,ID,,,1/1/00 0:00,,0.2247,,0.54,Non-Auction Ads,Promote
20230807,1773536885732350 ,ID,,,1/1/00 0:00,,0.2247,,0.54,Non-Auction Ads,Promote
20230807,1773537178457150 ,ID,,,1/1/00 0:00,,0.2247,,0.54,Non-Auction Ads,Promote
20230807,1773571130686460 ,TR,,,1/1/00 0:00,,0.2242,,0.54,Non-Auction Ads,Promote
20230807,1773547455652860 ,MY,,,1/1/00 0:00,,0.2241,,0.54,Non-Auction Ads,Promote
20230807,1773581812065280 ,PH,,,1/1/00 0:00,,0.2238,,0.54,Non-Auction Ads,Promote
20230807,1773583593235450 ,ID,,,1/1/00 0:00,,0.2238,,0.54,Non-Auction Ads,Promote
20230807,1773613357540350 ,PH,,,1/1/00 0:00,,0.2238,,0.54,Non-Auction Ads,Promote
20230807,1773581756843010 ,PH,,,1/1/00 0:00,,0.2238,,0.54,Non-Auction Ads,Promote
20230807,1773538436700160 ,TH,,,1/1/00 0:00,,0.2236,,0.54,Non-Auction Ads,Promote
20230807,1773538928130050 ,TH,,,1/1/00 0:00,,0.2236,,0.54,Non-Auction Ads,Promote
20230807,1773547756341240 ,ID,,,1/1/00 0:00,,0.223,,0.54,Non-Auction Ads,Promote
20230807,1773549230639100 ,PH,,,1/1/00 0:00,,0.2229,,0.54,Non-Auction Ads,Promote
20230807,1773486814604280 ,VN,,,1/1/00 0:00,,0.2228,,0.54,Non-Auction Ads,Promote
20230807,1773561474554880 ,PH,,,1/1/00 0:00,,0.2226,,0.54,Non-Auction Ads,Promote
20230807,1773532124416000 ,BR,,,1/1/00 0:00,,0.2224,,0.54,Non-Auction Ads,Promote
20230807,1773562817148930 ,PH,,,1/1/00 0:00,,0.2223,,0.54,Non-Auction Ads,Promote
20230807,1773596715819010 ,TR,,,1/1/00 0:00,,0.2219,,0.54,Non-Auction Ads,Promote
20230807,1773552493270080 ,TR,,,1/1/00 0:00,,0.2215,,0.54,Non-Auction Ads,Promote
20230807,1773552448718840 ,TR,,,1/1/00 0:00,,0.2215,,0.54,Non-Auction Ads,Promote
20230807,1773587827932160 ,BR,,,1/1/00 0:00,,0.2209,,0.54,Non-Auction Ads,Promote
20230807,1773569428978680 ,TH,,,1/1/00 0:00,,0.2209,,0.54,Non-Auction Ads,Promote
20230807,1773587714683910 ,BR,,,1/1/00 0:00,,0.2209,,0.54,Non-Auction Ads,Promote
20230807,1773587583980540 ,BR,,,1/1/00 0:00,,0.2209,,0.54,Non-Auction Ads,Promote
20230807,1773569542206460 ,TH,,,1/1/00 0:00,,0.2209,,0.54,Non-Auction Ads,Promote
20230807,1773557727258620 ,TH,,,1/1/00 0:00,,0.2209,,0.54,Non-Auction Ads,Promote
20230807,1773587665925120 ,BR,,,1/1/00 0:00,,0.2209,,0.54,Non-Auction Ads,Promote
20230807,1773548341092350 ,TH,,,1/1/00 0:00,,0.2209,,0.54,Non-Auction Ads,Promote
20230807,1773537170093050 ,TH,,,1/1/00 0:00,,0.2209,,0.54,Non-Auction Ads,Promote
20230807,1773557751260160 ,TH,,,1/1/00 0:00,,0.2209,,0.54,Non-Auction Ads,Promote
20230807,1773557911008250 ,TR,,,1/1/00 0:00,,0.2208,,0.54,Non-Auction Ads,Promote
20230807,1773550009296890 ,TR,,,1/1/00 0:00,,0.2208,,0.54,Non-Auction Ads,Promote
20230807,1773550153319420 ,TR,,,1/1/00 0:00,,0.2208,,0.54,Non-Auction Ads,Promote
20230807,1773455293163520 ,VN,,,1/1/00 0:00,,0.2207,,0.54,Non-Auction Ads,Promote
20230807,1773555824054270 ,RO,,,1/1/00 0:00,,0.2206,,0.54,Non-Auction Ads,Promote
20230807,1773488161643520 ,VN,,,1/1/00 0:00,,0.2205,,0.54,Non-Auction Ads,Promote
20230807,1773576855638010 ,TH,,,1/1/00 0:00,,0.2203,,0.54,Non-Auction Ads,Promote
20230807,1773602702036990 ,BR,,,1/1/00 0:00,,0.2198,,0.54,Non-Auction Ads,Promote
20230807,1773587875335160 ,TH,,,1/1/00 0:00,,0.2197,,0.54,Non-Auction Ads,Promote
20230807,1773497936134140 ,VN,,,1/1/00 0:00,,0.2196,,0.54,Non-Auction Ads,Promote
20230807,1773577312549880 ,TR,,,1/1/00 0:00,,0.2196,,0.54,Non-Auction Ads,Promote
20230807,1773556687060990 ,ID,,,1/1/00 0:00,,0.2192,,0.54,Non-Auction Ads,Promote
20230807,1773553956515840 ,ID,,,1/1/00 0:00,,0.2192,,0.54,Non-Auction Ads,Promote
20230807,1773569922370560 ,ID,,,1/1/00 0:00,,0.2192,,0.54,Non-Auction Ads,Promote
20230807,1773580914801660 ,TH,,,1/1/00 0:00,,0.219,,0.54,Non-Auction Ads,Promote
20230807,1773595433594900 ,BR,,,1/1/00 0:00,,0.2186,,0.54,Non-Auction Ads,Promote
20230807,1773545609054210 ,ID,,,1/1/00 0:00,,0.2186,,0.54,Non-Auction Ads,Promote
20230807,1773595808757760 ,BR,,,1/1/00 0:00,,0.2186,,0.54,Non-Auction Ads,Promote
20230807,1773587732488190 ,BR,,,1/1/00 0:00,,0.2186,,0.54,Non-Auction Ads,Promote
20230807,1773585730733060 ,BR,,,1/1/00 0:00,,0.2186,,0.54,Non-Auction Ads,Promote
20230807,1773529350609920 ,TR,,,1/1/00 0:00,,0.2183,,0.54,Non-Auction Ads,Promote
20230807,1773491209058300 ,VN,,,1/1/00 0:00,,0.2182,,0.54,Non-Auction Ads,Promote
20230807,1773579171851260 ,MY,,,1/1/00 0:00,,0.2174,,0.54,Non-Auction Ads,Promote
20230807,1773578946470910 ,MY,,,1/1/00 0:00,,0.2174,,0.54,Non-Auction Ads,Promote
20230807,1773563495370750 ,TR,,,1/1/00 0:00,,0.217,,0.54,Non-Auction Ads,Promote
20230807,1773541235635200 ,TH,,,1/1/00 0:00,,0.2169,,0.54,Non-Auction Ads,Promote
20230807,1773588520416250 ,ID,,,1/1/00 0:00,,0.2168,,0.54,Non-Auction Ads,Promote
20230807,1773530536439800 ,MY,,,1/1/00 0:00,,0.2165,,0.54,Non-Auction Ads,Promote
20230807,1773538175912960 ,TH,,,1/1/00 0:00,,0.2165,,0.54,Non-Auction Ads,Promote
20230807,1773522618510330 ,TR,,,1/1/00 0:00,,0.2164,,0.54,Non-Auction Ads,Promote
20230807,1773534833769470 ,TR,,,1/1/00 0:00,,0.2163,,0.54,Non-Auction Ads,Promote
20230807,1773490216301570 ,VN,,,1/1/00 0:00,,0.216,,0.54,Non-Auction Ads,Promote
20230807,1773563515664380 ,TH,,,1/1/00 0:00,,0.216,,0.54,Non-Auction Ads,Promote
20230807,1773491253104640 ,VN,,,1/1/00 0:00,,0.216,,0.54,Non-Auction Ads,Promote
20230807,1773489986062330 ,VN,,,1/1/00 0:00,,0.216,,0.54,Non-Auction Ads,Promote
20230807,1773558702784510 ,TR,,,1/1/00 0:00,,0.216,,0.54,Non-Auction Ads,Promote
20230807,1773490894383100 ,VN,,,1/1/00 0:00,,0.216,,0.54,Non-Auction Ads,Promote
20230807,1773486513893440 ,VN,,,1/1/00 0:00,,0.216,,0.54,Non-Auction Ads,Promote
20230807,1773486867794940 ,VN,,,1/1/00 0:00,,0.216,,0.54,Non-Auction Ads,Promote
20230807,1773491200740350 ,VN,,,1/1/00 0:00,,0.216,,0.54,Non-Auction Ads,Promote
20230807,1773488495265790 ,VN,,,1/1/00 0:00,,0.216,,0.54,Non-Auction Ads,Promote
20230807,1773490107971650 ,VN,,,1/1/00 0:00,,0.216,,0.54,Non-Auction Ads,Promote
20230807,1773486067304450 ,VN,,,1/1/00 0:00,,0.216,,0.54,Non-Auction Ads,Promote
20230807,1773491128723450 ,VN,,,1/1/00 0:00,,0.216,,0.54,Non-Auction Ads,Promote
20230807,1773582494552130 ,BR,,,1/1/00 0:00,,0.215,,0.54,Non-Auction Ads,Promote
20230807,1773531660098560 ,PH,,,1/1/00 0:00,,0.2149,,0.54,Non-Auction Ads,Promote
20230807,1773543621342210 ,PH,,,1/1/00 0:00,,0.2149,,0.54,Non-Auction Ads,Promote
20230807,1773577006496760 ,TH,,,1/1/00 0:00,,0.2148,,0.54,Non-Auction Ads,Promote
20230807,1773567122572280 ,ID,,,1/1/00 0:00,,0.2148,,0.54,Non-Auction Ads,Promote
20230807,1773562531688440 ,TH,,,1/1/00 0:00,,0.2147,,0.54,Non-Auction Ads,Promote
20230807,1773504830917630 ,VN,,,1/1/00 0:00,,0.2143,,0.54,Non-Auction Ads,Promote
20230807,1773504766626810 ,VN,,,1/1/00 0:00,,0.2143,,0.54,Non-Auction Ads,Promote
20230807,1773504053088250 ,VN,,,1/1/00 0:00,,0.2143,,0.54,Non-Auction Ads,Promote
20230807,1773504867912700 ,VN,,,1/1/00 0:00,,0.2143,,0.54,Non-Auction Ads,Promote
20230807,1773532594587650 ,VN,,,1/1/00 0:00,,0.2143,,0.54,Non-Auction Ads,Promote
20230807,1773504798510080 ,VN,,,1/1/00 0:00,,0.2143,,0.54,Non-Auction Ads,Promote
20230807,1773504747842560 ,VN,,,1/1/00 0:00,,0.2143,,0.54,Non-Auction Ads,Promote
20230807,1773504782504960 ,VN,,,1/1/00 0:00,,0.2143,,0.54,Non-Auction Ads,Promote
20230807,1773564652959740 ,TH,,,1/1/00 0:00,,0.2141,,0.54,Non-Auction Ads,Promote
20230807,1773534054701050 ,ID,,,1/1/00 0:00,,0.214,,0.54,Non-Auction Ads,Promote
20230807,1773533317571580 ,ID,,,1/1/00 0:00,,0.214,,0.54,Non-Auction Ads,Promote
20230807,1773573134919680 ,TH,,,1/1/00 0:00,,0.2138,,0.54,Non-Auction Ads,Promote
20230807,1773371716823040 ,SA,,,1/1/00 0:00,,0.2133,,0.54,Non-Auction Ads,Promote
20230807,1773371686354940 ,SA,,,1/1/00 0:00,,0.2133,,0.54,Non-Auction Ads,Promote
20230807,1773371745785850 ,SA,,,1/1/00 0:00,,0.2133,,0.54,Non-Auction Ads,Promote
20230807,1773559050100860 ,ID,,,1/1/00 0:00,,0.2131,,0.54,Non-Auction Ads,Promote
20230807,1773548190475260 ,ID,,,1/1/00 0:00,,0.213,,0.54,Non-Auction Ads,Promote
20230807,1773589553746940 ,ID,,,1/1/00 0:00,,0.2127,,0.54,Non-Auction Ads,Promote
20230807,1773607328970750 ,ID,,,1/1/00 0:00,,0.2125,,0.54,Non-Auction Ads,Promote
20230807,1773607604546560 ,ID,,,1/1/00 0:00,,0.2125,,0.54,Non-Auction Ads,Promote
20230807,1773606681669630 ,ID,,,1/1/00 0:00,,0.2125,,0.54,Non-Auction Ads,Promote
20230807,1773590129038330 ,TR,,,1/1/00 0:00,,0.2124,,0.54,Non-Auction Ads,Promote
20230807,1773589787190270 ,TR,,,1/1/00 0:00,,0.2124,,0.54,Non-Auction Ads,Promote
20230807,1773568226379770 ,TH,,,1/1/00 0:00,,0.2123,,0.54,Non-Auction Ads,Promote
20230807,1773563274202110 ,TR,,,1/1/00 0:00,,0.2123,,0.54,Non-Auction Ads,Promote
20230807,1773563307262970 ,TR,,,1/1/00 0:00,,0.2123,,0.54,Non-Auction Ads,Promote
20230807,1773575389024250 ,TR,,,1/1/00 0:00,,0.2123,,0.54,Non-Auction Ads,Promote
20230807,1773563687413760 ,TR,,,1/1/00 0:00,,0.2123,,0.54,Non-Auction Ads,Promote
20230807,1773575454998530 ,TR,,,1/1/00 0:00,,0.2123,,0.54,Non-Auction Ads,Promote
20230807,1773570928193530 ,TH,,,1/1/00 0:00,,0.212,,0.54,Non-Auction Ads,Promote
20230807,1773515811364860 ,TR,,,1/1/00 0:00,,0.2119,,0.54,Non-Auction Ads,Promote
20230807,1773589386838010 ,PH,,,1/1/00 0:00,,0.2118,,0.54,Non-Auction Ads,Promote
20230807,1773588156797950 ,PH,,,1/1/00 0:00,,0.2118,,0.54,Non-Auction Ads,Promote
20230807,1773589782381560 ,PH,,,1/1/00 0:00,,0.2118,,0.54,Non-Auction Ads,Promote
20230807,1773587361437690 ,PH,,,1/1/00 0:00,,0.2118,,0.54,Non-Auction Ads,Promote
20230807,1773588579082240 ,TH,,,1/1/00 0:00,,0.2117,,0.54,Non-Auction Ads,Promote
20230807,1773449396231160 ,VN,,,1/1/00 0:00,,0.2116,,0.54,Non-Auction Ads,Promote
20230807,1773551073780730 ,PH,,,1/1/00 0:00,,0.2115,,0.54,Non-Auction Ads,Promote
20230807,1773548984972290 ,PH,,,1/1/00 0:00,,0.2115,,0.54,Non-Auction Ads,Promote
20230807,1773547568139260 ,PH,,,1/1/00 0:00,,0.2115,,0.54,Non-Auction Ads,Promote
20230807,1773500669814780 ,SA,,,1/1/00 0:00,,0.2113,,0.54,Non-Auction Ads,Promote
20230807,1773500070592510 ,VN,,,1/1/00 0:00,,0.2109,,0.54,Non-Auction Ads,Promote
20230807,1773598995221500 ,TR,,,1/1/00 0:00,,0.2106,,0.54,Non-Auction Ads,Promote
20230807,1773523312783460 ,EG,,,1/1/00 0:00,,0.2105,,0.54,Non-Auction Ads,Promote
20230807,1773591615110140 ,TR,,,1/1/00 0:00,,0.2105,,0.54,Non-Auction Ads,Promote
20230807,1773577461906430 ,ID,,,1/1/00 0:00,,0.2105,,0.54,Non-Auction Ads,Promote
20230807,1773550807288830 ,ID,,,1/1/00 0:00,,0.2102,,0.54,Non-Auction Ads,Promote
20230807,1773526182621180 ,TR,,,1/1/00 0:00,,0.2099,,0.54,Non-Auction Ads,Promote
20230807,1773455802897410 ,VN,,,1/1/00 0:00,,0.2096,,0.54,Non-Auction Ads,Promote
20230807,1773546972165120 ,TH,,,1/1/00 0:00,,0.2095,,0.54,Non-Auction Ads,Promote
20230807,1773548094635000 ,TH,,,1/1/00 0:00,,0.2095,,0.54,Non-Auction Ads,Promote
20230807,1773568600207360 ,PH,,,1/1/00 0:00,,0.2091,,0.54,Non-Auction Ads,Promote
20230807,1773596121059320 ,ID,,,1/1/00 0:00,,0.209,,0.54,Non-Auction Ads,Promote
20230807,1773604645684230 ,BR,,,1/1/00 0:00,,0.2089,,0.54,Non-Auction Ads,Promote
20230807,1773510602423290 ,TR,,,1/1/00 0:00,,0.2087,,0.54,Non-Auction Ads,Promote
20230807,1773522674484220 ,TR,,,1/1/00 0:00,,0.2086,,0.54,Non-Auction Ads,Promote
20230807,1773536323857410 ,BR,,,1/1/00 0:00,,0.2085,,0.54,Non-Auction Ads,Promote
20230807,1773548619175930 ,TH,,,1/1/00 0:00,,0.2081,,0.54,Non-Auction Ads,Promote
20230807,1773574313032700 ,MY,,,1/1/00 0:00,,0.2079,,0.54,Non-Auction Ads,Promote
20230807,1773571763683320 ,MY,,,1/1/00 0:00,,0.2079,,0.54,Non-Auction Ads,Promote
20230807,1773527219691520 ,TH,,,1/1/00 0:00,,0.2079,,0.54,Non-Auction Ads,Promote
20230807,1773584202772480 ,ID,,,1/1/00 0:00,,0.2078,,0.54,Non-Auction Ads,Promote
20230807,1773585466552320 ,ID,,,1/1/00 0:00,,0.2078,,0.54,Non-Auction Ads,Promote
20230807,1773590763630590 ,TR,,,1/1/00 0:00,,0.2073,,0.54,Non-Auction Ads,Promote
20230807,1773548028075000 ,TH,,,1/1/00 0:00,,0.2068,,0.54,Non-Auction Ads,Promote
20230807,1773571406675960 ,TH,,,1/1/00 0:00,,0.2062,,0.54,Non-Auction Ads,Promote
20230807,1773526839256060 ,PH,,,1/1/00 0:00,,0.2058,,0.54,Non-Auction Ads,Promote
20230807,1773527963951100 ,PH,,,1/1/00 0:00,,0.2058,,0.54,Non-Auction Ads,Promote
20230807,1773597811200000 ,TR,,,1/1/00 0:00,,0.2057,,0.54,Non-Auction Ads,Promote
20230807,1773548068036610 ,TH,,,1/1/00 0:00,,0.2054,,0.54,Non-Auction Ads,Promote
20230807,1773548559022080 ,TH,,,1/1/00 0:00,,0.2054,,0.54,Non-Auction Ads,Promote
20230807,1773541971528700 ,ID,,,1/1/00 0:00,,0.2053,,0.54,Non-Auction Ads,Promote
20230807,1773550245781500 ,TR,,,1/1/00 0:00,,0.2048,,0.54,Non-Auction Ads,Promote
20230807,1773565584914430 ,TR,,,1/1/00 0:00,,0.2048,,0.54,Non-Auction Ads,Promote
20230807,1773452860466170 ,VN,,,1/1/00 0:00,,0.2045,,0.54,Non-Auction Ads,Promote
20230807,1773536439195650 ,VN,,,1/1/00 0:00,,0.2045,,0.54,Non-Auction Ads,Promote
20230807,1773535746514940 ,VN,,,1/1/00 0:00,,0.2045,,0.54,Non-Auction Ads,Promote
20230807,1773564574177280 ,ID,,,1/1/00 0:00,,0.2041,,0.54,Non-Auction Ads,Promote
20230807,1773605046965250 ,PL,,,1/1/00 0:00,,0.2031,,0.54,Non-Auction Ads,Promote
20230807,1773567915299840 ,TH,,,1/1/00 0:00,,0.2027,,0.54,Non-Auction Ads,Promote
20230807,1773567969373180 ,TH,,,1/1/00 0:00,,0.2027,,0.54,Non-Auction Ads,Promote
20230807,1773594060634110 ,TR,,,1/1/00 0:00,,0.2025,,0.54,Non-Auction Ads,Promote
20230807,1773540279131130 ,MY,,,1/1/00 0:00,,0.2018,,0.54,Non-Auction Ads,Promote
20230807,1773516431080440 ,TR,,,1/1/00 0:00,,0.2009,,0.54,Non-Auction Ads,Promote
20230807,1773456337876990 ,VN,,,1/1/00 0:00,,0.2009,,0.54,Non-Auction Ads,Promote
20230807,1773495516748800 ,SA,,,1/1/00 0:00,,0.2,,0.54,Non-Auction Ads,Promote
20230807,1773583877356540 ,ID,,,1/1/00 0:00,,0.1995,,0.54,Non-Auction Ads,Promote
20230807,1773536063675390 ,ID,,,1/1/00 0:00,,0.1994,,0.54,Non-Auction Ads,Promote
20230807,1773579267510270 ,ID,,,1/1/00 0:00,,0.1988,,0.54,Non-Auction Ads,Promote
20230807,1773565270220800 ,ID,,,1/1/00 0:00,,0.1987,,0.54,Non-Auction Ads,Promote
20230807,1773545695597560 ,TR,,,1/1/00 0:00,,0.1987,,0.54,Non-Auction Ads,Promote
20230807,1773609330173950 ,ID,,,1/1/00 0:00,,0.1986,,0.54,Non-Auction Ads,Promote
20230807,1773585873478650 ,ID,,,1/1/00 0:00,,0.1986,,0.54,Non-Auction Ads,Promote
20230807,1773585927808000 ,ID,,,1/1/00 0:00,,0.1986,,0.54,Non-Auction Ads,Promote
20230807,1773552672384000 ,PH,,,1/1/00 0:00,,0.1983,,0.54,Non-Auction Ads,Promote
20230807,1773552219233280 ,PH,,,1/1/00 0:00,,0.1983,,0.54,Non-Auction Ads,Promote
20230807,1773589014700030 ,ID,,,1/1/00 0:00,,0.1982,,0.54,Non-Auction Ads,Promote
20230807,1773588118810620 ,ID,,,1/1/00 0:00,,0.1982,,0.54,Non-Auction Ads,Promote
20230807,1773525561785340 ,BR,,,1/1/00 0:00,,0.1981,,0.54,Non-Auction Ads,Promote
20230807,1773513520525310 ,TR,,,1/1/00 0:00,,0.198,,0.54,Non-Auction Ads,Promote
20230807,1773463403323390 ,VN,,,1/1/00 0:00,,0.198,,0.54,Non-Auction Ads,Promote
20230807,1773543557846010 ,ID,,,1/1/00 0:00,,0.1975,,0.54,Non-Auction Ads,Promote
20230807,1773574703128570 ,PH,,,1/1/00 0:00,,0.1975,,0.54,Non-Auction Ads,Promote
20230807,1773476734049280 ,VN,,,1/1/00 0:00,,0.1973,,0.54,Non-Auction Ads,Promote
20230807,1773476376999930 ,VN,,,1/1/00 0:00,,0.1973,,0.54,Non-Auction Ads,Promote
20230807,1773568881077250 ,ID,,,1/1/00 0:00,,0.1971,,0.54,Non-Auction Ads,Promote
20230807,1773561495013370 ,ID,,,1/1/00 0:00,,0.197,,0.54,Non-Auction Ads,Promote
20230807,1773580934431740 ,ID,,,1/1/00 0:00,,0.197,,0.54,Non-Auction Ads,Promote
20230807,1773525629715450 ,ID,,,1/1/00 0:00,,0.197,,0.54,Non-Auction Ads,Promote
20230807,1773532691727360 ,ID,,,1/1/00 0:00,,0.197,,0.54,Non-Auction Ads,Promote
20230807,1773567321988090 ,TH,,,1/1/00 0:00,,0.1969,,0.54,Non-Auction Ads,Promote
20230807,1773600455488510 ,TR,,,1/1/00 0:00,,0.1965,,0.54,Non-Auction Ads,Promote
20230807,1773571638846460 ,PH,,,1/1/00 0:00,,0.1965,,0.54,Non-Auction Ads,Promote
20230807,1773549091417090 ,TR,,,1/1/00 0:00,,0.196,,0.54,Non-Auction Ads,Promote
20230807,1773566622757890 ,TH,,,1/1/00 0:00,,0.1959,,0.54,Non-Auction Ads,Promote
20230807,1773557973556220 ,ID,,,1/1/00 0:00,,0.1959,,0.54,Non-Auction Ads,Promote
20230807,1773505250496510 ,SA,,,1/1/00 0:00,,0.1955,,0.54,Non-Auction Ads,Promote
20230807,1773544411573240 ,TR,,,1/1/00 0:00,,0.1952,,0.54,Non-Auction Ads,Promote
20230807,1773537601825790 ,TH,,,1/1/00 0:00,,0.1948,,0.54,Non-Auction Ads,Promote
20230807,1773589617216510 ,PH,,,1/1/00 0:00,,0.1947,,0.54,Non-Auction Ads,Promote
20230807,1773588867269630 ,TR,,,1/1/00 0:00,,0.1946,,0.54,Non-Auction Ads,Promote
20230807,1773543395934200 ,TH,,,1/1/00 0:00,,0.1945,,0.54,Non-Auction Ads,Promote
20230807,1773491184472060 ,VN,,,1/1/00 0:00,,0.1945,,0.54,Non-Auction Ads,Promote
20230807,1773479264799740 ,VN,,,1/1/00 0:00,,0.1945,,0.54,Non-Auction Ads,Promote
20230807,1773502743859200 ,VN,,,1/1/00 0:00,,0.1945,,0.54,Non-Auction Ads,Promote
20230807,1773582504646650 ,TR,,,1/1/00 0:00,,0.1944,,0.54,Non-Auction Ads,Promote
20230807,1773539936220160 ,VN,,,1/1/00 0:00,,0.1943,,0.54,Non-Auction Ads,Promote
20230807,1773559082336250 ,PH,,,1/1/00 0:00,,0.1942,,0.54,Non-Auction Ads,Promote
20230807,1773581402520570 ,TR,,,1/1/00 0:00,,0.1941,,0.54,Non-Auction Ads,Promote
20230807,1773550141825020 ,ID,,,1/1/00 0:00,,0.194,,0.54,Non-Auction Ads,Promote
20230807,1773603280397340 ,BR,,,1/1/00 0:00,,0.1938,,0.54,Non-Auction Ads,Promote
20230807,1773546967160830 ,ID,,,1/1/00 0:00,,0.1938,,0.54,Non-Auction Ads,Promote
20230807,1773556384764920 ,PH,,,1/1/00 0:00,,0.1936,,0.54,Non-Auction Ads,Promote
20230807,1773563386305530 ,TR,,,1/1/00 0:00,,0.1935,,0.54,Non-Auction Ads,Promote
20230807,1773580915405820 ,TH,,,1/1/00 0:00,,0.1933,,0.54,Non-Auction Ads,Promote
20230807,1773567761936380 ,TH,,,1/1/00 0:00,,0.1931,,0.54,Non-Auction Ads,Promote
20230807,1773521068374010 ,TR,,,1/1/00 0:00,,0.1931,,0.54,Non-Auction Ads,Promote
20230807,1773590676577330 ,BR,,,1/1/00 0:00,,0.1927,,0.54,Non-Auction Ads,Promote
20230807,1773586685186050 ,TH,,,1/1/00 0:00,,0.1927,,0.54,Non-Auction Ads,Promote
20230807,1773532670193660 ,SA,,,1/1/00 0:00,,0.1925,,0.54,Non-Auction Ads,Promote
20230807,1773485339298810 ,SA,,,1/1/00 0:00,,0.1925,,0.54,Non-Auction Ads,Promote
20230807,1773532774764540 ,SA,,,1/1/00 0:00,,0.1925,,0.54,Non-Auction Ads,Promote
20230807,1773364522803200 ,SA,,,1/1/00 0:00,,0.1925,,0.54,Non-Auction Ads,Promote
20230807,1773602847088640 ,SA,,,1/1/00 0:00,,0.1925,,0.54,Non-Auction Ads,Promote
20230807,1773445126265850 ,SA,,,1/1/00 0:00,,0.1925,,0.54,Non-Auction Ads,Promote
20230807,1773582517662720 ,TR,,,1/1/00 0:00,,0.1922,,0.54,Non-Auction Ads,Promote
20230807,1773563247376380 ,TR,,,1/1/00 0:00,,0.1919,,0.54,Non-Auction Ads,Promote
20230807,1773574895357950 ,ID,,,1/1/00 0:00,,0.1918,,0.54,Non-Auction Ads,Promote
20230807,1773510330998780 ,TR,,,1/1/00 0:00,,0.1917,,0.54,Non-Auction Ads,Promote
20230807,1773519374892090 ,TR,,,1/1/00 0:00,,0.1915,,0.54,Non-Auction Ads,Promote
20230807,1773544903621630 ,TR,,,1/1/00 0:00,,0.1913,,0.54,Non-Auction Ads,Promote
20230807,1773570402654200 ,TR,,,1/1/00 0:00,,0.1912,,0.54,Non-Auction Ads,Promote
20230807,1773572223053840 ,HU,,,1/1/00 0:00,,0.1911,,0.54,Non-Auction Ads,Promote
20230807,1773558703521790 ,ID,,,1/1/00 0:00,,0.1908,,0.54,Non-Auction Ads,Promote
20230807,1773571802576890 ,ID,,,1/1/00 0:00,,0.1908,,0.54,Non-Auction Ads,Promote
20230807,1773560995776510 ,ID,,,1/1/00 0:00,,0.1908,,0.54,Non-Auction Ads,Promote
20230807,1773557676446720 ,ID,,,1/1/00 0:00,,0.1908,,0.54,Non-Auction Ads,Promote
20230807,1773531327136770 ,ID,,,1/1/00 0:00,,0.1907,,0.54,Non-Auction Ads,Promote
20230807,1773558722877440 ,TR,,,1/1/00 0:00,,0.1905,,0.54,Non-Auction Ads,Promote
20230807,1773578588631040 ,PH,,,1/1/00 0:00,,0.1905,,0.54,Non-Auction Ads,Promote
20230807,1773515431006210 ,SA,,,1/1/00 0:00,,0.1903,,0.54,Non-Auction Ads,Promote
20230807,1773559132222460 ,BR,,,1/1/00 0:00,,0.19,,0.54,Non-Auction Ads,Promote
20230807,1773559018346500 ,BR,,,1/1/00 0:00,,0.19,,0.54,Non-Auction Ads,Promote
20230807,1773547845414910 ,TH,,,1/1/00 0:00,,0.1895,,0.54,Non-Auction Ads,Promote
20230807,1773562708629570 ,TR,,,1/1/00 0:00,,0.189,,0.54,Non-Auction Ads,Promote
20230807,1773606847137790 ,BR,,,1/1/00 0:00,,0.1885,,0.54,Non-Auction Ads,Promote
20230807,1773540377986050 ,PH,,,1/1/00 0:00,,0.1883,,0.54,Non-Auction Ads,Promote
20230807,1773559890526200 ,TR,,,1/1/00 0:00,,0.1876,,0.54,Non-Auction Ads,Promote
20230807,1773559537505280 ,TR,,,1/1/00 0:00,,0.1876,,0.54,Non-Auction Ads,Promote
20230807,1773545211938810 ,KH,,,1/1/00 0:00,,0.1874,,0.54,Non-Auction Ads,Promote
20230807,1773472516747260 ,VN,,,1/1/00 0:00,,0.1873,,0.54,Non-Auction Ads,Promote
20230807,1773542834690040 ,PH,,,1/1/00 0:00,,0.187,,0.54,Non-Auction Ads,Promote
20230807,1773559864143870 ,ID,,,1/1/00 0:00,,0.187,,0.54,Non-Auction Ads,Promote
20230807,1773535363813370 ,PH,,,1/1/00 0:00,,0.187,,0.54,Non-Auction Ads,Promote
20230807,1773559422945280 ,ID,,,1/1/00 0:00,,0.187,,0.54,Non-Auction Ads,Promote
20230807,1773477067941880 ,VN,,,1/1/00 0:00,,0.1861,,0.54,Non-Auction Ads,Promote
20230807,1773477002449920 ,VN,,,1/1/00 0:00,,0.1861,,0.54,Non-Auction Ads,Promote
20230807,1773476935550970 ,VN,,,1/1/00 0:00,,0.1861,,0.54,Non-Auction Ads,Promote
20230807,1773473333801980 ,VN,,,1/1/00 0:00,,0.1861,,0.54,Non-Auction Ads,Promote
20230807,1773475828000770 ,VN,,,1/1/00 0:00,,0.1861,,0.54,Non-Auction Ads,Promote
20230807,1773553885255680 ,BR,,,1/1/00 0:00,,0.1859,,0.54,Non-Auction Ads,Promote
20230807,1773565591667730 ,BR,,,1/1/00 0:00,,0.1859,,0.54,Non-Auction Ads,Promote
20230807,1773564067149830 ,BR,,,1/1/00 0:00,,0.1859,,0.54,Non-Auction Ads,Promote
20230807,1773528226379770 ,TR,,,1/1/00 0:00,,0.1857,,0.54,Non-Auction Ads,Promote
20230807,1773555873838080 ,ID,,,1/1/00 0:00,,0.1857,,0.54,Non-Auction Ads,Promote
20230807,1773548909641730 ,ID,,,1/1/00 0:00,,0.1857,,0.54,Non-Auction Ads,Promote
20230807,1773596443373570 ,TH,,,1/1/00 0:00,,0.1857,,0.54,Non-Auction Ads,Promote
20230807,1773596641469440 ,TR,,,1/1/00 0:00,,0.1857,,0.54,Non-Auction Ads,Promote
20230807,1773591573592060 ,TR,,,1/1/00 0:00,,0.1855,,0.54,Non-Auction Ads,Promote
20230807,1773592618533890 ,PH,,,1/1/00 0:00,,0.1854,,0.54,Non-Auction Ads,Promote
20230807,1773487020166140 ,VN,,,1/1/00 0:00,,0.1853,,0.54,Non-Auction Ads,Promote
20230807,1773522395657210 ,TR,,,1/1/00 0:00,,0.1844,,0.54,Non-Auction Ads,Promote
20230807,1773599635229690 ,TR,,,1/1/00 0:00,,0.1842,,0.54,Non-Auction Ads,Promote
20230807,1773599879313410 ,TR,,,1/1/00 0:00,,0.1842,,0.54,Non-Auction Ads,Promote
20230807,1773498797157380 ,EG,,,1/1/00 0:00,,0.184,,0.54,Non-Auction Ads,Promote
20230807,1773499014936580 ,EG,,,1/1/00 0:00,,0.184,,0.54,Non-Auction Ads,Promote
20230807,1773572655612930 ,ID,,,1/1/00 0:00,,0.184,,0.54,Non-Auction Ads,Promote
20230807,1773589719862270 ,TR,,,1/1/00 0:00,,0.1835,,0.54,Non-Auction Ads,Promote
20230807,1773590013894650 ,TR,,,1/1/00 0:00,,0.1822,,0.54,Non-Auction Ads,Promote
20230807,1773482170033200 ,EG,,,1/1/00 0:00,,0.1821,,0.54,Non-Auction Ads,Promote
20230807,1773476420173860 ,EG,,,1/1/00 0:00,,0.1821,,0.54,Non-Auction Ads,Promote
20230807,1773474456003580 ,VN,,,1/1/00 0:00,,0.182,,0.54,Non-Auction Ads,Promote
20230807,1773464775610370 ,VN,,,1/1/00 0:00,,0.182,,0.54,Non-Auction Ads,Promote
20230807,1773548495312890 ,ID,,,1/1/00 0:00,,0.1817,,0.54,Non-Auction Ads,Promote
20230807,1773479155117050 ,VN,,,1/1/00 0:00,,0.1816,,0.54,Non-Auction Ads,Promote
20230807,1773479636853760 ,VN,,,1/1/00 0:00,,0.1816,,0.54,Non-Auction Ads,Promote
20230807,1773525614663680 ,ID,,,1/1/00 0:00,,0.1816,,0.54,Non-Auction Ads,Promote
20230807,1773533274059770 ,ID,,,1/1/00 0:00,,0.1816,,0.54,Non-Auction Ads,Promote
20230807,1773532342692860 ,ID,,,1/1/00 0:00,,0.1816,,0.54,Non-Auction Ads,Promote
20230807,1773544195996670 ,ID,,,1/1/00 0:00,,0.1815,,0.54,Non-Auction Ads,Promote
20230807,1773532932047870 ,ID,,,1/1/00 0:00,,0.1815,,0.54,Non-Auction Ads,Promote
20230807,1773614903152640 ,ID,,,1/1/00 0:00,,0.1813,,0.54,Non-Auction Ads,Promote
20230807,1773479363176450 ,VN,,,1/1/00 0:00,,0.1813,,0.54,Non-Auction Ads,Promote
20230807,1773615163072510 ,ID,,,1/1/00 0:00,,0.1813,,0.54,Non-Auction Ads,Promote
20230807,1773594308067320 ,TR,,,1/1/00 0:00,,0.1812,,0.54,Non-Auction Ads,Promote
20230807,1773526115363840 ,TR,,,1/1/00 0:00,,0.1812,,0.54,Non-Auction Ads,Promote
20230807,1773513644247040 ,TR,,,1/1/00 0:00,,0.1812,,0.54,Non-Auction Ads,Promote
20230807,1773562310475770 ,TR,,,1/1/00 0:00,,0.1812,,0.54,Non-Auction Ads,Promote
20230807,1773537618091000 ,ID,,,1/1/00 0:00,,0.181,,0.54,Non-Auction Ads,Promote
20230807,1773574393479160 ,ID,,,1/1/00 0:00,,0.1805,,0.54,Non-Auction Ads,Promote
20230807,1773514981659640 ,TR,,,1/1/00 0:00,,0.1804,,0.54,Non-Auction Ads,Promote
20230807,1773555414596610 ,TR,,,1/1/00 0:00,,0.1799,,0.54,Non-Auction Ads,Promote
20230807,1773515533764600 ,TR,,,1/1/00 0:00,,0.1799,,0.54,Non-Auction Ads,Promote
20230807,1773525515929600 ,FI,,,1/1/00 0:00,,0.1796,,0.54,Non-Auction Ads,Promote
20230807,1773531791966210 ,ID,,,1/1/00 0:00,,0.1796,,0.54,Non-Auction Ads,Promote
20230807,1773586430738430 ,TR,,,1/1/00 0:00,,0.1794,,0.54,Non-Auction Ads,Promote
20230807,1773595976388600 ,TR,,,1/1/00 0:00,,0.1793,,0.54,Non-Auction Ads,Promote
20230807,1773539251305470 ,VN,,,1/1/00 0:00,,0.1791,,0.54,Non-Auction Ads,Promote
20230807,1773569609635840 ,TR,,,1/1/00 0:00,,0.1791,,0.54,Non-Auction Ads,Promote
20230807,1773569623016440 ,TR,,,1/1/00 0:00,,0.1791,,0.54,Non-Auction Ads,Promote
20230807,1773569560616060 ,TR,,,1/1/00 0:00,,0.1791,,0.54,Non-Auction Ads,Promote
20230807,1773564632794110 ,ID,,,1/1/00 0:00,,0.1787,,0.54,Non-Auction Ads,Promote
20230807,1773584506176510 ,TR,,,1/1/00 0:00,,0.1783,,0.54,Non-Auction Ads,Promote
20230807,1773584506176510 ,TR,,,1/1/00 0:00,,0.1783,,0.54,Non-Auction Ads,Promote
20230807,1773569391992890 ,TR,,,1/1/00 0:00,,0.1783,,0.54,Non-Auction Ads,Promote
20230807,1773597165016060 ,TR,,,1/1/00 0:00,,0.1783,,0.54,Non-Auction Ads,Promote
20230807,1773579365742590 ,TR,,,1/1/00 0:00,,0.1783,,0.54,Non-Auction Ads,Promote
20230807,1773561149031420 ,TR,,,1/1/00 0:00,,0.1783,,0.54,Non-Auction Ads,Promote
20230807,1773557341322300 ,ID,,,1/1/00 0:00,,0.1783,,0.54,Non-Auction Ads,Promote
20230807,1773590587236350 ,TR,,,1/1/00 0:00,,0.1783,,0.54,Non-Auction Ads,Promote
20230807,1773569716561920 ,TR,,,1/1/00 0:00,,0.1783,,0.54,Non-Auction Ads,Promote
20230807,1773574273385470 ,PH,,,1/1/00 0:00,,0.178,,0.54,Non-Auction Ads,Promote
20230807,1773523082101760 ,TR,,,1/1/00 0:00,,0.1777,,0.54,Non-Auction Ads,Promote
20230807,1773567958274060 ,PH,,,1/1/00 0:00,,0.1772,,0.54,Non-Auction Ads,Promote
20230807,1773557921045500 ,TR,,,1/1/00 0:00,,0.1771,,0.54,Non-Auction Ads,Promote
20230807,1773555527046140 ,TR,,,1/1/00 0:00,,0.1771,,0.54,Non-Auction Ads,Promote
20230807,1773554606834690 ,TR,,,1/1/00 0:00,,0.1771,,0.54,Non-Auction Ads,Promote
20230807,1773572283625470 ,TR,,,1/1/00 0:00,,0.1771,,0.54,Non-Auction Ads,Promote
20230807,1773555034100730 ,TR,,,1/1/00 0:00,,0.1771,,0.54,Non-Auction Ads,Promote
20230807,1773554928803840 ,TR,,,1/1/00 0:00,,0.1771,,0.54,Non-Auction Ads,Promote
20230807,1773555224113150 ,TR,,,1/1/00 0:00,,0.1771,,0.54,Non-Auction Ads,Promote
20230807,1773546388441080 ,PH,,,1/1/00 0:00,,0.1769,,0.54,Non-Auction Ads,Promote
20230807,1773543647620090 ,ID,,,1/1/00 0:00,,0.1762,,0.54,Non-Auction Ads,Promote
20230807,1773601998721020 ,ID,,,1/1/00 0:00,,0.176,,0.54,Non-Auction Ads,Promote
20230807,1773536313846780 ,VN,,,1/1/00 0:00,,0.1759,,0.54,Non-Auction Ads,Promote
20230807,1773493033970690 ,VN,,,1/1/00 0:00,,0.1759,,0.54,Non-Auction Ads,Promote
20230807,1773476294195200 ,VN,,,1/1/00 0:00,,0.1757,,0.54,Non-Auction Ads,Promote
20230807,1773576262408190 ,ID,,,1/1/00 0:00,,0.1756,,0.54,Non-Auction Ads,Promote
20230807,1773484967065600 ,VN,,,1/1/00 0:00,,0.1754,,0.54,Non-Auction Ads,Promote
20230807,1773612473834500 ,PT,,,1/1/00 0:00,,0.1754,,0.54,Non-Auction Ads,Promote
20230807,1773485586756610 ,VN,,,1/1/00 0:00,,0.1754,,0.54,Non-Auction Ads,Promote
20230807,1773484748918780 ,VN,,,1/1/00 0:00,,0.1754,,0.54,Non-Auction Ads,Promote
20230807,1773612034076670 ,PT,,,1/1/00 0:00,,0.1754,,0.54,Non-Auction Ads,Promote
20230807,1773609818443780 ,PT,,,1/1/00 0:00,,0.1754,,0.54,Non-Auction Ads,Promote
20230807,1773541570373630 ,VN,,,1/1/00 0:00,,0.1753,,0.54,Non-Auction Ads,Promote
20230807,1773593977917440 ,ID,,,1/1/00 0:00,,0.1752,,0.54,Non-Auction Ads,Promote
20230807,1773538384222200 ,ID,,,1/1/00 0:00,,0.175,,0.54,Non-Auction Ads,Promote
20230807,1773551195058170 ,TR,,,1/1/00 0:00,,0.1747,,0.54,Non-Auction Ads,Promote
20230807,1773529547916290 ,BR,,,1/1/00 0:00,,0.1744,,0.54,Non-Auction Ads,Promote
20230807,1773597127418880 ,BR,,,1/1/00 0:00,,0.1744,,0.54,Non-Auction Ads,Promote
20230807,1773551846587390 ,PH,,,1/1/00 0:00,,0.1742,,0.54,Non-Auction Ads,Promote
20230807,1773548880048130 ,PH,,,1/1/00 0:00,,0.1741,,0.54,Non-Auction Ads,Promote
20230807,1773480469095420 ,VN,,,1/1/00 0:00,,0.1736,,0.54,Non-Auction Ads,Promote
20230807,1773541949387770 ,TH,,,1/1/00 0:00,,0.1732,,0.54,Non-Auction Ads,Promote
20230807,1773490937857020 ,VN,,,1/1/00 0:00,,0.1729,,0.54,Non-Auction Ads,Promote
20230807,1773476221207550 ,VN,,,1/1/00 0:00,,0.1729,,0.54,Non-Auction Ads,Promote
20230807,1773476023061500 ,VN,,,1/1/00 0:00,,0.1729,,0.54,Non-Auction Ads,Promote
20230807,1773476196306940 ,VN,,,1/1/00 0:00,,0.1729,,0.54,Non-Auction Ads,Promote
20230807,1773476052574200 ,VN,,,1/1/00 0:00,,0.1729,,0.54,Non-Auction Ads,Promote
20230807,1773476170869760 ,VN,,,1/1/00 0:00,,0.1729,,0.54,Non-Auction Ads,Promote
20230807,1773576922818560 ,TH,,,1/1/00 0:00,,0.1724,,0.54,Non-Auction Ads,Promote
20230807,1773540041445370 ,ID,,,1/1/00 0:00,,0.171,,0.54,Non-Auction Ads,Promote
20230807,1773537593341950 ,PH,,,1/1/00 0:00,,0.1705,,0.54,Non-Auction Ads,Promote
20230807,1773535999705090 ,ID,,,1/1/00 0:00,,0.1697,,0.54,Non-Auction Ads,Promote
20230807,1773556748802050 ,TR,,,1/1/00 0:00,,0.1693,,0.54,Non-Auction Ads,Promote
20230807,1773555743494140 ,ID,,,1/1/00 0:00,,0.1692,,0.54,Non-Auction Ads,Promote
20230807,1773537453514750 ,VN,,,1/1/00 0:00,,0.1691,,0.54,Non-Auction Ads,Promote
20230807,1773527705539580 ,VN,,,1/1/00 0:00,,0.1674,,0.54,Non-Auction Ads,Promote
20230807,1773573770803200 ,MY,,,1/1/00 0:00,,0.1672,,0.54,Non-Auction Ads,Promote
20230807,1773570197776380 ,MY,,,1/1/00 0:00,,0.1672,,0.54,Non-Auction Ads,Promote
20230807,1773575292277760 ,MY,,,1/1/00 0:00,,0.1672,,0.54,Non-Auction Ads,Promote
20230807,1773574431133690 ,MY,,,1/1/00 0:00,,0.1672,,0.54,Non-Auction Ads,Promote
20230807,1773597497178110 ,ID,,,1/1/00 0:00,,0.1671,,0.54,Non-Auction Ads,Promote
20230807,1773447549970430 ,VN,,,1/1/00 0:00,,0.1669,,0.54,Non-Auction Ads,Promote
20230807,1773572104553470 ,ID,,,1/1/00 0:00,,0.1667,,0.54,Non-Auction Ads,Promote
20230807,1773612157854720 ,ID,,,1/1/00 0:00,,0.1665,,0.54,Non-Auction Ads,Promote
20230807,1773551061706750 ,ID,,,1/1/00 0:00,,0.1661,,0.54,Non-Auction Ads,Promote
20230807,1773539508787200 ,ID,,,1/1/00 0:00,,0.1659,,0.54,Non-Auction Ads,Promote
20230807,1773494417393660 ,VN,,,1/1/00 0:00,,0.1658,,0.54,Non-Auction Ads,Promote
20230807,1773569864508410 ,ID,,,1/1/00 0:00,,0.1657,,0.54,Non-Auction Ads,Promote
20230807,1773569914618880 ,ID,,,1/1/00 0:00,,0.1657,,0.54,Non-Auction Ads,Promote
20230807,1773580582331390 ,ID,,,1/1/00 0:00,,0.1656,,0.54,Non-Auction Ads,Promote
20230807,1773533151287290 ,ID,,,1/1/00 0:00,,0.1656,,0.54,Non-Auction Ads,Promote
20230807,1773533123420160 ,ID,,,1/1/00 0:00,,0.1656,,0.54,Non-Auction Ads,Promote
20230807,1773564142769150 ,ID,,,1/1/00 0:00,,0.1656,,0.54,Non-Auction Ads,Promote
20230807,1773600623655930 ,ID,,,1/1/00 0:00,,0.1655,,0.54,Non-Auction Ads,Promote
20230807,1773534349666300 ,ID,,,1/1/00 0:00,,0.1652,,0.54,Non-Auction Ads,Promote
20230807,1773560229912570 ,ID,,,1/1/00 0:00,,0.1652,,0.54,Non-Auction Ads,Promote
20230807,1773569153596410 ,ID,,,1/1/00 0:00,,0.1652,,0.54,Non-Auction Ads,Promote
20230807,1773558800921600 ,ID,,,1/1/00 0:00,,0.1652,,0.54,Non-Auction Ads,Promote
20230807,1773597510222840 ,TR,,,1/1/00 0:00,,0.1651,,0.54,Non-Auction Ads,Promote
20230807,1773597849732090 ,TR,,,1/1/00 0:00,,0.1651,,0.54,Non-Auction Ads,Promote
20230807,1773535651914750 ,ID,,,1/1/00 0:00,,0.1648,,0.54,Non-Auction Ads,Promote
20230807,1773532980065280 ,ID,,,1/1/00 0:00,,0.1648,,0.54,Non-Auction Ads,Promote
20230807,1773465924611070 ,VN,,,1/1/00 0:00,,0.1647,,0.54,Non-Auction Ads,Promote
20230807,1773578676280320 ,PL,,,1/1/00 0:00,,0.1642,,0.54,Non-Auction Ads,Promote
20230807,1773550149327870 ,TR,,,1/1/00 0:00,,0.164,,0.54,Non-Auction Ads,Promote
20230807,1773527012184060 ,TR,,,1/1/00 0:00,,0.164,,0.54,Non-Auction Ads,Promote
20230807,1773566542216190 ,PH,,,1/1/00 0:00,,0.1636,,0.54,Non-Auction Ads,Promote
20230807,1773537029812220 ,VN,,,1/1/00 0:00,,0.1631,,0.54,Non-Auction Ads,Promote
20230807,1773473158502400 ,VN,,,1/1/00 0:00,,0.1627,,0.54,Non-Auction Ads,Promote
20230807,1773530579132410 ,TH,,,1/1/00 0:00,,0.1627,,0.54,Non-Auction Ads,Promote
20230807,1773473709983740 ,VN,,,1/1/00 0:00,,0.1627,,0.54,Non-Auction Ads,Promote
20230807,1773475679857660 ,VN,,,1/1/00 0:00,,0.1627,,0.54,Non-Auction Ads,Promote
20230807,1773475420150780 ,VN,,,1/1/00 0:00,,0.1627,,0.54,Non-Auction Ads,Promote
20230807,1773472917569530 ,VN,,,1/1/00 0:00,,0.1627,,0.54,Non-Auction Ads,Promote
20230807,1773475549322240 ,VN,,,1/1/00 0:00,,0.1627,,0.54,Non-Auction Ads,Promote
20230807,1773564650891260 ,ID,,,1/1/00 0:00,,0.1625,,0.54,Non-Auction Ads,Promote
20230807,1773554420345850 ,ID,,,1/1/00 0:00,,0.1624,,0.54,Non-Auction Ads,Promote
20230807,1773565809047550 ,ID,,,1/1/00 0:00,,0.1624,,0.54,Non-Auction Ads,Promote
20230807,1773482396410880 ,VN,,,1/1/00 0:00,,0.162,,0.54,Non-Auction Ads,Promote
20230807,1773550536700920 ,PH,,,1/1/00 0:00,,0.1615,,0.54,Non-Auction Ads,Promote
20230807,1773559775070210 ,RO,,,1/1/00 0:00,,0.1609,,0.54,Non-Auction Ads,Promote
20230807,1773607564495870 ,SA,,,1/1/00 0:00,,0.1609,,0.54,Non-Auction Ads,Promote
20230807,1773592419773440 ,SA,,,1/1/00 0:00,,0.1609,,0.54,Non-Auction Ads,Promote
20230807,1773595974913020 ,TR,,,1/1/00 0:00,,0.1606,,0.54,Non-Auction Ads,Promote
20230807,1773595668865020 ,TR,,,1/1/00 0:00,,0.1606,,0.54,Non-Auction Ads,Promote
20230807,1773477976170490 ,VN,,,1/1/00 0:00,,0.1605,,0.54,Non-Auction Ads,Promote
20230807,1773587048848380 ,SA,,,1/1/00 0:00,,0.1604,,0.54,Non-Auction Ads,Promote
20230807,1773586971603960 ,SA,,,1/1/00 0:00,,0.1604,,0.54,Non-Auction Ads,Promote
20230807,1773587007215610 ,SA,,,1/1/00 0:00,,0.1604,,0.54,Non-Auction Ads,Promote
20230807,1773586350967800 ,SA,,,1/1/00 0:00,,0.1604,,0.54,Non-Auction Ads,Promote
20230807,1773590488366080 ,TR,,,1/1/00 0:00,,0.1602,,0.54,Non-Auction Ads,Promote
20230807,1773569055706110 ,TH,,,1/1/00 0:00,,0.1592,,0.54,Non-Auction Ads,Promote
20230807,1773570088690690 ,TH,,,1/1/00 0:00,,0.1592,,0.54,Non-Auction Ads,Promote
20230807,1773585274819580 ,TR,,,1/1/00 0:00,,0.1591,,0.54,Non-Auction Ads,Promote
20230807,1773584934880250 ,TR,,,1/1/00 0:00,,0.1591,,0.54,Non-Auction Ads,Promote
20230807,1773576825999360 ,TR,,,1/1/00 0:00,,0.1591,,0.54,Non-Auction Ads,Promote
20230807,1773568799026170 ,ID,,,1/1/00 0:00,,0.1589,,0.54,Non-Auction Ads,Promote
20230807,1773584729825280 ,TR,,,1/1/00 0:00,,0.1583,,0.54,Non-Auction Ads,Promote
20230807,1773599964283900 ,TR,,,1/1/00 0:00,,0.1583,,0.54,Non-Auction Ads,Promote
20230807,1773558848967680 ,ID,,,1/1/00 0:00,,0.1572,,0.54,Non-Auction Ads,Promote
20230807,1773526631197690 ,ID,,,1/1/00 0:00,,0.1561,,0.54,Non-Auction Ads,Promote
20230807,1773531362055160 ,ID,,,1/1/00 0:00,,0.1561,,0.54,Non-Auction Ads,Promote
20230807,1773559525730300 ,TR,,,1/1/00 0:00,,0.1559,,0.54,Non-Auction Ads,Promote
20230807,1773572786931710 ,TR,,,1/1/00 0:00,,0.1559,,0.54,Non-Auction Ads,Promote
20230807,1773566805410810 ,PH,,,1/1/00 0:00,,0.1557,,0.54,Non-Auction Ads,Promote
20230807,1773547278676990 ,VN,,,1/1/00 0:00,,0.1544,,0.54,Non-Auction Ads,Promote
20230807,1773530638723070 ,ID,,,1/1/00 0:00,,0.1543,,0.54,Non-Auction Ads,Promote
20230807,1773612573827070 ,ID,,,1/1/00 0:00,,0.1535,,0.54,Non-Auction Ads,Promote
20230807,1773556665583610 ,PH,,,1/1/00 0:00,,0.1535,,0.54,Non-Auction Ads,Promote
20230807,1773540005628920 ,ID,,,1/1/00 0:00,,0.1535,,0.54,Non-Auction Ads,Promote
20230807,1773573766238210 ,PH,,,1/1/00 0:00,,0.1534,,0.54,Non-Auction Ads,Promote
20230807,1773550785331200 ,PH,,,1/1/00 0:00,,0.1532,,0.54,Non-Auction Ads,Promote
20230807,1773537390051320 ,PH,,,1/1/00 0:00,,0.1532,,0.54,Non-Auction Ads,Promote
20230807,1773595241446400 ,ID,,,1/1/00 0:00,,0.1529,,0.54,Non-Auction Ads,Promote
20230807,1773587062724610 ,TR,,,1/1/00 0:00,,0.1526,,0.54,Non-Auction Ads,Promote
20230807,1773587797970940 ,TR,,,1/1/00 0:00,,0.1526,,0.54,Non-Auction Ads,Promote
20230807,1773550504418300 ,PH,,,1/1/00 0:00,,0.1524,,0.54,Non-Auction Ads,Promote
20230807,1773538524389370 ,PH,,,1/1/00 0:00,,0.1524,,0.54,Non-Auction Ads,Promote
20230807,1773537968490490 ,PH,,,1/1/00 0:00,,0.1524,,0.54,Non-Auction Ads,Promote
20230807,1773546684745720 ,PH,,,1/1/00 0:00,,0.1524,,0.54,Non-Auction Ads,Promote
20230807,1773550903096320 ,PH,,,1/1/00 0:00,,0.1524,,0.54,Non-Auction Ads,Promote
20230807,1773542327900160 ,PH,,,1/1/00 0:00,,0.1522,,0.54,Non-Auction Ads,Promote
20230807,1773543589225470 ,PH,,,1/1/00 0:00,,0.1522,,0.54,Non-Auction Ads,Promote
20230807,1773604713424900 ,BR,,,1/1/00 0:00,,0.1518,,0.54,Non-Auction Ads,Promote
20230807,1773587405570050 ,PH,,,1/1/00 0:00,,0.1515,,0.54,Non-Auction Ads,Promote
20230807,1773591230592000 ,ID,,,1/1/00 0:00,,0.1514,,0.54,Non-Auction Ads,Promote
20230807,1773477768853500 ,VN,,,1/1/00 0:00,,0.1511,,0.54,Non-Auction Ads,Promote
20230807,1773478066079740 ,VN,,,1/1/00 0:00,,0.1511,,0.54,Non-Auction Ads,Promote
20230807,1773547830990850 ,PH,,,1/1/00 0:00,,0.1508,,0.54,Non-Auction Ads,Promote
20230807,1773554944602110 ,TH,,,1/1/00 0:00,,0.15,,0.54,Non-Auction Ads,Promote
20230807,1773581243137020 ,TR,,,1/1/00 0:00,,0.1495,,0.54,Non-Auction Ads,Promote
20230807,1773583553262590 ,TR,,,1/1/00 0:00,,0.1495,,0.54,Non-Auction Ads,Promote
20230807,1773460447460350 ,VN,,,1/1/00 0:00,,0.1494,,0.54,Non-Auction Ads,Promote
20230807,1773510675167230 ,TR,,,1/1/00 0:00,,0.1486,,0.54,Non-Auction Ads,Promote
20230807,1773510096847870 ,EG,,,1/1/00 0:00,,0.1485,,0.54,Non-Auction Ads,Promote
20230807,1773549729996800 ,TR,,,1/1/00 0:00,,0.1485,,0.54,Non-Auction Ads,Promote
20230807,1773594472976380 ,PH,,,1/1/00 0:00,,0.1484,,0.54,Non-Auction Ads,Promote
20230807,1773562288592890 ,TR,,,1/1/00 0:00,,0.1483,,0.54,Non-Auction Ads,Promote
20230807,1773528397871100 ,KH,,,1/1/00 0:00,,0.1483,,0.54,Non-Auction Ads,Promote
20230807,1773570709069820 ,KH,,,1/1/00 0:00,,0.1483,,0.54,Non-Auction Ads,Promote
20230807,1773591124913150 ,TR,,,1/1/00 0:00,,0.1479,,0.54,Non-Auction Ads,Promote
20230807,1773586987886590 ,TH,,,1/1/00 0:00,,0.1476,,0.54,Non-Auction Ads,Promote
20230807,1773530713781240 ,PH,,,1/1/00 0:00,,0.1472,,0.54,Non-Auction Ads,Promote
20230807,1773591114610680 ,TR,,,1/1/00 0:00,,0.147,,0.54,Non-Auction Ads,Promote
20230807,1773550179022840 ,MY,,,1/1/00 0:00,,0.1468,,0.54,Non-Auction Ads,Promote
20230807,1773550074172480 ,MY,,,1/1/00 0:00,,0.1468,,0.54,Non-Auction Ads,Promote
20230807,1773549950220290 ,MY,,,1/1/00 0:00,,0.1468,,0.54,Non-Auction Ads,Promote
20230807,1773560875546620 ,ID,,,1/1/00 0:00,,0.1467,,0.54,Non-Auction Ads,Promote
20230807,1773593544211450 ,TR,,,1/1/00 0:00,,0.1462,,0.54,Non-Auction Ads,Promote
20230807,1773516963302400 ,TR,,,1/1/00 0:00,,0.1461,,0.54,Non-Auction Ads,Promote
20230807,1773574295531520 ,ID,,,1/1/00 0:00,,0.146,,0.54,Non-Auction Ads,Promote
20230807,1773573707228160 ,TH,,,1/1/00 0:00,,0.146,,0.54,Non-Auction Ads,Promote
20230807,1773599179185150 ,TR,,,1/1/00 0:00,,0.1454,,0.54,Non-Auction Ads,Promote
20230807,1773599406321660 ,TR,,,1/1/00 0:00,,0.1454,,0.54,Non-Auction Ads,Promote
20230807,1773599208306690 ,TR,,,1/1/00 0:00,,0.1454,,0.54,Non-Auction Ads,Promote
20230807,1773593150741500 ,TR,,,1/1/00 0:00,,0.1454,,0.54,Non-Auction Ads,Promote
20230807,1773555636887550 ,TH,,,1/1/00 0:00,,0.1454,,0.54,Non-Auction Ads,Promote
20230807,1773556394910720 ,TH,,,1/1/00 0:00,,0.1453,,0.54,Non-Auction Ads,Promote
20230807,1773528860772350 ,TR,,,1/1/00 0:00,,0.1449,,0.54,Non-Auction Ads,Promote
20230807,1773587029048320 ,TR,,,1/1/00 0:00,,0.1449,,0.54,Non-Auction Ads,Promote
20230807,1773585056033790 ,TH,,,1/1/00 0:00,,0.1446,,0.54,Non-Auction Ads,Promote
20230807,1773575651047420 ,TH,,,1/1/00 0:00,,0.1446,,0.54,Non-Auction Ads,Promote
20230807,1773576481629180 ,TH,,,1/1/00 0:00,,0.1446,,0.54,Non-Auction Ads,Promote
20230807,1773533262740480 ,PH,,,1/1/00 0:00,,0.1438,,0.54,Non-Auction Ads,Promote
20230807,1773517864885250 ,TR,,,1/1/00 0:00,,0.1438,,0.54,Non-Auction Ads,Promote
20230807,1773552554862590 ,TR,,,1/1/00 0:00,,0.1438,,0.54,Non-Auction Ads,Promote
20230807,1773518178066430 ,TR,,,1/1/00 0:00,,0.1438,,0.54,Non-Auction Ads,Promote
20230807,1773518347473920 ,TR,,,1/1/00 0:00,,0.1438,,0.54,Non-Auction Ads,Promote
20230807,1773579001306110 ,TR,,,1/1/00 0:00,,0.1434,,0.54,Non-Auction Ads,Promote
20230807,1773605853883390 ,ID,,,1/1/00 0:00,,0.1432,,0.54,Non-Auction Ads,Promote
20230807,1773605434024960 ,ID,,,1/1/00 0:00,,0.1432,,0.54,Non-Auction Ads,Promote
20230807,1773543605353470 ,PH,,,1/1/00 0:00,,0.1428,,0.54,Non-Auction Ads,Promote
20230807,1773583531953150 ,ID,,,1/1/00 0:00,,0.1428,,0.54,Non-Auction Ads,Promote
20230807,1773543641502720 ,ID,,,1/1/00 0:00,,0.1427,,0.54,Non-Auction Ads,Promote
20230807,1773552078306300 ,TR,,,1/1/00 0:00,,0.1427,,0.54,Non-Auction Ads,Promote
20230807,1773543641502720 ,ID,,,1/1/00 0:00,,0.1427,,0.54,Non-Auction Ads,Promote
20230807,1773568978983930 ,PH,,,1/1/00 0:00,,0.1425,,0.54,Non-Auction Ads,Promote
20230807,1773561364908030 ,PH,,,1/1/00 0:00,,0.1424,,0.54,Non-Auction Ads,Promote
20230807,1773565131826170 ,PH,,,1/1/00 0:00,,0.1424,,0.54,Non-Auction Ads,Promote
20230807,1773556269385730 ,PH,,,1/1/00 0:00,,0.1424,,0.54,Non-Auction Ads,Promote
20230807,1773554347830270 ,PH,,,1/1/00 0:00,,0.1424,,0.54,Non-Auction Ads,Promote
20230807,1773567716173820 ,PH,,,1/1/00 0:00,,0.1424,,0.54,Non-Auction Ads,Promote
20230807,1773451658110010 ,VN,,,1/1/00 0:00,,0.1423,,0.54,Non-Auction Ads,Promote
20230807,1773589152174080 ,ID,,,1/1/00 0:00,,0.1421,,0.54,Non-Auction Ads,Promote
20230807,1773566339153920 ,PH,,,1/1/00 0:00,,0.1418,,0.54,Non-Auction Ads,Promote
20230807,1773568568563710 ,PH,,,1/1/00 0:00,,0.1418,,0.54,Non-Auction Ads,Promote
20230807,1773569020606460 ,ID,,,1/1/00 0:00,,0.1416,,0.54,Non-Auction Ads,Promote
20230807,1773562276874240 ,ID,,,1/1/00 0:00,,0.1416,,0.54,Non-Auction Ads,Promote
20230807,1773538996710400 ,ID,,,1/1/00 0:00,,0.1416,,0.54,Non-Auction Ads,Promote
20230807,1773597179784190 ,ID,,,1/1/00 0:00,,0.1416,,0.54,Non-Auction Ads,Promote
20230807,1773568984173570 ,ID,,,1/1/00 0:00,,0.1416,,0.54,Non-Auction Ads,Promote
20230807,1773597038683130 ,ID,,,1/1/00 0:00,,0.1416,,0.54,Non-Auction Ads,Promote
20230807,1773569243346940 ,ID,,,1/1/00 0:00,,0.1416,,0.54,Non-Auction Ads,Promote
20230807,1773587469878270 ,ID,,,1/1/00 0:00,,0.1411,,0.54,Non-Auction Ads,Promote
20230807,1773584334889980 ,TH,,,1/1/00 0:00,,0.1409,,0.54,Non-Auction Ads,Promote
20230807,1773560750662650 ,TR,,,1/1/00 0:00,,0.1403,,0.54,Non-Auction Ads,Promote
20230807,1773542930463740 ,ID,,,1/1/00 0:00,,0.1402,,0.54,Non-Auction Ads,Promote
20230807,1773544077631490 ,ID,,,1/1/00 0:00,,0.1398,,0.54,Non-Auction Ads,Promote
20230807,1773460140969980 ,VN,,,1/1/00 0:00,,0.1391,,0.54,Non-Auction Ads,Promote
20230807,1773565629572090 ,PH,,,1/1/00 0:00,,0.1387,,0.54,Non-Auction Ads,Promote
20230807,1773566793571330 ,PH,,,1/1/00 0:00,,0.1387,,0.54,Non-Auction Ads,Promote
20230807,1773530328632320 ,BR,,,1/1/00 0:00,,0.1386,,0.54,Non-Auction Ads,Promote
20230807,1773588849815550 ,TR,,,1/1/00 0:00,,0.1385,,0.54,Non-Auction Ads,Promote
20230807,1773574252372030 ,TR,,,1/1/00 0:00,,0.1385,,0.54,Non-Auction Ads,Promote
20230807,1773555286720510 ,KH,,,1/1/00 0:00,,0.1384,,0.54,Non-Auction Ads,Promote
20230807,1773510657478650 ,TR,,,1/1/00 0:00,,0.1382,,0.54,Non-Auction Ads,Promote
20230807,1773597566718970 ,TR,,,1/1/00 0:00,,0.1355,,0.54,Non-Auction Ads,Promote
20230807,1773566354468860 ,PH,,,1/1/00 0:00,,0.1346,,0.54,Non-Auction Ads,Promote
20230807,1773564191961080 ,PH,,,1/1/00 0:00,,0.1339,,0.54,Non-Auction Ads,Promote
20230807,1773553680437250 ,PH,,,1/1/00 0:00,,0.1339,,0.54,Non-Auction Ads,Promote
20230807,1773612546323450 ,ID,,,1/1/00 0:00,,0.1333,,0.54,Non-Auction Ads,Promote
20230807,1773556108208120 ,SA,,,1/1/00 0:00,,0.1322,,0.54,Non-Auction Ads,Promote
20230807,1773593599211520 ,TR,,,1/1/00 0:00,,0.1314,,0.54,Non-Auction Ads,Promote
20230807,1773509819195390 ,TR,,,1/1/00 0:00,,0.1311,,0.54,Non-Auction Ads,Promote
20230807,1773581654248450 ,TR,,,1/1/00 0:00,,0.1308,,0.54,Non-Auction Ads,Promote
20230807,1773581529364480 ,TR,,,1/1/00 0:00,,0.1308,,0.54,Non-Auction Ads,Promote
20230807,1773583903507450 ,PH,,,1/1/00 0:00,,0.1304,,0.54,Non-Auction Ads,Promote
20230807,1773584459020280 ,PH,,,1/1/00 0:00,,0.1304,,0.54,Non-Auction Ads,Promote
20230807,1773589171553280 ,PH,,,1/1/00 0:00,,0.1304,,0.54,Non-Auction Ads,Promote
20230807,1773589129372670 ,PH,,,1/1/00 0:00,,0.1304,,0.54,Non-Auction Ads,Promote
20230807,1773568535305210 ,TR,,,1/1/00 0:00,,0.1297,,0.54,Non-Auction Ads,Promote
20230807,1773571030398970 ,ID,,,1/1/00 0:00,,0.1293,,0.54,Non-Auction Ads,Promote
20230807,1773543816281080 ,TR,,,1/1/00 0:00,,0.1289,,0.54,Non-Auction Ads,Promote
20230807,1773544046380030 ,PH,,,1/1/00 0:00,,0.1286,,0.54,Non-Auction Ads,Promote
20230807,1773591784889340 ,TR,,,1/1/00 0:00,,0.1276,,0.54,Non-Auction Ads,Promote
20230807,1773589211067390 ,TR,,,1/1/00 0:00,,0.1276,,0.54,Non-Auction Ads,Promote
20230807,1773593920064510 ,TR,,,1/1/00 0:00,,0.1276,,0.54,Non-Auction Ads,Promote
20230807,1773595916695550 ,GB,,,1/1/00 0:00,,0.1272,,0.54,Non-Auction Ads,Promote
20230807,1773519512868860 ,TR,,,1/1/00 0:00,,0.1265,,0.54,Non-Auction Ads,Promote
20230807,1773528914423800 ,VN,,,1/1/00 0:00,,0.1264,,0.54,Non-Auction Ads,Promote
20230807,1773528914423800 ,VN,,,1/1/00 0:00,,0.1264,,0.54,Non-Auction Ads,Promote
20230807,1773479866243070 ,VN,,,1/1/00 0:00,,0.1264,,0.54,Non-Auction Ads,Promote
20230807,1773486423015420 ,VN,,,1/1/00 0:00,,0.1264,,0.54,Non-Auction Ads,Promote
20230807,1773573748788220 ,ID,,,1/1/00 0:00,,0.1264,,0.54,Non-Auction Ads,Promote
20230807,1773577533253630 ,TR,,,1/1/00 0:00,,0.1261,,0.54,Non-Auction Ads,Promote
20230807,1773577533253630 ,TR,,,1/1/00 0:00,,0.1261,,0.54,Non-Auction Ads,Promote
20230807,1773585844815870 ,TR,,,1/1/00 0:00,,0.1239,,0.54,Non-Auction Ads,Promote
20230807,1773530559393790 ,PH,,,1/1/00 0:00,,0.1238,,0.54,Non-Auction Ads,Promote
20230807,1773569873149950 ,TR,,,1/1/00 0:00,,0.1238,,0.54,Non-Auction Ads,Promote
20230807,1773511087621120 ,TR,,,1/1/00 0:00,,0.1233,,0.54,Non-Auction Ads,Promote
20230807,1773547476405240 ,TR,,,1/1/00 0:00,,0.1232,,0.54,Non-Auction Ads,Promote
20230807,1773586881012730 ,TR,,,1/1/00 0:00,,0.1228,,0.54,Non-Auction Ads,Promote
20230807,1773548109734910 ,TR,,,1/1/00 0:00,,0.1228,,0.54,Non-Auction Ads,Promote
20230807,1773586389022720 ,TR,,,1/1/00 0:00,,0.1228,,0.54,Non-Auction Ads,Promote
20230807,1773582961774590 ,TR,,,1/1/00 0:00,,0.1228,,0.54,Non-Auction Ads,Promote
20230807,1773586918355970 ,TR,,,1/1/00 0:00,,0.1228,,0.54,Non-Auction Ads,Promote
20230807,1773590419945470 ,TR,,,1/1/00 0:00,,0.1228,,0.54,Non-Auction Ads,Promote
20230807,1773586570725370 ,TR,,,1/1/00 0:00,,0.1228,,0.54,Non-Auction Ads,Promote
20230807,1773570148877310 ,GR,,,1/1/00 0:00,,0.1227,,0.54,Non-Auction Ads,Promote
20230807,1773513816744960 ,TR,,,1/1/00 0:00,,0.1223,,0.54,Non-Auction Ads,Promote
20230807,1773585767462970 ,PH,,,1/1/00 0:00,,0.1218,,0.54,Non-Auction Ads,Promote
20230807,1773586490699770 ,TH,,,1/1/00 0:00,,0.1213,,0.54,Non-Auction Ads,Promote
20230807,1773540333594620 ,PH,,,1/1/00 0:00,,0.1212,,0.54,Non-Auction Ads,Promote
20230807,1773537435749370 ,KH,,,1/1/00 0:00,,0.1211,,0.54,Non-Auction Ads,Promote
20230807,1773556310545400 ,TR,,,1/1/00 0:00,,0.1211,,0.54,Non-Auction Ads,Promote
20230807,1773582151446530 ,TR,,,1/1/00 0:00,,0.1211,,0.54,Non-Auction Ads,Promote
20230807,1773542905535550 ,KH,,,1/1/00 0:00,,0.1211,,0.54,Non-Auction Ads,Promote
20230807,1773560233038860 ,TR,,,1/1/00 0:00,,0.1211,,0.54,Non-Auction Ads,Promote
20230807,1773552507393020 ,SA,,,1/1/00 0:00,,0.121,,0.54,Non-Auction Ads,Promote
20230807,1773519435067390 ,SA,,,1/1/00 0:00,,0.121,,0.54,Non-Auction Ads,Promote
20230807,1773576487869440 ,TR,,,1/1/00 0:00,,0.1207,,0.54,Non-Auction Ads,Promote
20230807,1773576487869440 ,TR,,,1/1/00 0:00,,0.1207,,0.54,Non-Auction Ads,Promote
20230807,1773571623709690 ,PH,,,1/1/00 0:00,,0.1203,,0.54,Non-Auction Ads,Promote
20230807,1773594879509510 ,US,,,1/1/00 0:00,,0.12,,0.54,Non-Auction Ads,Promote
20230807,1773594993725440 ,US,,,1/1/00 0:00,,0.12,,0.54,Non-Auction Ads,Promote
20230807,1773583555903480 ,ID,,,1/1/00 0:00,,0.1199,,0.54,Non-Auction Ads,Promote
20230807,1773588714968060 ,TR,,,1/1/00 0:00,,0.1198,,0.54,Non-Auction Ads,Promote
20230807,1773545959627770 ,PH,,,1/1/00 0:00,,0.1197,,0.54,Non-Auction Ads,Promote
20230807,1773512712303610 ,TR,,,1/1/00 0:00,,0.1194,,0.54,Non-Auction Ads,Promote
20230807,1773594620920830 ,TR,,,1/1/00 0:00,,0.1191,,0.54,Non-Auction Ads,Promote
20230807,1773552150618110 ,PH,,,1/1/00 0:00,,0.1186,,0.54,Non-Auction Ads,Promote
20230807,1773559381768190 ,ID,,,1/1/00 0:00,,0.1173,,0.54,Non-Auction Ads,Promote
20230807,1773539045180410 ,PH,,,1/1/00 0:00,,0.1163,,0.54,Non-Auction Ads,Promote
20230807,1773599357673470 ,TR,,,1/1/00 0:00,,0.116,,0.54,Non-Auction Ads,Promote
20230807,1773592420697080 ,TR,,,1/1/00 0:00,,0.1154,,0.54,Non-Auction Ads,Promote
20230807,1773547852496890 ,TR,,,1/1/00 0:00,,0.1146,,0.54,Non-Auction Ads,Promote
20230807,1773571080459260 ,TR,,,1/1/00 0:00,,0.1146,,0.54,Non-Auction Ads,Promote
20230807,1773588056210430 ,TR,,,1/1/00 0:00,,0.1146,,0.54,Non-Auction Ads,Promote
20230807,1773587997217790 ,TR,,,1/1/00 0:00,,0.1146,,0.54,Non-Auction Ads,Promote
20230807,1773515131814910 ,TR,,,1/1/00 0:00,,0.1146,,0.54,Non-Auction Ads,Promote
20230807,1773512301379580 ,TR,,,1/1/00 0:00,,0.1142,,0.54,Non-Auction Ads,Promote
20230807,1773558790122490 ,TR,,,1/1/00 0:00,,0.1142,,0.54,Non-Auction Ads,Promote
20230807,1773559423924220 ,TR,,,1/1/00 0:00,,0.1142,,0.54,Non-Auction Ads,Promote
20230807,1773583279607800 ,TR,,,1/1/00 0:00,,0.1138,,0.54,Non-Auction Ads,Promote
20230807,1773594571065340 ,TR,,,1/1/00 0:00,,0.1137,,0.54,Non-Auction Ads,Promote
20230807,1773592970186750 ,TR,,,1/1/00 0:00,,0.1135,,0.54,Non-Auction Ads,Promote
20230807,1773587831606270 ,TR,,,1/1/00 0:00,,0.1131,,0.54,Non-Auction Ads,Promote
20230807,1773580952843260 ,TR,,,1/1/00 0:00,,0.1131,,0.54,Non-Auction Ads,Promote
20230807,1773593404286970 ,TR,,,1/1/00 0:00,,0.1127,,0.54,Non-Auction Ads,Promote
20230807,1773558386207740 ,PH,,,1/1/00 0:00,,0.112,,0.54,Non-Auction Ads,Promote
20230807,1773559608663040 ,PH,,,1/1/00 0:00,,0.1109,,0.54,Non-Auction Ads,Promote
20230807,1773568555216890 ,PH,,,1/1/00 0:00,,0.1109,,0.54,Non-Auction Ads,Promote
20230807,1773531264833600 ,PH,,,1/1/00 0:00,,0.1109,,0.54,Non-Auction Ads,Promote
20230807,1773550038041600 ,PH,,,1/1/00 0:00,,0.1109,,0.54,Non-Auction Ads,Promote
20230807,1773614529625080 ,PH,,,1/1/00 0:00,,0.1105,,0.54,Non-Auction Ads,Promote
20230807,1773586404311040 ,TR,,,1/1/00 0:00,,0.1095,,0.54,Non-Auction Ads,Promote
20230807,1773572198096890 ,PH,,,1/1/00 0:00,,0.1095,,0.54,Non-Auction Ads,Promote
20230807,1773563293508610 ,PH,,,1/1/00 0:00,,0.1095,,0.54,Non-Auction Ads,Promote
20230807,1773608591988730 ,PH,,,1/1/00 0:00,,0.1095,,0.54,Non-Auction Ads,Promote
20230807,1773559683067900 ,PH,,,1/1/00 0:00,,0.1091,,0.54,Non-Auction Ads,Promote
20230807,1773596390996990 ,TR,,,1/1/00 0:00,,0.1091,,0.54,Non-Auction Ads,Promote
20230807,1773550440785920 ,PH,,,1/1/00 0:00,,0.1091,,0.54,Non-Auction Ads,Promote
20230807,1773610847232000 ,GR,,,1/1/00 0:00,,0.1089,,0.54,Non-Auction Ads,Promote
20230807,1773523938267130 ,TR,,,1/1/00 0:00,,0.1086,,0.54,Non-Auction Ads,Promote
20230807,1773575561046010 ,TR,,,1/1/00 0:00,,0.1071,,0.54,Non-Auction Ads,Promote
20230807,1773522045137920 ,TR,,,1/1/00 0:00,,0.1066,,0.54,Non-Auction Ads,Promote
20230807,1773583806636090 ,TR,,,1/1/00 0:00,,0.1066,,0.54,Non-Auction Ads,Promote
20230807,1773597394274300 ,TR,,,1/1/00 0:00,,0.1064,,0.54,Non-Auction Ads,Promote
20230807,1773521588666370 ,TR,,,1/1/00 0:00,,0.1057,,0.54,Non-Auction Ads,Promote
20230807,1773540106009600 ,KH,,,1/1/00 0:00,,0.1042,,0.54,Non-Auction Ads,Promote
20230807,1773540134468600 ,KH,,,1/1/00 0:00,,0.1042,,0.54,Non-Auction Ads,Promote
20230807,1773552519635960 ,KH,,,1/1/00 0:00,,0.1042,,0.54,Non-Auction Ads,Promote
20230807,1773556039112700 ,ID,,,1/1/00 0:00,,0.1033,,0.54,Non-Auction Ads,Promote
20230807,1773566740854850 ,TR,,,1/1/00 0:00,,0.1032,,0.54,Non-Auction Ads,Promote
20230807,1773566740854850 ,TR,,,1/1/00 0:00,,0.1032,,0.54,Non-Auction Ads,Promote
20230807,1773582497414200 ,TR,,,1/1/00 0:00,,0.1031,,0.54,Non-Auction Ads,Promote
20230807,1773524073129980 ,TR,,,1/1/00 0:00,,0.103,,0.54,Non-Auction Ads,Promote
20230807,1773550574730240 ,VN,,,1/1/00 0:00,,0.1029,,0.54,Non-Auction Ads,Promote
20230807,1773544866590720 ,TR,,,1/1/00 0:00,,0.1028,,0.54,Non-Auction Ads,Promote
20230807,1773534817941500 ,PH,,,1/1/00 0:00,,0.1019,,0.54,Non-Auction Ads,Promote
20230807,1773572422586370 ,TH,,,1/1/00 0:00,,0.1018,,0.54,Non-Auction Ads,Promote
20230807,1773517352988670 ,TR,,,1/1/00 0:00,,0.1013,,0.54,Non-Auction Ads,Promote
20230807,1773517805389820 ,TR,,,1/1/00 0:00,,0.1012,,0.54,Non-Auction Ads,Promote
20230807,1773577677970430 ,PH,,,1/1/00 0:00,,0.1009,,0.54,Non-Auction Ads,Promote
20230807,1773552235729920 ,PH,,,1/1/00 0:00,,0.1007,,0.54,Non-Auction Ads,Promote
20230807,1773558725414910 ,PH,,,1/1/00 0:00,,0.0995,,0.54,Non-Auction Ads,Promote
20230807,1773615639576570 ,PH,,,1/1/00 0:00,,0.099,,0.54,Non-Auction Ads,Promote
20230807,1773532302846970 ,KH,,,1/1/00 0:00,,0.099,,0.54,Non-Auction Ads,Promote
20230807,1773597467930620 ,TR,,,1/1/00 0:00,,0.0989,,0.54,Non-Auction Ads,Promote
20230807,1773556005381120 ,TR,,,1/1/00 0:00,,0.0971,,0.54,Non-Auction Ads,Promote
20230807,1773593184823290 ,TR,,,1/1/00 0:00,,0.0971,,0.54,Non-Auction Ads,Promote
20230807,1773593258360830 ,TR,,,1/1/00 0:00,,0.0971,,0.54,Non-Auction Ads,Promote
20230807,1773592823214080 ,TR,,,1/1/00 0:00,,0.0971,,0.54,Non-Auction Ads,Promote
20230807,1773531238989820 ,PH,,,1/1/00 0:00,,0.097,,0.54,Non-Auction Ads,Promote
20230807,1773472234128380 ,EG,,,1/1/00 0:00,,0.0969,,0.54,Non-Auction Ads,Promote
20230807,1773559413144570 ,TR,,,1/1/00 0:00,,0.0966,,0.54,Non-Auction Ads,Promote
20230807,1773566934132730 ,TR,,,1/1/00 0:00,,0.096,,0.54,Non-Auction Ads,Promote
20230807,1773566402882560 ,TR,,,1/1/00 0:00,,0.096,,0.54,Non-Auction Ads,Promote
20230807,1773522289849340 ,SA,,,1/1/00 0:00,,0.096,,0.54,Non-Auction Ads,Promote
20230807,1773566496617470 ,ID,,,1/1/00 0:00,,0.0952,,0.54,Non-Auction Ads,Promote
20230807,1773566626205690 ,ID,,,1/1/00 0:00,,0.0952,,0.54,Non-Auction Ads,Promote
20230807,1773488272189440 ,VN,,,1/1/00 0:00,,0.0951,,0.54,Non-Auction Ads,Promote
20230807,1773488225341440 ,VN,,,1/1/00 0:00,,0.0951,,0.54,Non-Auction Ads,Promote
20230807,1773579986751490 ,PH,,,1/1/00 0:00,,0.0947,,0.54,Non-Auction Ads,Promote
20230807,1773510794281980 ,TR,,,1/1/00 0:00,,0.0929,,0.54,Non-Auction Ads,Promote
20230807,1773523758125050 ,TR,,,1/1/00 0:00,,0.0929,,0.54,Non-Auction Ads,Promote
20230807,1773568611000380 ,PH,,,1/1/00 0:00,,0.0928,,0.54,Non-Auction Ads,Promote
20230807,1773590690592760 ,TR,,,1/1/00 0:00,,0.0927,,0.54,Non-Auction Ads,Promote
20230807,1773595959570430 ,TR,,,1/1/00 0:00,,0.0927,,0.54,Non-Auction Ads,Promote
20230807,1773560939731960 ,ID,,,1/1/00 0:00,,0.0925,,0.54,Non-Auction Ads,Promote
20230807,1773546490808320 ,TR,,,1/1/00 0:00,,0.092,,0.54,Non-Auction Ads,Promote
20230807,1773592828418040 ,TR,,,1/1/00 0:00,,0.0911,,0.54,Non-Auction Ads,Promote
20230807,1773597760065530 ,TR,,,1/1/00 0:00,,0.0911,,0.54,Non-Auction Ads,Promote
20230807,1773573746106370 ,TR,,,1/1/00 0:00,,0.0911,,0.54,Non-Auction Ads,Promote
20230807,1773578008002560 ,TR,,,1/1/00 0:00,,0.0911,,0.54,Non-Auction Ads,Promote
20230807,1773509288626170 ,TR,,,1/1/00 0:00,,0.091,,0.54,Non-Auction Ads,Promote
20230807,1773562417975290 ,PH,,,1/1/00 0:00,,0.0907,,0.54,Non-Auction Ads,Promote
20230807,1773525891023870 ,TR,,,1/1/00 0:00,,0.0891,,0.54,Non-Auction Ads,Promote
20230807,1773587203367930 ,TR,,,1/1/00 0:00,,0.089,,0.54,Non-Auction Ads,Promote
20230807,1773587069604860 ,TR,,,1/1/00 0:00,,0.089,,0.54,Non-Auction Ads,Promote
20230807,1773587158591480 ,TR,,,1/1/00 0:00,,0.089,,0.54,Non-Auction Ads,Promote
20230807,1773582911670270 ,TR,,,1/1/00 0:00,,0.089,,0.54,Non-Auction Ads,Promote
20230807,1773587096542200 ,TR,,,1/1/00 0:00,,0.089,,0.54,Non-Auction Ads,Promote
20230807,1773582434846720 ,TR,,,1/1/00 0:00,,0.089,,0.54,Non-Auction Ads,Promote
20230807,1773557544945660 ,TR,,,1/1/00 0:00,,0.0889,,0.54,Non-Auction Ads,Promote
20230807,1773578737098750 ,TR,,,1/1/00 0:00,,0.0889,,0.54,Non-Auction Ads,Promote
20230807,1773577191200760 ,PH,,,1/1/00 0:00,,0.0886,,0.54,Non-Auction Ads,Promote
20230807,1773548584143870 ,PH,,,1/1/00 0:00,,0.0886,,0.54,Non-Auction Ads,Promote
20230807,1773539393955840 ,VN,,,1/1/00 0:00,,0.0883,,0.54,Non-Auction Ads,Promote
20230807,1773556840363010 ,ES,,,1/1/00 0:00,,0.088,,0.54,Non-Auction Ads,Promote
20230807,1773556609118210 ,ES,,,1/1/00 0:00,,0.088,,0.54,Non-Auction Ads,Promote
20230807,1773559798513670 ,ES,,,1/1/00 0:00,,0.088,,0.54,Non-Auction Ads,Promote
20230807,1773590523233280 ,PH,,,1/1/00 0:00,,0.0864,,0.54,Non-Auction Ads,Promote
20230807,1773589624311810 ,PH,,,1/1/00 0:00,,0.0864,,0.54,Non-Auction Ads,Promote
20230807,1773586437013500 ,PH,,,1/1/00 0:00,,0.0864,,0.54,Non-Auction Ads,Promote
20230807,1773589072532480 ,PH,,,1/1/00 0:00,,0.0864,,0.54,Non-Auction Ads,Promote
20230807,1773589168020480 ,TR,,,1/1/00 0:00,,0.0856,,0.54,Non-Auction Ads,Promote
20230807,1773543471531010 ,PH,,,1/1/00 0:00,,0.0855,,0.54,Non-Auction Ads,Promote
20230807,1773547433400320 ,TR,,,1/1/00 0:00,,0.0854,,0.54,Non-Auction Ads,Promote
20230807,1773558761325570 ,TR,,,1/1/00 0:00,,0.0854,,0.54,Non-Auction Ads,Promote
20230807,1773533732070400 ,PH,,,1/1/00 0:00,,0.085,,0.54,Non-Auction Ads,Promote
20230807,1773586174270460 ,TR,,,1/1/00 0:00,,0.0845,,0.54,Non-Auction Ads,Promote
20230807,1773588291607550 ,TR,,,1/1/00 0:00,,0.0845,,0.54,Non-Auction Ads,Promote
20230807,1773510430523390 ,TR,,,1/1/00 0:00,,0.0825,,0.54,Non-Auction Ads,Promote
20230807,1773525731566590 ,VN,,,1/1/00 0:00,,0.0823,,0.54,Non-Auction Ads,Promote
20230807,1773526138867710 ,VN,,,1/1/00 0:00,,0.0823,,0.54,Non-Auction Ads,Promote
20230807,1773572535426040 ,TR,,,1/1/00 0:00,,0.0817,,0.54,Non-Auction Ads,Promote
20230807,1773594704749570 ,BR,,,1/1/00 0:00,,0.081,,0.54,Non-Auction Ads,Promote
20230807,1773580871122950 ,US,,,1/1/00 0:00,,0.08,,0.54,Non-Auction Ads,Promote
20230807,1773586748991480 ,TR,,,1/1/00 0:00,,0.0791,,0.54,Non-Auction Ads,Promote
20230807,1773614870503420 ,PH,,,1/1/00 0:00,,0.0788,,0.54,Non-Auction Ads,Promote
20230807,1773511178806270 ,TR,,,1/1/00 0:00,,0.0779,,0.54,Non-Auction Ads,Promote
20230807,1773561061934080 ,PH,,,1/1/00 0:00,,0.0776,,0.54,Non-Auction Ads,Promote
20230807,1773582191208450 ,TR,,,1/1/00 0:00,,0.0774,,0.54,Non-Auction Ads,Promote
20230807,1773570373647360 ,PH,,,1/1/00 0:00,,0.0757,,0.54,Non-Auction Ads,Promote
20230807,1773569864935420 ,PH,,,1/1/00 0:00,,0.0748,,0.54,Non-Auction Ads,Promote
20230807,1773512440285180 ,TR,,,1/1/00 0:00,,0.0742,,0.54,Non-Auction Ads,Promote
20230807,1773574612465660 ,KH,,,1/1/00 0:00,,0.0691,,0.54,Non-Auction Ads,Promote
20230807,1773570752620540 ,KH,,,1/1/00 0:00,,0.0691,,0.54,Non-Auction Ads,Promote
20230807,1773554268440570 ,TR,,,1/1/00 0:00,,0.0686,,0.54,Non-Auction Ads,Promote
20230807,1773470681359360 ,EG,,,1/1/00 0:00,,0.0684,,0.54,Non-Auction Ads,Promote
20230807,1773512531244030 ,TR,,,1/1/00 0:00,,0.0673,,0.54,Non-Auction Ads,Promote
20230807,1773597664967680 ,TR,,,1/1/00 0:00,,0.0658,,0.54,Non-Auction Ads,Promote
20230807,1773556174569470 ,PH,,,1/1/00 0:00,,0.0656,,0.54,Non-Auction Ads,Promote
20230807,1773553427569660 ,PH,,,1/1/00 0:00,,0.0656,,0.54,Non-Auction Ads,Promote
20230807,1773538214358080 ,TR,,,1/1/00 0:00,,0.0652,,0.54,Non-Auction Ads,Promote
20230807,1773522135864320 ,TR,,,1/1/00 0:00,,0.0651,,0.54,Non-Auction Ads,Promote
20230807,1773543429072890 ,ID,,,1/1/00 0:00,,0.0648,,0.54,Non-Auction Ads,Promote
20230807,1773511597408250 ,TR,,,1/1/00 0:00,,0.064,,0.54,Non-Auction Ads,Promote
20230807,1773512543150080 ,TR,,,1/1/00 0:00,,0.064,,0.54,Non-Auction Ads,Promote
20230807,1773514136444920 ,TR,,,1/1/00 0:00,,0.063,,0.54,Non-Auction Ads,Promote
20230807,1773497768038400 ,VN,,,1/1/00 0:00,,0.0627,,0.54,Non-Auction Ads,Promote
20230807,1773499985379320 ,VN,,,1/1/00 0:00,,0.0627,,0.54,Non-Auction Ads,Promote
20230807,1773520262730750 ,AE,,,1/1/00 0:00,,0.0626,,0.54,Non-Auction Ads,Promote
20230807,1773520233139200 ,AE,,,1/1/00 0:00,,0.0626,,0.54,Non-Auction Ads,Promote
20230807,1773501767906300 ,AE,,,1/1/00 0:00,,0.0626,,0.54,Non-Auction Ads,Promote
20230807,1773582668132350 ,ID,,,1/1/00 0:00,,0.0621,,0.54,Non-Auction Ads,Promote
20230807,1773593884527610 ,TR,,,1/1/00 0:00,,0.0618,,0.54,Non-Auction Ads,Promote
20230807,1773500743987200 ,VN,,,1/1/00 0:00,,0.061,,0.54,Non-Auction Ads,Promote
20230807,1773501113580540 ,VN,,,1/1/00 0:00,,0.061,,0.54,Non-Auction Ads,Promote
20230807,1773503015224320 ,VN,,,1/1/00 0:00,,0.061,,0.54,Non-Auction Ads,Promote
20230807,1773501321838590 ,VN,,,1/1/00 0:00,,0.061,,0.54,Non-Auction Ads,Promote
20230807,1773563388520440 ,ID,,,1/1/00 0:00,,0.0599,,0.54,Non-Auction Ads,Promote
20230807,1773459989793790 ,VN,,,1/1/00 0:00,,0.0597,,0.54,Non-Auction Ads,Promote
20230807,1773531682539520 ,ID,,,1/1/00 0:00,,0.0594,,0.54,Non-Auction Ads,Promote
20230807,1773527625210880 ,ID,,,1/1/00 0:00,,0.0594,,0.54,Non-Auction Ads,Promote
20230807,1773558235028480 ,PH,,,1/1/00 0:00,,0.0583,,0.54,Non-Auction Ads,Promote
20230807,1773535102443520 ,PH,,,1/1/00 0:00,,0.0573,,0.54,Non-Auction Ads,Promote
20230807,1773558512676860 ,TR,,,1/1/00 0:00,,0.0548,,0.54,Non-Auction Ads,Promote
20230807,1773589219727360 ,TR,,,1/1/00 0:00,,0.0548,,0.54,Non-Auction Ads,Promote
20230807,1773575011308540 ,CA,,,1/1/00 0:00,,0.0528,,0.54,Non-Auction Ads,Promote
20230807,1773563149724670 ,TR,,,1/1/00 0:00,,0.0485,,0.54,Non-Auction Ads,Promote
20230807,1773563435585530 ,SA,,,1/1/00 0:00,,0.0478,,0.54,Non-Auction Ads,Promote
20230807,1773519118850050 ,TR,,,1/1/00 0:00,,0.0426,,0.54,Non-Auction Ads,Promote
20230807,1773514759770110 ,TR,,,1/1/00 0:00,,0.0423,,0.54,Non-Auction Ads,Promote
20230807,1773573370641410 ,BR,,,1/1/00 0:00,,0.0412,,0.54,Non-Auction Ads,Promote
20230807,1773448809528320 ,VN,,,1/1/00 0:00,,0.0336,,0.54,Non-Auction Ads,Promote
20230807,1773602690564130 ,FR,,,1/1/00 0:00,,0.0331,,0.54,Non-Auction Ads,Promote
20230807,1773602249482240 ,FR,,,1/1/00 0:00,,0.0331,,0.54,Non-Auction Ads,Promote
20230807,1773586915871750 ,PL,,,1/1/00 0:00,,0.033,,0.54,Non-Auction Ads,Promote
20230807,1773547798797310 ,TH,,,1/1/00 0:00,,0.0328,,0.54,Non-Auction Ads,Promote
20230807,1773546959377410 ,TH,,,1/1/00 0:00,,0.0328,,0.54,Non-Auction Ads,Promote
20230807,1773612174547970 ,TH,,,1/1/00 0:00,,0.0328,,0.54,Non-Auction Ads,Promote
20230807,1773553214631940 ,TH,,,1/1/00 0:00,,0.0328,,0.54,Non-Auction Ads,Promote
20230807,1773612674285590 ,TH,,,1/1/00 0:00,,0.0328,,0.54,Non-Auction Ads,Promote
20230807,1773545758120960 ,TH,,,1/1/00 0:00,,0.0328,,0.54,Non-Auction Ads,Promote
20230807,1773565536610350 ,TH,,,1/1/00 0:00,,0.0328,,0.54,Non-Auction Ads,Promote
20230807,1773547263043590 ,TH,,,1/1/00 0:00,,0.0328,,0.54,Non-Auction Ads,Promote
20230807,1773544483775490 ,TH,,,1/1/00 0:00,,0.0328,,0.54,Non-Auction Ads,Promote
20230807,1773513107735550 ,VN,,,1/1/00 0:00,,0.031,,0.54,Non-Auction Ads,Promote
20230807,1773492824455170 ,SA,,,1/1/00 0:00,,0.0284,,0.54,Non-Auction Ads,Promote
20230807,1773492794514430 ,SA,,,1/1/00 0:00,,0.0284,,0.54,Non-Auction Ads,Promote
20230807,1773579502479360 ,DE,,,1/1/00 0:00,,0.0276,,0.54,Non-Auction Ads,Promote
20230807,1773571136957440 ,TR,,,1/1/00 0:00,,0.0267,,0.54,Non-Auction Ads,Promote
20230807,1773594421407740 ,TR,,,1/1/00 0:00,,0.0242,,0.54,Non-Auction Ads,Promote
20230807,1773555326034940 ,TR,,,1/1/00 0:00,,0.024,,0.54,Non-Auction Ads,Promote
20230807,1773518046287870 ,TR,,,1/1/00 0:00,,0.024,,0.54,Non-Auction Ads,Promote
20230807,1773517841670140 ,TR,,,1/1/00 0:00,,0.024,,0.54,Non-Auction Ads,Promote
20230807,1773520243427330 ,PL,,,1/1/00 0:00,,0.022,,0.54,Non-Auction Ads,Promote
20230807,1773520048430080 ,PL,,,1/1/00 0:00,,0.022,,0.54,Non-Auction Ads,Promote
20230807,1773586162579460 ,BR,,,1/1/00 0:00,,0.0206,,0.54,Non-Auction Ads,Promote
20230807,1773585728387100 ,BR,,,1/1/00 0:00,,0.0206,,0.54,Non-Auction Ads,Promote
20230807,1773571703309310 ,TH,,,1/1/00 0:00,,0.0198,,0.54,Non-Auction Ads,Promote
20230807,1773592958297090 ,BR,,,1/1/00 0:00,,0.0185,,0.54,Non-Auction Ads,Promote
20230807,1773565699762170 ,ID,,,1/1/00 0:00,,0.0173,,0.54,Non-Auction Ads,Promote
20230807,1773569379994620 ,ID,,,1/1/00 0:00,,0.0173,,0.54,Non-Auction Ads,Promote
20230807,1773518294766590 ,TR,,,1/1/00 0:00,,0.0156,,0.54,Non-Auction Ads,Promote
20230807,1773551557350400 ,MY,,,1/1/00 0:00,,0.0154,,0.54,Non-Auction Ads,Promote
20230807,1773550927826940 ,MY,,,1/1/00 0:00,,0.0154,,0.54,Non-Auction Ads,Promote
20230807,1773614399080440 ,MY,,,1/1/00 0:00,,0.0154,,0.54,Non-Auction Ads,Promote
20230807,1773513861126140 ,TR,,,1/1/00 0:00,,0.0152,,0.54,Non-Auction Ads,Promote
20230807,1773524317903870 ,TR,,,1/1/00 0:00,,0.0145,,0.54,Non-Auction Ads,Promote
20230807,1773471377242110 ,SA,,,1/1/00 0:00,,0.0134,,0.54,Non-Auction Ads,Promote
20230807,1773592915950590 ,TH,,,1/1/00 0:00,,0.0133,,0.54,Non-Auction Ads,Promote
20230807,1773593136620550 ,TH,,,1/1/00 0:00,,0.0133,,0.54,Non-Auction Ads,Promote
20230807,1773523836745780 ,PL,,,1/1/00 0:00,,0.011,,0.54,Non-Auction Ads,Promote
20230807,1773534995110910 ,TH,,,1/1/00 0:00,,0.0104,,0.54,Non-Auction Ads,Promote
20230807,1773576603403260 ,ID,,,1/1/00 0:00,,0.0095,,0.54,Non-Auction Ads,Promote
20230807,1773607836688380 ,BR,,,1/1/00 0:00,,0.0082,,0.54,Non-Auction Ads,Promote
20230807,1773559305465850 ,PH,,,1/1/00 0:00,,0.0081,,0.54,Non-Auction Ads,Promote
20230807,1773552942875640 ,PH,,,1/1/00 0:00,,0.0081,,0.54,Non-Auction Ads,Promote
20230807,1773564814763000 ,PH,,,1/1/00 0:00,,0.0081,,0.54,Non-Auction Ads,Promote
20230807,1773555585555450 ,PH,,,1/1/00 0:00,,0.0081,,0.54,Non-Auction Ads,Promote
20230807,1773551867220030 ,PH,,,1/1/00 0:00,,0.0081,,0.54,Non-Auction Ads,Promote
20230807,1773567953388540 ,ID,,,1/1/00 0:00,,0.0047,,0.54,Non-Auction Ads,Promote
20230807,1773611242087420 ,SA,,,1/1/00 0:00,,0.0044,,0.54,Non-Auction Ads,Promote
20230807,1773611346644990 ,SA,,,1/1/00 0:00,,0.0044,,0.54,Non-Auction Ads,Promote
20230807,1773611695389690 ,SA,,,1/1/00 0:00,,0.0044,,0.54,Non-Auction Ads,Promote
20230807,1773607841541120 ,BR,,,1/1/00 0:00,,0.0032,,0.54,Non-Auction Ads,Promote
20230807,1773553213809660 ,TR,,,1/1/00 0:00,,0.0013,,0.54,Non-Auction Ads,Promote
20230807,1773590615228410 ,TR,,,1/1/00 0:00,,0.0013,,0.54,Non-Auction Ads,Promote
20230807,1773552805524480 ,TR,,,1/1/00 0:00,,0.0013,,0.54,Non-Auction Ads,Promote
20230807,1773529857320960 ,ID,,,1/1/00 0:00,,0.0009,,0.54,Non-Auction Ads,Promote
20230807,1773586416111610 ,PH,,,1/1/00 0:00,,0.0004,,0.54,Non-Auction Ads,Promote
20230807,1773615171843070 ,PH,,,1/1/00 0:00,,0.0004,,0.54,Non-Auction Ads,Promote
20230807,1773427850944510 ,SA,,,1/1/00 0:00,,0,,0.54,Non-Auction Ads,Promote
20230807,1773495301917690 ,SA,,,1/1/00 0:00,,0,,0.54,Non-Auction Ads,Promote
20230807,1773604025629700 ,GB,,,1/1/00 0:00,,0,,0.54,Non-Auction Ads,Promote
20230807,1773581927373820 ,ID,,,1/1/00 0:00,,0,,0.54,Non-Auction Ads,Promote
20230807,1773544108925950 ,KH,,,1/1/00 0:00,,0,,0.54,Non-Auction Ads,Promote
20230807,1773610320651260 ,SA,,,1/1/00 0:00,,0,,0.54,Non-Auction Ads,Promote
20230807,1773567562252290 ,FR,,,1/1/00 0:00,,0,,0.54,Non-Auction Ads,Promote
20230807,1773572871645180 ,TH,,,1/1/00 0:00,,0,,0.54,Non-Auction Ads,Promote
20230807,1773559077536770 ,TR,,,1/1/00 0:00,,0,,0.54,Non-Auction Ads,Promote
20230807,1773522982544390 ,BR,,,1/1/00 0:00,,0,,0.54,Non-Auction Ads,Promote
20230807,1773552356354040 ,ID,,,1/1/00 0:00,,0,,0.54,Non-Auction Ads,Promote
20230807,1773567473935360 ,FR,,,1/1/00 0:00,,0,,0.54,Non-Auction Ads,Promote
20230807,1773601625485310 ,IT,,,1/1/00 0:00,,0,,0.54,Non-Auction Ads,Promote
20230807,1773605608323070 ,SA,,,1/1/00 0:00,,0,,0.54,Non-Auction Ads,Promote
20230807,1773567686926340 ,FR,,,1/1/00 0:00,,0,,0.54,Non-Auction Ads,Promote
20230807,1773568669556730 ,SA,,,1/1/00 0:00,,0,,0.54,Non-Auction Ads,Promote
20230807,1773591923403840 ,TH,,,1/1/00 0:00,,0,,0.54,Non-Auction Ads,Promote
20230807,1773528232173570 ,ID,,,1/1/00 0:00,,0,,0.54,Non-Auction Ads,Promote
20230807,1773527128476670 ,US,,,1/1/00 0:00,,0,,0.54,Non-Auction Ads,Promote
20230807,1773598458217470 ,FR,,,1/1/00 0:00,,0,,0.54,Non-Auction Ads,Promote
20230807,1773570998501370 ,MY,,,1/1/00 0:00,,0,,0.54,Non-Auction Ads,Promote
20230807,1773527140890630 ,BR,,,1/1/00 0:00,,0,,0.54,Non-Auction Ads,Promote
20230807,1773572916025340 ,TH,,,1/1/00 0:00,,0,,0.54,Non-Auction Ads,Promote
20230807,1773546682020860 ,MY,,,1/1/00 0:00,,0,,0.54,Non-Auction Ads,Promote
20230807,1773582212025340 ,ID,,,1/1/00 0:00,,0,,0.54,Non-Auction Ads,Promote
20230807,1773533301249020 ,VN,,,1/1/00 0:00,,0,,0.54,Non-Auction Ads,Promote
20230807,1773596777307170 ,HU,,,1/1/00 0:00,,0,,0.54,Non-Auction Ads,Promote
20230807,1773597944708100 ,IT,,,1/1/00 0:00,,0,,0.54,Non-Auction Ads,Promote
20230807,1773597996266490 ,SA,,,1/1/00 0:00,,0,,0.54,Non-Auction Ads,Promote
20230807,1773550652377090 ,ID,,,1/1/00 0:00,,0,,0.54,Non-Auction Ads,Promote
20230807,1773594758018050 ,US,,,1/1/00 0:00,,0,,0.54,Non-Auction Ads,Promote
20230807,1773537201295360 ,SA,,,1/1/00 0:00,,0,,0.54,Non-Auction Ads,Promote
20230807,1773587869102080 ,ID,,,1/1/00 0:00,,0,,0.54,Non-Auction Ads,Promote
20230807,1773534838069250 ,BR,,,1/1/00 0:00,,0,,0.54,Non-Auction Ads,Promote
20230807,1773531026686970 ,TR,,,1/1/00 0:00,,0,,0.54,Non-Auction Ads,Promote
20230807,1773603778211840 ,DE,,,1/1/00 0:00,,0,,0.54,Non-Auction Ads,Promote
20230807,1773531085990910 ,TR,,,1/1/00 0:00,,0,,0.54,Non-Auction Ads,Promote
20230807,1773482185660410 ,VN,,,1/1/00 0:00,,0,,0.54,Non-Auction Ads,Promote
20230807,1773601756737540 ,PL,,,1/1/00 0:00,,0,,0.54,Non-Auction Ads,Promote
20230807,1773554475128830 ,MY,,,1/1/00 0:00,,0,,0.54,Non-Auction Ads,Promote
20230807,1773584888282110 ,GB,,,1/1/00 0:00,,0,,0.54,Non-Auction Ads,Promote
20230807,1773535600266240 ,KH,,,1/1/00 0:00,,0,,0.54,Non-Auction Ads,Promote
20230807,1773597665807360 ,TR,,,1/1/00 0:00,,0,,0.54,Non-Auction Ads,Promote
20230807,1773589942860800 ,ID,,,1/1/00 0:00,,0,,0.54,Non-Auction Ads,Promote
20230807,1773585271913470 ,TR,,,1/1/00 0:00,,0,,0.54,Non-Auction Ads,Promote
20230807,1773531892143110 ,US,,,1/1/00 0:00,,0,,0.54,Non-Auction Ads,Promote
20230807,1773598794482680 ,SA,,,1/1/00 0:00,,0,,0.54,Non-Auction Ads,Promote
20230807,1773551237961730 ,PL,,,1/1/00 0:00,,0,,0.54,Non-Auction Ads,Promote
20230807,1773581235549180 ,ID,,,1/1/00 0:00,,0,,0.54,Non-Auction Ads,Promote
20230807,1773519731178490 ,SA,,,1/1/00 0:00,,0,,0.54,Non-Auction Ads,Promote
20230807,1773581858244600 ,SA,,,1/1/00 0:00,,0,,0.54,Non-Auction Ads,Promote
20230807,1773559652700160 ,BR,,,1/1/00 0:00,,0,,0.54,Non-Auction Ads,Promote
20230807,1773547137435650 ,MY,,,1/1/00 0:00,,0,,0.54,Non-Auction Ads,Promote
20230807,1773610761456640 ,MY,,,1/1/00 0:00,,0,,0.54,Non-Auction Ads,Promote
20230807,1773437549859840 ,SA,,,1/1/00 0:00,,0,,0.54,Non-Auction Ads,Promote
20230807,1773530739297300 ,GR,,,1/1/00 0:00,,0,,0.54,Non-Auction Ads,Promote
20230807,1773533834796030 ,BR,,,1/1/00 0:00,,0,,0.54,Non-Auction Ads,Promote
20230807,1773558278895610 ,TR,,,1/1/00 0:00,,0,,0.54,Non-Auction Ads,Promote
20230807,1773541863099390 ,MY,,,1/1/00 0:00,,0,,0.54,Non-Auction Ads,Promote
20230807,1773530938397690 ,TR,,,1/1/00 0:00,,0,,0.54,Non-Auction Ads,Promote
20230807,1773569262887940 ,BR,,,1/1/00 0:00,,0,,0.54,Non-Auction Ads,Promote
20230807,1773584229751810 ,PL,,,1/1/00 0:00,,0,,0.54,Non-Auction Ads,Promote
20230807,1773603200993280 ,DE,,,1/1/00 0:00,,0,,0.54,Non-Auction Ads,Promote
20230807,1773537103885310 ,AE,,,1/1/00 0:00,,0,,0.54,Non-Auction Ads,Promote
20230807,1773585532002300 ,MY,,,1/1/00 0:00,,0,,0.54,Non-Auction Ads,Promote
20230807,1773538650611710 ,KH,,,1/1/00 0:00,,0,,0.54,Non-Auction Ads,Promote
20230807,1773596777307170 ,HU,,,1/1/00 0:00,,0,,0.54,Non-Auction Ads,Promote
20230807,1773550282934270 ,SA,,,1/1/00 0:00,,0,,0.54,Non-Auction Ads,Promote
20230807,1773601756737540 ,PL,,,1/1/00 0:00,,0,,0.54,Non-Auction Ads,Promote
20230807,1773531295322110 ,TR,,,1/1/00 0:00,,0,,0.54,Non-Auction Ads,Promote
20230807,1773606142154750 ,ID,,,1/1/00 0:00,,0,,0.54,Non-Auction Ads,Promote
20230807,1773524778509310 ,US,,,1/1/00 0:00,,0,,0.54,Non-Auction Ads,Promote
20230807,1773375155045370 ,SA,,,1/1/00 0:00,,0,,0.54,Non-Auction Ads,Promote
20230807,1773520190091260 ,AE,,,1/1/00 0:00,,0,,0.54,Non-Auction Ads,Promote
20230807,1773539792038910 ,PH,,,1/1/00 0:00,,0,,0.54,Non-Auction Ads,Promote
20230807,1773587566704640 ,JP,,,1/1/00 0:00,,0,,0.54,Non-Auction Ads,Promote
20230807,1773534335389690 ,VN,,,1/1/00 0:00,,0,,0.54,Non-Auction Ads,Promote
20230807,1773509660030970 ,TR,,,1/1/00 0:00,,0,,0.54,Non-Auction Ads,Promote
20230807,1773541043563520 ,US,,,1/1/00 0:00,,0,,0.54,Non-Auction Ads,Promote
20230807,1773555409261570 ,TH,,,1/1/00 0:00,,0,,0.54,Non-Auction Ads,Promote
20230807,1773531220524030 ,TR,,,1/1/00 0:00,,0,,0.54,Non-Auction Ads,Promote
20230807,1773527301919740 ,VN,,,1/1/00 0:00,,0,,0.54,Non-Auction Ads,Promote
20230807,1773587003247670 ,FR,,,1/1/00 0:00,,0,,0.54,Non-Auction Ads,Promote
20230807,1773577646683130 ,ID,,,1/1/00 0:00,,0,,0.54,Non-Auction Ads,Promote
20230807,1773530511220730 ,TR,,,1/1/00 0:00,,0,,0.54,Non-Auction Ads,Promote
20230807,1773550182789120 ,US,,,1/1/00 0:00,,0,,0.54,Non-Auction Ads,Promote
20230807,1773611391177730 ,TH,,,1/1/00 0:00,,0,,0.54,Non-Auction Ads,Promote
20230807,1773574780061690 ,MY,,,1/1/00 0:00,,0,,0.54,Non-Auction Ads,Promote
20230807,1773583834713090 ,BR,,,1/1/00 0:00,,0,,0.54,Non-Auction Ads,Promote
20230807,1773578272732160 ,ID,,,1/1/00 0:00,,0,,0.54,Non-Auction Ads,Promote
20230807,1773530413565950 ,BR,,,1/1/00 0:00,,0,,0.54,Non-Auction Ads,Promote
20230807,1773586574222330 ,SA,,,1/1/00 0:00,,0,,0.54,Non-Auction Ads,Promote
20230807,1773546529569790 ,TH,,,1/1/00 0:00,,0,,0.54,Non-Auction Ads,Promote
20230807,1773537177621540 ,US,,,1/1/00 0:00,,0,,0.54,Non-Auction Ads,Promote
20230807,1773496367594490 ,VN,,,1/1/00 0:00,,0,,0.54,Non-Auction Ads,Promote
20230807,1773531343763450 ,TR,,,1/1/00 0:00,,0,,0.54,Non-Auction Ads,Promote
20230807,1773602426375170 ,PL,,,1/1/00 0:00,,0,,0.54,Non-Auction Ads,Promote
20230807,1773600909818930 ,BR,,,1/1/00 0:00,,0,,0.54,Non-Auction Ads,Promote
20230807,1773531141978110 ,TR,,,1/1/00 0:00,,0,,0.54,Non-Auction Ads,Promote
20230807,1773601718074370 ,BR,,,1/1/00 0:00,,0,,0.54,Non-Auction Ads,Promote
20230807,1773516068755450 ,TR,,,1/1/00 0:00,,0,,0.54,Non-Auction Ads,Promote
20230807,1773542109228030 ,PH,,,1/1/00 0:00,,0,,0.54,Non-Auction Ads,Promote
20230807,1773587683610620 ,ID,,,1/1/00 0:00,,0,,0.54,Non-Auction Ads,Promote
20230807,1773605740648510 ,MY,,,1/1/00 0:00,,0,,0.54,Non-Auction Ads,Promote
20230807,1773561983238140 ,MY,,,1/1/00 0:00,,0,,0.54,Non-Auction Ads,Promote
20230807,1773588841697280 ,DE,,,1/1/00 0:00,,0,,0.54,Non-Auction Ads,Promote
20230807,1773578588678140 ,TR,,,1/1/00 0:00,,0,,0.54,Non-Auction Ads,Promote
20230807,1773383887439870 ,SA,,,1/1/00 0:00,,0,,0.54,Non-Auction Ads,Promote
20230807,1773516246738940 ,TR,,,1/1/00 0:00,,0,,0.54,Non-Auction Ads,Promote
20230807,1773582078302210 ,GB,,,1/1/00 0:00,,0,,0.54,Non-Auction Ads,Promote
20230807,1773613818388480 ,IT,,,1/1/00 0:00,,0,,0.54,Non-Auction Ads,Promote
20230807,1773545618934780 ,TH,,,1/1/00 0:00,,0,,0.54,Non-Auction Ads,Promote
20230807,1773601634574340 ,DE,,,1/1/00 0:00,,0,,0.54,Non-Auction Ads,Promote
20230807,1773599386097660 ,ID,,,1/1/00 0:00,,0,,0.54,Non-Auction Ads,Promote
20230807,1773572873686010 ,ID,,,1/1/00 0:00,,0,,0.54,Non-Auction Ads,Promote
20230807,1773517805189120 ,TR,,,1/1/00 0:00,,0,,0.54,Non-Auction Ads,Promote
20230807,1773472206047230 ,VN,,,1/1/00 0:00,,0,,0.54,Non-Auction Ads,Promote
20230807,1773607712030720 ,BR,,,1/1/00 0:00,,0,,0.54,Non-Auction Ads,Promote
20230807,1773589699308540 ,BE,,,1/1/00 0:00,,0,,0.54,Non-Auction Ads,Promote
20230807,1773530511220730 ,TR,,,1/1/00 0:00,,0,,0.54,Non-Auction Ads,Promote
20230807,1773608138524670 ,BR,,,1/1/00 0:00,,0,,0.54,Non-Auction Ads,Promote